3 112 2 -9 0.85 41
3 107 2 -9 0.55 42
3 115 2 5 0.55 42
3 114 2 6 0.6 43
3 116 2 5 0.6 43
3 110 2 -9 0.5 44
3 110 1 -9 0.6 44
3 114 1 7 0.6 44
3 104 2 4 0.7 44
3 114 1 6 0.6 45
3 110 1 -9 0.65 45
3 106 2 6 0.7 45
3 115 1 4 0.75 45
3 110 2 -9 0.75 45
3 115 1 5 0.65 46
3 112 2 -9 0.7 46
3 115 2 6 0.7 46
3 112 1 -9 0.85 46
3 114 2 8 0.65 47
3 114 1 5 0.8 47
3 106 2 -9 0.85 47
3 107 1 -9 0.8 48
3 115 1 6 0.8 48
3 114 1 6 0.85 48
3 110 2 -9 0.9 48
3 112 2 -9 0.9 48
3 107 2 -9 0.95 48
3 116 2 -9 0.8 49
3 110 2 -9 0.85 49
3 106 1 6 0.9 49
3 114 2 8 0.9 49
3 111 2 -9 0.95 49
3 112 2 -9 0.95 49
3 115 2 8 0.95 49
3 115 1 -9 0.8 50
3 114 2 7 0.85 50
3 115 2 -9 0.85 50
3 114 1 6 0.95 50
3 107 2 5 1 50
3 111 2 -9 1 50
3 110 1 -9 1.05 50
3 112 2 -9 1.05 50
3 104 1 6 1.15 50
3 106 2 -9 0.95 51
3 110 2 -9 0.95 51
3 112 2 9 1 51
3 104 2 8 1.05 51
3 107 2 -9 1.05 51
3 114 2 7 1.1 51
3 115 2 8 1.1 51
3 104 2 8 1.15 51
3 104 2 8 1.15 51
3 111 2 -9 1.15 51
3 114 2 6 1 52
3 107 1 -9 1.05 52
3 116 1 -9 1.05 52
3 106 2 -9 1.05 52
3 110 1 -9 1.1 52
3 112 1 -9 1.1 52
3 114 1 6 1.1 52
3 115 2 7 1 53
3 107 2 5 1.05 53
3 114 2 8 1.1 53
3 107 1 -9 1.25 53
3 115 2 -9 1.05 54
3 112 1 -9 1.1 54
3 115 2 -9 1.15 58
3 116 1 -9 1.25 58
3 107 1 -9 1.4 58
3 112 1 7 1.4 58
3 107 2 9 1.45 58
3 112 2 7 1.45 58
3 111 1 -9 1.6 58
3 114 1 9 1.65 58
3 112 1 -9 1.4 59
3 112 2 14 1.45 59
3 116 2 9 1.45 59
3 106 1 -9 1.6 59
3 107 1 -9 1.6 59
3 111 1 -9 1.6 59
3 111 2 15 1.5 60
3 106 1 -9 1.7 60
3 107 1 -9 1.75 60
3 112 1 -9 1.85 60
3 106 1 -9 1.6 61
3 107 1 -9 1.7 61
3 110 1 -9 1.85 61
3 104 1 8 1.65 62
3 112 1 -9 1.75 62
3 106 1 -9 1.8 63
3 115 1 7 1.85 63
3 111 1 -9 1.75 65
3 108 1 -9 0.55 43
3 108 2 -9 0.55 44
3 113 2 6 0.7 44
3 113 2 5 0.65 45
3 108 2 -9 0.7 45
3 113 1 -9 1.05 45
3 108 1 -9 0.73 46
3 108 2 -9 0.75 46
3 113 2 6 0.9 48
3 108 2 7 1.1 49
3 108 2 8 0.85 50
3 113 2 -9 1.05 50
3 108 2 -9 0.8 51
3 108 1 -9 1.05 51
3 113 2 6 1.1 51
3 113 1 8 1.2 51
3 113 2 7 0.95 52
3 113 1 -9 1.1 52
3 105 1 -9 1.15 52
3 108 2 -9 1.15 52
3 108 1 -9 1.05 53
3 108 1 -9 1.1 53
3 113 2 6 1.1 53
3 108 2 -9 1.15 53
3 108 2 -9 1.15 53
3 108 1 -9 1.15 54
3 108 1 -9 1.2 54
3 113 1 -9 1.2 54
3 108 2 -9 1.3 54
3 113 2 7 1.35 54
3 105 1 8 1.5 54
3 105 1 -9 1.2 55
3 108 1 -9 1.2 55
3 113 1 -9 1.2 55
3 113 2 19 1.2 55
3 108 2 -9 1.25 55
3 108 2 -9 1.3 55
3 105 1 8 1.35 56
3 108 1 8 1.4 56
3 113 1 -9 1.5 56
3 105 1 -9 1.35 57
3 108 2 -9 1.45 57
3 113 2 16 1.5 57
3 113 1 9 1.55 57
3 113 1 -9 1.35 58
3 108 1 -9 1.6 58
3 108 1 -9 1.8 58
3 113 1 8 1.4 59
3 108 1 -9 1.55 59
3 105 2 -9 1.3 60
3 108 1 -9 1.55 60
3 108 2 -9 1.55 60
3 113 1 11 1.65 61
3 108 1 8 2.1 61
3 108 1 -9 1.55 63
2 109 2 4 0.4 38
2 109 2 -9 0.4 39
2 109 2 -9 0.45 40
2 109 2 4 0.5 41
2 109 1 4 0.55 42
2 109 2 -9 0.55 42
2 109 1 5 0.45 43
2 109 1 -9 0.7 47
2 109 1 6 0.85 49
2 109 1 -9 0.85 51
3 108 2 -9 0.8 47
3 115 1 7 1.1 54
3 112 2 12 1.15 54
3 104 1 7 1.2 54
3 114 1 8 1.2 54
3 114 2 -9 1.2 54
3 107 2 -9 1.25 54
3 107 1 -9 1.1 55
3 115 1 8 1.15 55
3 116 1 8 1.15 55
3 114 2 8 1.15 55
3 107 2 -9 1.25 55
3 111 1 -9 1.3 55
3 104 1 8 1.5 55
3 112 1 8 1.65 55
3 115 1 7 1 56
3 114 1 5 1.15 56
3 107 2 -9 1.2 56
3 106 1 8 1.3 56
3 111 2 -9 1.3 56
3 104 1 8 1.35 56
3 107 1 -9 1.35 56
3 112 1 7 1.35 56
3 116 2 8 1.35 56
3 116 1 -9 1.4 56
3 104 2 6 1.4 56
3 112 2 9 1.4 56
3 115 2 -9 1.45 56
3 114 2 8 1.25 57
3 115 2 5 1.25 57
3 111 1 -9 1.3 57
3 114 1 8 1.35 57
3 116 1 9 1.35 57
3 116 2 7 1.35 57
3 115 1 8 1.5 57
3 107 2 -9 1.5 57
3 107 1 -9 1.6 57
3 112 1 -9 1.6 57
3 115 1 8 1.1 58
1 15 2 9 1.5 55
1 15 1 10 1.85 56
1 15 1 7 1.4 57
1 15 1 8 1.5 57
1 15 1 7 1.5 58
1 12 2 3 0.35 35
1 11 2 5 0.4 38
1 10 2 4 0.45 39
1 11 1 5 0.5 41
1 11 2 4 0.5 41
1 13 2 5 0.5 41
1 13 2 7 0.5 41
1 13 1 6 0.55 41
1 9 2 6 0.5 42
1 11 2 6 0.55 42
1 10 1 4 0.6 42
1 13 1 6 0.6 42
1 13 2 7 0.65 42
1 12 2 5 0.55 43
1 8 1 4 0.6 43
1 10 2 6 0.6 43
1 12 2 6 0.6 43
1 13 2 5 0.6 43
1 10 2 6 0.65 43
1 11 1 6 0.7 43
1 11 1 6 0.7 43
1 12 1 5 0.55 44
1 10 2 5 0.55 44
1 11 1 6 0.6 44
1 13 1 6 0.6 44
1 9 2 4 0.7 44
1 12 1 7 0.55 45
1 12 1 5 0.65 45
1 9 2 5 0.65 45
1 11 2 7 0.65 45
1 8 2 7 0.7 45
1 12 2 6 0.7 45
1 15 1 14 1.5 58
1 9 2 6 0.75 45
1 10 1 5 0.8 45
1 8 1 7 0.6 46
1 7 2 7 0.6 46
1 8 1 6 0.7 46
1 9 2 6 0.7 46
1 11 2 5 0.7 46
1 13 2 6 0.7 46
1 10 1 5 0.75 46
1 9 2 6 0.75 46
1 10 1 6 0.8 46
1 9 2 5 0.8 46
1 10 2 6 0.65 47
1 9 1 5 0.7 47
1 11 1 6 0.7 47
1 7 2 6 0.7 47
1 8 2 6 0.7 47
1 11 2 6 0.7 47
1 12 2 8 0.7 47
1 9 1 8 0.75 47
1 8 2 7 0.75 47
1 13 2 6 0.75 47
1 10 1 7 0.8 47
1 11 1 7 0.8 47
1 8 2 9 0.8 47
1 11 2 7 0.8 47
1 12 1 7 0.85 47
1 11 2 8 0.85 47
1 9 2 6 0.9 47
1 8 2 7 0.7 48
1 9 1 7 0.8 48
1 9 1 6 0.8 48
1 7 2 5 0.8 48
1 8 2 7 0.8 48
1 8 2 7 0.8 48
1 10 1 7 0.9 48
1 10 2 8 0.95 48
1 7 1 7 0.75 49
1 7 1 7 0.75 49
1 13 1 8 0.75 49
1 14 1 7 0.75 48
1 14 2 6 0.75 48
1 14 2 8 0.95 49
1 14 2 9 1 49
1 14 1 8 0.8 50
1 14 2 7 0.85 50
1 14 1 9 1 50
1 14 2 7 1 50
1 14 1 7 0.8 51
1 14 2 15 0.95 51
1 14 1 8 1.05 51
1 14 2 7 1.05 52
1 14 1 8 1.4 54
1 14 1 7 1.35 55
1 14 2 14 1.4 56
1 14 1 7 0.75 48
2 282 1 -9 0.55 41
2 282 2 -9 0.55 41
1 6 1 6 0.35 39
1 6 2 5 0.45 40
1 6 2 5 0.65 43
1 6 2 7 0.6 44
1 15 1 7 0.55 45
1 6 2 6 0.6 45
1 15 2 5 0.6 45
1 6 1 4 0.65 45
1 15 2 6 0.6 46
1 6 2 5 0.7 46
1 15 2 8 0.8 48
1 6 1 6 1.15 48
1 6 2 8 0.9 49
1 6 1 6 0.8 50
1 15 2 7 0.8 50
1 15 1 7 0.9 50
1 6 1 7 0.95 50
1 6 1 8 0.9 51
1 6 2 7 0.95 51
1 15 1 6 1.05 51
2 282 2 -9 0.6 44
2 282 1 -9 0.65 45
2 282 1 -9 0.65 45
2 282 2 -9 0.75 46
2 282 2 -9 0.8 46
2 282 1 -9 0.8 49
2 282 2 -9 0.8 50
2 282 1 -9 0.85 50
2 281 2 -9 0.45 40
2 281 2 -9 0.6 41
1 7 2 5 0.75 49
1 12 1 7 0.8 49
1 7 2 6 0.8 49
1 7 2 8 0.8 49
1 12 2 -9 0.8 49
1 12 2 6 0.8 49
1 7 1 7 0.85 49
1 8 1 6 0.9 49
1 10 1 7 0.95 49
1 8 2 10 1 49
1 8 2 6 0.85 50
1 12 2 7 0.85 50
1 8 1 8 0.9 50
1 9 1 7 0.95 50
1 11 1 7 1 50
1 10 2 8 1 50
1 10 2 8 1 50
1 13 2 6 1 50
1 8 1 7 1.1 50
1 9 1 8 1.1 50
1 7 1 7 0.9 51
1 11 1 8 0.9 51
1 7 2 6 0.9 51
1 13 2 7 0.9 51
1 9 1 7 0.95 51
1 8 2 9 0.95 51
1 9 1 8 1 51
1 9 1 6 1 51
1 9 2 8 1 51
1 12 1 6 1.05 51
1 7 1 9 0.85 52
1 8 1 6 0.9 52
1 11 2 6 0.95 52
1 12 1 6 1 52
1 9 2 6 1 52
1 13 1 6 1.05 52
1 11 1 8 1.1 52
1 12 1 7 1.1 52
1 12 2 8 1.2 52
1 13 1 6 1.25 52
1 10 2 6 1 53
1 7 1 6 1.05 53
1 7 2 6 1.15 53
1 10 1 7 1.2 53
1 10 1 7 1.2 53
1 13 1 8 1.2 53
1 7 2 9 1.3 53
1 7 1 8 1.05 54
1 12 2 8 1.1 54
1 12 1 9 1.15 54
1 10 1 7 1.2 54
1 13 2 7 1.2 54
1 11 1 7 1.25 54
1 7 1 6 1.3 54
1 13 1 8 1.4 54
1 11 2 -9 0.7 55
1 7 2 8 1.1 55
1 7 1 7 1.15 55
1 9 1 8 1.35 55
1 13 1 8 1.45 55
1 13 2 8 1.3 56
1 12 1 -9 1.5 56
1 7 1 11 1.5 57
1 8 1 8 1.55 58
1 8 1 8 1.7 58
1 8 1 12 1.5 62
1 10 2 15 2 63
1 13 1 19 1.35 65
1 14 1 7 0.5 42
1 14 2 8 0.6 45
1 14 2 6 0.8 46
1 14 1 6 0.7 48
1 6 2 7 1.1 51
1 15 2 8 1.1 51
1 6 1 6 1.05 52
1 6 1 8 1.1 52
1 6 1 6 1.1 52
1 15 2 7 1.1 52
1 15 2 8 1.2 52
1 15 2 16 0.9 53
1 15 1 8 1.1 53
1 6 2 9 1.3 53
1 15 1 8 1.2 54
1 6 1 8 1.3 54
1 15 2 11 1.25 55
1 6 2 8 1.35 55
3 288 1 -9 0.5 42
3 288 2 -9 0.55 42
3 288 2 -9 0.85 48
3 288 2 -9 0.8 49
3 288 1 -9 1 51
3 288 2 -9 1.15 54
3 288 1 -9 1.15 55
3 288 1 -9 1.2 57
3 288 1 -9 1.35 58
3 288 2 -9 1.65 61
3 289 1 -9 0.4 38
3 289 2 -9 0.4 39
3 289 2 -9 0.45 39
3 289 1 -9 0.4 40
3 289 1 -9 0.55 43
3 289 2 -9 0.55 44
3 289 2 -9 0.65 45
3 289 2 -9 0.85 49
3 289 1 -9 1 53
3 289 1 -9 1.45 55
2 278 2 -9 0.65 46
2 278 2 -9 0.7 46
2 278 1 -9 0.95 48
2 278 2 -9 0.8 49
2 278 1 -9 0.85 49
2 278 1 -9 1.05 49
2 278 1 -9 0.8 50
2 278 1 -9 0.85 50
2 278 2 -9 0.85 50
2 278 2 -9 1.05 51
1 4 2 -9 0.45 39
1 2 1 -9 0.44 41
1 4 2 -9 0.44 41
1 4 1 -9 0.45 41
1 4 2 -9 0.48 42
1 4 1 -9 0.49 42
1 4 1 -9 0.49 42
1 4 1 -9 0.49 42
1 3 2 -9 0.55 42
1 2 2 -9 0.44 43
1 4 2 -9 0.57 43
1 2 2 -9 0.59 43
1 4 2 -9 0.59 43
1 2 2 -9 0.63 43
1 4 2 -9 0.54 44
1 3 1 -9 0.57 44
1 4 1 -9 0.59 44
1 1 2 -9 0.59 44
1 3 1 -9 0.53 45
1 1 2 -9 0.6 45
1 3 2 -9 0.62 45
1 1 1 -9 0.63 45
1 4 2 -9 0.64 45
1 2 2 -9 0.65 45
1 1 1 -9 0.73 45
1 2 1 -9 0.73 45
1 3 2 -9 0.73 45
1 4 2 -9 0.59 46
1 2 1 -9 0.66 46
1 1 2 -9 0.67 46
1 4 1 -9 0.68 46
1 1 2 -9 0.71 46
1 3 2 -9 0.68 47
1 2 1 -9 0.71 47
1 4 2 -9 0.79 47
1 3 2 -9 0.82 47
1 3 2 -9 0.85 47
1 1 2 -9 0.88 47
1 1 2 -9 0.64 48
1 2 2 -9 0.72 48
1 1 1 -9 0.73 48
1 4 1 -9 0.74 48
1 4 1 -9 0.79 48
1 1 2 -9 0.82 48
1 3 1 -9 0.87 48
1 3 2 -9 0.74 49
1 3 1 -9 0.84 49
1 2 1 -9 0.88 49
1 1 2 -9 0.83 50
1 4 2 -9 0.86 50
1 2 1 -9 0.87 50
1 1 1 -9 0.91 50
1 1 2 -9 0.91 50
1 4 2 -9 0.96 50
1 3 1 -9 1.02 50
1 3 2 -9 0.92 51
1 1 1 -9 0.93 51
1 2 2 -9 0.93 51
1 3 2 -9 0.98 51
1 1 1 -9 1.03 51
1 3 2 -9 1.08 51
1 1 1 -9 0.94 52
1 1 1 -9 0.95 52
1 4 1 -9 1 52
1 2 2 -9 1.03 52
1 2 2 -9 1.09 52
1 2 1 -9 1.1 52
1 1 2 -9 1.05 53
1 3 1 -9 1.08 53
1 1 2 -9 1.13 53
1 2 1 -9 1.25 53
1 2 1 -9 0.76 54
1 1 2 -9 1.01 54
1 2 2 -9 1.13 54
1 3 1 -9 1.17 55
1 2 1 -9 1.33 56
1 2 1 -9 1.3 58
1 3 2 -9 2.08 60
1 3 1 -9 1.8 61
1 5 2 -9 0.12 25
1 5 1 -9 0.36 39
1 5 2 -9 0.4 40
1 5 1 -9 0.46 41
1 5 2 -9 0.49 41
1 5 2 -9 0.48 42
1 5 1 -9 0.49 42
1 5 1 -9 0.51 42
1 5 1 -9 0.54 43
1 5 1 -9 0.64 45
1 5 2 -9 0.57 46
1 5 1 -9 0.61 46
1 5 1 -9 0.89 48
1 5 2 -9 0.73 49
1 5 2 -9 0.76 49
1 5 1 -9 0.81 49
1 5 2 -9 0.78 51
1 5 1 -9 0.83 51
1 5 1 -9 0.88 52
1 5 1 -9 1.06 53
2 299 2 -9 0.45 39
2 299 2 -9 0.45 41
2 299 1 -9 0.5 41
2 299 1 -9 0.5 41
2 299 1 -9 0.55 41
2 299 1 -9 0.5 42
2 299 2 -9 0.5 42
2 299 2 -9 0.5 42
2 299 2 -9 0.55 42
2 299 2 -9 0.5 43
2 299 2 -9 0.5 43
2 299 2 -9 0.5 43
2 299 2 -9 0.55 43
2 299 1 -9 0.65 43
2 299 1 -9 0.65 44
2 299 2 -9 0.6 45
2 299 1 -9 0.65 45
2 299 1 -9 0.8 46
2 299 1 -9 0.8 48
2 299 1 -9 0.8 49
2 300 2 -9 0.4 39
2 300 2 -9 0.5 40
2 300 2 -9 0.5 40
2 300 2 -9 0.5 40
2 300 1 -9 0.5 41
2 300 1 -9 0.55 42
2 300 2 -9 0.6 42
2 300 2 -9 0.6 42
2 300 2 -9 0.55 43
2 300 1 -9 0.6 43
2 300 2 -9 0.6 43
2 300 1 -9 0.6 44
2 300 1 -9 0.65 44
2 300 2 -9 0.7 44
2 300 1 -9 0.7 45
2 300 2 -9 0.75 47
2 300 1 -9 0.85 48
2 300 1 -9 0.95 49
2 300 1 -9 0.9 50
2 300 1 -9 1.05 52
2 298 2 -9 0.3 35
2 298 2 -9 0.35 36
2 298 1 -9 0.4 37
2 298 2 -9 0.35 38
2 298 1 -9 0.4 39
2 298 1 -9 0.45 39
2 298 2 -9 0.45 39
2 298 2 -9 0.5 39
2 298 1 -9 0.45 40
2 298 1 -9 0.45 40
2 298 1 -9 0.45 40
2 298 2 -9 0.45 40
2 298 2 -9 0.45 40
2 298 2 -9 0.45 40
2 298 1 -9 0.55 41
2 298 1 -9 0.55 44
2 298 2 -9 0.6 44
2 298 1 -9 0.6 45
2 298 2 -9 0.65 46
2 298 1 -9 0.55 47
2 296 2 -9 0.35 35
2 296 2 -9 0.35 36
2 296 2 -9 0.4 38
2 296 1 -9 0.45 38
2 296 2 -9 0.45 38
2 296 2 -9 0.45 38
2 296 2 -9 0.45 38
2 296 2 -9 0.5 39
2 296 1 -9 0.5 40
2 296 2 -9 0.5 40
2 296 1 -9 0.55 42
2 296 1 -9 0.55 43
2 296 1 -9 0.65 44
2 296 1 -9 0.6 45
2 296 2 -9 0.75 48
2 296 1 -9 0.8 49
2 296 1 -9 0.95 50
2 296 1 -9 1.15 51
2 296 1 -9 1.05 52
2 296 2 -9 1.15 53
2 297 1 -9 0.15 29
2 297 1 -9 0.2 30
2 297 1 -9 0.35 34
2 297 1 -9 0.4 36
1 3 2 -9 0.42 39
2 283 1 -9 1.1 51
2 283 1 -9 1 52
2 285 2 -9 0.45 41
2 285 1 -9 0.5 42
2 285 1 -9 0.55 42
2 285 2 -9 0.55 42
2 285 2 -9 0.55 43
2 285 1 -9 0.5 44
2 285 1 -9 0.7 47
2 285 2 -9 0.75 48
2 285 2 -9 0.85 51
2 297 1 -9 0.4 39
2 297 2 -9 0.4 39
2 297 2 -9 0.4 40
2 297 2 -9 0.5 40
2 297 2 -9 0.5 40
2 297 2 -9 0.55 40
2 297 2 -9 0.55 41
2 297 2 -9 0.55 41
2 297 1 -9 0.45 42
2 297 1 -9 0.55 43
2 297 1 -9 0.7 46
2 297 2 -9 0.75 46
2 297 1 -9 0.4 47
2 297 2 -9 0.7 47
2 297 1 -9 0.75 48
2 297 2 -9 0.8 48
2 281 2 -9 0.55 42
2 281 2 -9 0.55 42
2 281 2 -9 0.6 43
2 281 1 -9 0.85 44
2 281 1 -9 0.65 46
2 281 1 -9 0.85 46
2 281 1 -9 0.85 49
2 281 1 -9 0.95 49
2 281 1 -9 0.8 50
2 281 1 -9 0.8 50
2 281 2 -9 0.85 50
2 281 2 -9 0.9 50
2 281 2 -9 0.95 51
2 281 2 -9 1.1 52
2 281 2 -9 1 53
2 281 1 -9 1.2 53
2 281 1 -9 1.2 55
2 281 1 -9 1.25 58
2 283 2 -9 0.55 41
2 283 2 -9 0.9 42
2 283 2 -9 0.55 43
2 283 2 -9 0.6 44
2 283 1 -9 0.7 45
2 283 1 -9 0.7 45
2 283 1 -9 0.85 47
2 283 2 -9 0.7 48
2 292 2 -9 1.05 52
2 292 1 -9 1.1 52
2 285 1 -9 1.1 56
2 280 2 -9 0.45 39
2 280 2 -9 0.45 41
2 292 2 -9 1.1 52
2 292 1 -9 1.15 52
2 292 1 -9 1.2 52
2 290 1 -9 0.5 40
2 290 1 -9 0.5 40
2 290 2 -9 0.5 40
2 290 2 -9 0.55 40
2 290 1 -9 0.65 43
2 290 2 -9 0.7 44
2 280 1 -9 0.5 42
2 280 2 -9 0.55 42
2 280 2 -9 0.7 45
2 280 2 -9 0.6 46
2 280 1 -9 0.85 46
2 280 1 -9 0.65 47
2 280 1 -9 0.7 47
2 280 1 -9 0.9 51
2 279 2 -9 0.45 39
2 279 1 -9 0.55 41
2 279 1 -9 0.55 41
2 279 1 -9 0.65 41
2 279 2 -9 0.6 43
2 279 2 -9 0.6 44
2 279 1 -9 0.7 47
2 279 1 -9 0.75 48
2 279 2 -9 1 53
2 279 2 -9 1.05 53
2 284 1 -9 0.6 43
2 284 1 -9 0.6 43
2 284 1 -9 0.55 44
2 284 2 -9 0.6 45
2 284 1 -9 0.65 45
2 284 2 -9 0.7 47
2 284 1 -9 0.8 48
2 284 2 -9 0.85 51
2 284 2 -9 0.95 51
2 284 2 -9 1 58
2 287 2 -9 0.4 39
2 287 2 -9 0.4 40
2 287 1 -9 0.45 41
2 287 1 -9 0.5 42
2 287 2 -9 0.55 43
2 287 1 -9 0.65 43
2 287 1 -9 0.55 44
2 287 2 -9 0.7 48
2 287 2 -9 0.7 48
2 287 1 -9 1.1 53
2 286 2 -9 0.55 41
2 286 1 -9 0.6 44
2 286 1 -9 0.65 46
2 286 2 -9 0.6 47
2 286 1 -9 0.55 48
2 286 1 -9 0.75 48
2 286 2 -9 0.65 50
2 286 1 -9 1 51
2 286 2 -9 1.05 53
2 291 2 -9 0.45 37
2 291 1 -9 0.45 39
2 291 1 -9 0.55 39
2 291 1 -9 0.5 40
2 291 1 -9 0.55 40
2 291 2 -9 0.6 40
2 291 2 -9 0.65 45
2 291 1 -9 0.7 46
2 291 2 -9 0.95 49
2 292 2 -9 0.5 39
2 292 1 -9 0.55 39
2 292 2 -9 0.7 47
2 292 2 -9 0.8 47
2 295 2 -9 0.4 37
2 295 2 -9 0.45 37
2 295 2 -9 0.5 37
2 295 1 -9 0.45 38
2 295 1 -9 0.5 38
2 295 1 -9 0.5 39
2 295 1 -9 0.55 39
2 295 1 -9 1.25 55
2 295 2 -9 1.4 55
2 294 1 -9 0.15 27
2 294 1 -9 0.15 28
2 294 1 -9 0.2 28
2 294 1 -9 0.2 29
2 294 2 -9 0.2 30
2 294 1 -9 0.2 31
2 294 2 -9 0.35 35
2 294 2 -9 0.35 37
2 294 2 -9 0.4 38
2 294 2 -9 0.4 38
2 290 2 -9 0.8 45
2 290 1 -9 1.05 51
2 290 2 -9 1.15 53
2 290 1 -9 1.5 58
2 293 1 -9 0.2 29
2 293 1 -9 0.2 31
2 293 1 -9 0.25 32
2 293 2 -9 0.3 34
2 293 2 -9 0.35 36
2 293 1 -9 0.4 38
2 293 1 -9 0.4 38
2 293 2 -9 0.45 38
2 293 2 -9 0.5 38
2 293 2 -9 0.55 39
2 295 2 -9 0.35 35
3 102 1 5 0.9 46
3 102 2 6 0.85 47
3 102 2 8 0.95 47
3 102 1 5 1 47
3 102 2 6 1 47
3 102 2 5 0.9 49
3 102 2 5 1 50
3 102 1 5 1.15 50
3 102 2 6 1.15 50
3 102 1 6 1.2 51
3 102 1 5 1.1 52
3 102 1 7 1.3 52
3 102 2 7 1.3 52
3 102 2 6 1.25 53
3 102 1 6 1.3 53
3 102 2 9 1.4 54
3 102 2 10 1.25 55
3 102 1 9 1.5 56
3 102 1 8 1.6 57
3 102 1 8 1.8 57
3 103 2 6 0.8 45
3 101 2 8 1 49
3 101 2 8 1.1 50
3 101 2 8 0.85 51
3 103 1 7 1.1 51
3 103 2 5 1.2 51
3 103 2 7 1.2 51
3 101 2 7 1.25 52
3 101 2 9 1.35 52
3 103 1 8 1.25 53
3 101 2 8 1.3 53
3 103 2 9 1.3 53
3 101 1 7 1.4 53
3 103 1 8 1.3 54
3 101 1 7 1.35 54
3 101 2 8 1.45 54
3 101 2 8 1.5 54
3 101 1 8 1.4 55
3 101 1 7 1.45 55
3 101 2 8 1.45 55
3 101 1 8 1.5 55
3 101 2 8 1.5 55
3 101 1 9 1.65 56
3 101 1 8 1.65 56
3 101 1 7 1.55 57
3 103 1 9 1.6 57
3 103 2 8 1.65 57
3 101 1 7 1.7 57
3 103 1 8 1.65 59
3 101 1 9 1.8 60
3 91 1 8 1.1 53
3 83 2 8 1.1 53
3 81 1 9 1.2 53
3 88 1 8 1.2 53
3 84 2 9 1.2 53
3 87 2 9 1.2 53
3 84 1 8 1.3 53
3 87 1 9 1.3 53
3 136 2 -9 0.5 42
3 136 1 -9 0.55 42
3 136 1 -9 0.55 43
3 136 2 -9 0.55 43
3 136 2 -9 0.6 43
3 136 1 -9 0.55 44
3 136 1 -9 0.57 44
3 136 2 -9 0.57 44
3 136 1 -9 0.6 44
3 136 1 -9 0.6 45
3 136 1 -9 0.63 45
3 136 1 -9 0.65 45
3 136 2 -9 0.85 46
3 136 2 -9 0.5 47
3 136 2 -9 0.61 47
3 136 2 -9 0.66 47
3 136 1 -9 0.67 47
3 136 2 -9 0.75 48
3 136 2 -9 0.79 48
3 136 1 -9 0.8 48
3 131 1 -9 0.7 44
3 131 1 -9 0.7 44
3 131 2 -9 0.7 44
3 133 1 -9 0.7 45
3 134 2 -9 0.7 45
3 135 2 -9 0.7 45
3 133 2 -9 0.8 45
3 131 1 -9 0.8 46
3 133 2 -9 0.8 46
3 134 2 -9 0.9 46
3 131 2 -9 0.7 47
3 131 1 -9 0.8 47
3 134 1 -9 0.8 47
3 133 1 -9 0.9 47
3 131 1 -9 0.8 48
3 131 2 -9 0.8 48
3 131 2 -9 0.8 48
3 134 1 -9 1 48
3 135 2 -9 1 48
3 131 2 -9 0.9 49
3 133 2 -9 0.9 49
3 134 1 -9 1 49
3 85 2 8 2.1 62
2 90 2 5 0.4 37
2 90 1 5 0.4 38
2 90 1 5 0.4 40
2 90 1 5 0.5 40
2 90 2 4 0.5 40
2 90 2 5 0.5 40
2 90 2 4 0.5 42
2 90 1 5 0.6 44
2 90 2 5 0.6 45
2 90 1 6 1.4 56
3 89 1 2 0.6 36
3 89 1 4 0.6 44
3 89 1 4 0.6 44
3 89 2 6 0.6 45
3 137 1 -9 1.5 57
3 137 2 -9 1.5 57
3 137 2 -9 1.5 57
3 137 2 -9 1.6 57
3 137 1 -9 1.5 58
3 137 2 -9 1.5 58
3 137 2 -9 1.6 58
3 137 2 -9 1.7 58
3 137 1 -9 1.8 58
3 137 1 -9 1.5 59
3 137 1 -9 1.8 59
3 137 1 -9 1.6 60
3 137 2 -9 2 60
3 137 1 -9 1.4 63
3 137 1 -9 1.4 63
3 89 2 5 0.7 45
3 135 2 -9 1.2 49
3 132 2 -9 0.9 50
3 133 2 -9 0.9 50
3 135 2 -9 0.9 50
3 89 2 5 0.8 47
3 89 2 5 0.9 48
3 89 2 7 0.9 49
3 89 2 -9 0.9 49
3 89 1 8 0.9 50
3 89 1 7 1 52
3 89 1 7 1.1 52
3 89 1 9 1.2 52
3 89 2 8 1.2 53
3 89 1 6 1.4 53
3 89 1 7 1.1 54
3 89 1 -9 1.3 54
3 89 2 8 1.2 55
3 89 2 8 1.3 55
3 89 2 9 1.3 56
3 132 1 -9 1 50
3 133 2 -9 1 50
3 133 2 -9 1.2 50
3 133 1 -9 1.9 50
3 133 1 -9 1 51
3 131 2 -9 1 51
3 132 2 -9 1 51
3 135 2 -9 1 51
3 131 1 -9 1.1 51
3 135 2 -9 1.1 51
3 135 2 -9 1.1 51
3 131 1 -9 1.4 51
3 134 2 -9 0.9 52
3 131 1 -9 1 52
3 131 2 -9 1 52
3 134 2 -9 1 52
3 133 2 -9 1.1 52
3 133 1 -9 1.2 52
3 132 2 -9 1.3 52
3 134 1 -9 0.8 53
3 132 2 -9 0.9 53
3 135 2 -9 1.1 53
3 133 1 -9 1.2 53
3 134 1 -9 1.2 53
3 134 1 -9 1.2 53
3 135 1 -9 1.2 53
3 133 2 -9 1.3 53
3 134 2 -9 1.3 53
3 135 2 -9 1.3 53
3 131 1 -9 1.1 54
3 131 2 -9 1.1 54
3 132 2 -9 1.1 54
3 132 1 -9 1.2 54
3 135 2 -9 1.2 54
3 132 1 -9 1.3 54
3 132 1 -9 1.3 54
3 133 1 -9 1.3 54
3 133 2 -9 1.3 54
3 134 2 -9 1.3 54
3 131 2 -9 1.1 55
3 133 2 -9 1.1 55
3 134 2 -9 1.1 55
3 134 1 -9 1.2 55
3 132 2 -9 1.2 55
3 93 1 7 1.3 55
3 92 1 8 1.4 55
3 92 1 -9 1.5 56
3 93 1 -9 0.9 57
3 91 2 2 0.5 37
3 88 2 5 0.4 39
3 88 2 5 0.6 40
3 91 2 -9 0.8 40
3 87 2 4 0.5 41
3 87 2 5 0.7 41
3 87 2 5 0.6 42
3 88 2 4 0.6 42
3 87 1 5 0.7 43
3 91 2 4 0.8 43
3 83 2 6 0.9 43
3 81 2 5 0.7 44
3 88 2 5 0.7 44
3 81 2 8 0.8 44
3 88 2 8 0.6 45
3 87 2 -9 0.6 46
3 88 1 5 0.7 46
3 82 1 7 1 46
3 88 1 6 0.8 47
3 91 2 -9 0.9 47
3 88 1 5 1 47
3 87 2 7 1 47
3 83 2 9 0.8 48
3 82 2 5 0.9 48
3 84 2 6 0.9 48
3 82 2 8 1 48
3 135 1 -9 1.3 55
3 132 2 -9 1.3 55
3 134 1 -9 1.4 55
3 134 1 -9 1.4 55
3 134 1 -9 1.4 55
3 132 1 -9 1.2 56
3 131 2 -9 1.2 56
3 131 1 -9 1.3 56
3 132 1 -9 1.3 56
3 132 2 -9 1.3 56
3 134 2 -9 1.3 56
3 132 1 -9 1.4 56
3 133 1 -9 1.4 56
3 132 2 -9 1.4 56
3 134 2 -9 1.5 56
3 132 1 -9 1 57
3 135 1 -9 1.3 57
3 133 1 -9 1.4 57
3 135 1 -9 1.4 57
3 135 1 -9 1.4 58
3 135 1 -9 1.6 58
3 135 1 -9 1.7 58
3 134 2 -9 1.3 59
3 132 2 -9 1.4 59
3 133 1 -9 1.7 60
3 135 1 -9 1.8 60
3 132 1 -9 1.5 61
3 135 1 -9 1.6 61
3 132 1 -9 1.7 61
3 135 1 -9 1.4 62
3 137 1 -9 0.9 46
3 137 2 -9 0.9 46
3 137 2 -9 1 49
3 137 1 -9 1 50
3 137 2 -9 1.4 57
3 87 1 -9 0.8 49
3 88 1 6 0.8 49
3 88 1 7 0.8 49
3 82 1 6 0.9 49
3 91 1 -9 0.9 49
3 91 2 -9 1 49
3 87 1 8 1.1 49
3 87 1 8 1 50
3 81 2 8 1 50
3 83 2 7 1 50
3 91 2 6 1 50
3 81 1 -9 1.1 50
3 87 2 6 1.1 50
3 88 1 7 1.2 50
3 84 2 8 0.9 51
3 91 2 6 0.9 51
3 88 1 11 1 51
3 87 2 8 1 51
3 83 1 9 1.1 51
3 88 2 10 1.1 51
3 83 1 6 1.2 51
3 83 2 -9 1.2 51
3 87 1 7 1.3 51
3 82 2 -9 1.4 51
3 88 2 9 1.8 51
3 88 2 8 1 52
3 82 1 8 1.1 52
3 88 2 11 1.1 52
3 82 1 8 1.2 52
3 84 1 7 1.3 52
3 84 1 6 1.3 52
3 91 1 -9 1.3 52
3 88 2 8 1.3 52
3 91 1 8 1.1 53
3 81 2 12 1.4 53
3 87 2 10 1.4 53
3 83 2 10 0.9 54
3 81 1 7 1.1 54
3 81 1 8 1.3 54
3 84 1 8 1.3 54
3 84 1 9 1.3 54
3 81 2 8 1.4 54
3 83 1 8 1.5 54
3 84 1 9 1.6 54
3 88 1 5 1.2 55
3 87 1 7 1.3 55
3 87 1 -9 1.3 55
3 91 1 -9 1.3 55
3 82 2 8 1.3 55
3 91 1 -9 1.4 55
3 91 2 9 1.4 55
3 83 2 12 1.3 56
3 84 1 8 1.4 56
3 87 1 8 1.6 56
3 81 2 7 1.2 57
3 87 1 7 1.3 57
3 91 1 8 1.3 57
3 82 2 9 1.3 57
3 91 2 8 1.3 57
3 91 1 8 1.4 57
3 87 2 9 1.4 57
3 91 2 8 1.4 57
3 91 1 7 1.4 58
3 91 1 11 1.4 61
3 82 1 9 1.7 61
3 85 2 5 0.6 39
3 86 1 5 0.5 40
3 85 2 4 0.6 41
3 85 1 5 0.7 43
3 86 2 7 0.7 43
3 86 2 5 0.6 44
3 85 2 6 0.7 44
3 85 1 4 0.6 45
3 86 2 6 0.9 46
3 86 2 8 1.8 47
3 85 1 7 1 50
3 85 1 11 1.2 50
3 85 1 16 0.7 51
3 88 1 8 1.3 53
3 86 1 5 1.2 51
3 86 1 8 1.1 52
3 86 1 8 1.4 52
3 86 2 9 1.4 57
3 85 1 -9 1.6 57
3 86 1 8 1.8 57
3 92 1 2 0.4 35
3 94 1 -9 0.4 37
3 94 1 5 0.5 39
3 92 1 5 0.5 40
3 92 2 5 0.5 40
3 93 2 5 0.6 40
3 94 2 -9 0.6 40
3 92 1 4 0.6 41
3 92 2 5 0.6 41
3 92 2 5 0.6 41
3 94 2 5 0.6 41
3 93 2 5 0.7 41
3 93 2 5 0.6 42
3 94 2 -9 0.6 42
3 92 2 -9 0.7 42
3 93 1 5 0.6 43
3 93 2 4 0.6 43
3 92 1 5 0.7 43
3 94 2 5 0.7 43
3 92 1 4 0.7 44
3 92 1 5 0.7 44
3 92 2 5 0.7 44
3 93 1 5 0.7 45
3 93 2 5 0.9 45
3 93 2 -9 0.7 47
3 94 2 -9 0.9 47
3 93 2 6 0.8 49
3 94 1 -9 1 49
3 94 1 -9 1 50
3 94 1 -9 1 50
3 93 2 -9 1 50
3 93 1 6 1.1 50
3 92 1 8 1 51
3 93 1 -9 1.1 51
3 93 1 6 1.1 51
3 93 1 -9 1.1 51
3 92 2 8 1.1 51
3 92 1 8 1.1 52
3 92 2 -9 1.2 52
3 92 2 8 1.2 52
3 92 2 8 1.2 53
3 93 2 8 1.2 53
3 93 2 5 1.2 53
3 92 2 -9 1.1 54
3 93 1 7 1.4 54
3 93 1 6 1.3 55
3 99 1 6 1.34 57
3 95 2 2 0.35 35
3 96 2 2 0.33 36
3 100 2 5 0.45 39
3 96 2 5 0.45 40
3 96 1 5 0.46 40
3 96 1 3 0.53 40
3 96 2 6 0.52 41
3 100 2 5 0.55 41
3 96 2 6 0.45 42
3 96 2 4 0.5 42
3 96 2 7 0.55 42
3 96 1 5 0.56 42
3 95 2 5 0.58 42
3 96 2 5 0.6 43
3 100 2 5 0.58 44
3 96 1 4 0.6 44
3 95 2 5 0.6 44
3 96 2 5 0.65 44
3 96 1 6 0.75 44
3 100 2 6 0.54 45
3 95 1 5 0.56 45
3 100 2 5 0.6 45
3 100 1 6 0.63 45
3 96 2 6 0.64 45
3 95 1 5 0.72 45
3 100 2 6 0.66 46
3 96 2 8 0.67 46
3 95 2 6 0.8 46
3 100 2 6 0.68 47
3 95 2 5 0.69 47
3 100 2 5 0.8 50
3 96 2 7 1.04 50
3 95 1 7 1.1 50
3 100 1 9 0.85 51
3 100 1 8 1.2 54
3 96 2 8 1.1 55
3 96 1 10 1.16 55
3 95 1 8 1.13 56
3 95 1 7 1.28 56
3 100 2 7 1.4 57
3 100 1 8 1.32 58
3 100 1 8 1.35 58
3 96 1 10 1.44 60
3 96 1 9 1.42 61
3 98 1 6 0.8 48
3 98 1 6 1 50
3 98 1 5 0.95 53
3 98 1 8 1.3 53
3 98 1 8 1.35 54
3 98 2 8 1.4 55
3 98 2 18 1.3 56
3 98 1 9 1.42 57
3 98 1 10 1.5 57
3 98 1 12 1.55 58
3 98 1 8 1.65 59
3 98 1 8 1.85 60
3 98 1 9 1.9 60
3 98 2 9 1.55 61
3 98 2 10 1.8 61
1 34 2 -9 0.83 47
1 29 2 -9 0.84 47
1 33 1 -9 0.85 47
1 28 1 -9 0.98 47
1 37 1 -9 0.81 48
1 30 2 -9 0.83 48
1 28 2 -9 0.85 48
1 34 1 -9 0.88 48
1 31 2 -9 0.88 48
1 30 1 -9 0.89 48
1 33 2 -9 0.91 48
1 29 1 -9 0.93 48
1 31 2 -9 0.79 49
1 32 1 -9 0.84 49
1 32 2 -9 0.86 49
1 28 2 -9 0.88 49
1 29 2 -9 0.88 49
1 32 1 -9 0.93 49
1 32 2 -9 0.95 49
1 37 1 -9 0.89 50
1 29 2 -9 0.93 50
1 37 1 -9 0.95 50
1 30 1 -9 0.97 50
1 34 2 -9 1 50
1 34 2 -9 1.07 50
1 32 2 -9 1.08 50
1 34 1 -9 0.92 51
1 30 1 -9 0.98 51
1 31 2 -9 1.02 51
1 32 1 -9 1.15 51
1 30 1 -9 1.24 51
1 33 2 -9 0.9 52
1 29 1 -9 0.97 52
1 37 2 -9 1.01 52
1 29 1 -9 1.05 52
1 31 1 -9 1.13 52
1 30 2 -9 1.15 52
1 29 2 -9 1.16 52
1 28 1 -9 1.3 52
1 28 1 -9 1.4 52
1 33 1 -9 1.05 53
1 28 1 -9 1.14 53
1 31 1 -9 1.14 53
1 29 1 -9 1.13 54
1 31 1 -9 1.16 54
1 28 2 -9 1.23 54
1 30 2 -9 1.2 55
1 31 1 -9 1.24 55
1 37 1 -9 1.31 56
1 33 1 -9 1.4 56
1 33 1 -9 1.58 56
1 32 1 -9 1.33 57
1 29 1 -9 0.77 46
1 31 1 -9 1.34 57
1 34 1 -9 1.35 57
1 39 2 -9 0.35 38
1 39 2 -9 1 51
1 39 1 -9 1.33 53
1 43 2 -9 1.11 54
1 39 2 -9 0.67 45
1 43 2 -9 0.34 39
1 43 2 -9 0.35 39
1 39 2 -9 0.58 42
1 43 2 -9 0.59 43
1 43 1 -9 0.6 43
1 39 2 -9 0.53 44
1 39 1 -9 0.62 44
1 39 1 -9 0.71 44
1 43 1 -9 0.6 45
1 43 1 -9 0.6 45
1 43 2 -9 1.26 54
1 43 1 -9 1.27 54
1 39 1 -9 1.35 56
1 39 1 -9 1.43 57
1 43 1 -9 1.66 60
3 152 2 -9 0.3 36
3 150 1 -9 0.5 36
3 150 1 -9 0.6 38
3 149 1 -9 0.5 39
3 157 2 -9 0.5 39
3 152 1 -9 0.5 40
3 150 2 -9 0.7 41
3 149 2 -9 0.5 42
3 157 2 -9 0.65 42
3 152 1 -9 0.5 43
3 157 2 -9 0.6 43
3 157 1 -9 0.7 43
3 152 1 -9 0.5 44
3 157 2 -9 0.65 44
3 150 2 -9 0.7 44
3 152 2 -9 0.6 45
3 149 2 -9 0.7 45
3 150 1 -9 1.4 45
3 157 1 -9 1.7 45
3 152 2 -9 0.7 46
3 152 2 -9 0.8 47
3 150 1 -9 0.9 47
3 150 1 -9 1.3 47
3 150 2 -9 1 49
3 149 1 -9 0.9 50
3 152 1 -9 0.9 50
3 149 2 -9 0.9 50
3 150 2 -9 1 50
3 157 1 -9 1 51
3 157 2 -9 1.2 51
3 149 2 -9 1.1 52
3 157 1 -9 1.15 53
3 152 2 -9 1 54
3 157 1 -9 1.1 54
3 152 1 -9 1.2 54
3 149 1 -9 1.2 55
3 149 2 -9 1.2 55
3 150 2 -9 1.4 55
3 149 1 -9 1.1 56
3 149 1 -9 1.5 62
3 151 2 -9 0.5 36
3 151 1 -9 0.6 40
3 155 2 -9 0.5 42
3 151 1 -9 0.8 43
3 151 2 -9 0.7 44
3 151 1 -9 0.9 44
3 148 1 -9 0.7 45
3 155 1 -9 0.7 45
3 155 1 -9 0.7 46
3 155 2 -9 0.75 46
3 153 1 -9 0.8 46
3 156 2 -9 0.75 48
3 156 1 -9 0.85 48
3 151 1 -9 1 48
3 151 2 -9 1 48
3 148 2 -9 0.8 49
3 148 2 -9 0.9 49
3 155 2 -9 1 49
3 151 2 -9 1.2 49
3 155 2 -9 0.95 50
3 148 1 -9 1 50
3 153 2 -9 1 50
3 154 2 -9 1.1 50
3 154 2 -9 1.05 51
3 156 1 -9 1.1 51
3 156 1 -9 1.15 51
3 151 2 -9 1.2 51
3 154 2 -9 1.25 51
3 148 1 -9 1 52
3 153 1 -9 1.05 52
3 154 2 -9 1.15 52
3 156 2 -9 1.25 52
3 156 2 -9 1.3 52
3 153 1 -9 1.05 53
3 148 2 -9 1.1 53
3 155 1 -9 1.4 53
3 155 1 -9 1 54
3 148 2 -9 1.2 54
3 155 2 -9 1.2 54
3 156 2 -9 1.25 54
3 154 2 -9 1.3 54
3 154 1 -9 1.2 55
3 153 2 -9 1.25 55
3 154 1 -9 1.3 55
3 153 2 -9 1.3 55
3 156 1 -9 1.35 55
3 148 2 -9 1.4 55
3 148 1 -9 1.2 56
3 153 1 -9 1.2 56
3 155 1 -9 1.25 56
3 156 2 -9 1.35 56
3 153 1 -9 1.4 56
3 153 2 -9 1.55 57
3 154 1 -9 1.4 58
3 151 1 -9 1.8 58
3 153 2 -9 1.25 59
1 42 2 -9 0.18 31
1 36 1 -9 0.29 35
1 36 2 -9 0.4 38
1 35 2 -9 0.4 39
1 38 2 -9 0.44 40
1 38 1 -9 0.49 40
1 36 2 -9 0.46 41
1 41 2 -9 0.47 41
1 38 1 -9 0.49 41
1 40 2 -9 0.49 41
1 40 2 -9 0.45 42
1 35 2 -9 0.46 42
1 40 2 -9 0.46 42
1 40 1 -9 0.48 42
1 36 2 -9 0.48 42
1 42 1 -9 0.53 42
1 42 2 -9 0.49 43
1 35 2 -9 0.51 43
1 40 2 -9 0.54 43
1 36 1 -9 0.59 43
1 42 2 -9 0.46 44
1 40 1 -9 0.47 44
1 41 2 -9 0.53 44
1 36 1 -9 0.55 44
1 38 2 -9 0.6 44
1 42 1 -9 0.6 45
1 42 1 -9 0.68 45
3 61 1 5 0.55 43
3 60 2 5 0.65 43
3 61 1 6 0.6 44
3 60 1 5 0.65 44
3 61 2 6 0.72 44
3 59 1 6 0.6 45
3 66 2 -9 0.65 45
3 65 1 5 0.7 45
3 64 2 5 0.8 45
3 64 2 5 0.65 46
3 59 1 5 0.75 46
3 60 1 5 0.8 46
3 70 1 4 0.8 46
3 59 2 7 0.55 47
3 63 1 7 0.75 47
3 60 2 5 0.75 47
3 59 1 6 0.8 48
3 66 1 6 0.8 48
3 63 2 5 0.8 48
3 65 2 5 0.85 48
3 71 2 5 0.95 48
3 67 1 7 0.8 49
3 61 1 7 0.85 49
3 56 2 6 0.85 49
3 70 2 5 0.95 49
3 62 1 6 0.85 50
3 71 2 7 0.85 50
3 70 2 5 0.9 50
3 67 1 7 0.95 50
1 38 2 -9 0.69 45
1 38 1 -9 0.64 46
1 35 2 -9 0.68 46
1 40 2 -9 0.68 46
1 35 1 -9 0.69 46
1 38 2 -9 0.73 46
1 35 1 -9 0.76 47
1 35 1 -9 0.78 47
1 36 2 -9 0.75 48
1 42 1 -9 0.81 48
1 41 1 -9 0.74 49
1 40 1 -9 0.94 49
1 42 1 -9 0.94 49
1 36 1 -9 0.76 50
1 38 1 -9 0.85 50
1 38 2 -9 0.86 50
1 42 2 -9 0.9 51
1 35 1 -9 0.91 51
1 36 2 -9 0.95 52
1 36 1 -9 1.17 53
1 41 1 -9 1.04 54
1 38 1 -9 1.17 54
1 41 2 -9 1.23 54
1 41 1 -9 1.19 55
1 41 2 -9 1.22 55
1 42 2 -9 1.31 55
1 41 1 -9 1.34 55
1 35 1 -9 1.37 55
1 41 1 -9 1.33 56
1 40 1 -9 1.23 57
1 41 2 -9 1.41 57
1 35 2 -9 2.1 61
1 40 1 -9 1.78 62
1 37 1 -9 0.38 37
1 37 2 -9 0.4 39
1 33 2 -9 0.46 39
1 37 2 -9 0.47 40
1 31 2 -9 0.48 40
1 34 2 -9 0.55 40
1 28 2 -9 0.48 41
1 29 2 -9 0.53 41
1 34 1 -9 0.55 42
1 37 2 -9 0.46 43
1 28 1 -9 0.55 43
1 33 2 -9 0.6 44
1 37 2 -9 0.66 45
1 30 2 -9 0.67 45
1 30 1 -9 0.69 45
1 28 2 -9 0.7 45
1 30 2 -9 0.72 46
1 31 2 -9 0.72 46
3 154 1 -9 1.35 59
3 148 1 -9 1.5 59
3 156 1 -9 1.45 61
3 154 1 -9 1.7 61
1 32 1 -9 0.77 46
1 33 1 -9 0.8 46
1 32 2 -9 0.8 46
1 32 2 -9 0.7 47
1 34 1 -9 0.73 47
1 34 2 -9 0.76 47
1 33 2 -9 0.79 47
3 69 1 6 0.9 50
3 57 1 7 0.85 51
3 57 2 7 1.2 52
3 69 1 6 1 53
3 69 1 7 1.1 53
3 69 2 13 1.15 53
3 69 2 7 1.15 54
3 68 2 7 1.25 55
3 69 1 10 1.45 55
3 57 1 7 1.4 56
3 68 1 8 1.35 57
3 69 1 8 1.45 57
3 57 2 7 1.45 57
3 69 2 10 1.35 58
3 69 1 8 1.55 59
3 68 1 8 1.6 59
3 68 2 14 1.3 60
3 99 1 2 0.33 35
3 99 2 6 0.45 39
3 99 2 6 0.73 48
3 97 2 7 0.9 48
3 99 2 7 0.8 50
3 99 2 7 0.82 50
3 99 2 8 0.8 51
3 97 1 8 0.85 51
3 97 2 6 0.92 51
3 97 1 8 1.05 53
3 97 2 7 1.1 53
3 97 1 10 1.18 53
3 97 2 7 1.12 54
3 99 1 8 1.15 54
3 97 2 7 1.15 54
3 99 1 8 1.23 54
3 99 2 8 1.2 55
3 97 1 8 1.22 55
3 97 2 7 1.22 55
3 97 2 7 1.12 56
3 97 1 9 1.15 56
3 97 1 8 1.25 56
3 64 2 8 1.05 50
3 63 2 7 0.7 51
3 58 1 7 1 51
3 66 2 7 1.05 51
3 67 2 -9 1.1 51
3 70 2 9 1.1 51
3 65 1 7 1.2 51
3 58 1 -9 0.95 52
3 67 1 6 1.05 52
3 58 2 7 1.05 52
3 56 2 8 1.1 52
3 71 1 8 1.15 52
3 63 1 8 1.15 53
3 65 2 8 1.25 53
3 58 1 8 1.1 54
3 70 1 8 1.1 54
3 56 1 6 1.15 54
3 58 2 8 1.25 54
3 67 2 8 1.25 54
3 65 1 8 1.3 54
3 60 2 8 1.25 55
3 56 1 8 1.3 55
3 71 1 8 1.3 55
3 62 2 7 1.3 55
3 64 1 8 1.4 55
3 63 2 8 1.2 56
3 66 2 14 1.3 56
3 62 1 8 1.45 57
3 66 2 6 1.45 57
3 64 1 8 1.55 58
3 61 2 14 1.6 58
3 62 1 8 1.65 58
3 56 2 8 1.5 59
3 71 1 9 1.65 60
3 59 2 15 0.95 54
3 62 2 15 1.75 61
3 68 1 3 0.7 43
3 69 1 -9 0.9 47
3 57 2 8 0.8 50
1 210 2 8 0.6 45
1 210 1 7 0.6 46
1 210 1 6 0.65 46
1 210 1 8 0.85 48
1 210 2 8 0.8 49
1 210 2 8 0.95 49
1 210 1 8 0.9 50
1 210 1 8 1.15 52
1 209 1 5 0.45 41
1 209 2 5 0.5 42
1 209 2 6 0.5 43
1 209 1 8 0.6 43
1 209 2 8 0.6 45
1 209 2 5 0.65 45
1 209 1 6 0.65 46
1 209 2 6 0.8 48
1 198 2 -9 0.5 40
1 198 2 8 0.9 49
1 198 1 8 0.34 54
1 198 1 8 0.5 58
1 196 2 8 0.6 44
1 196 2 9 0.6 44
1 196 2 5 0.8 48
1 196 1 7 0.9 48
1 196 2 8 0.9 48
1 196 1 8 0.8 49
1 196 2 7 0.8 51
1 196 1 7 0.9 51
1 196 1 9 1.3 54
1 196 1 8 1.2 55
2 239 1 5 0.55 43
2 239 1 5 0.6 43
2 239 2 5 0.6 44
2 239 2 5 0.6 44
2 239 1 5 0.7 44
2 239 2 5 0.55 45
2 239 1 6 0.65 45
2 239 2 6 0.8 46
2 239 1 5 0.7 49
2 239 2 7 0.85 49
2 242 2 -9 0.2 30
2 242 1 5 0.35 36
2 242 2 3 0.35 36
2 242 2 4 0.35 37
2 242 2 -9 0.45 37
2 242 1 5 0.45 39
2 242 2 5 0.45 40
2 242 1 -9 0.55 41
2 242 1 6 0.55 42
2 242 2 6 0.5 43
2 242 1 6 0.55 43
2 242 2 5 0.6 44
2 242 2 5 0.6 45
1 209 1 9 1 50
1 209 1 7 0.9 52
1 202 2 7 0.6 44
1 202 2 6 0.6 45
1 202 1 8 1 49
1 202 1 7 0.9 50
1 202 2 8 0.9 50
1 202 2 8 0.9 50
1 202 1 6 1.05 50
1 202 2 9 0.95 51
1 202 1 8 0.95 52
1 202 1 9 1.5 60
1 208 2 6 0.4 41
1 208 2 5 0.5 41
1 208 1 5 0.5 42
1 208 1 5 0.55 43
1 208 1 6 0.55 44
1 208 1 6 0.65 45
1 208 2 7 0.6 46
1 208 2 7 0.65 46
1 210 2 5 0.4 38
1 210 1 5 0.5 42
2 242 1 5 0.65 45
2 242 1 5 0.7 46
2 242 1 5 0.7 46
2 242 1 5 0.8 48
2 242 2 -9 0.8 48
2 242 1 5 0.9 51
2 237 1 3 0.4 37
2 237 2 5 0.4 37
2 237 1 4 0.4 38
2 237 1 4 0.45 39
2 237 1 4 0.45 39
2 237 2 5 0.45 39
2 237 2 6 0.45 39
2 237 2 5 0.5 39
2 237 2 4 0.5 40
2 237 1 4 0.45 41
2 237 2 4 0.5 41
2 237 2 5 0.55 41
2 237 2 5 0.5 42
2 237 2 5 0.55 42
2 237 2 5 0.6 43
2 237 2 5 0.65 43
2 237 2 6 0.65 44
2 237 1 4 0.6 45
2 237 1 5 0.7 46
2 237 2 7 0.7 48
2 236 2 2 0.15 26
2 236 1 2 0.15 28
2 236 1 2 0.2 28
2 236 2 2 0.2 29
2 236 1 2 0.2 30
2 236 1 2 0.2 30
2 236 2 2 0.2 30
2 236 2 -9 0.55 30
2 236 1 2 0.25 31
2 236 1 3 0.3 33
2 236 1 5 0.4 37
2 236 2 4 0.4 37
2 236 1 4 0.35 38
2 238 2 5 0.4 38
2 238 1 5 0.45 40
2 238 2 5 0.55 40
2 238 1 5 0.45 41
2 238 2 6 0.55 41
2 238 1 5 0.6 41
2 238 1 5 0.55 42
2 238 2 5 0.6 42
2 238 2 5 0.6 42
2 238 1 6 0.55 43
2 238 1 5 0.55 43
2 238 2 5 0.55 43
2 238 2 6 0.65 43
2 238 1 5 0.55 44
2 238 1 6 0.65 44
2 238 1 5 0.6 45
2 238 1 5 0.65 45
2 238 2 5 0.65 45
2 238 2 5 0.65 45
2 238 1 6 0.7 45
2 239 2 4 0.45 38
2 239 1 5 0.45 39
2 239 1 4 0.5 39
2 239 1 4 0.5 39
2 239 2 5 0.5 39
2 239 1 5 0.5 40
2 239 2 5 0.5 40
2 239 1 5 0.5 41
2 239 1 3 0.55 42
2 239 1 4 0.55 42
2 233 2 5 0.4 58
1 198 2 3 0.15 27
1 198 2 3 0.15 28
1 198 1 -9 0.35 37
1 198 2 5 0.4 37
1 198 2 5 0.4 38
1 198 2 6 0.5 40
2 234 1 5 0.4 47
2 234 1 5 0.4 48
2 234 1 5 0.4 48
2 234 2 5 0.4 48
2 234 1 6 0.4 49
2 234 2 5 0.45 49
2 234 1 5 0.45 50
2 234 1 5 0.45 50
2 234 1 5 0.45 50
2 234 2 5 0.45 50
2 234 1 5 0.54 53
2 235 1 2 0.25 32
2 235 1 5 0.15 37
2 235 2 -9 0.15 37
2 235 1 5 0.2 37
2 235 1 4 0.35 37
2 235 1 5 0.4 37
2 235 2 5 0.4 37
2 235 2 -9 0.15 38
2 235 2 5 0.35 38
2 235 1 -9 0.4 38
2 235 1 4 0.2 39
2 235 2 -9 0.4 39
2 235 1 5 0.4 40
2 235 1 4 0.45 40
2 235 1 5 0.5 41
2 235 1 5 0.5 41
2 235 1 -9 0.55 42
2 233 1 -9 0.15 36
2 233 1 -9 0.15 38
2 233 2 3 0.2 41
2 233 2 4 0.25 45
2 233 1 5 0.3 46
2 233 1 6 0.35 47
2 233 2 5 0.35 47
2 233 2 4 0.4 48
2 233 2 4 0.4 49
2 233 2 6 0.45 49
2 233 2 5 0.45 49
2 233 1 5 0.45 50
2 233 2 5 0.45 51
2 233 2 5 0.5 51
2 233 2 6 0.5 52
2 233 2 5 0.6 52
2 233 2 5 0.5 54
2 233 2 5 0.6 56
2 233 2 5 0.4 58
2 236 2 4 0.5 39
2 236 2 6 0.4 40
2 236 2 5 0.45 40
2 236 1 -9 0.85 40
2 236 2 5 0.45 41
2 236 1 5 0.55 42
2 236 1 5 0.6 44
2 240 1 2 0.2 30
2 240 2 3 0.2 30
2 240 1 3 0.25 31
2 240 1 3 0.3 34
2 240 2 5 0.3 35
2 240 2 4 0.4 38
2 240 2 5 0.45 38
2 240 2 4 0.45 38
2 240 1 5 0.5 40
2 240 1 -9 0.6 40
2 240 1 4 0.5 41
2 240 1 6 0.6 41
2 240 1 5 0.6 42
2 240 1 6 0.5 43
2 240 2 6 0.6 44
2 240 1 5 0.65 44
2 240 2 5 0.7 44
2 240 1 6 0.7 48
2 240 1 6 0.8 48
2 240 2 7 0.8 50
2 241 2 2 0.15 25
2 241 1 2 0.15 26
2 241 2 2 0.2 26
2 241 2 2 0.2 28
2 241 1 2 0.2 29
2 241 1 2 0.2 29
2 241 1 2 0.2 29
2 241 1 2 0.2 29
2 241 2 2 0.2 29
2 241 1 2 0.2 30
2 241 1 2 0.2 30
2 241 1 2 0.2 31
2 241 1 2 0.2 31
2 241 2 2 0.2 32
2 241 2 2 0.25 32
2 241 2 3 0.2 34
2 241 1 3 0.3 34
2 241 1 4 0.35 36
2 241 2 5 0.35 36
2 241 2 5 0.35 36
2 234 1 -9 0.15 35
2 234 1 -9 0.15 36
2 234 1 -9 0.15 37
2 234 2 -9 0.15 37
2 234 2 3 0.25 40
2 234 2 -9 0.2 41
2 234 2 5 0.35 45
2 234 2 4 0.35 46
2 234 1 5 0.4 47
1 205 1 9 2 59
1 197 2 5 0.4 38
1 197 2 5 0.3 39
1 197 1 6 0.4 40
1 197 2 6 0.5 42
1 197 1 6 0.6 46
1 197 2 7 0.8 47
1 197 1 6 0.6 48
1 197 1 7 0.8 48
1 197 1 7 1 51
1 197 2 8 1.1 51
1 207 2 5 0.4 38
1 207 2 5 0.5 42
1 207 1 5 0.55 43
1 207 1 7 0.55 44
1 207 2 7 0.65 45
1 207 2 6 0.7 46
1 207 2 6 0.7 47
1 207 1 8 0.95 51
1 207 1 8 1 51
1 207 1 7 1 53
1 206 2 5 0.35 39
1 206 2 5 0.4 40
1 206 1 6 0.45 40
1 206 2 5 0.5 41
1 206 2 6 0.6 46
1 206 2 8 0.85 49
1 206 1 7 0.85 50
1 206 1 10 1 51
1 206 1 7 1.2 52
1 206 2 12 1.55 61
1 208 1 9 0.9 49
1 208 2 7 1.05 54
1 200 2 6 0.4 39
1 200 2 6 0.4 40
1 200 2 5 0.4 40
1 200 2 6 0.4 41
1 200 2 6 0.4 42
1 200 2 5 0.4 43
1 200 2 6 0.5 44
1 200 2 6 0.6 44
1 200 1 6 0.6 45
1 200 1 6 0.6 47
1 199 2 5 0.3 38
1 199 1 6 0.4 40
1 199 1 7 0.55 45
1 199 2 8 0.6 47
1 199 1 7 0.8 49
1 199 2 9 0.8 49
1 199 2 8 0.85 50
1 199 2 7 0.9 51
1 199 1 7 1.1 53
1 203 2 5 0.45 43
1 203 1 7 0.65 45
1 203 1 7 0.75 48
1 203 1 6 0.95 49
1 203 2 9 0.85 50
1 203 2 7 0.85 50
1 203 2 6 1 50
1 203 1 7 1.05 52
1 203 2 6 1 53
1 203 1 7 1.2 54
1 201 1 3 0.1 26
1 201 2 3 0.1 28
1 201 1 3 0.15 29
1 201 2 4 0.4 39
1 201 1 8 0.5 42
1 201 2 7 0.7 46
1 201 2 9 0.9 51
1 201 2 8 1.2 52
1 201 1 6 1.1 54
1 201 1 9 1.65 61
1 204 1 6 0.4 38
1 204 1 5 0.4 39
1 204 2 5 0.4 39
1 204 2 5 0.45 42
1 204 1 5 0.6 42
1 204 2 6 0.6 44
1 204 1 6 0.65 45
1 204 1 6 0.7 46
1 204 2 9 0.7 47
1 204 2 5 0.7 47
1 205 1 6 0.4 40
1 205 2 6 0.4 40
1 205 2 5 0.45 41
1 205 1 5 0.4 42
1 205 2 6 0.5 42
1 205 1 6 0.6 44
1 205 2 7 0.6 46
1 205 2 5 0.8 47
1 205 1 8 0.8 51
3 77 1 3 0.7 43
3 77 2 5 0.83 46
3 77 2 6 0.98 47
3 77 1 6 0.86 48
3 77 2 -9 1.17 54
3 77 2 13 1.14 55
3 77 1 8 1.45 57
3 77 1 8 1.48 57
3 77 2 11 1.52 59
3 77 1 8 1.46 61
3 75 1 3 0.45 38
3 76 2 4 0.39 39
3 76 1 5 0.44 39
3 76 2 3 0.51 39
3 78 1 4 0.42 40
3 78 1 3 0.53 41
3 78 1 4 0.62 41
3 80 1 3 0.62 41
3 75 1 5 0.61 42
3 80 2 5 0.61 42
3 78 1 5 0.6 43
3 76 1 5 0.62 43
3 74 2 5 0.68 43
3 80 2 -9 0.69 43
3 74 1 5 0.6 44
3 76 1 5 0.6 44
3 80 1 6 0.62 44
3 74 2 5 0.62 44
3 80 2 5 0.75 44
1 185 2 8 1.25 55
1 185 1 11 1.9 64
1 185 1 8 2.15 65
1 187 1 3 0.35 38
1 187 2 5 0.4 41
1 187 2 7 0.45 41
1 187 1 5 0.45 42
1 187 1 6 0.5 42
1 187 2 6 0.5 43
1 187 2 5 0.5 43
3 74 1 5 0.54 45
3 76 1 5 0.67 45
3 80 2 -9 0.71 45
3 72 1 7 0.75 45
3 74 2 -9 0.75 45
3 72 1 4 0.76 45
3 72 2 5 0.77 45
3 75 2 6 0.7 46
3 75 2 6 0.71 46
3 78 2 7 0.73 46
3 79 2 7 0.78 46
3 78 1 5 0.8 46
3 76 1 7 0.83 46
3 78 1 5 0.63 47
3 75 1 6 0.76 47
3 76 1 4 0.77 47
3 72 2 7 0.84 47
3 72 1 5 0.85 47
3 74 1 5 0.86 47
3 74 1 7 0.7 48
3 78 2 5 0.79 48
3 74 1 5 0.84 48
3 75 2 6 0.85 48
1 187 2 5 0.5 43
1 187 1 5 0.55 43
1 187 2 4 0.55 43
1 187 2 5 0.5 44
1 187 1 6 0.55 45
1 187 1 5 0.6 46
1 187 1 6 0.65 46
1 187 2 9 0.65 46
1 187 2 6 0.95 52
1 187 1 7 1 52
1 187 2 6 0.9 53
1 187 1 7 1.35 60
1 187 1 11 2.4 67
1 191 2 2 0.2 32
1 191 2 3 0.3 34
1 191 2 5 0.35 36
1 191 1 5 0.35 37
1 50 3 -9 0.05 12
3 75 2 5 0.87 48
3 75 1 -9 0.81 49
3 79 1 7 0.83 49
3 72 1 6 0.84 49
3 72 2 7 0.95 49
3 76 1 6 0.83 50
3 74 1 7 0.96 50
3 75 1 9 1 51
3 80 2 -9 1.15 52
3 72 1 7 1.3 54
3 78 2 8 1.25 55
3 72 1 7 1.38 55
3 79 1 7 1.23 56
3 79 1 8 1.34 56
3 79 2 13 1.2 57
3 80 2 14 1.25 57
3 75 2 12 1.4 57
3 80 2 7 1.43 57
3 80 1 8 1.28 58
3 79 1 7 1.69 58
3 79 1 6 1.39 59
3 78 1 7 1.52 59
3 74 1 13 1.65 59
3 79 1 8 1.32 60
3 76 1 6 1.52 60
3 79 1 14 1.65 60
3 79 1 8 1.43 61
3 72 1 7 2 63
3 73 1 7 0.83 48
3 73 1 7 1.12 49
3 73 1 7 0.95 52
3 73 2 6 0.99 53
3 73 2 8 0.98 54
3 73 2 15 1.2 54
3 73 2 8 1.07 55
3 73 1 8 1.18 55
3 73 1 8 1.19 55
3 73 2 9 1.35 56
1 55 1 -9 0.05 24
1 49 1 -9 0.1 24
1 54 1 -9 0.15 24
1 54 1 -9 0.15 27
1 49 2 -9 0.15 27
1 54 2 -9 0.15 27
1 49 2 -9 0.15 28
1 53 2 -9 0.15 29
1 54 2 -9 0.15 29
1 47 2 -9 0.25 29
1 47 1 -9 0.2 30
1 47 1 -9 0.3 34
1 49 1 -9 0.3 35
1 55 2 -9 0.4 39
1 55 1 -9 0.45 39
1 53 2 -9 0.45 39
1 54 1 -9 0.45 41
1 54 2 -9 0.45 41
1 47 1 -9 0.45 42
1 49 2 -9 0.5 42
1 55 2 -9 0.55 42
1 53 2 -9 0.6 42
1 55 1 -9 0.55 43
1 53 2 -9 0.55 43
1 54 2 -9 0.6 43
1 55 1 -9 0.6 44
1 53 2 -9 0.6 44
1 53 1 -9 0.65 44
1 47 2 -9 0.7 44
1 50 2 -9 0.65 45
1 55 2 -9 0.7 45
1 50 2 -9 0.9 45
1 54 2 -9 0.55 46
1 53 2 -9 0.7 46
1 53 2 -9 0.7 46
1 54 2 -9 0.7 47
1 55 1 -9 0.75 47
1 47 1 -9 0.7 48
1 55 2 -9 0.75 48
1 50 2 -9 1 48
1 47 2 -9 0.8 50
1 47 1 -9 0.85 50
1 55 1 -9 0.9 50
1 50 2 -9 1.15 50
1 54 1 -9 1.05 51
1 191 2 5 0.35 38
1 191 2 6 0.4 39
1 191 2 5 0.4 39
1 191 2 6 0.45 39
1 191 1 5 0.45 40
1 191 2 5 0.45 40
1 191 1 5 0.4 41
1 191 1 6 0.45 41
1 191 1 5 0.5 41
1 191 1 7 0.5 41
1 191 2 6 0.5 42
1 191 2 6 0.5 42
1 53 2 -9 1 52
1 50 2 -9 1.05 52
1 47 1 -9 1.05 53
1 47 1 -9 1.5 57
1 50 2 -9 1.7 57
1 49 1 -9 1.9 57
1 49 1 -9 1.35 59
1 49 1 -9 1.7 60
1 49 2 -9 1.8 62
1 50 1 -9 2.2 64
1 50 1 -9 2.65 67
1 49 2 -9 2.35 68
1 50 1 -9 3.5 77
1 51 1 -9 0.1 23
1 51 1 -9 0.15 24
1 51 2 -9 0.15 25
1 51 1 -9 0.15 26
1 51 2 -9 0.15 26
1 48 1 -9 0.15 27
1 51 2 -9 0.15 27
1 51 1 -9 0.15 28
1 51 2 -9 0.15 28
1 48 1 -9 0.2 29
1 48 1 -9 0.2 29
1 48 1 -9 0.25 30
1 51 1 -9 0.2 31
1 51 2 -9 0.2 31
1 52 2 -9 0.2 32
1 45 1 -9 0.35 33
1 48 1 -9 0.35 34
1 45 2 -9 0.4 37
1 48 2 -9 0.4 37
1 48 2 -9 0.35 38
1 52 2 -9 0.35 38
1 45 2 -9 0.45 38
1 48 1 -9 0.45 39
1 45 2 -9 0.55 39
1 52 2 -9 0.45 40
1 46 1 -9 0.6 40
1 52 1 -9 0.35 41
1 52 1 -9 0.45 43
1 52 2 -9 0.55 43
1 45 2 -9 0.6 43
1 45 1 -9 0.65 44
1 52 2 -9 0.7 44
1 44 1 -9 0.55 46
1 44 1 -9 0.75 46
1 44 1 -9 0.85 47
1 46 1 -9 0.9 47
1 44 2 -9 0.95 47
1 44 1 -9 0.8 48
1 46 2 -9 0.95 48
1 46 1 -9 0.9 49
1 46 2 -9 0.9 49
1 48 2 -9 0.9 49
1 44 1 -9 0.8 50
1 48 2 -9 1.15 51
1 52 1 -9 0.95 52
1 44 1 -9 1.05 52
1 45 1 -9 1.05 53
1 53 1 -9 0.95 52
1 44 1 -9 1.2 53
1 44 2 -9 1.2 53
1 46 2 -9 1.15 55
1 45 2 -9 1.2 55
1 46 2 -9 1.45 55
1 44 1 -9 1.6 56
1 52 1 -9 1.05 57
1 45 2 -9 1.45 57
1 46 1 -9 1.75 57
1 45 2 -9 1.55 58
1 46 1 -9 1.6 59
1 46 1 -9 1.8 61
1 191 1 9 1.25 55
1 191 1 9 1.25 58
1 191 1 14 1.55 60
1 191 1 13 1.6 61
1 193 2 5 0.3 37
1 193 2 5 0.4 37
1 193 2 5 0.5 38
1 193 1 8 1.35 56
1 192 2 5 0.35 37
1 192 1 5 0.35 38
1 192 2 5 0.35 38
1 192 1 8 1.3 55
1 192 1 7 1.45 58
1 192 1 8 1.65 58
1 181 1 7 0.55 41
1 181 2 6 0.55 44
1 181 2 6 0.7 47
1 181 1 6 0.85 47
1 181 1 7 0.7 48
1 181 2 6 0.8 49
1 181 2 8 0.9 50
1 181 1 8 0.95 50
1 181 1 7 0.9 51
1 181 2 8 1 51
1 195 2 3 0.2 32
1 195 2 3 0.25 33
1 194 1 2 0.2 30
1 194 2 3 0.35 36
1 194 2 5 0.3 37
1 194 1 5 0.35 37
1 194 2 6 0.35 38
1 194 1 8 1.35 56
1 194 1 9 1.35 57
1 194 1 10 1.95 64
1 179 2 9 0.65 45
1 179 2 6 0.7 46
1 179 2 7 0.65 47
1 179 1 9 0.7 47
1 179 1 6 0.75 47
1 52 1 -9 1.85 61
1 179 1 7 0.8 48
1 179 1 8 1.35 50
1 179 2 7 0.95 51
1 179 1 6 1.55 53
1 179 2 6 1.45 54
1 180 2 6 0.65 45
1 180 2 7 0.7 48
1 180 2 7 0.8 49
1 180 2 6 0.95 51
1 180 1 7 1 51
1 180 1 6 0.95 52
1 180 1 8 1.2 52
1 180 1 9 1 53
1 180 2 7 1.45 56
1 180 1 8 1.25 57
1 182 2 5 0.45 41
1 182 1 5 0.5 43
1 182 1 6 0.65 44
1 182 2 5 0.6 45
1 182 1 5 0.75 47
1 182 2 5 0.9 47
1 182 2 7 0.9 48
1 182 1 6 0.95 48
1 182 1 7 0.95 50
1 182 2 7 1.2 53
1 178 2 8 0.85 43
1 178 2 6 0.6 46
1 178 2 6 0.9 47
1 178 1 5 1 47
1 178 1 6 0.85 48
1 178 1 6 0.9 48
1 178 2 6 0.9 49
1 178 1 7 0.95 49
1 178 1 7 1 49
1 178 1 5 1 49
1 178 2 7 1.1 50
1 178 1 8 0.95 51
1 178 1 8 1.1 51
1 178 1 6 1.15 51
1 178 1 7 1.25 52
1 178 2 8 1.15 53
1 178 1 7 1.25 53
1 178 1 8 1.35 53
1 178 2 9 1.35 53
1 178 2 6 1.45 54
1 177 2 5 0.75 46
1 177 2 8 1.05 48
1 177 2 7 1 49
1 177 1 7 1.15 50
1 177 2 7 1.2 50
1 177 2 8 1.15 52
1 177 2 6 1.4 52
1 177 1 8 1.15 53
1 177 2 8 1.45 54
1 177 1 8 1.6 60
1 189 2 5 0.35 38
1 189 1 5 0.55 43
1 189 1 6 0.65 44
1 189 1 5 0.65 44
1 189 2 7 0.9 50
1 189 2 8 1.05 52
1 189 2 9 1.1 54
1 189 1 8 1.2 54
1 189 1 8 1.35 54
1 189 2 10 1.25 55
1 188 1 7 0.45 39
1 188 2 5 0.5 40
1 188 2 5 0.45 42
1 188 2 7 0.55 44
1 188 1 5 0.6 44
1 188 1 6 0.6 45
1 188 2 6 0.9 51
1 188 1 7 1.35 54
1 188 1 7 1.2 55
1 188 2 11 1.45 55
1 183 2 5 0.4 40
1 183 2 7 0.6 45
1 183 1 6 0.65 45
1 183 1 5 0.65 46
1 183 1 7 0.85 49
1 183 2 6 0.85 49
1 183 2 7 0.95 51
1 183 2 9 1.15 55
1 183 1 8 1.2 55
1 183 1 7 1.2 56
1 184 2 5 0.45 41
1 184 2 5 0.5 42
1 184 1 5 0.55 43
1 184 2 5 0.55 44
1 184 2 7 0.6 45
1 184 2 6 0.9 48
1 184 1 7 0.9 49
1 184 1 7 1 50
1 184 1 6 0.95 52
1 184 1 10 1.2 57
1 186 1 5 0.55 42
1 186 1 9 0.6 43
1 186 1 6 0.6 44
1 186 2 7 0.65 44
1 186 1 7 0.7 46
1 186 1 7 0.75 46
1 186 2 6 0.8 47
1 186 2 8 0.75 48
1 186 2 8 1.15 54
1 186 2 8 1.25 55
1 190 1 5 0.4 38
1 190 2 5 0.4 39
1 190 2 6 0.4 40
1 190 2 4 0.45 40
1 190 2 7 0.5 41
1 190 2 5 0.5 42
1 190 1 5 0.55 42
1 190 1 7 0.6 45
1 190 1 5 0.65 45
1 190 1 6 1.2 54
1 185 1 7 0.5 42
1 185 2 7 0.7 46
1 185 2 -9 0.8 50
1 185 2 6 0.95 52
1 185 2 6 1.05 53
1 185 1 7 1.25 54
1 185 1 7 1.25 55
3 143 1 -9 0.35 39
3 143 1 -9 0.6 41
3 143 1 -9 0.6 46
3 143 2 -9 0.7 48
3 143 2 -9 1 50
3 143 1 -9 1.15 51
3 143 1 -9 1.05 53
3 143 2 -9 1.15 53
3 143 2 -9 1.2 53
3 143 1 -9 1.25 58
3 142 1 -9 0.5 40
3 147 2 -9 0.45 42
3 142 1 -9 0.55 42
3 142 1 -9 0.6 42
3 146 2 -9 0.55 43
3 142 2 -9 0.75 43
3 147 1 -9 0.55 44
3 142 2 -9 0.5 45
3 144 1 -9 0.65 46
3 140 2 -9 0.65 46
3 147 2 -9 0.75 46
3 142 1 -9 0.8 46
3 144 2 -9 0.7 47
3 144 1 -9 0.75 47
3 147 2 -9 0.75 47
3 144 2 -9 0.8 47
3 139 1 -9 0.75 48
3 145 1 -9 0.6 49
3 145 2 -9 0.65 49
3 144 1 -9 0.7 49
3 145 1 -9 0.85 49
3 144 2 -9 0.9 49
3 139 1 -9 0.8 50
3 144 1 -9 0.85 50
3 146 2 -9 0.9 50
3 146 1 -9 0.95 50
3 139 2 -9 1.1 50
3 144 2 -9 0.8 51
3 147 2 -9 0.85 51
3 140 1 -9 0.9 51
3 140 1 -9 0.9 51
3 139 2 -9 0.95 51
3 140 2 -9 0.9 52
3 139 1 -9 1.05 52
3 144 2 -9 1.05 52
3 146 2 -9 1.05 52
3 145 1 -9 0.95 53
3 140 1 -9 1 53
3 145 2 -9 1.05 53
3 142 1 -9 2 53
3 146 2 -9 1 54
3 140 1 -9 1.1 54
3 144 2 -9 1.15 54
3 140 1 -9 1.2 54
3 147 2 -9 1.3 54
3 145 2 -9 1.05 55
3 142 1 -9 1.15 55
3 142 1 -9 1.25 55
3 145 1 -9 1.5 55
3 146 2 -9 1 56
3 145 1 -9 1.1 56
3 142 2 -9 1.15 56
2 270 2 5 0.6 44
2 270 1 8 0.79 48
2 270 1 7 0.82 49
2 270 1 7 0.95 51
2 252 1 2 0.2 27
2 252 1 2 0.2 28
2 252 2 3 0.24 32
2 252 2 4 0.3 35
2 252 1 4 0.4 38
2 252 1 5 0.42 39
2 252 2 4 0.45 39
2 252 2 5 0.45 40
2 252 1 4 0.9 46
2 252 1 5 0.9 46
2 272 2 2 0.19 30
2 272 2 2 0.2 32
2 272 1 5 0.63 44
2 272 2 5 0.67 44
2 272 2 6 0.65 45
2 272 1 -9 0.65 47
3 139 2 -9 1.2 56
3 147 1 -9 1.25 56
3 146 2 -9 1.25 56
3 145 1 -9 1.3 56
3 140 1 -9 1.5 56
3 146 1 -9 1.2 57
3 147 1 -9 1.35 57
3 139 1 -9 1.45 57
3 147 1 -9 1.45 57
3 139 1 -9 1.5 57
3 139 1 -9 1.3 58
3 145 1 -9 1.3 58
3 140 1 -9 1.4 58
3 146 2 -9 1.4 58
3 146 1 -9 1.75 60
3 147 1 -9 1.85 60
3 139 1 -9 1.65 61
3 140 1 -9 1.4 62
3 141 1 -9 0.5 40
3 141 1 -9 0.6 42
3 141 2 -9 0.75 43
3 141 1 -9 0.8 46
3 138 2 -9 0.8 49
3 141 1 -9 1.15 50
3 138 1 -9 0.95 51
3 138 2 -9 1.05 51
3 138 1 -9 0.75 52
3 138 2 -9 1.05 53
3 138 2 -9 1.1 53
3 138 1 -9 1.15 53
3 141 1 -9 2 53
3 141 1 -9 1.1 54
3 138 1 -9 1.2 54
3 138 2 -9 1.1 55
3 141 1 -9 1.15 55
3 141 1 -9 1.25 55
3 141 2 -9 1.15 56
3 138 2 -9 1.35 58
2 266 1 6 0.92 50
2 266 1 7 0.71 46
2 266 1 7 0.78 48
2 273 2 2 0.17 29
2 273 2 2 0.2 33
2 273 2 7 0.6 45
2 273 2 6 0.93 49
2 273 2 7 0.96 53
2 267 2 4 0.33 36
2 267 2 5 0.38 37
2 267 2 5 0.37 38
2 267 2 5 0.41 40
2 267 2 5 0.41 40
2 261 2 5 0.48 41
2 261 1 5 0.47 42
2 261 2 5 0.52 43
2 261 2 5 0.5 44
2 261 2 5 0.71 47
2 261 1 7 0.77 49
2 261 1 5 0.8 50
2 261 1 8 1.3 57
2 257 2 5 0.4 38
2 257 2 5 0.46 40
2 257 2 4 0.46 41
2 257 2 7 0.65 44
2 264 1 5 0.36 38
2 264 1 5 0.45 42
2 264 1 5 0.46 42
2 264 1 6 0.67 46
2 264 1 6 0.77 50
2 262 1 3 0.33 35
2 262 1 4 0.4 39
2 262 1 5 0.5 41
2 262 1 5 0.55 43
2 262 1 5 0.68 46
2 254 1 3 0.17 30
2 254 2 5 0.39 38
2 254 1 5 0.5 41
2 254 2 5 0.52 43
2 254 1 5 0.55 44
2 254 2 5 0.6 44
2 254 2 6 0.61 45
2 254 2 8 0.75 49
2 259 2 5 0.37 36
2 259 2 6 0.6 45
2 259 2 6 0.62 46
2 265 2 3 0.26 33
2 265 2 5 0.4 39
2 265 2 5 0.42 39
2 265 2 5 0.45 40
2 265 2 5 0.5 41
2 260 1 5 0.4 40
2 260 1 4 0.46 42
2 260 1 5 0.57 44
2 260 1 6 0.65 47
2 260 2 6 0.67 47
2 260 1 7 0.75 48
2 258 1 5 0.4 40
2 258 1 5 0.55 42
2 258 1 6 0.6 45
2 258 1 -9 0.66 47
2 258 1 7 0.65 49
2 266 1 5 0.39 38
2 266 1 5 0.53 41
2 277 2 2 0.13 28
2 277 2 2 0.16 29
2 277 2 2 0.17 30
2 277 2 3 0.33 34
2 277 2 6 0.77 47
2 272 1 6 0.75 49
2 272 1 7 0.93 51
2 272 2 7 0.94 51
2 272 1 8 1.1 52
2 269 2 2 0.16 29
2 269 2 3 0.21 32
2 269 1 3 0.28 36
2 269 2 4 0.3 36
2 269 2 5 0.35 37
2 269 1 4 0.38 39
2 269 1 4 0.4 40
2 269 2 5 0.49 42
2 269 1 5 0.51 43
2 269 1 6 0.58 45
2 268 1 2 0.18 29
2 268 1 2 0.19 30
2 268 1 4 0.25 33
2 268 2 3 0.25 33
2 268 2 4 0.25 34
2 268 2 5 0.35 37
2 268 2 -9 0.4 38
2 268 1 4 0.44 40
2 268 2 5 0.5 42
2 268 1 5 0.52 43
2 253 1 2 0.15 26
2 253 1 5 0.31 40
2 274 2 2 0.13 28
2 274 2 3 0.16 30
2 274 1 2 0.17 30
2 274 1 2 0.18 31
2 274 2 3 0.24 33
2 274 2 4 0.29 35
2 274 1 3 0.3 36
2 274 1 -9 0.37 37
2 274 1 5 0.64 45
2 274 2 7 0.73 47
2 275 1 2 0.13 27
2 275 2 2 0.15 28
2 275 2 2 0.16 29
2 275 1 2 0.18 30
2 275 2 2 0.2 31
2 275 2 4 0.26 33
2 275 2 5 0.31 35
2 275 1 4 0.3 36
2 275 1 5 0.45 37
2 275 1 5 0.5 44
2 276 1 2 0.12 27
2 276 1 2 0.16 28
2 276 2 2 0.16 28
2 276 1 2 0.17 29
2 276 1 2 0.18 30
2 276 2 2 0.2 31
2 276 1 2 0.21 31
2 276 2 3 0.27 32
2 276 1 3 0.21 33
2 276 2 3 0.28 35
2 276 1 5 0.31 35
2 276 1 5 0.33 36
2 276 1 4 0.34 37
2 276 1 5 0.64 45
2 276 2 8 0.85 52
2 271 1 4 0.29 35
2 271 1 6 0.7 47
2 271 1 7 0.71 47
2 271 1 5 0.87 49
2 271 1 5 0.95 52
2 270 1 3 0.17 31
2 270 2 2 0.2 31
2 270 1 2 0.21 31
2 270 2 4 0.27 34
2 270 2 4 0.3 36
2 263 2 5 0.4 37
2 263 2 4 0.46 39
2 263 2 5 0.42 40
2 263 2 5 0.55 43
2 263 2 -9 0.76 47
2 270 2 5 0.5 43
2 256 1 4 0.4 38
2 256 1 5 0.41 39
2 256 1 4 0.48 41
2 256 1 5 0.6 42
2 256 1 5 0.65 43
2 255 2 5 0.45 39
2 255 2 5 0.5 41
2 255 2 6 0.5 42
2 255 2 5 0.55 42
2 255 2 6 0.7 49
2 261 2 5 0.4 38
2 261 1 -9 0.45 41
2 250 2 -9 0.45 40
2 250 2 -9 0.59 43
2 250 1 -9 0.66 44
2 250 1 -9 0.61 46
2 250 1 -9 0.68 46
2 250 2 -9 0.88 51
2 249 2 -9 0.36 38
2 249 2 -9 0.39 39
2 249 1 -9 0.45 40
2 249 2 -9 0.45 40
2 249 1 -9 0.78 40
2 249 2 -9 0.45 41
2 249 1 -9 0.54 42
2 249 2 -9 0.54 44
2 249 2 -9 0.57 44
2 249 1 -9 0.86 50
2 248 2 -9 0.41 40
2 248 2 -9 0.48 40
2 248 1 -9 0.61 41
2 248 1 -9 0.52 42
2 248 2 -9 0.73 45
2 248 2 -9 0.59 46
2 248 1 -9 0.77 47
2 248 1 -9 0.66 48
2 248 1 -9 0.7 50
2 248 1 -9 0.61 55
2 251 2 -9 0.43 39
2 251 1 -9 0.45 39
2 251 2 -9 0.45 39
2 251 1 -9 0.48 39
2 251 1 -9 0.54 39
2 251 1 -9 0.43 40
2 251 1 -9 0.48 41
2 251 1 -9 0.54 41
2 251 2 -9 0.68 45
2 251 2 -9 0.68 47
2 228 1 5 0.36 39
2 228 1 -9 0.42 39
2 228 1 5 0.44 39
2 228 1 4 0.5 40
2 228 1 5 0.58 43
2 228 2 5 0.56 44
2 228 2 5 0.56 44
2 228 1 5 0.58 44
2 228 1 5 0.62 45
2 228 1 -9 0.66 45
2 228 2 6 0.72 46
2 228 2 8 0.72 47
2 228 2 8 0.76 49
2 228 1 6 0.94 50
2 229 1 4 0.38 37
2 229 1 5 0.42 37
2 229 1 5 0.4 38
2 229 1 5 0.44 38
2 229 2 5 0.46 38
2 229 1 4 0.4 39
2 229 2 5 0.42 39
2 229 2 5 0.42 39
2 229 1 4 0.44 40
2 229 1 5 0.46 40
2 229 1 5 0.46 40
2 229 1 5 0.5 42
2 229 1 5 0.64 42
2 229 1 5 0.64 44
2 229 1 6 0.68 45
2 229 2 5 0.7 46
2 229 2 6 0.72 47
2 229 2 8 0.72 47
2 229 1 5 0.76 47
2 229 2 7 0.82 48
2 230 2 4 0.38 37
2 230 1 4 0.4 38
2 230 2 5 0.44 38
2 230 2 5 0.42 39
2 230 2 5 0.46 39
2 230 2 -9 0.88 39
2 230 1 -9 0.56 44
2 230 1 5 0.66 45
2 230 1 -9 0.64 46
2 230 2 5 0.66 46
2 230 1 5 0.7 46
2 230 2 5 0.74 46
2 230 1 7 0.62 47
2 230 2 6 0.78 47
2 230 2 6 0.72 48
2 230 1 -9 0.74 48
2 230 1 6 0.74 48
2 230 1 6 0.8 49
2 230 2 6 0.94 49
2 230 2 7 0.9 50
2 231 1 2 0.24 31
2 231 1 4 0.34 36
2 231 2 4 0.34 36
2 231 2 4 0.36 36
2 231 2 5 0.44 36
2 231 2 5 0.38 37
2 245 2 -9 0.54 41
2 245 2 -9 0.57 41
2 245 2 -9 0.64 41
2 245 2 -9 1.2 41
2 245 2 -9 0.57 42
2 245 1 -9 1.2 42
2 245 1 -9 1.3 42
2 245 2 -9 1.35 42
2 245 1 -9 1.3 45
2 245 1 -9 1.55 45
2 245 1 -9 0.73 46
2 245 2 -9 0.77 46
2 245 2 -9 0.95 49
2 245 2 -9 1 49
2 245 1 -9 0.93 51
2 247 1 -9 0.57 42
2 247 2 -9 0.64 42
2 247 1 -9 0.61 43
2 247 1 -9 0.61 43
2 247 1 -9 0.68 44
2 247 1 -9 0.7 45
2 247 2 -9 0.73 46
2 247 1 -9 0.77 47
2 247 1 -9 0.84 47
2 247 2 -9 0.77 49
2 250 1 -9 0.43 40
2 250 2 -9 0.43 40
2 250 2 -9 0.43 40
2 250 1 -9 0.45 40
2 225 2 5 0.64 44
2 225 2 7 0.62 45
2 225 1 6 0.66 46
2 225 1 -9 0.7 48
2 228 2 4 0.32 35
2 228 1 5 0.36 37
2 228 2 4 0.4 37
2 228 2 5 0.38 38
2 228 1 5 0.46 38
2 228 2 5 0.5 38
2 232 1 3 0.26 33
2 232 1 2 0.28 33
2 232 2 3 0.32 34
2 232 2 3 0.24 35
2 232 2 3 0.3 35
2 232 2 4 0.3 35
2 232 1 3 0.32 35
2 232 2 4 0.34 36
2 232 1 4 0.36 36
2 232 2 -9 0.74 37
2 232 1 -9 0.7 48
2 232 1 -9 0.72 49
2 232 1 8 0.94 50
2 225 2 5 0.4 38
2 225 1 3 0.24 39
2 225 2 5 0.54 39
2 225 1 5 0.44 40
2 225 2 5 0.46 40
2 225 2 5 0.54 40
2 225 2 4 0.46 41
2 225 1 4 0.48 41
2 225 1 5 0.48 41
2 225 1 5 0.48 41
2 225 2 5 0.5 42
2 225 2 4 0.58 42
2 225 1 -9 0.58 43
2 225 2 5 0.58 43
2 225 1 5 0.58 44
2 225 2 5 0.6 44
2 231 2 5 0.38 37
2 231 2 4 0.4 37
2 231 2 5 0.46 41
2 231 2 5 0.5 41
2 231 2 5 0.52 41
2 231 2 5 0.54 43
2 231 1 6 0.6 45
2 231 2 5 0.62 45
2 231 2 5 0.78 45
2 231 1 5 0.64 47
2 231 1 7 0.64 47
2 231 1 -9 0.74 47
2 231 2 9 1.08 55
2 231 1 -9 1.14 55
2 243 2 -9 0.5 43
2 243 1 -9 0.52 43
2 243 1 -9 0.54 44
2 243 1 -9 0.73 45
2 243 2 -9 0.59 46
2 243 1 -9 0.79 47
2 243 1 -9 0.77 48
2 243 1 -9 0.93 50
2 243 2 -9 0.93 51
2 244 2 -9 0.61 42
2 244 2 -9 0.68 42
2 244 2 -9 0.7 46
2 244 1 -9 0.79 47
2 244 1 -9 0.95 50
2 246 2 -9 0.43 41
2 246 1 -9 0.59 43
2 246 2 -9 0.59 43
2 246 2 -9 0.59 43
2 246 2 -9 0.61 43
2 246 1 -9 0.64 45
2 246 2 -9 0.7 46
2 246 1 -9 0.73 47
2 246 2 -9 0.82 49
2 246 1 -9 1.07 52
2 226 1 5 0.66 45
2 227 2 5 0.48 40
2 227 2 5 0.56 40
2 227 1 5 0.52 42
2 227 2 5 0.56 42
2 227 2 5 0.6 42
2 227 1 5 0.56 43
2 227 2 5 0.58 43
2 227 2 5 0.62 43
2 227 2 5 0.64 44
2 227 1 4 0.66 44
2 227 2 6 0.72 45
2 227 2 5 0.62 46
2 227 1 5 0.64 46
2 227 1 5 0.68 46
2 227 1 5 0.74 47
2 227 2 6 0.72 48
2 227 2 6 0.8 48
2 227 1 7 0.88 50
2 227 1 7 0.98 52
2 227 1 8 1.28 55
2 226 1 3 0.36 37
2 226 2 7 0.66 45
2 226 1 6 0.64 46
2 226 1 6 0.64 48
2 226 2 8 0.64 48
2 226 2 9 0.78 48
2 226 1 6 0.92 52
2 226 1 6 1.02 52
2 232 1 2 0.18 30
2 232 2 2 0.2 30
2 232 1 2 0.26 30
2 232 2 4 0.22 32
2 232 2 2 0.24 32
2 232 2 2 0.24 32
2 232 1 2 0.22 33
3 217 1 3 0.33 36
3 217 2 4 0.33 37
3 217 2 3 0.35 37
3 217 2 6 0.36 40
3 217 1 4 0.42 40
3 217 1 5 0.44 40
3 217 1 5 0.43 41
3 217 1 5 0.45 41
3 217 2 5 0.47 41
3 217 2 5 0.48 41
3 217 2 5 0.5 41
3 217 1 5 0.52 43
3 217 1 6 0.52 43
3 217 1 5 0.56 43
3 217 2 7 0.75 46
3 217 2 11 0.58 47
3 217 2 7 0.65 47
3 217 2 -9 0.74 48
3 217 2 9 1.1 52
3 217 1 7 1.15 59
3 217 1 16 1.8 64
3 219 1 2 0.14 29
3 219 1 2 0.18 30
3 219 1 2 0.25 33
3 219 1 2 0.25 33
3 219 1 2 0.24 34
3 219 2 3 0.28 34
3 219 1 2 0.28 35
2 226 1 5 0.38 38
2 226 2 5 0.48 40
2 226 1 5 0.46 41
2 226 2 5 0.48 41
2 226 1 5 0.5 41
2 226 1 5 0.52 42
2 226 1 5 0.58 42
2 226 2 5 0.58 42
2 226 1 5 0.58 43
2 226 1 5 0.62 43
2 226 2 5 0.56 44
3 219 2 3 0.28 35
3 219 1 3 0.32 36
3 219 2 3 0.34 36
3 219 1 3 0.37 37
3 219 1 5 0.33 38
3 219 2 5 0.36 38
3 219 1 5 0.38 38
3 219 2 5 0.38 38
3 219 1 5 0.39 39
3 219 1 4 0.39 40
3 219 2 5 0.5 45
3 219 2 8 1 52
2 212 1 5 0.54 40
2 212 2 5 0.55 41
1 17 2 5 0.48 38
1 17 1 5 0.52 41
1 17 2 5 0.52 42
1 17 1 6 0.59 44
1 17 2 6 0.6 44
1 17 2 6 0.61 45
1 17 2 6 0.64 46
1 17 1 7 0.69 46
1 17 1 7 0.72 47
1 17 2 6 0.79 47
1 17 1 6 0.83 48
1 17 1 7 0.82 49
1 17 2 8 0.92 49
1 17 1 7 0.97 49
1 17 1 8 0.95 50
1 17 2 6 0.9 52
1 17 2 12 1.1 54
1 17 1 7 1.23 54
1 17 2 18 1.31 57
1 17 1 9 1.32 57
1 18 2 5 0.41 38
1 18 2 5 0.49 40
1 18 2 6 0.57 42
1 18 2 6 0.57 43
1 18 1 5 0.66 43
1 18 2 6 0.58 44
1 18 1 7 0.63 44
1 18 1 5 0.65 44
1 16 2 6 0.65 44
1 18 1 6 0.63 45
1 16 2 7 0.72 45
1 16 1 7 0.75 45
1 16 2 7 0.7 46
1 16 1 6 0.73 46
1 18 1 7 0.65 47
1 16 2 6 0.82 47
1 18 2 7 0.8 48
1 18 1 8 0.82 48
1 16 2 7 0.88 48
1 18 1 7 0.79 49
1 18 2 8 0.94 49
1 16 1 8 0.99 49
2 212 1 5 0.55 42
2 212 2 4 0.56 42
2 212 2 7 0.63 42
2 212 2 5 0.6 43
2 212 1 5 0.6 44
2 212 1 5 0.65 44
2 212 1 5 0.7 45
2 212 1 6 0.28 46
2 212 1 5 0.75 47
2 212 1 6 0.75 48
2 212 1 8 0.67 49
2 212 1 6 0.7 49
2 212 1 6 0.77 50
2 212 1 7 0.78 50
2 212 1 7 0.88 51
2 212 2 9 0.96 51
2 212 1 7 1.07 55
2 212 1 7 1.25 56
1 16 1 7 1.05 50
1 16 2 9 1.11 50
1 16 1 7 0.95 51
1 18 2 9 1.12 51
1 16 1 7 1 52
1 16 2 7 1.12 52
1 16 1 10 1.05 53
1 16 2 11 1.25 53
1 16 2 14 1.13 54
1 16 2 8 1.07 55
1 16 1 9 1.24 55
1 18 2 8 1.59 56
1 16 1 -9 1.61 56
1 18 1 11 1.52 58
1 18 2 15 1.67 58
1 18 1 15 1.6 60
1 18 1 10 2.13 62
1 16 1 12 1.94 64
2 221 2 4 0.55 40
2 221 1 5 0.7 41
2 221 2 6 0.57 42
2 221 2 6 0.65 42
2 221 1 5 0.7 42
2 221 1 6 0.6 43
2 221 2 5 0.63 43
2 221 1 5 0.75 45
2 221 1 7 0.8 47
2 224 1 4 0.26 35
2 224 1 2 0.29 35
2 224 1 5 0.36 37
2 224 2 4 0.34 38
2 224 2 4 0.39 40
2 224 2 5 0.4 40
2 224 2 4 0.4 41
2 224 2 5 0.45 42
2 224 1 6 0.4 43
2 224 2 7 0.47 46
2 222 1 2 0.3 27
2 222 1 2 0.31 29
2 222 2 2 0.3 30
2 222 2 5 0.48 39
2 222 1 4 0.47 40
2 222 1 5 0.51 40
2 222 2 5 0.63 40
2 222 2 4 0.75 42
2 222 2 5 0.55 43
2 222 2 7 0.8 48
2 223 1 2 0.3 28
2 223 1 4 0.4 36
2 223 1 4 0.32 37
2 221 2 4 0.45 39
2 223 2 4 0.33 37
2 223 2 5 0.45 38
2 223 2 5 0.47 38
2 223 2 4 0.47 38
2 223 2 6 0.48 42
2 223 2 5 0.55 45
3 219 1 5 1.05 55
3 219 1 8 1.26 57
3 218 1 1 0.05 19
3 218 2 5 0.46 38
3 218 1 5 0.37 39
3 218 1 5 0.5 39
3 218 1 5 0.45 40
3 218 2 5 0.53 43
3 218 2 10 0.62 47
3 218 1 7 0.95 52
3 218 2 9 1.02 52
3 218 1 8 1.03 52
3 218 1 7 0.89 53
3 218 1 9 0.97 53
3 218 1 7 1.01 53
3 218 2 9 1.03 53
3 218 2 8 1.17 53
3 218 2 8 1.2 55
3 218 1 6 1.32 55
3 218 1 6 1.15 57
3 218 1 8 1.35 57
2 216 2 5 0.56 41
2 216 2 5 0.55 42
2 216 1 4 0.62 43
2 216 2 6 0.55 44
2 216 2 5 0.65 44
2 216 1 5 0.75 47
2 216 1 7 0.75 47
2 216 1 6 0.7 48
2 216 2 5 0.7 48
2 216 2 9 0.75 48
2 216 1 6 0.82 48
2 216 1 6 0.88 48
2 216 2 7 0.75 49
2 216 2 6 0.8 49
2 216 2 6 0.93 50
2 216 1 8 0.9 51
2 216 1 9 0.95 51
2 216 1 -9 1.15 54
2 216 2 8 1.3 54
2 216 2 7 1.1 55
2 213 2 -9 0.4 39
2 213 2 5 0.4 39
2 213 2 5 0.4 40
2 213 2 5 0.5 40
2 213 1 5 0.55 41
2 213 2 5 0.5 42
2 213 2 5 0.5 42
2 213 1 3 0.52 42
2 213 2 5 0.55 43
2 213 2 6 0.62 43
2 213 1 5 0.55 44
2 213 2 5 0.6 44
2 213 1 5 0.6 46
2 213 1 5 0.65 46
2 213 1 4 0.75 47
2 213 2 5 0.7 48
2 213 2 6 0.7 50
2 213 2 6 0.85 50
2 213 1 9 0.95 57
2 211 2 5 0.45 39
2 211 2 -9 0.52 40
2 213 2 5 0.38 39
2 211 1 6 0.52 41
2 211 2 5 0.46 42
2 211 1 6 0.58 44
2 211 1 5 0.6 44
2 211 1 7 0.62 45
2 211 1 5 0.86 45
2 211 1 5 0.77 46
2 211 1 7 0.7 47
2 211 2 7 0.73 48
2 211 1 6 0.8 48
2 211 1 10 0.69 49
2 211 1 6 0.8 49
2 211 1 7 0.75 50
2 211 1 -9 0.85 50
2 211 1 6 0.9 50
2 211 1 6 0.95 50
2 211 1 6 0.87 51
2 211 1 8 0.92 53
2 214 2 5 0.48 39
2 214 2 5 0.65 40
2 214 1 5 0.5 42
2 214 1 5 0.6 42
2 214 1 5 0.6 42
2 214 2 5 0.5 43
2 214 1 7 0.58 43
2 214 1 5 0.6 45
2 214 2 7 0.65 45
2 214 1 5 0.62 46
2 214 2 5 0.7 46
2 214 2 6 0.75 46
2 214 1 7 0.7 47
2 214 2 -9 0.8 49
2 214 2 7 0.85 49
2 214 2 6 0.8 50
2 214 1 8 0.9 51
2 214 2 9 1 51
2 214 1 8 1 53
2 214 2 8 1 53
2 215 1 2 0.1 26
2 215 2 2 0.18 28
2 215 2 2 0.15 29
2 215 1 2 0.25 30
2 215 2 2 0.2 32
2 215 2 2 0.25 32
2 215 1 2 0.28 32
2 215 1 2 0.29 32
2 215 1 2 0.33 34
2 215 2 3 0.34 35
2 215 2 5 0.44 38
2 215 1 5 0.48 41
2 215 2 8 0.71 42
2 215 2 6 0.65 44
2 215 2 8 0.7 44
2 215 1 5 0.64 45
2 215 1 8 0.81 45
2 215 2 9 0.62 47
2 215 2 6 0.74 47
2 215 2 8 0.82 49
2 220 2 4 0.38 37
2 220 2 5 0.4 37
2 220 1 5 0.41 38
2 220 1 5 0.44 38
2 220 2 5 0.49 38
2 220 1 5 0.44 39
2 220 1 5 0.44 39
2 220 2 5 0.55 45
2 220 2 6 0.59 45
2 220 2 6 0.64 45
2 220 2 6 0.85 51
2 220 2 7 0.87 51
2 220 2 7 0.93 51
2 220 2 6 0.97 52
2 220 2 5 0.91 53
2 220 2 7 0.99 53
2 220 1 7 0.96 54
2 220 1 7 1.04 54
2 220 1 9 1.16 54
1 171 1 4 0.36 37
1 171 1 5 0.52 40
1 159 2 6 0.75 46
1 159 2 6 0.9 47
1 159 1 7 0.95 49
1 159 2 7 1.05 50
1 159 1 8 1.05 55
1 159 1 8 1.55 56
1 159 1 8 1.5 59
1 175 2 5 0.37 37
1 175 2 6 0.36 39
1 175 2 7 0.5 42
1 175 1 6 0.56 44
1 175 1 6 0.65 46
1 176 2 5 0.3 37
1 176 1 6 0.4 40
1 176 2 7 0.52 40
1 176 1 7 0.43 41
1 176 2 17 1.05 54
1 173 2 5 0.36 37
1 173 2 5 0.4 39
1 173 1 5 0.43 39
1 173 1 6 0.4 40
1 173 1 7 0.51 42
1 173 2 7 0.6 45
1 173 1 9 1.11 53
1 173 1 8 1.59 55
1 173 1 10 1.32 56
1 173 1 12 1.6 58
1 174 2 5 0.31 37
1 174 2 6 0.35 38
1 174 2 5 0.46 40
1 174 2 6 0.45 41
1 174 1 6 0.46 41
1 174 2 7 0.46 41
1 174 1 6 0.57 43
1 174 1 7 0.6 43
3 124 1 -9 0.45 41
3 129 1 -9 0.6 46
3 129 1 -9 0.6 46
3 127 1 -9 0.65 46
3 129 2 -9 0.65 46
3 123 2 -9 0.75 46
3 120 2 -9 0.85 46
3 126 1 -9 0.65 47
3 124 1 -9 0.7 47
3 128 2 -9 0.7 47
3 126 1 -9 0.75 47
3 130 2 -9 0.75 47
3 125 2 -9 0.8 47
3 130 2 -9 0.8 47
3 123 2 -9 0.9 47
3 125 1 -9 0.65 48
3 128 1 -9 0.7 48
3 126 2 -9 0.8 48
3 122 1 -9 0.85 48
3 126 1 -9 0.85 48
3 130 1 -9 0.85 48
3 118 2 -9 0.85 48
3 127 1 -9 0.5 41
3 127 2 -9 0.5 41
3 128 1 -9 0.55 42
3 120 2 -9 0.65 42
3 127 2 -9 0.5 43
3 127 2 -9 0.55 43
3 122 1 -9 0.6 43
3 126 2 -9 0.65 43
3 129 2 -9 0.7 43
3 125 2 -9 0.55 44
3 129 2 -9 0.6 44
3 127 1 -9 0.65 44
3 129 2 -9 0.65 44
3 129 1 -9 0.65 45
3 127 2 -9 0.65 45
3 124 2 -9 0.7 45
3 121 2 -9 0.9 48
3 123 2 -9 1 48
3 128 1 -9 0.7 49
3 126 1 -9 0.8 49
3 128 2 -9 0.8 49
3 128 2 -9 0.8 49
3 124 2 -9 0.85 49
3 128 2 -9 0.85 49
3 121 1 -9 0.9 49
3 124 2 -9 0.9 49
3 121 1 -9 0.95 49
3 120 1 -9 1 49
3 122 1 -9 1 49
3 128 1 -9 0.85 50
3 127 2 -9 0.85 50
3 127 2 -9 0.9 50
3 130 1 -9 0.95 50
3 122 2 -9 0.95 50
3 126 2 -9 0.95 50
3 130 2 -9 1 50
3 126 1 -9 1.05 50
3 130 2 -9 1.05 50
3 129 1 -9 0.85 51
3 127 1 -9 0.9 51
3 125 1 -9 0.95 51
3 118 2 -9 0.95 51
3 129 2 -9 1 51
3 119 2 -9 1.05 51
3 119 2 -9 1.05 51
3 128 2 -9 1.05 51
3 117 2 -9 1.1 51
3 130 2 -9 1.1 51
3 130 2 -9 1.1 51
3 128 2 -9 0.85 52
3 128 1 -9 0.9 52
3 130 1 -9 0.95 52
3 122 2 -9 0.95 52
3 127 2 -9 1 52
3 127 1 -9 1.05 52
3 117 2 -9 1.05 52
3 118 1 -9 1.1 52
3 121 2 -9 1.2 52
3 122 2 -9 1.2 52
3 123 1 -9 1.25 52
3 130 2 -9 1.25 52
3 129 2 -9 1 53
3 119 2 -9 1.05 53
3 126 2 -9 1.05 53
3 130 1 -9 1.1 53
3 119 2 -9 1.1 53
3 120 2 -9 1.1 53
3 127 2 -9 1.1 53
3 121 1 -9 1.15 53
3 129 1 -9 1.15 53
3 130 1 -9 1.15 53
3 122 1 -9 1.2 53
3 120 2 -9 1.2 53
3 128 2 -9 1.2 53
3 119 1 -9 1.25 53
3 117 2 -9 1.25 53
3 127 2 -9 1.25 53
3 127 1 -9 1.05 54
3 127 2 -9 1.05 54
3 126 2 -9 1.1 54
3 129 2 -9 1.1 54
3 124 1 -9 1.15 54
3 128 1 -9 1.15 54
3 130 1 -9 1.15 54
3 121 2 -9 1.15 54
3 126 2 -9 1.2 54
3 118 1 -9 1.25 54
3 123 1 -9 1.25 54
3 126 2 -9 1.25 54
3 117 2 -9 1.3 54
3 119 1 -9 1.35 54
3 117 2 -9 1.35 54
3 128 2 -9 1.35 54
3 119 2 -9 1.4 54
3 130 1 -9 0.9 55
3 121 1 -9 1.1 55
3 123 1 -9 1.1 55
3 117 1 -9 1.15 55
3 129 1 -9 1.15 55
3 124 2 -9 1.2 55
3 124 2 -9 1.2 55
3 126 2 -9 1.25 55
3 126 2 -9 1.25 55
3 125 2 -9 1.3 55
3 130 1 -9 1.35 55
3 129 2 -9 1.4 55
3 117 1 -9 1.45 55
3 129 2 -9 1.45 55
3 127 1 -9 1.5 55
3 127 1 -9 0.95 56
3 127 1 -9 1.15 56
3 128 2 -9 1.15 56
3 122 1 -9 1.2 56
3 124 1 -9 1.25 56
3 126 1 -9 1.25 56
3 122 2 -9 1.25 56
3 123 2 -9 1.3 56
3 128 2 -9 1.3 56
3 120 1 -9 1.4 56
3 127 1 -9 1.4 56
3 118 2 -9 1.4 56
3 120 2 -9 1.4 56
3 123 1 -9 1.45 56
3 121 2 -9 1.45 56
3 130 2 -9 1.6 56
3 118 2 -9 1.1 57
3 123 2 -9 1.15 57
3 119 1 -9 1.2 57
3 129 1 -9 1.2 57
3 120 1 -9 1.25 57
3 126 1 -9 1.3 57
3 128 1 -9 1.3 57
3 126 2 -9 1.3 57
3 130 2 -9 1.35 57
3 130 2 -9 1.4 57
3 129 1 -9 1.45 57
3 117 1 -9 1.5 57
3 130 1 -9 1.5 57
3 121 2 -9 1.5 57
3 118 1 -9 1.55 57
3 125 2 -9 1.6 57
3 128 1 -9 1.25 58
3 128 1 -9 1.25 58
3 122 2 -9 1.35 58
3 126 1 -9 1.45 58
3 117 1 -9 1.5 58
1 161 2 7 0.7 44
1 161 2 7 0.8 47
1 171 2 5 0.5 42
1 171 2 6 0.55 44
1 171 2 5 0.58 44
1 171 2 6 0.61 44
1 171 1 8 0.61 45
1 170 1 2 0.12 26
1 170 1 5 0.38 36
1 170 2 6 0.47 40
1 170 2 5 0.51 41
1 170 2 7 0.51 42
1 170 1 5 0.62 44
1 170 1 5 0.67 45
1 170 2 8 0.88 48
1 170 1 9 1.05 51
1 170 2 6 0.98 52
1 163 2 6 0.7 43
1 163 1 6 0.85 46
1 163 1 7 0.8 47
1 163 2 8 1 51
1 163 1 8 1.05 51
1 163 2 8 1.1 51
1 163 1 9 0.85 52
1 163 2 8 1.2 52
1 167 2 5 0.31 35
1 167 1 5 0.45 39
3 128 1 -9 1.5 58
3 120 1 -9 1.55 58
3 126 1 -9 1.6 58
3 121 1 -9 1.75 58
3 118 1 -9 1.8 58
3 130 1 -9 1.4 59
3 125 2 -9 1.5 59
3 120 1 -9 1.55 59
3 118 1 -9 1.7 59
3 123 1 -9 1.7 59
3 118 2 -9 1.45 60
3 126 1 -9 1.55 60
3 117 1 -9 1.65 60
3 129 1 -9 1.5 61
3 125 1 -9 1.55 61
3 119 1 -9 1.8 61
3 129 1 -9 1.35 62
3 119 1 -9 1.65 62
3 124 1 -9 1.45 63
3 125 1 -9 1.8 68
3 129 2 -9 2.7 70
3 125 1 -9 2.6 73
1 161 2 7 1 47
1 163 1 7 1.4 54
1 163 2 9 1.4 55
1 172 2 4 0.33 37
1 172 2 6 0.42 40
1 172 1 5 0.49 41
1 172 2 5 0.49 41
1 172 2 6 0.45 42
1 172 1 5 0.51 43
1 172 2 7 0.6 43
1 172 1 6 0.63 45
1 172 1 6 0.66 46
1 172 1 6 0.84 46
1 164 1 2 0.05 24
1 164 2 6 0.42 30
1 164 2 7 0.75 46
1 164 2 8 0.9 50
1 164 2 6 1.05 51
1 164 1 8 1.1 52
1 164 1 8 1.15 52
1 164 1 7 1.25 54
1 164 2 8 1.45 55
1 171 1 6 0.47 42
1 164 1 10 1.5 56
1 167 1 2 0.14 27
1 167 2 4 0.51 41
1 167 1 5 0.52 42
1 167 2 7 0.55 43
1 167 2 6 0.65 45
1 167 1 8 0.91 48
1 167 1 8 1.4 53
1 168 2 5 0.52 43
1 168 2 6 0.74 46
1 168 2 9 0.76 49
1 168 2 8 0.92 50
1 168 2 10 1.11 55
1 168 1 6 1.65 56
1 168 1 9 1.47 58
1 168 1 13 1.66 61
1 168 1 9 2.2 64
1 168 1 13 2.3 66
1 160 2 6 0.4 38
1 160 2 7 0.75 46
1 160 1 6 0.8 47
1 160 1 7 0.83 49
1 160 2 8 0.98 49
1 160 1 7 1.03 50
1 160 2 7 1.03 50
1 160 1 9 1.04 50
1 160 2 7 1.05 50
1 160 1 8 1.4 56
1 158 1 3 0.3 33
1 158 1 6 0.7 45
1 158 1 6 0.8 48
1 158 1 9 1 49
1 158 1 7 1.05 50
1 158 1 6 0.9 51
1 158 1 9 1.2 51
1 158 1 7 1.15 52
1 158 1 8 1.3 52
1 158 1 8 1.7 57
1 167 2 3 0.27 34
1 159 1 5 0.55 42
1 159 2 6 0.7 44
1 159 2 6 0.7 45
1 174 1 8 1.37 55
1 174 1 8 1.4 56
1 169 2 5 0.32 36
1 169 2 5 0.42 39
1 169 2 5 0.42 39
1 169 1 5 0.44 40
1 169 1 5 0.46 41
1 169 1 6 0.57 43
1 169 2 5 0.57 43
1 169 1 7 0.54 44
1 169 2 8 0.63 45
1 169 1 6 0.64 45
1 161 1 7 1.3 54
1 161 1 8 1.45 54
1 161 1 8 1.6 54
1 161 2 7 1.45 56
1 162 1 6 0.58 43
1 162 1 6 0.67 44
1 162 2 7 0.8 47
1 162 2 8 0.87 47
1 162 1 8 0.77 48
1 162 2 7 0.9 48
1 162 2 6 0.95 48
1 162 2 8 0.95 49
1 162 1 8 1.07 50
1 162 1 7 1.2 53
1 166 1 3 0.25 33
1 166 2 6 0.6 42
1 166 2 5 0.65 43
1 166 1 3 0.65 44
1 166 2 7 0.7 45
1 166 1 5 0.7 47
1 166 1 7 0.7 47
1 166 1 8 1.05 52
1 166 2 6 1.1 52
1 166 2 10 1.1 52
1 165 2 7 0.75 46
1 165 2 7 0.9 46
1 165 1 7 0.75 47
1 165 1 7 0.8 48
1 165 1 7 0.85 48
1 165 2 8 1 48
1 165 1 7 0.9 49
1 165 1 7 0.9 49
1 161 2 8 0.9 49
1 161 1 6 0.95 50
1 161 1 9 1.25 51
1 165 2 7 0.95 49
1 165 2 7 1.1 51
1 171 1 3 0.22 31
1 171 2 3 0.27 33
1 24 2 2 0.12 26
1 23 1 2 0.15 27
1 24 1 2 0.15 27
1 24 2 2 0.15 27
1 24 1 2 0.17 27
1 23 1 2 0.15 28
1 24 1 2 0.15 28
1 24 1 2 0.17 28
1 24 2 2 0.17 28
1 24 2 2 0.17 29
1 24 2 3 0.17 29
1 23 1 2 0.2 29
1 23 2 2 0.2 30
1 23 2 3 0.2 30
1 24 2 2 0.2 30
1 23 1 2 0.22 31
1 23 1 2 0.23 32
1 23 1 2 0.25 33
1 23 2 2 0.25 33
1 23 2 4 0.25 33
1 22 1 4 0.25 32
1 22 2 3 0.25 32
1 26 1 4 0.35 35
1 25 1 5 0.35 38
1 22 2 5 0.35 38
1 25 2 5 0.45 39
1 25 2 4 0.45 40
1 25 1 -9 0.47 40
1 27 2 5 0.55 40
1 20 2 5 0.45 41
1 27 1 6 0.55 42
1 26 2 5 0.6 43
1 20 1 9 0.6 44
1 26 2 5 0.6 44
1 27 1 7 0.62 44
1 25 1 5 0.75 44
1 21 2 7 0.6 45
1 27 2 6 0.6 45
1 19 2 7 0.62 45
1 19 2 6 0.65 45
1 25 2 6 0.65 45
1 25 2 7 0.7 45
1 21 2 5 0.75 46
1 19 1 7 0.65 47
1 19 2 7 0.79 47
1 21 2 6 0.8 47
1 27 2 6 0.8 47
1 21 1 6 0.85 47
1 27 1 6 0.85 47
1 20 2 6 0.9 47
1 26 2 7 0.7 48
1 21 1 6 0.75 48
1 27 1 6 0.75 48
1 21 2 7 0.75 48
1 26 2 6 0.75 48
1 20 2 5 0.85 48
1 20 2 6 0.85 48
1 21 1 5 0.9 48
1 26 2 8 0.35 49
1 27 1 7 0.75 49
1 21 1 6 0.8 49
1 26 1 8 0.8 49
1 19 2 7 0.82 49
1 25 1 8 0.85 49
1 25 2 6 0.85 49
1 19 1 6 0.85 50
1 19 1 6 0.85 50
1 26 1 6 0.85 50
1 25 2 9 0.9 50
1 27 2 7 0.9 50
1 20 1 7 0.95 50
1 19 1 7 0.85 51
1 20 2 9 0.95 51
1 19 1 5 1.12 51
1 20 2 8 1.5 51
1 27 1 5 0.85 52
1 20 2 7 1.1 53
1 26 2 8 1.15 53
1 21 1 9 1.2 54
1 22 1 8 1.45 54
1 20 1 7 1.05 55
1 26 1 7 1.2 55
1 22 2 7 1.25 55
1 21 1 8 1.3 55
1 22 1 8 1.6 56
1 22 1 8 1.5 58
1 22 1 9 1.45 59
1 19 1 13 2.4 63
1 22 1 11 2.25 66
1 22 1 12 2.5 66
