1 1 1 -9 0.5 39
1 1 2 -9 0.44 40
1 1 1 -9 0.47 40
1 1 1 -9 0.5 40
1 1 1 -9 0.47 41
1 1 2 -9 0.5 42
1 1 2 -9 0.53 42
1 1 2 -9 0.55 42
1 1 1 -9 0.5 43
1 1 2 -9 0.55 43
1 1 2 -9 0.6 44
1 1 1 -9 0.65 44
1 1 2 -9 0.65 44
1 1 1 -9 0.6 46
1 1 1 -9 0.65 46
1 1 2 -9 0.65 47
1 1 1 -9 0.8 47
1 1 1 -9 0.75 48
1 1 2 -9 0.9 50
1 1 2 -9 0.6 53
1 2 2 -9 0.35 35
1 2 2 -9 0.38 38
1 2 2 -9 0.4 39
1 2 1 -9 0.5 39
1 2 1 -9 0.5 40
1 2 1 -9 0.5 40
1 2 2 -9 0.45 41
1 2 1 -9 0.5 41
1 2 2 -9 0.5 41
1 2 2 -9 0.5 41
1 2 2 -9 0.55 41
1 2 2 -9 0.5 42
1 2 2 -9 0.57 44
1 2 1 -9 0.6 44
1 2 1 -9 0.6 44
1 2 2 -9 0.6 44
1 2 2 -9 0.7 45
1 2 1 -9 0.65 46
1 2 1 -9 0.7 48
1 2 1 -9 1.25 57
1 70 2 6 0.66 44
1 70 1 7 0.7 46
1 70 1 7 0.75 46
1 70 2 7 0.8 49
1 54 1 5 0.33 35
1 54 2 4 0.34 35
1 54 1 4 0.35 35
1 54 2 5 0.37 37
1 54 2 5 0.42 38
1 54 1 7 0.6 42
1 54 1 7 0.65 43
1 54 1 7 0.6 44
1 54 2 9 1.3 55
1 54 2 9 1.35 58
1 67 1 7 0.7 45
1 67 1 9 0.9 50
1 67 2 6 0.9 50
1 67 2 9 1.1 53
1 67 2 10 1.1 54
1 67 2 8 1.3 56
1 67 2 15 1.3 59
1 67 1 11 1.7 59
1 67 1 10 1.55 60
1 67 1 11 2.1 66
1 68 2 9 0.95 51
1 68 2 8 1 52
1 68 2 9 1.2 52
1 68 2 9 1.05 53
1 68 2 9 1.2 55
1 68 1 11 1.7 63
1 68 1 10 1.6 64
1 68 1 11 2 65
1 68 1 11 1.9 68
1 68 1 13 2.2 71
1 65 2 3 0.25 28
1 65 2 3 0.2 29
1 65 1 3 0.25 29
1 65 1 3 0.3 31
1 65 2 5 0.3 33
1 65 2 5 0.43 39
1 65 1 7 0.5 43
1 65 1 9 1.2 58
1 65 2 7 1.55 58
1 65 1 10 1.35 60
1 50 2 5 0.3 34
1 50 2 5 0.4 38
1 50 1 7 1.85 51
1 50 2 7 1.05 52
1 50 2 10 1.1 53
1 50 2 7 1.2 54
1 50 1 7 1.9 54
1 50 1 10 1.6 56
1 50 1 7 1.7 59
1 50 1 9 2 67
1 48 2 5 0.4 39
1 48 2 5 0.4 39
1 48 2 6 0.4 40
1 48 1 5 0.5 40
1 48 1 5 0.47 41
1 48 2 -9 0.53 41
1 48 2 7 0.5 42
1 48 2 5 0.54 43
1 48 1 5 0.62 44
1 48 1 5 0.72 44
1 48 1 6 0.65 45
1 48 1 7 0.73 45
1 48 2 8 0.65 47
1 48 1 7 0.81 48
1 48 1 7 0.75 49
1 48 1 6 0.75 49
1 46 2 11 1.5 63
1 47 1 8 1.85 63
1 46 1 11 2 63
1 46 1 11 2.5 66
1 46 1 11 3.5 71
1 49 2 5 0.47 40
1 49 1 5 0.7 46
1 49 2 8 0.86 50
1 49 1 7 1.14 51
1 49 1 7 1.1 55
1 49 2 7 1.1 55
1 49 2 9 1.47 59
1 49 2 10 1.6 59
1 49 1 9 1.9 61
1 49 1 11 2 64
1 72 2 5 0.45 36
1 72 2 5 0.4 37
1 72 1 5 0.5 40
1 72 2 4 0.53 40
1 72 2 5 0.55 41
1 72 1 5 0.55 42
1 72 2 5 0.55 42
1 72 1 5 0.65 43
1 72 2 7 0.6 45
1 72 1 7 0.65 45
1 72 2 6 0.8 47
1 72 1 8 0.78 49
1 72 2 7 0.85 49
1 72 1 5 0.9 50
1 72 1 7 0.95 51
1 72 2 7 0.9 53
1 72 2 11 1.3 57
1 72 1 11 1.35 58
1 72 1 9 1.6 63
1 71 3 1 0.01 12
1 71 3 1 0.04 15
1 71 1 7 0.76 43
1 71 2 7 0.65 44
1 71 2 7 0.8 46
1 71 2 7 0.8 48
1 71 2 10 1.25 55
1 71 1 10 1.3 56
1 71 1 11 1.9 64
1 71 1 11 2.4 73
1 70 1 5 0.4 36
1 70 2 4 0.43 38
1 70 1 5 0.45 38
1 70 2 5 0.45 40
1 70 2 5 0.5 41
1 70 1 5 0.55 41
1 48 2 7 0.8 49
1 48 2 9 0.9 51
1 48 1 11 1.1 52
1 48 2 12 1.06 54
1 78 1 4 0.36 39
1 78 2 5 0.37 40
1 78 1 5 0.4 40
1 78 1 4 0.4 41
1 78 2 5 0.45 42
1 78 2 7 0.4 44
1 78 1 7 0.6 46
1 78 2 6 0.61 46
1 78 1 7 0.71 49
1 78 2 5 0.75 51
1 79 2 5 0.37 39
1 79 1 5 0.39 39
1 79 1 6 0.4 40
1 79 2 4 0.5 43
1 79 1 5 0.55 44
1 79 1 4 0.55 45
1 79 2 7 0.6 45
1 79 2 7 0.6 47
1 79 1 7 0.6 48
1 79 2 11 0.85 54
1 73 1 12 2.7 74
1 51 2 5 0.35 37
1 51 2 5 0.4 37
1 51 2 5 0.42 38
1 51 1 11 0.8 51
1 51 1 11 1.35 57
1 51 2 8 1.45 57
1 51 1 10 1.75 61
1 51 2 9 1.8 61
1 51 1 9 1.9 67
1 51 1 11 2.5 69
1 52 2 5 0.4 39
1 52 2 7 1 52
1 52 2 8 1.2 55
1 52 2 9 1.4 57
1 52 1 10 1.6 59
1 52 1 11 1.5 60
1 52 2 11 1.6 60
1 52 1 11 1.9 61
1 52 1 9 1.5 62
1 52 1 13 3 74
1 47 2 5 0.4 38
1 46 1 5 0.4 40
1 47 2 5 0.47 41
1 47 1 7 0.5 42
1 46 2 7 0.52 42
1 46 1 5 0.55 42
1 46 2 7 0.46 43
1 47 1 5 0.65 43
1 46 2 4 0.5 44
1 47 2 7 0.57 44
1 46 2 5 0.6 45
1 47 2 5 0.7 45
1 46 2 7 0.66 46
1 47 2 8 0.75 46
1 47 2 7 0.65 47
1 46 1 7 0.7 47
1 47 1 7 0.73 47
1 46 2 6 0.65 48
1 47 1 7 0.75 48
1 47 2 11 0.82 48
1 47 2 7 0.8 49
1 47 1 10 0.95 50
1 47 2 11 0.96 50
1 46 2 9 0.9 51
1 46 2 7 1 52
1 47 2 11 0.94 53
1 46 1 7 1.15 53
1 47 1 9 1.32 53
1 47 1 17 1 55
1 46 2 7 1.15 56
1 46 1 9 1.6 56
1 46 1 7 1.5 57
1 47 1 8 1.25 58
1 46 1 11 1.4 58
1 47 1 11 1.45 59
1 55 2 11 0.8 49
1 60 2 5 0.35 34
1 60 1 4 0.5 39
1 60 2 5 0.5 39
1 60 2 5 0.45 40
1 60 2 4 0.5 41
1 60 1 4 0.54 41
1 60 2 6 0.53 42
1 60 1 9 0.95 51
1 60 1 7 1.4 59
1 77 1 5 0.27 36
1 77 1 4 0.35 37
1 77 2 5 0.25 39
1 77 1 4 0.45 42
1 77 2 5 0.46 43
1 77 2 7 0.51 44
1 77 1 5 0.55 47
1 77 2 7 0.72 48
1 77 2 7 0.8 50
1 77 1 9 0.95 57
1 76 1 4 0.27 36
1 76 1 5 0.3 37
1 76 2 5 0.34 38
1 76 2 4 0.5 41
1 76 1 6 0.4 42
1 76 2 6 0.5 42
1 76 2 5 0.43 43
1 76 1 7 0.6 47
1 76 2 7 0.6 48
1 76 1 7 0.7 49
1 75 2 5 0.3 37
1 75 2 4 0.4 40
1 75 1 6 0.5 44
1 75 1 6 0.55 45
1 75 1 7 0.45 46
1 75 2 7 0.6 46
1 60 1 15 3.5 82
1 35 2 -9 0.74 49
1 35 2 -9 0.83 50
1 35 2 -9 0.86 50
1 35 1 -9 0.94 50
1 33 2 -9 0.46 41
1 33 1 -9 0.51 41
1 33 1 -9 0.57 41
1 33 1 -9 0.59 42
1 33 2 -9 0.6 42
1 33 1 -9 0.6 43
1 33 2 -9 0.58 44
1 33 1 -9 0.61 44
1 33 2 -9 0.57 45
1 33 1 -9 0.61 45
1 33 2 -9 0.69 46
1 33 2 -9 0.75 46
1 33 2 -9 0.61 47
1 33 2 -9 0.71 47
1 33 2 -9 0.75 48
1 33 1 -9 0.79 48
1 33 2 -9 0.78 49
1 33 1 -9 0.81 50
1 33 1 -9 0.95 50
1 33 1 -9 0.94 51
1 45 2 -9 1.05 56
1 38 2 -9 0.33 37
1 38 2 -9 0.38 38
1 38 2 -9 0.4 39
1 38 2 -9 0.76 50
1 38 2 -9 1 51
1 38 1 -9 0.85 52
1 38 1 -9 0.88 52
1 38 2 -9 0.94 52
1 38 2 -9 1.03 52
1 38 1 -9 0.87 53
1 38 1 -9 0.94 53
1 38 1 -9 0.96 53
1 38 1 -9 0.98 53
1 38 2 -9 1.02 53
1 38 2 -9 1.03 53
1 38 1 -9 0.91 54
1 38 2 -9 1.03 54
1 36 2 -9 0.42 40
1 36 2 -9 0.42 40
1 36 2 -9 0.48 41
1 36 2 -9 0.51 41
1 36 1 -9 0.52 42
1 36 1 -9 0.53 44
1 36 1 -9 0.71 46
1 36 1 -9 0.75 46
1 36 2 -9 0.71 47
1 36 2 -9 0.73 47
1 36 1 -9 0.75 47
1 36 1 -9 0.58 48
1 36 2 -9 0.6 48
1 36 1 -9 0.73 48
1 36 2 -9 0.8 48
1 36 1 -9 0.75 49
1 36 2 -9 0.76 49
1 36 1 -9 0.8 50
1 35 1 -9 0.82 48
1 36 1 -9 0.89 51
1 75 2 7 0.6 47
1 75 1 7 0.8 51
1 75 2 7 0.8 52
1 75 1 11 1.1 61
1 74 2 5 0.55 38
1 74 2 5 0.55 39
1 74 1 5 0.55 40
1 74 1 5 0.55 41
1 74 2 7 0.65 43
1 74 1 4 0.7 44
1 74 1 5 0.66 45
1 74 2 7 0.77 45
1 74 1 7 0.96 48
1 74 2 9 0.93 51
1 55 1 4 0.3 33
1 55 1 5 0.3 34
1 55 2 4 0.35 34
1 55 2 6 0.35 36
1 55 1 5 0.37 36
1 55 1 5 0.46 39
1 55 1 7 0.7 45
1 55 2 7 0.75 46
1 55 2 14 0.8 48
1 43 2 -9 0.4 37
1 43 2 -9 1.19 54
1 43 1 -9 1.04 55
1 43 2 -9 1.16 56
1 34 2 -9 0.37 38
1 34 2 -9 0.44 39
1 34 1 -9 0.52 41
1 34 2 -9 0.55 43
1 34 2 -9 0.56 43
1 34 1 -9 0.57 43
1 34 1 -9 0.6 43
1 34 2 -9 0.6 43
1 34 1 -9 0.57 44
1 34 1 -9 0.58 44
1 34 2 -9 0.58 45
1 34 1 -9 0.62 45
1 34 1 -9 0.78 45
1 34 1 -9 0.75 47
1 34 2 -9 0.79 47
1 34 2 -9 0.8 48
1 34 2 -9 0.86 49
1 34 1 -9 0.99 49
1 34 2 -9 0.8 50
1 34 1 -9 1.06 52
1 32 2 -9 0.34 37
1 32 2 -9 0.38 40
1 32 2 -9 0.47 41
1 32 2 -9 0.58 43
1 32 2 -9 0.55 44
1 32 2 -9 0.7 44
1 32 2 -9 0.6 45
1 32 2 -9 0.74 45
1 32 2 -9 0.83 46
1 32 2 -9 0.96 52
1 35 1 -9 0.44 39
1 35 2 -9 0.41 40
1 35 2 -9 0.43 40
1 35 1 -9 0.45 42
1 35 1 -9 0.59 43
1 35 2 -9 0.61 43
1 35 2 -9 0.53 44
1 35 2 -9 0.56 44
1 35 2 -9 0.56 45
1 35 1 -9 0.64 45
1 35 1 -9 0.62 46
1 35 1 -9 0.67 47
1 35 1 -9 0.73 47
1 35 1 -9 0.76 48
1 35 2 -9 0.76 48
2 159 1 -9 0.95 48
2 159 1 -9 0.9 52
2 167 1 -9 0.4 37
2 167 1 -9 0.45 38
1 53 2 4 0.3 33
1 53 1 4 0.3 34
1 53 2 5 0.3 34
1 53 2 5 0.35 34
1 53 2 4 0.3 35
1 53 1 4 0.35 35
1 53 1 5 0.35 35
1 53 2 4 0.35 35
1 53 1 5 0.35 36
1 53 2 5 0.4 36
1 53 1 5 0.36 37
1 53 1 5 0.39 37
1 53 2 5 0.4 37
1 53 2 5 0.44 37
1 53 1 4 0.3 33
1 53 1 5 0.4 38
2 167 1 -9 0.45 40
2 167 2 -9 0.5 40
2 167 2 -9 0.5 40
2 167 2 -9 0.55 41
2 162 1 -9 0.1 25
2 162 1 -9 0.25 32
2 162 2 -9 0.3 32
2 162 2 -9 0.25 33
2 162 1 -9 0.45 39
2 162 1 -9 0.45 40
2 162 1 -9 0.5 44
2 162 1 -9 0.7 46
2 173 2 -9 0.5 38
2 173 2 -9 0.55 43
2 173 1 -9 0.65 43
2 173 2 -9 0.7 44
2 173 1 -9 0.8 46
2 173 2 -9 0.9 46
2 173 2 -9 0.8 47
2 173 1 -9 0.95 48
2 173 1 -9 1 49
2 173 1 -9 0.95 53
2 175 2 -9 0.35 35
2 175 2 -9 0.4 35
2 175 1 -9 0.35 36
2 175 2 -9 0.4 36
2 175 1 -9 0.45 38
2 175 1 -9 0.6 41
2 175 2 -9 0.55 42
2 175 2 -9 0.65 42
2 175 1 -9 0.7 45
2 175 1 -9 0.85 51
2 174 2 -9 0.02 16
2 174 1 -9 0.05 19
1 59 2 10 0.66 46
1 59 1 7 0.7 47
1 59 2 12 1.9 64
1 58 2 5 0.3 33
1 58 2 5 0.33 33
1 58 2 4 0.35 35
1 58 1 4 0.41 37
1 58 1 5 0.5 38
1 58 1 5 0.45 39
1 58 2 5 0.54 40
1 58 2 7 0.7 45
1 58 1 5 0.7 46
1 58 1 7 0.8 48
1 57 1 4 0.3 33
1 57 2 4 0.3 33
1 57 2 4 0.35 34
1 57 2 5 0.35 35
1 57 2 5 0.4 37
1 57 2 5 0.45 39
1 57 1 5 0.55 40
1 57 1 5 0.55 41
1 57 1 7 0.95 49
1 57 1 9 1.3 55
1 64 2 3 0.1 28
1 64 2 3 0.15 29
1 64 1 3 0.22 30
1 64 2 3 0.22 30
1 64 1 3 0.25 30
1 64 1 3 0.25 30
1 64 2 4 0.25 31
1 64 2 3 0.26 31
1 64 1 4 0.25 32
1 64 2 4 0.26 32
1 64 1 4 0.27 33
1 64 2 3 0.3 33
1 64 1 5 0.34 33
1 64 2 4 0.25 34
1 64 1 4 0.32 34
1 64 1 5 0.35 35
1 64 1 5 0.35 37
1 64 2 4 0.38 37
1 64 2 5 0.4 37
1 64 1 7 0.8 47
1 66 1 2 0.15 22
1 66 1 3 0.2 28
1 66 2 3 0.3 32
1 66 1 3 0.3 33
1 66 2 4 0.3 33
1 66 2 5 0.35 34
1 66 1 5 0.35 35
1 66 2 4 0.46 39
1 66 1 7 0.65 44
1 66 2 7 0.8 47
2 174 1 -9 0.05 20
2 174 2 -9 0.05 20
2 174 2 -9 0.05 21
2 174 2 -9 0.05 21
2 174 1 -9 0.07 22
2 174 1 -9 0.1 27
2 174 1 -9 0.15 27
2 174 2 -9 0.3 34
2 171 1 -9 0.1 19
2 171 1 -9 0.25 31
1 62 1 9 0.9 54
1 62 1 10 1.2 57
1 61 2 2 0.1 24
1 61 1 5 0.6 42
1 61 2 7 0.6 43
2 171 2 -9 0.35 33
2 171 2 -9 0.35 33
1 61 2 9 0.6 44
1 61 1 7 0.7 46
1 61 1 7 0.8 49
1 61 1 7 0.9 50
1 61 2 7 1.1 53
1 61 2 9 1.2 54
1 61 1 9 1.4 58
1 63 2 7 0.4 40
1 63 1 5 0.5 42
2 171 2 -9 0.5 38
2 171 2 -9 0.55 40
2 171 1 -9 0.5 41
2 171 1 -9 0.65 41
2 171 2 -9 0.6 43
2 171 1 -9 0.7 45
2 172 2 -9 0.45 36
2 172 2 -9 0.5 38
2 172 1 -9 0.6 42
2 172 2 -9 0.7 44
2 172 2 -9 0.7 44
2 172 1 -9 0.75 45
2 172 1 -9 0.7 46
2 172 2 -9 0.7 46
2 172 1 -9 0.95 48
2 172 1 -9 0.95 48
2 176 2 -9 0.25 30
2 176 1 -9 0.25 31
2 176 1 -9 0.3 33
2 176 2 -9 0.3 34
2 176 2 -9 0.35 35
2 176 2 -9 0.35 36
2 176 2 -9 0.4 37
1 53 1 4 0.4 38
1 62 2 5 0.25 35
1 62 2 5 0.32 36
1 62 1 5 0.35 36
1 62 2 7 0.35 38
1 62 1 5 0.4 39
1 62 1 5 0.44 40
1 62 1 5 0.45 41
1 62 2 5 0.45 41
2 176 1 -9 0.45 38
2 176 1 -9 0.5 41
2 176 1 -9 0.6 45
2 168 1 -9 0.25 34
2 168 2 -9 0.3 34
2 168 1 -9 0.35 34
2 168 2 -9 0.35 34
2 168 1 -9 0.35 36
2 168 1 -9 0.45 39
2 168 1 -9 0.5 40
2 168 2 -9 0.5 40
2 168 2 -9 0.45 41
2 168 2 -9 0.5 42
2 160 2 -9 0.1 26
2 160 1 -9 0.25 32
2 160 2 -9 0.25 33
2 160 1 -9 0.4 38
2 160 1 -9 0.5 42
2 160 1 -9 0.5 43
2 160 2 -9 0.55 44
2 160 2 -9 0.85 47
2 160 2 -9 0.85 48
2 160 1 -9 0.8 49
2 166 2 -9 0.35 37
2 166 1 -9 0.4 37
2 166 2 -9 0.45 39
2 166 1 -9 0.5 39
2 166 2 -9 0.4 40
2 166 1 -9 0.45 40
2 166 2 -9 0.65 43
2 166 1 -9 0.6 44
2 166 1 -9 0.65 45
2 166 2 -9 0.65 46
2 165 1 -9 0.45 39
2 165 2 -9 0.45 39
2 165 2 -9 0.5 39
2 165 2 -9 0.5 41
2 165 1 -9 0.55 42
2 165 1 -9 0.6 42
1 56 2 3 0.3 32
1 56 1 5 0.35 36
1 56 2 4 0.35 36
1 56 1 5 0.4 37
1 56 2 5 0.4 38
1 56 1 5 0.5 38
1 56 1 7 0.6 43
1 56 1 7 0.7 45
1 56 2 5 0.7 46
1 56 2 7 0.9 49
1 53 1 4 0.26 32
1 63 2 7 0.54 42
1 63 2 7 0.65 48
1 63 1 7 0.7 48
1 63 1 8 0.8 49
1 63 2 7 0.8 50
1 63 1 8 1.2 55
1 63 2 10 1.3 58
1 63 1 9 1.55 62
1 69 2 4 0.4 36
1 69 1 5 0.5 38
1 69 1 5 0.45 39
1 69 1 5 0.45 40
1 69 2 5 0.5 42
1 69 2 5 0.6 43
1 69 2 7 0.6 45
1 69 1 8 0.83 47
1 69 1 7 0.85 48
1 69 2 7 0.75 50
1 59 1 5 0.36 36
1 59 1 5 0.4 39
1 59 1 4 0.55 40
1 59 2 5 0.55 41
1 59 2 5 0.6 42
1 62 1 6 0.5 44
1 62 2 7 0.6 44
1 62 2 7 0.65 45
1 62 2 7 0.64 46
1 62 1 8 0.73 46
1 62 2 7 0.65 47
1 62 2 7 0.8 49
1 62 1 7 0.95 50
1 62 2 11 0.8 51
1 62 1 9 0.86 52
1 53 2 3 0.26 32
1 53 2 4 0.3 32
1 59 1 5 0.6 44
1 59 2 7 0.74 45
2 167 1 -9 0.55 42
2 167 2 -9 0.55 42
2 167 2 -9 0.65 45
2 167 1 -9 1.1 52
2 178 1 -9 0.25 31
2 178 1 -9 0.3 33
2 178 2 -9 0.3 33
2 178 2 -9 0.35 35
2 178 1 -9 0.4 37
2 178 2 -9 0.65 46
2 178 1 -9 0.85 48
2 178 2 -9 0.95 48
2 178 1 -9 0.9 51
2 162 1 -9 0.05 18
2 162 2 -9 0.05 18
2 163 1 -9 0.45 40
2 163 2 -9 0.55 43
2 163 1 -9 0.65 43
2 163 1 -9 0.7 44
2 163 1 -9 0.85 46
2 163 2 -9 0.8 47
2 163 2 -9 0.8 47
2 163 2 -9 0.85 47
2 163 1 -9 0.95 50
2 163 2 -9 0.95 53
2 164 1 -9 0.5 41
2 164 2 -9 0.55 42
2 164 1 -9 0.6 42
2 164 2 -9 0.65 45
2 164 2 -9 0.7 48
2 164 2 -9 0.85 48
2 164 2 -9 0.95 49
2 164 1 -9 1 50
2 164 1 -9 0.95 53
2 164 1 -9 1.2 56
2 159 1 -9 0.02 15
2 159 2 -9 0.2 31
2 159 2 -9 0.4 37
2 159 2 -9 0.35 39
2 159 2 -9 0.5 41
2 159 1 -9 0.6 43
2 159 1 -9 0.6 44
2 159 2 -9 0.75 45
2 165 2 -9 0.6 42
2 165 1 -9 0.6 43
2 165 1 -9 0.6 44
2 165 2 -9 0.7 45
2 177 2 -9 0.25 30
2 177 1 -9 0.25 32
2 177 1 -9 0.3 32
2 177 1 -9 0.35 33
2 177 1 -9 0.35 35
2 177 2 -9 0.35 35
2 177 2 -9 0.35 35
2 177 2 -9 0.35 36
2 177 2 -9 0.4 36
2 177 1 -9 0.35 37
2 161 1 -9 0.2 22
2 161 1 -9 0.1 26
2 161 1 -9 0.25 33
2 161 1 -9 0.4 37
2 161 2 -9 0.45 39
2 161 1 -9 0.5 41
2 161 2 -9 0.5 41
2 161 2 -9 0.55 44
2 161 2 -9 0.55 45
2 161 1 -9 0.75 47
2 170 2 -9 0.2 29
2 170 1 -9 0.25 29
2 170 1 -9 0.25 30
2 170 1 -9 0.25 30
2 170 1 -9 0.35 34
2 170 2 -9 0.5 37
2 170 1 -9 0.4 38
2 170 2 -9 0.45 38
2 170 2 -9 0.5 38
2 170 2 -9 0.65 43
2 169 2 -9 0.2 26
2 169 2 -9 0.25 29
2 169 1 -9 0.3 32
2 169 1 -9 0.3 33
2 169 2 -9 0.3 34
2 169 1 -9 0.3 35
2 169 1 -9 0.35 36
2 169 2 -9 0.4 37
2 169 1 -9 0.4 39
2 169 2 -9 0.65 45
1 132 1 7 0.82 32
1 132 2 5 0.24 34
1 132 1 5 0.29 35
1 132 1 5 0.3 37
1 132 1 4 0.31 37
1 132 2 5 0.35 40
1 132 1 7 0.55 43
1 132 1 5 0.55 43
1 132 2 8 0.56 47
1 132 1 7 0.68 48
1 132 2 7 0.69 48
1 132 2 9 0.75 49
1 132 1 7 0.79 50
1 132 2 -9 0.85 50
1 132 2 9 0.89 51
1 132 1 9 0.83 52
1 132 2 11 0.96 52
1 126 1 7 0.65 47
1 126 2 8 0.95 53
1 145 2 5 0.3 37
1 145 1 5 0.32 38
1 145 1 6 0.35 40
1 145 1 7 0.38 40
1 145 1 5 0.38 41
1 145 1 5 0.44 41
1 145 1 5 0.44 41
1 145 2 5 0.4 42
1 145 1 6 0.45 42
1 145 2 6 0.46 42
1 145 2 7 0.5 42
1 145 1 5 0.53 42
1 145 2 7 0.45 43
1 145 2 5 0.52 43
1 145 1 7 0.5 45
1 145 2 8 0.56 46
1 145 2 7 0.59 46
1 145 1 7 0.57 47
1 145 2 7 0.65 47
1 145 2 7 0.7 47
1 143 2 4 0.25 35
1 143 1 5 0.34 37
1 143 2 5 0.31 38
1 143 2 5 0.35 38
1 127 1 6 0.34 40
1 127 2 6 0.39 41
1 127 1 5 0.48 42
1 127 2 7 0.4 43
1 127 2 7 0.52 43
1 127 1 8 0.48 45
1 127 2 7 0.5 45
1 127 2 7 0.53 45
1 127 2 -9 0.5 46
1 127 1 7 0.62 46
1 127 2 8 0.62 47
1 127 1 7 0.66 47
1 127 1 10 0.65 49
1 127 1 9 0.65 49
1 126 1 5 0.24 35
1 126 1 5 0.25 35
1 126 1 5 0.25 36
1 126 2 5 0.25 36
1 126 2 5 0.27 36
1 126 2 5 0.3 37
1 126 2 5 0.32 39
1 126 1 7 0.35 40
1 126 1 4 0.37 40
1 126 2 5 0.38 41
1 126 2 7 0.43 41
1 126 1 6 0.45 41
1 126 1 5 0.4 42
1 126 2 8 0.55 43
1 126 1 7 0.5 44
1 126 1 5 0.5 44
1 126 2 8 0.58 45
1 126 2 8 0.59 47
1 143 2 5 0.4 38
1 143 1 5 0.36 39
1 143 2 5 0.37 39
1 143 1 4 0.41 39
1 143 1 5 0.41 39
1 143 2 6 0.43 40
1 143 1 5 0.44 40
1 143 2 5 0.45 41
1 143 1 5 0.46 41
1 143 1 4 0.49 42
1 143 1 5 0.56 42
1 143 1 7 0.51 43
1 143 2 5 0.54 43
1 143 1 6 0.57 44
1 143 2 7 0.58 44
1 143 2 13 0.99 53
1 144 1 3 0.21 33
1 144 2 3 0.26 34
1 144 2 5 0.29 37
1 144 2 5 0.33 37
1 144 1 4 0.34 37
1 144 1 5 0.34 38
1 144 2 5 0.4 39
1 144 1 5 0.44 40
1 144 1 5 0.45 41
1 144 2 5 0.43 42
1 144 2 6 0.49 42
1 144 1 4 0.46 43
1 144 2 7 0.5 43
1 144 1 8 0.47 44
1 144 1 7 0.5 44
1 144 2 7 0.54 45
1 144 2 5 0.54 45
1 144 2 7 0.59 45
1 144 1 8 0.81 47
1 144 1 7 0.55 48
1 142 2 5 0.35 31
1 142 1 5 0.36 38
1 142 1 5 0.39 39
1 142 2 5 0.42 39
1 142 2 6 0.45 39
1 142 2 5 0.39 40
1 142 1 5 0.45 40
1 142 2 5 0.39 41
1 142 2 5 0.57 41
1 142 2 7 0.51 43
1 142 1 6 0.62 44
1 142 1 7 0.52 45
1 142 2 6 0.56 45
1 142 1 7 0.55 46
1 142 1 7 0.56 46
1 142 2 7 0.65 46
1 142 2 7 0.58 47
1 142 1 7 0.66 48
1 142 1 7 0.72 48
1 142 1 10 0.81 52
1 134 1 7 0.75 49
1 134 1 7 0.76 51
1 134 1 10 1.49 62
1 133 2 5 0.28 34
1 133 2 4 0.33 35
1 133 2 4 0.35 35
1 133 1 5 0.3 36
1 133 1 4 0.35 38
1 133 1 4 0.36 38
1 133 1 4 0.37 38
1 133 1 7 0.5 45
1 133 1 5 0.56 45
1 133 1 9 0.64 48
1 133 2 8 0.69 48
1 133 2 5 0.7 48
1 133 1 8 0.71 48
1 133 2 5 0.79 48
1 133 2 7 0.72 49
1 133 2 7 0.86 49
1 133 2 8 0.78 50
1 133 1 8 0.76 51
1 133 2 8 0.86 51
1 133 1 9 0.96 52
1 139 2 7 0.92 51
1 140 2 3 0.25 33
1 140 2 8 0.66 51
1 128 2 5 0.25 35
1 128 2 5 0.26 36
1 128 1 5 0.29 37
1 128 2 4 0.3 37
1 128 1 5 0.32 38
1 128 1 7 0.32 39
1 128 1 5 0.34 39
1 128 1 5 0.38 40
1 128 2 7 0.4 41
1 128 2 8 0.36 42
1 128 1 7 0.38 42
1 128 2 -9 0.48 42
1 128 2 7 0.42 43
1 128 1 5 0.46 43
1 128 2 5 0.49 43
1 128 1 7 0.5 45
1 128 2 9 0.52 46
1 128 1 7 0.51 47
1 128 1 10 0.6 48
1 128 2 8 0.7 49
1 127 1 5 0.25 36
1 127 2 4 0.31 37
1 127 1 5 0.28 38
1 127 2 5 0.32 38
1 127 2 5 0.35 38
1 127 1 5 0.33 40
1 132 1 11 0.98 53
1 132 2 9 0.95 54
1 132 2 9 1.22 55
1 141 1 5 0.38 37
1 141 2 5 0.36 38
1 141 2 5 0.39 38
1 141 1 5 0.35 39
1 141 2 5 0.4 39
1 141 2 6 0.41 40
1 141 2 5 0.45 40
1 141 2 5 0.45 40
1 141 2 6 0.4 41
1 141 2 6 0.45 41
1 141 2 5 0.45 41
1 141 1 5 0.5 42
1 141 1 7 0.52 42
1 141 1 5 0.51 43
1 141 1 5 0.53 43
1 141 1 7 0.46 44
1 141 2 7 0.55 45
1 141 1 7 0.54 46
1 141 1 9 0.62 49
1 141 1 7 0.69 49
1 129 2 3 0.31 36
1 129 1 5 0.3 37
1 129 2 4 0.32 37
1 129 2 5 0.3 38
1 129 2 5 0.34 38
1 129 1 5 0.37 39
1 129 1 4 0.4 39
1 129 2 5 0.41 39
1 129 1 5 0.39 41
1 129 2 6 0.51 41
1 129 2 5 0.45 42
1 129 2 8 0.49 44
1 129 1 7 0.5 46
1 129 1 6 0.6 46
1 129 2 7 0.6 46
1 129 1 8 0.61 47
1 129 1 8 0.66 47
1 129 1 7 0.62 49
1 129 2 8 0.96 53
1 130 2 5 0.31 36
1 130 2 5 0.33 37
1 130 2 5 0.35 38
1 130 2 5 0.38 39
1 130 2 4 0.38 39
1 130 2 5 0.39 39
1 130 1 5 0.4 39
1 130 1 6 0.42 41
1 130 1 6 0.46 41
1 130 1 5 0.49 41
1 130 1 5 0.55 42
1 130 1 7 0.45 43
1 130 2 5 0.46 43
1 130 2 7 0.45 44
1 130 1 6 0.55 44
1 130 2 7 0.57 44
1 130 2 7 0.58 46
1 130 1 9 0.8 50
1 130 1 8 0.84 50
1 130 1 9 1.91 65
1 131 2 5 0.35 40
1 131 1 7 0.42 42
1 131 1 5 0.44 43
1 131 2 7 0.49 44
1 131 1 7 0.51 45
1 131 1 7 0.6 46
1 131 2 7 0.61 48
1 131 1 8 0.62 48
1 131 1 7 0.65 49
1 131 2 7 0.65 49
1 131 2 7 0.6 50
1 131 1 7 0.73 50
1 131 2 9 0.66 51
1 131 2 9 0.7 51
1 131 1 7 0.64 53
1 131 2 7 0.82 54
1 131 2 8 0.96 54
1 131 1 9 0.9 56
1 131 1 9 0.95 57
1 131 2 11 1.6 62
1 125 1 5 0.3 37
1 125 2 5 0.4 40
1 125 2 6 0.35 41
1 125 2 5 0.4 41
1 125 2 5 0.45 42
1 125 2 8 0.55 44
1 125 1 7 0.6 44
1 125 2 7 0.5 45
1 125 1 7 0.6 45
1 125 2 6 0.6 45
1 125 2 7 0.5 46
1 125 1 8 0.55 46
1 125 1 7 0.65 50
1 125 2 12 0.9 50
1 125 1 -9 0.85 51
1 125 2 9 0.95 53
1 125 1 9 0.9 55
1 125 1 10 1.1 59
1 125 1 11 1.4 62
1 125 1 11 2.5 67
1 137 2 2 0.23 33
1 137 2 10 0.91 53
1 138 2 5 0.25 34
1 138 2 4 0.28 34
1 136 2 4 0.2 33
1 135 1 4 0.3 35
1 135 1 5 0.32 36
1 135 1 5 0.33 36
1 135 1 11 0.71 52
1 135 1 8 0.8 52
1 135 1 11 1.15 53
1 134 2 5 0.25 35
1 134 2 5 0.28 35
1 134 1 5 0.31 35
1 36 2 -9 0.8 52
1 39 1 -9 0.36 38
1 39 1 -9 0.4 39
1 39 1 -9 0.41 40
1 39 1 -9 0.41 40
1 39 1 -9 0.42 40
1 39 2 -9 0.83 51
1 39 2 -9 0.89 51
1 39 2 -9 1.01 51
1 39 1 -9 1.03 52
1 39 1 -9 0.75 53
1 39 2 -9 1.03 53
1 39 1 -9 1.18 54
1 39 1 -9 1.18 54
1 37 1 -9 0.52 41
1 37 2 -9 0.55 41
1 37 1 -9 0.52 42
1 37 2 -9 0.55 42
1 37 2 -9 0.56 42
1 37 2 -9 0.6 42
1 37 2 -9 0.6 42
1 37 1 -9 0.59 43
1 37 1 -9 0.67 46
1 37 2 -9 0.67 46
1 37 2 -9 0.71 46
1 37 2 -9 0.7 49
1 37 1 -9 0.72 49
1 37 1 -9 0.79 49
1 37 1 -9 0.82 49
1 37 2 -9 0.84 50
1 37 2 -9 0.85 50
1 37 1 -9 0.83 51
1 37 1 -9 0.85 51
1 37 1 -9 0.92 51
1 40 2 -9 0.99 51
1 40 2 -9 0.88 52
1 40 2 -9 0.8 53
1 40 2 -9 1 53
1 40 2 -9 0.98 54
1 40 2 -9 1.03 54
1 40 1 -9 1.06 54
1 40 1 -9 1.09 54
1 40 2 -9 1.17 54
1 40 2 -9 1.09 55
1 40 2 -9 1.2 55
1 40 1 -9 1.26 55
1 40 1 -9 1.33 55
1 40 2 -9 1.04 56
1 40 1 -9 1.05 56
1 41 2 -9 0.36 37
1 41 1 -9 0.36 38
1 41 2 -9 0.36 38
1 41 2 -9 0.38 38
1 41 1 -9 0.4 38
1 41 2 -9 0.41 38
1 41 1 -9 0.34 39
1 41 2 -9 0.4 39
1 41 2 -9 0.4 39
1 41 1 -9 0.41 39
1 41 2 -9 0.44 39
1 41 1 -9 0.6 40
1 41 1 -9 1.02 56
1 41 1 -9 1.08 56
1 41 1 -9 1.15 56
1 42 1 -9 0.35 38
1 42 1 -9 0.38 38
1 42 1 -9 1.19 39
1 42 1 -9 1.2 55
1 42 1 -9 1.07 56
1 44 2 -9 1.36 56
1 44 1 -9 1.09 57
1 44 1 -9 1.11 57
1 44 1 -9 1.23 57
1 44 1 -9 1.19 58
1 44 1 -9 1.23 58
1 44 1 -9 1.38 58
1 44 1 -9 1.49 59
1 42 1 -9 0.98 55
1 44 1 -9 1.86 60
1 31 1 -9 0.35 37
1 31 1 -9 0.42 40
1 31 1 -9 0.5 41
1 31 1 -9 0.51 42
1 31 1 -9 0.61 44
1 31 1 -9 0.67 45
1 31 1 -9 0.66 46
1 31 1 -9 0.66 47
1 31 1 -9 0.75 50
1 31 1 -9 1.04 52
1 148 1 -9 0.4 42
1 148 2 -9 0.4 43
1 148 2 -9 0.5 43
1 148 2 -9 0.5 43
1 148 1 -9 0.5 44
1 148 2 -9 0.55 44
1 148 1 -9 0.45 45
1 148 2 -9 0.55 45
1 148 2 -9 0.6 45
1 148 2 -9 0.6 45
1 148 1 -9 0.5 46
1 148 1 -9 0.5 46
1 148 2 -9 0.5 46
1 148 2 -9 0.7 46
1 148 1 -9 0.65 48
1 148 1 -9 0.8 49
1 148 1 -9 0.85 50
1 148 1 -9 0.75 52
1 148 2 -9 0.45 53
1 148 1 -9 0.75 53
1 151 1 -9 0.5 41
1 151 1 -9 0.45 42
1 151 1 -9 0.55 42
1 151 1 -9 0.55 43
1 151 1 -9 0.6 43
1 151 1 -9 0.6 44
1 151 1 -9 0.55 45
1 151 1 -9 0.6 45
1 151 1 -9 0.62 45
1 151 1 -9 0.65 48
2 155 2 -9 0.45 38
2 155 1 -9 0.55 42
2 155 2 -9 0.65 42
2 155 2 -9 0.6 43
2 155 2 -9 0.6 43
2 155 2 -9 0.6 44
2 155 1 -9 0.6 45
2 155 1 -9 0.6 45
2 155 2 -9 0.61 45
2 155 1 -9 0.65 45
2 155 2 -9 0.7 45
2 155 2 -9 0.7 45
2 155 2 -9 0.7 46
2 155 2 -9 0.75 48
2 155 1 -9 0.9 48
2 155 1 -9 0.8 49
2 155 1 -9 0.8 49
2 155 1 -9 0.9 49
2 155 1 -9 1.25 54
2 155 1 -9 1.1 59
1 149 2 -9 0.35 38
1 149 2 -9 0.4 40
1 149 2 -9 0.45 40
1 149 2 -9 0.45 41
1 149 2 -9 0.45 41
1 149 1 -9 0.4 42
1 149 1 -9 0.45 42
1 149 2 -9 0.45 42
1 149 2 -9 0.45 42
1 149 1 -9 0.5 43
1 149 1 -9 0.5 43
1 158 2 -9 0.35 36
1 158 1 -9 0.4 38
1 158 2 -9 0.4 38
1 158 1 -9 0.45 38
1 158 1 -9 0.5 38
1 158 1 -9 0.5 39
1 158 2 -9 0.7 46
1 158 2 -9 0.75 46
1 158 1 -9 0.7 48
1 158 2 -9 0.7 48
1 158 2 -9 0.7 48
1 158 2 -9 0.85 50
1 158 1 -9 0.9 50
1 158 2 -9 0.9 50
1 158 2 -9 0.9 51
1 158 2 -9 0.95 51
1 158 1 -9 0.95 53
1 158 1 -9 1.05 53
1 3 1 -9 0.9 50
1 3 2 -9 0.85 51
1 3 1 -9 1.1 57
1 158 1 -9 1.4 56
1 158 1 -9 1.4 58
1 4 1 -9 0.48 38
1 4 1 -9 0.42 39
1 4 2 -9 0.45 39
1 4 1 -9 0.42 40
1 4 2 -9 0.5 40
1 4 1 -9 0.5 41
1 4 2 -9 0.5 41
1 4 2 -9 0.55 42
1 4 1 -9 0.55 43
1 4 1 -9 0.55 43
1 4 1 -9 0.55 43
1 4 1 -9 0.58 43
1 4 2 -9 0.6 43
1 4 1 -9 0.62 44
1 4 1 -9 0.75 46
1 4 2 -9 0.72 47
1 4 2 -9 0.7 48
1 3 2 -9 0.4 37
1 3 2 -9 0.48 39
1 3 2 -9 0.5 40
1 3 1 -9 0.38 41
1 3 1 -9 0.45 41
1 3 1 -9 0.5 42
1 3 2 -9 0.6 42
1 3 2 -9 0.6 43
1 3 1 -9 0.6 45
1 3 2 -9 0.62 45
1 3 2 -9 0.7 45
1 3 1 -9 0.6 46
1 3 2 -9 0.74 46
1 3 1 -9 0.65 47
1 3 2 -9 0.75 47
1 3 1 -9 0.8 48
1 4 2 -9 0.35 37
1 4 2 -9 0.38 37
1 4 2 -9 0.3 38
1 23 1 -9 0.53 46
1 23 2 -9 0.75 49
1 23 2 -9 0.78 49
1 23 2 -9 0.81 49
1 23 2 -9 0.81 49
1 23 1 -9 0.76 51
1 23 2 -9 0.8 51
1 23 1 -9 0.84 51
1 23 1 -9 0.95 51
1 23 1 -9 0.89 52
1 27 1 -9 0.44 40
1 27 1 -9 0.45 40
1 27 2 -9 0.48 40
1 27 1 -9 0.5 40
1 27 1 -9 0.46 41
1 27 1 -9 0.51 41
1 27 1 -9 0.54 41
1 27 1 -9 0.48 42
1 27 2 -9 0.55 42
1 27 2 -9 0.54 43
1 29 2 -9 0.52 42
1 29 1 -9 0.51 43
1 29 2 -9 0.61 43
1 29 2 -9 0.65 43
1 29 1 -9 0.53 44
1 29 1 -9 0.58 44
1 29 2 -9 0.67 44
1 29 2 -9 0.61 45
1 29 2 -9 0.69 45
1 29 1 -9 0.67 47
1 29 1 -9 0.69 47
1 27 2 -9 0.58 43
1 27 2 -9 0.64 44
1 27 2 -9 0.59 45
1 27 2 -9 0.65 46
1 27 2 -9 0.65 46
1 27 2 -9 0.72 46
1 27 2 -9 0.76 47
1 27 1 -9 0.7 48
1 27 1 -9 0.77 48
1 27 1 -9 0.8 49
1 25 1 -9 0.33 36
1 25 1 -9 0.66 50
1 25 2 -9 0.89 51
1 25 2 -9 0.96 51
1 25 1 -9 0.73 52
1 25 1 -9 0.89 53
1 25 1 -9 0.97 54
1 25 1 -9 1.09 54
1 25 1 -9 0.99 55
1 25 2 -9 1.12 55
1 21 1 -9 0.33 37
1 21 2 -9 0.38 37
1 21 1 -9 0.36 38
1 21 2 -9 0.8 50
1 21 2 -9 0.82 50
1 21 2 -9 0.86 52
1 21 1 -9 0.95 52
1 21 1 -9 0.98 56
1 22 2 -9 0.4 37
1 22 1 -9 0.86 52
1 22 2 -9 0.87 52
1 22 2 -9 0.99 52
1 22 1 -9 0.89 53
1 22 1 -9 0.91 54
1 22 1 -9 1.11 55
1 22 1 -9 1.09 56
1 22 1 -9 1.2 57
1 20 2 -9 0.37 35
1 20 2 -9 0.37 35
1 20 1 -9 0.36 36
1 20 2 -9 0.38 36
1 20 1 -9 0.36 37
1 20 2 -9 0.36 37
1 20 1 -9 0.37 37
1 29 2 -9 0.7 47
1 29 1 -9 0.64 48
1 29 1 -9 0.68 48
1 29 2 -9 0.73 48
1 29 1 -9 0.63 49
1 29 1 -9 0.77 50
1 26 2 -9 0.45 41
1 26 2 -9 0.46 41
1 26 2 -9 0.52 42
1 26 1 -9 0.54 42
1 26 1 -9 0.55 43
1 26 2 -9 0.61 43
1 26 1 -9 0.6 44
1 26 2 -9 0.6 44
1 26 2 -9 0.62 44
1 26 1 -9 0.57 46
1 26 1 -9 0.66 46
1 26 2 -9 0.66 46
1 26 1 -9 0.72 47
1 26 1 -9 0.74 47
1 26 2 -9 0.7 48
1 26 2 -9 0.76 48
1 26 2 -9 0.69 49
1 26 1 -9 0.75 49
1 26 1 -9 0.79 50
1 26 1 -9 0.74 51
1 28 2 -9 0.37 38
1 28 1 -9 0.4 39
1 28 2 -9 0.43 39
1 28 2 -9 0.4 40
1 28 2 -9 0.41 40
1 28 1 -9 0.42 40
1 28 2 -9 0.43 40
1 28 1 -9 0.44 41
1 28 1 -9 0.58 45
1 28 1 -9 0.61 45
1 28 1 -9 0.62 45
1 28 1 -9 0.64 45
1 28 2 -9 0.57 46
1 28 2 -9 0.71 47
1 28 1 -9 0.72 47
1 28 2 -9 0.72 48
1 28 1 -9 0.78 48
1 28 2 -9 0.79 48
1 28 1 -9 0.8 49
1 28 2 -9 0.81 50
1 30 2 -9 0.4 39
1 30 2 -9 0.46 39
1 30 2 -9 0.47 40
1 30 2 -9 0.48 41
1 30 2 -9 0.52 41
1 30 2 -9 0.47 42
1 30 1 -9 0.51 42
1 30 1 -9 0.52 42
1 30 1 -9 0.49 43
1 30 1 -9 0.51 43
1 30 1 -9 0.57 43
1 30 1 -9 0.5 44
1 30 2 -9 0.56 44
1 30 1 -9 0.6 44
1 30 2 -9 0.59 45
1 30 2 -9 0.61 45
1 30 1 -9 0.59 46
1 30 1 -9 0.68 46
1 30 2 -9 0.68 47
1 30 1 -9 0.78 49
1 24 2 -9 0.39 37
1 24 2 -9 0.39 37
1 24 2 -9 0.37 38
1 24 2 -9 0.38 38
1 24 1 -9 0.39 38
1 24 1 -9 0.4 38
1 24 1 -9 0.41 38
1 24 2 -9 0.41 38
1 24 1 -9 0.43 39
1 24 2 -9 0.78 47
1 24 2 -9 0.79 50
1 24 1 -9 0.81 50
1 24 1 -9 0.92 50
1 24 1 -9 0.67 51
1 24 2 -9 0.87 51
1 24 2 -9 0.87 51
1 24 1 -9 0.86 52
1 24 1 -9 0.85 53
1 24 1 -9 0.98 53
1 24 1 -9 1.02 53
1 23 1 -9 0.39 38
1 23 2 -9 0.4 38
1 23 1 -9 0.38 39
1 23 1 -9 0.4 39
1 23 2 -9 0.4 39
1 23 2 -9 0.4 39
1 23 1 -9 0.43 39
1 23 1 -9 0.44 40
1 23 1 -9 0.49 41
1 23 1 -9 0.51 45
1 29 2 -9 0.52 41
1 29 1 -9 0.48 42
1 29 2 -9 0.51 42
1 149 2 -9 0.55 43
1 149 2 -9 0.6 43
1 149 1 -9 0.5 44
1 149 1 -9 0.65 47
1 149 2 -9 0.7 47
1 149 1 -9 0.65 49
1 149 1 -9 0.75 51
1 149 1 -9 0.85 55
1 149 1 -9 1.2 55
3 157 2 -9 0.7 45
3 157 1 -9 0.6 46
3 157 1 -9 0.75 47
3 157 1 -9 0.8 47
3 157 1 -9 0.8 47
3 157 2 -9 0.75 48
3 157 2 -9 0.8 48
3 157 2 -9 0.6 49
3 157 2 -9 0.9 49
3 157 1 -9 1 49
3 157 1 -9 1.15 50
3 157 1 -9 0.98 52
3 157 2 -9 0.98 52
3 157 2 -9 1 52
3 157 2 -9 1 52
3 157 2 -9 1 53
3 157 2 -9 1.15 54
3 157 2 -9 1.1 56
3 157 1 -9 1.35 58
3 157 1 -9 1.5 58
1 150 2 -9 0.35 37
1 150 1 -9 0.4 40
1 150 1 -9 0.4 42
1 150 2 -9 0.4 42
1 150 2 -9 0.45 42
1 150 1 -9 0.6 43
1 150 2 -9 0.6 43
1 150 1 -9 0.55 44
1 150 1 -9 0.6 44
1 150 1 -9 0.6 45
1 150 1 -9 0.6 45
1 150 2 -9 0.6 45
1 150 2 -9 0.6 45
1 150 2 -9 0.6 45
1 150 1 -9 0.7 46
1 150 1 -9 0.65 47
1 150 1 -9 0.8 49
1 150 2 -9 0.8 49
1 150 2 -9 0.8 50
1 150 2 -9 0.85 55
1 146 1 -9 0.2 36
1 146 2 -9 0.3 37
1 146 2 -9 0.35 38
1 146 1 -9 0.3 39
1 146 2 -9 0.45 40
1 146 1 -9 0.4 41
1 146 2 -9 0.4 42
1 146 1 -9 0.45 42
1 146 1 -9 0.4 43
1 146 2 -9 0.45 43
1 146 1 -9 0.4 44
1 146 1 -9 0.5 44
1 146 2 -9 0.5 44
1 146 2 -9 0.5 45
1 146 2 -9 0.6 47
1 146 1 -9 0.8 47
1 146 1 -9 0.6 48
1 146 2 -9 0.8 48
1 146 2 -9 0.75 49
1 146 1 -9 0.8 52
2 154 2 -9 0.05 14
2 154 3 -9 0.05 14
2 154 3 -9 0.05 14
2 154 3 -9 0.05 14
2 154 3 -9 0.05 14
2 154 3 -9 0.05 14
2 154 3 -9 0.05 14
2 154 3 -9 0.05 14
2 154 3 -9 0.06 14
2 154 3 -9 0.05 15
2 156 1 -9 0.5 40
2 156 1 -9 0.5 41
2 156 1 -9 0.55 41
2 156 1 -9 0.55 41
2 156 1 -9 0.55 41
2 156 1 -9 0.65 43
2 156 1 -9 0.6 44
2 156 1 -9 0.8 44
2 156 1 -9 0.7 45
2 156 1 -9 0.8 47
2 153 1 -9 0.5 38
2 153 2 -9 0.55 40
2 153 1 -9 0.5 42
2 153 1 -9 0.65 42
2 153 2 -9 0.6 43
2 153 2 -9 0.65 43
2 153 2 -9 0.7 43
2 153 2 -9 0.6 44
2 153 1 -9 0.7 45
2 153 2 -9 0.7 45
2 153 2 -9 0.65 46
2 153 2 -9 0.7 46
2 153 1 -9 0.8 47
2 153 1 -9 0.8 48
2 153 2 -9 0.85 48
2 153 2 -9 0.75 49
2 153 1 -9 0.8 49
2 153 1 -9 0.85 49
2 153 1 -9 1.1 51
2 153 1 -9 1.15 52
2 152 1 -9 0.3 34
2 152 2 -9 0.3 37
2 152 1 -9 0.4 39
2 152 2 -9 0.4 40
2 152 1 -9 0.45 41
2 152 2 -9 0.5 41
2 152 1 -9 0.5 42
2 152 1 -9 0.55 42
2 152 2 -9 0.55 42
2 152 2 -9 0.55 44
2 152 1 -9 0.6 45
2 152 2 -9 0.6 45
2 152 2 -9 0.4 46
2 152 1 -9 0.65 46
2 152 1 -9 0.7 48
2 152 2 -9 0.7 48
2 152 2 -9 0.8 48
2 152 1 -9 0.95 52
2 152 2 -9 1 52
2 152 1 -9 2 69
1 147 2 -9 0.1 28
1 147 2 -9 0.1 29
1 147 2 -9 0.15 30
1 147 2 -9 0.2 32
1 147 2 -9 0.2 33
1 147 2 -9 0.2 34
1 147 2 -9 0.25 35
1 147 2 -9 0.25 37
1 147 2 -9 0.3 38
1 147 2 -9 0.3 39
3 8 1 11 0.95 53
3 8 1 7 0.98 53
3 8 1 9 1.14 56
2 7 1 2 0.11 24
2 7 2 2 0.15 26
2 7 2 3 0.18 30
2 7 1 3 0.21 31
2 7 2 3 0.22 32
2 7 1 3 0.24 32
2 7 2 3 0.24 32
2 7 2 3 0.24 33
2 7 1 3 0.25 33
2 7 2 3 0.28 33
2 7 2 4 0.25 34
2 7 1 3 0.28 34
2 7 1 3 0.3 35
2 7 2 3 0.32 35
2 7 1 4 0.3 36
2 7 2 5 0.34 37
2 7 1 4 0.35 37
2 7 1 5 0.36 40
2 7 1 5 0.42 41
2 7 2 5 0.55 43
3 13 2 5 0.52 41
3 13 1 5 0.52 42
3 13 2 4 0.54 42
3 13 2 5 0.58 42
3 13 1 5 0.48 43
3 13 1 5 0.5 43
3 13 2 5 0.6 43
3 13 1 5 0.62 43
3 13 1 5 0.52 44
3 11 2 7 0.93 50
3 11 1 7 0.94 51
3 11 1 7 0.95 53
3 11 2 11 1 53
3 10 2 5 0.52 41
3 10 2 5 0.56 43
3 10 1 4 0.65 44
3 10 1 5 0.54 45
3 10 1 6 0.7 45
3 10 1 7 0.68 46
3 10 1 -9 0.72 46
3 10 1 6 0.78 46
3 10 2 5 0.78 47
3 10 1 5 1 48
3 10 2 7 0.9 49
3 10 2 9 1.02 50
3 10 2 7 0.82 51
3 10 2 11 0.84 51
3 10 2 10 1.02 51
3 10 2 11 1.1 51
3 10 1 5 1.25 52
3 10 1 7 1.1 53
3 10 1 10 1 54
3 10 2 9 1.18 55
3 9 2 6 0.61 42
3 9 2 7 0.6 43
3 9 1 5 0.58 44
3 9 1 4 0.58 45
3 9 2 4 0.62 45
3 9 2 7 0.64 45
3 9 2 7 0.68 45
3 9 1 7 0.62 46
3 9 2 7 0.66 46
3 9 2 7 0.68 46
3 9 1 4 0.75 47
3 9 1 7 0.62 48
3 9 1 4 0.7 48
3 9 2 5 0.74 48
3 9 1 5 0.78 48
3 9 2 6 0.88 48
3 9 1 4 0.8 49
3 9 1 -9 0.82 49
3 9 1 11 0.9 50
3 9 2 10 0.9 50
3 8 2 5 0.58 42
3 8 1 5 0.6 44
3 8 2 7 0.64 45
3 13 1 11 0.98 51
3 13 1 11 0.94 52
3 13 2 10 0.95 52
3 13 2 11 1.08 52
3 13 2 7 1.1 52
3 13 2 13 1.08 53
3 13 2 11 0.92 54
3 13 1 -9 1.1 56
3 13 1 9 1.18 56
3 13 2 11 1.35 57
3 13 1 10 0.96 58
3 12 2 6 0.58 43
3 12 2 6 0.64 44
3 12 2 -9 0.64 44
3 12 2 5 0.7 47
3 12 2 7 0.75 47
3 12 2 7 0.68 48
3 12 2 11 0.85 49
3 12 2 7 0.98 49
3 12 1 5 0.8 50
3 12 1 7 0.9 50
3 12 1 6 0.88 51
3 12 1 14 0.95 51
3 12 1 7 0.84 52
3 12 1 11 0.98 52
3 12 2 7 1 52
3 12 2 12 1 52
3 12 1 7 0.92 53
3 12 1 7 1.18 54
3 12 1 7 1.24 56
3 12 1 11 1.3 56
3 11 1 4 0.52 42
3 11 2 5 0.6 42
3 11 2 5 0.65 44
3 11 2 7 0.72 44
3 11 1 5 0.6 45
3 11 1 5 0.7 46
3 11 2 5 0.68 47
3 11 1 4 0.72 47
3 11 2 6 0.72 47
3 11 1 4 0.74 47
3 11 1 6 0.74 47
3 11 1 7 0.74 47
3 11 2 8 0.88 48
3 11 2 7 0.82 49
3 11 1 7 0.84 49
3 11 2 16 0.86 50
3 8 1 5 0.65 45
3 8 2 7 0.66 45
3 8 2 5 0.6 46
3 8 2 5 0.66 46
3 8 2 5 0.68 46
3 8 2 7 0.74 46
3 8 2 7 0.78 48
3 8 1 7 0.8 48
3 8 1 7 0.64 49
3 8 1 5 0.84 49
3 8 2 8 0.85 50
3 8 1 -9 0.9 50
3 8 1 11 0.82 51
3 8 2 6 0.9 51
3 204 2 -9 1.12 53
3 204 2 -9 1.13 53
3 204 2 -9 1.25 54
3 204 2 -9 1.35 54
3 204 2 -9 1.3 55
3 204 1 -9 1.4 57
3 204 1 -9 1.4 57
3 204 2 -9 1.52 57
3 204 2 -9 1.55 57
3 204 1 -9 1.2 58
3 204 1 -9 1.35 58
3 204 1 -9 1.38 59
3 204 1 -9 1.72 60
3 204 1 -9 1.42 61
3 204 1 -9 1.85 62
3 204 1 -9 1.85 62
3 200 2 -9 0.58 42
3 200 2 -9 0.58 42
3 200 2 -9 0.6 42
3 200 2 -9 0.62 42
3 200 1 -9 0.55 43
3 200 2 -9 0.62 43
3 200 2 -9 0.75 43
3 200 1 -9 0.68 45
3 200 1 -9 0.68 45
3 200 2 -9 0.75 46
3 200 1 -9 0.8 48
3 200 1 -9 0.82 48
3 200 2 -9 1 49
3 200 2 -9 0.93 50
3 200 1 -9 1 51
3 200 1 -9 1.18 52
3 200 1 -9 1.2 52
3 204 2 -9 1.22 52
3 200 1 -9 1 53
3 200 2 -9 1 53
3 202 1 -9 1.5 56
3 202 1 -9 1.6 56
3 184 2 -9 0.6 40
3 184 2 -9 0.65 41
3 184 2 -9 0.7 46
3 184 1 -9 0.75 47
3 184 1 -9 1.02 47
3 184 2 -9 0.65 48
3 184 2 -9 0.9 48
3 184 1 -9 1.05 50
3 184 1 -9 0.9 51
3 184 1 -9 1.15 56
3 182 2 -9 0.55 40
3 182 2 -9 0.7 42
3 182 2 -9 0.65 44
3 182 1 -9 0.8 45
3 182 1 -9 0.9 45
3 182 2 -9 0.92 47
3 182 2 -9 0.95 50
3 182 1 -9 1.52 52
3 182 1 -9 1.45 54
3 194 2 -9 0.55 40
3 194 2 -9 0.55 40
3 194 1 -9 1.05 54
3 194 1 -9 1.15 54
3 194 1 -9 1.25 55
3 194 2 -9 1.15 57
3 194 2 -9 1.5 58
3 194 2 -9 1.4 60
3 187 1 -9 0.45 41
3 187 2 -9 0.65 41
3 187 1 -9 0.55 43
3 187 2 -9 0.75 46
3 187 1 -9 1.7 46
3 204 1 -9 0.42 38
3 204 2 -9 0.63 40
3 204 2 -9 1.1 52
3 200 1 -9 1.18 54
3 199 2 -9 0.54 41
3 199 2 -9 0.58 41
3 199 1 -9 0.65 43
3 199 1 -9 0.6 44
3 199 2 -9 0.75 44
3 199 2 -9 0.63 45
3 199 1 -9 0.78 46
3 199 2 -9 0.86 48
3 187 2 -9 1.05 49
3 187 1 -9 1.05 50
3 187 1 -9 1.02 51
3 187 2 -9 1 54
3 187 2 -9 1.3 56
3 189 2 -9 0.65 43
3 189 2 -9 0.7 43
3 189 2 -9 0.75 43
3 189 2 -9 0.7 44
3 189 1 -9 0.75 45
3 189 1 -9 0.85 46
3 189 1 -9 0.8 47
3 189 2 -9 0.9 49
3 189 1 -9 1.1 50
3 189 1 -9 1.15 50
3 179 2 -9 0.75 45
3 179 2 -9 0.8 45
3 179 2 -9 0.78 46
3 179 1 -9 0.9 48
3 179 1 -9 0.9 49
3 179 2 -9 0.94 50
3 179 2 -9 1.02 52
3 179 1 -9 1.15 55
3 179 1 -9 1.32 57
3 179 1 -9 0.9 61
3 188 2 -9 0.65 42
3 188 2 -9 0.7 43
3 188 1 -9 1.55 43
3 188 1 -9 0.7 44
3 188 2 -9 0.75 44
3 188 2 -9 0.75 44
3 199 1 -9 0.9 48
3 199 1 -9 0.85 49
3 199 2 -9 0.85 49
3 199 2 -9 0.85 49
3 199 1 -9 0.98 49
3 199 2 -9 1.05 49
3 199 2 -9 0.95 50
3 199 1 -9 0.98 51
3 199 2 -9 1.2 53
3 199 1 -9 1.25 53
3 199 1 -9 1.18 54
3 199 1 -9 1.4 54
3 196 1 -9 0.6 42
3 196 2 -9 0.6 43
3 196 2 -9 0.65 43
3 196 2 -9 0.65 44
3 196 2 -9 0.65 45
3 196 2 -9 0.85 45
3 196 2 -9 0.75 47
3 196 1 -9 0.8 47
3 196 1 -9 0.8 47
3 196 2 -9 0.8 47
3 196 2 -9 0.85 47
3 196 2 -9 0.9 47
3 196 1 -9 0.95 49
3 196 1 -9 0.95 50
3 196 1 -9 1.05 50
3 196 1 -9 1.1 52
3 196 2 -9 1.1 52
3 196 1 -9 1.2 53
3 196 1 -9 1.1 54
3 196 1 -9 1.3 54
3 203 2 -9 0.1 22
3 203 2 -9 0.3 27
3 203 1 -9 0.5 38
3 203 2 -9 0.6 39
3 203 1 -9 0.6 40
3 203 1 -9 0.55 41
3 188 2 -9 0.7 45
3 188 1 -9 1.2 52
3 188 1 -9 1.22 53
3 188 1 -9 1.15 54
3 193 1 -9 0.75 44
3 193 2 -9 1.1 52
3 193 2 -9 1.35 52
3 193 2 -9 1.15 54
3 193 2 -9 1.35 54
3 193 2 -9 1.4 56
3 193 1 -9 1.6 58
3 193 1 -9 1.75 64
3 186 2 -9 0.6 42
3 186 1 -9 0.65 43
3 198 2 -9 0.75 46
3 198 1 -9 0.82 46
3 198 2 -9 0.85 46
3 198 2 -9 0.85 46
3 198 2 -9 0.87 46
3 198 1 -9 0.75 47
3 198 1 -9 0.7 48
3 198 2 -9 0.75 48
3 198 2 -9 0.78 48
3 198 1 -9 0.9 49
3 198 1 -9 0.85 52
3 198 1 -9 1.2 56
3 186 1 -9 0.9 45
3 186 1 -9 0.8 46
3 186 2 -9 0.85 49
3 186 2 -9 1.05 50
3 186 1 -9 1.15 51
3 186 1 -9 1.35 53
3 186 2 -9 1.2 54
3 192 1 -9 1.85 43
3 192 1 -9 1.1 49
3 192 2 -9 1.02 51
3 192 1 -9 1.2 51
3 192 2 -9 1.2 51
3 192 1 -9 1.1 52
3 192 2 -9 1.25 52
3 192 2 -9 1.25 55
3 192 1 -9 1.42 55
3 191 2 -9 0.75 43
3 191 1 -9 0.7 44
3 191 1 -9 0.9 47
3 191 1 -9 0.95 49
3 191 2 -9 1.02 50
3 191 1 -9 1.05 50
3 191 2 -9 1.3 52
3 191 2 -9 1.36 53
3 191 1 -9 1.45 55
3 191 2 -9 1.55 55
3 183 2 -9 0.68 41
3 183 1 -9 0.65 44
3 183 2 -9 0.75 47
3 183 2 -9 1.04 47
3 183 2 -9 0.75 48
3 183 2 -9 0.9 48
3 183 1 -9 1 52
3 183 1 -9 1.15 55
3 183 1 -9 1.4 56
3 183 1 -9 1.75 56
2 195 1 -9 0.1 19
2 195 2 -9 0.25 31
2 195 2 -9 1.1 51
2 195 2 -9 1.15 51
2 195 1 -9 1.1 53
2 195 1 -9 1.2 53
2 195 2 -9 1.4 56
2 195 2 -9 1.2 57
2 195 1 -9 1.3 57
2 195 1 -9 1.55 58
3 186 2 -9 0.85 44
3 203 1 -9 0.6 41
3 203 1 -9 1.25 53
3 203 1 -9 1.2 55
3 203 1 -9 1.4 56
3 203 1 -9 1.38 57
3 203 1 -9 1.42 57
3 203 2 -9 1.6 57
3 203 1 -9 1.45 58
3 201 2 -9 0.5 41
3 201 2 -9 0.54 41
3 201 1 -9 0.6 42
3 201 1 -9 0.62 43
3 201 1 -9 0.78 46
3 201 2 -9 1.1 49
3 201 2 -9 0.85 50
3 201 2 -9 1.08 50
3 201 1 -9 0.95 51
3 201 1 -9 1 51
3 201 2 -9 1.05 51
3 201 2 -9 1.13 51
3 201 1 -9 1.08 53
3 201 2 -9 1.2 53
3 201 2 -9 1.1 54
3 201 1 -9 1.2 55
3 201 1 -9 1.22 55
3 201 2 -9 1.45 57
3 201 1 -9 1.45 58
3 201 1 -9 1.6 58
3 198 2 -9 0.6 41
3 198 1 -9 0.6 43
3 198 1 -9 0.62 43
3 198 2 -9 0.67 43
3 198 2 -9 0.62 44
3 198 2 -9 0.78 44
3 198 1 -9 0.7 45
3 198 1 -9 0.72 46
3 182 1 -9 1.72 60
3 190 2 -9 0.6 42
3 190 1 -9 0.7 43
3 190 1 -9 1.03 48
3 190 1 -9 0.85 49
3 190 2 -9 0.9 49
3 190 2 -9 1.05 49
3 190 1 -9 1.1 49
3 190 1 -9 1.1 51
3 190 2 -9 1.25 53
3 190 2 -9 1.35 53
3 181 2 -9 0.68 41
3 181 2 -9 0.7 42
3 181 1 -9 0.75 42
3 181 1 -9 0.75 44
3 181 2 -9 0.8 46
3 181 1 -9 0.7 47
3 181 2 -9 1.02 47
3 181 1 -9 0.9 48
3 181 2 -9 1.14 53
3 181 1 -9 1.4 54
3 197 2 -9 0.43 39
3 197 2 -9 0.5 40
3 197 2 -9 0.53 40
3 197 2 -9 0.68 44
3 197 2 -9 0.68 45
3 197 2 -9 0.7 45
3 197 1 -9 0.8 47
3 197 2 -9 0.85 47
3 197 1 -9 0.9 47
3 197 1 -9 0.7 48
3 197 2 -9 0.95 48
3 197 2 -9 1 48
3 197 1 -9 0.9 49
3 197 1 -9 0.98 50
3 197 1 -9 1 50
3 197 1 -9 1.05 50
3 197 2 -9 1.15 50
3 197 1 -9 1.1 51
3 197 1 -9 1.1 52
3 197 1 -9 1.4 56
3 202 2 -9 0.4 37
3 202 2 -9 0.39 38
3 202 2 -9 0.42 38
3 202 2 -9 0.45 40
3 202 1 -9 0.51 40
3 202 1 -9 0.57 41
3 202 1 -9 0.45 42
3 202 1 -9 0.65 42
3 202 1 -9 0.64 44
3 202 1 -9 0.68 44
3 202 1 -9 0.78 44
3 202 2 -9 1.12 51
3 202 2 -9 1.15 51
3 202 2 -9 1.2 52
3 202 2 -9 1.35 52
3 202 2 -9 1.21 54
3 202 1 -9 1.2 55
3 202 2 -9 1.35 56
3 180 2 -9 0.71 45
3 180 2 -9 0.84 45
3 180 1 -9 0.84 46
3 180 2 -9 0.95 47
3 180 1 -9 0.87 48
3 180 2 -9 1.06 50
3 180 1 -9 1.06 52
3 180 1 -9 1.03 53
3 180 2 -9 1.4 53
3 180 1 -9 1.5 59
3 185 1 -9 0.05 20
3 185 1 -9 0.55 41
3 185 2 -9 0.6 41
3 185 1 -9 0.75 45
3 185 1 -9 0.75 46
3 185 2 -9 0.8 46
3 185 2 -9 0.85 46
3 185 2 -9 0.75 48
3 185 1 -9 0.9 48
3 185 2 -9 1.4 57
1 5 2 -9 0.3 37
1 5 1 -9 0.3 38
1 5 2 -9 0.4 39
1 5 1 -9 0.5 39
1 5 2 -9 0.5 41
1 5 1 -9 0.5 42
1 5 2 -9 0.45 43
1 5 2 -9 0.55 43
1 5 1 -9 0.6 44
1 5 1 -9 0.5 45
1 5 1 -9 0.5 45
1 5 2 -9 0.6 45
1 5 1 -9 0.45 47
1 5 2 -9 0.6 48
1 5 2 -9 0.65 48
1 5 2 -9 0.4 49
1 5 1 -9 0.8 50
1 5 1 -9 0.9 51
1 5 1 -9 0.9 52
1 5 2 -9 0.9 52
3 17 2 -9 0.95 49
3 17 1 -9 0.7 50
3 17 1 -9 0.8 50
3 17 1 -9 1.2 50
3 17 1 -9 0.5 51
3 17 2 -9 1 51
3 17 2 -9 0.8 52
3 17 1 -9 1.1 52
3 17 2 -9 1.2 52
3 18 2 -9 0.4 39
3 18 2 -9 0.5 44
3 18 2 -9 0.6 45
3 18 2 -9 0.6 46
3 18 2 -9 0.6 46
3 18 2 -9 0.7 47
3 18 2 -9 0.8 47
3 18 2 -9 0.8 47
3 18 2 -9 0.8 47
3 18 1 -9 0.7 48
3 18 2 -9 0.7 48
3 18 2 -9 0.8 50
3 18 2 -9 1 50
3 18 1 -9 0.9 51
3 18 1 -9 0.9 52
3 18 1 -9 1 52
3 19 1 -9 0.3 43
3 19 2 -9 0.7 45
3 19 2 -9 0.7 46
3 19 2 -9 0.7 46
3 19 1 -9 0.8 47
3 19 1 -9 0.75 48
3 19 2 -9 0.8 48
3 19 2 -9 0.8 48
3 19 2 -9 0.9 48
3 19 2 -9 0.8 49
3 19 1 -9 0.9 49
3 19 2 -9 0.8 50
3 19 2 -9 1 50
3 19 2 -9 1 50
3 19 1 -9 1.1 50
3 19 2 -9 0.95 51
3 19 1 -9 0.9 52
3 19 2 -9 0.95 52
3 19 1 -9 1 54
3 19 1 -9 1.3 56
3 17 2 -9 0.3 40
3 17 2 -9 0.6 43
3 17 2 -9 1 45
3 17 2 -9 0.7 46
3 17 2 -9 0.7 47
3 17 2 -9 0.4 48
3 17 1 -9 0.7 48
3 17 1 -9 0.8 48
3 17 1 -9 1.2 48
3 17 1 -9 0.8 49
3 17 1 -9 0.9 49
3 14 2 -9 0.64 44
3 14 1 -9 0.71 44
3 14 1 -9 0.75 45
3 14 2 -9 0.79 45
3 14 2 -9 0.86 46
3 14 2 -9 0.86 48
3 14 2 -9 0.83 49
3 14 2 -9 1.16 49
3 14 2 -9 1.21 49
3 14 1 -9 1.06 50
3 14 2 -9 1.18 50
3 14 1 -9 1.17 52
3 14 1 -9 1.47 55
3 14 2 -9 0.91 56
3 14 1 -9 1.54 56
3 14 1 -9 1.59 56
3 14 1 -9 1.63 56
3 14 1 -9 1.66 57
3 14 2 -9 1.78 57
3 14 1 -9 1.84 58
3 15 2 -9 0.66 43
3 15 2 -9 0.72 44
3 15 1 -9 0.74 46
3 15 1 -9 0.76 46
3 15 2 -9 0.83 46
3 15 2 -9 0.71 47
3 15 1 -9 0.82 47
3 15 2 -9 0.85 47
3 15 1 -9 0.82 48
3 15 1 -9 0.93 48
3 15 1 -9 0.94 48
3 15 1 -9 0.94 48
3 15 2 -9 0.97 48
3 15 2 -9 0.99 48
3 15 2 -9 1.03 48
3 15 2 -9 1.08 48
3 15 1 -9 0.94 49
3 15 2 -9 1.07 49
3 15 1 -9 0.9 51
3 15 1 -9 2.18 59
3 16 2 -9 1.25 49
3 16 2 -9 1.19 50
3 16 1 -9 0.99 51
3 16 2 -9 1.08 52
3 16 1 -9 1.32 53
3 16 1 -9 1.34 56
3 16 2 -9 1.41 56
3 16 1 -9 1.56 56
3 16 2 -9 1.39 57
3 16 1 -9 1.72 58
3 207 2 -9 0.8 43
3 207 1 -9 0.75 44
3 207 1 -9 0.8 44
3 207 1 -9 0.8 45
3 207 1 -9 0.9 45
3 207 2 -9 0.95 46
3 207 2 -9 1 48
3 207 1 -9 1.75 54
3 207 2 -9 1.35 56
3 206 2 -9 0.65 41
3 206 2 -9 0.7 44
3 206 1 -9 0.75 44
3 206 1 -9 0.9 44
3 206 2 -9 0.85 45
3 206 2 -9 0.9 45
3 206 1 -9 0.75 46
3 206 2 -9 0.8 46
3 206 1 -9 0.85 47
3 206 1 -9 0.9 48
3 206 1 -9 0.95 48
3 206 2 -9 1.1 48
3 206 1 -9 1.1 49
3 206 2 -9 1.1 49
3 206 2 -9 1.15 52
3 206 1 -9 1.35 52
3 206 1 -9 1.4 54
3 206 1 -9 1.55 55
3 206 1 -9 1.75 58
3 206 1 -9 1.7 61
3 205 2 -9 1.3 55
3 205 1 -9 0.2 26
3 205 2 -9 0.6 40
3 205 1 -9 0.65 41
3 205 2 -9 0.65 42
3 205 1 -9 0.9 45
3 205 1 -9 0.8 47
3 205 2 -9 1 47
3 205 1 -9 1.1 50
3 205 2 -9 1.15 50
3 205 1 -9 1.1 51
3 205 2 -9 1.15 51
3 205 1 -9 1 52
3 205 1 -9 1.15 53
3 205 2 -9 1.45 53
3 205 2 -9 1.3 54
3 205 2 -9 0.95 56
3 205 1 -9 1.4 56
3 205 2 -9 1.5 57
3 205 1 -9 1.96 62
3 207 2 -9 0.55 39
3 207 2 -9 0.6 39
3 207 1 -9 0.55 40
3 207 2 -9 0.6 40
3 207 2 -9 0.7 40
3 207 2 -9 0.55 41
3 207 2 -9 0.65 41
3 207 1 -9 0.6 42
3 207 1 -9 0.7 42
3 207 1 -9 0.75 42
3 207 1 -9 0.6 43
2 115 2 4 0.3 33
2 115 1 4 0.4 33
2 115 2 3 0.3 34
2 115 2 3 0.3 36
2 115 2 4 0.4 37
2 115 1 6 0.5 43
2 115 2 9 0.9 49
2 115 1 9 1 53
2 115 1 -9 1.4 59
2 122 2 3 0.3 32
2 122 1 4 0.4 35
2 122 2 6 0.4 36
2 122 1 5 0.5 38
2 122 2 4 0.5 39
2 122 1 5 0.6 40
2 122 2 5 0.6 42
2 122 2 6 0.7 44
2 122 1 7 0.9 45
2 122 1 5 0.9 46
2 124 1 3 0.3 29
2 124 1 4 0.5 37
2 124 2 5 0.5 37
2 124 2 5 0.5 38
2 124 2 5 0.6 40
2 124 2 5 0.8 45
2 124 1 7 0.9 47
2 124 1 7 1 48
2 124 1 8 1.1 50
2 124 2 7 1 51
2 123 2 4 0.4 36
2 123 2 6 0.4 37
2 123 1 5 0.6 38
2 123 2 5 0.5 39
2 123 1 4 0.6 40
2 123 2 5 0.6 40
2 123 1 5 0.6 41
2 123 1 5 0.7 42
2 123 2 7 0.7 46
2 123 1 6 1.1 52
2 120 1 3 0.3 33
2 120 1 5 0.3 34
2 120 2 4 0.3 34
2 120 2 4 0.4 38
2 120 1 5 0.5 39
2 120 1 5 0.5 40
2 120 2 5 0.4 41
2 120 2 5 0.5 43
2 120 1 6 0.6 44
2 120 2 7 1 50
2 121 1 2 0.2 23
2 121 2 3 0.3 30
2 121 2 4 0.3 33
2 121 1 5 0.4 36
2 121 2 5 0.4 38
2 121 1 5 0.4 39
2 121 2 5 0.4 41
2 121 2 6 0.5 43
2 121 1 7 0.8 46
2 121 1 10 1.2 55
3 214 1 -9 0.4 39
3 214 2 -9 0.4 40
3 214 1 -9 0.5 40
3 214 2 -9 0.5 40
3 214 2 -9 0.45 41
3 214 1 -9 0.5 41
3 214 1 -9 0.5 41
3 214 1 -9 0.5 41
3 214 2 -9 0.5 41
3 214 2 -9 0.5 41
3 214 2 -9 0.55 42
3 214 1 -9 0.5 43
3 214 1 -9 0.6 43
3 214 1 -9 0.65 43
3 214 1 -9 0.55 44
3 214 2 -9 0.65 45
3 214 2 -9 0.7 45
3 214 2 -9 1.2 54
3 214 1 -9 1.3 56
3 214 1 -9 1.5 56
3 211 2 -9 0.45 38
3 211 2 -9 0.55 42
3 211 2 -9 0.55 43
3 211 2 -9 0.65 44
3 211 2 -9 0.65 45
3 211 1 -9 0.5 46
3 211 2 -9 0.7 46
3 211 1 -9 0.75 46
3 211 2 -9 0.85 46
3 211 2 -9 0.75 47
3 211 1 -9 0.8 47
3 211 2 -9 0.75 48
3 211 1 -9 0.8 48
3 211 1 -9 0.8 48
3 211 1 -9 0.75 49
3 211 1 -9 0.95 50
3 211 2 -9 0.95 50
3 211 1 -9 1 52
3 211 2 -9 1.1 52
3 211 1 -9 1.15 54
3 209 2 -9 0.5 41
3 209 2 -9 0.5 42
3 209 2 -9 0.55 42
3 209 2 -9 0.55 43
3 209 1 -9 0.65 43
3 209 1 -9 0.55 44
3 209 2 -9 0.65 44
3 209 2 -9 0.65 44
3 209 1 -9 0.7 44
3 209 1 -9 0.75 45
3 209 1 -9 0.65 46
3 209 1 -9 0.75 46
3 209 1 -9 0.75 47
3 209 2 -9 0.8 47
3 209 2 -9 0.75 48
3 209 1 -9 0.8 48
3 209 2 -9 0.85 48
3 209 2 -9 0.8 49
3 209 2 -9 0.85 49
3 209 1 -9 1.2 52
3 208 2 -9 0.6 43
3 208 2 -9 0.65 45
3 208 1 -9 0.7 45
3 208 2 -9 0.75 47
3 208 1 -9 0.8 47
3 208 2 -9 0.75 48
3 208 1 -9 0.8 48
3 208 2 -9 0.85 49
3 208 1 -9 0.95 49
3 208 1 -9 0.9 50
3 208 1 -9 0.95 50
3 208 1 -9 0.95 51
3 208 2 -9 0.95 51
3 208 2 -9 0.95 52
3 208 2 -9 0.95 52
3 208 2 -9 1 52
3 208 2 -9 1.05 52
3 208 2 -9 1 53
3 208 1 -9 1.1 54
3 208 2 -9 1.15 54
3 212 2 -9 0.5 42
3 212 2 -9 0.9 46
3 212 2 -9 0.75 47
3 212 2 -9 0.8 48
3 212 1 -9 0.85 48
3 212 2 -9 0.85 48
3 212 1 -9 0.8 49
3 212 2 -9 0.85 49
3 212 2 -9 0.9 49
3 212 2 -9 0.95 50
3 212 2 -9 1 50
3 212 2 -9 1.05 50
2 105 1 5 0.5 41
2 105 2 7 0.5 41
2 105 1 7 0.6 42
2 105 1 4 0.7 42
2 105 2 7 0.6 43
2 105 1 5 0.7 43
2 105 2 5 0.7 45
2 105 1 5 0.8 45
2 105 2 7 0.8 47
2 105 2 7 0.8 48
2 106 1 5 0.4 39
2 106 1 5 0.5 41
2 106 1 6 0.5 42
2 106 2 6 0.6 42
2 106 1 7 0.6 43
2 106 2 5 0.7 44
2 106 2 5 0.7 45
2 106 2 7 0.8 46
2 106 2 7 0.8 46
2 106 1 5 0.9 47
2 107 2 6 0.5 42
2 107 2 4 0.6 44
2 107 1 7 0.7 44
2 107 2 7 0.7 44
2 107 2 7 0.7 45
2 107 1 7 0.8 46
2 107 1 7 0.8 46
2 107 2 7 0.9 46
2 107 1 9 0.9 48
2 107 1 7 1 49
2 108 1 3 0.4 36
3 212 2 -9 1.05 50
3 212 1 -9 0.9 51
3 212 2 -9 0.9 51
3 212 2 -9 1.05 51
3 212 1 -9 1.1 51
3 212 2 -9 1.1 51
3 212 1 -9 1.15 53
3 212 1 -9 1 54
3 210 2 -9 0.5 43
3 210 2 -9 0.65 44
3 210 2 -9 0.5 45
3 210 1 -9 0.6 45
3 210 2 -9 0.6 45
3 210 1 -9 0.7 46
3 210 2 -9 0.7 47
3 210 1 -9 0.75 47
3 210 1 -9 0.85 49
3 210 1 -9 0.95 49
3 210 2 -9 0.8 50
3 210 1 -9 1.05 50
3 210 2 -9 0.95 51
3 210 1 -9 1 51
3 210 1 -9 1.05 51
3 210 1 -9 1.15 53
3 210 1 -9 1.35 55
3 210 1 -9 1.25 57
3 210 1 -9 1.55 59
3 210 1 -9 1.45 60
2 108 2 5 0.4 38
2 108 2 7 0.6 43
2 108 2 7 0.6 44
2 108 1 6 0.8 45
2 108 1 5 0.9 46
2 108 2 7 0.8 47
2 108 1 7 1 47
2 108 2 7 1 52
2 108 1 16 1.3 57
2 109 2 3 0.3 30
2 109 2 3 0.3 30
2 109 1 3 0.4 32
2 109 1 4 0.3 34
2 109 2 5 0.5 37
2 109 1 4 0.5 39
2 109 2 5 0.6 40
3 213 2 -9 0.7 43
3 213 1 -9 0.75 44
3 213 2 -9 0.7 45
3 213 1 -9 0.75 45
3 213 2 -9 0.65 46
3 213 2 -9 0.75 46
3 213 1 -9 0.8 46
3 213 2 -9 0.8 46
3 213 1 -9 0.85 47
3 213 1 -9 1.2 52
3 213 1 -9 1.2 52
3 213 1 -9 1.25 52
3 213 2 -9 1.15 53
3 213 1 -9 1.2 53
3 213 1 -9 1.2 53
3 213 1 -9 1.25 53
3 213 1 -9 1.2 54
3 213 1 -9 1.25 54
3 213 1 -9 1.3 54
3 213 1 -9 1.25 55
2 109 1 7 1.1 48
2 109 2 7 1 50
2 109 1 7 1.2 53
2 110 1 3 0.3 30
2 110 2 3 0.3 33
2 110 2 4 0.4 37
2 110 1 6 0.5 42
2 110 1 7 0.8 45
2 110 1 7 0.9 48
2 110 2 7 1 48
2 110 1 9 1 49
2 110 2 7 1 49
2 110 2 10 1.2 58
2 112 1 3 0.2 27
2 112 1 3 0.2 30
2 112 1 3 0.3 32
2 112 2 4 0.5 39
2 112 2 5 0.6 40
2 112 2 7 0.7 43
2 112 2 7 0.9 48
2 112 1 7 1.2 48
2 112 2 11 1.1 50
2 112 1 9 1.4 55
2 113 1 3 0.3 28
2 113 2 4 0.2 32
2 113 2 4 0.3 33
2 113 2 4 0.3 34
2 113 1 5 0.4 34
2 113 1 4 0.4 35
2 113 2 4 0.3 36
2 113 1 5 0.5 39
2 113 2 5 0.4 40
2 113 1 6 0.5 40
2 111 2 3 0.2 31
2 111 2 3 0.3 32
2 111 1 3 0.4 32
2 111 2 4 0.4 36
2 114 2 5 0.6 40
2 114 1 5 0.5 41
2 114 2 7 0.7 45
2 114 2 8 0.8 46
2 114 2 7 0.8 47
2 114 2 7 1 48
2 116 1 3 0.4 30
2 116 2 5 0.4 35
2 116 2 5 0.5 37
2 116 2 5 0.6 39
2 116 1 4 0.6 41
2 116 1 8 0.7 45
2 116 2 11 1.1 49
2 116 2 9 1.1 50
2 116 1 7 1.2 52
2 116 1 12 1.3 54
2 111 2 5 0.5 38
2 115 1 3 0.2 31
2 111 1 9 1.1 51
2 111 1 10 1.2 53
2 111 1 -9 1.2 54
2 111 1 11 1.3 55
2 119 2 2 0.2 25
2 119 1 5 0.3 27
2 119 1 3 0.3 29
2 119 2 5 0.4 35
2 119 2 5 0.5 37
2 119 1 5 0.5 39
2 119 1 6 0.6 41
2 119 2 5 0.6 41
2 119 1 5 0.7 44
2 119 2 7 0.8 47
2 118 2 3 0.2 28
2 118 2 3 0.3 29
2 118 1 3 0.3 31
2 118 2 3 0.3 31
2 118 1 5 0.6 42
2 118 2 5 0.7 43
2 118 1 7 0.8 47
2 118 2 10 0.9 49
2 118 1 7 1 49
2 118 1 9 1 50
2 117 1 3 0.3 30
2 117 1 3 0.3 34
2 117 2 4 0.4 34
2 117 1 4 0.4 35
2 117 2 4 0.4 36
2 117 1 4 0.5 37
2 117 2 5 0.5 38
2 117 1 7 0.8 45
2 117 2 7 1 50
2 117 2 -9 1.1 51
2 114 1 3 0.2 26
2 114 1 4 0.3 34
2 114 1 4 0.4 39
2 114 1 5 0.5 40
2 111 2 9 1 49
1 88 2 5 0.3 37
1 88 1 4 0.35 37
1 88 1 4 0.36 37
1 88 2 5 0.34 38
1 88 2 4 0.37 38
1 88 1 5 0.4 39
1 88 2 5 0.4 39
1 88 1 4 0.39 40
1 88 1 4 0.39 40
1 88 1 5 0.43 40
1 89 2 4 0.27 35
1 83 1 7 1.13 55
1 83 1 9 1.28 57
1 83 1 9 1.4 60
1 92 2 7 0.65 46
1 92 2 7 0.65 47
2 102 2 7 0.75 49
2 102 2 9 0.9 52
2 102 1 8 1.05 53
2 102 1 11 1.05 55
2 102 1 11 1.5 64
2 98 1 6 0.3 36
2 98 1 4 0.35 37
2 98 1 -9 0.4 39
2 98 2 5 0.47 41
2 98 1 5 0.55 44
1 88 2 7 0.5 42
1 88 2 7 0.57 43
1 88 1 7 0.66 44
1 88 2 7 0.58 45
1 88 2 7 0.61 45
1 88 1 7 0.63 47
2 104 1 4 0.27 35
2 104 2 9 1 50
2 104 1 7 1.05 54
2 103 1 5 0.7 50
1 89 1 4 0.26 34
1 89 1 4 0.26 34
1 89 2 5 0.35 34
1 89 2 4 0.26 35
2 98 2 8 0.65 45
2 98 2 7 0.75 46
2 98 2 7 0.71 47
2 98 1 7 0.8 47
2 98 2 10 0.72 49
2 97 1 4 0.5 41
2 97 2 6 0.52 42
2 97 1 7 0.52 44
2 97 2 4 0.53 44
2 97 2 5 0.53 44
2 97 2 8 0.62 46
2 97 1 8 0.67 46
2 97 1 7 0.7 48
2 97 2 11 0.83 48
2 97 1 8 0.8 50
2 101 2 5 0.32 35
2 101 1 5 0.35 37
2 101 1 4 0.36 38
2 101 1 5 0.37 38
2 101 1 5 0.5 42
2 101 2 7 0.52 46
2 101 2 7 0.67 47
2 101 2 6 0.75 48
2 101 1 7 0.68 49
2 101 1 9 0.65 51
2 96 2 5 0.38 37
2 96 2 5 0.4 38
2 96 2 5 0.5 40
2 96 2 5 0.52 42
2 96 1 5 0.5 43
2 96 1 7 0.52 43
2 96 2 7 0.63 45
2 96 1 7 0.68 46
2 96 1 6 0.67 47
2 96 1 7 0.75 48
1 86 1 5 0.38 36
1 86 2 5 0.35 37
1 86 2 5 0.4 37
1 86 1 6 0.39 38
1 86 1 5 0.4 38
1 86 2 5 0.45 38
1 86 1 5 0.41 39
1 86 2 7 0.44 39
1 86 1 5 0.45 39
1 86 1 5 0.42 41
1 86 1 5 0.46 41
1 86 2 5 0.46 41
1 86 2 7 0.46 41
1 86 1 5 0.48 41
1 86 2 6 0.52 41
1 81 2 5 0.26 35
1 86 2 4 0.54 41
1 86 1 4 0.63 43
1 92 1 7 0.7 48
1 92 2 7 0.7 48
1 92 1 7 0.81 48
1 92 2 7 0.82 49
1 92 1 9 1 54
2 99 2 6 0.5 41
2 99 1 4 0.55 42
2 99 2 5 0.55 43
2 99 2 5 0.58 43
2 99 2 8 0.6 44
2 99 2 4 0.67 45
2 99 1 5 0.7 45
2 99 1 7 0.7 47
2 99 1 9 0.95 49
1 6 2 -9 0.45 38
1 6 1 -9 0.45 39
1 6 2 -9 0.5 40
1 6 2 -9 0.5 40
1 6 1 -9 0.5 42
1 6 1 -9 0.55 42
1 6 1 -9 0.6 42
1 6 2 -9 0.55 45
1 6 1 -9 0.7 45
1 6 1 -9 0.7 45
1 6 1 -9 0.75 46
1 6 2 -9 0.8 46
1 6 2 -9 0.65 47
1 6 1 -9 0.8 47
1 6 2 -9 0.8 47
1 6 1 -9 0.75 48
1 6 1 -9 0.98 49
1 6 2 -9 0.85 50
1 6 2 -9 0.9 51
1 6 2 -9 0.95 51
2 99 1 9 1 54
2 102 1 5 0.3 39
1 86 2 7 0.55 44
1 86 2 8 0.59 44
1 86 1 7 0.57 45
2 100 2 4 0.2 33
2 100 2 4 0.22 35
2 100 2 4 0.3 36
2 100 1 5 0.45 42
2 100 1 7 0.5 45
2 100 1 7 0.52 45
2 100 2 9 0.65 47
2 100 2 7 0.75 48
1 81 1 5 0.4 39
1 81 2 -9 0.39 40
1 81 1 5 0.43 41
1 81 1 5 0.45 41
1 81 2 7 0.46 42
1 81 1 5 0.55 42
1 81 2 5 0.5 43
1 81 1 7 0.52 43
1 81 1 8 0.5 45
1 81 2 7 0.55 45
1 81 2 8 0.58 45
1 81 1 7 0.66 45
1 81 2 8 0.66 47
1 81 2 5 0.35 36
1 81 1 6 0.41 38
1 81 2 4 0.38 39
1 81 2 8 0.79 50
1 81 1 10 1.2 54
1 81 1 8 1.07 57
1 84 1 4 0.26 35
1 84 1 5 0.28 36
1 84 1 5 0.29 36
1 84 2 5 0.28 37
1 84 2 5 0.3 37
1 84 2 5 0.32 37
1 84 1 5 0.34 37
1 84 1 5 0.32 38
1 84 1 5 0.42 41
1 84 1 5 0.46 41
1 84 2 7 0.5 44
1 84 1 7 0.61 48
1 84 1 10 0.7 50
1 84 1 10 0.77 53
1 84 2 11 1.04 55
1 80 2 5 0.35 38
1 80 2 5 0.36 38
1 87 1 5 0.35 37
1 87 1 5 0.34 38
1 87 2 4 0.42 39
1 87 2 4 0.41 40
1 87 2 5 0.42 40
1 87 1 7 0.46 42
1 87 1 5 0.47 42
1 87 1 5 0.48 42
1 87 2 6 0.49 42
1 87 2 7 0.54 43
1 87 1 7 0.55 43
1 87 1 4 0.57 43
1 87 2 4 0.6 43
1 87 1 5 0.55 44
1 87 2 4 0.64 44
1 87 2 8 0.63 45
1 87 2 -9 0.68 46
1 87 2 6 0.89 50
1 87 1 7 0.87 51
1 88 1 4 0.28 34
1 88 1 5 0.28 36
1 88 2 4 0.3 36
1 88 2 5 0.3 36
2 100 1 7 0.65 49
2 100 1 7 0.8 51
1 87 1 5 0.33 37
1 89 1 4 0.3 35
1 89 1 5 0.34 35
1 89 2 5 0.34 35
1 89 1 4 0.33 36
1 89 2 4 0.35 36
1 89 2 7 0.49 42
1 89 1 7 0.57 44
1 89 1 6 0.57 45
1 89 1 7 0.57 46
1 89 2 7 0.6 46
1 89 1 8 0.75 48
1 80 2 5 0.36 38
1 80 2 5 0.34 39
1 80 2 7 0.39 39
1 80 1 6 0.37 40
1 80 1 6 0.44 40
1 80 2 5 0.5 42
1 80 1 5 0.52 42
1 80 1 7 0.41 43
1 80 1 7 0.42 43
1 80 2 5 0.52 43
1 80 1 7 0.52 44
1 80 1 7 0.55 44
1 80 2 6 0.56 44
1 80 1 5 0.62 46
1 80 2 7 0.66 46
1 80 2 7 0.68 46
1 80 1 9 0.7 49
1 80 1 11 1.1 58
1 85 1 6 0.27 36
1 85 2 7 0.76 48
1 85 2 9 0.79 48
1 85 1 7 0.72 49
1 85 1 7 0.78 51
1 82 1 5 0.26 34
1 82 2 5 0.25 36
1 82 1 7 0.35 39
1 82 1 6 0.37 39
1 82 2 5 0.39 40
1 82 2 5 0.45 41
1 82 2 5 0.47 41
1 82 2 5 0.48 41
1 82 1 7 0.44 42
1 82 2 7 0.56 42
1 82 2 8 0.57 43
1 82 1 7 0.55 44
1 82 1 7 0.54 46
1 82 1 6 0.6 46
1 82 2 7 0.64 46
1 82 1 7 0.78 47
1 82 1 8 0.75 48
1 82 2 11 0.8 52
1 82 2 9 1.03 53
1 82 1 11 1.12 57
1 83 2 5 0.26 35
1 83 2 4 0.3 35
1 83 2 5 0.31 36
1 83 1 5 0.35 37
1 83 2 -9 0.61 37
1 83 2 6 0.35 40
1 83 2 7 0.55 44
1 83 1 7 0.47 45
1 83 2 7 0.55 45
1 83 1 7 0.65 47
1 83 1 7 0.66 47
1 83 2 7 0.72 47
1 83 2 8 0.63 49
1 83 2 9 0.76 50
1 83 1 7 0.7 51
1 83 1 8 0.85 54
1 83 1 10 1 54
1 90 1 5 0.58 45
1 90 1 6 0.61 46
1 90 1 7 0.65 47
1 91 2 4 0.21 33
1 91 1 4 0.22 33
1 91 2 5 0.23 33
1 91 2 4 0.25 33
1 91 2 4 0.25 34
1 91 2 4 0.25 34
1 91 1 7 0.53 46
1 91 1 -9 0.55 47
1 91 2 6 0.57 47
1 91 1 7 0.63 49
1 91 1 8 0.67 49
2 94 1 4 0.26 36
2 94 2 5 0.33 36
2 94 1 4 0.28 37
2 94 2 5 0.32 37
2 94 2 4 0.33 38
2 94 2 5 0.39 39
2 94 2 4 0.39 40
2 94 1 7 0.4 40
2 94 1 5 0.38 41
2 94 1 7 0.76 48
2 93 1 4 0.27 35
2 93 2 4 0.3 35
2 93 2 5 0.3 37
2 93 2 4 0.37 39
2 93 2 6 0.41 40
2 93 1 4 0.42 40
2 93 1 5 0.4 41
2 93 2 5 0.5 42
2 93 1 7 0.47 43
2 93 1 7 0.56 46
2 95 2 4 0.27 36
2 95 1 4 0.3 36
2 95 1 5 0.35 38
2 95 2 5 0.35 38
2 95 1 5 0.36 39
2 95 2 5 0.37 39
2 95 1 5 0.45 40
2 95 2 5 0.45 41
2 95 2 5 0.5 43
2 95 1 5 0.45 44
1 89 1 7 0.76 50
1 90 1 5 0.2 33
1 90 1 4 0.26 35
