1 54 2 -9 4.7 69
1 1 1 -9 8.1 82
1 1 1 -9 3.7 68
3 1 1 -9 9 84
3 1 1 -9 1.8 57
3 1 1 -9 2.5 57
1 1 2 -9 0.9 43
1 1 2 -9 8.5 90
1 1 2 -9 7 82
1 1 1 -9 8.8 88
1 1 2 -9 1.6 57
1 1 2 -9 4.2 70
1 1 2 -9 3.76 63
3 1 1 -9 7.8 76
3 13 1 -9 9.5 87
3 2 2 -9 0.8 47
3 16 1 -9 5.4 77
3 193 1 -9 5.9 77
3 183 1 -9 4 68
1 217 1 -9 11.6 90
1 146 1 -9 1.1 44
3 1 2 -9 11.25 97
3 1 1 -9 2.5 61
1 158 1 -9 0.9 46
1 129 1 -9 6 75
1 98 2 -9 -9 65
1 95 2 -9 -9 72
1 1 1 -9 12 100
3 1 1 -9 9.3 90
1 1 2 -9 4 69
1 54 2 -9 1.7 52
3 1 2 -9 4.4 70
1 78 2 -9 3 63
1 1 2 -9 2.5 65
1 49 1 -9 1.4 48
1 47 2 -9 5.2 73
1 1 2 -9 5.6 80
1 84 1 -9 1.9 54
1 47 1 -9 8.2 83
1 76 1 -9 2.9 64
1 66 2 -9 4.2 70
1 50 2 -9 5.3 71
1 83 1 -9 4.1 71
1 102 2 -9 3.6 66
1 100 1 -9 3 66
1 45 1 -9 1.4 49
1 1 1 -9 3.3 61
1 1 1 -9 5.66 75
1 1 1 -9 7.15 75
1 1 2 -9 0.6 38
1 1 2 -9 2.6 64
1 1 1 -9 6.17 79
1 1 2 -9 6.65 78
1 1 1 -9 2.8 59
1 1 2 -9 3.39 62
3 18 1 -9 8.3 82
3 4 1 -9 7.3 79
1 1 2 -9 9.08 87
3 177 1 -9 3.1 66
3 1 1 -9 9.15 89
1 113 2 -9 3.8 67
1 165 1 -9 1.2 74
1 94 1 -9 -9 63
1 172 2 -9 4 72
1 1 2 -9 3.1 61
1 1 1 -9 12.3 101
3 1 1 -9 9.8 87
3 1 1 -9 8.8 86
3 1 2 -9 2.9 61
3 1 2 -9 3.5 68
3 1 2 -9 5.1 74
3 1 2 -9 5.4 74
1 91 1 -9 5.1 76
1 82 2 -9 3.6 68
1 70 1 -9 2.7 63
1 91 2 -9 3.4 66
1 68 2 -9 3.8 66
1 46 2 -9 2.2 60
1 36 1 -9 3.5 71
1 36 1 -9 4.5 72
1 32 1 -9 2.8 66
1 54 1 -9 2.7 59
1 1 1 -9 5 69
1 1 1 -9 3.8 71
1 1 2 -9 2.3 60
3 1 2 -9 5.55 73
3 1 1 -9 6 72
1 151 1 -9 3.5 70
1 1 1 -9 7.6 81
1 1 2 -9 1.45 51
1 1 1 -9 3.06 66
1 1 2 -9 5 77
3 19 1 -9 -9 104
3 16 2 -9 5.1 73
3 1 2 -9 3 61
3 1 2 -9 2.8 56
1 218 2 -9 3.8 63
1 148 2 -9 1 43
1 138 2 -9 11.9 91
1 146 2 -9 3.6 63
3 1 1 -9 12.95 101
1 121 1 -9 1.4 50
1 159 1 -9 1.8 53
1 96 2 -9 -9 65
1 175 2 -9 2.8 62
1 175 2 -9 3.3 65
1 168 1 -9 2 57
1 171 1 -9 4.3 72
1 1 2 -9 10.4 97
1 61 1 -9 7.7 79
1 1 2 -9 5.1 75
1 74 2 -9 5.9 78
1 1 1 -9 6.1 76
1 57 1 -9 3.2 64
1 73 1 -9 2.3 63
1 66 2 -9 2.3 59
1 67 1 -9 2.9 63
1 57 1 -9 2 54
1 58 2 -9 2 56
1 106 2 -9 2.4 65
1 102 1 -9 2.8 63
1 103 2 -9 4.4 69
1 100 1 -9 2.9 63
1 46 2 -9 0.7 42
1 1 1 -9 4.87 75
1 1 1 -9 3.85 66
1 1 1 -9 2.8 66
1 1 2 -9 7.5 81
1 1 1 -9 1.9 56
1 1 1 -9 3.15 67
3 1 2 -9 8.66 78
3 28 2 -9 8.6 96
3 1 2 -9 7 79
3 1 2 -9 5.4 75
1 217 2 -9 1.4 48
1 217 1 -9 11.4 86
3 1 2 -9 6.8 79
3 1 2 -9 2.75 63
1 96 2 -9 -9 46
1 97 1 -9 -9 52
1 98 1 -9 -9 67
1 176 1 -9 1.9 52
3 1 2 -9 1.6 53
1 55 1 -9 1.9 54
1 49 1 -9 4 70
1 74 2 -9 3.2 68
1 63 2 -9 2.2 56
1 1 2 -9 5.4 76
1 62 2 -9 4.4 70
1 85 2 -9 1.6 51
1 77 2 -9 3.2 62
1 56 2 -9 1.9 53
1 76 2 -9 2.9 66
1 1 1 -9 7.5 82
3 1 1 -9 7.2 84
1 93 1 -9 2.2 58
1 70 2 -9 3.2 64
1 102 2 -9 3.5 66
1 35 1 -9 2.9 63
1 40 2 -9 2.5 61
3 1 1 -9 3.7 66
3 1 2 -9 1.4 47
3 1 1 -9 4.25 69
3 1 1 -9 1.8 58
1 1 2 -9 4.54 69
1 1 1 -9 1.6 53
1 1 1 -9 8.8 89
3 1 2 -9 3.1 59
3 13 1 -9 6 77
3 18 2 -9 6.1 72
1 1 1 -9 0.87 44
3 1 1 -9 1.8 53
1 218 1 -9 4.8 68
1 146 1 -9 0.8 41
1 1 1 -9 2.55 58
1 160 2 -9 4.1 69
1 155 1 -9 -9 71
1 157 2 -9 5 79
1 156 2 -9 2.5 63
1 170 1 -9 2.2 57
1 128 1 -9 2.5 60
1 96 1 -9 -9 62
1 97 1 -9 -9 71
1 96 2 -9 -9 72
1 168 1 -9 2.1 56
3 1 2 -9 6.6 88
3 1 2 -9 8.9 89
3 1 1 -9 9.1 86
1 169 2 -9 3.8 68
1 78 1 -9 2.7 62
1 1 1 -9 3.6 70
1 74 1 -9 2.1 58
1 70 2 -9 3.6 68
3 1 1 -9 6.6 78
1 72 2 -9 3.1 68
1 47 1 -9 8.4 83
1 77 2 -9 3.1 66
1 76 2 -9 4.2 72
1 51 1 -9 4.3 70
1 80 1 -9 2.2 59
1 101 1 -9 2.6 61
1 105 2 -9 2 56
1 100 2 -9 2.1 57
1 42 2 -9 2.6 62
1 40 1 -9 2.2 57
1 30 1 -9 1.1 47
1 1 2 -9 3 60
1 1 1 -9 4.5 77
1 1 2 -9 2.7 63
1 1 2 -9 3.3 66
1 1 1 -9 10.6 99
1 1 2 -9 2.5 63
3 1 1 -9 4.7 73
3 1 1 -9 1.8 64
1 1 2 -9 4.95 74
1 1 1 -9 5.1 79
1 1 2 -9 7.6 82
1 1 2 -9 10.82 93
1 1 2 -9 1.3 49
1 1 2 -9 3.2 63
1 1 1 -9 2.7 63
1 1 2 -9 3.26 68
3 1 2 -9 7.2 79
3 1 2 -9 11.9 80
3 3 1 -9 11.3 94
1 1 1 -9 2.86 65
1 1 1 -9 5.61 79
1 1 2 -9 1.33 51
1 218 1 -9 3.6 66
3 192 1 -9 1.75 58
1 115 2 -9 3.5 67
1 96 1 -9 -9 63
1 95 1 -9 -9 66
1 95 1 -9 -9 57
1 97 2 -9 -9 75
1 97 1 -9 -9 55
1 176 1 -9 6.8 82
3 1 1 -9 7.9 84
3 1 1 -9 8 84
1 1 2 -9 1.7 54
1 81 2 -9 4.4 69
1 1 2 -9 5 73
3 1 1 -9 6.4 77
1 47 2 -9 6 76
1 60 2 -9 2.3 58
1 72 2 -9 4.2 71
1 58 1 -9 4.1 69
1 72 2 -9 1.3 51
1 49 1 -9 2.2 57
3 1 1 -9 7 81
3 1 1 -9 8.1 84
1 64 1 -9 3.5 66
1 50 1 -9 2.1 56
1 53 1 -9 2.2 57
1 91 1 -9 2.6 59
1 86 1 -9 2.7 61
1 86 1 -9 4.4 71
1 86 2 -9 5.6 74
1 100 1 -9 1.8 56
1 104 1 -9 2.9 63
1 100 1 -9 2.5 60
1 46 1 -9 2 59
1 35 1 -9 0.9 46
1 39 2 -9 1 47
1 1 2 -9 3.5 70
1 1 1 -9 9 84
1 1 1 -9 2 59
1 1 1 -9 2.4 60
3 1 2 -9 1.7 53
3 1 2 -9 5.6 69
3 1 1 -9 3.6 60
1 151 1 -9 2.3 63
1 1 1 -9 5.36 77
3 1 1 -9 5.1 66
3 1 1 -9 9.5 81
1 1 1 -9 2.41 58
3 1 2 -9 4.8 73
3 210 2 -9 3.25 65
3 1 1 -9 2.8 66
3 1 2 -9 6.95 81
1 170 2 -9 4 68
1 137 2 -9 5.75 76
1 161 1 -9 -9 44
1 161 2 -9 -9 64
1 167 1 -9 2 55
1 168 1 -9 3.3 68
3 1 2 -9 3.4 63
1 1 1 -9 0.74 41
3 1 2 -9 3.7 68
3 1 1 -9 10.5 92
1 49 1 -9 3 65
3 1 2 -9 5.8 74
1 52 1 -9 6.4 81
1 57 2 -9 2.3 59
1 84 2 -9 3.4 64
1 64 2 -9 5.3 75
1 85 1 -9 4.3 70
1 81 1 -9 3.7 66
1 48 1 -9 6.8 76
1 104 2 -9 3.4 66
1 102 1 -9 4 71
1 43 1 -9 1.5 52
1 39 2 -9 0.7 42
1 1 2 -9 0.9 39
1 1 2 -9 2.7 58
1 1 2 -9 3.2 58
1 1 2 -9 3.65 61
1 1 1 -9 1.75 58
1 1 2 -9 4.95 68
3 1 1 -9 6.8 81
3 1 1 -9 1.3 49
1 1 2 -9 8.32 83
1 1 1 -9 4.59 71
1 1 2 -9 2.55 62
1 1 2 -9 4.5 74
1 1 2 -9 4.9 74
1 1 2 -9 0.7 41
3 5 1 -9 4.6 73
1 1 1 -9 4.39 75
3 1 2 -9 3.15 68
1 107 1 -9 4.9 72
1 1 2 -9 3.52 66
1 132 1 -9 4 68
1 125 2 -9 3 72
1 171 1 -9 5.5 73
3 1 2 -9 7.8 88
1 49 2 -9 4.8 69
1 55 1 -9 3.1 62
1 54 2 -9 2.1 53
1 78 1 -9 4.3 68
1 49 1 -9 3 64
1 63 2 -9 5.9 75
1 1 1 -9 5.6 78
1 58 2 -9 5.8 75
1 88 2 -9 3.2 67
3 1 2 -9 4.8 73
1 105 1 -9 2.9 64
1 102 2 -9 2 55
1 42 2 -9 3.3 64
1 1 2 -9 3.4 60
1 1 2 -9 4.13 75
1 1 2 -9 4.7 67
1 1 2 -9 4.3 63
3 1 1 -9 3.75 61
3 1 1 -9 3.45 63
1 151 2 -9 2.09 64
1 1 1 -9 3.67 70
1 1 1 -9 9 87
1 1 1 -9 5 77
1 1 1 -9 1.6 52
3 25 2 -9 9.5 86
3 17 2 -9 6.7 77
1 1 1 -9 6.38 80
1 113 1 -9 3 63
3 1 1 -9 3.4 66
1 158 2 -9 2.8 64
1 164 2 -9 2.1 62
1 156 2 -9 1.9 55
1 98 1 -9 -9 54
1 173 1 -9 1.4 53
1 175 1 -9 1.8 55
1 175 2 -9 3.1 63
1 94 1 -9 -9 59
1 1 2 -9 1.03 44
3 1 2 -9 11.2 86
3 1 1 -9 4 68
1 1 1 -9 5.4 75
3 1 1 -9 6.7 78
3 1 2 -9 6 79
1 1 1 -9 4.5 70
1 1 2 -9 2.6 64
3 1 2 -9 4.9 74
1 74 1 -9 1.7 55
1 57 2 -9 2.6 61
1 1 1 -9 6.1 76
1 63 1 -9 4.5 70
1 47 1 -9 6.4 78
1 1 2 -9 4.7 79
1 59 1 -9 2.6 58
1 73 2 -9 4.2 69
1 52 2 -9 2.2 58
1 71 1 -9 4.8 74
3 1 1 -9 6.4 81
3 1 2 -9 4.6 73
1 93 2 -9 3.2 66
1 52 1 -9 3.3 66
1 53 2 -9 2.6 58
1 105 1 -9 5.2 70
1 48 1 -9 1.6 58
1 99 1 -9 3.8 67
1 69 1 -9 3.2 66
1 34 1 -9 4.1 72
1 1 2 -9 4.85 70
1 1 2 -9 2.9 64
1 1 1 -9 5.26 75
1 1 2 -9 7.55 86
1 1 2 -9 1.3 50
1 1 2 -9 4.2 68
3 25 2 -9 6.15 78
3 20 1 -9 4.9 72
3 1 2 -9 8.3 77
3 8 1 -9 3.4 68
3 5 1 -9 1.5 50
1 1 2 -9 2.35 63
1 1 2 -9 8.83 84
1 1 2 -9 3.47 69
1 146 1 -9 1 47
1 216 1 -9 5.4 72
3 178 1 -9 12.1 98
3 1 2 -9 12.45 99
1 116 2 -9 3.7 67
1 160 2 -9 1 44
1 158 2 -9 1 45
1 96 2 -9 -9 58
1 131 1 -9 4.25 67
1 96 1 -9 -9 65
1 156 1 -9 3 65
1 156 1 -9 7.8 75
1 98 2 -9 -9 69
1 1 1 -9 8.2 89
3 1 2 -9 3.8 66
3 1 1 -9 4.9 71
3 1 1 -9 8.2 85
3 1 2 -9 6.1 78
3 1 1 -9 7.4 84
3 1 2 -9 1.7 53
1 82 2 -9 1.5 50
1 55 2 -9 3.7 68
1 61 1 -9 4.8 65
1 170 2 -9 1.5 53
1 1 2 -9 2.6 66
1 1 1 -9 5 75
1 1 2 -9 7.1 85
1 62 2 -9 4.7 72
1 47 1 -9 5.2 74
1 75 2 -9 13.2 97
3 1 1 -9 5.8 75
1 71 1 -9 2.6 64
1 71 1 -9 2.9 64
1 90 1 -9 2.3 59
1 49 1 -9 2.2 55
3 1 1 -9 7.5 82
1 83 2 -9 3 60
1 80 2 -9 2.5 61
1 92 1 -9 5.4 75
1 105 1 -9 4.1 69
1 48 2 -9 1.4 49
1 48 1 -9 4.2 74
1 102 2 -9 3.7 67
1 1 2 -9 1.4 51
1 1 1 -9 3.5 66
3 1 1 -9 2.95 61
3 1 2 -9 3.45 65
3 1 1 -9 5.15 74
3 1 1 -9 2.1 50
3 1 2 -9 2.8 58
1 1 2 -9 2.7 63
1 1 2 -9 2.2 59
1 1 1 -9 4 68
1 1 2 -9 0.79 42
1 1 2 -9 4.8 78
3 16 2 -9 6.9 79
3 185 1 -9 2.5 61
3 183 2 -9 2.6 60
3 1 2 -9 2.8 65
1 165 2 -9 2.4 61
1 155 1 -9 -9 72
1 133 2 -9 3.5 66
1 134 1 -9 8.25 81
1 126 2 -9 7.75 83
1 153 1 -9 3 65
1 172 2 -9 3.1 68
1 1 1 -9 1.37 49
1 78 1 -9 3.9 65
1 1 1 -9 4 70
1 1 1 -9 3.3 68
1 1 2 -9 3.7 68
1 79 1 -9 3.1 64
1 169 2 -9 3.1 76
1 1 2 -9 6 77
1 62 2 -9 4.3 68
1 1 1 -9 6 79
1 84 1 -9 2 58
1 85 1 -9 3.4 67
1 1 2 -9 6.8 83
1 91 1 -9 3.9 68
1 101 1 -9 3.5 66
1 100 1 -9 1.7 56
1 105 1 -9 3.5 67
1 106 1 -9 4.7 70
1 103 2 -9 4.9 73
1 106 2 -9 2.3 58
1 37 2 -9 0.8 44
1 1 2 -9 4.4 74
3 1 2 -9 4 66
3 1 1 -9 15.8 107
1 1 2 -9 7.65 92
1 1 2 -9 2.59 59
1 1 1 -9 4.53 67
3 1 1 -9 11 83
3 177 2 -9 2 57
3 197 1 -9 4.55 73
1 122 1 -9 2.4 59
1 113 2 -9 3.2 62
1 162 1 -9 3.6 69
1 170 2 -9 4 68
1 156 1 -9 3.5 69
1 98 1 -9 -9 71
1 98 1 -9 -9 73
1 161 2 -9 -9 59
1 167 1 -9 5.5 73
1 1 1 -9 9.3 86
3 1 1 -9 4.8 71
3 1 2 -9 3.7 66
1 1 1 -9 5.6 78
1 60 2 -9 1.7 52
1 75 2 -9 3.2 65
1 72 2 -9 4.5 73
1 69 1 -9 3.6 63
1 65 1 -9 4.5 72
1 104 2 -9 3.6 67
1 44 2 -9 1.4 53
1 31 2 -9 5.5 73
1 40 1 -9 1.8 58
3 1 2 -9 4.4 72
3 1 1 -9 1.3 46
3 1 2 -9 1.8 50
1 152 2 -9 2.47 60
1 1 2 -9 10.56 95
1 1 2 -9 10.46 96
1 1 2 -9 2.1 58
1 1 2 -9 2.37 58
3 25 2 -9 9.4 93
3 13 1 -9 9.3 85
1 1 1 -9 1.94 57
1 1 1 -9 1.38 50
1 216 2 -9 10 87
3 177 1 -9 2.5 59
1 114 1 -9 4.7 70
1 153 1 -9 0.8 44
1 128 2 -9 5.25 69
1 125 1 -9 5.5 79
1 97 2 -9 -9 79
1 155 1 -9 -9 62
1 95 1 -9 -9 67
1 175 1 -9 1.8 57
1 171 1 -9 5 73
1 1 1 -9 0.68 40
3 1 1 -9 4.1 65
3 1 1 -9 5.6 74
3 1 1 -9 6.9 82
1 49 2 -9 4.8 73
1 49 1 -9 4.8 74
1 74 1 -9 15.2 101
3 1 1 -9 5.1 71
1 78 1 -9 7.2 77
1 1 1 -9 3.3 70
1 1 1 -9 5.6 75
1 70 1 -9 4.8 70
1 1 2 -9 5.5 77
1 59 2 -9 2.8 62
1 67 1 -9 3.3 65
1 67 1 -9 5.1 72
1 84 1 -9 3.7 70
1 84 1 -9 5.4 75
1 85 2 -9 2.8 62
1 90 1 -9 2.7 62
1 77 1 -9 3.2 68
1 58 2 -9 2.2 55
1 69 2 -9 1.8 52
1 79 2 -9 1.9 55
1 83 1 -9 1.6 50
1 81 2 -9 2.1 57
1 30 2 -9 1.2 47
1 1 1 -9 1.7 48
1 1 1 -9 4.2 68
1 1 2 -9 8.33 86
1 1 1 -9 4 66
1 1 1 -9 3.4 68
1 1 2 -9 2.7 63
1 1 2 -9 3.8 68
1 1 2 -9 3.4 67
3 1 1 -9 3.65 65
3 1 2 -9 2.6 59
1 1 1 -9 4.44 69
1 1 2 -9 5.46 78
3 25 2 -9 1.2 49
3 28 1 -9 14.95 99
3 16 1 -9 3.8 67
1 1 1 -9 1.63 57
3 1 1 -9 10 78
3 1 2 -9 2 51
1 141 2 -9 3.5 65
1 218 2 -9 1 48
1 214 1 -9 5.4 60
3 201 1 -9 4.2 72
1 158 1 -9 3.2 64
1 154 1 -9 2.4 63
1 96 1 -9 -9 69
1 167 1 -9 3 65
1 1 2 -9 2.1 54
3 1 2 -9 7.2 78
1 1 2 -9 4.1 72
1 1 2 -9 4 70
1 1 1 -9 2.6 67
1 52 2 -9 4.8 69
1 81 1 -9 5.3 73
1 63 1 -9 2.9 62
1 52 2 -9 1.9 50
1 73 2 -9 2.1 60
1 76 1 -9 3.7 67
1 66 1 -9 2.5 61
1 51 1 -9 4.1 69
1 53 1 -9 3.6 67
1 80 2 -9 1.6 54
1 106 1 -9 3.9 68
1 102 2 -9 1.8 54
1 69 1 -9 12.2 96
1 68 2 -9 1.8 56
1 41 1 -9 1.8 54
1 42 2 -9 3 61
1 37 2 -9 2 61
1 30 2 -9 4.6 77
1 1 1 -9 6.72 80
1 1 1 -9 4.96 76
1 1 1 -9 2.68 65
1 1 2 -9 2.2 57
1 1 2 -9 3.9 71
1 1 2 -9 2.35 55
1 1 2 -9 2.65 62
1 1 1 -9 8.83 83
1 1 1 -9 5.4 78
3 8 1 -9 2.2 53
1 1 1 -9 1.17 49
1 213 1 -9 5.4 72
3 194 2 -9 2.55 63
3 1 2 -9 2.95 66
1 131 1 -9 6.75 76
1 161 1 -9 -9 41
1 98 1 -9 -9 68
1 94 1 -9 -9 58
1 168 2 -9 2.5 64
1 1 2 -9 1.62 54
1 1 1 -9 3.45 62
3 1 2 -9 2.5 56
3 1 1 -9 10.2 93
1 1 1 -9 8.5 85
1 1 1 -9 2.6 67
1 57 1 -9 3.8 66
1 1 2 -9 6.1 80
1 73 2 -9 2.4 60
1 66 1 -9 2 54
1 73 1 -9 6.1 75
1 76 2 -9 2 53
1 52 1 -9 2.1 58
1 1 1 -9 6.8 84
1 67 1 -9 6.1 79
1 87 1 -9 4.3 71
1 69 1 -9 3.2 66
1 1 2 -9 3.35 65
1 1 1 -9 5.46 77
1 1 1 -9 11.2 91
1 1 1 -9 3.6 69
1 1 1 -9 2.2 61
3 1 2 -9 6.45 83
3 1 1 -9 8.4 85
1 1 2 -9 4.03 70
1 1 1 -9 1.2 47
3 8 1 -9 1.65 52
1 1 2 -9 3.57 65
1 150 2 -9 8.1 81
1 213 2 -9 5 69
1 216 2 -9 10.2 86
1 109 1 -9 1.8 53
1 118 1 -9 6.4 78
1 160 1 -9 2.5 67
1 98 1 -9 -9 74
1 97 1 -9 -9 64
1 175 1 -9 4.2 69
1 1 2 -9 1.15 45
3 1 2 -9 3.4 63
3 1 1 -9 3.5 64
1 55 1 -9 4.2 67
1 61 2 -9 3.2 65
1 1 2 -9 3.1 68
1 1 2 -9 3.4 63
3 1 1 -9 5.2 73
1 55 1 -9 1.2 47
1 71 1 -9 2.6 65
1 82 1 -9 3.4 64
1 84 1 -9 4.3 67
1 84 1 -9 6.2 78
1 51 1 -9 1.7 54
1 70 2 -9 3 62
1 30 1 -9 2.5 61
1 1 2 -9 2 59
3 1 1 -9 2.15 56
3 1 1 -9 5.1 69
3 1 1 -9 4.05 64
3 1 2 -9 3.6 56
1 151 2 -9 4.09 78
1 1 2 -9 5.97 74
1 1 1 -9 2.5 63
1 1 2 -9 3 60
3 5 2 -9 4.8 73
3 1 1 -9 3.6 61
3 1 2 -9 8.1 76
3 18 1 -9 8.4 98
3 17 1 -9 3.9 68
1 213 1 -9 3.4 63
3 192 1 -9 3 65
3 1 2 -9 5.7 75
1 1 1 -9 3.37 71
1 162 2 -9 4.2 73
1 130 1 -9 8.5 87
1 160 1 -9 3.6 68
1 161 2 -9 -9 60
1 174 1 -9 4.1 70
1 167 2 -9 3.4 64
1 168 2 -9 4.8 78
3 1 1 -9 4.1 70
3 1 1 -9 12.8 99
1 1 2 -9 6.3 89
3 1 2 -9 3.7 65
1 61 1 -9 4.8 69
1 52 1 -9 4.7 72
1 73 2 -9 1.5 53
1 72 1 -9 2 57
1 83 2 -9 2.2 58
1 80 1 -9 1.4 50
1 80 2 -9 2.4 59
1 100 1 -9 1.3 48
1 48 1 -9 4.8 75
1 103 2 -9 4.6 71
1 42 2 -9 2.9 61
1 37 1 -9 2.5 62
1 1 2 -9 6.6 89
3 1 2 -9 2.15 55
3 1 2 -9 4.4 66
1 152 2 -9 2.45 59
1 1 1 -9 1.5 49
1 1 1 -9 12.16 93
3 1 1 -9 11.8 87
3 1 2 -9 8.3 65
1 1 1 -9 7.14 82
1 1 1 -9 2.35 58
3 1 2 -9 1.2 49
1 214 2 -9 4.6 65
1 138 1 -9 6.7 79
1 218 2 -9 9.4 84
1 146 2 -9 3.6 64
3 1 1 -9 6.15 78
1 165 1 -9 5.2 80
1 157 2 -9 1 44
1 170 1 -9 2 58
1 134 1 -9 5.75 73
1 126 1 -9 20 108
1 171 1 -9 2.8 59
1 171 2 -9 3.8 66
1 161 2 -9 -9 61
1 175 2 -9 4.3 70
1 166 1 -9 1.3 53
3 1 2 -9 9.9 90
3 1 2 -9 3.1 60
3 1 2 -9 4.1 67
3 1 1 -9 5 73
1 57 2 -9 2.9 62
1 90 2 -9 1.9 55
1 76 1 -9 5.1 68
1 60 2 -9 2.8 62
1 51 2 -9 1.7 49
1 83 1 -9 2.6 59
1 92 1 -9 3.7 69
1 69 1 -9 3.8 68
1 54 1 -9 6.2 75
1 1 2 -9 3.95 62
1 1 1 -9 11.8 100
1 1 1 -9 3.5 69
1 1 2 -9 2.1 61
1 1 2 -9 3 65
1 1 1 -9 2.2 62
3 25 2 -9 8.3 86
3 25 2 -9 9.9 87
3 20 2 -9 2.3 57
3 21 1 -9 6.7 78
3 17 2 -9 6.5 79
3 1 2 -9 10 85
1 216 1 -9 2.8 60
1 118 1 -9 3.5 65
1 119 1 -9 3.1 62
1 94 1 -9 -9 60
1 1 1 -9 9 99
1 1 1 -9 8.4 91
1 1 2 -9 2.6 68
1 1 1 -9 3.1 68
3 1 1 -9 6.5 78
1 59 1 -9 1.9 55
1 73 1 -9 3.2 67
1 59 1 -9 2.8 61
1 84 2 -9 1.1 44
1 58 2 -9 2.2 58
1 75 2 -9 3.4 66
1 1 1 -9 7.1 81
1 89 1 -9 2.6 73
1 69 2 -9 2.2 55
1 51 1 -9 2.3 57
1 101 2 -9 1.5 55
1 99 2 -9 2.2 57
1 54 1 -9 5.1 72
1 1 2 -9 6.4 73
1 1 1 -9 2.7 53
1 1 2 -9 11.3 91
1 1 2 -9 3.5 69
1 1 2 -9 4.7 74
3 1 1 -9 4 72
1 1 1 -9 8.15 89
3 25 1 -9 5.2 72
3 1 1 -9 5.4 68
3 1 2 -9 5 69
3 25 2 -9 11.9 94
3 16 1 -9 4 66
3 17 1 -9 5.75 77
3 1 1 -9 3.8 63
3 202 1 -9 2.6 65
1 146 2 -9 5.2 70
1 142 2 -9 0.7 37
1 216 1 -9 7.8 78
3 177 1 -9 1.6 52
1 218 2 -9 5.5 75
1 215 1 -9 16 98
3 1 1 -9 5.55 78
1 162 2 -9 2.2 61
1 135 2 -9 3 63
1 167 2 -9 3.4 70
1 96 1 -9 -9 92
1 96 2 -9 -9 70
1 176 2 -9 1.8 54
1 176 2 -9 2.2 57
1 1 1 -9 8.4 86
3 1 1 -9 8.4 87
3 1 1 -9 5.5 77
3 1 1 -9 9 86
3 1 2 -9 2.9 63
3 1 2 -9 3.6 65
1 67 1 -9 3.5 65
1 71 2 -9 2.4 61
1 85 1 -9 3.4 68
1 77 1 -9 4.6 69
3 1 1 -9 7.8 82
1 58 1 -9 1.7 52
1 72 1 -9 4.5 73
1 89 1 -9 2.7 62
1 51 2 -9 11 90
1 83 1 -9 2.2 58
1 81 1 -9 4.1 67
1 92 1 -9 4.5 69
1 46 2 -9 0.6 42
1 46 1 -9 3.4 67
1 37 2 -9 2.3 61
1 1 2 -9 4.05 64
1 1 2 -9 3 59
1 1 1 -9 9.7 80
3 1 1 -9 2.3 59
3 1 2 -9 2 60
3 1 1 -9 10 90
1 1 2 -9 2.15 58
1 1 1 -9 3 66
1 1 1 -9 2.52 58
1 1 2 -9 3.27 67
1 1 1 -9 7.04 84
1 1 1 -9 5.41 76
1 1 2 -9 3.32 68
1 141 2 -9 9.2 86
1 213 1 -9 11 85
1 138 1 -9 3.6 61
3 212 2 -9 1.75 53
3 179 1 -9 7.5 83
3 1 1 -9 8 87
1 1 2 -9 4.49 69
3 1 1 -9 3.2 64
1 168 2 -9 2.9 66
1 1 1 -9 1.06 47
3 1 1 -9 4.2 67
3 1 2 -9 4.7 69
1 167 1 -9 6 82
3 1 2 -9 3 64
3 1 1 -9 3.3 72
3 1 1 -9 3.8 69
1 62 2 -9 2.5 61
1 73 2 -9 1.6 53
1 59 1 -9 5.7 77
1 75 1 -9 4.2 69
1 82 2 -9 3.3 61
1 1 2 -9 7.2 84
1 51 1 -9 5.3 71
1 64 2 -9 4.6 70
1 51 1 -9 1 44
1 80 2 -9 2 55
1 80 1 -9 3.4 68
1 46 1 -9 1.5 52
1 41 2 -9 1.1 46
1 32 2 -9 2.5 62
1 1 2 -9 3.26 55
1 1 2 -9 2.35 58
1 1 1 -9 4.6 77
1 1 1 -9 8.4 86
1 1 1 -9 3.2 64
1 1 2 -9 2.8 65
1 1 2 -9 6.12 81
1 1 1 -9 1.1 45
1 1 1 -9 2.2 61
3 12 2 -9 9.6 87
3 2 2 -9 3.7 71
3 3 2 -9 12 94
3 178 1 -9 3.5 67
1 145 1 -9 1.2 50
1 216 1 -9 6 76
3 1 2 -9 3.5 69
3 1 1 -9 6.05 81
1 116 2 -9 3 63
1 158 2 -9 2.3 63
1 170 2 -9 2 59
1 98 1 -9 -9 73
1 98 1 -9 -9 73
1 171 1 -9 3.3 60
1 97 2 -9 -9 64
1 167 1 -9 1.7 52
1 172 1 -9 3.1 64
3 1 2 -9 1.9 55
1 1 1 -9 12 92
3 1 2 -9 10 92
3 1 2 -9 2.8 62
1 54 2 -9 2.3 57
1 1 1 -9 4.7 71
3 1 1 -9 4.8 72
1 74 2 -9 3 63
1 47 1 -9 3.6 66
3 1 2 -9 6 78
1 1 2 -9 7 84
1 64 1 -9 3.4 67
1 91 2 -9 2.9 64
1 92 1 -9 2.9 62
1 92 2 -9 4.9 74
1 1 2 -9 6.05 74
1 1 1 -9 10.05 93
1 1 2 -9 4 65
3 1 2 -9 2.4 58
3 5 1 -9 7.5 88
3 2 1 -9 16 102
3 5 2 -9 1.1 46
1 1 2 -9 3.16 65
1 1 2 -9 2.65 60
3 27 1 -9 15.4 103
1 1 2 -9 2.96 64
1 1 2 -9 1.63 56
3 17 2 -9 3.7 68
1 148 1 -9 3.4 63
1 165 2 -9 3 68
1 130 1 -9 10 86
1 96 2 -9 -9 67
1 170 1 -9 2.2 55
1 132 2 -9 5.5 71
1 97 1 -9 -9 58
1 168 1 -9 5.5 75
1 1 2 -9 2.1 55
3 1 1 -9 12.5 100
3 1 1 -9 12.8 101
1 169 1 -9 1.7 57
1 169 1 -9 2.6 65
3 1 1 -9 4.5 70
1 79 2 -9 4.1 71
1 78 1 -9 6.4 77
1 1 1 -9 2.9 68
3 1 2 -9 4.5 68
3 1 2 -9 4.9 69
1 1 2 -9 4.9 75
1 63 2 -9 3.4 61
1 59 1 -9 3.2 64
1 66 1 -9 2.6 59
1 53 2 -9 2.9 56
1 83 2 -9 3.6 65
1 105 1 -9 2.5 63
1 65 2 -9 2.8 62
1 39 2 -9 3.1 65
1 1 1 -9 4.15 64
3 1 2 -9 5.6 72
3 1 1 -9 6.55 80
3 1 2 -9 2.4 63
1 1 2 -9 2.6 63
1 1 1 -9 3.4 67
1 1 2 -9 2 59
1 1 1 -9 2.86 62
3 1 1 -9 8.7 75
1 1 2 -9 2.45 60
1 1 2 -9 1.53 52
3 177 2 -9 6 77
3 1 1 -9 4.9 76
3 1 2 -9 8 85
3 1 1 -9 9.4 88
1 1 1 -9 6.79 74
1 118 2 -9 2.8 64
1 157 1 -9 1.4 50
1 161 2 -9 -9 39
1 174 1 -9 6.5 82
1 1 2 -9 7.1 89
1 78 1 -9 3.2 61
1 1 2 -9 2.9 67
1 1 1 -9 3.8 64
1 1 2 -9 4 64
1 1 2 -9 3.1 66
1 1 1 -9 6.8 78
3 1 2 -9 5.8 75
1 71 2 -9 3.3 64
1 58 1 -9 3.2 62
1 47 2 -9 7.8 78
1 89 1 -9 2.9 64
1 87 1 -9 1.2 48
1 64 1 -9 2.5 62
1 52 1 -9 3 60
1 52 2 -9 3.4 63
1 70 2 -9 2.6 59
1 100 2 -9 1.7 52
1 106 2 -9 3.9 72
1 106 2 -9 8 87
1 46 1 -9 1.9 56
1 40 2 -9 2 60
1 54 1 -9 10.6 91
1 1 1 -9 3.68 69
1 1 1 -9 5.2 75
3 1 1 -9 3.45 67
1 1 2 -9 2.65 66
1 1 1 -9 12.4 97
1 1 1 -9 5.5 75
3 1 2 -9 8 73
3 10 1 -9 4 70
3 10 2 -9 7.1 80
3 11 1 -9 9.2 85
3 19 2 -9 -9 80
1 213 2 -9 12 89
1 146 1 -9 1.1 45
1 96 2 -9 -9 60
1 125 2 -9 10 93
1 98 2 -9 -9 52
1 175 2 -9 2.1 57
1 167 2 -9 3.2 60
1 174 2 -9 2.8 61
1 171 1 -9 6 75
1 1 2 -9 0.74 39
3 1 2 -9 2.1 54
3 1 1 -9 4.1 72
1 79 2 -9 3.1 67
1 67 1 -9 2.9 63
1 73 1 -9 3.7 69
1 85 1 -9 1.9 56
1 76 2 -9 4.6 71
1 1 2 -9 7 84
1 93 2 -9 3.2 63
1 52 2 -9 3.7 62
1 50 2 -9 3.2 58
1 86 1 -9 4.2 64
1 68 2 -9 1.4 50
1 68 2 -9 4 67
1 65 2 -9 2.1 56
1 43 2 -9 2 55
1 1 2 -9 2.85 56
1 1 1 -9 6 66
3 1 1 -9 6.2 68
1 1 2 -9 6.95 86
1 1 2 -9 2.66 64
1 1 1 -9 0.74 41
3 18 1 -9 3.35 55
3 4 1 -9 5.6 76
1 1 1 -9 4.23 73
3 17 2 -9 4.5 66
3 193 1 -9 2.5 62
1 215 1 -9 7.2 73
1 215 1 -9 16.2 98
1 120 2 -9 3.3 64
1 96 2 -9 -9 59
1 96 1 -9 -9 69
1 96 2 -9 -9 63
1 170 1 -9 5.8 82
1 96 2 -9 -9 73
1 94 1 -9 -9 50
1 168 1 -9 2.3 62
1 1 2 -9 2.2 57
3 1 2 -9 2.6 58
1 1 2 -9 1.6 49
1 74 1 -9 1.3 50
1 81 2 -9 5.4 75
1 70 1 -9 3 65
1 62 1 -9 1.8 54
1 59 2 -9 3.8 63
1 90 2 -9 1.6 53
1 93 1 -9 3.1 64
1 64 1 -9 2.6 60
1 91 1 -9 3.2 64
1 81 2 -9 3.7 65
1 32 2 -9 5.7 75
1 54 2 -9 3.5 61
1 1 1 -9 4.75 66
1 1 1 -9 4.75 65
1 1 1 -9 1.9 54
1 1 2 -9 2.6 64
3 1 1 -9 4.3 64
1 152 1 -9 5.1 78
1 1 2 -9 4.34 72
1 1 2 -9 6.17 78
1 1 2 -9 5.5 81
3 1 1 -9 5.7 68
3 8 1 -9 12.7 93
3 5 2 -9 12.5 94
3 13 2 -9 1.2 50
3 20 2 -9 -9 53
1 1 2 -9 6.33 86
1 1 1 -9 4.9 74
3 189 1 -9 4 71
3 206 2 -9 2.75 61
1 215 2 -9 6.8 76
1 216 1 -9 1.4 52
1 109 2 -9 8.6 88
1 157 2 -9 1.2 46
1 131 1 -9 4.5 66
1 130 1 -9 6.5 75
1 161 2 -9 -9 65
1 95 2 -9 -9 73
1 96 1 -9 -9 80
1 1 2 -9 2.1 57
1 1 1 -9 11.7 88
3 1 2 -9 2.8 61
3 1 1 -9 5.3 72
1 1 2 -9 2.9 69
1 66 1 -9 2.3 58
1 66 2 -9 2.8 62
1 47 1 -9 4.8 70
1 82 1 -9 4.5 67
1 75 2 -9 2.6 62
1 64 1 -9 2 56
1 85 1 -9 6.8 72
1 92 2 -9 3 64
1 101 1 -9 2.6 61
1 105 1 -9 4.1 70
1 104 1 -9 3.5 65
1 106 1 -9 2.8 64
1 65 2 -9 1.8 53
1 65 2 -9 2.1 56
1 30 1 -9 1.4 50
1 1 2 -9 1.06 47
1 1 1 -9 2.1 60
1 1 1 -9 2.3 61
3 1 2 -9 3.75 66
1 1 1 -9 4.2 72
1 1 1 -9 4.8 74
1 1 2 -9 5.51 76
1 1 2 -9 4.34 77
1 1 2 -9 5.2 75
3 179 2 -9 7.9 83
1 170 2 -9 2.5 61
1 171 1 -9 3.75 62
1 95 2 -9 -9 56
1 153 2 -9 5.5 76
1 166 1 -9 3.3 63
3 1 1 -9 3.5 65
3 1 2 -9 4.5 69
3 1 1 -9 11.6 91
3 1 2 -9 2.5 62
1 55 1 -9 2.3 56
1 74 2 -9 6.6 82
1 82 1 -9 2.6 61
3 1 1 -9 4.3 71
3 1 2 -9 3.7 69
1 62 2 -9 4.3 69
1 59 2 -9 3.6 67
1 47 1 -9 4.4 70
1 84 2 -9 4.7 72
3 1 2 -9 4.9 73
1 89 2 -9 4.1 69
1 89 1 -9 4.4 69
1 67 1 -9 2.9 62
1 50 1 -9 4.3 68
1 64 2 -9 6.8 80
1 83 2 -9 2.7 60
1 83 1 -9 4.9 76
1 100 2 -9 1.4 48
1 105 2 -9 2.8 64
1 104 1 -9 3.5 61
1 65 2 -9 3.6 68
1 100 2 -9 2.8 60
1 1 1 -9 6.69 82
1 1 2 -9 5.7 73
1 1 1 -9 1.5 51
3 1 2 -9 1.7 51
1 1 1 -9 2.91 65
1 1 1 -9 3.01 64
1 1 1 -9 3 66
1 1 2 -9 1.74 55
1 1 1 -9 1.45 56
3 8 1 -9 11 87
3 25 1 -9 9.5 92
3 21 1 -9 13.9 101
1 218 1 -9 7.6 77
1 123 1 -9 2.8 59
1 114 2 -9 2.2 60
3 1 1 -9 2.05 55
1 162 1 -9 3.1 70
1 154 1 -9 2.2 72
1 153 1 -9 1 45
1 165 2 -9 2.4 59
1 161 1 -9 -9 45
1 176 2 -9 6.4 79
3 1 2 -9 3.1 62
1 1 1 -9 5.75 72
1 49 2 -9 3.6 67
1 1 1 -9 4.6 69
1 74 2 -9 2.7 61
1 57 2 -9 2.1 59
1 73 2 -9 6.6 80
1 87 2 -9 2.9 62
1 66 1 -9 5.2 71
1 106 2 -9 1.6 57
1 38 2 -9 3.7 66
1 1 2 -9 4.4 64
1 1 1 -9 1.56 53
3 1 1 -9 2.5 57
1 152 2 -9 5.88 84
1 1 1 -9 2.95 64
1 1 1 -9 9.4 93
1 1 1 -9 11.5 97
1 1 1 -9 3.86 71
1 1 2 -9 3.8 66
1 1 1 -9 1.84 53
3 3 1 -9 9.5 86
3 15 1 -9 3.5 66
3 16 2 -9 5.8 75
1 1 2 -9 1.38 53
3 1 2 -9 3.2 61
1 213 1 -9 4.4 69
3 184 1 -9 11 93
1 111 1 -9 3.5 68
1 162 1 -9 2.4 69
1 153 2 -9 2 61
1 165 2 -9 3 67
1 165 2 -9 3.1 70
1 96 1 -9 -9 69
1 95 2 -9 -9 69
1 98 1 -9 -9 68
1 166 2 -9 11.2 99
1 173 2 -9 2.5 62
1 1 1 -9 9.1 84
3 1 2 -9 4 68
1 167 2 -9 6.5 78
3 1 1 -9 5.2 75
1 1 2 -9 8.6 92
1 78 1 -9 3.6 63
1 59 2 -9 2.8 62
1 60 1 -9 1.9 57
1 47 1 -9 4.2 70
1 82 1 -9 4.4 69
1 90 1 -9 8.8 87
1 89 1 -9 6.5 79
1 91 2 -9 2.5 62
1 101 2 -9 1.6 54
1 35 2 -9 1.8 57
1 34 2 -9 2.6 63
1 1 1 -9 4.2 76
1 1 1 -9 6.69 79
3 1 2 -9 3.2 61
1 1 1 -9 3.21 62
1 1 2 -9 8.1 87
1 1 2 -9 5.2 77
1 1 2 -9 4 70
1 1 2 -9 0.97 43
3 29 2 -9 4.2 70
3 25 2 -9 3.8 66
1 1 2 -9 2.24 63
1 1 2 -9 7.5 84
3 27 2 -9 2.5 62
3 27 2 -9 5.5 71
1 1 2 -9 2.65 62
1 1 2 -9 3.88 74
1 1 2 -9 1.33 47
1 1 1 -9 3.67 66
1 213 1 -9 9.2 84
3 179 1 -9 5.5 75
3 179 1 -9 6.2 79
1 108 2 -9 3.6 65
1 96 1 -9 -9 58
1 97 2 -9 -9 85
1 170 1 -9 3.5 70
1 166 2 -9 1.2 47
1 1 2 -9 0.62 40
1 1 2 -9 1.34 47
3 1 1 -9 3.4 65
1 1 1 -9 1.05 44
3 1 1 -9 4.3 67
3 1 1 -9 5.5 74
1 1 2 -9 5 75
1 63 1 -9 5.2 75
1 47 2 -9 5 70
1 67 2 -9 5.3 74
1 88 1 -9 4.6 73
1 71 1 -9 5.2 77
3 1 2 -9 6.8 81
1 52 1 -9 2.8 62
1 51 1 -9 1.1 45
1 70 2 -9 2 55
1 105 2 -9 3.1 64
1 99 1 -9 2 59
1 48 1 -9 4.6 78
1 103 2 -9 3.4 66
1 106 2 -9 3 64
1 35 1 -9 2.2 60
1 39 1 -9 1.9 55
1 38 2 -9 0.6 40
1 1 1 -9 4.5 67
1 1 1 -9 2.3 61
1 1 2 -9 2.3 59
1 1 1 -9 2.8 64
3 1 2 -9 2.3 52
3 1 2 -9 2.6 57
1 1 1 -9 13.75 99
1 1 2 -9 4.3 73
1 1 1 -9 3.11 64
1 1 2 -9 2.65 65
1 1 2 -9 9.54 89
3 177 1 -9 3 65
1 112 2 -9 3.8 66
1 124 2 -9 2.2 55
3 1 1 -9 2.5 62
1 95 1 -9 -9 61
1 175 1 -9 4.3 69
1 168 2 -9 2.5 62
1 59 2 -9 2.1 55
1 66 1 -9 1.9 55
1 77 2 -9 2.9 62
1 66 1 -9 3.2 69
1 64 1 -9 2.4 62
1 60 2 -9 2.9 64
1 83 2 -9 2.7 61
1 48 1 -9 3.4 65
1 68 2 -9 1.8 56
1 34 2 -9 1.6 54
1 1 2 -9 2.2 62
1 1 2 -9 2.8 65
3 1 2 -9 4.55 66
3 1 1 -9 1.8 54
3 1 1 -9 2.5 52
3 1 2 -9 1.8 52
1 1 2 -9 1.7 54
1 1 2 -9 2.1 59
1 1 1 -9 4.3 76
1 1 1 -9 2.8 67
1 1 1 -9 3.5 70
1 1 1 -9 2.4 61
3 20 1 -9 -9 99
3 7 1 -9 12.1 98
3 17 2 -9 4.8 74
3 1 1 -9 6.6 80
3 178 1 -9 2.7 63
1 214 2 -9 2 52
3 1 2 -9 4.5 72
1 121 1 -9 1.1 47
1 167 1 -9 2.5 61
1 174 1 -9 1.4 50
1 1 2 -9 2.9 62
3 1 2 -9 9.4 86
1 1 1 -9 9.5 94
3 1 2 -9 8.4 84
1 49 1 -9 3.8 68
3 1 1 -9 4.5 72
1 78 2 -9 2.7 57
1 81 2 -9 4.7 69
1 63 2 -9 4.8 70
1 57 1 -9 3.2 63
1 58 1 -9 3.1 64
1 56 2 -9 2 53
1 53 2 -9 7.8 82
1 68 2 -9 2 58
1 68 1 -9 2.4 61
1 68 1 -9 4 68
1 1 1 -9 3.6 65
1 1 1 -9 5.1 69
3 1 2 -9 5.3 71
3 1 2 -9 1.2 47
3 1 1 -9 1.5 50
3 1 2 -9 3.1 56
1 152 1 -9 7.75 86
1 1 2 -9 0.9 43
1 1 1 -9 4.5 73
1 1 2 -9 1.8 56
1 1 1 -9 3.86 66
1 1 1 -9 2.4 60
3 20 2 -9 4.2 68
3 14 2 -9 8.2 87
3 1 2 -9 1.7 50
3 4 2 -9 1.8 55
1 1 2 -9 2.86 66
1 1 1 -9 2.24 59
3 203 2 -9 15.5 103
3 211 1 -9 8.2 78
1 112 1 -9 4 65
1 157 1 -9 0.65 41
1 156 2 -9 2.4 64
1 98 1 -9 -9 58
1 1 1 -9 8.7 85
1 1 2 -9 0.7 40
3 1 1 -9 4.8 71
1 1 2 -9 3.5 69
1 1 2 -9 2.9 69
1 49 1 -9 2.9 62
1 1 2 -9 5.2 74
1 1 1 -9 5.9 78
1 84 1 -9 2.9 62
1 60 1 -9 2.1 57
1 88 1 -9 2.8 66
1 90 1 -9 1.8 55
3 1 2 -9 6.7 82
1 1 2 -9 7.9 82
3 1 2 -9 8.5 84
1 50 1 -9 2.3 59
1 83 1 -9 2.7 63
1 86 2 -9 4.6 73
1 34 1 -9 1.8 54
1 33 2 -9 2.7 62
1 1 1 -9 7.8 78
1 1 1 -9 2.6 64
1 1 2 -9 7.1 82
1 1 2 -9 1.8 54
1 152 1 -9 3.35 67
1 152 2 -9 3.92 71
1 1 2 -9 2.75 52
1 1 2 -9 9.2 88
1 1 1 -9 2.46 57
3 21 1 -9 7 84
3 21 2 -9 4.85 72
3 16 2 -9 3.2 64
1 1 1 -9 11.84 95
1 1 1 -9 1.99 55
1 1 2 -9 3.37 66
3 16 1 -9 7.7 84
3 16 2 -9 9.5 91
1 1 1 -9 5.2 74
1 122 1 -9 3.2 64
3 1 2 -9 2.5 61
1 157 1 -9 3.4 69
1 98 1 -9 -9 62
1 98 2 -9 -9 51
1 98 1 -9 -9 70
1 1 2 -9 1.69 51
1 1 1 -9 11.9 94
3 1 2 -9 5.8 78
1 61 1 -9 2.5 60
1 61 2 -9 5.2 69
1 1 1 -9 4.8 71
3 1 2 -9 4.2 67
1 1 2 -9 3.2 68
3 1 2 -9 3.5 63
3 1 1 -9 5.9 74
1 1 2 -9 5 75
1 81 1 -9 5.9 72
1 1 1 -9 6.4 76
1 58 2 -9 2.8 63
1 76 2 -9 2.9 62
3 1 2 -9 7 83
1 53 2 -9 2.1 55
1 101 1 -9 3.3 64
1 68 1 -9 3 63
1 45 2 -9 1 45
1 36 2 -9 3.3 64
1 44 2 -9 1.5 53
1 34 2 -9 3.6 66
1 1 2 -9 3 60
1 1 1 -9 2.2 59
1 1 2 -9 10.7 95
1 1 2 -9 2.9 66
3 1 1 -9 4.45 71
3 1 1 -9 3.7 61
1 1 1 -9 3.67 69
1 1 2 -9 3.47 64
1 1 1 -9 3.5 65
1 1 1 -9 9 84
1 1 1 -9 2.11 56
3 1 2 -9 8 73
3 25 1 -9 8.7 85
3 25 1 -9 15.4 102
1 1 1 -9 7.55 83
1 1 2 -9 1.12 45
1 1 2 -9 7.4 83
1 1 1 -9 1.84 58
1 143 1 -9 2.4 54
3 200 1 -9 6.6 80
1 149 1 -9 3.3 64
3 194 2 -9 2.2 58
1 115 1 -9 5.2 72
1 98 2 -9 -9 72
1 97 1 -9 -9 74
1 98 1 -9 -9 66
1 168 2 -9 3 68
1 1 1 -9 10.5 87
1 1 2 -9 3.65 66
1 61 1 -9 4.7 71
1 52 2 -9 3.2 58
1 62 2 -9 2.7 61
1 47 1 -9 7.2 76
1 59 2 -9 4.4 68
1 93 1 -9 3.2 64
1 64 1 -9 2.3 61
1 100 1 -9 1.3 48
1 105 1 -9 3.4 65
1 104 2 -9 4.5 68
1 100 1 -9 2.1 58
1 44 1 -9 1.2 51
1 1 2 -9 10.2 82
3 1 1 -9 3.3 72
1 1 1 -9 0.8 40
1 1 2 -9 9.7 94
3 20 2 -9 5 69
3 25 1 -9 6.5 75
3 8 2 -9 8 86
3 2 1 -9 14.2 99
3 18 1 -9 5.2 75
3 20 2 -9 2.8 61
1 1 1 -9 4.95 73
1 1 1 -9 8.98 91
1 148 1 -9 1.2 46
1 142 1 -9 7.5 82
3 1 1 -9 8.25 87
3 1 1 -9 9.8 91
1 107 1 -9 4.4 67
1 110 2 -9 1.3 48
1 1 2 -9 6.53 75
1 118 1 -9 2.7 60
1 120 1 -9 3.4 63
1 165 2 -9 3.3 66
1 96 2 -9 -9 60
1 95 2 -9 -9 56
1 168 2 -9 3.5 72
1 1 1 -9 3.25 60
1 1 2 -9 2.1 56
1 1 1 -9 10.5 97
3 1 2 -9 10.4 92
3 1 2 -9 3 61
1 61 1 -9 2.5 61
3 1 2 -9 5.6 70
3 1 2 -9 3.6 67
1 1 1 -9 3.3 69
1 62 2 -9 1.7 53
1 1 1 -9 6.2 78
1 72 2 -9 2.9 64
1 93 1 -9 2.1 56
1 67 2 -9 2.8 61
1 101 2 -9 1.7 53
1 100 1 -9 1.2 47
1 48 2 -9 4.8 72
1 103 1 -9 5.6 77
1 46 2 -9 2.4 59
1 1 2 -9 6.8 72
1 1 2 -9 1.4 48
1 1 1 -9 2.1 54
1 1 2 -9 3 66
1 1 2 -9 2.9 62
3 1 2 -9 3.45 73
3 1 2 -9 4.3 67
1 151 2 -9 1.8 55
1 1 1 -9 5.15 75
1 1 2 -9 3.05 66
3 12 1 -9 2.75 60
3 1 1 -9 13.6 94
3 3 1 -9 11.6 95
1 1 2 -9 3.78 71
1 1 2 -9 2.55 58
1 1 2 -9 1.99 62
1 214 1 -9 3 61
3 195 1 -9 6 77
1 1 1 -9 2.35 63
1 116 1 -9 2.3 59
1 165 1 -9 2.5 62
1 164 1 -9 1.1 46
1 135 2 -9 5 69
1 126 1 -9 11.5 90
1 167 2 -9 3.2 66
1 167 1 -9 1.7 54
1 171 2 -9 9.5 90
1 1 1 -9 11.2 100
3 1 2 -9 4.2 70
3 1 2 -9 4.1 66
3 1 2 -9 3.9 67
1 1 1 -9 4.5 67
3 1 2 -9 4.7 69
1 49 1 -9 3 62
3 1 2 -9 5.6 75
1 59 2 -9 4.8 73
1 56 1 -9 1.4 50
1 56 1 -9 2.3 58
1 76 2 -9 5.2 72
1 58 2 -9 2.2 56
1 50 1 -9 2.4 59
1 80 1 -9 4.9 75
1 106 1 -9 4.2 68
1 69 1 -9 3.8 70
1 43 2 -9 0.9 46
1 40 2 -9 2.2 61
1 1 1 -9 6.1 75
1 1 2 -9 5.28 76
1 1 1 -9 2.3 59
1 1 1 -9 4.2 71
3 1 2 -9 3.3 65
3 1 1 -9 1.75 54
3 1 2 -9 3.55 59
1 151 2 -9 3.02 67
1 151 2 -9 1.7 56
1 1 2 -9 4.8 71
1 1 2 -9 9.9 88
1 1 2 -9 5.35 76
1 1 1 -9 7.2 80
1 1 2 -9 0.84 42
3 1 1 -9 5.2 64
3 6 2 -9 10 93
3 21 1 -9 8.2 86
1 1 1 -9 5.71 77
1 144 1 -9 1.4 51
1 215 2 -9 4 66
3 1 2 -9 4 74
1 111 1 -9 3.3 64
1 96 2 -9 -9 68
1 129 1 -9 5.75 75
1 96 1 -9 -9 63
1 96 2 -9 -9 63
1 156 2 -9 2.6 63
3 1 2 -9 8.5 88
3 1 1 -9 4.4 73
3 1 2 -9 5.6 74
3 1 1 -9 6.4 79
1 73 1 -9 2.9 66
1 71 2 -9 3.6 71
1 72 1 -9 3.1 67
1 82 2 -9 4.9 70
3 1 2 -9 7.3 81
3 1 2 -9 7.1 82
1 58 1 -9 1.6 53
1 89 1 -9 2.2 60
1 81 1 -9 1.3 50
1 92 2 -9 2.5 63
1 92 1 -9 3.6 67
1 102 2 -9 3.1 63
1 69 1 -9 3.2 64
1 104 1 -9 2.8 60
3 1 2 -9 2.8 63
1 1 2 -9 3.3 62
3 1 2 -9 2.5 60
1 1 1 -9 1.95 55
1 1 1 -9 6.2 80
1 1 1 -9 1.3 53
1 1 1 -9 3.4 65
3 28 2 -9 3.4 69
3 18 1 -9 4.6 74
3 24 2 -9 7.3 78
1 1 1 -9 6.89 85
3 17 1 -9 5 74
1 1 2 -9 2.14 61
1 143 2 -9 4.4 69
3 178 2 -9 3 64
1 112 1 -9 2.8 63
1 1 2 -9 1.24 46
1 112 2 -9 5 75
1 158 2 -9 1.6 56
1 96 1 -9 -9 55
1 96 1 -9 -9 60
1 133 1 -9 7.25 80
1 96 2 -9 -9 60
1 167 2 -9 2.4 61
1 168 2 -9 5 74
1 1 1 -9 9.2 86
3 1 2 -9 3.5 64
1 70 1 -9 3.8 70
3 1 2 -9 5.2 76
1 1 1 -9 5.9 76
1 62 2 -9 5.2 72
1 72 1 -9 3.5 68
1 52 2 -9 3.2 60
1 87 2 -9 3.8 68
1 53 2 -9 5.2 70
1 81 1 -9 2.8 63
1 86 1 -9 2.8 64
1 101 2 -9 1.3 47
1 104 2 -9 5 73
1 1 2 -9 5.85 68
1 1 2 -9 5.2 71
1 1 1 -9 4 70
1 1 1 -9 5.5 74
1 1 1 -9 5.7 78
3 1 1 -9 7 73
3 1 2 -9 3 60
1 1 1 -9 3.1 65
1 1 2 -9 3.3 70
1 1 1 -9 2.7 61
3 22 2 -9 9.3 87
3 28 2 -9 4.8 73
3 1 2 -9 12.5 85
3 13 2 -9 3.1 64
3 17 1 -9 8.4 86
3 177 2 -9 6.4 77
3 210 2 -9 1.55 51
1 216 1 -9 2.8 56
3 1 1 -9 5.4 76
3 1 1 -9 7.3 82
1 123 1 -9 4.5 65
3 1 1 -9 3 61
1 157 2 -9 2.3 55
1 131 1 -9 5.5 71
1 95 1 -9 -9 65
1 97 1 -9 -9 70
1 96 1 -9 -9 90
1 167 1 -9 2.1 57
1 168 2 -9 2.7 55
1 173 2 -9 2 60
1 166 1 -9 2.3 63
3 1 2 -9 5.3 74
1 70 1 -9 4.2 67
1 1 1 -9 6.1 80
1 72 2 -9 5.1 72
1 75 2 -9 1.8 56
1 72 2 -9 2.9 60
1 1 1 -9 6.2 82
3 1 1 -9 8.2 84
1 86 2 -9 2.6 60
1 68 2 -9 3.6 67
1 1 1 -9 1.85 49
3 1 1 -9 4.1 73
1 1 2 -9 1.9 57
3 1 2 -9 10.4 79
3 1 2 -9 2.9 62
1 1 1 -9 2.04 55
1 1 2 -9 7.45 82
1 1 2 -9 4 71
1 1 1 -9 7 88
3 8 1 -9 2.6 62
3 12 2 -9 4.7 72
1 150 2 -9 5.2 72
1 149 1 -9 3 62
3 1 2 -9 3.75 70
3 1 2 -9 2.5 62
1 96 1 -9 -9 67
1 137 1 -9 1.5 49
1 176 1 -9 3.6 68
3 1 1 -9 8.5 85
3 1 1 -9 9 86
3 1 2 -9 6.7 75
1 79 2 -9 3.3 65
3 1 2 -9 3.9 66
3 1 2 -9 5 74
1 74 2 -9 2.2 58
1 63 1 -9 3.1 66
1 84 1 -9 1.4 50
1 71 2 -9 1.7 58
1 52 2 -9 2.4 58
1 77 1 -9 5.6 71
1 75 2 -9 3.2 66
1 1 1 -9 7 84
1 60 1 -9 6.6 75
1 69 2 -9 2.4 61
1 48 1 -9 2 55
1 102 2 -9 3 60
1 69 2 -9 3.2 65
1 42 1 -9 2.5 61
1 1 2 -9 8.8 76
1 1 1 -9 5.3 73
3 1 1 -9 2.6 63
1 1 1 -9 2.5 62
3 1 2 -9 1.6 54
3 1 1 -9 3.1 59
1 1 1 -9 2.45 58
3 1 1 -9 5.2 69
3 5 1 -9 10.6 88
3 27 2 -9 2.75 62
1 1 1 -9 2.6 61
3 191 2 -9 2.5 63
3 207 2 -9 2.7 60
3 1 2 -9 5 75
1 158 1 -9 1.8 60
1 136 2 -9 14.5 100
1 95 1 -9 -9 62
1 173 1 -9 0.9 46
1 174 1 -9 3 64
1 1 2 -9 1.77 49
3 1 2 -9 2.1 59
3 1 1 -9 8.5 88
3 1 2 -9 4 69
3 1 2 -9 5 74
1 1 1 -9 5.35 70
1 79 1 -9 3.4 69
3 1 1 -9 3.9 66
3 1 1 -9 6.1 77
1 59 1 -9 6 80
1 84 2 -9 2.7 63
1 66 2 -9 2.2 58
1 82 1 -9 6.2 78
1 90 2 -9 2.5 61
1 93 2 -9 3.9 69
1 93 1 -9 4.6 72
1 69 1 -9 2.4 60
1 70 1 -9 1.4 53
1 48 1 -9 2.8 64
1 106 1 -9 6.7 74
1 106 1 -9 2.8 64
1 45 2 -9 3.6 66
1 42 1 -9 2.2 61
1 37 1 -9 2.3 59
1 33 2 -9 2.3 60
1 1 1 -9 6.8 76
1 1 2 -9 4.1 69
3 1 2 -9 1.9 56
1 1 2 -9 2.5 58
3 1 1 -9 5.65 75
3 1 1 -9 3.3 59
3 1 2 -9 5.1 70
3 1 1 -9 10 82
3 1 1 -9 2.55 54
1 1 2 -9 2.5 61
1 1 1 -9 1.45 49
1 1 2 -9 5.4 76
1 1 1 -9 4.18 71
1 155 1 -9 -9 60
1 98 1 -9 -9 47
3 1 1 -9 3.4 64
3 1 2 -9 4.3 68
1 1 2 -9 2.1 56
1 1 1 -9 13.7 94
1 1 1 -9 6.9 86
3 1 2 -9 10.3 93
3 1 1 -9 5.5 76
3 1 1 -9 4.7 77
1 1 2 -9 1 45
1 1 2 -9 1.7 51
1 55 1 -9 3.3 64
1 55 1 -9 4.7 72
3 1 2 -9 3.8 70
3 1 1 -9 4 70
3 1 1 -9 5.2 75
3 1 1 -9 6 76
1 85 1 -9 2.6 62
1 88 2 -9 4.4 72
1 67 2 -9 3.2 61
1 103 1 -9 1.6 55
1 35 2 -9 3.6 66
1 32 2 -9 6.3 77
1 33 1 -9 4 69
1 1 1 -9 4.65 69
1 1 1 -9 2.44 62
1 1 1 -9 1.04 45
1 1 2 -9 8.4 83
3 1 2 -9 2.22 55
1 1 2 -9 5.2 80
1 1 1 -9 1.45 48
3 25 2 -9 6.4 80
3 1 2 -9 7.5 74
3 25 1 -9 12.25 96
3 20 1 -9 1.5 51
3 177 2 -9 3.7 70
3 1 1 -9 3.3 67
1 115 1 -9 3 64
1 127 1 -9 5.5 71
1 96 2 -9 -9 69
1 161 2 -9 -9 44
1 161 2 -9 -9 48
1 166 1 -9 3.9 71
1 168 1 -9 3 64
1 172 1 -9 2.3 60
3 1 1 -9 10.2 95
3 1 1 -9 4.7 71
1 1 1 -9 5.35 73
3 1 2 -9 6.8 78
1 79 1 -9 6.9 78
1 1 2 -9 5.9 80
1 75 2 -9 4.6 72
1 82 1 -9 4.3 72
1 56 2 -9 -9 7
3 1 2 -9 7.3 82
1 72 2 -9 5.5 75
1 51 1 -9 11.3 91
1 93 1 -9 3.1 64
1 52 2 -9 3.7 65
1 50 2 -9 6 75
1 105 1 -9 4.3 71
1 100 1 -9 1.8 56
1 44 1 -9 0.8 45
1 1 2 -9 5.26 76
1 1 2 -9 3.8 68
3 1 1 -9 11.1 95
3 1 2 -9 1.2 53
3 1 1 -9 2.25 59
1 1 1 -9 0.8 39
1 1 1 -9 6.4 82
1 1 1 -9 2.5 63
1 1 2 -9 0.79 42
3 1 1 -9 8.1 80
3 1 1 -9 3 58
1 1 2 -9 3.67 69
1 1 1 -9 2.14 57
1 214 1 -9 3.4 63
3 196 1 -9 6.25 77
1 145 2 -9 2.2 53
1 148 1 -9 1.3 44
1 148 1 -9 2.8 61
3 1 1 -9 10.6 89
1 112 1 -9 3.2 64
1 96 1 -9 -9 63
1 96 2 -9 -9 64
1 95 2 -9 -9 42
1 175 1 -9 5.2 78
1 168 2 -9 4.1 71
1 168 1 -9 5.2 75
1 1 2 -9 1.26 46
3 1 1 -9 8 87
3 1 1 -9 11.1 90
1 79 2 -9 3.6 65
1 78 1 -9 4.4 71
3 1 1 -9 3.7 68
3 1 2 -9 3.6 64
1 74 2 -9 2.5 59
1 63 2 -9 3.2 68
1 47 2 -9 5.2 71
1 59 2 -9 5.6 73
1 60 1 -9 1.7 52
1 84 2 -9 1.6 54
1 66 2 -9 1.6 53
1 93 2 -9 2.9 63
1 67 2 -9 1.9 55
1 60 1 -9 3.6 66
1 80 2 -9 4 67
1 104 1 -9 4.1 69
1 1 1 -9 6.05 73
1 1 2 -9 3 57
1 1 1 -9 3.6 60
1 1 2 -9 3.45 61
1 1 1 -9 2.4 59
3 1 1 -9 4.3 73
3 1 2 -9 4.8 61
1 1 1 -9 2.81 63
1 1 1 -9 2 65
3 1 1 -9 3.3 61
3 1 1 -9 1.7 52
3 21 1 -9 6.2 76
1 1 2 -9 2.19 63
1 139 2 -9 2.1 54
1 215 2 -9 5.6 72
1 107 1 -9 4 67
1 159 2 -9 4.3 70
1 156 2 -9 1.6 49
3 1 2 -9 6.2 75
3 1 2 -9 3.2 60
1 55 1 -9 2.3 58
1 79 1 -9 5.1 74
3 1 2 -9 4.4 69
3 1 2 -9 2.7 64
1 1 1 -9 2.6 66
1 47 1 -9 4.2 64
1 59 1 -9 1.9 55
3 1 2 -9 7.7 83
1 87 2 -9 2.6 63
1 80 1 -9 3.4 64
1 86 1 -9 6 75
1 100 1 -9 1.3 49
1 100 1 -9 1.8 54
1 68 2 -9 1.4 51
1 54 2 -9 3 60
1 1 2 -9 2.6 54
1 1 2 -9 2.8 61
3 1 1 -9 1.8 60
1 152 1 -9 4 69
1 1 2 -9 2.76 60
1 1 2 -9 2.6 57
1 1 1 -9 6 82
1 1 2 -9 3 64
1 1 2 -9 5.55 72
1 1 2 -9 1.39 50
3 11 1 -9 4.6 70
1 1 2 -9 2.6 64
1 1 2 -9 8.67 86
1 213 2 -9 10 85
1 148 1 -9 18.4 108
1 139 2 -9 1.5 51
1 139 2 -9 7.2 75
1 216 1 -9 3.2 63
3 1 1 -9 18 111
1 114 2 -9 1.7 54
3 1 2 -9 2.1 62
3 1 2 -9 3.25 64
1 154 2 -9 2.9 62
1 160 2 -9 3.2 69
1 164 2 -9 2.1 62
1 157 2 -9 2.6 60
1 125 1 -9 4 73
1 97 2 -9 -9 88
1 98 1 -9 -9 62
1 98 2 -9 -9 63
3 1 2 -9 4.8 70
3 1 2 -9 3 62
3 1 1 -9 8 87
1 1 2 -9 4.6 71
1 1 2 -9 4.6 72
1 1 1 -9 3.9 67
1 79 2 -9 3.1 65
1 1 1 -9 4.2 69
1 1 1 -9 4.9 74
1 56 2 -9 2.6 58
1 87 2 -9 1.9 56
1 52 1 -9 3.8 65
1 50 2 -9 11.9 94
1 53 1 -9 3.6 63
1 79 1 -9 1.9 57
1 48 1 -9 5.6 77
1 54 1 -9 3.2 64
1 1 1 -9 2.6 64
3 1 2 -9 3.5 67
3 1 1 -9 2.9 55
1 1 2 -9 3.11 66
1 1 1 -9 2.6 68
1 1 1 -9 8.32 84
1 1 1 -9 3.15 65
1 1 2 -9 0.82 44
3 29 1 -9 9.25 87
3 1 1 -9 7.5 77
3 1 2 -9 13.2 83
3 4 2 -9 8.6 88
3 16 1 -9 5.3 74
1 150 1 -9 0.9 42
3 1 1 -9 3.95 70
1 121 2 -9 2.4 59
1 162 1 -9 0.9 44
1 159 1 -9 3 66
1 156 2 -9 2.3 63
1 96 2 -9 -9 68
1 171 2 -9 4.25 72
1 96 2 -9 -9 70
3 1 2 -9 3.9 68
3 1 2 -9 2.5 60
1 1 2 -9 1.1 46
1 49 2 -9 4.8 71
3 1 2 -9 4 69
1 78 1 -9 5.1 72
1 91 2 -9 4.1 71
1 62 1 -9 3.1 63
1 62 2 -9 8.8 84
1 71 2 -9 3.1 65
1 47 2 -9 4.8 71
1 66 2 -9 2.7 63
1 60 1 -9 3.2 64
1 51 2 -9 3.3 64
1 50 1 -9 1.4 50
1 101 1 -9 1.9 53
1 65 1 -9 2.6 60
1 46 1 -9 2.9 64
1 41 2 -9 1.7 55
1 1 2 -9 2.04 54
1 1 2 -9 2.88 62
1 1 1 -9 6.7 81
1 1 1 -9 5.2 77
3 1 1 -9 5.25 71
3 1 2 -9 7.95 86
3 1 2 -9 1.6 49
1 1 1 -9 5.87 76
1 1 1 -9 4.64 74
1 1 1 -9 3.1 69
3 1 2 -9 4.5 63
3 8 1 -9 9.2 86
3 1 1 -9 11.5 70
3 6 1 -9 9.5 87
3 17 1 -9 4.9 74
3 17 2 -9 3.6 67
3 16 2 -9 7.2 79
3 1 1 -9 1.2 49
1 214 2 -9 12 90
3 177 1 -9 7.6 84
3 179 2 -9 3.6 69
3 179 1 -9 5.5 73
1 109 1 -9 2 68
1 160 1 -9 2.5 61
1 130 1 -9 7 75
1 128 1 -9 12 88
1 98 1 -9 -9 84
1 175 1 -9 1.6 51
1 168 1 -9 2.9 67
3 1 1 -9 11.6 94
3 1 2 -9 8.5 86
3 1 1 -9 4.1 68
1 1 2 -9 4.5 72
1 74 2 -9 2.5 62
3 1 2 -9 6.4 77
3 1 1 -9 6.2 79
1 56 1 -9 2.3 58
1 90 2 -9 1.8 57
1 90 2 -9 3.3 65
1 47 1 -9 2.8 60
1 89 1 -9 5.7 74
1 80 1 -9 4.2 71
1 46 1 -9 2.8 65
1 1 1 -9 3 56
1 1 1 -9 3.55 64
1 1 2 -9 5.25 70
1 1 1 -9 10.6 84
1 1 2 -9 5.3 75
1 1 1 -9 6.5 76
3 1 1 -9 4 69
3 1 1 -9 9.9 77
1 1 2 -9 1.84 52
1 1 2 -9 5.87 79
1 1 2 -9 5.92 82
1 1 1 -9 9.59 91
1 1 1 -9 12.7 101
1 1 2 -9 2 55
1 1 2 -9 1.7 47
1 1 2 -9 5.3 78
1 1 1 -9 2.76 65
1 1 1 -9 1.63 52
3 1 2 -9 7.1 81
1 138 1 -9 7.4 76
1 217 1 -9 1.4 47
1 149 1 -9 10.2 85
3 1 1 -9 6.15 80
1 159 2 -9 0.7 40
1 170 2 -9 1.9 55
1 1 2 -9 10.5 90
3 1 1 -9 9.1 86
1 1 2 -9 2.6 58
1 1 1 -9 4.5 71
3 1 2 -9 4.9 75
1 55 1 -9 1.2 46
1 73 1 -9 4.9 77
1 60 1 -9 9.2 85
1 64 1 -9 3.1 66
1 69 1 -9 3.2 63
1 83 1 -9 5.5 74
1 106 1 -9 0.9 47
1 106 1 -9 2.3 58
1 42 1 -9 1.9 55
1 46 1 -9 2 60
1 1 1 -9 1.6 55
1 1 1 -9 2.4 60
1 1 1 -9 2.7 62
1 1 1 -9 1.63 51
1 1 1 -9 2.7 63
1 1 1 -9 4.1 68
3 1 1 -9 3.7 67
3 8 2 -9 2.2 58
3 13 1 -9 6.9 78
1 1 2 -9 9.8 93
3 18 2 -9 1.7 52
1 1 1 -9 6.84 80
1 1 2 -9 3.16 64
3 193 2 -9 3.55 67
3 178 2 -9 7.7 80
1 216 2 -9 10 88
3 179 2 -9 3 63
3 1 1 -9 3.05 64
1 160 1 -9 2.2 60
1 159 2 -9 3.5 68
1 173 1 -9 3.5 70
1 1 2 -9 0.95 42
3 1 2 -9 2.5 58
3 1 2 -9 4.7 71
3 1 1 -9 5.6 77
3 1 2 -9 2.4 57
1 82 1 -9 2 57
1 52 2 -9 4.8 70
3 1 2 -9 5 76
1 59 2 -9 5.7 74
1 58 1 -9 2.7 60
1 73 2 -9 3.6 69
1 72 2 -9 2.9 64
1 49 2 -9 2.6 60
1 52 2 -9 1.2 46
1 85 1 -9 7.8 77
1 86 1 -9 3.9 66
1 48 1 -9 2.6 61
1 1 2 -9 4.3 71
1 1 1 -9 1.9 57
1 1 2 -9 5.4 75
3 1 1 -9 2.15 57
3 1 1 -9 1.4 49
3 1 2 -9 1.7 53
1 1 1 -9 8.98 90
1 1 1 -9 2.24 57
1 1 2 -9 3.1 68
1 1 2 -9 2.38 48
1 1 1 -9 2.16 55
3 25 1 -9 10.5 91
3 4 1 -9 8.8 82
1 1 1 -9 2.14 69
3 27 1 -9 3.25 65
3 16 1 -9 9.8 88
1 143 2 -9 8.9 85
1 213 2 -9 5.2 71
3 177 1 -9 3.4 67
1 160 1 -9 5 76
1 96 2 -9 -9 59
1 163 1 -9 2.3 60
1 161 2 -9 -9 54
3 1 2 -9 4.5 70
3 1 2 -9 4.8 70
1 1 2 -9 3.6 64
1 1 2 -9 5 74
1 52 2 -9 3.7 66
1 55 2 -9 2.1 52
1 59 2 -9 3 64
1 71 2 -9 1.7 56
1 88 1 -9 4.4 71
1 47 1 -9 8.2 80
1 47 1 -9 1.3 53
3 1 2 -9 8 80
3 1 1 -9 7.9 82
1 89 2 -9 6.2 74
1 93 1 -9 4.1 70
1 51 2 -9 2.6 57
1 53 1 -9 11.9 91
1 101 1 -9 2.2 58
1 104 2 -9 3.5 63
1 106 1 -9 2.5 62
1 104 1 -9 1.5 50
1 65 2 -9 2.5 59
1 43 2 -9 3.2 65
1 46 2 -9 1.8 58
1 40 1 -9 2.9 64
1 54 1 -9 7.9 85
1 1 1 -9 6.2 74
1 1 1 -9 4.66 72
1 1 1 -9 8.24 91
1 1 2 -9 5.7 74
1 1 1 -9 3 61
3 1 1 -9 5.8 77
1 1 2 -9 7.6 84
1 1 1 -9 3.1 66
1 1 2 -9 2.41 58
3 20 2 -9 7 80
3 25 2 -9 4.9 69
3 25 1 -9 5.3 75
3 10 1 -9 6.6 81
3 4 2 -9 3.1 64
3 192 2 -9 5.6 76
1 139 2 -9 4 63
3 1 2 -9 4.8 74
1 1 1 -9 5.51 76
3 1 2 -9 2.3 61
1 165 1 -9 3.2 51
1 159 2 -9 1.8 57
1 96 2 -9 -9 66
1 153 1 -9 2.8 67
1 175 2 -9 2.6 58
3 1 1 -9 3.4 65
1 1 2 -9 4.96 72
1 55 1 -9 2 55
1 61 2 -9 1.6 52
3 1 2 -9 4.9 73
1 1 1 -9 7.25 77
3 1 1 -9 3.9 68
1 1 1 -9 4.8 75
1 74 2 -9 3.6 65
1 1 1 -9 7.1 79
1 59 2 -9 11.2 92
1 56 1 -9 3.8 73
1 76 1 -9 3 66
1 1 1 -9 7.1 82
1 51 1 -9 5.2 72
1 50 1 -9 6 76
1 51 1 -9 3.1 63
1 51 1 -9 4.2 64
1 80 2 -9 4.1 69
1 92 1 -9 4 68
1 101 1 -9 1.9 54
1 106 1 -9 4.8 75
1 104 2 -9 2.8 61
1 46 2 -9 0.8 46
1 1 2 -9 3.9 68
1 1 2 -9 5.6 71
1 1 2 -9 3.8 68
3 1 2 -9 6.9 68
3 1 1 -9 4.1 67
3 1 2 -9 3.9 65
1 1 2 -9 2.65 62
1 1 2 -9 2.6 63
1 1 1 -9 5.59 69
1 1 2 -9 2.47 54
3 1 1 -9 4.4 66
1 1 1 -9 4.95 76
3 212 2 -9 4 65
1 123 1 -9 3.1 66
1 113 2 -9 3.6 65
1 153 2 -9 0.9 46
1 126 1 -9 9.5 85
1 136 2 -9 4.5 69
1 97 1 -9 -9 62
1 96 2 -9 -9 70
1 176 1 -9 5.1 75
3 1 1 -9 3.9 68
1 1 2 -9 4.7 70
3 1 2 -9 3.2 62
3 1 1 -9 4.4 72
1 1 2 -9 6 80
1 90 1 -9 2 56
1 90 2 -9 2.1 56
1 60 2 -9 5.1 71
1 60 1 -9 3.8 68
1 51 1 -9 1.9 54
1 51 2 -9 3.2 60
1 68 2 -9 2 57
1 106 2 -9 2 56
1 40 1 -9 2.9 63
1 54 1 -9 2.9 62
1 1 2 -9 7.78 86
1 1 1 -9 2.5 62
1 1 1 -9 10.9 95
1 1 1 -9 2.3 60
1 1 2 -9 5.3 75
3 1 1 -9 3 64
3 1 2 -9 1.5 51
3 1 1 -9 1.7 52
3 1 2 -9 7.3 73
1 1 2 -9 9.85 90
1 1 1 -9 2.6 62
1 1 2 -9 1.35 45
3 20 1 -9 18 102
3 1 1 -9 8.3 78
3 11 1 -9 13.2 96
3 4 1 -9 7.2 79
3 27 1 -9 10.6 91
1 1 1 -9 6.43 78
3 17 1 -9 4.15 69
1 1 1 -9 3.47 68
1 218 2 -9 1.4 49
1 139 2 -9 8.8 83
3 1 1 -9 8.85 94
1 133 1 -9 4 63
1 131 1 -9 6.5 72
1 137 2 -9 8 77
1 128 1 -9 2.75 59
1 98 1 -9 -9 61
1 155 1 -9 -9 68
1 98 2 -9 -9 61
1 97 2 -9 -9 64
1 161 2 -9 -9 56
1 167 1 -9 5 71
1 167 1 -9 2.5 61
1 168 2 -9 1.7 55
1 176 1 -9 1.6 49
1 1 2 -9 1.7 51
1 49 1 -9 5.4 73
1 1 1 -9 4 64
1 47 2 -9 5.8 72
1 66 2 -9 2.2 55
1 67 2 -9 3.4 66
1 58 1 -9 4.9 71
1 72 1 -9 2.3 57
1 1 2 -9 6.6 85
1 58 1 -9 1.7 52
1 89 1 -9 3.4 67
1 89 1 -9 3.7 69
1 50 1 -9 6.2 62
1 50 2 -9 3.3 67
1 53 2 -9 3.2 58
1 83 1 -9 3.5 71
1 83 2 -9 4.7 72
1 86 1 -9 3.9 69
1 102 2 -9 3.2 64
1 102 1 -9 5 72
1 68 2 -9 3.2 63
1 40 2 -9 0.8 45
1 33 1 -9 5.3 74
1 1 1 -9 4.25 67
1 1 1 -9 3.7 61
1 1 1 -9 1.62 54
1 1 1 -9 7.3 80
1 1 2 -9 2.8 67
1 1 1 -9 1.34 47
3 25 2 -9 4.6 75
3 1 1 -9 10.3 82
3 2 2 -9 11 98
3 6 2 -9 6.7 79
3 17 1 -9 8.7 84
1 1 1 -9 1.68 54
1 1 1 -9 9.03 87
1 1 1 -9 6.12 79
1 1 2 -9 2.96 61
3 177 1 -9 1.5 53
1 215 1 -9 10 87
1 108 1 -9 3.6 66
1 157 1 -9 2.5 58
1 96 1 -9 -9 70
1 163 1 -9 0.8 41
1 163 2 -9 3.4 67
1 167 2 -9 2.4 62
3 1 2 -9 8.4 86
3 1 2 -9 4.1 69
3 1 1 -9 9.8 89
1 55 2 -9 2.4 56
3 1 1 -9 3.5 68
1 1 1 -9 4.6 69
1 1 2 -9 3.2 63
3 1 2 -9 5.8 77
1 62 1 -9 2 54
1 1 1 -9 7.4 78
1 47 1 -9 4.5 71
1 66 1 -9 3.5 69
1 67 2 -9 3.1 62
1 83 2 -9 4.5 70
1 105 2 -9 3.6 69
1 103 1 -9 3 66
1 68 2 -9 2 57
1 65 2 -9 3.2 63
1 100 2 -9 4 68
1 44 2 -9 0.7 41
1 54 1 -9 4.2 69
1 1 1 -9 2.2 58
1 1 1 -9 1.54 52
1 1 1 -9 7.6 91
1 1 2 -9 2.9 64
1 1 2 -9 5.7 78
1 1 2 -9 7.5 82
3 1 2 -9 3.8 68
1 151 1 -9 2.25 63
1 1 2 -9 1.58 52
1 1 1 -9 2.55 60
1 1 2 -9 2.76 61
1 1 1 -9 2.76 63
1 1 2 -9 2.85 60
1 1 2 -9 2.7 64
3 25 1 -9 7.7 81
3 23 1 -9 16 106
3 1 1 -9 6.7 71
3 18 2 -9 2.4 58
1 1 2 -9 2.3 58
3 16 1 -9 12.7 97
1 147 2 -9 7 74
1 218 2 -9 8.2 79
1 215 2 -9 8.5 79
3 1 1 -9 13.6 105
1 119 1 -9 4 69
1 116 1 -9 1.8 53
1 116 1 -9 1.4 58
3 1 2 -9 3.05 65
1 165 2 -9 3.3 69
1 158 2 -9 1 46
1 156 2 -9 2.4 59
1 98 1 -9 -9 75
1 176 2 -9 2.1 58
3 1 2 -9 4.8 70
3 1 2 -9 3 62
3 1 2 -9 1.9 58
3 1 2 -9 8.5 87
3 1 2 -9 3.9 69
1 92 1 -9 1.5 50
3 1 2 -9 4.1 70
1 1 1 -9 6.62 74
3 1 1 -9 5.8 74
1 81 1 -9 5.4 81
1 63 1 -9 2.2 60
1 52 1 -9 2.6 59
1 62 2 -9 4.3 69
1 75 1 -9 5.1 73
1 77 1 -9 3.6 69
1 72 2 -9 2.6 66
1 66 2 -9 2.9 64
1 64 1 -9 3.5 70
1 50 1 -9 2.4 57
1 50 2 -9 1.7 53
1 81 1 -9 3.6 65
1 33 2 -9 3.1 65
1 1 2 -9 2.95 55
1 1 1 -9 4.9 73
1 1 1 -9 8.75 84
1 1 1 -9 2.95 63
1 1 2 -9 1.4 51
1 1 1 -9 1.91 56
3 25 2 -9 3.8 66
1 1 1 -9 9.59 88
1 1 1 -9 3.78 64
1 141 1 -9 5.4 77
1 218 1 -9 1.2 46
1 216 1 -9 2.4 61
3 179 1 -9 4 70
3 1 1 -9 2.9 65
1 110 2 -9 1.1 47
1 1 2 -9 3.62 64
1 1 2 -9 3.72 65
1 162 2 -9 2.9 66
1 174 1 -9 5.3 73
1 96 1 -9 -9 75
1 1 1 -9 1.47 51
1 1 2 -9 9.5 94
3 1 1 -9 8.8 85
3 1 2 -9 8.5 93
3 1 2 -9 3.1 62
1 1 1 -9 4.1 71
1 63 2 -9 2.8 64
1 63 2 -9 8.5 85
1 66 1 -9 3 62
1 71 2 -9 3.5 70
1 76 2 -9 1.7 54
1 57 1 -9 4.8 73
1 49 2 -9 2.8 58
3 1 1 -9 7.1 82
1 51 1 -9 3.4 65
1 51 1 -9 3.8 66
1 60 1 -9 3 63
1 60 2 -9 3.3 63
1 50 1 -9 3.5 66
1 70 2 -9 2.4 63
1 104 1 -9 3.9 67
1 45 2 -9 1.9 56
1 1 1 -9 3.7 69
1 1 2 -9 3 67
1 1 1 -9 3.6 70
1 1 1 -9 3.2 65
3 1 2 -9 2.5 61
1 152 2 -9 2.3 58
1 1 2 -9 2.5 59
1 1 2 -9 2.3 60
1 1 1 -9 4.8 69
1 1 2 -9 3.1 67
1 1 2 -9 2 58
1 1 2 -9 0.62 42
1 1 2 -9 2.06 52
3 25 1 -9 6.5 78
3 1 2 -9 6 71
3 5 1 -9 6.5 82
3 9 2 -9 3 63
1 1 2 -9 7.91 88
3 203 2 -9 4.7 71
1 215 1 -9 3.2 61
1 123 1 -9 3.2 64
1 158 1 -9 1 45
1 156 2 -9 2 60
1 96 2 -9 -9 60
1 96 1 -9 -9 65
1 95 1 -9 -9 75
1 167 1 -9 1.5 50
1 176 2 -9 2.3 56
1 174 1 -9 2.4 60
1 1 2 -9 3.3 65
3 1 1 -9 3.5 65
1 1 2 -9 2 56
1 1 2 -9 4.42 68
3 1 1 -9 10 90
1 1 2 -9 1 43
1 61 1 -9 1.4 52
1 1 1 -9 3.8 68
1 70 2 -9 3.2 65
3 1 2 -9 6.3 76
3 1 1 -9 6.9 84
1 87 2 -9 2.8 64
1 60 2 -9 4.8 70
1 50 2 -9 5.3 72
1 100 2 -9 1.8 55
1 106 1 -9 4 72
1 46 2 -9 1.1 48
1 43 1 -9 2.3 60
1 41 1 -9 2.8 62
1 35 2 -9 3.6 70
1 31 1 -9 3.4 71
1 30 2 -9 5.5 75
1 33 1 -9 3.1 63
1 54 1 -9 4.8 72
1 1 2 -9 7.15 77
1 1 2 -9 3.4 66
1 1 2 -9 3.9 67
3 1 1 -9 1.3 46
3 1 2 -9 5.2 64
1 1 1 -9 5.9 74
3 1 2 -9 5.4 68
1 1 2 -9 2.3 61
1 1 1 -9 4.29 70
1 1 1 -9 5.97 83
1 1 1 -9 9.59 93
3 1 2 -9 5.5 67
3 1 2 -9 4 62
3 1 1 -9 11.4 96
1 114 2 -9 2.9 63
1 154 2 -9 2.6 77
1 125 2 -9 8.5 86
1 95 2 -9 -9 70
1 95 1 -9 -9 53
1 96 1 -9 -9 71
1 176 1 -9 4 68
1 174 1 -9 2.4 61
1 1 1 -9 8.3 86
3 1 1 -9 9.7 88
1 55 1 -9 2.4 57
1 55 1 -9 5.7 77
3 1 1 -9 3.5 69
1 1 2 -9 7.55 78
1 49 1 -9 2.8 60
1 57 2 -9 2.9 62
1 84 2 -9 1.2 45
1 88 2 -9 3.9 67
1 56 2 -9 4.1 66
3 1 1 -9 8.3 84
1 104 2 -9 2.7 62
1 103 2 -9 3 65
1 1 1 -9 5.97 78
3 1 1 -9 4.45 70
1 1 1 -9 7.55 82
1 1 1 -9 5.1 74
1 1 2 -9 2 60
1 1 1 -9 2.6 62
3 25 2 -9 9.5 83
3 21 2 -9 2.9 65
1 218 2 -9 3.8 66
3 1 2 -9 12.9 100
1 112 2 -9 3.6 64
1 153 2 -9 1 47
1 163 1 -9 0.85 43
1 176 2 -9 2 56
3 1 1 -9 8.7 85
1 1 2 -9 7.2 88
3 1 1 -9 3.8 69
3 1 2 -9 1.9 50
3 1 2 -9 1.7 52
1 55 2 -9 3.9 68
1 61 1 -9 7.2 77
3 1 1 -9 4 72
3 1 2 -9 4 67
1 1 1 -9 2.5 66
3 1 1 -9 6.3 74
1 1 1 -9 5.1 75
1 52 2 -9 9.4 84
1 55 1 -9 1.6 51
1 1 2 -9 6.4 79
1 71 1 -9 3.8 70
1 58 1 -9 4.7 70
1 75 2 -9 2.1 60
1 1 2 -9 6.1 85
1 105 2 -9 1.7 53
1 1 1 -9 3.6 63
1 1 2 -9 2.05 56
1 1 1 -9 3.3 69
1 1 1 -9 6.2 79
1 1 1 -9 2.45 62
3 1 1 -9 3.7 65
3 1 1 -9 2.05 55
1 151 1 -9 4 73
1 151 2 -9 2.2 63
1 1 1 -9 5.82 78
1 1 1 -9 8.42 89
1 1 2 -9 1.1 45
1 1 1 -9 3.3 65
1 1 1 -9 1.56 51
3 8 2 -9 2.7 61
1 1 1 -9 9.8 91
1 1 1 -9 7.4 85
3 17 1 -9 5.4 73
1 1 1 -9 5.61 79
3 1 1 -9 5 65
3 1 1 -9 6.8 69
3 1 1 -9 2.7 56
1 143 1 -9 8 80
3 184 1 -9 4.7 71
1 215 1 -9 10.8 89
1 117 1 -9 2.2 59
1 160 2 -9 3 62
1 153 1 -9 0.8 42
1 156 2 -9 1.5 53
1 96 1 -9 -9 60
1 130 1 -9 4.25 64
1 134 2 -9 4 67
1 166 2 -9 3.4 68
3 1 2 -9 9.9 90
1 1 2 -9 0.7 43
1 55 1 -9 2 55
3 1 1 -9 5.2 70
1 74 1 -9 3.2 64
1 1 1 -9 5.9 79
1 47 2 -9 1.8 57
1 51 1 -9 2.1 55
1 87 1 -9 3.9 66
1 87 1 -9 5 72
1 80 1 -9 2.2 61
1 39 2 -9 2.5 61
1 32 2 -9 2.6 63
1 54 1 -9 3.3 67
1 1 1 -9 3.5 68
1 1 2 -9 3.3 65
1 1 2 -9 3.3 65
3 1 1 -9 1.2 46
3 1 2 -9 1.5 47
1 1 2 -9 1.53 53
1 1 1 -9 2.9 61
1 1 2 -9 4 71
1 1 2 -9 2.3 59
1 1 2 -9 0.68 43
3 25 2 -9 6.5 78
3 3 2 -9 8.6 86
3 15 1 -9 1.2 50
1 1 2 -9 2.3 64
1 1 1 -9 3.78 67
1 144 2 -9 1.6 54
1 213 1 -9 6 78
1 218 1 -9 5.6 72
1 96 1 -9 -9 69
1 126 1 -9 15 101
1 155 2 -9 -9 37
1 167 2 -9 3.8 67
1 176 1 -9 1.5 48
1 173 2 -9 2.6 64
1 173 1 -9 3.6 67
1 166 1 -9 1.7 56
3 1 2 -9 4.1 69
3 1 1 -9 5.3 71
1 1 1 -9 4.1 71
1 79 1 -9 3.6 65
1 1 1 -9 4.4 66
1 52 2 -9 2.6 59
1 77 2 -9 3.1 65
3 1 2 -9 7.5 83
1 1 1 -9 4.8 73
1 50 2 -9 2.3 56
1 51 1 -9 1.9 52
1 85 2 -9 5.6 75
1 81 1 -9 3 64
1 86 2 -9 1.8 56
1 46 2 -9 1.6 55
1 1 2 -9 5.65 74
1 1 1 -9 4.8 66
1 1 1 -9 2.29 62
1 1 2 -9 3.1 56
3 1 1 -9 1.4 50
1 1 1 -9 5.1 76
1 1 1 -9 3.37 67
1 1 2 -9 6.73 81
1 1 1 -9 3.9 70
1 1 2 -9 2.5 62
1 1 2 -9 1.22 47
1 1 1 -9 1.88 55
3 28 1 -9 6.9 78
3 18 1 -9 4.6 61
1 1 2 -9 4.23 75
1 1 2 -9 1.99 58
3 16 2 -9 6.3 73
1 213 2 -9 5.2 70
1 1 2 -9 4.69 68
1 108 2 -9 3.3 63
1 96 1 -9 -9 69
1 129 1 -9 8 82
1 98 2 -9 -9 69
1 174 2 -9 4.2 70
1 96 2 -9 -9 73
1 167 2 -9 2.9 65
1 1 1 -9 3.8 67
1 74 1 -9 2.1 56
1 52 1 -9 1.6 51
3 1 2 -9 6.8 77
1 88 1 -9 4.2 69
1 52 2 -9 2.6 55
1 90 1 -9 3 63
1 47 2 -9 2.4 56
1 58 2 -9 1.4 47
1 93 2 -9 4.8 75
1 53 1 -9 11.2 90
1 91 1 -9 2.9 63
1 106 2 -9 3.8 72
1 100 2 -9 2.9 65
1 35 2 -9 1.9 59
1 45 1 -9 1.7 56
1 31 2 -9 4.4 69
1 39 1 -9 2.4 63
1 1 1 -9 4.16 73
1 1 1 -9 1.95 57
1 1 1 -9 3.9 71
3 1 2 -9 2 59
3 1 1 -9 2.4 61
3 1 1 -9 2.8 63
3 1 2 -9 3.55 65
3 1 2 -9 2.5 58
3 1 1 -9 1.6 51
3 1 2 -9 1.4 50
3 1 2 -9 4.4 60
1 1 1 -9 7.1 84
3 20 2 -9 2.1 55
3 6 1 -9 9.2 88
1 145 2 -9 0.7 42
1 147 1 -9 2.4 58
1 117 2 -9 1.8 55
3 1 1 -9 4.5 74
1 153 2 -9 2.3 65
1 163 2 -9 4.9 79
1 97 1 -9 -9 76
1 96 2 -9 -9 44
1 166 2 -9 1.9 55
1 1 1 -9 2.6 59
3 1 2 -9 4.2 68
1 1 2 -9 2.3 59
1 75 2 -9 4.2 69
1 88 2 -9 3.5 64
1 84 2 -9 3.6 70
1 73 1 -9 4.2 73
1 90 1 -9 2.5 61
1 83 1 -9 5.5 76
1 80 2 -9 1.8 58
1 92 2 -9 3.8 67
1 105 2 -9 2.5 60
1 48 2 -9 2.4 58
1 106 2 -9 1.7 51
1 46 1 -9 1.3 49
1 43 1 -9 2.2 58
1 41 2 -9 1.7 56
1 34 2 -9 2.8 61
1 1 2 -9 5.4 76
1 1 2 -9 2.3 60
1 1 2 -9 2.5 62
1 1 2 -9 2.7 64
3 1 2 -9 5.05 73
3 1 2 -9 1.55 52
3 1 2 -9 3.25 58
1 151 2 -9 2.35 59
1 1 2 -9 2.4 64
1 1 1 -9 2.8 64
1 1 2 -9 4.7 70
1 1 2 -9 3.1 66
1 1 1 -9 7.45 77
1 1 2 -9 3.2 65
3 1 2 -9 4.5 62
3 8 1 -9 5.25 75
3 18 1 -9 5.5 74
3 27 2 -9 10.9 92
1 1 1 -9 7.19 83
1 146 2 -9 1.4 47
1 160 2 -9 5.5 80
1 167 1 -9 4.7 73
1 1 1 -9 9.8 92
3 1 2 -9 2 55
1 55 1 -9 3.2 64
1 78 1 -9 5.8 75
1 1 1 -9 7.1 81
3 1 2 -9 4.5 67
1 63 2 -9 3.3 61
1 1 2 -9 5.1 77
3 1 2 -9 6.1 78
3 1 2 -9 6.4 80
1 67 2 -9 4.1 70
1 67 1 -9 4.4 70
1 56 2 -9 1.8 52
1 75 1 -9 1.8 55
1 50 2 -9 2.6 55
1 81 2 -9 3.6 64
1 104 2 -9 6 77
1 102 2 -9 1.7 53
1 48 1 -9 3 63
1 43 1 -9 1.7 56
1 44 2 -9 0.9 45
1 38 2 -9 1.8 57
1 54 1 -9 6.1 76
1 1 2 -9 3.13 66
1 1 2 -9 2.1 59
3 1 1 -9 2.6 54
1 1 2 -9 1.95 53
1 1 2 -9 3.2 68
1 1 1 -9 3.1 65
1 1 1 -9 1.23 45
3 1 1 -9 8.6 80
3 27 2 -9 9 93
1 1 2 -9 1.73 55
1 1 1 -9 5 72
1 118 1 -9 6.5 79
1 119 1 -9 5.1 73
1 160 1 -9 0.6 41
1 163 1 -9 3.2 69
1 136 2 -9 3 61
1 175 2 -9 3.1 64
1 96 1 -9 -9 75
1 172 1 -9 3.9 70
3 1 1 -9 5.5 75
3 1 2 -9 4.3 70
3 1 1 -9 5 71
3 1 2 -9 2.4 59
1 1 2 -9 2.6 58
1 61 1 -9 3.7 65
3 1 1 -9 4.4 70
1 1 2 -9 3.6 72
3 1 1 -9 3.8 67
1 1 1 -9 2.4 63
1 49 1 -9 3.2 66
1 52 2 -9 11.4 91
1 1 2 -9 7.2 78
1 77 1 -9 5.1 74
1 56 2 -9 1.5 49
1 90 1 -9 3.7 69
1 93 2 -9 4 69
1 50 2 -9 3.7 63
1 86 1 -9 4.6 69
1 100 1 -9 4 68
1 39 1 -9 2.9 64
1 1 2 -9 3.73 68
1 1 1 -9 0.86 43
1 1 2 -9 1.9 57
1 1 1 -9 2.6 64
3 1 1 -9 7.2 85
3 1 2 -9 2 56
3 1 1 -9 6.05 69
3 1 1 -9 7 79
1 1 2 -9 7.14 79
1 1 2 -9 4.59 71
1 1 2 -9 5 79
1 1 2 -9 3.45 67
1 1 1 -9 8.5 90
1 1 1 -9 4.71 65
3 1 1 -9 6 69
3 20 2 -9 2.6 61
1 1 2 -9 3.72 68
1 1 1 -9 3.88 72
3 181 2 -9 8.5 92
1 147 1 -9 1 43
3 177 1 -9 4.6 71
1 135 2 -9 10.5 84
1 127 2 -9 7.5 79
1 96 2 -9 -9 69
1 98 2 -9 -9 74
1 171 1 -9 6 72
1 1 2 -9 2.1 56
1 1 2 -9 2.1 57
3 1 1 -9 7.5 82
3 1 1 -9 7.4 83
1 1 2 -9 3.7 64
1 52 1 -9 1.4 49
1 1 2 -9 6 78
1 62 1 -9 7.9 79
1 1 2 -9 5.5 80
1 90 2 -9 3.4 67
1 72 2 -9 3.2 66
1 89 1 -9 2.1 56
1 50 1 -9 3.9 65
1 50 2 -9 5 70
1 87 1 -9 4.2 72
1 86 1 -9 1.6 53
1 86 2 -9 3.7 66
1 48 2 -9 3.4 69
1 106 2 -9 2 59
1 106 2 -9 2.9 63
1 100 1 -9 2.7 64
1 45 2 -9 1.6 53
1 1 1 -9 1.45 44
1 1 1 -9 3.68 67
1 1 2 -9 5.76 82
1 1 2 -9 2 56
3 1 2 -9 2.85 62
1 1 1 -9 3.88 68
1 1 1 -9 7.45 86
1 1 2 -9 9.34 93
1 1 1 -9 3 69
1 1 2 -9 3.1 66
1 1 2 -9 1.03 44
3 1 2 -9 11.6 77
3 8 1 -9 2.9 60
3 2 2 -9 8.2 86
3 1 1 -9 5 64
3 190 2 -9 2.75 64
1 213 1 -9 6.8 77
1 118 1 -9 5 73
1 113 2 -9 4.9 72
3 1 1 -9 10.2 93
1 78 2 -9 3.1 62
1 81 2 -9 3.6 68
1 63 2 -9 3.5 65
1 1 1 -9 6.7 78
1 53 1 -9 1.6 49
1 90 1 -9 2.5 59
1 75 2 -9 3.4 63
1 89 1 -9 4.9 67
1 87 1 -9 2.6 61
1 101 1 -9 2.5 61
1 43 2 -9 2.9 63
1 44 1 -9 2 58
1 30 2 -9 3.2 67
1 1 1 -9 3.3 69
1 1 2 -9 2.6 67
1 1 2 -9 4.1 75
1 1 1 -9 3.1 67
3 1 2 -9 3.8 64
3 1 1 -9 2 57
3 1 1 -9 1.5 47
1 152 2 -9 3.8 70
1 1 1 -9 2.6 60
1 1 1 -9 0.75 42
1 1 1 -9 1.45 51
1 1 1 -9 6.5 78
1 1 2 -9 2.74 62
1 1 2 -9 0.73 42
3 1 2 -9 8.1 75
3 1 1 -9 2.9 56
3 1 2 -9 8.1 73
3 1 2 -9 11.9 83
3 15 2 -9 6.8 78
1 1 1 -9 6.84 87
1 148 2 -9 2.1 39
3 1 1 -9 3.85 72
1 158 1 -9 2.2 61
1 153 1 -9 0.9 44
1 155 2 -9 -9 71
1 96 2 -9 -9 76
3 1 1 -9 9.4 90
1 1 2 -9 1.5 53
1 169 1 -9 3.5 70
3 1 1 -9 3.7 72
1 1 1 -9 4 67
3 1 1 -9 3.5 68
1 1 2 -9 4.1 68
1 49 2 -9 2.8 61
1 169 2 -9 4.6 74
1 1 1 -9 6.4 80
1 84 2 -9 2.2 59
1 47 1 -9 2.4 56
1 93 1 -9 3.6 65
1 51 2 -9 2.8 58
1 83 1 -9 3.4 67
1 65 1 -9 2.4 60
1 54 2 -9 5 68
1 1 2 -9 8.56 97
1 1 1 -9 3.3 64
1 1 1 -9 3.2 66
3 1 1 -9 1.5 46
3 1 1 -9 1.8 51
3 1 2 -9 3.9 58
1 1 2 -9 2.24 59
1 1 1 -9 11.07 94
1 1 2 -9 1.5 57
1 1 2 -9 1.8 58
1 1 1 -9 2.49 59
1 1 2 -9 6.77 72
1 1 2 -9 1.89 55
3 25 1 -9 14.96 101
3 25 1 -9 18.15 110
3 4 2 -9 12.1 94
3 15 2 -9 2.2 58
3 20 1 -9 1.5 51
1 1 2 -9 3.62 72
3 17 2 -9 2.1 56
1 1 2 -9 1.94 54
1 214 1 -9 2.9 61
1 124 1 -9 3.9 68
1 120 1 -9 3.9 67
1 162 2 -9 2.2 59
1 154 2 -9 3.7 73
1 153 1 -9 0.7 41
1 170 2 -9 2.4 61
1 127 2 -9 6 71
1 175 1 -9 1.8 52
1 176 1 -9 5.1 75
1 168 1 -9 3.5 65
1 1 2 -9 2.7 60
3 1 2 -9 2.7 59
1 49 2 -9 3 67
1 55 1 -9 4.7 70
1 169 1 -9 2.7 63
3 1 2 -9 5.6 70
1 79 2 -9 3.5 67
3 1 2 -9 4.9 68
1 1 1 -9 4.2 69
1 74 2 -9 4.8 74
3 1 2 -9 6.2 78
1 82 1 -9 3.6 64
1 73 2 -9 3.9 72
1 49 2 -9 2.6 56
1 1 2 -9 6.1 82
1 101 1 -9 2.7 59
1 100 2 -9 1.5 51
1 69 1 -9 3.6 70
1 103 1 -9 1.6 54
1 103 1 -9 4.8 70
1 68 2 -9 7.8 84
1 37 2 -9 1 44
1 30 2 -9 3.3 69
1 1 1 -9 4.22 67
1 1 1 -9 3.5 67
1 1 1 -9 2.3 58
1 1 1 -9 2.2 59
3 1 1 -9 2.95 53
1 1 2 -9 2.7 62
1 1 1 -9 2.8 67
1 1 2 -9 2 54
3 1 1 -9 4.9 68
1 1 2 -9 10.51 95
3 5 1 -9 10.6 97
3 21 2 -9 5.5 77
1 1 2 -9 3.16 70
3 16 1 -9 6.6 82
1 146 1 -9 3.7 66
1 162 2 -9 1.4 50
1 129 2 -9 5.5 70
1 161 2 -9 -9 69
1 174 1 -9 3.1 66
1 174 2 -9 2 59
1 172 2 -9 2.3 62
1 172 2 -9 5.8 75
1 1 1 -9 2.15 57
3 1 2 -9 8.5 90
1 1 2 -9 4.1 67
3 1 2 -9 1.9 54
3 1 2 -9 2.2 56
1 54 2 -9 2.2 55
1 1 1 -9 4.4 72
1 60 1 -9 2.4 56
1 1 1 -9 8.5 75
1 1 1 -9 8.2 80
1 89 2 -9 2.6 63
1 50 2 -9 5.1 72
1 85 1 -9 4.5 71
1 106 2 -9 3.1 68
1 69 2 -9 3.2 64
1 1 2 -9 4 64
1 1 1 -9 6.47 79
1 1 2 -9 1.9 55
1 1 1 -9 2.4 59
1 1 2 -9 3.9 68
1 1 1 -9 3 63
3 1 1 -9 3.2 60
3 1 2 -9 3.8 61
1 1 2 -9 5.46 80
1 1 1 -9 3.2 63
1 1 1 -9 2 58
1 1 2 -9 1.8 59
3 1 2 -9 3.9 59
1 1 1 -9 3.47 64
1 1 2 -9 3.06 71
1 150 2 -9 2.2 55
1 149 2 -9 0.7 39
1 140 1 -9 6.3 78
3 1 1 -9 3.9 70
1 160 1 -9 1.3 48
1 163 1 -9 4.2 74
1 154 1 -9 1.81 68
1 156 2 -9 2.2 64
1 176 1 -9 1.3 44
1 172 2 -9 2.9 64
1 1 2 -9 2.45 58
1 1 2 -9 0.98 43
3 1 2 -9 9.6 87
3 1 2 -9 8.2 83
1 61 2 -9 4.2 70
1 1 2 -9 8.2 85
1 1 1 -9 2.5 63
3 1 2 -9 3.1 63
1 63 2 -9 3.9 68
1 47 1 -9 3.8 69
1 49 1 -9 1.4 49
1 1 1 -9 7.3 79
1 81 1 -9 4.4 72
1 59 1 -9 3.3 66
1 56 2 -9 2.3 59
1 56 1 -9 7.2 76
1 76 2 -9 2.6 60
1 76 1 -9 2.9 64
1 50 1 -9 2.5 59
1 50 2 -9 4.6 70
1 85 1 -9 4.5 72
1 86 2 -9 3.8 69
1 105 2 -9 2.5 59
1 100 2 -9 1.5 52
1 68 2 -9 1.2 48
1 68 2 -9 2 60
1 36 2 -9 1.2 51
1 1 2 -9 2.7 58
1 1 1 -9 6.65 75
1 1 1 -9 3.85 61
1 1 2 -9 6.95 73
1 1 1 -9 7.4 80
1 1 2 -9 3.8 74
3 1 2 -9 2.95 62
3 1 1 -9 2.1 57
3 1 1 -9 12.2 88
1 1 1 -9 4.45 71
1 1 1 -9 3.1 68
1 1 2 -9 3.4 69
3 28 1 -9 14 104
3 1 2 -9 4.4 62
3 5 1 -9 8.8 86
3 13 1 -9 7 80
3 1 1 -9 2.8 56
3 16 1 -9 13.2 99
3 4 1 -9 1.8 56
3 7 1 -9 4.7 69
1 1 1 -9 4.95 82
1 1 1 -9 1.89 56
1 1 2 -9 1.94 57
1 1 2 -9 2.6 62
1 1 1 -9 9.8 90
3 16 2 -9 11.3 93
1 141 1 -9 5.4 74
3 200 2 -9 5.5 73
3 208 2 -9 1.2 48
1 110 2 -9 10.2 94
1 113 1 -9 2.6 56
1 158 1 -9 4 70
1 159 1 -9 0.8 41
1 157 1 -9 1.5 48
1 157 2 -9 3.2 64
1 137 2 -9 1.35 48
1 98 1 -9 -9 61
1 98 1 -9 -9 71
1 163 2 -9 2.2 58
1 163 2 -9 2.1 59
1 170 1 -9 3.8 73
1 174 2 -9 2.6 65
3 1 2 -9 3.2 66
1 1 1 -9 8.5 91
1 61 1 -9 2.7 63
3 1 1 -9 3.4 72
1 78 1 -9 5.6 75
3 1 2 -9 3 63
1 49 2 -9 2.8 62
3 1 2 -9 6.1 74
1 74 2 -9 2.2 59
1 70 2 -9 3.8 65
3 1 2 -9 6.9 80
3 1 2 -9 7.1 80
1 60 2 -9 2.6 58
1 85 2 -9 2.8 60
1 75 2 -9 2.6 62
1 86 1 -9 7.4 80
1 36 1 -9 2.6 61
1 31 2 -9 6.2 77
1 32 2 -9 1.8 57
1 1 2 -9 7.05 75
1 1 1 -9 3.5 68
1 1 1 -9 2.7 60
3 1 2 -9 2 55
3 1 1 -9 8.7 73
1 152 2 -9 2.7 64
1 152 1 -9 3.91 70
1 1 1 -9 4.59 71
1 1 1 -9 5.15 72
1 1 1 -9 5.15 74
1 1 1 -9 12.55 94
1 1 1 -9 1.5 49
3 1 1 -9 6.2 74
1 1 1 -9 3.42 66
3 19 2 -9 -9 71
1 1 2 -9 2.86 66
1 143 2 -9 7.9 81
1 140 1 -9 3.8 66
1 145 2 -9 2 52
1 145 1 -9 3.6 65
1 138 2 -9 9.6 86
1 215 2 -9 12.1 92
1 118 1 -9 5.9 75
1 108 2 -9 5.1 68
1 121 1 -9 4.5 70
3 1 2 -9 2.5 62
1 165 1 -9 2.9 66
1 165 1 -9 3.2 69
1 164 2 -9 1.8 60
1 96 1 -9 -9 73
1 172 1 -9 3.9 70
1 173 1 -9 4 68
3 1 1 -9 4.2 70
1 1 1 -9 10.8 95
3 1 1 -9 4.8 71
1 52 2 -9 2.6 60
1 59 1 -9 1.8 53
1 67 1 -9 3.9 68
1 67 2 -9 4.2 70
1 85 1 -9 3.6 68
1 70 2 -9 2.3 60
1 45 2 -9 1.8 54
1 38 1 -9 4.4 71
1 54 2 -9 5.8 75
1 1 1 -9 3 58
1 1 2 -9 6.4 80
1 1 2 -9 1.9 62
3 1 1 -9 2.65 59
3 1 2 -9 1.3 49
3 1 2 -9 3.6 57
1 1 1 -9 7.85 80
1 1 1 -9 12.35 100
1 1 1 -9 4.2 71
1 1 1 -9 3.72 67
1 1 1 -9 1.16 48
3 14 1 -9 11 95
3 1 1 -9 8.3 87
3 1 1 -9 4.15 72
1 113 2 -9 2.8 61
3 1 1 -9 3.35 63
1 158 2 -9 1.2 51
1 158 1 -9 2.3 63
1 160 2 -9 3 67
1 156 1 -9 1.2 48
1 96 2 -9 -9 66
1 137 1 -9 1.25 42
1 167 2 -9 2.3 55
1 96 1 -9 -9 96
1 174 2 -9 2.6 59
1 1 2 -9 2.5 58
1 55 2 -9 5.9 73
1 170 1 -9 1.6 53
3 1 2 -9 3.8 69
1 1 1 -9 4.7 72
3 1 2 -9 2.5 63
3 1 2 -9 3.5 66
3 1 1 -9 5.8 74
1 62 2 -9 3.1 62
3 1 2 -9 4.8 76
1 88 1 -9 3.4 68
1 75 1 -9 2.4 59
1 50 1 -9 3 64
1 83 2 -9 5.7 74
1 80 1 -9 5.4 72
1 101 2 -9 4.4 69
1 65 2 -9 3.1 63
1 46 1 -9 2 59
1 36 2 -9 1.7 54
1 1 2 -9 6 73
3 1 1 -9 4.25 68
3 1 2 -9 15.1 101
3 1 1 -9 14.5 102
3 1 1 -9 7.5 73
1 1 2 -9 2.55 63
1 1 2 -9 1.5 53
1 1 2 -9 2.1 56
3 25 1 -9 1.3 50
3 1 2 -9 9.1 75
3 1 1 -9 15.2 105
3 1 1 -9 10.8 72
3 21 1 -9 5.45 80
3 21 2 -9 9.5 88
1 1 1 -9 1.94 53
1 1 2 -9 3.21 65
1 1 2 -9 1.73 55
1 218 1 -9 6.1 74
1 140 2 -9 5.7 71
1 117 1 -9 5.5 73
1 96 1 -9 -9 60
1 96 2 -9 -9 68
1 78 1 -9 6.8 77
1 78 1 -9 7.4 80
1 1 1 -9 5.2 73
1 70 2 -9 3.4 66
1 75 2 -9 6.2 78
1 52 2 -9 1.9 54
1 75 1 -9 4.2 68
1 89 2 -9 2.8 63
1 93 2 -9 4 69
1 53 1 -9 3.9 68
1 83 1 -9 4.2 67
1 68 1 -9 5.8 74
1 31 2 -9 1.6 52
1 38 1 -9 0.9 45
1 38 2 -9 3.4 66
1 1 1 -9 4.91 75
3 1 2 -9 3.4 65
3 1 2 -9 3.1 66
1 1 1 -9 4.8 75
1 1 1 -9 6.1 82
1 1 2 -9 2.55 58
1 1 2 -9 0.9 48
1 1 2 -9 1.8 58
1 1 1 -9 2.12 55
3 25 2 -9 1.6 54
3 13 1 -9 4.7 70
3 2 1 -9 6.3 77
3 3 1 -9 4.3 70
3 9 2 -9 3.5 66
3 9 2 -9 5.8 78
1 1 1 -9 3.98 68
1 1 2 -9 2.91 66
1 1 2 -9 1.73 54
1 1 2 -9 6.33 72
1 215 1 -9 14.3 95
1 109 2 -9 3.1 65
1 113 1 -9 3.6 60
3 1 1 -9 2.35 60
1 159 2 -9 4.4 75
1 154 2 -9 -9 74
1 159 2 -9 1.2 48
1 159 2 -9 3.3 66
1 96 2 -9 -9 65
1 161 2 -9 -9 42
1 96 2 -9 -9 64
1 167 2 -9 3.2 64
1 168 2 -9 3.5 66
1 96 1 -9 -9 70
1 174 1 -9 4 63
1 1 2 -9 10.2 94
1 54 2 -9 1.8 50
3 1 2 -9 6.1 72
1 169 2 -9 3.9 70
3 1 2 -9 5 75
1 70 2 -9 9.4 88
1 1 2 -9 5 76
1 88 1 -9 4.3 72
1 51 1 -9 8.4 83
1 89 1 -9 7.8 81
1 64 2 -9 4.4 70
1 67 2 -9 3.1 61
1 64 1 -9 4.3 72
1 65 1 -9 3.7 70
1 45 2 -9 1.3 48
1 36 2 -9 3.7 68
1 1 2 -9 1.25 41
1 1 1 -9 6.6 74
1 1 2 -9 4.7 70
1 1 2 -9 6.7 81
1 151 1 -9 2.81 67
1 1 2 -9 3.37 68
1 1 1 -9 7.65 88
1 1 1 -9 9.5 91
1 1 2 -9 3.1 67
3 1 1 -9 10.8 82
3 11 1 -9 6.6 80
1 1 1 -9 5.1 76
1 1 2 -9 2.04 56
1 150 2 -9 3.4 63
3 178 2 -9 5.3 74
1 215 2 -9 11.4 85
3 1 2 -9 10.55 93
3 1 1 -9 14.4 104
1 113 2 -9 2.3 60
1 162 1 -9 0.9 43
1 170 1 -9 2.2 60
1 137 2 -9 2.5 55
1 163 2 -9 2.2 60
1 174 2 -9 3.2 65
1 175 1 -9 1.7 53
1 173 2 -9 2.4 61
1 1 2 -9 1.74 53
1 1 2 -9 3.82 64
3 1 1 -9 8.5 88
1 1 1 -9 4.25 67
1 1 1 -9 4.5 71
3 1 2 -9 5.3 71
3 1 2 -9 2.8 61
1 49 2 -9 3.6 70
1 1 1 -9 2.7 66
1 55 1 -9 1.5 50
1 1 1 -9 5.1 78
1 62 2 -9 2 56
1 71 2 -9 1.9 57
1 52 1 -9 2.4 57
1 93 1 -9 2.8 60
1 93 2 -9 4.7 70
1 91 1 -9 1.2 48
1 92 2 -9 4.7 74
1 100 2 -9 1.7 55
1 104 1 -9 5.5 72
1 42 1 -9 3.1 65
1 34 1 -9 3.3 66
1 1 1 -9 4.1 60
1 1 2 -9 4.4 66
1 1 2 -9 3.04 66
1 1 1 -9 2.1 54
1 1 1 -9 2.2 59
1 1 2 -9 4 69
1 1 2 -9 4 68
3 1 1 -9 2.6 64
3 1 1 -9 2.9 59
1 1 1 -9 2.7 64
1 1 1 -9 8.52 87
3 1 1 -9 3 56
3 21 1 -9 -9 86
1 150 1 -9 1 45
1 145 1 -9 3 66
1 216 1 -9 8.6 84
3 192 2 -9 6.5 83
1 109 2 -9 1.4 52
1 108 1 -9 1.3 49
1 158 2 -9 3.2 65
1 153 1 -9 1.5 33
1 165 1 -9 1.9 58
1 170 1 -9 2.6 65
1 129 2 -9 4 65
1 161 1 -9 -9 58
1 175 1 -9 5 79
1 168 2 -9 1.1 48
1 166 1 -9 2.4 61
1 166 2 -9 2.5 63
1 1 1 -9 3.08 64
3 1 1 -9 6.1 76
1 169 2 -9 2.9 62
1 169 2 -9 3.6 70
3 1 1 -9 5 70
1 1 2 -9 3.3 67
1 1 2 -9 4.6 75
1 81 2 -9 5.1 74
1 63 1 -9 5.2 72
1 91 2 -9 3.4 69
1 48 1 -9 11.4 91
1 87 1 -9 4.9 72
1 79 1 -9 3.1 62
1 80 1 -9 3.8 68
1 101 1 -9 3.5 65
1 104 1 -9 1.5 50
1 45 1 -9 2.5 60
1 1 2 -9 2.1 57
3 1 1 -9 3 62
3 1 1 -9 5.3 66
3 1 1 -9 7.2 77
1 1 1 -9 6.35 76
1 1 1 -9 4.6 77
1 1 2 -9 0.7 38
1 1 2 -9 2.74 59
3 1 2 -9 4.7 68
3 1 1 -9 13.3 85
3 7 2 -9 5.6 73
3 16 1 -9 7.6 83
3 1 1 -9 10.2 88
1 113 2 -9 4.4 70
1 96 1 -9 -9 63
1 161 1 -9 -9 67
1 98 1 -9 -9 63
1 98 1 -9 -9 74
1 167 2 -9 4.5 72
1 94 2 -9 -9 59
1 168 1 -9 2.2 58
1 173 1 -9 4.3 73
1 173 1 -9 5.6 79
1 1 2 -9 1.25 48
1 1 1 -9 9.7 88
3 1 2 -9 2.7 58
1 61 2 -9 3.8 68
1 61 2 -9 3.8 71
1 61 1 -9 6.4 80
3 1 2 -9 3.9 67
3 1 2 -9 3 64
3 1 1 -9 6.8 78
1 1 2 -9 6.8 78
1 60 1 -9 2.5 58
1 73 1 -9 4.2 73
1 56 2 -9 3.8 64
1 90 1 -9 4.8 73
1 76 1 -9 4 67
1 51 1 -9 2.1 57
1 87 2 -9 3.6 66
1 102 1 -9 1.4 48
1 100 1 -9 2 56
1 106 2 -9 4.5 77
1 65 1 -9 4.2 66
1 45 2 -9 1.7 53
1 1 2 -9 5.15 70
3 1 2 -9 1.9 57
3 1 1 -9 3 65
3 1 1 -9 9 86
3 1 1 -9 3.1 57
1 1 2 -9 5 75
1 1 2 -9 8.5 93
1 1 1 -9 0.59 39
3 20 2 -9 9.3 86
3 11 1 -9 7.8 82
3 4 2 -9 11.1 96
1 1 2 -9 5.05 78
1 1 1 -9 6.99 79
3 16 2 -9 7.5 78
3 16 1 -9 5.8 87
3 1 1 -9 2.3 52
1 143 2 -9 2.9 60
1 213 1 -9 4 64
1 214 2 -9 3.3 61
3 1 2 -9 3.35 69
1 107 2 -9 1.8 52
1 165 2 -9 2.6 66
1 176 1 -9 1.6 48
1 172 1 -9 3.6 71
1 1 2 -9 1.55 50
3 1 1 -9 6.7 82
1 49 2 -9 3 70
1 61 1 -9 6.6 78
1 78 1 -9 9.8 95
3 1 2 -9 4.3 68
1 1 2 -9 2.1 64
1 1 2 -9 3.8 65
3 1 2 -9 3.8 66
1 91 1 -9 3.6 66
1 92 2 -9 4 68
1 101 2 -9 2.1 58
1 48 1 -9 2.6 57
1 54 2 -9 3.9 72
1 54 1 -9 9.6 84
1 1 1 -9 3.1 65
1 1 2 -9 3.6 71
1 1 2 -9 4.9 75
1 1 2 -9 2.9 63
1 1 2 -9 2.4 59
3 1 2 -9 1.9 52
1 1 1 -9 1.35 50
1 1 2 -9 4.2 69
1 1 1 -9 0.68 40
3 1 1 -9 5.3 71
1 1 2 -9 8.88 92
3 1 2 -9 2.6 55
3 1 2 -9 4 61
1 149 2 -9 2.8 57
1 216 2 -9 5.2 70
3 1 1 -9 8 85
1 121 2 -9 2.8 64
1 160 2 -9 2.6 63
1 98 2 -9 -9 71
1 98 1 -9 -9 79
1 1 1 -9 2 55
3 1 1 -9 12.7 99
3 1 1 -9 5.8 73
1 55 2 -9 3.6 63
1 61 1 -9 1.8 53
1 1 2 -9 3.1 67
1 52 1 -9 3.4 67
1 76 1 -9 4.4 74
3 1 2 -9 7.1 80
3 1 1 -9 6.8 81
1 49 2 -9 2.2 57
1 49 2 -9 2.4 57
1 58 1 -9 1.8 54
1 69 1 -9 1.8 52
1 60 2 -9 3.7 69
1 80 1 -9 3.9 70
1 100 1 -9 1.4 50
1 106 1 -9 4.8 74
1 36 1 -9 1 46
1 34 1 -9 4.3 69
1 1 1 -9 4.7 70
1 1 2 -9 6.01 82
1 1 1 -9 4.7 73
1 1 2 -9 6 74
1 1 2 -9 2.3 60
1 1 1 -9 4 68
3 1 2 -9 9.6 78
3 1 2 -9 2.6 53
1 1 2 -9 1.07 44
1 1 1 -9 4.5 75
1 1 1 -9 7.4 76
3 1 2 -9 9.7 78
3 13 1 -9 3.7 70
1 1 1 -9 3.52 66
1 150 1 -9 1.8 49
3 209 1 -9 2.8 63
3 1 1 -9 3.45 68
1 118 1 -9 3.5 66
1 116 2 -9 4.1 68
1 115 1 -9 4.1 67
1 163 1 -9 4.1 73
1 163 2 -9 3.9 74
1 158 2 -9 3.5 74
1 156 2 -9 1 49
1 171 1 -9 5.25 74
1 1 2 -9 2.9 57
1 1 2 -9 8.5 89
1 61 1 -9 3.1 63
1 1 2 -9 3.8 72
3 1 1 -9 6 74
1 1 1 -9 6.5 77
1 76 2 -9 3.7 69
1 49 1 -9 2 55
1 72 1 -9 5.3 77
1 50 2 -9 2.2 56
1 87 2 -9 3.4 66
1 53 1 -9 3.1 64
1 91 1 -9 2.8 61
1 80 2 -9 1.6 55
1 80 2 -9 2.4 59
1 106 2 -9 3.6 70
1 103 1 -9 2.6 66
1 68 2 -9 5.4 74
1 65 1 -9 3.1 65
1 35 2 -9 2.3 59
1 44 2 -9 1.6 54
1 40 2 -9 2.4 61
1 1 1 -9 7.05 74
1 1 2 -9 3.5 68
3 1 1 -9 4 67
1 1 2 -9 5.71 77
1 1 2 -9 7.7 84
1 1 1 -9 0.85 41
1 1 2 -9 2 60
1 1 1 -9 5.2 79
1 1 2 -9 0.88 44
1 1 2 -9 1.51 52
3 1 2 -9 6.3 70
3 21 1 -9 12 93
3 27 1 -9 5.6 80
1 1 1 -9 3.52 68
1 1 2 -9 1.12 52
1 1 2 -9 5.56 78
1 1 1 -9 7.14 82
1 143 1 -9 11 88
1 145 2 -9 2.3 59
1 160 2 -9 1.6 55
1 159 2 -9 2.3 56
1 170 2 -9 3.4 67
1 137 2 -9 0.9 42
1 1 2 -9 2.05 56
3 1 1 -9 3.5 69
1 1 2 -9 2 54
3 1 2 -9 1.6 52
3 1 2 -9 2.9 62
1 49 2 -9 4.2 69
1 1 1 -9 4.1 69
3 1 2 -9 4.8 74
1 63 2 -9 3.6 65
1 57 2 -9 3.1 61
1 1 1 -9 6.5 80
1 62 1 -9 2.2 58
1 62 2 -9 2.8 59
1 75 1 -9 6.9 77
1 73 2 -9 1.9 56
1 73 1 -9 3.5 68
1 58 2 -9 4.4 64
1 88 1 -9 3.9 70
1 58 1 -9 2.9 57
1 79 1 -9 1.9 56
1 51 2 -9 2.8 59
1 92 2 -9 3.4 68
1 103 2 -9 2.1 58
1 103 1 -9 3.2 65
1 105 2 -9 1.2 48
1 65 1 -9 2 55
1 46 2 -9 0.8 41
1 45 1 -9 0.8 49
1 151 1 -9 1.99 61
1 1 2 -9 3.32 65
1 1 2 -9 3.2 65
1 1 1 -9 1.49 49
1 1 2 -9 2.48 62
1 1 1 -9 2.17 57
1 1 1 -9 1.7 53
3 1 1 -9 5.1 69
3 1 2 -9 6.9 76
3 25 2 -9 9.7 91
3 28 1 -9 11.2 95
3 1 1 -9 12.7 89
3 1 1 -9 2.6 55
3 24 1 -9 9.5 89
1 1 2 -9 2.45 63
1 1 1 -9 3.57 69
3 16 2 -9 4.4 68
1 1 2 -9 1.84 58
1 138 1 -9 7.2 83
1 122 1 -9 1.3 48
1 113 2 -9 2.8 62
1 115 1 -9 6.2 78
1 159 2 -9 2 58
1 98 1 -9 -9 64
1 1 2 -9 1.7 57
1 1 1 -9 10.2 96
3 1 1 -9 10 90
3 1 2 -9 2.5 58
1 49 2 -9 5.6 73
1 169 1 -9 2 59
1 1 1 -9 2.4 63
1 49 1 -9 3.4 66
1 1 2 -9 2.6 66
3 1 1 -9 5.5 74
1 88 2 -9 2 57
1 76 1 -9 3.1 66
1 48 1 -9 4.2 72
1 65 2 -9 2.1 57
1 65 2 -9 3.5 68
1 46 2 -9 2.1 60
1 1 2 -9 3.15 67
1 1 2 -9 4.6 62
1 1 1 -9 3.1 68
1 1 1 -9 2.7 60
3 1 1 -9 3.3 66
3 1 1 -9 1.5 57
1 152 2 -9 3.42 66
1 1 2 -9 4.03 70
1 1 1 -9 5.31 76
1 1 2 -9 6.45 80
1 1 1 -9 3.6 70
1 1 2 -9 4.7 75
3 1 1 -9 5.3 68
1 1 1 -9 4.49 75
1 144 2 -9 5.3 73
3 188 1 3 13.11 99
3 187 2 -9 1.5 54
1 139 2 -9 5.3 71
1 162 2 -9 1 47
1 159 2 -9 3.8 74
1 156 1 -9 3.5 69
1 95 2 -9 -9 46
1 155 1 -9 -9 60
1 155 1 -9 -9 69
1 98 1 -9 -9 65
1 163 2 -9 0.6 41
1 161 2 -9 -9 52
3 1 1 -9 8.7 85
3 1 2 -9 4.9 71
3 1 2 -9 3 62
1 169 2 -9 2 59
1 1 1 -9 4.8 74
3 1 1 -9 6.4 74
1 59 1 -9 2.9 63
1 71 2 -9 4.1 71
1 82 2 -9 3.2 65
1 85 2 -9 3.2 67
1 87 2 -9 3.6 69
1 79 2 -9 2.4 62
1 103 1 -9 4.5 75
1 46 2 -9 0.8 41
1 44 1 -9 1.1 50
1 54 2 -9 2.7 62
1 54 2 -9 3.9 64
1 1 1 -9 1.04 46
1 1 2 -9 5.1 77
1 1 2 -9 3 62
1 1 2 -9 4.7 63
1 1 1 -9 6.7 81
1 1 2 -9 2.9 64
3 1 1 -9 3.6 56
1 1 1 -9 10.66 92
1 1 2 -9 4.9 77
1 1 2 -9 8.06 88
1 1 1 -9 6.94 81
3 193 2 -9 2.25 58
1 213 1 -9 10.8 89
1 138 1 -9 13.4 107
1 149 1 -9 7.8 75
1 154 2 -9 2.2 72
1 160 2 -9 4.4 76
1 157 1 -9 1 43
1 129 2 -9 3.5 63
1 96 1 -9 -9 62
1 156 1 -9 3.2 65
1 95 2 -9 -9 70
3 1 2 -9 4.2 69
3 1 2 -9 9 90
3 1 1 -9 6.2 81
1 49 2 -9 5.2 71
3 1 1 -9 3.4 71
3 1 1 -9 4.7 71
3 1 2 -9 4.7 72
1 92 1 -9 3.1 61
1 1 2 -9 3.9 67
1 1 2 -9 2.5 64
1 1 1 -9 5 73
1 1 2 -9 5.7 73
1 55 1 -9 1.5 49
3 1 1 -9 6.7 79
1 82 1 -9 3.6 64
1 77 1 -9 3.4 66
1 51 1 -9 4.8 70
1 50 2 -9 4.2 65
1 51 1 -9 2.3 56
1 70 2 -9 2.5 56
1 48 1 -9 3 72
1 102 2 -9 3.6 65
1 38 1 -9 2.4 59
1 1 1 -9 3.79 71
1 1 1 -9 7 74
1 1 1 -9 1.7 56
1 1 1 -9 2.5 58
1 1 1 -9 2.6 63
1 1 1 -9 4.7 72
1 1 1 -9 1.25 48
1 1 1 -9 1.7 56
1 1 1 -9 3.8 70
1 1 2 -9 1.8 54
3 1 2 -9 2.4 56
1 1 1 -9 3.21 64
1 1 2 -9 2.24 63
1 150 2 -9 3.2 60
1 159 2 -9 3.1 65
1 164 2 -9 2 60
1 164 2 -9 2.8 63
1 157 2 -9 1.2 45
1 133 2 -9 8.25 82
1 96 2 -9 -9 64
1 125 1 -9 4.8 79
1 161 1 -9 -9 69
1 98 2 -9 -9 58
1 61 1 -9 2.4 58
1 59 2 -9 1.4 50
3 1 1 -9 6.1 78
3 1 2 -9 7 80
1 1 1 -9 6.3 78
1 73 2 -9 3.1 67
1 60 1 -9 2.3 54
1 85 1 -9 3.6 69
1 52 1 -9 1.2 47
1 52 1 -9 1.3 47
1 50 1 -9 1.5 49
1 102 2 -9 2.8 61
1 68 2 -9 3.6 62
1 65 1 -9 2.4 61
1 100 2 -9 3.5 67
1 1 1 -9 3 69
3 1 2 -9 2.7 62
3 1 2 -9 7.95 87
3 1 1 -9 3.5 68
3 1 2 -9 2.75 54
3 1 2 -9 2.7 59
1 152 2 -9 5.49 80
1 151 1 -9 3.25 70
1 151 1 -9 1.77 55
1 151 2 -9 1.55 56
1 1 1 -9 2.5 57
1 1 2 -9 3.7 64
3 5 2 -9 7.6 78
1 149 2 -9 0.9 42
1 146 2 -9 4.4 64
1 142 1 -9 5.3 73
3 1 1 -9 4.45 72
1 158 2 -9 1.2 49
1 134 2 -9 3.75 66
1 156 1 -9 3.5 71
3 1 1 -9 3.4 64
1 1 1 -9 7.3 86
1 1 1 -9 10.2 93
3 1 1 -9 6.8 79
3 1 1 -9 7.3 82
1 169 1 -9 1.9 56
1 169 2 -9 2 57
1 1 2 -9 5.1 70
3 1 2 -9 3.4 64
1 1 2 -9 3 65
1 59 2 -9 4.8 70
1 58 1 -9 3.6 65
1 57 2 -9 5.7 73
1 57 2 -9 6.3 76
1 76 2 -9 4.9 71
1 49 1 -9 1.6 49
1 49 2 -9 2.2 57
3 1 2 -9 7.5 82
1 91 1 -9 4 70
1 86 2 -9 5.3 74
1 100 2 -9 2 56
1 106 1 -9 6.4 78
1 65 2 -9 2.2 57
1 65 2 -9 2.2 57
1 32 1 -9 1.3 50
1 1 2 -9 4.37 69
1 1 1 -9 8.32 86
1 1 2 -9 3.2 66
1 1 1 -9 4.2 77
1 1 1 -9 7.1 88
3 1 1 -9 2.1 49
3 1 2 -9 2.2 50
3 1 1 -9 3.4 55
1 1 2 -9 4 72
3 2 1 -9 15.5 104
3 7 1 -9 12 91
1 1 2 -9 6.43 81
1 149 1 -9 1.7 51
3 1 1 -9 6.45 81
1 1 2 -9 3.62 68
1 153 2 -9 2.1 60
1 96 2 -9 -9 59
1 137 1 -9 3.25 66
1 163 2 -9 2.8 65
3 1 2 -9 2.5 59
3 1 2 -9 2.7 61
1 1 1 -9 8 89
3 1 1 -9 4.8 73
3 1 2 -9 4.2 73
1 49 1 -9 3.4 64
1 57 1 -9 2.8 60
1 1 1 -9 5.2 77
1 88 1 -9 5.2 76
3 1 2 -9 6.9 81
1 1 1 -9 4.8 73
1 1 2 -9 7.2 84
1 91 1 -9 3.5 69
1 86 2 -9 5.6 80
1 43 1 -9 2.7 61
1 46 1 -9 2 58
1 1 1 -9 8.66 89
3 1 2 -9 3.05 62
1 1 1 -9 3.9 70
1 1 1 -9 2.1 59
3 22 2 -9 4 68
3 2 2 -9 7.5 79
3 1 2 -9 7.5 73
1 1 2 -9 7.45 86
3 1 2 -9 11.35 92
1 113 2 -9 3.4 65
1 164 2 -9 3.5 69
1 170 2 -9 2.2 59
1 170 1 -9 3.4 67
1 156 2 -9 2.5 64
1 155 1 -9 -9 67
1 98 2 -9 -9 63
1 95 1 -9 -9 57
1 96 1 -9 -9 74
1 166 1 -9 2.4 61
3 1 2 -9 2.1 56
1 167 1 -9 4.6 75
3 1 1 -9 4.7 71
1 1 2 -9 0.8 46
1 81 2 -9 5.4 74
1 1 2 -9 5.2 76
1 1 2 -9 5.5 77
1 59 2 -9 5.1 74
1 82 1 -9 3.6 66
1 82 2 -9 4 68
1 71 1 -9 2.3 60
1 57 2 -9 6.8 79
1 47 1 -9 3.8 59
1 75 1 -9 1.3 51
1 93 1 -9 3.6 68
1 50 2 -9 8.5 85
1 105 1 -9 2.2 59
1 48 1 -9 4.6 78
1 103 2 -9 3.9 67
1 1 2 -9 11.7 91
1 1 1 -9 5.3 76
1 1 1 -9 2.55 61
1 1 1 -9 5.6 79
1 1 2 -9 3.7 71
1 1 2 -9 4.3 70
3 20 1 -9 10.9 95
3 1 2 -9 3.5 59
3 28 1 -9 13.6 102
3 21 1 -9 6.5 81
3 18 1 -9 4.5 69
3 1 1 -9 1.6 51
1 146 1 -9 1.2 47
3 1 2 -9 10.15 89
3 1 2 -9 16.6 108
3 1 2 -9 6.95 83
1 120 1 -9 3.1 65
1 153 2 -9 2.5 61
1 98 2 -9 -9 64
1 175 1 -9 2.8 63
1 175 1 -9 3.4 68
1 167 2 -9 4.5 71
1 175 1 -9 4.3 71
1 167 1 -9 3 65
3 1 1 -9 10.7 94
3 1 2 -9 3.3 63
1 1 1 -9 4.6 71
1 78 2 -9 3.2 61
1 78 1 -9 4.1 67
1 74 2 -9 1.5 51
1 74 1 -9 4.8 71
1 63 1 -9 1.6 53
1 63 2 -9 3.3 63
1 82 1 -9 3.4 66
1 52 1 -9 1.9 55
1 90 1 -9 3.1 64
1 48 2 -9 6.8 82
1 50 2 -9 4.6 68
1 86 2 -9 7.8 82
1 101 1 -9 2.1 57
1 100 1 -9 1.9 54
1 65 2 -9 1.6 53
1 46 2 -9 1.6 57
1 1 1 -9 3.14 55
1 1 2 -9 9.6 86
1 1 2 -9 4.9 73
1 1 2 -9 2.2 57
1 1 1 -9 5 74
3 1 1 -9 1.8 53
1 1 1 -9 9.5 90
3 18 2 -9 8.8 84
3 17 1 -9 4.5 71
1 144 1 -9 0.5 38
1 213 1 -9 6.2 74
1 123 1 -9 2.3 58
1 156 2 -9 0.7 41
1 170 2 -9 2.8 56
1 127 2 -9 4.5 70
3 1 2 -9 3 61
1 1 2 -9 2.6 56
1 1 1 -9 5 71
1 1 2 -9 4.1 65
1 63 2 -9 2.8 61
1 81 1 -9 5 69
1 59 1 -9 3.2 64
1 53 2 -9 0.7 39
1 85 1 -9 3.6 68
1 76 1 -9 3.4 71
1 72 2 -9 1.1 47
1 58 1 -9 1.9 53
1 50 2 -9 5.4 70
1 51 1 -9 2.4 59
1 85 1 -9 3.8 70
1 83 1 -9 4.2 72
1 92 2 -9 3.3 66
1 100 1 -9 1.7 53
1 30 1 -9 3.3 67
1 33 2 -9 1.5 51
1 1 1 -9 3.39 67
1 1 1 -9 3.67 69
1 1 2 -9 6.24 83
1 1 2 -9 2.86 65
1 1 1 -9 2.4 61
1 1 1 -9 2.8 67
1 1 2 -9 2.8 63
3 1 2 -9 3.3 62
3 1 2 -9 5.75 77
1 152 2 -9 4.05 73
1 1 2 -9 1.28 47
1 1 2 -9 3.8 73
1 1 1 -9 2.59 59
3 1 1 -9 5 67
3 2 2 -9 11 89
3 24 1 -9 10.2 90
3 9 2 -9 6.9 78
3 27 2 -9 6.5 83
3 182 1 -9 11.3 97
3 198 1 -9 9.35 87
3 199 1 -9 5.45 78
1 215 1 -9 11 86
1 114 2 -9 3.2 65
1 162 1 -9 5.4 80
1 135 1 -9 10.5 93
1 94 2 -9 -9 63
1 1 1 -9 3.2 63
1 55 2 -9 2.4 55
1 169 1 -9 3.3 69
3 1 1 -9 6.1 74
1 55 1 -9 1.8 52
1 70 2 -9 11 92
1 1 1 -9 6.2 77
1 58 2 -9 2.5 59
1 64 2 -9 3.4 66
1 67 2 -9 1.3 50
1 68 1 -9 1.5 52
1 54 2 -9 4.9 71
1 1 1 -9 3.92 70
1 1 2 -9 1.5 52
3 1 1 -9 1.45 48
1 151 1 -9 2.35 61
1 1 2 -9 2.45 59
1 1 1 -9 1.16 47
3 1 1 -9 5.1 69
3 1 1 -9 3.1 59
3 5 2 -9 1.2 46
1 1 2 -9 4.29 70
3 1 1 -9 6.4 81
3 1 1 -9 8.5 87
1 112 2 -9 2.6 63
1 1 2 -9 1.73 53
1 153 1 -9 1.4 52
1 154 2 -9 3.7 70
1 165 2 -9 1.8 56
1 159 2 -9 1.8 56
1 164 2 -9 3.5 63
1 130 2 -9 6 73
1 174 2 -9 4.2 71
1 175 2 -9 1.8 55
1 1 2 -9 1 47
1 61 1 -9 4.2 68
3 1 2 -9 5.2 76
1 52 2 -9 2.1 55
1 51 1 -9 5 71
1 64 1 -9 2.5 58
1 50 1 -9 5 71
1 64 2 -9 6.1 76
1 80 1 -9 2.6 59
1 100 2 -9 1.6 52
1 48 1 -9 3 73
1 48 2 -9 6.2 75
1 106 2 -9 1.5 56
1 106 1 -9 2.9 60
1 42 2 -9 1.4 51
1 40 1 -9 1.4 54
1 54 1 -9 2.5 58
1 1 2 -9 5.88 80
1 1 1 -9 0.7 42
3 1 1 -9 2.44 67
3 1 2 -9 1.8 52
3 1 1 -9 3.8 64
1 1 2 -9 3.05 64
1 1 2 -9 1.45 50
3 1 1 -9 3.4 61
3 1 1 -9 6.7 74
3 25 1 -9 8.3 85
3 21 1 -9 14.7 101
3 2 1 -9 10.6 89
3 16 1 -9 4.4 69
3 17 1 -9 3.1 62
1 1 1 -9 8.01 89
3 1 1 -9 5.4 76
3 1 2 -9 6.8 78
1 150 2 -9 1 43
3 178 1 -9 6.2 81
1 215 2 -9 2 52
3 1 1 -9 16.6 104
1 155 1 -9 -9 72
1 156 2 -9 3 66
1 161 1 -9 -9 62
1 170 1 -9 4.6 73
1 176 2 -9 2.4 60
1 1 2 -9 5.75 75
3 1 1 -9 6.5 73
1 1 2 -9 4.5 72
1 1 1 -9 5.2 74
1 47 1 -9 4 67
1 1 1 -9 5.6 78
1 47 2 -9 5.6 72
1 71 2 -9 1.4 50
1 57 2 -9 2 53
1 52 1 -9 2.3 57
3 1 1 -9 7.7 82
1 67 2 -9 2.2 59
1 60 2 -9 4.7 71
1 50 1 -9 6.9 78
1 92 1 -9 4.1 70
1 100 1 -9 1.5 51
1 106 2 -9 2.3 59
1 43 2 -9 1 45
1 45 2 -9 1.4 50
1 1 2 -9 2.35 63
1 1 1 -9 6.99 83
1 1 1 -9 5.2 72
1 1 2 -9 5.3 77
1 1 1 -9 9.1 84
1 1 1 -9 6.3 80
3 1 1 -9 3.4 63
3 1 2 -9 2.6 54
1 1 2 -9 7.15 84
1 1 2 -9 1.85 56
1 1 1 -9 4.2 74
3 8 2 -9 5.1 74
3 3 1 -9 12.2 97
3 5 1 -9 14.5 103
1 1 2 -9 8.67 93
3 1 2 -9 5.4 77
1 143 1 -9 6.9 78
1 218 2 -9 3.8 66
1 147 1 -9 4.8 71
3 195 1 -9 8.4 85
1 139 2 -9 4.9 66
1 111 1 -9 3.5 66
1 95 2 -9 -9 60
1 97 1 -9 -9 75
1 174 1 -9 3.5 71
1 94 2 -9 -9 60
3 1 1 -9 5.6 75
3 1 1 -9 4.6 76
1 1 2 -9 1.4 48
1 1 2 -9 3.9 70
1 1 2 -9 4.8 69
3 1 1 -9 4.9 75
1 1 1 -9 5.9 77
1 56 2 -9 4.7 68
1 89 2 -9 1.6 53
1 106 2 -9 1.2 50
1 106 2 -9 1.5 55
1 38 2 -9 1.1 48
1 54 2 -9 2.7 62
1 54 1 -9 4.2 68
1 1 1 -9 2.02 58
1 1 1 -9 4.4 73
1 1 2 -9 7.1 78
1 1 2 -9 12.5 95
3 1 2 -9 2.4 57
3 1 2 -9 1.7 53
3 1 2 -9 1.2 47
1 1 1 -9 1.3 47
1 1 2 -9 3.14 61
1 1 1 -9 3.81 67
3 1 1 -9 5.2 67
3 1 2 -9 11.1 91
3 4 1 -9 11.8 94
1 1 1 -9 6.53 85
3 17 2 -9 4 69
1 1 1 -9 6.02 77
3 1 2 -9 2.2 57
3 1 1 -9 3.2 63
3 1 1 -9 8 86
1 139 2 -9 1.1 45
1 114 1 -9 3.5 64
3 1 1 -9 5 74
1 96 2 -9 -9 59
1 96 2 -9 -9 66
1 98 1 -9 -9 48
1 166 1 -9 3.2 64
1 1 1 -9 8.6 86
3 1 2 -9 4.2 69
1 1 1 -9 8.5 91
1 1 2 -9 1.6 54
1 169 1 -9 1.4 54
3 1 2 -9 4.3 70
1 1 1 -9 3 67
1 1 2 -9 3.7 65
3 1 2 -9 6.4 74
1 1 2 -9 4.7 79
3 1 2 -9 6.8 82
3 1 1 -9 7.5 82
1 87 2 -9 3.6 63
1 64 2 -9 3.3 66
1 52 2 -9 3.2 63
1 101 2 -9 1.5 51
1 101 1 -9 1.7 54
1 101 2 -9 2.2 60
1 65 2 -9 4.3 70
1 100 2 -9 2.4 60
1 1 1 -9 3.59 66
1 1 2 -9 4.85 67
1 1 1 -9 7.6 70
1 1 1 -9 1.8 55
3 1 1 -9 2.2 58
3 1 1 -9 3.7 69
3 1 2 -9 5.6 73
1 1 2 -9 4.9 73
1 1 1 -9 8.9 84
1 1 1 -9 0.83 42
1 1 2 -9 1.52 52
3 29 1 -9 4.65 70
3 1 2 -9 10.4 87
3 2 2 -9 3.3 65
1 149 2 -9 1.2 44
3 203 1 -9 12 90
3 1 1 -9 1.85 59
1 1 1 -9 3.83 67
1 166 2 -9 2.5 63
1 166 1 -9 3 66
1 1 1 -9 12.2 95
1 1 2 -9 10.8 95
3 1 1 -9 14.2 99
3 1 1 -9 9.1 86
1 1 1 -9 9.5 88
1 1 2 -9 9.7 88
1 1 2 -9 5.6 78
1 62 1 -9 2.5 61
1 77 2 -9 3.3 65
1 77 1 -9 3.2 66
1 1 1 -9 6.9 83
1 66 1 -9 5.2 74
1 79 2 -9 2.6 62
1 91 1 -9 2.8 63
1 80 2 -9 3.5 64
1 31 1 -9 4.7 74
1 45 2 -9 1 51
1 1 1 -9 1.56 54
1 1 2 -9 2.4 60
3 1 1 -9 3.8 67
3 1 1 -9 1.5 48
1 1 1 -9 3.32 64
1 1 1 -9 8 85
1 1 2 -9 3.6 72
1 1 1 -9 1.4 49
1 1 1 -9 3.4 65
1 1 1 -9 2.78 61
3 22 2 -9 1.9 58
3 4 1 -9 7.8 85
3 7 2 -9 5.8 76
3 7 1 -9 11.5 94
1 1 1 -9 4.29 74
3 1 2 -9 12.2 94
1 214 2 -9 8.8 80
1 216 2 -9 1.5 50
3 1 1 -9 7.15 83
3 1 2 -9 3.25 66
1 124 1 -9 3.1 64
1 153 1 -9 0.8 42
1 95 2 -9 -9 66
1 98 1 -9 -9 68
1 174 1 -9 2.9 65
1 168 1 -9 2.1 58
1 174 1 -9 2.8 63
1 166 1 -9 3.4 66
1 1 1 -9 1.84 54
1 1 1 -9 10.5 96
3 1 2 -9 2.1 56
3 1 1 -9 7 79
1 49 1 -9 3.4 67
1 54 1 -9 1.6 53
1 61 2 -9 2.4 59
1 1 1 -9 4.7 71
1 1 2 -9 3.6 68
1 1 1 -9 3.2 70
1 1 1 -9 5.3 74
1 55 1 -9 1.9 53
1 81 2 -9 5.6 75
1 50 1 -9 3.8 68
1 53 1 -9 2.9 62
1 102 1 -9 3.6 65
1 106 2 -9 1.9 59
1 41 1 -9 2.8 63
1 1 2 -9 2.25 53
1 1 1 -9 3.4 58
1 1 2 -9 2 52
3 1 1 -9 2.2 61
3 1 2 -9 2.55 60
3 1 1 -9 3.6 75
1 1 1 -9 2.3 59
1 1 1 -9 3.27 68
1 1 1 -9 3.5 65
1 1 2 -9 3.2 66
1 1 2 -9 1.9 58
3 12 1 -9 5.5 76
3 10 1 -9 6.9 80
3 16 2 -9 6.8 79
3 184 1 -9 7.2 81
3 195 1 -9 3.1 67
3 1 2 -9 12.4 100
3 1 1 -9 2.75 67
1 116 2 -9 1.1 46
1 160 2 -9 5 80
1 157 2 -9 2.9 64
1 157 2 -9 4.9 74
1 97 1 -9 -9 76
1 98 1 -9 -9 71
1 98 1 -9 -9 66
1 96 1 -9 -9 75
1 173 2 -9 3.2 65
1 1 2 -9 2.2 55
3 1 2 -9 8.5 86
3 1 2 -9 4.5 66
1 169 2 -9 3 64
1 1 2 -9 3.8 70
1 71 1 -9 2.2 62
1 67 2 -9 5.7 72
1 57 1 -9 2.1 58
1 91 2 -9 3.3 68
1 50 1 -9 1.9 55
1 106 1 -9 4.2 73
1 100 2 -9 2.2 59
1 35 1 -9 4 72
1 37 2 -9 1.6 54
1 37 1 -9 4.5 69
1 1 1 -9 7.55 76
1 1 2 -9 3.27 66
1 1 2 -9 2.2 55
1 1 2 -9 3.5 68
1 1 2 -9 4.5 74
1 1 1 -9 0.94 44
3 1 1 -9 7 75
1 1 1 -9 3.06 66
3 27 2 -9 4 70
3 1 2 -9 5.9 79
1 158 2 -9 1.6 56
1 155 2 -9 -9 73
1 96 2 -9 -9 66
1 96 1 -9 -9 69
1 170 1 -9 2.8 63
1 98 2 -9 -9 55
1 171 1 -9 3 65
1 1 1 -9 1.6 52
3 1 2 -9 2.4 61
3 1 2 -9 2.5 58
1 49 1 -9 5.2 73
1 82 1 -9 2.1 59
3 1 2 -9 4.5 73
1 1 1 -9 3.1 68
1 169 1 -9 4 73
1 1 1 -9 5.1 75
1 63 1 -9 4.8 69
1 71 1 -9 3.2 66
1 71 1 -9 1.9 57
1 85 1 -9 4.4 69
1 77 1 -9 4.3 72
3 1 1 -9 7.9 84
1 87 1 -9 3.7 69
1 85 2 -9 3.7 70
1 86 2 -9 2.4 60
1 68 2 -9 2.3 60
1 106 1 -9 2.2 63
1 100 1 -9 2.4 60
1 100 1 -9 3.1 66
1 100 2 -9 4 70
1 46 1 -9 2.8 64
1 45 1 -9 1.3 51
1 1 1 -9 2.5 61
1 1 1 -9 2 62
3 1 1 -9 14.8 96
3 1 2 -9 4.2 63
1 152 2 -9 3.55 68
1 1 1 -9 2.4 60
1 1 1 -9 2.7 66
3 1 1 -9 6.9 72
3 7 1 -9 4.2 68
1 1 1 -9 9.39 92
3 16 1 -9 6.1 79
3 1 2 -9 6.8 84
1 1 1 -9 3.93 73
3 1 2 -9 1.95 59
1 162 2 -9 7.2 88
1 164 2 -9 5.5 80
1 157 1 -9 0.95 43
1 157 1 -9 2.3 58
1 98 1 -9 -9 74
1 175 2 -9 2.6 59
1 174 1 -9 1.7 54
1 166 1 -9 4 67
1 1 1 -9 1.02 46
3 1 2 -9 3.1 63
3 1 2 -9 9.2 87
3 1 2 -9 3.5 65
3 1 1 -9 5 71
1 79 1 -9 6.9 79
3 1 1 -9 4.2 70
1 1 2 -9 3.2 68
3 1 2 -9 5.8 75
1 85 2 -9 1.9 56
1 88 1 -9 4.6 72
1 52 2 -9 1.7 51
3 1 1 -9 8.9 84
1 100 2 -9 1.8 54
1 100 1 -9 1.9 55
1 100 1 -9 1.6 56
1 48 2 -9 3.4 71
1 1 2 -9 3.3 59
1 1 2 -9 3.65 61
1 1 1 -9 2.55 62
3 1 1 -9 5 66
3 1 2 -9 2.1 55
1 1 1 -9 7.95 86
1 1 2 -9 2.32 59
1 1 2 -9 0.92 43
3 20 1 -9 6.5 77
3 18 1 -9 6.4 79
1 163 1 -9 5.1 76
1 135 1 -9 6.5 76
1 168 2 -9 6.2 90
1 172 1 -9 3.2 67
1 1 2 -9 2.2 56
3 1 1 -9 6.4 78
3 1 2 -9 3 61
3 1 2 -9 6.5 78
1 55 2 -9 1.9 54
1 49 2 -9 4.8 68
3 1 1 -9 5.1 71
1 74 2 -9 5.6 75
1 57 2 -9 2.5 59
1 1 1 -9 6.3 78
1 72 1 -9 3.1 67
1 82 1 -9 4.8 74
1 56 1 -9 2.4 57
3 1 1 -9 8.5 81
1 103 2 -9 3.6 66
1 106 2 -9 1.1 46
1 41 2 -9 1.7 56
3 1 2 -9 2.2 60
1 1 2 -9 3 62
1 1 1 -9 2.4 59
3 1 2 -9 3.6 59
1 1 2 -9 8.15 87
1 1 1 -9 4.6 72
1 1 1 -9 4.3 73
3 1 1 -9 2.3 58
3 20 1 -9 3.5 64
3 9 2 -9 8 84
3 21 1 -9 12.5 97
1 1 1 -9 1.94 57
3 17 1 -9 3.65 67
1 143 2 -9 1.6 51
3 186 1 -9 6.5 80
1 139 1 -9 15.8 99
1 107 1 -9 3.4 65
1 117 2 -9 4.2 70
1 136 1 -9 4.5 70
1 98 2 -9 -9 62
1 167 1 -9 2.7 64
1 168 1 -9 1.1 48
3 1 2 -9 7.6 83
3 1 2 -9 6 72
1 49 2 -9 3.6 65
3 1 2 -9 5.2 75
1 52 1 -9 3.9 67
1 52 1 -9 4.2 71
1 1 2 -9 6.9 78
1 53 2 -9 1.9 52
1 71 2 -9 3.4 66
1 88 2 -9 4.7 71
1 51 1 -9 5.3 72
1 66 1 -9 5.3 75
1 83 1 -9 3.9 68
1 101 2 -9 0.7 40
1 101 1 -9 1.9 53
1 31 1 -9 1.6 55
1 1 2 -9 1.9 48
3 1 1 -9 2.7 60
3 1 2 -9 2.95 65
3 1 1 -9 2 57
3 1 1 -9 4.8 71
3 1 1 -9 5.25 66
3 1 2 -9 2.9 58
1 1 2 -9 1.28 45
1 1 1 -9 10.82 95
1 1 2 -9 7.45 83
1 1 2 -9 1.25 46
1 1 1 -9 18.4 109
1 1 1 -9 3.9 64
3 20 1 -9 7.2 83
3 25 2 -9 6 78
3 1 2 -9 3.1 57
3 15 2 -9 3.2 68
1 1 2 -9 4.08 71
1 1 2 -9 7.76 90
1 214 1 -9 8 77
1 213 2 -9 5.1 68
1 149 1 -9 5 72
3 1 1 -9 11.45 98
1 111 2 -9 3.5 64
1 157 2 -9 1.6 50
1 155 2 -9 -9 69
1 97 2 -9 -9 55
1 167 1 -9 3 65
1 166 1 -9 10.1 99
1 172 2 -9 1.3 52
1 166 1 -9 2.6 66
3 1 1 -9 3.2 63
1 1 1 -9 4.68 68
3 1 2 -9 9.6 86
1 169 1 -9 2.3 64
1 78 1 -9 5.9 74
3 1 1 -9 3.6 66
1 57 2 -9 3.1 64
3 1 1 -9 6.9 81
1 66 1 -9 3.6 65
1 1 2 -9 7 83
1 87 1 -9 2.8 63
1 50 2 -9 3.6 64
1 106 2 -9 5.4 75
1 103 2 -9 2.6 64
1 68 2 -9 2.4 60
1 100 2 -9 4.8 70
1 46 1 -9 1.4 50
1 33 1 -9 3.4 65
1 1 2 -9 4.85 64
1 1 1 -9 5.75 70
1 1 2 -9 4.3 76
1 1 2 -9 2.4 60
1 1 1 -9 2.9 61
3 1 2 -9 4.2 73
1 1 1 -9 1.6 52
1 1 2 -9 1.99 58
3 1 1 -9 4.6 66
3 25 2 -9 9.25 91
3 5 2 -9 1.5 51
3 1 1 -9 6.6 63
1 142 1 -9 10.6 87
1 218 2 -9 7.4 79
3 177 2 -9 9.6 90
3 1 2 -9 3.8 69
3 1 1 -9 3.2 67
1 132 2 -9 2 53
1 159 2 -9 1.6 55
1 164 2 -9 1.1 51
1 157 1 -9 4.8 77
1 97 1 -9 -9 45
1 98 1 -9 -9 66
1 98 2 -9 -9 69
1 176 1 -9 2.8 62
1 167 2 -9 1.8 54
1 168 1 -9 2.1 62
1 168 1 -9 4.8 73
1 176 1 -9 2.4 60
1 174 1 -9 2.6 60
1 1 2 -9 2.2 58
1 1 1 -9 11.4 101
3 1 1 -9 12.5 102
1 169 1 -9 2.2 61
1 1 1 -9 4.4 71
1 78 1 -9 2.2 61
1 78 1 -9 7.2 80
3 1 1 -9 4 70
3 1 2 -9 3.8 68
1 55 2 -9 1.9 53
1 62 1 -9 6.8 83
1 59 1 -9 2 55
1 56 2 -9 4 66
1 56 1 -9 3.4 77
1 48 1 -9 5.4 80
1 50 1 -9 2.2 57
1 64 1 -9 4.6 71
1 91 1 -9 2.6 62
1 48 1 -9 4.6 74
1 1 2 -9 3.83 70
1 1 1 -9 2.43 63
1 1 2 -9 4.7 68
1 1 1 -9 5.3 78
3 1 2 -9 4.9 63
3 1 2 -9 2.6 58
1 1 2 -9 3.88 61
1 1 1 -9 3.11 65
1 1 2 -9 5.6 75
3 2 2 -9 8.5 81
3 5 1 -9 4.6 67
3 177 2 -9 3.8 68
3 204 2 -9 5.15 76
1 215 2 -9 3.4 55
3 1 2 -9 5.9 77
3 1 1 -9 3.45 66
1 155 1 -9 -9 74
1 1 2 -9 1.76 52
1 1 2 -9 1.6 53
3 1 1 -9 4.3 70
3 1 1 -9 4.3 70
3 1 2 -9 5.5 74
1 52 2 -9 3 59
1 47 1 -9 6.4 75
1 60 2 -9 2.1 56
1 88 1 -9 3.9 69
1 60 2 -9 4.3 67
1 50 1 -9 2.2 57
1 50 1 -9 6.5 78
1 53 1 -9 2.2 56
1 70 2 -9 2.6 59
1 65 1 -9 4.3 71
1 46 1 -9 3 66
1 45 1 -9 1.7 55
1 1 1 -9 6.18 81
1 1 2 -9 4.1 66
1 1 1 -9 2.7 63
1 1 1 -9 2.86 62
1 1 1 -9 10.97 90
1 1 2 -9 3 69
1 1 2 -9 2.69 60
1 1 1 -9 1.42 50
3 1 2 -9 10.3 81
3 16 1 -9 13.6 104
3 18 1 -9 9.4 86
1 1 1 -9 2.96 73
1 1 2 -9 2.14 59
1 213 2 -9 2.4 54
1 118 1 -9 6 76
1 111 2 -9 3.5 61
1 159 1 -9 1.6 50
1 98 1 -9 -9 84
1 97 2 -9 -9 64
1 173 1 -9 1.9 54
1 174 2 -9 4.5 72
1 173 2 -9 3.5 69
3 1 2 -9 3.8 70
3 1 1 -9 9 84
3 1 1 -9 7.6 82
3 1 2 -9 2.4 58
1 170 2 -9 1.4 54
1 1 1 -9 6.25 77
1 49 1 -9 3.2 63
3 1 2 -9 3.5 65
3 1 2 -9 5.4 74
1 62 2 -9 4.3 70
1 89 2 -9 2.3 61
1 93 1 -9 4.6 73
1 69 2 -9 2.8 65
1 103 2 -9 3.1 65
1 103 2 -9 3.3 67
1 68 2 -9 2.6 57
1 1 2 -9 3.3 58
1 1 1 -9 2.8 60
1 1 1 -9 5.65 70
1 1 1 -9 7.2 84
1 1 2 -9 4.4 73
1 1 2 -9 10.3 87
1 1 2 -9 3.2 64
3 1 2 -9 3.2 63
3 1 2 -9 2.35 57
3 1 2 -9 1.7 52
3 1 1 -9 3.6 64
1 152 2 -9 3.9 70
1 1 1 -9 4.95 73
1 1 2 -9 2.2 60
3 2 1 -9 4.4 73
3 18 1 -9 5.3 75
3 1 1 -9 7.9 65
1 1 1 -9 7.96 95
3 17 1 -9 12.5 93
3 185 1 -9 7.8 83
1 147 1 -9 1.3 46
3 211 2 -9 1.25 53
1 1 2 -9 3.47 62
1 117 1 -9 2.5 61
1 160 2 -9 2.7 62
1 157 2 -9 1.6 51
1 156 1 -9 2.5 61
1 170 1 -9 2 59
1 96 1 -9 -9 64
1 95 2 -9 -9 68
1 98 1 -9 -9 85
1 97 2 -9 -9 74
1 161 2 -9 -9 48
1 176 2 -9 4.7 76
1 167 1 -9 2.3 61
3 1 2 -9 3 62
3 1 2 -9 6 75
1 54 2 -9 1.6 48
3 1 2 -9 4.7 72
1 1 1 -9 4.3 69
1 1 2 -9 5 75
1 47 2 -9 4.4 73
3 1 1 -9 5.9 79
1 85 2 -9 3 63
1 71 1 -9 9.5 88
1 76 1 -9 7.7 82
1 72 1 -9 2.5 60
1 51 1 -9 6.2 73
1 53 2 -9 5.3 73
1 51 1 -9 3.2 63
1 64 1 -9 5.6 75
1 91 2 -9 3.2 65
1 100 2 -9 4.1 69
1 46 1 -9 1.9 56
1 38 2 -9 2.3 60
1 37 1 -9 3.1 62
1 32 1 -9 2.1 57
1 32 1 -9 5.3 74
1 1 2 -9 6.14 86
1 1 2 -9 1.12 50
1 1 1 -9 4.85 65
1 1 2 -9 5.5 70
1 1 1 -9 3.9 72
3 1 1 -9 2.85 60
1 1 2 -9 2.86 61
1 1 2 -9 1 44
1 1 1 -9 1.8 55
1 1 2 -9 3.3 65
1 1 1 -9 7.37 81
3 29 2 -9 6.65 78
3 24 1 -9 15.7 107
1 1 1 -9 16.94 104
1 1 1 -9 1.73 54
1 1 1 -9 5.15 74
3 27 1 -9 13.15 99
3 184 2 -9 6.5 79
3 207 1 -9 5.25 77
1 216 2 -9 3.4 59
1 216 2 -9 3.1 61
3 1 2 -9 9.2 94
3 1 2 -9 7.7 82
1 112 2 -9 3 62
3 1 2 -9 2.8 61
1 96 1 -9 -9 65
1 98 2 -9 -9 56
1 96 1 -9 -9 75
1 173 1 -9 1.7 56
3 1 2 -9 3.2 62
1 1 2 -9 4.7 76
3 1 2 -9 8.5 85
1 70 2 -9 3.4 66
1 47 2 -9 4.5 74
3 1 2 -9 6.4 79
1 84 2 -9 3.8 68
1 77 2 -9 2.5 62
1 56 1 -9 2.4 58
1 77 2 -9 5.1 72
1 90 1 -9 8.1 79
1 89 2 -9 2.6 60
1 50 2 -9 3.7 63
1 91 1 -9 1.6 50
1 80 2 -9 5.6 74
1 69 1 -9 3.4 69
1 33 2 -9 2.4 61
1 1 1 -9 1.5 44
1 1 2 -9 3.15 59
1 1 2 -9 3.7 63
1 1 2 -9 2.5 56
3 1 2 -9 6.5 77
3 1 2 -9 1.7 52
3 1 2 -9 3.5 69
3 1 1 -9 3.9 61
1 1 2 -9 10.26 94
1 1 2 -9 4.3 70
1 1 1 -9 4.2 76
1 1 2 -9 2.1 56
1 1 2 -9 1.98 57
3 1 1 -9 7.3 80
3 18 2 -9 9.5 90
1 1 1 -9 2.09 59
1 1 2 -9 2.65 60
1 144 1 -9 2.9 60
1 149 2 -9 1.5 49
3 191 1 -9 3 66
1 213 2 -9 11.2 85
1 124 1 -9 3.4 68
1 119 1 -9 3.8 67
1 119 1 -9 4.5 69
1 154 1 -9 5.4 75
1 155 2 -9 -9 73
1 96 2 -9 -9 58
1 131 1 -9 4.5 68
1 126 1 -9 4.75 67
1 137 1 -9 2 53
1 97 2 -9 -9 80
1 163 2 -9 0.9 44
1 174 2 -9 4.2 71
1 175 2 -9 4.9 68
3 1 1 -9 9.4 86
1 1 2 -9 7.7 85
3 1 1 -9 7.1 83
1 1 2 -9 2.1 50
1 169 2 -9 2.8 64
1 1 2 -9 9.78 91
1 88 1 -9 2.9 64
1 1 1 -9 6.5 80
3 1 2 -9 6.8 80
1 75 1 -9 7.2 81
1 77 2 -9 6.1 74
1 84 1 -9 4.9 74
1 85 1 -9 3.6 66
1 76 2 -9 3.3 66
1 60 2 -9 5.4 73
1 64 1 -9 2.1 61
1 45 2 -9 0.9 45
1 46 2 -9 1.8 55
1 41 2 -9 2.7 60
1 31 2 -9 4.1 68
1 45 2 -9 1.6 53
1 38 2 -9 1.7 53
1 1 2 -9 2.5 58
3 1 2 -9 3.3 66
1 1 1 -9 4.5 71
1 1 2 -9 12.2 93
3 1 2 -9 2.85 61
3 1 2 -9 2.45 59
3 1 1 -9 1.8 52
3 1 2 -9 4.7 63
3 12 1 -9 8 87
3 1 2 -9 4.8 66
3 26 2 -9 4.5 69
3 20 2 -9 1.5 51
3 19 2 -9 2.8 61
3 1 1 -9 5.4 75
1 143 2 -9 8 81
1 217 1 -9 8 80
3 1 1 -9 2.1 58
3 1 1 -9 2.9 62
1 164 2 -9 3.6 76
1 156 2 -9 2.3 59
1 96 1 -9 -9 62
1 174 2 -9 2 55
3 1 2 -9 2.3 61
3 1 2 -9 2.4 54
1 55 2 -9 2.8 53
1 55 2 -9 2.7 60
1 78 1 -9 5.4 79
3 1 2 -9 4 67
1 1 1 -9 4.1 68
1 1 2 -9 2.5 65
1 82 1 -9 4.6 71
1 88 1 -9 3.3 66
1 76 1 -9 5.2 73
1 72 1 -9 1.9 56
1 50 2 -9 2.2 53
1 81 2 -9 5.7 67
1 100 1 -9 2.5 58
1 46 2 -9 1.3 51
1 30 2 -9 1.3 48
1 54 1 -9 3.1 62
1 1 1 -9 8.65 82
1 1 2 -9 3.7 61
1 1 2 -9 1.7 54
1 1 2 -9 3 67
1 1 2 -9 1.9 61
3 1 2 -9 3.7 66
1 1 1 -9 4.55 71
1 1 1 -9 3.75 68
1 1 2 -9 7.8 84
1 1 2 -9 4.3 76
3 29 1 -9 7.4 85
3 3 2 -9 10.2 95
3 1 1 -9 10.3 84
3 20 2 -9 3.1 61
1 1 2 -9 2.5 61
1 1 1 -9 3.27 67
1 1 2 -9 5.56 76
1 1 2 -9 8.67 85
1 1 2 -9 3.78 71
1 1 2 -9 4.8 73
1 214 1 -9 9 79
1 215 1 -9 6 71
3 205 1 -9 1.5 53
3 179 2 -9 7.2 80
1 123 2 -9 3.2 64
1 153 2 -9 1.6 60
1 160 2 -9 11 89
1 160 1 -9 15 100
1 161 1 -9 -9 47
1 167 1 -9 3.5 68
3 1 2 -9 2.4 59
1 1 1 -9 2.53 58
3 1 2 -9 6.2 78
1 1 2 -9 3.5 69
1 52 1 -9 6.8 80
3 1 2 -9 4.9 76
1 82 1 -9 4.1 67
1 88 2 -9 4.1 67
1 88 1 -9 3.4 68
1 56 2 -9 2.2 55
1 52 1 -9 2.3 58
1 90 2 -9 4.7 73
1 57 1 -9 6.1 76
1 92 2 -9 4.6 71
1 86 1 -9 2.2 61
1 102 2 -9 3.6 65
1 45 2 -9 1.9 56
1 1 2 -9 1.27 48
1 1 2 -9 5.55 71
1 1 1 -9 6.9 74
1 1 2 -9 4.9 75
1 1 1 -9 1.6 54
1 1 2 -9 2.5 63
3 1 1 -9 5 67
1 1 1 -9 2.91 61
1 1 1 -9 2.45 59
1 1 1 -9 2.76 62
1 1 1 -9 7.55 84
1 1 2 -9 2.2 61
1 1 2 -9 5.3 72
1 1 2 -9 3.1 66
3 25 2 -9 3.5 68
3 10 1 -9 9.45 89
1 1 2 -9 6.94 83
1 1 1 -9 4.8 72
3 19 1 -9 -9 73
3 16 2 -9 10.2 91
3 178 1 -9 9.5 86
3 194 2 -9 6.8 82
1 165 2 -9 0.9 42
1 159 2 -9 3.5 70
1 127 2 -9 9.5 82
1 128 2 -9 3.75 65
1 171 1 -9 3.25 63
1 98 1 -9 -9 66
1 173 2 -9 1.8 60
1 1 1 -9 1.06 43
1 1 2 -9 1.82 55
1 1 2 -9 2.2 59
3 1 1 -9 4.9 75
3 1 2 -9 5 75
3 1 1 -9 6.1 73
3 1 1 -9 5.7 74
1 1 2 -9 1.2 49
1 49 1 -9 5.5 74
1 54 1 -9 2 56
3 1 1 -9 3.6 69
1 78 1 -9 3.3 65
1 78 2 -9 4.8 72
1 1 2 -9 3.1 68
3 1 1 -9 5.2 73
3 1 2 -9 5.6 74
1 62 2 -9 3.2 66
3 1 2 -9 6.8 78
1 75 1 -9 1.9 58
1 69 1 -9 2 58
1 101 1 -9 2.3 58
1 65 2 -9 4.8 73
1 104 2 -9 2.9 62
1 68 1 -9 2 57
1 1 2 -9 2.5 58
3 1 2 -9 2 57
3 1 2 -9 3.25 64
3 1 2 -9 5.65 69
1 1 1 -9 11 94
1 1 2 -9 4.3 69
1 1 1 -9 5.9 75
1 1 1 -9 5.47 74
3 25 1 -9 18.15 111
3 1 1 -9 3.3 60
3 13 1 -9 6.1 74
3 26 2 -9 15.4 104
3 27 1 -9 14 98
1 1 1 -9 4.69 76
1 142 2 -9 3.4 66
1 110 1 -9 13 102
1 111 2 -9 3.5 63
1 154 1 -9 2.7 63
1 156 1 -9 0.8 42
1 156 2 -9 2.6 57
1 132 2 -9 4.5 72
1 175 2 -9 6 78
1 166 2 -9 4 68
1 171 2 -9 5.75 81
3 1 2 -9 7.5 88
3 1 1 -9 6.1 71
3 1 2 -9 3.6 77
3 1 2 -9 7.1 79
3 1 2 -9 3.1 62
1 55 1 -9 2.3 55
1 54 1 -9 1.2 46
1 1 1 -9 4.4 71
3 1 2 -9 3.9 69
1 1 2 -9 4.1 66
3 1 2 -9 4.1 66
3 1 2 -9 3.5 64
1 49 1 -9 3 64
1 52 2 -9 2.6 59
3 1 2 -9 6.5 80
1 62 1 -9 4.8 70
1 59 1 -9 15.8 105
1 60 2 -9 2.6 57
1 77 2 -9 5.6 73
1 66 1 -9 1.2 49
1 58 1 -9 4.2 72
1 47 1 -9 2.4 60
1 51 2 -9 6.4 76
1 93 2 -9 4.2 67
1 87 1 -9 6.4 74
1 51 2 -9 2.6 59
1 92 2 -9 3 65
1 39 1 -9 3.3 67
1 1 1 -9 2.1 60
1 1 2 -9 4.1 62
3 1 2 -9 3.25 53
1 1 2 -9 4.08 73
1 1 2 -9 1.87 52
1 1 1 -9 9.34 91
1 1 2 -9 7.65 92
3 16 2 -9 6.15 77
3 16 1 -9 9.8 97
3 178 2 -9 5.8 75
1 142 2 -9 6.4 76
3 177 1 -9 3.9 71
1 215 1 -9 12.4 95
1 216 2 -9 5 70
1 117 2 -9 4.5 73
3 1 2 -9 2.3 62
1 162 2 -9 3 64
1 97 1 -9 -9 76
1 170 1 -9 6.5 80
1 176 2 -9 4.3 70
3 1 2 -9 10.5 94
3 1 1 -9 4.3 71
3 1 2 -9 4.6 72
1 1 1 -9 4.1 69
3 1 2 -9 2.7 59
1 54 2 -9 2.2 56
1 169 2 -9 1.1 50
1 91 1 -9 7.6 83
1 57 1 -9 2.6 60
3 1 2 -9 6.9 75
1 82 2 -9 4.4 71
1 52 2 -9 2.4 57
1 90 1 -9 1.8 54
1 77 2 -9 4.3 68
1 1 1 -9 6.2 81
1 50 1 -9 2.7 58
1 99 2 -9 1.9 57
1 45 1 -9 1.4 51
1 37 2 -9 2.9 64
1 34 2 -9 2.3 60
1 1 2 -9 3.97 71
1 1 1 -9 6 83
1 1 2 -9 2.5 58
1 1 2 -9 3 66
1 1 1 -9 6 79
3 1 1 -9 1.5 53
3 1 1 -9 1.6 53
1 1 1 -9 3.5 66
1 1 2 -9 3 63
1 1 2 -9 3 69
1 1 2 -9 3.12 63
3 1 1 -9 5.3 67
3 18 1 -9 4.5 74
1 1 1 -9 7.6 84
1 1 1 -9 2.35 59
1 1 1 -9 11.53 98
1 1 1 -9 3.32 69
3 180 1 -9 1.6 54
3 192 1 -9 4.4 74
1 122 2 -9 2.6 58
1 119 1 -9 4.3 68
1 164 2 -9 2.3 61
1 157 2 -9 3.1 70
1 96 1 -9 -9 69
1 163 2 -9 1.2 44
1 166 2 -9 1.6 54
3 1 2 -9 2 60
1 1 1 -9 3.6 67
1 62 1 -9 5.7 74
1 47 2 -9 5.2 73
1 88 1 -9 3.8 64
1 67 2 -9 4.8 75
1 58 1 -9 4.2 71
1 75 2 -9 2.5 63
1 93 1 -9 4.6 73
1 53 1 -9 6.8 76
1 51 2 -9 2.7 62
1 100 2 -9 2.1 57
1 104 1 -9 4.4 71
1 41 1 -9 3.1 67
1 35 1 -9 3.6 68
1 36 2 -9 0.9 43
1 45 1 -9 1.3 50
1 1 2 -9 3.1 59
1 1 1 -9 3.64 74
1 1 1 -9 3.6 64
1 1 2 -9 4.25 64
1 1 2 -9 2.6 66
3 1 1 -9 1.7 53
1 151 2 -9 1.91 58
1 1 2 -9 7.65 86
1 1 1 -9 2.2 61
1 1 2 -9 2.58 59
1 1 1 -9 2.73 61
3 25 1 -9 7.3 83
3 1 1 -9 7.6 79
3 1 1 -9 6 83
1 1 1 -9 1.38 50
3 192 1 -9 4.15 70
3 1 2 -9 10.2 86
3 1 1 -9 9.75 87
3 1 2 -9 10.6 95
1 1 1 -9 5.41 72
1 117 2 -9 4.2 72
1 115 2 -9 3.8 67
1 159 2 -9 0.8 49
1 170 1 -9 1.5 54
1 134 1 -9 5.75 70
1 96 2 -9 -9 61
1 95 2 -9 -9 51
1 173 1 -9 14.5 112
1 161 2 -9 -9 59
1 173 1 -9 2.2 58
1 55 1 -9 9.2 83
1 1 1 -9 4.2 69
3 1 2 -9 5.6 73
1 88 2 -9 3 64
1 1 2 -9 6.9 79
1 90 1 -9 7.3 86
1 72 2 -9 2.2 59
1 50 2 -9 2.4 57
1 81 2 -9 2.4 60
1 41 1 -9 1.6 52
1 39 2 -9 0.9 45
1 1 2 -9 5.2 69
1 1 1 -9 2.4 61
1 1 2 -9 2.8 60
1 1 2 -9 1.9 56
1 1 2 -9 2.9 68
3 1 2 -9 6.15 70
3 1 1 -9 5.4 68
1 1 2 -9 7.96 83
1 1 2 -9 8.35 78
1 1 2 -9 3.45 67
3 20 1 -9 4.5 70
3 5 1 -9 12 98
3 6 1 -9 10.3 92
1 1 1 -9 5.46 75
1 145 1 -9 3.7 65
1 216 2 -9 8.4 77
1 215 1 -9 8.2 78
3 1 2 -9 5.45 76
1 128 1 -9 8.75 84
1 96 2 -9 -9 60
1 94 1 -9 -9 64
1 176 1 -9 1.3 47
3 1 1 -9 3.4 65
1 1 2 -9 1.8 50
1 169 1 -9 3.2 67
1 79 1 -9 7.6 81
1 78 1 -9 6.1 77
1 1 2 -9 3.2 69
1 74 1 -9 2.1 59
1 82 2 -9 5.8 74
3 1 2 -9 6.9 83
1 89 1 -9 1.7 54
1 87 1 -9 3.2 61
1 53 1 -9 5 71
1 1 2 -9 4.9 64
1 1 1 -9 5.6 66
1 1 1 -9 3.95 64
1 1 1 -9 6.7 83
1 1 2 -9 2.2 60
3 1 1 -9 2.95 62
3 1 2 -9 4 61
3 1 2 -9 4.8 62
3 1 2 -9 1.8 52
1 1 1 -9 0.78 42
1 1 1 -9 1.18 49
3 3 1 -9 4.4 69
1 1 2 -9 2.65 64
1 1 2 -9 2.45 62
1 158 1 -9 1 45
1 157 2 -9 2.4 57
1 96 2 -9 -9 68
1 153 2 -9 3.3 65
1 175 2 -9 4.5 74
3 1 2 -9 2 54
3 1 2 -9 5.9 75
1 55 1 -9 7.7 80
1 49 2 -9 3 62
1 57 2 -9 3.4 63
1 59 2 -9 2.4 57
1 73 1 -9 2.6 59
1 77 2 -9 2.6 62
1 66 2 -9 4.2 70
1 105 2 -9 3.4 64
1 48 2 -9 2 57
1 102 2 -9 7.7 83
1 105 1 -9 1.8 55
1 100 1 -9 3.4 67
1 46 2 -9 1.5 52
1 36 1 -9 3.1 66
1 44 1 -9 1.9 57
1 39 1 -9 1.9 56
1 34 1 -9 4.5 73
1 32 1 -9 3.4 63
1 1 1 -9 3.2 60
1 1 2 -9 2.85 58
1 1 1 -9 4.15 64
1 1 1 -9 4.8 78
3 1 2 -9 2 58
1 1 2 -9 3.2 69
3 1 2 -9 3.55 65
1 152 1 -9 5.8 77
1 1 2 -9 5.2 75
1 1 2 -9 6.17 77
1 1 2 -9 1.6 51
1 1 1 -9 1.95 55
1 1 1 -9 2.85 64
1 1 1 -9 1.48 48
3 20 2 -9 4.2 72
3 1 1 -9 6.7 79
3 1 1 -9 2.3 55
3 20 2 -9 1.5 52
3 6 1 -9 1.1 48
1 1 1 -9 2.04 57
1 1 2 -9 3.11 66
3 1 1 -9 8.8 76
1 147 1 -9 5.2 71
1 217 2 -9 6 76
3 1 1 -9 9.85 90
1 114 1 -9 1.9 58
1 115 1 -9 2.8 59
1 157 1 -9 3 62
1 137 2 -9 8.5 81
1 95 2 -9 -9 62
1 168 2 -9 2.5 62
1 166 1 -9 2.5 62
3 1 2 -9 4.1 70
3 1 1 -9 5.3 70
1 170 2 -9 1.4 53
3 1 2 -9 3.6 67
1 1 1 -9 2.4 63
1 1 2 -9 5.3 75
3 1 1 -9 6.1 79
1 56 1 -9 6.6 78
3 1 2 -9 7.6 83
1 1 1 -9 7.2 84
1 51 1 -9 3.1 65
1 85 1 -9 4.8 74
1 83 2 -9 5.4 75
1 1 1 -9 3.36 69
1 1 2 -9 4.8 76
3 1 1 -9 4.65 71
3 1 1 -9 5.45 75
3 1 1 -9 4.6 66
1 152 2 -9 2.79 62
1 1 2 -9 3.01 65
1 1 2 -9 7.81 85
1 1 1 -9 1.75 52
1 1 1 -9 1.95 57
1 1 1 -9 1.98 57
3 4 1 -9 9 91
3 20 2 -9 2.7 62
1 1 1 -9 2.24 60
1 1 2 -9 2.35 58
1 150 2 -9 5.6 72
3 177 1 -9 6.9 80
1 1 1 -9 2.3 56
1 121 2 -9 5.8 72
3 1 1 -9 2.2 61
1 159 2 -9 2.8 66
1 96 1 -9 -9 67
1 170 2 -9 1.7 54
1 98 2 -9 -9 59
1 98 1 -9 -9 72
1 98 1 -9 -9 93
1 167 1 -9 2.8 63
3 1 1 -9 3.4 65
3 1 1 -9 3.3 68
3 1 1 -9 3.9 68
1 55 2 -9 1.5 50
1 71 1 -9 2.6 63
1 77 2 -9 5.2 73
1 47 1 -9 5 69
1 82 2 -9 4.1 68
1 73 2 -9 4.5 73
1 52 1 -9 1.9 54
1 87 2 -9 2.8 59
1 69 1 -9 1.7 55
1 92 2 -9 2.9 62
1 106 1 -9 4 68
1 31 1 -9 2.9 66
1 1 2 -9 6.7 70
1 1 1 -9 10.8 92
1 1 2 -9 2.3 61
3 1 1 -9 2.3 63
3 1 2 -9 3.1 63
3 1 1 -9 9.55 89
3 1 1 -9 1.6 50
3 1 2 -9 3.5 62
3 1 1 -9 4.6 65
3 1 2 -9 2 52
3 1 1 -9 4.7 64
1 151 1 -9 1.31 51
1 151 1 -9 2.15 58
1 1 1 -9 2.6 62
1 1 2 -9 2.3 61
1 1 2 -9 0.81 43
1 1 1 -9 1.01 45
3 1 1 -9 9.1 79
3 28 2 -9 3.4 66
3 4 1 -9 13.1 100
1 143 2 -9 2.5 57
1 213 2 -9 7.2 81
3 199 1 -9 6.7 83
1 215 2 -9 2.8 55
3 179 1 -9 7.7 81
3 1 1 -9 8.15 85
1 1 1 -9 2.4 59
1 114 2 -9 1.4 43
3 1 2 -9 2.95 65
1 176 2 -9 4 68
1 172 2 -9 2.9 65
1 1 2 -9 5.45 73
3 1 2 -9 10.1 89
1 61 2 -9 5.6 71
1 169 2 -9 2.3 61
1 79 1 -9 3.2 63
1 57 2 -9 3.8 67
1 1 2 -9 6.1 80
1 1 1 -9 6.5 78
1 60 2 -9 2.6 58
1 77 1 -9 5.2 74
1 90 1 -9 1.9 54
3 1 1 -9 7.7 82
1 89 2 -9 4.4 72
1 93 1 -9 8.2 86
1 67 2 -9 2.4 61
1 69 2 -9 2.4 60
1 50 2 -9 4.1 69
1 83 1 -9 6.4 78
1 106 1 -9 4.2 69
1 69 2 -9 3.8 68
1 46 2 -9 1.3 52
1 1 2 -9 7.2 82
1 1 2 -9 3.4 67
1 1 1 -9 2.6 60
1 1 2 -9 2.6 67
1 1 1 -9 1.2 46
3 5 1 -9 12.7 95
3 1 1 -9 2.7 54
3 1 1 -9 1.6 49
3 7 1 -9 11 89
1 1 2 -9 7.14 84
3 1 2 -9 10.4 89
1 141 1 -9 12.1 86
1 213 2 -9 4 62
1 216 2 -9 11.2 88
1 139 2 -9 7.4 80
1 118 2 -9 3.8 69
1 116 2 -9 2.1 53
1 162 2 -9 1.5 50
1 163 1 -9 4.2 75
1 156 1 -9 2.8 65
1 98 2 -9 -9 64
1 171 1 -9 1.3 51
1 98 1 -9 -9 75
1 163 2 -9 2.8 62
1 173 1 -9 1.9 57
1 172 2 -9 2.1 62
3 1 2 -9 3.2 64
3 1 1 -9 9.7 87
1 1 2 -9 4.8 70
3 1 1 -9 3.8 68
3 1 2 -9 4.1 69
1 49 1 -9 2.8 62
1 55 1 -9 1.4 51
1 59 2 -9 2.9 59
1 73 2 -9 2 57
1 84 1 -9 5.6 74
1 84 1 -9 4.7 77
1 76 2 -9 3.9 69
1 1 2 -9 7.5 82
1 48 2 -9 5.9 74
1 102 2 -9 4.6 66
1 103 2 -9 2.9 62
1 31 1 -9 4.2 71
1 33 1 -9 2.6 62
1 1 1 -9 2.2 59
1 1 1 -9 3.8 63
1 1 2 -9 5.4 72
3 1 1 -9 7.4 71
3 1 1 -9 4.85 73
1 152 2 -9 4.95 75
1 1 2 -9 2.55 59
1 1 2 -9 5.3 72
1 1 2 -9 4.8 77
1 1 2 -9 2.88 64
3 1 1 -9 5.6 67
3 25 2 -9 12.25 98
3 27 1 -9 6.6 81
1 1 1 -9 4.8 72
3 1 1 -9 6 79
3 195 1 -9 4.1 70
1 165 1 -9 1.2 46
1 96 1 -9 -9 69
1 127 1 -9 8.5 78
1 95 1 -9 -9 66
1 163 2 -9 2.3 60
1 161 1 -9 -9 58
1 167 1 -9 2 57
3 1 2 -9 2.5 61
1 1 1 -9 8.5 90
1 169 2 -9 2.3 61
3 1 2 -9 2.7 63
3 1 1 -9 5.6 75
1 52 1 -9 14.2 99
1 75 2 -9 5.2 76
1 84 2 -9 3.4 64
1 84 1 -9 5.4 76
1 56 1 -9 1.8 53
1 75 1 -9 2.9 61
3 1 1 -9 6.2 81
1 93 1 -9 3.2 65
1 52 2 -9 3.2 64
1 53 2 -9 4.3 67
1 70 2 -9 1.8 55
1 81 2 -9 1.8 53
1 105 1 -9 3.6 68
1 104 2 -9 3.5 67
1 102 2 -9 3.4 68
