1 438 1 -9 3.06 64
2 723 1 -9 2.25 59
1 236 2 -9 0.32 32
1 111 1 -9 0.84 42
1 1 2 -9 2.76 61
1 1 2 -9 1.94 60
1 51 1 -9 6.3 77
1 1 1 -9 3.88 72
1 64 1 -9 2.2 59
3 694 1 -9 0.9 47
1 368 2 -9 1.89 55
1 1 2 -9 2.35 65
1 126 2 -9 3.8 68
1 408 2 -9 2.1 56
1 78 1 -9 3.4 66
3 1 2 -9 1.94 56
1 1 1 -9 1.6 50
1 1 1 -9 -9 96
1 1 2 -9 -9 70
1 1 1 -9 -9 45
1 1 1 -9 5.1 73
1 1 1 -9 4.49 73
1 1 2 -9 2.14 62
2 892 1 -9 5.68 75
2 792 1 -9 4.3 72
1 228 1 -9 2.42 59
2 873 2 -9 8.61 83
1 511 1 -9 2.6 59
3 1 2 -9 2 53
1 525 2 -9 1 48
1 54 1 -9 6.9 79
1 138 2 -9 4 65
2 715 1 -9 9.2 88
1 167 1 -9 5.2 74
2 726 1 -9 4.7 69
1 559 1 -9 2.82 59
1 508 1 -9 2.17 53
1 415 1 -9 5.1 78
2 851 2 -9 4.73 71
1 1 1 -9 6.25 73
2 753 2 -9 3.4 65
1 96 1 -9 4.5 70
3 785 1 -9 0.8 42
1 115 2 -9 2.15 59
1 1 2 -9 2.3 57
1 1 2 -9 3.78 71
3 713 2 -9 2.35 59
1 1 1 -9 6.73 83
1 1 2 -9 3.88 67
1 1 2 -9 3.73 67
1 28 1 -9 1.25 51
1 241 2 -9 1.2 46
1 242 2 -9 5.4 75
3 1 1 -9 4.45 69
1 18 2 -9 3.05 62
1 1 2 -9 4.9 74
3 575 2 -9 6.46 79
1 359 1 -9 5.3 75
1 382 1 -9 4.43 71
1 15 2 -9 3.1 64
1 607 2 -9 2.53 63
1 445 2 -9 1.05 47
1 1 2 -9 2.65 65
3 793 2 -9 4.6 70
2 763 2 -9 2.05 54
1 1 2 -9 3.2 64
1 184 2 -9 2.8 60
1 84 1 -9 3 64
1 84 1 -9 3.2 69
1 431 2 -9 3.55 71
1 388 2 -9 1.68 54
1 490 2 -9 2.14 57
1 1 1 -9 -9 61
1 1 2 -9 5.2 76
1 115 2 -9 1.7 50
1 1 2 -9 5.2 73
1 1 1 -9 3.57 68
3 794 1 -9 1.3 52
1 227 1 -9 0.64 39
1 1 2 -9 2.1 60
1 1 2 -9 2.6 60
1 1 2 -9 2.8 55
1 1 2 -9 4 70
1 151 2 -9 4.5 70
1 180 2 -9 2.1 55
1 107 2 -9 2.65 60
1 109 2 -9 1.52 51
1 294 1 -9 1.9 54
3 693 2 -9 2.7 60
1 139 2 -9 5.6 73
1 1 1 -9 8.57 94
1 394 1 -9 3.7 68
2 866 1 -9 1.32 50
2 849 2 -9 3.22 66
1 75 2 -9 -9 67
1 76 2 -9 6.4 75
1 491 1 -9 6.5 78
1 1 2 -9 -9 50
3 1 1 -9 5.1 69
1 1 1 -9 1.94 52
3 859 1 -9 5.01 76
3 886 2 -9 5.9 76
3 757 1 -9 7.1 79
1 221 1 -9 6.64 78
3 1 2 -9 1.75 50
3 893 1 -9 3.29 66
1 74 2 -9 3 62
1 166 2 -9 3.1 63
3 748 1 -9 2.2 67
1 559 2 -9 1.48 47
2 802 1 -9 2.44 59
1 311 1 -9 4.9 70
1 341 1 -9 4.45 70
1 476 2 -9 -9 58
1 16 2 -9 2.7 62
1 1 2 -9 3.6 66
1 279 2 -9 5 72
1 1 2 -9 -9 65
3 787 2 -9 1.8 53
1 95 1 -9 2.5 61
1 376 2 -9 3.7 66
1 68 1 -9 5.15 74
1 1 1 -9 6.43 80
2 835 1 -9 2.9 62
1 522 2 -9 2.6 63
1 214 1 -9 2 53
1 398 1 -9 5.2 77
1 241 1 -9 2.3 61
1 548 2 -9 2.7 60
1 571 1 -9 1.2 49
3 667 2 -9 6 76
3 1 2 -9 2.24 57
1 1 1 -9 5.8 69
1 1 1 -9 -9 65
1 1 2 -9 -9 73
1 90 2 -9 5.5 70
1 534 1 -9 0.66 40
1 193 2 -9 1.51 51
1 452 1 -9 4.92 72
1 1 2 -9 2.55 56
2 663 1 -9 1.16 50
1 1 1 -9 2.65 59
3 675 2 -9 3.1 64
1 258 1 -9 7.4 75
1 155 1 -9 4 69
2 651 1 -9 1.57 51
1 371 2 -9 3.77 71
3 815 1 -9 4.4 72
1 16 1 -9 3 63
1 127 1 -9 10.25 90
1 1 2 -9 6.25 72
1 1 2 -9 -9 69
1 204 2 -9 4.3 70
1 1 2 -9 3.27 65
3 635 1 -9 7.91 83
1 274 2 -9 0.65 75
3 772 1 -9 3.67 66
3 777 2 -9 0.63 39
1 1 1 -9 8.5 89
1 310 2 -9 7.6 81
3 1 2 -9 5 72
3 1 2 -9 4.95 72
1 106 1 -9 4.71 70
1 102 1 -9 6.21 78
1 266 2 -9 2.83 64
1 528 2 -9 2.1 61
1 1 1 -9 3.16 68
3 699 1 -9 4.6 70
3 698 2 -9 1.8 55
1 289 1 -9 2.2 56
1 1 2 -9 4.95 68
1 251 2 -9 2.5 60
1 377 2 -9 3.1 62
1 591 1 -9 0.8 39
3 1 1 -9 6.8 75
3 1 2 -9 11.3 95
1 1 1 -9 6.22 82
3 630 1 -9 1.54 50
3 870 1 -9 3.2 66
1 337 1 -9 8.75 81
1 598 1 -9 1.25 49
1 101 1 -9 10.5 100
3 575 2 -9 0.84 45
1 133 2 -9 9 86
1 289 1 -9 1.8 53
1 492 1 -9 4.5 73
2 797 1 -9 3 63
1 379 1 -9 2.8 64
1 15 1 -9 2.9 61
1 1 2 -9 -9 68
1 1 2 -9 -9 62
1 1 2 -9 -9 63
1 247 2 -9 5.4 77
1 540 1 -9 2.5 61
1 202 1 -9 4.65 72
3 712 1 -9 3.9 65
1 1 1 -9 5.2 76
1 1 1 -9 4.8 78
1 26 2 -9 2.5 56
1 108 2 -9 4.58 70
1 1 1 -9 3.98 74
3 733 1 -9 5.7 75
1 298 2 -9 4.5 71
3 816 2 -9 3.68 69
2 811 1 -9 4.3 70
1 484 2 -9 3.6 66
1 477 2 -9 -9 54
2 852 1 -9 1.48 52
1 592 2 -9 1.47 54
1 1 1 -9 -9 69
3 820 2 -9 3.04 63
3 819 1 -9 7.22 79
3 620 2 -9 0.83 44
1 446 2 -9 1.15 47
1 66 1 -9 7.4 79
1 281 1 -9 2.7 69
1 1 1 -9 3.27 61
3 855 2 -9 2.02 54
3 658 2 -9 4.6 70
1 261 2 -9 1.6 50
1 500 1 -9 6.7 83
3 775 2 -9 1.29 50
2 684 2 -9 2.22 59
2 724 2 -9 2.4 58
1 175 2 -9 2.8 68
1 426 1 -9 0.9 45
1 53 1 -9 3.9 67
1 517 2 -9 3.7 78
1 429 1 -9 4.53 75
1 1 2 -9 3.98 80
3 731 2 -9 1.2 47
1 217 1 -9 6.8 81
2 847 2 -9 2.96 65
1 1 1 -9 -9 49
1 1 2 -9 -9 58
1 1 2 -9 4.59 72
1 202 1 -9 2.4 60
1 265 1 -9 3.8 69
1 1 1 -9 4.59 77
1 353 2 -9 2.1 62
3 1 2 -9 3.75 67
1 1 2 -9 3.16 64
1 1 2 -9 3.27 62
1 1 2 -9 2.86 64
2 791 1 -9 2.5 58
3 839 1 -9 2 55
1 226 1 -9 2.74 63
1 501 2 -9 2.5 63
2 766 2 -9 2.55 59
2 784 1 -9 0.95 44
1 1 2 -9 7 84
1 25 2 -9 3.9 66
1 547 1 -9 5.6 73
1 474 2 -9 3.7 66
1 528 1 -9 3.8 70
1 1 2 -9 2.96 67
1 1 1 -9 11.8 95
2 715 1 -9 2.6 55
1 562 2 -9 3.74 66
1 209 1 -9 2.7 61
1 190 1 -9 8.5 86
1 1 1 -9 -9 71
2 824 1 -9 1.61 51
3 680 2 -9 1.55 53
2 665 2 -9 2.7 62
1 500 1 -9 2.7 63
1 473 1 -9 2.5 59
1 1 2 -9 2.7 62
1 62 1 -9 6.3 76
1 44 2 -9 2.8 59
3 813 1 -9 7.9 82
2 806 2 -9 4.12 71
1 216 1 -9 8.65 85
1 302 1 -9 2.34 58
1 1 2 -9 -9 70
1 1 1 -9 -9 71
1 1 1 -9 -9 77
1 1 2 -9 -9 71
1 1 2 -9 4.39 69
3 1 2 -9 5 75
2 863 2 -9 3.24 61
3 631 2 -9 9.99 92
1 523 2 -9 2 54
3 771 1 -9 4.11 70
1 172 2 -9 5 68
1 19 1 -9 3 65
3 1 1 -9 2.55 55
1 599 1 -9 6.2 83
1 1 2 -9 1.4 51
1 72 1 -9 3.8 68
1 416 2 -9 4.2 59
1 143 1 -9 4.8 71
2 810 1 -9 2 56
1 98 1 -9 2.1 65
1 493 1 -9 1.92 58
1 472 1 -9 5.2 78
1 367 2 -9 2.2 59
1 191 2 -9 4.2 70
2 707 1 -9 3.6 64
2 831 1 -9 6.86 79
3 622 2 -9 0.89 45
1 1 1 -9 3.88 67
1 578 2 -9 -9 75
1 1 2 -9 1.23 48
3 669 2 -9 4.38 71
3 795 1 -9 5.4 76
1 146 1 -9 2.75 60
1 218 1 -9 3.54 69
2 651 1 -9 4.22 69
2 651 2 -9 4.2 71
3 549 2 -9 2.5 57
1 21 2 -9 2.7 54
3 690 2 -9 2.2 61
1 1 1 -9 2.45 61
1 69 1 -9 4.2 70
1 331 2 -9 4.3 68
1 314 2 -9 2.25 55
3 745 1 -9 4.2 72
3 815 2 -9 1.7 55
1 475 1 -9 1.8 52
1 1 2 -9 -9 70
1 1 1 -9 -9 59
3 625 2 -9 1.1 49
1 613 1 -9 0.92 46
1 1 2 -9 6.22 74
1 1 1 -9 2.24 58
1 1 1 -9 6.02 76
1 1 1 -9 2.76 62
2 891 2 -9 7.34 80
3 630 1 -9 2.3 57
1 227 2 -9 2.82 63
3 871 1 -9 1.15 49
1 1 1 -9 5.5 83
1 31 2 -9 0.91 45
3 1 1 -9 6.8 76
1 104 1 -9 2.99 61
1 342 2 -9 5.3 74
1 544 2 -9 7.75 87
1 299 2 -9 4.5 71
1 557 1 -9 4.65 69
2 656 2 -9 2.6 65
3 1 1 -9 6.43 86
1 1 2 -9 3.6 70
1 1 2 -9 -9 54
1 1 2 -9 -9 54
1 246 1 -9 3.65 63
1 377 2 -9 1.1 45
1 194 2 -9 5.92 75
1 355 2 -9 6.1 72
3 1 1 -9 2.4 56
2 888 1 -9 6.18 78
3 627 2 -9 1.76 53
3 838 1 -9 2.2 57
1 231 1 -9 0.96 44
1 401 2 -9 4.9 73
1 152 2 -9 9 82
3 1 1 -9 7.75 83
3 1 2 -9 5.65 73
1 1 1 -9 6.22 82
1 1 1 -9 4.5 73
3 695 2 -9 4.4 72
3 693 2 -9 2.1 57
1 140 2 -9 1.9 51
1 338 2 -9 4.25 67
2 804 1 -9 4.1 68
2 798 2 -9 5.2 64
3 1 2 -9 4.8 73
1 1 2 -9 -9 63
1 1 2 -9 -9 80
1 1 2 -9 -9 57
1 185 2 -9 1.6 51
1 608 2 -9 4.19 75
1 613 2 -9 4.02 72
1 1 1 -9 4.34 73
1 579 1 -9 -9 57
1 556 2 -9 3 65
3 659 2 -9 11 92
3 674 1 -9 6.89 77
3 758 2 -9 2 60
1 1 2 -9 9.6 91
1 172 2 -9 0.5 37
3 679 1 -9 5.9 73
1 58 2 -9 1.9 55
3 653 2 -9 3.2 64
1 422 1 -9 0.66 41
1 423 1 -9 3.34 66
1 393 1 -9 5.5 76
1 284 1 -9 0.86 43
3 703 1 -9 3.87 72
1 1 2 -9 -9 69
1 1 1 -9 -9 70
1 1 1 -9 -9 66
1 195 1 -9 1.15 45
3 1 2 -9 5.8 73
1 1 2 -9 3.32 68
3 834 1 -9 4.61 72
3 627 2 -9 5.13 72
1 530 1 -9 3.3 66
1 507 1 -9 4 71
1 1 2 -9 1.4 45
2 872 1 -9 1.5 54
1 399 1 -9 5.7 75
1 396 1 -9 2.1 58
1 157 2 -9 2.1 55
2 718 1 -9 4.05 68
1 100 1 -9 4.25 67
1 458 2 -9 3.9 67
1 1 1 -9 1.9 55
1 1 2 -9 2.3 62
3 698 2 -9 1.4 52
1 1 2 -9 3.57 74
1 168 1 -9 1.45 51
1 560 2 -9 2.86 63
1 65 1 -9 5.8 61
1 389 2 -9 1 48
1 490 2 -9 4.12 69
1 1 1 -9 -9 75
1 1 1 -9 -9 75
1 1 1 -9 -9 58
1 540 1 -9 3.52 66
1 543 2 -9 3.1 68
1 447 2 -9 1.25 48
1 434 2 -9 -9 80
1 123 2 -9 2.4 57
1 1 2 -9 5.61 72
1 1 2 -9 1.89 52
3 659 2 -9 14.8 103
3 658 1 -9 4.7 74
1 19 2 -9 3.6 65
1 24 1 -9 1.4 50
3 1 2 -9 1.95 55
1 1 1 -9 1.8 53
3 593 1 -9 3.5 68
2 807 2 -9 3.06 63
3 739 2 -9 4.8 69
1 304 2 -9 1.24 46
1 476 2 -9 -9 69
1 481 1 -9 7.4 82
1 1 1 -9 4.4 73
1 323 2 -9 1.6 49
1 254 1 -9 2 54
1 449 1 -9 6.9 63
1 1 2 -9 3.37 58
1 1 1 -9 5.26 77
3 1 2 -9 2.3 58
2 596 2 -9 4.6 80
1 1 1 -9 2.3 59
1 2 2 -9 -9 33
3 721 1 -9 1.5 53
1 218 2 -9 3.05 65
1 153 2 -9 5.1 71
1 309 2 -9 3 61
3 1 1 -9 4.35 49
3 898 1 -9 5.16 79
1 466 2 -9 3.02 69
1 108 2 -9 1.3 45
1 1 1 -9 5.31 78
1 38 1 -9 4.8 75
1 45 2 -9 2.5 61
2 714 1 -9 6.5 80
2 809 2 -9 1.65 54
3 904 1 -9 2.65 61
3 1 2 -9 2.76 67
1 1 2 -9 1.1 47
1 1 2 -9 -9 53
1 1 1 -9 4.9 74
1 319 1 -9 5.2 75
1 1 2 -9 4.44 74
1 229 1 -9 2.64 60
1 148 2 -9 6 72
1 177 1 -9 3 63
3 1 2 -9 3 62
1 43 1 -9 3.1 65
1 416 1 -9 8.2 73
1 136 1 -9 4.6 77
1 130 2 -9 3.5 66
2 809 2 -9 5.8 74
1 480 1 -9 1.16 47
1 32 2 -9 2.1 51
1 1 2 -9 -9 73
3 821 2 -9 6.46 81
1 612 1 -9 3.95 65
1 436 1 -9 3.49 62
1 1 2 -9 8 87
1 275 2 -9 7 81
2 764 2 -9 3.65 68
1 6 2 -9 1.2 42
2 686 2 -9 5.4 74
2 876 2 -9 1.22 48
1 1 2 -9 5.2 77
1 239 1 -9 1.26 46
3 678 1 -9 2.3 58
3 1 1 -9 2 54
1 347 2 -9 2.7 60
1 141 1 -9 3.1 69
3 746 1 -9 3 59
2 756 2 -9 3.6 67
1 304 1 -9 2.72 59
3 1 1 -9 3 64
1 1 1 -9 4.8 69
1 1 1 -9 5.51 74
1 590 2 -9 1.5 52
1 116 1 -9 1.35 47
1 1 2 -9 4.74 71
1 1 2 -9 3.37 66
1 1 1 -9 3.62 71
1 1 2 -9 4.08 72
3 777 2 -9 1.05 46
3 894 1 -9 4.33 68
1 99 1 -9 5.21 76
1 109 1 -9 3.94 67
1 46 1 -9 3.4 62
2 646 1 -9 2.5 58
1 125 2 -9 5.5 69
1 558 2 -9 2.6 59
2 841 2 -9 3 65
1 588 2 -9 1.5 53
1 7 2 -9 4.3 74
3 704 2 -9 3.96 67
1 1 2 -9 2.3 60
1 1 2 -9 -9 58
1 1 2 -9 -9 66
1 1 1 -9 -9 67
1 257 2 -9 5 71
1 542 1 -9 0.78 43
1 1 1 -9 1.22 47
1 261 2 -9 2.9 65
3 781 1 -9 7.05 82
2 783 1 -9 0.9 45
1 174 1 -9 4 68
1 443 2 -9 2.63 60
3 696 2 -9 4.1 71
1 330 2 -9 6.3 72
1 1 2 -9 3.57 74
1 1 2 -9 5.92 82
2 725 2 -9 6.9 79
2 728 2 -9 4 70
1 288 1 -9 1.3 47
3 739 2 -9 0.98 47
1 13 2 -9 6.4 78
1 80 2 -9 3 NA
1 1 1 -9 2.3 59
1 1 2 -9 -9 80
3 787 1 -9 15 103
1 67 1 -9 4.5 70
1 187 1 -9 4.6 70
1 444 2 -9 6 77
1 316 1 -9 2.4 59
3 1 1 -9 4.6 76
1 1 2 -9 5.61 82
3 1 2 -9 2.4 57
3 1 1 -9 16.5 103
1 579 2 -9 -9 56
3 853 2 -9 6.15 78
1 1 1 -9 6.84 84
3 793 1 -9 13.2 96
2 837 2 -9 2.4 58
1 49 2 -9 7 74
1 222 1 -9 6.48 78
1 505 1 -9 0.9 44
2 764 1 -9 7.25 80
2 873 1 -9 7.11 78
2 880 2 -9 1.01 44
1 219 2 -9 2.18 68
3 1 2 -9 2.75 58
1 86 2 -9 2.4 60
3 576 1 -9 7.76 89
1 361 2 -9 3 67
3 734 2 -9 6.4 78
2 842 1 -9 3.9 70
1 8 2 -9 6.5 77
3 1 2 -9 7.7 88
3 1 1 -9 3.88 73
1 1 2 -9 -9 67
1 94 1 -9 2.25 55
1 121 1 -9 6.75 77
1 1 2 -9 2.45 60
1 1 1 -9 3.37 63
2 763 2 -9 1.3 50
1 1 1 -9 4.9 79
1 176 1 -9 5 71
1 181 1 -9 3.5 64
3 735 2 -9 0.8 52
1 337 1 -9 1.46 31
1 458 2 -9 1.05 49
1 551 1 -9 3.4 69
1 52 1 -9 3.1 66
1 41 1 -9 7.2 80
1 336 1 -9 4.9 70
2 725 2 -9 1.4 54
1 305 1 -9 2.3 55
1 383 1 -9 3.22 66
1 1 1 -9 -9 85
1 607 2 -9 3.28 72
1 192 1 -9 5.64 77
1 128 1 -9 0.85 43
3 1 2 -9 3.1 62
1 262 1 -9 7.6 78
1 1 2 -9 3.62 68
1 1 2 -9 6.33 82
1 1 1 -9 4.75 76
2 835 1 -9 3.2 62
1 225 2 -9 2.42 61
2 763 2 -9 3.5 69
1 568 2 -9 2.1 59
2 877 1 -9 5.13 74
3 1 2 -9 4.85 70
1 63 2 -9 3.25 62
1 142 2 -9 5.4 77
1 1 1 -9 9.49 97
1 484 1 -9 5.8 76
2 852 1 -9 2.98 65
1 280 2 -9 5 72
1 1 1 -9 3.65 66
1 1 1 -9 -9 68
1 489 2 -9 5.58 77
1 1 1 -9 4.64 75
3 1 2 -9 4.18 67
1 577 2 -9 -9 51
3 884 1 -9 2.88 62
3 671 1 -9 6.55 79
2 764 1 -9 1.3 47
3 780 1 -9 6.11 78
2 782 2 -9 1.02 46
2 878 2 -9 1.52 61
1 404 2 -9 2.35 59
1 177 1 -9 2.8 63
1 27 1 -9 0.7 39
1 25 2 -9 9.6 84
1 460 1 -9 1.45 51
1 469 2 -9 2.15 55
1 545 1 -9 9.2 91
1 292 2 -9 2.9 59
1 365 2 -9 10.6 86
1 1 2 -9 13.27 121
1 1 2 -9 4.39 73
1 165 2 -9 6.4 79
2 727 2 -9 3.9 65
2 807 2 -9 4.4 73
1 494 2 -9 4.5 74
3 1 1 -9 4.18 73
1 1 2 -9 -9 73
1 207 2 -9 2.8 63
1 362 1 -9 2.5 56
2 636 1 -9 4.16 72
1 1 1 -9 5.05 73
1 1 1 -9 3.27 68
3 674 1 -9 1.31 51
2 877 2 -9 1 44
1 405 2 -9 3.8 75
1 27 2 -9 5.3 75
1 456 1 -9 5.2 77
1 464 1 -9 3.28 64
1 47 2 -9 5.2 71
1 1 2 -9 1.27 49
1 1 2 -9 2.86 63
1 1 2 -9 2.3 59
3 730 1 -9 9.1 91
3 746 2 -9 2 48
2 845 2 -9 2.6 60
1 380 1 -9 5.93 78
3 705 2 -9 3.84 71
1 1 2 -9 -9 73
1 540 2 -9 3.04 63
1 541 2 -9 2.14 60
1 541 1 -9 3.68 72
1 1 1 -9 3.11 60
3 1 2 -9 7.35 79
3 793 2 -9 5.3 71
1 276 1 -9 5.6 81
2 761 1 -9 2.05 55
1 212 1 -9 1.36 50
1 407 1 -9 2.7 62
1 151 2 -9 3.75 66
2 717 2 -9 2.1 56
2 808 1 -9 1.8 54
1 481 1 -9 2.26 59
2 850 1 -9 1.57 52
1 78 1 -9 4.8 70
1 1 2 -9 3.2 66
1 1 1 -9 -9 60
1 91 1 -9 8 76
1 253 2 -9 1.6 51
2 825 1 -9 3.39 65
3 1 1 -9 1.8 51
1 1 2 -9 2.76 63
1 1 2 -9 3.37 65
1 1 2 -9 3.78 68
1 1 2 -9 3.57 65
3 634 2 -9 2.92 63
1 225 1 -9 4.06 69
2 683 2 -9 5.05 76
2 722 2 -9 3.45 68
1 24 2 -9 4.4 74
3 1 2 -9 8.95 86
1 270 2 -9 5.19 71
1 87 2 -9 3.2 64
1 1 1 -9 3.2 67
3 694 2 -9 2.6 61
1 1 2 -9 5.1 79
1 582 1 -9 2.39 59
2 725 2 -9 3 62
2 726 1 -9 5.9 88
2 801 2 -9 9.18 92
1 339 1 -9 6 74
2 851 2 -9 4.75 75
3 1 1 -9 1.63 54
1 1 2 -9 -9 71
1 1 2 -9 -9 77
1 1 1 -9 -9 69
2 752 1 -9 1.8 56
1 91 1 -9 8 83
3 818 2 -9 1.58 52
1 265 1 -9 2.3 59
3 701 1 -9 5.4 74
3 1 1 -9 1.8 57
1 1 2 -9 2.76 65
2 865 1 -9 1.66 49
1 569 2 -9 2.9 64
1 520 2 -9 4.1 73
2 702 1 -9 2.25 58
1 110 1 -9 2.69 60
1 61 2 -9 2.1 54
2 648 1 -9 3.8 65
2 810 1 -9 1.9 53
3 1 2 -9 3.8 67
1 352 2 -9 10.1 86
1 1 1 -9 -9 74
1 327 1 -9 2.2 53
1 282 1 -9 4.5 74
1 488 2 -9 0.95 45
1 1 2 -9 6.02 79
1 1 2 -9 5.1 78
1 555 2 -9 3.4 68
3 635 2 -9 7.17 79
3 794 1 -9 5.4 76
1 1 1 -9 3.5 66
1 237 2 -9 4.3 66
3 1 2 -9 7.8 84
1 459 1 -9 2.1 57
1 296 1 -9 -9 71
1 411 2 -9 1.55 50
1 373 1 -9 1.71 53
1 287 1 -9 3.5 70
1 303 2 -9 4.42 69
3 868 1 -9 1.62 52
3 1 2 -9 4.08 74
1 1 1 -9 -9 68
1 199 2 -9 2.8 62
1 117 2 -9 5.7 76
1 122 1 -9 1.38 45
1 1 2 -9 1.22 50
1 49 1 -9 6.5 71
2 765 2 -9 4.4 71
1 1 1 -9 4.2 70
3 644 2 -9 2.11 60
1 159 2 -9 4 62
1 1 1 -9 4.6 76
1 1 2 -9 5 80
1 134 2 -9 2.4 58
3 1 1 -9 2.45 60
1 1 2 -9 4.25 67
1 1 1 -9 4.8 68
3 620 2 -9 1.49 52
1 437 2 -9 2.57 59
3 1 1 -9 3 61
3 1 1 -9 5.1 72
1 1 1 -9 4.29 68
1 455 2 -9 1.04 46
2 764 1 -9 2.9 63
1 161 1 -9 4.5 66
1 293 1 -9 2.5 57
1 1 1 -9 4.29 73
1 1 1 -9 3.21 69
2 728 1 -9 3.6 64
2 845 1 -9 4 71
1 482 2 -9 3.8 67
1 585 1 -9 2.1 59
3 799 1 -9 8.21 90
3 869 2 -9 2.7 62
1 13 2 -9 0.8 46
1 1 2 -9 -9 84
1 252 2 -9 0.9 43
1 470 1 -9 4 74
3 624 1 -9 1.88 55
1 533 2 -9 2.48 61
1 439 1 -9 2.19 58
1 1 2 -9 3.21 65
1 1 1 -9 4.18 71
1 1 1 -9 3.27 62
1 498 1 -9 5.2 70
1 1 2 -9 3.83 73
1 522 2 -9 2.4 61
1 47 2 -9 2.2 60
1 82 2 -9 4.5 71
1 214 1 -9 0.8 44
3 875 1 -9 1.76 55
1 1 1 -9 3.4 68
1 1 1 -9 8.2 88
3 1 1 -9 3.15 61
1 342 2 -9 3.6 65
1 573 1 -9 2.04 57
3 700 2 -9 1.3 50
1 133 1 -9 6.8 81
1 144 1 -9 2.7 59
3 814 2 -9 1.1 46
1 1 2 -9 3.27 64
1 535 2 -9 3.04 67
1 437 2 -9 2.11 57
2 636 1 -9 2.34 63
1 1 2 -9 2.35 55
1 1 1 -9 6.84 83
1 274 2 -9 0.65 40
1 161 2 -9 5 71
1 158 1 -9 2 52
1 29 1 -9 1.85 53
1 103 2 -9 3.14 65
1 363 1 -9 6.76 74
1 70 2 -9 4.4 72
2 901 2 -9 7.4 78
1 557 2 -9 2.35 58
2 808 2 -9 3.3 67
1 493 2 -9 4.4 73
1 1 1 -9 -9 77
1 1 2 -9 -9 58
1 1 2 -9 -9 63
1 93 1 -9 1 39
1 376 1 -9 15.7 102
1 619 2 -9 8.06 85
1 1 1 -9 4.54 73
1 1 2 -9 6.22 84
1 1 1 -9 1.75 52
1 1 2 -9 5.41 72
3 839 2 -9 1.3 50
1 503 1 -9 1.3 50
3 642 2 -9 8.89 91
1 1 2 -9 7.4 84
1 594 2 -9 2.6 59
1 163 2 -9 1.98 54
1 173 1 -9 3.5 78
1 333 1 -9 1.5 47
1 1 1 -9 6.12 87
1 1 2 -9 3.05 60
1 1 2 -9 -9 52
1 1 2 -9 -9 61
3 621 1 -9 1.06 48
1 617 2 -9 2.51 64
1 590 1 -9 6.3 80
3 1 2 -9 6.1 76
3 885 1 -9 1.3 47
2 790 1 -9 1.6 51
3 640 1 -9 4.54 74
3 1 1 -9 3.95 66
1 350 1 -9 2.02 57
1 1 2 -9 4.3 73
1 357 1 -9 1 43
1 291 1 -9 5 75
2 844 2 -9 5.3 78
1 494 1 -9 2.36 62
1 127 1 -9 5.95 77
1 1 1 -9 -9 72
1 1 2 -9 5.15 74
2 751 1 -9 4.6 90
1 436 1 -9 5.28 74
3 1 1 -9 4.55 74
1 1 2 -9 2.24 59
1 1 2 -9 5.51 78
1 501 2 -9 2.1 60
1 1 2 -9 5.5 77
3 549 2 -9 2.9 64
1 356 2 -9 4 66
1 1 2 -9 1.33 50
1 1 2 -9 7.55 88
2 843 2 -9 2.1 61
2 803 1 -9 1.64 56
1 312 2 -9 4.5 65
1 532 2 -9 2.6 66
1 384 1 -9 6.62 86
3 902 1 -9 1.48 42
3 705 1 -9 3.95 67
1 1 2 -9 -9 63
1 1 2 -9 -9 74
1 1 2 -9 -9 61
3 785 2 -9 4.5 67
1 1 1 -9 5.1 74
1 1 1 -9 3.16 61
1 1 2 -9 1.38 47
2 890 1 -9 8.84 88
1 1 2 -9 4.08 71
2 864 1 -9 2.3 56
2 864 2 -9 2.56 61
3 673 2 -9 3.9 71
1 1 2 -9 4.3 66
1 129 1 -9 3.3 65
3 550 1 -9 1.5 53
3 1 1 -9 3.9 66
3 897 1 -9 2.09 59
1 462 1 -9 2.2 60
1 301 1 -9 4.9 74
1 359 2 -9 2.9 65
1 1 2 -9 3.88 73
1 244 2 -9 4.3 68
1 211 2 -9 4.2 71
1 390 1 -9 2.69 62
3 703 1 -9 1.78 53
3 1 2 -9 1.84 56
3 1 1 -9 2.4 62
1 1 2 -9 3.55 66
1 250 2 -9 2.4 58
3 786 2 -9 6.5 76
1 256 1 -9 1.4 50
3 827 1 -9 2.33 59
1 1 1 -9 3.88 68
1 1 2 -9 3.37 68
1 553 1 -9 4.1 71
3 641 2 -9 1.18 50
2 782 1 -9 1.13 47
1 566 1 -9 5.8 77
1 81 2 -9 5.4 74
1 129 1 -9 9.8 86
1 105 1 -9 5.59 77
1 1 1 -9 5.1 74
1 1 2 -9 3.9 73
1 1 1 -9 3.5 66
2 812 2 -9 4.3 70
1 215 2 -9 1.9 56
1 208 2 -9 3.8 72
1 486 1 -9 3.2 67
1 79 1 -9 3.8 64
1 1 1 -9 13.89 100
1 323 2 -9 3.5 67
1 618 1 -9 2.35 59
1 537 1 -9 3.6 71
1 537 1 -9 1.58 52
3 1 1 -9 6.6 78
1 119 2 -9 1.45 49
1 1 2 -9 2.91 63
2 761 1 -9 5.45 74
2 760 1 -9 2.25 55
1 1 1 -9 4.1 68
3 677 1 -9 -9 77
1 413 1 -9 3.15 65
1 132 2 -9 5.4 74
1 1 1 -9 1.43 52
1 1 2 -9 2.55 63
1 340 1 -9 2.4 59
1 476 2 -9 -9 69
1 1 1 -9 -9 73
1 92 2 -9 5.5 70
1 199 2 -9 4.1 70
3 1 2 -9 5 71
3 1 1 -9 4.8 72
1 451 1 -9 2.43 60
2 789 1 -9 1.9 57
3 832 1 -9 11.33 95
2 763 1 -9 8.35 87
1 147 1 -9 3.6 64
3 778 1 -9 2.61 60
2 685 2 -9 3.02 63
1 1 2 -9 2.5 59
1 180 2 -9 4 67
1 182 1 -9 1.9 52
3 1 2 -9 3.2 63
1 243 1 -9 5.8 74
3 1 1 -9 3.9 67
1 39 2 -9 2.6 61
1 134 1 -9 1.5 53
1 1 1 -9 9.39 88
1 1 2 -9 3.37 66
2 805 1 -9 1.98 57
3 799 1 -9 2.81 65
1 1 2 -9 -9 62
1 248 1 -9 2.2 58
1 90 1 -9 4 66
1 94 2 -9 2.5 62
1 1 2 -9 5.36 72
1 536 1 -9 2.52 61
1 442 2 -9 8.88 89
2 662 1 -9 4.74 72
2 791 2 -9 1.4 49
1 276 2 -9 1.25 56
2 784 1 -9 1.1 46
1 1 2 -9 2.9 63
1 395 2 -9 4.6 78
1 406 1 -9 9.1 89
1 238 2 -9 1.03 46
1 269 1 -9 3.18 62
1 363 2 -9 6.08 73
1 273 2 -9 4.4 70
1 59 1 -9 2.7 63
3 697 1 -9 2.1 59
1 188 1 -9 3.2 70
1 584 2 -9 2.6 59
1 328 1 -9 2.5 60
1 335 1 -9 3 62
3 747 2 -9 2.8 63
1 10 1 -9 6.3 91
1 190 2 -9 1.9 56
1 1 2 -9 3.4 66
1 1 1 -9 4.3 75
1 1 1 -9 -9 76
1 93 1 -9 1 43
1 1 1 -9 6.92 87
3 1 1 -9 1.5 51
3 1 1 -9 2 54
1 1 1 -9 3.78 68
1 1 1 -9 4.9 75
3 884 2 -9 2.9 61
3 882 2 -9 3 62
2 761 2 -9 6.85 80
2 762 2 -9 7.25 81
1 213 1 -9 2.81 64
1 147 1 -9 2.3 60
1 3 2 -9 4.4 69
1 1 1 -9 4.1 70
1 1 1 -9 6.2 84
1 159 2 -9 2 49
1 173 1 -9 5 72
3 1 1 -9 11.45 94
3 1 1 -9 5.15 75
1 600 1 -9 1.65 52
1 294 2 -9 3.5 68
1 349 2 -9 2.8 61
3 574 2 -9 1.02 57
1 1 1 -9 6.02 82
1 378 2 -9 2.7 60
1 1 1 -9 -9 75
1 1 2 -9 -9 55
1 1 2 -9 -9 79
1 93 1 -9 1.75 52
1 255 1 -9 1.3 47
3 828 1 -9 7.3 79
3 820 1 -9 1.36 51
1 114 2 -9 5.6 72
1 119 1 -9 3.15 59
1 123 2 -9 10.6 88
1 1 2 -9 4.08 73
1 1 1 -9 4.03 69
1 1 2 -9 1.43 48
1 1 1 -9 0.82 42
1 578 1 -9 -9 66
2 790 1 -9 1.8 54
1 401 1 -9 2.6 61
1 30 2 -9 3.25 63
2 720 1 -9 2.05 52
1 548 1 -9 2.5 61
3 735 1 -9 1 55
1 600 1 -9 1 48
1 100 2 -9 2.75 64
1 270 1 -9 4.32 71
1 1 1 -9 5.2 78
1 483 2 -9 -9 57
1 1 2 -9 -9 82
1 93 1 -9 4.75 70
3 819 2 -9 1.04 46
1 611 2 -9 1.19 51
3 1 2 -9 2.5 51
3 758 2 -9 1.8 58
1 226 1 -9 4.76 71
2 724 1 -9 4.3 71
1 20 2 -9 3.3 61
1 301 1 -9 2.8 61
1 412 2 -9 1.85 55
2 654 1 -9 1.8 57
1 1 2 -9 -9 81
1 1 2 -9 -9 63
1 375 2 -9 1 46
3 830 2 -9 5.48 73
1 1 2 -9 5.2 74
3 1 2 -9 5.7 77
1 451 2 -9 4.67 72
1 1 2 -9 4.08 71
1 1 2 -9 5.5 79
3 716 1 -9 1.32 45
1 242 1 -9 3.2 63
3 700 2 -9 2.3 68
2 649 1 -9 1.2 54
1 1 1 -9 3.57 74
3 637 1 -9 5.16 75
2 804 2 -9 4.74 75
1 210 2 -9 6.2 79
3 903 2 -9 1.7 56
1 187 1 -9 3.7 62
3 829 1 -9 5.55 75
1 316 1 -9 2.8 64
1 120 1 -9 3.7 67
1 1 2 -9 4.18 71
1 1 2 -9 2.14 56
1 1 2 -9 3.98 70
1 497 1 -9 3.4 59
3 672 1 -9 4.51 74
1 521 1 -9 2 58
2 766 2 -9 1.27 48
1 145 2 -9 7 77
1 397 2 -9 2.9 63
1 152 1 -9 0.85 40
3 1 2 -9 1.95 56
1 459 2 -9 3.2 65
1 343 1 -9 1.3 49
1 63 1 -9 3.7 64
3 692 1 -9 1.7 54
1 368 2 -9 1.33 49
1 1 2 -9 4.23 75
1 514 2 -9 3.6 67
3 748 1 -9 1.8 44
1 306 1 -9 0.96 46
1 387 2 -9 3.49 68
1 324 2 -9 3.2 64
1 95 2 -9 1.25 45
1 95 1 -9 3.75 65
1 537 1 -9 1.68 53
1 448 2 -9 3.6 68
1 441 1 -9 2.79 66
1 262 1 -9 8 87
3 1 1 -9 2.4 57
1 1 1 -9 5.05 73
3 676 1 -9 2.04 57
1 502 1 -9 2.7 60
2 760 1 -9 4.45 69
2 881 2 -9 9.46 88
1 103 1 -9 3.93 70
1 110 1 -9 2.11 53
1 61 2 -9 2.85 64
2 848 1 -9 5.64 79
2 752 1 -9 2.2 61
3 623 1 -9 0.86 46
1 121 2 -9 7.7 77
3 669 2 -9 2.9 63
1 83 1 -9 4.75 69
1 569 2 -9 1.3 50
1 1 1 -9 5.5 72
1 267 1 -9 5.44 77
1 552 2 -9 1.9 57
1 55 1 -9 1.1 49
1 37 2 -9 8.7 87
1 360 1 -9 4.2 60
1 366 1 -9 7.3 78
1 1 1 -9 4.2 74
1 279 1 -9 9.6 86
1 206 1 -9 0.6 42
3 1 2 -9 1.8 54
3 1 1 -9 2 55
1 1 1 -9 3.26 64
3 712 1 -9 1.95 53
1 580 2 -9 -9 57
3 857 2 -9 2.12 60
1 155 2 -9 6.5 77
1 179 1 -9 4.6 71
1 1 1 -9 5.1 75
1 411 1 -9 1.5 50
1 1 2 -9 5.3 70
1 1 2 -9 4.6 71
1 42 1 -9 2 54
1 370 1 -9 8.36 82
1 1 2 -9 1.22 48
1 562 1 -9 1.66 53
1 392 2 -9 1.9 56
1 485 1 -9 1.9 55
1 65 1 -9 8.8 74
3 1 2 -9 1.43 53
1 1 2 -9 4.1 70
1 320 2 -9 4.8 71
1 434 2 -9 -9 43
1 128 1 -9 7.36 80
1 1 2 -9 4.69 71
1 1 2 -9 3.47 69
2 836 1 -9 1.7 49
1 230 2 -9 3.42 62
2 763 2 -9 1.75 51
1 160 1 -9 4 67
3 1 2 -9 2.3 56
1 463 1 -9 0.94 46
1 297 2 -9 3.1 65
1 345 2 -9 2.14 58
1 286 2 -9 3.8 70
3 745 2 -9 2 53
1 98 1 -9 2.1 66
1 217 2 -9 10.8 94
1 285 1 -9 1.96 53
1 491 1 -9 1 47
1 1 1 -9 -9 54
1 1 2 -9 -9 63
1 1 2 -9 -9 62
1 1 2 -9 -9 55
1 1 1 -9 -9 62
3 822 2 -9 1.71 53
1 605 1 -9 1.76 55
1 433 2 -9 -9 46
3 1 1 -9 5.6 65
1 1 2 -9 2.91 65
2 890 1 -9 4.32 71
1 1 2 -9 1.84 57
1 224 2 -9 6.6 74
1 565 2 -9 3.2 76
2 719 2 -9 2.05 56
1 443 1 -9 5.92 78
1 572 1 -9 8.46 89
1 343 1 -9 5.3 74
1 57 2 -9 1.5 52
1 421 2 -9 2.5 54
2 714 2 -9 2.1 54
1 514 1 -9 4.4 70
1 483 2 -9 -9 75
3 652 1 -9 1.8 60
1 380 2 -9 4.38 72
1 475 1 -9 3 64
1 586 1 -9 5.4 78
1 389 1 -9 2.64 66
3 1 2 -9 2.86 72
1 1 2 -9 1.8 56
1 321 2 -9 10.8 84
1 1 1 -9 3.88 68
1 538 2 -9 3.98 69
1 1 1 -9 3.27 60
1 1 1 -9 2.55 61
1 453 1 -9 2.04 56
3 854 1 -9 1.75 54
2 861 2 -9 2.62 59
1 1 1 -9 3.62 71
3 628 1 -9 2.74 60
2 762 2 -9 2.05 57
2 766 2 -9 1.32 51
1 410 1 -9 2.3 59
1 1 2 -9 3.7 71
1 73 1 -9 6.4 75
1 1 1 -9 5.1 77
1 167 2 -9 2.2 61
1 169 1 -9 4.2 66
3 740 2 -9 1.6 53
1 587 1 -9 4.3 74
2 657 1 -9 3.7 76
1 1 2 -9 -9 62
1 1 1 -9 -9 80
1 1 2 -9 -9 52
1 118 1 -9 12.15 87
1 1 2 -9 4.39 72
3 853 1 -9 4.89 72
3 711 1 -9 2.4 57
1 497 1 -9 5 80
1 1 2 -9 3.06 64
1 179 2 -9 3.5 66
1 462 1 -9 1.72 55
1 468 1 -9 3.46 67
3 546 1 -9 4.1 68
1 113 2 -9 1.68 51
1 88 1 -9 2.6 60
1 1 2 -9 3.2 68
1 418 2 -9 5.5 83
3 697 1 -9 3.1 62
1 332 1 -9 7.7 90
1 333 1 -9 10.1 94
1 370 2 -9 4.84 66
1 479 2 -9 2.42 60
1 379 1 -9 1.95 57
1 381 2 -9 3.58 71
3 1 1 -9 5.56 77
1 1 1 -9 -9 70
1 1 1 -9 -9 55
1 1 2 -9 -9 60
3 828 1 -9 3.54 68
1 1 1 -9 3.98 67
1 1 2 -9 4.69 71
3 1 2 -9 1.6 52
3 670 1 -9 2.96 62
3 632 1 -9 8.56 87
3 634 1 -9 2.64 61
1 234 2 -9 5.38 76
1 1 1 -9 1.9 53
3 846 1 -9 2 55
3 1 2 -9 2.9 65
3 896 1 -9 2.24 58
3 546 1 -9 4.5 72
1 86 2 -9 2.8 65
1 1 1 -9 2.04 55
1 70 1 -9 2.6 60
3 695 1 -9 3.5 68
1 357 1 -9 4.9 69
1 1 2 -9 2.96 67
1 1 2 -9 6.89 86
1 125 1 -9 6.1 77
1 313 2 -9 11.9 92
1 384 1 -9 3.62 71
3 704 1 -9 3.18 67
3 1 2 -9 3.98 77
1 1 1 -9 4.95 69
1 1 1 -9 -9 60
1 1 1 -9 -9 61
2 750 1 -9 3.9 67
1 192 1 -9 2.06 57
1 1 1 -9 2.24 53
1 1 1 -9 1.22 47
1 1 2 -9 2.14 57
2 597 2 -9 8.2 87
1 506 1 -9 4 71
1 1 2 -9 3.9 68
1 151 1 -9 3.5 68
3 1 1 -9 3.65 66
1 1 1 -9 4.69 76
1 1 1 -9 2.9 61
1 1 1 -9 -9 96
1 1 2 -9 -9 52
1 1 1 -9 -9 52
1 606 2 -9 2.82 68
1 618 1 -9 0.91 45
1 1 1 -9 3.11 62
1 1 2 -9 6.33 77
1 200 2 -9 3.1 64
3 626 2 -9 13.65 99
1 223 2 -9 1.56 54
3 778 2 -9 1.33 51
1 547 1 -9 3.7 66
3 690 1 -9 2.4 59
1 551 2 -9 1.02 44
1 572 1 -9 2.22 57
1 571 1 -9 2.98 64
1 516 2 -9 1.8 60
1 358 1 -9 1.6 56
1 288 1 -9 5.1 70
1 169 2 -9 5.4 73
3 602 2 -9 2.43 59
3 867 1 -9 1.5 54
1 11 2 -9 3.6 67
1 1 2 -9 1.3 49
1 1 2 -9 -9 56
3 786 2 -9 2.7 59
1 92 1 -9 8.1 84
1 116 2 -9 12.1 93
3 660 1 -9 4.06 71
1 1 2 -9 4.64 76
1 1 1 -9 3.47 68
1 1 1 -9 3.27 67
1 1 2 -9 1.07 48
2 789 1 -9 5.9 79
1 414 1 -9 1.35 48
3 691 2 -9 4.7 72
1 290 1 -9 2.4 57
3 744 1 -9 2 55
3 667 2 -9 5.1 77
1 1 1 -9 -9 65
1 91 1 -9 3.5 64
3 827 2 -9 5.58 78
1 1 1 -9 4.39 68
1 1 2 -9 4.18 75
1 1 1 -9 3.57 69
3 672 2 -9 1.56 53
3 673 1 -9 3.27 61
1 5 2 -9 2.2 56
1 1 2 -9 2.8 62
1 1 1 -9 4 62
1 584 2 -9 4.2 69
2 647 1 -9 2.2 59
1 1 1 -9 5.61 79
1 1 1 -9 4.18 70
2 715 1 -9 2.3 53
2 714 1 -9 2.2 50
1 564 1 -9 1.68 53
3 814 1 -9 1.4 50
1 392 2 -9 2.4 59
1 79 1 -9 3.4 64
1 1 2 -9 -9 63
1 1 1 -9 -9 88
1 90 2 -9 4.5 69
1 95 2 -9 2.25 55
1 185 2 -9 3.7 61
1 1 2 -9 4.9 72
1 203 1 -9 1.15 51
3 1 2 -9 4.5 69
3 1 1 -9 3.4 72
1 1 2 -9 3.32 66
1 1 2 -9 5.61 77
3 774 1 -9 3.47 64
1 512 2 -9 3.8 67
1 1 1 -9 7.1 87
1 598 2 -9 2.1 58
1 467 1 -9 4.42 68
1 426 2 -9 2.15 55
1 273 2 -9 2.1 55
1 55 2 -9 3.4 64
3 653 2 -9 1.6 48
1 144 1 -9 3 63
1 423 2 -9 0.57 39
2 715 1 -9 6.4 78
1 564 2 -9 3.38 68
2 847 2 -9 10.63 102
3 1 1 -9 2.4 62
3 1 1 -9 2.86 63
1 1 2 -9 -9 68
1 257 2 -9 4.4 72
1 1 2 -9 6.53 84
1 1 2 -9 1.58 50
2 790 1 -9 9.9 92
2 789 2 -9 2.7 60
1 507 2 -9 3 68
1 403 2 -9 2.75 62
1 156 2 -9 1.5 44
1 174 2 -9 0.95 42
1 22 2 -9 5.4 72
3 1 2 -9 2.7 59
1 527 2 -9 1.2 47
1 356 2 -9 5.2 72
1 360 1 -9 2.7 62
1 581 1 -9 1.27 51
1 168 1 -9 0.65 40
2 843 2 -9 4.5 74
1 287 1 -9 3.45 64
1 408 1 -9 0.95 49
1 388 1 -9 1.07 48
1 246 1 -9 4.9 67
3 1 1 -9 3.5 65
1 1 1 -9 2.76 60
3 858 2 -9 2.39 62
1 220 2 -9 1.1 45
1 233 2 -9 4.46 73
1 150 1 -9 2.4 59
1 1 1 -9 3.6 68
2 722 1 -9 1.7 54
3 1 1 -9 11.35 87
2 702 1 -9 2.04 60
3 1 2 -9 2.95 61
3 1 2 -9 8.35 82
1 469 1 -9 1.36 49
1 410 2 -9 2.7 64
1 1 1 -9 3.37 65
1 1 1 -9 4.29 75
1 57 1 -9 1.2 52
1 74 1 -9 2.3 60
1 330 1 -9 12.2 93
1 1 2 -9 2.86 64
1 482 1 -9 1.9 54
1 1 1 -9 3.45 66
1 1 2 -9 -9 78
1 1 2 -9 -9 84
1 1 2 -9 -9 61
1 445 2 -9 1.6 51
3 701 2 -9 3.9 66
1 1 1 -9 2.96 58
1 1 1 -9 5.61 79
3 793 2 -9 6.8 79
2 792 2 -9 1.7 53
1 502 1 -9 2.1 59
3 779 2 -9 8.57 87
1 398 2 -9 7.7 81
1 170 2 -9 4.4 67
2 720 2 -9 2.25 53
1 348 2 -9 3.2 63
1 52 1 -9 4.05 70
2 601 1 -9 3.1 64
1 290 1 -9 2.3 53
2 737 1 -9 2.6 59
1 284 2 -9 3.15 65
1 587 2 -9 2.4 60
1 1 2 -9 2.91 68
1 1 2 -9 2.14 55
2 792 1 -9 2.6 60
1 519 2 -9 3.6 67
2 762 2 -9 3.4 65
1 148 1 -9 5 70
1 1 2 -9 3.4 66
2 880 1 -9 1.32 50
2 723 1 -9 3.8 70
3 1 1 -9 3.6 66
3 1 2 -9 4.5 70
1 471 1 -9 6.7 81
1 351 1 -9 0.9 43
1 1 2 -9 3.3 67
1 369 1 -9 1.05 46
1 449 2 -9 5.5 78
1 318 2 -9 4.6 71
1 1 2 -9 4.9 68
2 790 2 -9 2.8 62
1 1 1 -9 3.7 62
1 164 2 -9 2.3 56
1 151 2 -9 5.5 78
1 29 2 -9 3.7 67
1 71 2 -9 3.7 65
1 1 2 -9 6.94 87
1 515 2 -9 3.9 71
1 166 2 -9 3.8 70
3 813 1 -9 2.3 58
1 302 2 -9 4.01 69
1 589 2 -9 3.8 68
1 1 2 -9 -9 54
1 1 2 -9 -9 66
1 90 1 -9 1 45
1 252 2 -9 5.6 72
1 1 2 -9 5.82 76
1 318 1 -9 2.4 62
1 283 1 -9 2.3 65
2 664 1 -9 1.72 54
1 68 2 -9 0.44 35
1 354 1 -9 4 69
3 887 1 -9 2.48 61
1 1 2 -9 4.24 73
3 882 1 -9 8.48 87
2 881 1 -9 6.24 76
2 718 1 -9 1.65 53
3 898 1 -9 1.43 52
1 413 1 -9 1.65 52
1 272 1 -9 3.7 64
1 526 2 -9 2.1 58
1 1 2 -9 2.9 68
1 131 2 -9 1.3 47
1 1 1 -9 3.67 70
1 244 2 -9 3.2 63
3 741 2 -9 0.67 41
1 11 1 -9 0.8 43
1 1 1 -9 7.95 78
1 1 1 -9 -9 69
1 1 2 -9 -9 79
1 1 2 -9 4.8 69
1 1 1 -9 4.9 72
3 1 1 -9 2.6 59
1 1 2 -9 3.27 60
1 1 1 -9 5.41 81
1 1 2 -9 1.94 57
3 857 1 -9 1.62 54
1 1 2 -9 2.04 58
3 833 1 -9 2.25 62
3 770 1 -9 2.02 56
3 769 1 -9 5.14 75
2 688 2 -9 1.73 53
1 1 1 -9 2.8 68
1 406 1 -9 3.7 71
1 154 2 -9 1.3 48
1 293 1 -9 1.3 45
1 334 1 -9 3.3 65
1 561 2 -9 4.52 69
1 313 2 -9 1.3 59
1 1 2 -9 -9 70
1 1 2 -9 -9 74
1 1 1 -9 -9 59
1 605 1 -9 2.87 67
1 452 2 -9 2.5 61
1 1 2 -9 3.27 63
3 889 2 -9 4.72 71
1 1 2 -9 3.06 68
1 1 2 -9 2.55 62
2 791 1 -9 6.4 82
1 145 1 -9 11.5 80
3 870 2 -9 4.3 73
3 1 1 -9 8.45 84
1 300 1 -9 1.4 52
1 409 2 -9 2.15 61
1 140 2 -9 1.1 46
1 1 1 -9 4.39 75
1 1 2 -9 4.39 76
1 478 2 -9 3.74 73
1 1 1 -9 6.6 75
3 829 2 -9 2.13 56
3 826 2 -9 2.15 59
1 435 1 -9 -9 84
1 428 2 -9 -9 58
3 1 1 -9 5.6 73
1 1 2 -9 2.91 60
1 1 1 -9 5.41 82
1 1 1 -9 5.51 75
3 770 2 -9 2.19 58
1 594 1 -9 3.2 62
1 171 1 -9 6.5 80
1 31 1 -9 2.4 57
1 456 1 -9 1.55 54
1 467 2 -9 1.41 48
1 56 1 -9 1 55
1 37 1 -9 5.4 72
1 513 2 -9 2.6 62
3 741 1 -9 1.7 53
3 1 2 -9 2.2 63
1 1 1 -9 -9 66
1 97 2 -9 4.5 67
1 612 1 -9 2.17 61
1 535 2 -9 1.96 56
1 533 1 -9 2.86 67
1 1 2 -9 3.32 63
1 1 2 -9 2.65 61
1 1 2 -9 4.8 75
1 566 1 -9 2.8 57
3 776 1 -9 4.74 72
1 1 2 -9 2.2 56
3 639 1 -9 9.33 90
1 258 2 -9 2.2 69
3 1 1 -9 3.4 64
1 50 1 -9 6.6 81
1 418 2 -9 3.4 71
1 71 2 -9 5.6 76
2 646 1 -9 2 53
1 1 2 -9 6.63 81
3 1 2 -9 3.9 70
1 1 2 -9 -9 59
1 1 2 -9 -9 67
1 362 1 -9 5 74
3 1 1 -9 5.9 80
1 1 2 -9 3.88 66
1 1 1 -9 8.98 88
1 1 1 -9 2.45 61
1 454 1 -9 4.43 72
1 554 1 -9 1.25 45
1 34 1 -9 1.4 50
3 1 2 -9 6 73
1 297 2 -9 1.7 51
2 650 2 -9 2.6 60
1 366 1 -9 1.3 49
1 142 1 -9 3 62
1 513 2 -9 2 60
1 391 1 -9 10 89
1 1 1 -9 -9 63
2 831 2 -9 3.3 64
3 621 1 -9 1.36 52
3 1 1 -9 4.4 69
3 1 2 -9 3.9 68
2 789 1 -9 5.1 74
1 178 1 -9 5.5 75
3 1 2 -9 3.9 60
1 365 1 -9 1.05 45
1 518 1 -9 5.8 82
1 340 2 -9 2.33 55
2 850 1 -9 5.59 80
1 17 2 -9 2.1 59
1 1 1 -9 3.3 64
1 250 2 -9 3.6 71
3 666 1 -9 6.42 82
1 1 1 -9 3.67 59
1 1 2 -9 4.49 70
3 793 1 -9 6.4 79
2 791 2 -9 1.3 49
1 153 2 -9 3.6 64
3 1 1 -9 6.85 81
3 900 1 -9 1.28 50
1 106 1 -9 3.29 63
1 457 1 -9 1.4 53
1 552 1 -9 3.4 66
1 346 1 -9 3.28 65
1 1 2 -9 2.9 67
1 424 1 -9 2.17 58
3 867 2 -9 1.68 55
1 378 2 -9 1.3 48
1 387 1 -9 2.68 63
1 1 1 -9 -9 62
2 825 1 -9 5.71 79
1 1 2 -9 4.18 67
1 1 1 -9 2.76 64
3 710 2 -9 4.5 71
3 671 2 -9 3.1 64
2 760 2 -9 5.9 73
1 1 1 -9 2.4 54
1 395 2 -9 4.4 77
1 183 2 -9 1 46
1 181 2 -9 2.7 60
1 307 1 -9 5.4 74
3 1 1 -9 8.45 82
1 99 1 -9 6.09 82
1 105 1 -9 2.1 56
1 344 2 -9 1.6 51
1 525 2 -9 1.8 59
1 58 2 -9 2 54
1 544 2 -9 2.2 56
3 733 1 -9 13.2 101
1 563 2 -9 1.24 49
1 532 1 -9 0.8 45
1 211 1 -9 3.1 65
3 1 1 -9 3.2 68
1 1 2 -9 -9 73
1 94 2 -9 6.5 76
1 495 2 -9 2.3 58
1 1 1 -9 2.96 61
3 645 2 -9 1.8 52
1 229 1 -9 2.42 59
1 260 1 -9 2.1 60
1 1 2 -9 7.5 77
1 135 1 -9 3.4 66
3 816 1 -9 5.52 77
3 904 2 -9 1.45 53
2 708 1 -9 5.8 69
1 1 2 -9 -9 65
1 1 2 -9 -9 63
2 754 2 -9 4.8 74
3 625 2 -9 1.63 54
1 610 2 -9 1.96 59
1 617 1 -9 4.4 68
1 1 2 -9 4.23 68
1 205 2 -9 2.8 64
3 1 1 -9 3.2 65
2 865 2 -9 2.05 55
1 556 1 -9 2.8 58
3 834 1 -9 2.22 58
1 523 2 -9 12 92
3 875 2 -9 4.14 69
1 162 2 -9 2 48
1 23 1 -9 3.4 67
1 308 1 -9 2.3 48
3 1 2 -9 5.7 74
1 1 1 -9 12.14 98
1 54 2 -9 0.95 44
1 89 2 -9 1.6 52
1 1 1 -9 1.63 53
1 1 2 -9 1.28 48
1 1 1 -9 2.96 66
2 729 1 -9 7.2 80
1 75 1 -9 -9 73
1 1 1 -9 -9 73
1 1 1 -9 -9 70
1 1 1 -9 -9 66
1 1 2 -9 -9 65
1 94 1 -9 4.25 67
1 186 2 -9 3.3 67
1 207 1 -9 3.4 66
1 283 2 -9 1.5 51
1 1 1 -9 2.76 62
1 1 2 -9 1.84 55
1 1 1 -9 4.34 75
1 1 1 -9 2.96 61
3 859 2 -9 2.74 62
3 860 1 -9 4.91 72
1 496 2 -9 -9 46
2 766 1 -9 5.1 72
1 568 2 -9 3.6 65
1 1 1 -9 3.5 66
3 1 2 -9 5.8 76
3 1 2 -9 4.05 71
1 113 1 -9 1.57 53
1 295 1 -9 1.5 48
1 527 2 -9 4 71
3 692 1 -9 3.1 61
1 374 1 -9 0.77 44
1 582 2 -9 2.53 60
1 189 1 -9 2.75 59
1 1 1 -9 -9 77
1 1 2 -9 -9 66
3 830 1 -9 3.24 61
1 611 1 -9 3.73 70
1 539 2 -9 5.68 79
1 197 2 -9 0.8 43
1 264 1 -9 3.3 67
1 120 1 -9 2.15 56
1 124 2 -9 5.35 70
1 1 1 -9 2.35 57
1 1 1 -9 4.29 67
3 711 1 -9 4.6 69
2 836 2 -9 1.4 50
1 233 2 -9 3.02 64
1 232 2 -9 3.06 64
1 505 2 -9 1.7 59
2 761 1 -9 2 54
1 1 1 -9 2.5 65
1 512 2 -9 2.7 60
3 1 1 -9 4.7 73
1 457 2 -9 3.7 72
1 464 1 -9 1.99 55
1 292 1 -9 3.6 61
1 336 2 -9 4.1 73
2 648 2 -9 2.8 58
1 314 2 -9 7.5 81
2 796 1 -9 2.9 53
2 798 2 -9 4.8 62
1 472 1 -9 3.1 57
3 1 2 -9 6.53 87
1 271 1 -9 -9 77
3 661 1 -9 1.34 48
1 1 2 -9 4.39 65
3 1 1 -9 2 47
1 577 1 -9 -9 71
1 149 2 -9 3.5 65
1 36 2 -9 1.9 55
1 524 1 -9 1 46
1 277 2 -9 2.3 63
1 308 1 -9 3.2 59
3 1 1 -9 5.65 72
3 895 2 -9 4.93 71
1 48 2 -9 8.4 71
1 417 1 -9 1.3 40
1 135 1 -9 3.4 65
2 756 1 -9 3.65 69
2 866 1 -9 4.41 72
3 767 1 -9 3.8 67
1 390 1 -9 4.09 69
1 191 1 -9 5.1 71
1 1 1 -9 2.6 65
1 1 1 -9 -9 66
1 91 1 -9 2.5 56
1 95 2 -9 6.25 76
1 447 1 -9 0.9 42
3 1 2 -9 1.2 41
1 1 1 -9 2.04 55
2 665 1 -9 7.42 86
1 1 1 -9 5.31 77
3 676 2 -9 2.38 59
1 221 2 -9 3.2 63
3 595 2 -9 1.5 51
3 773 1 -9 4.7 73
1 36 1 -9 1.8 51
1 33 1 -9 1.2 46
1 1 2 -9 1.5 51
1 403 1 -9 2.9 62
1 235 1 -9 0.49 33
1 235 2 -9 1 43
1 28 2 -9 5.7 74
1 460 2 -9 5.1 75
1 364 2 -9 4.48 68
3 574 2 -9 4.3 71
3 696 2 -9 1.8 55
1 1 2 -9 7.55 83
1 561 2 -9 3.5 65
1 210 1 -9 1.8 56
1 385 2 -9 0.74 42
1 1 2 -9 -9 61
1 1 1 -9 4.03 62
1 1 1 -9 1.12 45
3 856 1 -9 3.91 72
1 220 1 -9 2.36 60
1 35 1 -9 2.5 54
1 237 1 -9 0.76 43
1 173 1 -9 5.5 72
3 1 1 -9 6.7 85
3 897 1 -9 1.15 48
1 132 1 -9 3.3 69
1 240 2 -9 1.7 50
1 430 1 -9 3.58 70
1 1 1 -9 3.16 68
2 802 2 -9 4.96 84
2 737 1 -9 5.4 77
1 476 1 -9 -9 73
1 76 2 -9 6.2 76
1 325 2 -9 5.7 72
1 94 2 -9 2 55
3 817 2 -9 2.79 63
1 198 1 -9 1.9 57
1 438 1 -9 2.61 59
1 1 1 -9 2.45 58
3 713 1 -9 1.8 53
3 709 1 -9 4.7 73
3 633 2 -9 3.48 65
3 631 1 -9 2.96 63
1 232 1 -9 1.04 45
2 765 2 -9 1.55 50
3 639 1 -9 2.72 55
1 396 2 -9 2.75 63
3 679 1 -9 11.7 99
1 599 2 -9 2.7 62
1 137 2 -9 1.6 52
2 738 1 -9 2.8 60
1 12 2 -9 5.2 70
1 609 1 -9 1.49 52
1 448 2 -9 4.5 81
1 263 1 -9 1.05 46
1 1 1 -9 2.19 58
1 1 1 -9 2.96 66
1 1 2 -9 5.2 74
3 794 1 -9 6.4 82
1 567 1 -9 3.1 68
1 545 1 -9 3.7 70
1 1 1 -9 1.18 47
1 1 1 -9 3.47 70
1 421 1 -9 8 80
1 1 1 -9 1.73 55
1 1 2 -9 2.45 61
1 1 1 -9 4.18 78
2 714 1 -9 5.6 72
1 508 1 -9 4.15 75
1 479 1 -9 1.9 54
1 1 2 -9 2.4 56
1 320 2 -9 4.6 67
1 1 2 -9 5.31 80
1 1 2 -9 6.94 81
3 629 2 -9 2.62 64
3 776 1 -9 8.72 88
1 35 1 -9 3.5 64
1 239 2 -9 0.98 44
1 164 1 -9 2.84 58
3 1 2 -9 5.35 73
3 900 2 -9 1.2 48
1 466 2 -9 0.71 43
1 345 2 -9 1.54 49
1 419 2 -9 5 80
3 699 2 -9 3.7 65
1 374 2 -9 8.17 85
2 715 1 -9 3.3 61
1 476 1 -9 -9 66
3 1 2 -9 3.8 68
1 1 2 -9 -9 60
1 1 2 -9 -9 60
1 1 1 -9 -9 50
1 1 2 -9 -9 62
1 92 1 -9 2.5 46
1 1 2 -9 3.37 63
1 1 2 -9 4.39 71
1 205 2 -9 1.75 57
1 1 2 -9 3.16 60
1 1 1 -9 5.61 73
3 883 1 -9 1.04 46
3 626 1 -9 7.05 81
1 260 1 -9 2.4 56
2 874 1 -9 1.24 57
1 48 2 -9 8 58
1 570 2 -9 3.4 74
1 60 2 -9 5.9 75
2 649 1 -9 1.8 52
1 1 2 -9 1.38 53
3 749 2 -9 2.8 60
3 868 2 -9 3.83 68
1 17 2 -9 5.2 76
3 1 1 -9 2.24 60
1 1 2 -9 -9 65
3 821 1 -9 4.96 72
3 681 1 -9 4.4 76
1 539 2 -9 1.76 53
1 541 2 -9 0.68 40
1 450 1 -9 3.3 67
1 355 2 -9 4.5 70
1 1 1 -9 9.34 94
3 1 2 -9 2.4 56
1 1 1 -9 7.86 84
3 889 2 -9 2.34 62
1 1 2 -9 3.57 70
3 645 1 -9 2.1 55
3 871 2 -9 1.35 51
1 112 2 -9 1.17 46
3 691 2 -9 3.2 62
1 328 2 -9 5.6 74
1 372 1 -9 0.62 39
1 429 2 -9 4.13 73
2 811 1 -9 2.2 56
3 1 2 -9 2.24 62
3 1 2 -9 4.29 74
1 1 2 -9 -9 59
1 375 1 -9 4.9 71
1 1 2 -9 2.55 62
1 1 2 -9 1.12 47
1 1 1 -9 5.2 80
2 862 2 -9 5.25 73
1 553 2 -9 3.1 67
3 670 2 -9 4.18 71
1 150 1 -9 -9 68
1 1 2 -9 2.6 64
3 879 1 -9 12.6 96
1 151 2 -9 3.5 64
1 26 2 -9 3.9 70
1 431 1 -9 3.82 69
1 298 2 -9 5.25 71
1 477 2 -9 -9 72
1 415 1 -9 11.1 99
1 386 2 -9 3.75 71
1 14 1 -9 3.9 72
1 189 2 -9 4 66
1 1 1 -9 1.8 52
1 1 1 -9 -9 69
1 614 2 -9 3.41 69
1 1 1 -9 3.06 62
1 1 2 -9 3.57 62
1 204 2 -9 4.85 71
1 1 1 -9 6.73 78
1 1 1 -9 7.35 85
1 455 1 -9 0.98 45
2 761 2 -9 1.6 51
1 1 2 -9 3.9 73
1 461 1 -9 4.07 74
1 88 2 -9 2.4 54
1 1 1 -9 6.53 79
1 409 1 -9 3.2 64
1 43 1 -9 7.2 81
1 373 1 -9 1.22 48
3 734 2 -9 1.63 53
1 339 2 -9 4.2 72
1 1 1 -9 1.1 45
1 245 1 -9 1.3 49
1 91 2 -9 8.5 82
1 254 2 -9 3.4 63
3 823 1 -9 4.16 70
1 432 1 -9 -9 47
1 1 2 -9 4.59 71
1 1 2 -9 2.14 58
1 1 1 -9 1.22 46
3 709 1 -9 5.3 74
3 795 2 -9 1.2 49
1 531 2 -9 4.5 76
1 499 2 -9 5.8 75
1 212 1 -9 2.59 62
2 651 2 -9 4.38 71
1 268 2 -9 2.67 64
1 1 2 -9 3.27 71
2 714 1 -9 2.9 60
2 803 2 -9 6.1 88
3 1 2 -9 2.2 60
2 742 1 -9 6 77
1 352 1 -9 2.2 55
1 1 1 -9 -9 79
1 1 1 -9 -9 55
1 1 2 -9 -9 57
1 1 2 -9 -9 66
1 249 1 -9 0.85 41
1 616 2 -9 5.14 75
1 614 1 -9 2.01 58
1 1 1 -9 4.69 69
3 682 1 -9 6.5 80
1 1 1 -9 3.27 66
3 774 2 -9 1.87 54
1 4 2 -9 5.8 75
1 1 1 -9 5.7 76
2 878 1 -9 5.72 75
1 171 1 -9 5 78
3 716 1 -9 2.45 62
3 1 1 -9 2.4 61
1 461 1 -9 1.37 49
1 1 2 -9 2.76 65
2 727 2 -9 1.01 56
2 706 2 -9 3 65
3 1 1 -9 1.84 58
1 1 1 -9 -9 66
1 1 1 -9 -9 84
1 245 2 -9 3.65 63
1 97 1 -9 1.15 57
3 1 2 -9 3.2 56
1 1 2 -9 7.55 87
3 795 1 -9 2.4 61
1 83 2 -9 5.9 72
1 529 1 -9 2.5 64
3 595 1 -9 4.2 74
3 771 1 -9 4.59 71
3 1 1 -9 8.55 83
1 291 1 -9 3.1 67
3 744 1 -9 2.4 60
1 560 1 -9 5 72
2 842 1 -9 2.7 65
1 208 2 -9 1.75 54
1 588 2 -9 5.5 80
1 589 1 -9 2.4 59
1 1 2 -9 3.3 64
1 1 1 -9 2.21 56
1 1 2 -9 -9 62
1 1 2 -9 -9 64
1 538 1 -9 3.28 65
3 661 1 -9 2.04 55
3 1 1 -9 4.4 68
1 1 2 -9 2.4 64
1 498 1 -9 4.2 68
2 792 2 -9 7 85
3 629 1 -9 2.62 60
2 762 2 -9 2.6 50
1 236 1 -9 3.07 59
1 157 1 -9 2.6 53
1 1 1 -9 3.4 69
1 72 1 -9 4.1 68
3 603 2 -9 7.1 81
1 382 1 -9 3.79 70
1 14 2 -9 0.9 45
1 77 2 -9 6.3 76
1 1 1 -9 -9 60
1 1 2 -9 -9 62
1 1 1 -9 -9 90
1 1 1 -9 -9 46
1 253 1 -9 1.1 45
1 604 1 -9 3.81 72
1 1 2 -9 5.61 76
3 681 2 -9 6 80
1 450 1 -9 1.9 56
1 1 2 -9 4.29 69
2 765 1 -9 6.3 77
1 400 1 -9 6.2 76
1 102 2 -9 2.95 61
1 348 2 -9 2.8 62
1 1 1 -9 8.06 85
1 417 2 -9 4.9 63
1 137 2 -9 1.7 52
1 1 2 -9 4.23 74
3 731 1 -9 3.6 67
1 492 1 -9 2.8 63
1 1 2 -9 -9 75
3 624 2 -9 11.72 98
1 495 1 -9 1.7 55
3 1 2 -9 3.6 64
3 660 2 -9 1.66 53
3 1 1 -9 2.3 54
1 353 2 -9 4.6 76
1 1 1 -9 10.61 94
1 555 1 -9 5.3 70
2 764 1 -9 2.85 62
1 259 1 -9 4.8 70
1 238 2 -9 3.08 59
1 219 2 -9 2.71 62
1 309 2 -9 2.2 54
1 465 1 -9 3.02 63
1 46 2 -9 7.2 77
1 364 2 -9 2.74 61
1 349 1 -9 3.7 63
1 50 2 -9 3.9 69
1 1 1 -9 5.31 71
1 478 2 -9 2.1 59
1 324 1 -9 1.2 46
1 1 1 -9 -9 91
3 788 2 -9 3.8 66
1 1 1 -9 4.29 68
1 1 1 -9 4.95 72
3 1 1 -9 3.2 62
1 1 2 -9 1.48 52
1 521 2 -9 3 63
3 668 1 -9 1.3 52
1 224 2 -9 8.46 86
1 1 2 -9 2.4 56
1 405 2 -9 2.6 66
1 600 2 -9 5 74
1 463 2 -9 2.75 64
1 346 2 -9 10.16 91
1 45 1 -9 2.3 60
1 518 1 -9 2.6 60
1 285 2 -9 4.32 75
1 1 2 -9 6 81
1 1 1 -9 -9 57
1 321 2 -9 2.4 54
1 1 1 -9 -9 74
1 322 1 -9 3.5 66
3 822 1 -9 1.34 49
1 1 1 -9 2.14 54
1 1 2 -9 3.11 65
1 1 1 -9 4.9 69
1 1 2 -9 2.55 60
1 1 1 -9 9.08 90
1 503 2 -9 1.1 46
1 506 2 -9 3.1 70
2 717 1 -9 2.5 57
1 107 1 -9 6.26 74
1 474 2 -9 4.3 72
3 576 1 -9 1.62 51
1 1 2 -9 4.5 77
1 516 2 -9 2.7 67
1 1 1 -9 6.33 80
1 1 1 -9 -9 81
3 622 1 -9 3.45 70
1 1 1 -9 5.51 72
3 1 1 -9 2.5 62
1 114 1 -9 1.09 46
3 1 1 -9 2.4 57
2 664 1 -9 6.04 81
1 1 1 -9 6.94 80
1 531 1 -9 1.7 53
1 234 2 -9 3.32 71
1 402 2 -9 3.2 63
1 272 2 -9 0.8 40
1 39 2 -9 3.6 67
1 188 1 -9 7.1 81
2 812 2 -9 2.6 60
2 805 2 -9 5.16 81
2 750 2 -9 4.6 81
1 1 2 -9 3.27 64
1 315 1 -9 3.2 69
3 1 1 -9 2.6 60
1 1 2 -9 5.36 73
1 1 1 -9 2.86 64
1 1 2 -9 1.12 48
1 1 2 -9 3.67 63
1 1 2 -9 3.62 65
3 886 1 -9 13.82 99
2 888 1 -9 1.22 48
3 759 1 -9 3 80
1 519 2 -9 4 73
3 768 1 -9 1.55 53
1 51 1 -9 6.3 78
1 40 2 -9 4.6 68
1 420 1 -9 8 85
1 563 1 -9 5.82 77
1 391 2 -9 2.9 63
2 638 1 -9 2.4 54
2 796 2 -9 1.8 45
3 767 2 -9 4.6 72
1 1 2 -9 2.1 61
1 1 2 -9 -9 54
2 753 1 -9 4.8 72
1 470 2 -9 3.6 67
1 1 2 -9 3.62 70
1 1 2 -9 4.39 75
2 863 1 -9 2.93 63
1 223 2 -9 5.56 70
3 768 1 -9 3.11 65
1 2 2 -9 -9 76
2 684 1 -9 4.3 72
2 687 2 -9 5.31 76
3 640 2 -9 4.47 74
3 550 1 -9 2.7 63
3 896 1 -9 6.56 80
1 473 2 -9 1.8 56
1 1 2 -9 6.12 82
2 650 2 -9 4 68
1 1 2 -9 2.24 64
3 749 1 -9 4.5 69
3 1 1 -9 2.04 54
2 742 1 -9 2.4 55
1 1 2 -9 5.8 69
1 1 2 -9 -9 62
1 1 2 -9 -9 63
3 682 2 -9 2.3 59
3 1 2 -9 2.2 58
3 1 2 -9 6.1 77
1 1 2 -9 3.04 68
1 1 2 -9 4.03 75
3 633 2 -9 2.49 60
2 596 1 -9 3.6 70
3 838 1 -9 1.3 50
1 520 2 -9 2.5 63
1 230 1 -9 6.38 77
1 213 1 -9 1.69 52
3 643 1 -9 6.44 57
1 178 1 -9 4.3 68
1 30 2 -9 4.2 72
1 1 1 -9 2.76 60
1 138 1 -9 3.4 67
3 743 2 -9 2.2 56
1 1 1 -9 -9 64
1 271 2 -9 -9 41
1 609 2 -9 3.27 64
1 608 2 -9 2.74 64
1 1 2 -9 3.06 62
1 206 1 -9 1.15 49
1 440 2 -9 3.05 64
1 118 2 -9 6.9 77
3 1 1 -9 4.2 68
3 1 1 -9 4.2 69
2 662 1 -9 1.9 55
1 1 2 -9 2.65 61
2 892 2 -9 5.78 75
1 504 1 -9 1.4 54
1 20 1 -9 15.8 109
1 1 1 -9 4.69 73
1 69 2 -9 2.2 56
1 369 1 -9 1.19 47
1 126 2 -9 9 80
2 840 2 -9 2.9 64
1 393 1 -9 1.7 58
1 585 2 -9 5.2 73
1 32 2 -9 3.4 57
3 1 2 -9 2.04 59
2 754 2 -9 3.3 65
1 96 2 -9 2.75 59
1 315 2 -9 2.5 68
1 263 2 -9 8.2 76
3 1 1 -9 5.1 74
1 1 1 -9 4.54 78
1 1 1 -9 3.16 67
1 454 1 -9 2.52 61
3 794 1 -9 1.3 51
2 597 1 -9 13 105
3 632 1 -9 2.01 56
1 231 2 -9 1.92 56
1 1 2 -9 3.7 67
3 846 1 -9 2 44
2 719 1 -9 3.85 66
3 893 2 -9 1.91 55
1 21 2 -9 4.4 73
1 468 1 -9 5.21 75
1 334 1 -9 4 69
2 901 2 -9 9.6 86
1 386 1 -9 5.1 74
1 80 2 -9 0.9 42
2 706 2 -9 5 68
1 1 2 -9 -9 78
1 1 2 -9 -9 67
1 1 2 -9 -9 44
3 823 1 -9 2.36 59
1 1 2 -9 5.41 72
1 195 2 -9 3.75 67
1 193 2 -9 0.92 45
1 196 2 -9 2.65 59
1 264 1 -9 1 46
1 1 2 -9 2.76 60
1 1 1 -9 1.33 50
1 453 2 -9 3.21 66
3 832 2 -9 2.02 57
2 760 2 -9 1.3 46
1 146 1 -9 1.4 52
1 278 2 -9 3.6 70
1 162 1 -9 7 72
1 156 2 -9 4.4 68
1 427 1 -9 0.2 28
3 1 1 -9 2.75 65
3 1 2 -9 4.2 73
1 104 1 -9 4.52 69
1 573 1 -9 2.56 60
1 131 1 -9 13.8 99
1 165 2 -9 1 44
3 736 1 -9 5.8 75
3 652 2 -9 1.8 62
1 10 2 -9 4.5 73
1 280 1 -9 9.5 85
1 1 2 -9 -9 60
3 680 1 -9 3.06 62
1 446 2 -9 5.9 76
1 124 1 -9 3.1 66
1 1 2 -9 3.88 70
1 1 2 -9 2.7 60
1 580 2 -9 -9 76
1 1 1 -9 4.54 68
2 861 2 -9 9.84 86
1 1 1 -9 7.35 79
1 82 1 -9 9.8 83
1 184 1 -9 1.2 47
1 23 2 -9 5.2 75
1 570 1 -9 7.1 84
1 335 2 -9 1.9 51
1 1 1 -9 11.12 99
3 637 2 -9 3.51 64
2 840 2 -9 6 78
1 383 1 -9 3.28 69
1 1 2 -9 -9 78
1 435 1 -9 -9 68
1 200 1 -9 3.2 64
1 1 2 -9 4.18 72
3 860 1 -9 1.31 48
3 675 2 -9 4.11 69
1 530 2 -9 2.1 63
3 773 1 -9 3.65 66
1 33 2 -9 2.4 56
1 509 2 -9 1.1 53
2 872 1 -9 3.22 62
3 895 2 -9 1.53 53
1 1 2 -9 6.43 78
1 1 2 -9 1.7 53
1 1 2 -9 3.3 67
2 844 2 -9 7.7 85
3 1 1 -9 1.7 54
1 1 2 -9 2.6 60
1 1 2 -9 -9 80
1 325 2 -9 5.4 72
1 66 1 -9 5.1 73
1 317 2 -9 3.6 71
3 1 2 -9 2.5 59
3 1 1 -9 2.7 64
3 666 1 -9 4.28 72
3 1 1 -9 2 55
2 760 2 -9 2.3 58
3 781 1 -9 5.39 76
1 1 2 -9 4.2 72
1 307 2 -9 4.5 71
3 677 1 -9 -9 66
3 1 1 -9 2.35 56
3 1 1 -9 3.25 67
3 899 1 -9 3.96 71
1 87 2 -9 1 44
2 801 2 -9 2.64 60
1 311 1 -9 6.1 75
3 740 2 -9 6.8 76
1 305 1 -9 4.55 71
1 1 2 -9 -9 57
2 824 2 -9 7.56 88
3 826 2 -9 1.36 50
1 1 1 -9 4.39 65
1 534 2 -9 1.84 59
1 201 2 -9 1.4 50
1 201 1 -9 1.7 53
3 1 2 -9 5.5 75
1 1 2 -9 4.08 73
1 1 1 -9 3.47 63
1 1 1 -9 2.65 67
3 856 2 -9 4.78 74
1 496 2 -9 -9 43
2 790 2 -9 5.7 81
3 757 2 -9 2.1 68
2 765 2 -9 1.75 51
3 772 1 -9 3.78 68
1 149 1 -9 7 74
1 182 2 -9 2 55
3 899 1 -9 1.26 50
1 420 1 -9 14 103
1 1 1 -9 -9 82
1 1 2 -9 -9 67
1 1 2 -9 -9 67
1 1 1 -9 -9 85
1 1 1 -9 -9 51
1 1 2 -9 5.77 73
1 536 2 -9 1.12 47
1 444 2 -9 3.7 68
1 198 1 -9 2.4 62
1 1 2 -9 1.43 48
1 1 1 -9 1.53 54
1 1 2 -9 2.35 60
1 228 1 -9 6.32 76
1 567 2 -9 4.9 81
1 1 1 -9 4.6 74
1 511 1 -9 6.3 67
1 296 2 -9 -9 60
1 350 2 -9 2.4 60
1 1 2 -9 4.49 70
1 1 1 -9 3.4 66
3 736 2 -9 5.3 76
3 869 1 -9 6.1 77
3 1 1 -9 1.84 56
1 1 1 -9 -9 79
1 1 2 -9 5.5 69
1 1 2 -9 -9 63
1 247 2 -9 2 59
3 788 2 -9 3.6 65
1 615 1 -9 1.22 50
3 1 1 -9 4.3 70
1 1 2 -9 5.2 77
1 1 2 -9 3.16 66
1 499 1 -9 2.8 57
1 1 2 -9 4.7 78
2 689 2 -9 1.6 51
1 1 1 -9 2.8 68
1 399 1 -9 3.6 66
1 163 1 -9 2.02 49
1 414 1 -9 4.5 74
1 130 2 -9 6.9 81
1 425 2 -9 3.59 69
3 730 2 -9 1.6 53
1 303 1 -9 1.53 53
3 800 2 -9 3.17 67
1 1 2 -9 -9 71
1 1 1 -9 -9 57
2 755 1 -9 1.7 53
1 90 2 -9 5.5 75
1 439 1 -9 2.08 57
3 1 1 -9 3.3 68
3 1 2 -9 1.5 49
1 1 2 -9 1.53 51
3 854 1 -9 2.56 59
2 762 1 -9 2.5 59
3 780 1 -9 6.77 78
2 687 1 -9 4.54 74
1 154 2 -9 3 60
1 170 2 -9 3.8 66
1 85 1 -9 2.2 56
1 1 2 -9 3.16 70
1 1 1 -9 2.2 58
1 62 1 -9 0.85 43
1 56 1 -9 1 57
1 371 2 -9 1.2 50
2 725 1 -9 7.4 81
2 656 2 -9 1.8 62
2 707 2 -9 3.8 67
1 1 2 -9 0.9 41
1 1 2 -9 2.6 63
1 1 2 -9 -9 70
1 1 1 -9 -9 75
1 1 2 -9 -9 52
1 203 2 -9 0.95 48
1 319 1 -9 2.4 65
1 282 1 -9 4.2 67
1 487 2 -9 4.82 72
3 1 2 -9 2.8 59
2 837 2 -9 3.7 68
3 642 1 -9 3.41 65
1 149 1 -9 3.5 62
1 259 2 -9 5.2 76
1 404 2 -9 3.75 66
1 183 1 -9 2.3 56
3 1 1 -9 8.3 84
1 111 2 -9 1.95 54
1 331 2 -9 2.2 54
1 332 2 -9 3.3 64
1 361 2 -9 1.5 55
1 136 1 -9 2.6 64
1 581 1 -9 4.25 68
3 743 1 -9 3.5 65
1 394 2 -9 5 73
1 480 1 -9 2.46 60
1 8 2 -9 4.2 64
1 1 1 -9 -9 80
1 1 1 -9 6.65 78
1 1 1 -9 -9 74
1 542 2 -9 2.42 61
1 433 2 -9 -9 77
3 795 1 -9 8.7 87
2 765 2 -9 3.6 65
1 565 2 -9 1.2 48
1 509 2 -9 1.5 59
1 1 1 -9 4.8 77
1 402 1 -9 4.95 68
1 175 1 -9 8.5 83
3 678 2 -9 4.6 67
1 465 2 -9 3.55 66
1 471 2 -9 3.41 67
1 419 2 -9 3.1 69
1 240 2 -9 6.8 74
1 312 2 -9 4.4 66
2 797 1 -9 5.1 74
3 1 1 -9 6.94 84
1 196 1 -9 3.77 68
1 428 1 -9 -9 47
1 1 1 -9 6.02 80
1 1 1 -9 5.1 76
1 1 2 -9 2.04 60
1 1 2 -9 2.14 57
2 791 2 -9 2.1 59
2 789 2 -9 1.8 55
3 779 1 -9 6.67 81
1 310 2 -9 1.45 50
1 266 1 -9 0.9 44
1 300 1 -9 1.7 51
1 53 1 -9 3.4 63
1 60 2 -9 2.2 58
2 647 1 -9 2 58
1 372 1 -9 1.23 49
1 424 1 -9 3.16 63
1 306 1 -9 1.13 48
2 655 1 -9 1.4 53
1 1 2 -9 -9 65
1 619 1 -9 2.37 61
1 539 2 -9 2.04 60
1 1 1 -9 2.65 58
1 1 2 -9 5.77 76
2 663 2 -9 4.22 76
3 710 1 -9 3.8 62
1 1 2 -9 2.3 60
3 833 1 -9 5.76 77
1 529 1 -9 5.2 80
1 85 1 -9 3.2 64
1 412 1 -9 1.5 51
1 1 2 -9 2.1 60
1 40 2 -9 4 67
3 593 1 -9 3.5 68
3 747 2 -9 1.5 44
1 558 1 -9 6.6 82
1 215 1 -9 0.87 45
1 586 1 -9 1.2 48
2 654 1 -9 8.6 79
3 1 1 -9 3.67 66
1 1 2 -9 -9 75
3 623 2 -9 1.24 50
1 1 2 -9 3.67 69
1 1 1 -9 2.19 54
1 1 2 -9 2.86 57
1 1 1 -9 6.22 84
1 1 2 -9 2.25 58
1 1 2 -9 3.88 70
1 554 1 -9 6.6 84
2 792 2 -9 4.1 67
3 644 1 -9 2.91 67
1 397 1 -9 1.95 59
1 172 2 -9 1.45 49
2 601 2 -9 3.2 66
2 841 1 -9 5.5 75
2 806 2 -9 8.2 87
2 738 2 -9 2.9 63
2 655 1 -9 1.8 58
3 902 1 -9 9.89 92
1 12 2 -9 8.4 87
2 849 2 -9 2.83 63
3 1 1 -9 1.33 49
1 1 2 -9 -9 55
1 322 1 -9 3.5 66
1 604 2 -9 2.62 69
1 432 1 -9 -9 49
1 194 1 -9 3.49 64
3 1 2 -9 1.6 50
1 1 2 -9 2.86 65
2 891 2 -9 4 66
2 766 1 -9 3.1 63
3 769 2 -9 6.9 80
3 879 2 -9 7.65 80
1 277 2 -9 1.6 56
1 160 2 -9 2.1 54
1 427 1 -9 4.4 71
3 1 1 -9 7.55 81
1 268 1 -9 4.17 71
1 344 1 -9 2.14 54
1 1 1 -9 2.6 56
1 139 2 -9 1.9 56
1 1 1 -9 8.57 87
1 1 1 -9 1.99 61
2 848 1 -9 6.45 80
3 1 1 -9 6.2 81
1 1 2 -9 2.5 62
1 1 1 -9 3.65 64
1 1 2 -9 -9 55
1 1 2 -9 -9 76
1 67 1 -9 1.8 54
1 1 1 -9 3.27 62
1 542 1 -9 4.9 74
1 117 1 -9 4.6 69
1 1 2 -9 2.24 56
1 1 1 -9 2.96 61
3 858 2 -9 1.75 54
3 887 2 -9 3.32 63
3 885 2 -9 0.92 43
2 862 1 -9 4.4 70
1 44 1 -9 6.2 74
1 209 1 -9 2.1 55
1 486 1 -9 2.3 56
1 385 2 -9 3.08 65
1 1 2 -9 -9 59
1 606 2 -9 6.65 81
1 1 1 -9 6.28 79
1 1 1 -9 3.78 69
1 1 1 -9 12.45 100
1 275 2 -9 4.3 67
1 1 1 -9 3.98 68
1 1 1 -9 4.9 75
1 329 1 -9 2.4 57
1 141 2 -9 4.3 71
1 583 1 -9 2.24 56
1 485 2 -9 1.5 52
1 7 1 -9 3.6 69
1 9 1 -9 3.7 68
1 1 1 -9 -9 64
1 92 1 -9 7 79
1 255 2 -9 0.9 42
1 1 2 -9 3.67 62
1 354 1 -9 4.3 67
1 1 2 -9 2.55 60
3 759 2 -9 1.3 61
3 643 1 -9 6.24 79
3 775 2 -9 1.65 53
2 874 2 -9 0.82 42
1 510 2 -9 2.1 57
1 81 2 -9 3.5 64
1 22 2 -9 5.7 74
3 1 2 -9 6.05 75
1 18 1 -9 2.84 63
1 112 2 -9 2.19 56
1 1 1 -9 4.5 77
3 732 1 -9 1.43 49
1 256 2 -9 6.4 77
1 1 2 -9 3.93 70
1 591 2 -9 1.5 52
1 1 1 -9 1.43 48
3 795 2 -9 1.6 53
2 783 2 -9 1.34 50
2 683 1 -9 2.97 62
2 876 1 -9 9.46 88
3 721 2 -9 8.75 85
1 407 2 -9 2.6 64
1 1 1 -9 3.06 65
1 1 1 -9 4.6 74
1 73 2 -9 5.6 72
1 341 2 -9 1.39 49
1 1 1 -9 -9 71
1 1 1 -9 7.1 78
1 1 1 -9 -9 60
1 186 1 -9 4 64
3 818 2 -9 1.16 50
1 543 1 -9 4.2 76
1 317 1 -9 2.6 61
1 122 1 -9 3.2 64
1 1 2 -9 4.64 75
1 1 1 -9 1.53 51
1 1 2 -9 2.55 60
3 883 1 -9 6.9 82
3 794 2 -9 1.7 55
3 641 1 -9 3.36 66
1 1 2 -9 2.8 63
1 524 2 -9 1.4 53
3 894 1 -9 1.39 53
1 101 1 -9 3.29 66
1 526 2 -9 6.6 85
1 64 1 -9 4.4 70
1 89 1 -9 5.4 77
2 725 1 -9 2.8 61
3 732 2 -9 5.4 78
1 583 1 -9 2.34 60
3 800 1 -9 6.45 79
1 1 2 -9 3.3 68
1 93 2 -9 5.1 75
1 92 2 -9 3.75 65
1 610 1 -9 1.94 55
1 535 2 -9 1.38 50
3 1 2 -9 2.7 59
1 1 2 -9 2.09 59
1 1 1 -9 3.88 72
1 1 1 -9 5.41 75
1 222 1 -9 4.54 71
1 504 1 -9 1.2 49
1 1 1 -9 3 64
1 510 2 -9 1.5 50
1 400 1 -9 5.4 72
1 174 1 -9 11.2 93
1 269 1 -9 4.7 73
1 347 2 -9 2.88 64
1 351 1 -9 6.86 84
1 143 2 -9 2.7 61
1 515 2 -9 2.1 62
3 602 1 -9 3.02 66
1 381 2 -9 2.68 64
1 367 1 -9 4.6 70
1 77 2 -9 4.7 69
2 708 2 -9 6.2 74
1 592 2 -9 2.29 58
1 1 1 -9 6.3 74
1 326 2 -9 1.3 45
1 326 2 -9 3.8 64
1 1 1 -9 -9 75
1 327 2 -9 1.4 47
1 440 2 -9 3.29 67
1 1 1 -9 4.29 72
3 855 1 -9 4.73 74
3 1 2 -9 1.12 46
3 628 2 -9 1.61 53
3 668 2 -9 1 47
1 1 2 -9 1.8 50
1 176 2 -9 2.4 58
1 1 2 -9 2.9 64
1 216 2 -9 2.8 65
3 1 1 -9 2.35 61
1 1 2 -9 -9 84
2 755 1 -9 5.6 76
3 817 2 -9 1.42 50
