3 1 2 -9 5.51 75
3 21 2 -9 1.2 49
2 12 1 -9 5.97 78
2 8 1 -9 4.72 73
3 1 1 -9 -9 63
1 1 1 -9 2.45 58
1 1 1 -9 2.45 60
1 1 2 -9 3.26 65
1 1 1 -9 3.47 68
3 1 1 -9 12.45 96
3 1 1 -9 1.66 52
1 1 1 -9 3.52 69
1 1 1 -9 3.3 63
1 1 1 -9 6.94 84
3 1 2 -9 7.5 79
1 1 2 -9 2.55 63
1 1 2 -9 1.63 48
1 1 1 -9 4.59 74
1 27 1 -9 5.5 75
3 1 2 -9 5.2 71
1 1 2 -9 2.3 61
3 1 2 -9 2.55 58
1 1 2 -9 5.1 79
3 1 1 -9 3.47 67
3 1 1 -9 1.99 56
1 1 2 -9 2.45 65
1 1 2 -9 4.3 71
1 1 2 -9 4.8 72
1 28 2 -9 2.7 63
1 26 1 -9 4.2 69
1 29 1 -9 6.2 79
1 1 1 -9 6.73 86
1 1 1 -9 1.22 49
3 1 1 -9 2.6 59
3 1 1 -9 1.73 54
1 1 2 -9 2.3 57
2 10 2 -9 4.46 72
2 8 1 -9 3.32 66
2 4 1 -9 2.1 58
3 1 1 -9 4.3 65
1 1 2 -9 3.88 72
1 1 2 -9 2.54 63
1 1 1 -9 1.5 55
1 1 2 -9 2.76 61
1 1 1 -9 4.95 73
2 18 2 -9 4.34 67
3 1 2 -9 1.2 49
1 1 2 -9 2.4 62
1 1 1 -9 1.3 51
3 1 1 -9 2.04 58
1 1 2 -9 2.5 66
2 11 2 -9 2.15 58
2 9 1 -9 2.44 59
1 1 1 -9 5.71 81
1 1 2 -9 2.65 60
1 1 2 -9 2.96 65
1 23 2 -9 7.2 86
1 1 1 -9 5.41 72
1 1 1 -9 2.96 68
1 1 2 -9 2.95 66
3 1 2 -9 3.21 65
3 1 1 -9 5.31 76
3 1 1 -9 5.36 78
3 1 2 -9 2.24 65
3 1 1 -9 3.52 67
1 1 1 -9 1 45
2 15 1 -9 2.66 59
2 4 1 -9 5.94 78
2 2 1 -9 3.1 68
1 1 2 -9 2.81 66
1 1 2 -9 4.29 68
1 1 2 -9 3.2 70
1 1 2 -9 5.3 78
3 1 2 -9 4.08 70
3 1 2 -9 2.81 64
1 1 2 -9 3.42 67
3 1 2 -9 2.04 56
1 1 1 -9 2.5 60
1 1 1 -9 2.86 66
2 16 2 -9 4.04 66
2 19 1 -9 4.48 71
1 1 1 -9 2.45 63
1 1 1 -9 4.08 71
1 1 2 -9 2.86 63
1 26 1 -9 3.5 66
1 1 1 -9 2.8 64
1 1 1 -9 3.2 66
3 1 2 -9 3.83 72
2 15 2 -9 4.86 70
2 2 2 -9 2.2 55
1 1 2 -9 2.55 62
1 1 2 -9 2.19 64
1 1 1 -9 6.83 76
1 1 1 -9 3.98 66
1 1 1 -9 4.6 76
1 1 1 -9 3.47 70
1 1 1 -9 8.5 90
1 1 2 -9 4 71
1 1 2 -9 3.7 65
1 22 2 -9 4.6 72
3 1 2 -9 1.84 55
3 1 2 -9 3.16 64
1 1 2 -9 1.33 50
1 1 2 -9 1.99 57
1 1 1 -9 3.4 68
1 1 2 -9 1.3 48
2 5 2 -9 4.66 74
2 16 1 -9 11.84 97
1 1 1 -9 3.06 68
1 1 1 -9 7.04 83
3 1 2 -9 1.73 49
1 1 1 -9 2 61
1 1 1 -9 3.27 67
2 14 1 -9 2.08 56
2 20 2 -9 1.73 56
3 1 1 -9 -9 62
1 1 2 -9 2.45 64
1 1 1 -9 1.97 61
1 1 1 -9 3.27 67
3 1 1 -9 1.73 52
1 1 1 -9 3.98 71
1 1 2 -9 3.11 66
3 21 2 -9 2.03 59
2 5 2 -9 4.4 70
2 13 2 -9 3.5 67
3 1 2 -9 -9 56
3 1 2 -9 4.2 71
1 1 2 -9 3.47 70
1 1 2 -9 1.73 60
1 1 2 -9 1.94 59
1 1 2 -9 2.28 62
1 1 2 -9 2.1 52
1 1 2 -9 3.27 67
1 1 1 -9 3.47 69
1 1 1 -9 3.5 68
1 1 2 -9 3.06 67
2 9 2 -9 3.4 65
2 9 2 -9 4.83 73
2 8 2 -9 2.72 62
1 1 2 -9 2.35 55
1 28 1 -9 5.2 74
1 27 2 -9 4.2 70
1 1 2 -9 4.5 76
1 1 2 -9 2.6 63
3 1 1 -9 1.48 50
3 1 2 -9 1.63 53
1 1 1 -9 2.7 66
1 1 2 -9 2.4 60
1 1 1 -9 4.85 73
2 15 1 -9 3 63
3 1 2 -9 -9 59
3 1 2 -9 2.7 63
1 1 1 -9 1.94 54
1 1 2 -9 2.4 64
1 1 2 -9 4.3 74
1 1 2 -9 5.41 75
1 1 1 -9 5.1 82
3 1 2 -9 1.97 51
3 1 2 -9 4.63 73
1 1 1 -9 3.6 66
3 1 2 -9 5.1 74
1 1 1 -9 2.45 63
1 1 2 -9 2.24 60
1 1 1 -9 3 63
2 7 2 -9 2.38 58
2 2 2 -9 1.4 52
3 1 2 -9 -9 64
1 1 1 -9 5.54 75
1 1 1 -9 5.6 75
3 1 2 -9 2.76 61
3 1 1 -9 3.57 65
3 1 2 -9 3.21 56
1 1 2 -9 5.51 76
3 1 2 -9 5.41 78
1 1 1 -9 3.15 82
1 1 1 -9 2.45 58
1 1 2 -9 3.35 68
1 1 2 -9 2.86 68
1 1 1 -9 4.39 65
3 1 2 -9 2.7 61
1 1 1 -9 2.35 62
1 1 1 -9 2.2 59
3 1 2 -9 3.37 66
3 1 2 -9 3 66
1 1 2 -9 2.5 58
1 1 2 -9 3.8 69
1 1 2 -9 4.9 76
1 27 1 -9 6.7 81
3 1 1 -9 2.04 58
1 1 1 -9 3.27 69
1 1 2 -9 2.2 58
3 1 2 -9 5.97 81
1 1 1 -9 5.2 82
1 1 1 -9 1.22 48
1 1 1 -9 3.52 66
1 1 2 -9 3.1 63
1 1 2 -9 1 49
2 7 1 -9 3.28 66
3 1 2 -9 -9 61
1 1 2 -9 2.96 63
1 1 1 -9 3.47 65
1 1 1 -9 4.49 69
1 1 2 -9 7.04 83
1 1 1 -9 11.12 83
1 1 2 -9 1.8 53
1 1 1 -9 5.1 75
1 1 1 -9 3.8 69
1 1 1 -9 3.5 70
3 1 1 -9 5.1 74
1 23 2 -9 5.4 75
1 1 1 -9 4.5 67
1 1 1 -9 5.46 78
1 1 1 -9 3.4 67
3 1 1 -9 2.9 53
1 1 1 -9 4.3 67
1 1 2 -9 3.27 70
3 1 2 -9 2.65 61
1 1 2 -9 2.14 60
1 1 1 -9 2.4 61
1 1 2 -9 3.1 61
2 15 1 -9 7.5 82
1 1 1 -9 2.86 65
1 29 2 -9 5.1 75
3 1 1 -9 3.8 69
3 1 1 -9 9.08 90
1 1 2 -9 1.3 49
1 1 2 -9 5.9 80
3 1 1 -9 5 69
1 1 2 -9 4.08 69
1 1 2 -9 1.8 53
1 1 2 -9 3.47 70
2 12 1 -9 6.42 76
3 1 2 -9 -9 56
1 1 1 -9 4.49 69
1 1 2 -9 4.69 74
1 1 1 -9 1.1 47
3 1 1 -9 3 68
1 1 2 -9 1.85 58
1 1 2 -9 3.16 66
1 1 1 -9 4 71
3 1 1 -9 2.86 63
1 1 1 -9 2.96 64
1 1 2 -9 1.63 53
3 1 1 -9 -9 64
3 1 1 -9 1.8 53
1 1 2 -9 2.3 58
1 1 2 -9 2.24 57
1 1 1 -9 4.08 70
1 1 2 -9 2.25 63
1 1 2 -9 1.4 48
1 1 1 -9 1.99 59
3 1 2 -9 1.53 52
2 7 1 -9 5.6 78
2 17 1 -9 3.64 64
1 1 1 -9 5.2 77
1 1 1 -9 4.7 78
1 1 1 -9 5.61 77
1 1 2 -9 2.7 62
1 1 2 -9 2.4 63
1 1 2 -9 2.35 63
1 23 2 -9 5.4 72
1 1 2 -9 1.94 56
1 1 1 -9 3.57 69
1 1 2 -9 3.6 69
1 1 1 -9 5.3 75
1 25 1 -9 3.6 66
1 1 1 -9 3.5 73
3 1 1 -9 1.15 45
3 1 1 -9 1.63 51
3 1 2 -9 2.65 59
1 1 1 -9 3.16 70
3 1 2 -9 2.3 58
1 1 2 -9 2.24 62
1 1 1 -9 2.91 66
1 1 1 -9 3.37 61
1 1 2 -9 3.98 67
1 25 1 -9 6.6 78
1 27 2 -9 4.6 72
1 1 1 -9 4.1 77
1 23 2 -9 9.8 88
1 1 2 -9 1.73 59
1 1 2 -9 2.35 61
2 11 2 -9 2.86 64
2 10 1 -9 2.1 56
1 1 2 -9 2.04 58
1 1 2 -9 2.8 65
3 1 2 -9 4.9 77
2 11 1 -9 7.42 84
1 1 1 -9 1.7 51
1 1 1 -9 2.5 64
1 1 2 -9 3.78 73
1 25 2 -9 5.4 75
1 25 1 -9 2.8 59
1 1 2 -9 2.7 61
1 1 1 -9 3.8 71
1 1 1 -9 1.53 52
1 1 1 -9 2.4 57
1 1 2 -9 2.4 58
3 1 2 -9 4.13 70
2 6 1 -9 7.47 84
3 1 2 -9 -9 67
3 1 2 -9 5.3 74
1 1 1 -9 2.76 62
1 1 2 -9 2.3 65
1 1 1 -9 1.7 50
1 1 2 -9 4.08 76
1 1 2 -9 1.89 59
3 1 1 -9 3.88 70
1 1 1 -9 4.64 76
1 1 2 -9 2.2 60
1 1 1 -9 3.4 63
3 1 1 -9 13.67 100
1 1 2 -9 1.22 49
1 1 2 -9 0.97 44
1 1 2 -9 3.37 64
1 1 1 -9 2.96 62
1 1 2 -9 2.4 62
1 1 1 -9 3.88 72
1 1 2 -9 1.63 52
1 1 2 -9 5.6 73
3 1 2 -9 3.06 61
1 1 1 -9 6.3 83
1 1 1 -9 1.6 57
1 1 2 -9 2.04 55
1 1 2 -9 2.04 62
1 1 2 -9 2.81 63
1 1 1 -9 4.3 65
1 1 1 -9 5.2 76
1 1 1 -9 6.07 79
1 1 2 -9 3.1 64
1 1 1 -9 4 64
3 1 1 -9 8.16 85
1 1 2 -9 2.7 64
2 12 1 -9 2.89 62
2 16 2 -9 5.62 75
1 1 2 -9 2.45 60
1 1 1 -9 5 67
1 1 2 -9 5.5 83
1 1 2 -9 2.45 59
1 1 1 -9 11.53 94
3 1 2 -9 3.67 66
1 1 2 -9 2.5 66
1 1 2 -9 2.5 62
1 1 2 -9 1 44
1 1 2 -9 5.51 73
1 26 2 -9 4.7 73
3 1 2 -9 3.06 67
3 1 1 -9 4.69 70
1 1 1 -9 11.02 98
1 1 1 -9 1.73 54
1 1 1 -9 2.55 66
3 21 1 -9 5.52 81
2 9 2 -9 2.26 58
2 14 2 -9 7.82 85
1 1 2 -9 3.1 65
1 1 2 -9 4.08 69
3 1 1 -9 0.42 35
1 1 1 -9 1.5 50
3 1 1 -9 4.9 73
1 1 2 -9 3 65
3 1 2 -9 3.27 66
1 1 2 -9 9.69 91
2 10 1 -9 4.98 73
2 12 2 -9 4.4 71
1 1 1 -9 2.96 65
1 1 2 -9 2.35 57
1 24 2 -9 4.2 68
3 1 2 -9 4.18 70
2 11 1 -9 2.74 63
2 4 2 -9 5.54 68
2 20 2 -9 12.1 101
2 6 2 -9 4.88 77
1 1 1 -9 3.4 69
1 1 1 -9 1.97 61
1 1 2 -9 5.7 74
1 1 2 -9 2.35 64
3 1 2 -9 1.22 48
1 1 2 -9 2.7 63
1 1 2 -9 3 61
1 1 2 -9 3.7 66
1 1 2 -9 0.9 43
3 1 1 -9 3.88 71
1 1 2 -9 4.18 74
2 11 2 -9 4.76 73
2 11 1 -9 12.4 103
2 2 1 -9 2.8 63
2 17 2 -9 4.69 71
3 1 1 -9 -9 68
1 1 2 -9 5.92 78
1 1 1 -9 3.57 64
1 1 1 -9 5.71 76
1 1 1 -9 2.76 64
1 1 2 -9 4 74
1 1 2 -9 4.49 71
1 1 1 -9 1.5 50
1 1 2 -9 3.27 65
1 1 2 -9 1.53 53
1 23 2 -9 9.6 86
1 1 2 -9 2.14 56
3 1 1 -9 2.09 57
1 1 2 -9 2.9 65
1 1 1 -9 3.1 66
1 1 2 -9 3.57 65
1 1 1 -9 3 68
1 1 1 -9 3.57 70
3 1 2 -9 3.06 63
1 1 2 -9 2.6 65
3 1 2 -9 4.44 76
3 1 1 -9 1.94 56
1 1 1 -9 2.14 58
2 15 1 -9 6.98 84
2 19 2 -9 2.62 61
1 1 2 -9 5.81 73
1 1 2 -9 4.18 73
1 1 2 -9 1.63 57
1 1 2 -9 3 69
1 1 2 -9 3.5 66
1 1 2 -9 3.1 67
1 1 2 -9 2.3 61
2 7 1 -9 2.56 61
2 6 2 -9 4.33 70
1 1 2 -9 2.45 60
1 1 1 -9 3.67 71
1 27 1 -9 4.2 72
1 1 2 -9 4.9 79
3 1 1 -9 3.3 70
3 1 2 -9 5.15 73
1 1 2 -9 2.9 64
3 1 2 -9 3.83 68
2 9 2 -9 2.18 56
1 1 1 -9 3.27 67
1 1 1 -9 5.2 72
1 27 2 -9 4.3 70
1 29 2 -9 5.5 73
1 1 2 -9 4.3 75
1 1 2 -9 3.57 67
1 1 2 -9 1.12 53
1 1 2 -9 2.45 68
1 1 2 -9 3.1 68
1 1 1 -9 4.03 72
2 10 2 -9 4.71 75
2 4 1 -9 2.09 58
2 18 1 -9 6.34 79
2 8 2 -9 4.12 71
3 1 1 -9 -9 55
1 1 2 -9 2.86 66
1 1 1 -9 9.59 85
1 29 1 -9 7.4 80
1 1 1 -9 7.1 76
1 1 2 -9 1 46
3 1 1 -9 2.65 60
3 1 2 -9 2.45 64
1 1 1 -9 11.53 98
1 1 2 -9 2.5 59
1 1 1 -9 4.44 75
1 1 1 -9 2.35 63
1 1 1 -9 3.27 67
1 1 1 -9 4.39 70
1 1 1 -9 3.83 72
3 1 1 -9 3.43 81
2 6 1 -9 3.98 69
3 1 1 -9 5.8 74
1 1 1 -9 2.75 64
1 1 1 -9 5.71 75
1 1 2 -9 5.3 71
1 1 2 -9 3.4 63
1 1 2 -9 3.27 68
1 1 2 -9 2.6 60
1 1 1 -9 3.67 69
1 1 2 -9 1.1 48
3 1 1 -9 6.58 85
3 1 2 -9 3.4 70
1 28 1 -9 3.9 69
3 1 2 -9 2.5 65
1 1 1 -9 1.53 52
3 1 1 -9 2.04 56
2 20 2 -9 2.12 59
2 17 1 -9 2.64 61
3 1 2 -9 1.8 55
1 1 1 -9 2.45 58
1 1 2 -9 3.78 69
1 1 2 -9 6.43 79
1 26 1 -9 2.9 65
1 1 2 -9 2.6 64
1 1 2 -9 1.9 55
1 1 1 -9 1.84 55
3 1 2 -9 7.14 83
1 1 2 -9 2.5 60
1 1 1 -9 5 68
3 1 2 -9 6.3 75
1 1 1 -9 2.96 64
1 1 1 -9 2.1 57
3 1 1 -9 2.65 58
1 1 2 -9 2.14 54
1 1 2 -9 2.76 66
1 1 1 -9 3.01 67
1 1 1 -9 1.2 49
2 11 1 -9 2.68 65
2 2 2 -9 1.75 54
1 1 2 -9 1.73 56
1 1 2 -9 2.24 59
1 1 1 -9 3.37 63
1 1 2 -9 0.97 47
1 1 1 -9 1.9 52
1 1 2 -9 4.08 74
3 1 2 -9 2.04 57
1 1 2 -9 1.84 53
3 1 1 -9 3.01 64
1 1 1 -9 3.27 66
1 25 1 -9 4.3 67
1 26 2 -9 1.5 50
3 1 1 -9 2.49 58
1 1 1 -9 4.72 78
1 1 2 -9 3.8 72
3 1 2 -9 2.04 54
3 1 1 -9 3.88 70
1 1 2 -9 1.63 54
1 1 2 -9 3.78 72
1 1 2 -9 1.4 51
1 1 1 -9 4.69 75
2 2 2 -9 1.95 56
2 16 1 -9 7.36 82
1 1 2 -9 2.45 63
1 1 1 -9 8.4 92
1 1 1 -9 2.3 58
1 1 1 -9 1.53 51
3 1 2 -9 3.11 64
2 14 2 -9 3.92 68
2 8 2 -9 1.96 56
2 2 1 -9 3.4 68
2 13 2 -9 3.56 65
2 17 2 -9 3.74 66
2 19 2 -9 3.18 66
3 1 2 -9 -9 76
1 1 2 -9 3.47 70
1 1 2 -9 5.5 73
1 1 1 -9 3.46 70
3 1 1 -9 4.08 70
3 1 2 -9 7.04 80
3 1 1 -9 2.5 65
2 17 2 -9 5.78 78
3 1 1 -9 0.7 42
1 1 1 -9 5.51 77
1 1 2 -9 2.65 65
1 1 1 -9 4.59 72
1 28 2 -9 2.1 59
1 28 2 -9 3.6 63
3 1 2 -9 3.57 64
1 1 1 -9 3.6 73
1 1 1 -9 2.3 57
3 1 2 -9 3.16 63
3 1 1 -9 4.34 70
1 1 1 -9 3.3 60
2 20 1 -9 0.84 43
2 16 1 -9 3.98 67
2 19 2 -9 5.35 73
3 1 1 -9 -9 58
1 1 2 -9 3.37 69
1 1 1 -9 3.9 73
1 1 1 -9 2.6 67
3 1 1 -9 0.41 34
1 1 2 -9 3.6 71
3 1 2 -9 1.3 51
1 1 1 -9 7 83
1 1 2 -9 0.61 38
1 1 1 -9 2.55 65
1 23 2 -9 9 85
3 1 2 -9 3.37 68
1 1 2 -9 3.67 72
1 1 2 -9 1.7 52
2 2 1 -9 4.7 73
3 1 1 -9 -9 68
1 1 1 -9 2.55 60
1 25 2 -9 7.4 80
1 1 2 -9 4.2 70
3 1 1 -9 12.5 97
3 1 1 -9 1.58 52
1 1 2 -9 3.62 73
3 1 1 -9 3.47 65
3 1 1 -9 8.37 87
3 1 2 -9 1.68 51
1 1 2 -9 3.2 67
1 1 1 -9 3.06 65
1 1 1 -9 5.3 76
1 1 1 -9 9.08 83
3 1 1 -9 1.26 47
1 1 2 -9 3.4 66
1 22 2 -9 13.2 97
3 1 2 -9 2.65 59
1 1 1 -9 2.09 62
3 1 1 -9 1.28 48
1 1 1 -9 2.14 62
1 1 1 -9 2 57
1 1 2 -9 2.8 58
2 19 2 -9 2.14 56
1 1 2 -9 1.73 54
1 1 1 -9 5.1 79
1 1 2 -9 7.3 91
1 25 1 -9 5.1 70
1 27 2 -9 4.1 74
1 26 1 -9 7.6 78
1 1 2 -9 6.22 75
1 24 1 -9 15.4 96
1 22 2 -9 5.8 74
1 1 2 -9 2.4 62
1 1 2 -9 2.5 66
1 1 2 -9 4.34 74
2 9 1 -9 2.46 59
2 4 2 -9 2.14 58
2 4 2 -9 3.4 66
2 17 2 -9 4.09 67
1 1 2 -9 1.73 57
1 26 2 -9 4.8 72
3 1 2 -9 9.6 88
3 1 1 -9 2.65 64
3 1 2 -9 3.16 66
1 1 1 -9 1.6 54
1 1 2 -9 5.15 74
2 5 2 -9 2.14 57
3 1 1 -9 -9 65
3 1 1 -9 5.1 76
1 1 2 -9 2.04 54
1 1 1 -9 1.5 49
1 1 1 -9 2.8 59
1 1 2 -9 3.3 67
1 1 1 -9 1.5 49
1 1 1 -9 1.6 52
3 21 1 -9 9.04 90
1 1 2 -9 4.18 71
1 1 1 -9 8.5 87
1 29 2 -9 3.6 64
1 1 2 -9 5.8 73
1 1 2 -9 3.8 72
3 1 1 -9 2.96 64
1 1 1 -9 4.03 73
1 1 1 -9 5.71 80
1 1 1 -9 3.52 68
3 1 2 -9 4.39 71
3 1 1 -9 5.05 73
2 14 1 -9 2.52 61
1 1 2 -9 3.16 68
1 1 2 -9 2.65 62
1 1 1 -9 5.71 82
1 1 2 -9 1.83 55
3 1 1 -9 1.84 54
3 1 1 -9 2.86 64
1 1 1 -9 2.9 67
3 1 1 -9 3.98 69
1 1 2 -9 1.3 53
3 1 2 -9 4.95 78
3 1 1 -9 1.9 57
1 1 1 -9 2.55 63
1 1 1 -9 10.61 86
1 1 1 -9 4.39 66
1 1 2 -9 2.76 66
1 1 1 -9 1.73 51
1 1 1 -9 2.8 64
1 1 2 -9 5.85 81
1 1 2 -9 5.4 81
3 1 2 -9 2.14 54
1 1 1 -9 3.27 63
3 1 2 -9 1.84 54
2 13 2 -9 4.78 74
1 1 1 -9 3.06 63
1 1 1 -9 3.47 65
1 1 1 -9 2.4 59
1 1 2 -9 2.5 66
1 1 1 -9 5.3 76
1 23 2 -9 7.6 88
1 1 2 -9 3.52 65
3 1 1 -9 2.4 60
2 3 2 -9 7.04 85
3 1 1 -9 -9 62
1 1 2 -9 2.04 59
1 1 2 -9 2.8 62
1 1 2 -9 2.55 54
1 1 2 -9 2.22 61
1 1 1 -9 4.2 74
3 1 1 -9 3.16 66
3 1 1 -9 3.47 66
1 1 2 -9 2.35 62
1 1 1 -9 4.08 71
3 1 1 -9 4.59 72
1 1 2 -9 1.8 54
2 3 2 -9 4.81 73
2 5 1 -9 3.05 65
2 13 1 -9 6.04 78
3 1 2 -9 -9 59
1 1 1 -9 4.65 63
1 1 1 -9 3.64 70
3 1 2 -9 0.68 38
1 1 1 -9 4.39 68
3 1 2 -9 2.65 61
1 1 2 -9 2.3 59
1 1 2 -9 2.04 61
2 15 2 -9 2.76 61
2 3 1 -9 7.54 84
2 18 1 -9 5.32 74
1 1 1 -9 6.3 76
1 1 1 -9 3.98 73
1 1 1 -9 3.2 63
1 1 2 -9 7.7 87
1 1 1 -9 3.06 61
1 1 2 -9 2.14 58
1 1 1 -9 2.1 57
2 4 1 -9 3.99 71
3 1 1 -9 7.5 79
1 1 2 -9 3.2 69
1 28 1 -9 3.9 66
1 29 2 -9 6.7 75
1 1 2 -9 3.9 71
1 1 2 -9 4.8 79
3 1 1 -9 5.1 71
3 1 2 -9 2.6 63
1 1 1 -9 7.5 77
1 1 1 -9 1.7 57
3 1 1 -9 2.76 61
1 1 2 -9 1.79 57
1 1 2 -9 3 63
1 1 1 -9 4.3 67
1 1 1 -9 2.4 61
1 1 1 -9 11.53 99
2 19 1 -9 7.24 81
2 5 2 -9 1.82 53
3 1 2 -9 -9 59
3 1 1 -9 2.4 61
1 1 1 -9 4.18 72
1 28 1 -9 3.6 67
3 1 1 -9 1.77 52
1 1 1 -9 2.7 60
3 1 1 -9 2.55 59
1 1 1 -9 3.16 63
3 1 1 -9 4.18 74
1 1 2 -9 2.96 64
1 1 2 -9 1.8 54
3 1 1 -9 12.09 97
3 21 1 -9 4.76 73
1 1 2 -9 3.9 69
1 1 2 -9 7.3 81
1 1 1 -9 2.86 68
1 1 1 -9 3.98 73
3 1 1 -9 2.7 62
1 1 1 -9 3.8 67
1 1 1 -9 1.2 47
2 18 1 -9 4.78 71
1 1 2 -9 3.57 71
1 1 1 -9 3.37 61
1 1 1 -9 2.6 62
1 28 1 -9 2.6 62
1 1 1 -9 3.2 67
1 24 1 -9 4.8 71
3 1 1 -9 2.55 56
3 1 1 -9 3.83 67
2 11 2 -9 4.34 72
2 15 2 -9 4.36 70
2 16 2 -9 4.26 69
3 1 2 -9 5.1 73
3 1 1 -9 2 54
1 1 2 -9 1.73 52
1 1 2 -9 3.37 67
1 1 1 -9 2.86 64
1 1 1 -9 2.86 66
1 1 2 -9 6.1 85
1 1 2 -9 4 74
1 1 1 -9 6.4 84
1 1 1 -9 2 57
1 1 2 -9 1.5 50
1 1 1 -9 1.7 51
1 1 1 -9 5.9 74
1 1 1 -9 3 63
1 22 1 -9 11.8 90
3 1 2 -9 1.99 57
3 1 2 -9 2.3 65
1 1 2 -9 2.7 69
3 1 2 -9 3.93 70
2 10 2 -9 5.51 74
2 12 2 -9 2.78 63
3 1 1 -9 -9 78
3 1 1 -9 7.4 84
3 1 2 -9 3.1 65
1 1 2 -9 2.9 64
1 1 1 -9 1.5 52
1 1 2 -9 3.4 64
1 22 2 -9 3.2 62
1 1 1 -9 2.45 64
3 1 2 -9 3.57 66
1 1 2 -9 6.99 85
3 21 1 -9 5.62 79
2 13 2 -9 4.52 69
3 1 1 -9 2.7 66
1 1 2 -9 3.77 72
1 1 2 -9 3.2 61
1 1 1 -9 3.3 70
1 1 2 -9 3.8 74
1 28 1 -9 1.4 50
1 1 1 -9 1.9 51
3 1 2 -9 2.35 55
3 1 1 -9 6.12 78
1 1 1 -9 3.27 64
1 1 1 -9 2.65 65
1 1 1 -9 1.6 54
2 13 1 -9 2.14 57
3 1 1 -9 6.5 77
1 1 1 -9 5.51 79
1 1 2 -9 3.8 70
1 1 1 -9 4.9 78
1 1 1 -9 3.88 68
1 27 1 -9 4.4 71
1 1 1 -9 3.9 73
1 22 1 -9 9.8 87
1 1 2 -9 1.7 60
1 1 1 -9 4.8 75
1 1 2 -9 3.16 67
1 1 2 -9 3 61
1 1 2 -9 1.7 53
2 10 1 -9 4.04 70
2 16 1 -9 3.6 66
3 1 2 -9 -9 60
3 1 1 -9 5 71
1 1 2 -9 4.39 73
1 27 1 -9 11.6 89
1 1 2 -9 1.6 58
3 1 1 -9 3.27 64
3 1 1 -9 3.47 67
1 1 2 -9 1.53 50
1 1 1 -9 3.5 69
3 21 2 -9 1.52 53
2 14 1 -9 3.24 65
2 12 2 -9 6.24 79
3 1 2 -9 -9 75
1 1 2 -9 3.27 65
1 1 2 -9 3.57 66
1 1 2 -9 2.86 68
1 1 1 -9 6.8 72
1 1 1 -9 5.2 79
1 1 1 -9 7.5 85
3 1 2 -9 2.76 61
1 1 2 -9 3.1 71
1 1 2 -9 4.2 74
1 1 2 -9 4.69 74
3 1 2 -9 2.6 60
1 1 2 -9 3.27 71
3 1 1 -9 9.08 90
2 9 2 -9 1.94 58
2 13 2 -9 3.56 64
1 1 2 -9 3 62
1 1 1 -9 2.96 61
1 25 2 -9 2.5 58
1 1 1 -9 2 56
1 1 2 -9 2.76 64
1 1 1 -9 5.41 76
1 1 2 -9 2.1 59
1 1 2 -9 1.8 60
1 1 1 -9 3.27 69
1 1 1 -9 3.37 68
1 1 2 -9 1.53 51
1 1 1 -9 5 68
1 1 1 -9 1.2 47
1 1 1 -9 3.88 67
1 1 1 -9 1.2 56
1 1 1 -9 4.8 75
1 1 2 -9 2.65 67
3 1 1 -9 4.08 72
3 1 1 -9 1.79 55
1 1 1 -9 3.2 62
1 1 1 -9 1 45
2 18 2 -9 5.06 72
3 1 2 -9 8.4 90
1 1 1 -9 3.98 66
1 1 2 -9 4.9 82
1 1 2 -9 2.2 59
1 1 2 -9 3.27 67
1 26 1 -9 2 56
1 1 2 -9 4.5 69
3 1 2 -9 1.53 48
3 1 2 -9 5.41 78
1 1 2 -9 3.67 69
1 1 2 -9 2.6 62
3 1 1 -9 2.14 58
1 1 2 -9 3.7 63
1 1 2 -9 3.27 68
1 1 2 -9 3.37 69
2 14 2 -9 5.38 75
3 1 2 -9 3 64
1 1 2 -9 2.65 64
1 1 2 -9 1.53 50
1 1 2 -9 3.67 72
1 1 2 -9 3.57 67
1 1 2 -9 5.4 79
1 29 1 -9 5.1 70
1 1 2 -9 2.55 64
3 1 2 -9 1.68 52
1 1 1 -9 3.72 71
2 15 1 -9 4.49 70
2 10 1 -9 2.59 62
3 1 1 -9 1.5 55
1 1 2 -9 2.76 64
1 1 2 -9 7.2 85
1 1 1 -9 2 56
1 1 1 -9 2.04 59
1 1 1 -9 3.7 72
1 24 2 -9 5.8 71
1 1 1 -9 1.7 56
3 1 1 -9 2.24 56
3 1 2 -9 3.06 68
1 1 2 -9 1.2 48
1 1 2 -9 2.35 59
1 1 2 -9 5.9 84
1 1 2 -9 4.69 71
1 26 1 -9 2.7 62
1 1 2 -9 2.91 67
1 1 1 -9 3.6 71
1 1 1 -9 1.8 58
1 1 1 -9 2.04 55
2 5 1 -9 3.13 62
2 17 1 -9 3.32 64
1 1 2 -9 3.06 68
1 1 1 -9 5.56 78
3 1 2 -9 2.8 63
3 1 1 -9 4.64 76
1 1 1 -9 3.78 68
3 1 2 -9 -9 59
1 1 1 -9 6.4 82
1 1 1 -9 2.35 58
1 1 1 -9 5.3 75
2 8 2 -9 2.42 59
3 1 1 -9 -9 63
1 1 2 -9 2.04 56
1 1 1 -9 4.08 74
3 1 2 -9 5.87 76
1 1 1 -9 1.9 54
1 1 1 -9 5.51 77
1 1 2 -9 7.3 84
2 11 1 -9 2.82 63
3 1 1 -9 -9 67
1 1 1 -9 1.1 47
1 1 2 -9 2.5 65
1 1 1 -9 2.45 60
1 26 2 -9 7.5 86
1 1 2 -9 3.19 67
1 1 2 -9 4.6 69
1 1 1 -9 4.2 74
1 1 1 -9 1.8 57
2 20 2 -9 1.8 53
1 1 2 -9 2.6 61
3 1 2 -9 1.22 47
1 1 1 -9 3.6 70
1 1 1 -9 3.2 62
1 1 2 -9 1.7 58
1 1 1 -9 1.84 57
1 1 2 -9 1.8 53
1 1 2 -9 4.8 76
2 5 1 -9 5.44 75
3 1 1 -9 4.6 67
1 1 1 -9 7.05 86
1 1 2 -9 3 66
1 1 1 -9 1.5 48
1 22 1 -9 5.4 73
2 15 2 -9 2.4 59
1 1 2 -9 3.88 67
1 1 1 -9 3.3 65
1 1 2 -9 5.61 80
1 25 1 -9 7.9 85
3 1 1 -9 1.09 47
1 1 2 -9 1.3 47
1 1 1 -9 3.5 65
1 1 2 -9 5.1 71
1 1 1 -9 3.37 68
2 7 2 -9 4.4 70
2 3 1 -9 5.93 76
2 3 2 -9 6.61 83
2 3 1 -9 4.58 71
1 1 2 -9 3.06 69
1 1 1 -9 3.4 67
3 1 1 -9 1.35 46
1 1 1 -9 3.55 75
1 1 1 -9 2.2 61
1 1 2 -9 2.6 65
1 1 2 -9 2.6 63
1 1 2 -9 2.65 54
1 1 1 -9 2.85 65
1 1 1 -9 2.67 67
1 1 2 -9 1.84 55
1 1 2 -9 1.99 59
3 1 2 -9 2.7 57
1 1 1 -9 2.76 69
2 16 2 -9 3.44 65
2 19 1 -9 4.51 72
2 19 1 -9 5.2 75
3 1 1 -9 5.5 73
1 1 2 -9 2.35 62
1 1 2 -9 5.7 73
1 1 1 -9 4.69 71
1 29 2 -9 6.8 82
3 1 2 -9 0.65 37
1 1 2 -9 1.5 53
3 1 1 -9 2.14 54
1 1 2 -9 2.24 57
3 1 2 -9 2.76 60
1 1 2 -9 3.06 64
1 1 2 -9 4.95 75
2 9 1 -9 1.52 50
2 6 1 -9 3.48 68
3 1 2 -9 3.9 66
1 1 2 -9 2.96 64
1 1 1 -9 2.96 66
1 1 1 -9 1.3 50
1 1 1 -9 2.6 62
1 1 2 -9 2.73 63
1 1 1 -9 6.2 84
1 1 1 -9 8 90
1 1 1 -9 1.63 51
1 1 1 -9 2.24 57
1 1 2 -9 2.35 60
1 1 1 -9 2.76 64
3 1 1 -9 2.24 58
1 1 1 -9 2.7 63
1 1 1 -9 4 73
3 1 2 -9 3.67 74
1 1 2 -9 2.6 64
3 1 1 -9 6.12 79
2 18 2 -9 3.96 69
2 17 1 -9 5.5 77
3 1 1 -9 -9 58
1 1 2 -9 5.61 70
1 1 2 -9 5.1 77
1 1 1 -9 6.1 76
1 1 2 -9 6.22 79
1 1 2 -9 1.48 54
3 1 1 -9 2.5 65
1 1 1 -9 4.26 68
1 1 1 -9 4.7 75
1 1 2 -9 2.55 61
1 1 2 -9 7.24 85
3 1 2 -9 0.8 47
1 1 2 -9 3.57 64
1 1 1 -9 7.76 92
1 1 1 -9 5.3 75
1 1 1 -9 7.5 90
1 1 1 -9 3 68
3 1 1 -9 0.69 37
3 1 2 -9 0.58 36
1 1 1 -9 6.1 77
3 1 2 -9 1.84 52
1 23 1 -9 4.4 70
3 1 1 -9 2.91 66
1 1 1 -9 4.59 76
2 4 2 -9 1.94 55
2 5 1 -9 3.54 66
2 19 2 -9 3.44 64
1 1 2 -9 3.2 66
1 1 1 -9 4.29 69
3 1 2 -9 3.4 65
1 1 1 -9 6.3 76
1 1 2 -9 6.33 83
1 1 1 -9 2.8 62
3 1 1 -9 2.55 54
1 1 1 -9 6.5 82
1 1 1 -9 3.2 69
2 9 1 -9 3.66 67
2 12 1 -9 2.75 63
3 1 1 -9 -9 50
3 1 2 -9 -9 56
3 1 2 -9 -9 56
3 1 1 -9 1.7 53
1 1 2 -9 3.16 69
1 1 1 -9 4.6 75
1 28 1 -9 8.3 85
3 1 2 -9 1.36 47
1 1 2 -9 10.61 94
1 1 1 -9 2.09 61
1 1 2 -9 3.37 69
3 1 2 -9 7.55 82
2 9 1 -9 10.98 91
2 3 2 -9 5.21 78
1 1 2 -9 6.63 84
1 1 2 -9 2.7 66
1 1 2 -9 3.7 70
1 1 2 -9 5.51 78
1 1 2 -9 2.2 55
1 1 1 -9 3.5 67
1 1 2 -9 2.35 61
1 1 2 -9 3.01 65
1 1 2 -9 0.9 47
3 21 1 -9 1.72 57
2 8 1 -9 1.83 54
1 1 1 -9 2.96 68
1 1 1 -9 3.37 69
1 1 1 -9 3.78 70
3 1 2 -9 0.95 43
3 1 1 -9 0.21 28
1 1 2 -9 2.43 65
1 1 2 -9 5.2 74
1 1 1 -9 5.31 75
1 1 1 -9 3.8 72
1 1 2 -9 3.5 68
1 1 1 -9 3.06 66
3 1 1 -9 3.21 68
1 1 2 -9 3.6 68
2 10 1 -9 5.94 76
2 7 1 -9 1.99 56
2 19 1 -9 6.22 79
1 1 1 -9 3.37 68
1 1 1 -9 2.14 59
3 1 2 -9 2.04 54
3 1 2 -9 2.4 60
1 1 2 -9 1.8 53
1 1 2 -9 0.7 44
1 1 1 -9 5.3 70
3 1 1 -9 1.84 55
3 1 2 -9 4.18 69
1 1 1 -9 1.84 56
1 1 2 -9 2.35 61
1 1 1 -9 1 46
2 10 2 -9 1.49 50
2 6 2 -9 1.84 54
3 1 2 -9 4.4 76
1 1 1 -9 2.45 59
1 1 1 -9 2.5 67
1 1 2 -9 2.13 61
1 24 1 -9 5.2 73
3 1 1 -9 4.18 74
1 1 1 -9 4.39 74
3 1 1 -9 3.62 71
3 1 2 -9 2.96 62
1 1 1 -9 5.2 69
3 1 2 -9 3.93 70
2 5 2 -9 2.1 59
3 1 1 -9 -9 66
3 1 2 -9 5.4 75
1 1 2 -9 2.35 63
1 1 2 -9 3.26 68
1 1 1 -9 4.8 75
1 1 2 -9 3.27 62
1 1 1 -9 3.67 72
1 1 2 -9 2.96 68
1 1 1 -9 5.41 74
1 1 1 -9 3.06 65
3 1 1 -9 1.73 53
1 1 1 -9 3.67 68
1 1 2 -9 1.5 51
2 11 2 -9 3.5 68
2 14 1 -9 4.76 71
2 6 1 -9 3.86 68
2 6 2 -9 5.19 76
3 1 2 -9 -9 70
3 1 2 -9 4.2 68
1 1 2 -9 4.08 71
1 1 1 -9 2.65 67
1 1 2 -9 1.63 55
1 1 1 -9 7.95 89
1 1 1 -9 12.7 98
1 1 2 -9 3.8 73
3 1 2 -9 2.65 60
1 1 1 -9 2.45 58
3 1 1 -9 5.1 75
3 1 1 -9 3.4 66
1 1 1 -9 6.5 78
1 1 1 -9 2.35 54
1 1 1 -9 3.47 63
1 1 2 -9 4.9 77
1 1 2 -9 2.6 65
1 1 1 -9 3.8 69
3 1 2 -9 2.2 58
1 1 2 -9 2.2 55
1 1 1 -9 4.8 77
1 1 1 -9 4 72
1 1 1 -9 1.67 53
1 1 2 -9 1.94 56
3 1 2 -9 4.23 71
2 20 1 -9 1.82 56
1 1 2 -9 2.65 65
1 28 1 -9 5.1 73
3 1 2 -9 1.58 51
1 1 2 -9 1.6 53
3 1 1 -9 3.78 68
3 1 2 -9 2.91 63
2 6 2 -9 6.43 81
1 1 2 -9 3.3 72
1 28 2 -9 3.1 68
1 29 2 -9 5.7 81
3 1 1 -9 8 73
1 1 2 -9 3.7 69
3 1 1 -9 3.06 62
1 1 1 -9 5.2 77
2 20 1 -9 1 45
2 2 2 -9 3.5 66
2 17 2 -9 5 73
3 1 1 -9 -9 62
1 1 2 -9 4.85 72
1 1 1 -9 1.84 51
1 1 2 -9 3.57 71
1 1 2 -9 2.55 51
1 1 2 -9 3.16 67
1 1 2 -9 1.1 46
1 1 2 -9 2.1 61
1 1 2 -9 0.92 44
1 1 1 -9 2.4 63
1 1 1 -9 1.73 54
1 1 1 -9 5.4 75
1 1 1 -9 2.1 53
1 1 1 -9 1.7 52
2 13 1 -9 4.82 73
2 3 1 -9 3.7 68
3 1 2 -9 2.5 60
1 1 2 -9 3.67 69
1 1 1 -9 1.43 49
1 28 1 -9 2.7 62
3 1 2 -9 4.2 71
3 1 1 -9 1.7 52
1 1 1 -9 3.6 69
3 1 1 -9 2.65 60
1 1 2 -9 4.29 73
2 20 1 -9 1 45
2 6 1 -9 6.12 80
2 16 1 -9 7.2 80
3 1 2 -9 -9 68
1 1 2 -9 2.86 60
1 1 1 -9 1.93 55
3 1 2 -9 3.16 63
1 1 2 -9 1.73 55
2 7 2 -9 4 68
2 4 1 -9 2.91 65
3 1 2 -9 -9 62
1 1 2 -9 4.18 72
3 1 1 -9 5.56 76
3 21 2 -9 3.82 67
2 13 1 -9 5.58 78
1 1 1 -9 11.63 94
1 28 1 -9 4.6 71
1 1 1 -9 3.1 67
1 1 2 -9 4.18 73
1 22 1 -9 8.2 82
1 1 1 -9 1.73 55
1 1 2 -9 3.37 71
1 1 2 -9 3.72 72
2 8 1 -9 1.08 47
3 1 1 -9 3.9 66
3 1 2 -9 4.2 68
1 1 2 -9 4.4 72
1 1 2 -9 12.6 94
1 1 2 -9 4.2 76
1 1 2 -9 1.43 49
1 1 1 -9 8.57 88
1 25 1 -9 3.9 67
1 1 2 -9 3 70
1 22 1 -9 7 86
3 1 2 -9 3.52 69
3 1 2 -9 5.87 79
3 1 1 -9 7.04 80
2 4 2 -9 1.58 55
2 5 1 -9 1.81 56
2 18 2 -9 5.72 77
1 1 1 -9 16.63 107
1 1 1 -9 3.27 67
1 1 2 -9 3.16 58
1 1 2 -9 6.63 77
1 1 1 -9 3.8 72
1 1 1 -9 3.17 57
3 1 2 -9 2.7 61
1 1 2 -9 5 72
1 1 2 -9 2.66 63
1 1 1 -9 3.8 71
1 1 2 -9 1.9 55
2 15 2 -9 6.89 79
2 3 1 -9 3.06 65
1 1 2 -9 3 63
2 7 2 -9 4.6 72
2 18 1 -9 5.2 73
1 1 2 -9 3.27 66
1 1 1 -9 3.6 64
1 1 2 -9 5.5 83
1 1 1 -9 3 67
1 1 2 -9 3.88 73
1 27 1 -9 4.3 69
1 1 2 -9 3.6 72
1 1 1 -9 4.52 73
1 1 2 -9 3.1 64
3 1 1 -9 4.95 73
1 1 2 -9 1.3 47
1 1 1 -9 4.59 75
3 21 2 -9 2.42 60
2 16 2 -9 3.24 63
3 1 1 -9 -9 67
1 1 1 -9 4.8 80
1 1 1 -9 1.33 45
1 1 1 -9 3.16 69
1 1 2 -9 3.7 73
1 1 1 -9 1.4 52
3 1 1 -9 3.98 73
2 14 1 -9 7.2 84
2 17 1 -9 3.52 66
1 1 1 -9 1.63 51
1 1 2 -9 5.81 76
1 1 2 -9 2 60
1 1 2 -9 2.76 66
1 1 2 -9 3.9 71
3 1 1 -9 3 63
1 1 1 -9 1.68 52
3 1 2 -9 -9 59
1 1 2 -9 3.26 70
1 1 2 -9 3.37 65
1 1 2 -9 3.57 69
1 1 1 -9 3.7 70
1 1 2 -9 4.34 71
1 1 2 -9 1.7 52
1 1 2 -9 2.5 64
1 1 1 -9 6.8 79
1 1 2 -9 4.3 72
1 1 1 -9 2.24 58
1 1 2 -9 3.88 71
3 1 2 -9 1.73 54
1 1 1 -9 2.96 72
3 1 2 -9 7.35 88
2 14 2 -9 4.14 68
3 1 1 -9 -9 52
1 1 1 -9 2.45 62
1 1 1 -9 6.02 75
1 1 2 -9 2.35 63
1 29 1 -9 2.9 66
3 1 2 -9 11.4 100
1 1 2 -9 3.98 75
1 1 1 -9 1 48
1 1 1 -9 2.35 61
1 1 1 -9 2.45 63
1 1 1 -9 4.1 73
2 8 2 -9 1.5 51
2 3 2 -9 6.04 79
2 2 1 -9 2.5 60
1 1 1 -9 2.55 59
1 1 2 -9 2.96 61
3 1 1 -9 5.64 75
1 1 2 -9 5 76
1 1 1 -9 1.6 58
1 1 2 -9 2.45 60
3 1 1 -9 2.65 61
2 18 2 -9 2.48 60
2 13 1 -9 4.3 70
3 1 2 -9 -9 63
1 1 2 -9 2.1 56
3 1 2 -9 2.96 64
1 1 1 -9 5.1 78
1 1 1 -9 2.14 63
2 14 2 -9 2.96 62
2 12 2 -9 7.36 82
2 20 1 -9 2.82 64
3 1 1 -9 -9 72
1 1 2 -9 2.55 61
1 1 2 -9 3.52 69
1 1 2 -9 2.3 59
1 1 2 -9 3.5 68
1 1 2 -9 7.96 89
1 1 1 -9 2.1 52
3 1 1 -9 1.99 56
1 1 2 -9 1.63 57
1 1 2 -9 2.6 62
1 1 2 -9 4.1 71
1 1 2 -9 1.84 57
1 1 2 -9 2.86 59
1 1 2 -9 1.3 50
3 1 1 -9 2.14 57
3 1 1 -9 3.27 65
2 10 2 -9 5.64 79
2 18 1 -9 5.34 74
3 1 1 -9 -9 63
1 1 1 -9 1.8 53
1 1 2 -9 2.3 64
1 28 1 -9 1.5 51
3 1 2 -9 0.37 33
1 1 2 -9 2.2 55
1 1 1 -9 3.37 66
1 1 1 -9 3.47 67
1 22 1 -9 5.4 72
1 1 1 -9 1.33 50
2 7 1 -9 7.76 86
2 20 2 -9 6.21 81
2 12 1 -9 4.66 70
1 1 1 -9 3 60
1 1 1 -9 8.2 84
1 1 1 -9 3.06 64
1 1 2 -9 4.08 74
1 1 1 -9 6.5 79
1 1 1 -9 2.4 61
1 1 2 -9 3.2 66
1 1 2 -9 4.54 76
3 1 1 -9 6.99 80
3 1 2 -9 -9 56
1 1 2 -9 5 74
1 1 1 -9 1.33 48
3 1 2 -9 3.27 62
1 1 2 -9 11.9 94
1 1 1 -9 1 48
1 1 2 -9 2.35 59
1 1 1 -9 2.55 65
3 1 2 -9 3.21 65
1 1 1 -9 2.65 67
3 1 1 -9 4.64 74
1 1 1 -9 4.13 75
2 12 2 -9 5.72 78
1 1 1 -9 4.18 73
1 1 1 -9 2.75 67
1 1 2 -9 4.39 72
1 1 1 -9 3.5 67
1 1 1 -9 1.9 56
1 1 1 -9 7.1 74
1 1 1 -9 4.4 68
3 1 1 -9 6.63 76
3 1 2 -9 3.37 68
1 1 2 -9 11.84 94
1 1 1 -9 2.55 60
3 1 2 -9 2.96 61
1 1 2 -9 2.8 61
3 1 1 -9 3.16 67
1 1 2 -9 3.67 72
2 8 1 -9 3.38 67
2 7 2 -9 1.9 53
1 1 1 -9 1.84 54
1 1 1 -9 8.9 89
1 1 1 -9 1.3 48
1 1 1 -9 8.9 93
1 1 2 -9 4.34 73
3 1 1 -9 3.06 67
1 1 1 -9 3.5 60
3 1 2 -9 4.39 70
1 1 1 -9 4.69 72
1 1 1 -9 3.98 68
1 1 2 -9 2.1 61
3 1 2 -9 1.72 50
1 1 2 -9 1.5 52
1 1 2 -9 3.78 71
1 1 2 -9 8.9 87
3 1 2 -9 5.61 74
1 1 1 -9 0.71 39
