1 316 2 -9 1.9 58
2 1017 2 -9 3.7 67
3 1 1 -9 2.04 59
1 192 2 -9 1.3 50
1 416 1 -9 1.03 43
1 269 2 -9 3.7 69
3 1092 2 -9 3.85 65
1 1 1 -9 4.64 67
2 623 1 -9 1.31 49
1 327 2 -9 2.35 59
3 1025 2 -9 6.8 82
3 1 1 -9 2.75 62
3 1 2 -9 1 46
1 2 2 -9 4.52 69
1 42 1 -9 6.18 74
1 6 1 -9 4.4 69
1 1 2 -9 4.8 67
3 1 2 -9 1.99 56
1 1 2 -9 7.23 80
1 1 1 -9 4.29 79
1 1 1 -9 3.67 68
1 1 2 -9 2.35 66
1 1 2 -9 2.35 57
1 152 1 -9 2.1 61
2 1 1 -9 3.5 64
2 1161 1 -9 1.8 51
2 1061 2 -9 3.1 60
1 98 1 -9 3.77 67
1 76 1 -9 3.2 63
1 99 1 -9 2.8 71
1 190 1 -9 5.4 76
1 1 2 -9 2.5 68
1 1 2 -9 5.92 74
1 361 1 -9 1.2 49
1 55 2 -9 0.9 59
3 1132 1 -9 2.62 62
1 310 1 -9 6 73
3 1 2 -9 1.94 56
2 570 2 -9 1.67 55
3 851 1 -9 2.8 61
2 1029 2 -9 5.94 75
2 994 1 -9 4.8 71
3 1 2 -9 5.05 72
3 683 1 -9 7.2 81
1 1 1 -9 3.57 68
1 1 1 -9 3.06 64
1 1 2 -9 3.57 71
3 1 1 -9 1.22 50
1 1 2 -9 4.08 72
1 1 1 -9 5.71 74
1 173 2 -9 0.9 43
1 1 1 -9 5.8 72
1 1 2 -9 2.06 55
2 1064 2 -9 1.4 51
1 1 1 -9 5.61 72
1 1 2 -9 4.29 68
3 1 1 -9 3 63
1 1 1 -9 3.57 63
1 124 1 -9 4.5 73
2 675 2 -9 4.56 74
3 599 2 -9 0.64 41
3 745 1 -9 4.9 69
1 419 1 -9 3.6 69
2 1003 1 -9 -9 70
1 193 1 -9 3.72 66
2 929 1 -9 3.4 66
2 956 1 -9 4.3 72
1 47 2 -9 5.2 74
2 692 2 -9 4 69
1 190 1 -9 2.9 61
1 279 2 -9 2.11 57
3 1 2 -9 1.89 55
2 571 1 -9 2.53 61
3 1 2 -9 2.96 62
3 1 1 -9 3.8 63
2 1143 1 -9 4.96 74
3 647 1 -9 1.5 53
3 1170 1 -9 1.24 49
2 1077 2 -9 1.9 54
1 30 2 -9 2.86 61
1 7 1 -9 7.2 77
1 1 1 -9 2.65 61
1 1 2 -9 3.98 65
1 1 1 -9 4.49 70
1 1 1 -9 5.51 70
1 1 2 -9 3.27 68
1 1 1 -9 4.59 70
1 1 1 -9 2.45 60
2 1153 1 -9 4.83 71
2 702 1 -9 4.85 72
1 332 1 -9 4.6 68
3 1 2 -9 2.14 58
1 1 1 -9 6.53 75
2 673 1 -9 10.24 93
1 96 1 -9 2.03 57
2 946 1 -9 4 68
1 484 2 -9 2.1 57
3 1 2 -9 2.86 62
2 692 2 -9 2 56
1 395 2 -9 1.95 57
3 1067 2 -9 3.64 65
1 267 2 -9 2.8 62
3 1090 1 -9 3.16 66
3 1 1 -9 4.9 77
3 1 1 -9 9.08 90
2 630 1 -9 1.21 48
2 630 1 -9 2.87 62
2 622 2 -9 3.52 66
3 801 1 -9 5.2 75
1 466 1 -9 3.57 69
3 989 2 -9 2.1 57
2 756 1 -9 4.9 47
1 334 1 -9 3.54 69
1 3 2 -9 3.7 65
1 1 1 -9 2.86 61
1 1 1 -9 6.12 80
1 1 2 -9 1.78 57
1 1 1 -9 4.37 70
1 1 2 -9 5.19 75
3 1 2 -9 2.24 57
2 700 2 -9 1.5 50
1 1 1 -9 4.9 73
2 1112 1 -9 4.96 70
3 1127 1 -9 0.78 42
3 1 2 -9 2.35 60
3 1 1 -9 1.7 54
3 740 2 -9 2.58 61
3 1012 2 -9 2 58
3 1 1 -9 2.35 59
3 1 2 -9 2.24 60
3 1 2 -9 5.92 77
2 534 2 -9 4.68 75
2 1137 2 -9 6.4 75
1 394 1 -9 4.63 77
3 581 1 -9 2 60
3 1 2 -9 4.59 74
1 437 1 -9 3.52 79
3 988 1 -9 3.8 67
3 1 2 -9 1 44
2 1072 2 -9 7.8 77
3 684 2 -9 3.8 69
2 1085 1 -9 0.7 40
1 40 1 -9 2.82 64
1 1 2 -9 2.14 56
3 1 2 -9 3.88 68
1 421 2 -9 2.36 59
1 1 2 -9 1.43 50
3 1 1 -9 9.6 90
1 1 1 -9 3.06 63
1 1 2 -9 2.96 67
3 875 2 -9 4 67
1 1 2 -9 2.14 55
2 772 2 -9 3.8 67
1 1 2 -9 3.16 58
3 1 1 -9 4.06 70
2 717 2 -9 4.24 70
1 242 2 -9 3.6 68
1 222 2 -9 3.2 56
1 414 2 -9 2.57 51
1 443 2 -9 4.17 69
1 28 1 -9 7.2 76
3 1 1 -9 2.34 61
3 1 1 -9 6.84 85
3 1 1 -9 5.1 76
3 800 2 -9 3.82 69
2 1115 1 -9 1.71 50
1 1 1 -9 1.73 50
1 291 2 -9 4 67
1 1 1 -9 7.9 78
1 1 2 -9 3.67 64
1 424 2 -9 2.84 61
2 707 1 -9 2.92 63
1 1 2 -9 4.48 70
3 875 1 -9 2.3 62
3 903 2 -9 0.49 37
2 900 2 -9 4.63 69
1 503 2 -9 3.7 67
1 1 2 -9 3.06 63
1 1 2 -9 1.94 59
2 676 2 -9 3.14 66
2 593 2 -9 1.68 54
3 917 2 -9 4.68 73
3 609 2 -9 2.2 60
3 609 1 -9 3.3 65
3 1 1 -9 3.06 66
1 208 1 -9 2.2 58
1 397 2 -9 4.8 76
1 1 1 -9 5.81 71
3 1096 2 -9 1 43
1 138 2 -9 3.4 65
3 564 2 -9 2.38 60
3 1 2 -9 2.76 65
3 1 2 -9 3.06 65
3 836 2 -9 3.4 65
3 618 2 -9 1.77 52
3 1021 2 -9 4.2 68
3 1 1 -9 2.4 59
1 219 2 -9 2.2 59
1 31 2 -9 5.01 72
1 383 2 -9 4.5 72
1 1 2 -9 2.8 62
1 288 2 -9 5.2 73
3 1 1 -9 3.93 66
3 1 2 -9 7.4 82
3 1 2 -9 4.6 73
1 1 1 -9 6.94 80
1 1 1 -9 2.45 60
1 1 2 -9 4.7 69
3 877 2 -9 2.92 61
1 453 1 -9 1.27 59
1 1 2 -9 13.2 93
1 1 1 -9 3.98 67
1 1 1 -9 4.69 68
3 1 1 -9 2.14 55
3 1 1 -9 2.35 57
3 1 2 -9 3.88 70
2 597 1 -9 2.42 56
2 587 1 -9 3.34 63
1 1 2 -9 7.8 83
3 1 2 -9 4.18 71
1 1 2 -9 2.6 59
3 1 1 -9 5.94 82
2 634 2 -9 3.07 64
3 619 2 -9 1.64 53
2 611 2 -9 3.42 61
2 977 2 -9 1.55 53
1 1 1 -9 3.47 63
1 1 1 -9 10.31 87
1 1 2 -9 3.3 71
1 291 1 -9 1.3 49
3 1 1 -9 7.86 84
2 814 2 -9 1.25 48
1 1 2 -9 3.57 67
1 1 2 -9 3.57 65
2 765 1 -9 2.2 58
1 457 1 -9 5.17 74
1 455 2 -9 1.22 48
1 1 2 -9 2.14 51
3 1 2 -9 2.74 61
3 602 2 -9 3.9 69
1 363 2 -9 2.9 62
3 1 1 -9 2.45 58
1 388 2 -9 3.49 66
1 112 2 -9 3.46 64
1 1 2 -9 3.57 67
1 1 1 -9 4.69 68
1 273 2 -9 11.8 95
2 1034 1 -9 2.33 60
3 1066 2 -9 1.76 52
3 1 2 -9 3.32 52
1 134 1 -9 1.6 58
3 1 1 -9 3.06 66
2 571 1 -9 0.97 45
3 557 2 -9 0.89 45
3 870 1 -9 2 54
1 1 1 -9 4.8 70
3 617 2 -9 0.68 41
3 796 1 -9 8.33 85
3 966 1 -9 2.2 61
1 366 2 -9 3.01 63
3 912 1 -9 1.01 44
3 1 2 -9 3.5 68
1 1 2 -9 3.06 63
1 1 2 -9 4.6 68
1 105 2 -9 3.8 65
1 1 1 -9 4.08 71
3 1 1 -9 9.8 88
1 425 2 -9 2.68 62
2 722 2 -9 -9 45
1 303 2 -9 3.1 59
1 1 1 -9 3.67 65
2 659 1 -9 5.3 73
1 355 1 -9 2.6 58
1 298 1 -9 2.92 62
2 590 2 -9 2.7 61
1 68 2 -9 4.5 71
2 956 2 -9 2.4 52
1 323 1 -9 6.2 75
3 636 1 -9 1.33 53
1 206 2 -9 6.2 75
3 607 1 -9 3.6 64
3 713 2 -9 2.5 62
1 139 1 -9 3.6 68
3 795 2 -9 2.14 57
3 693 1 -9 2 57
1 4 1 -9 3.45 67
1 1 1 -9 3.4 64
1 1 1 -9 3.88 67
1 1 1 -9 2.65 61
1 1 2 -9 5.61 74
1 1 1 -9 3.06 64
1 17 2 -9 2.4 58
2 727 2 -9 1.91 42
2 891 2 -9 1.05 45
2 728 1 -9 1.01 37
2 940 1 -9 4.4 70
1 1 2 -9 2.29 65
1 1 1 -9 2.55 61
3 1013 1 -9 3.05 53
1 203 1 -9 3.7 70
1 195 1 -9 1.9 56
1 73 1 -9 2.1 57
3 545 2 -9 2.05 58
1 251 2 -9 0.8 42
1 499 2 -9 5.56 76
1 496 1 -9 1.94 56
2 950 1 -9 5 63
1 75 1 -9 0.7 43
1 187 2 -9 3.6 66
1 1 2 -9 3.88 63
1 1 1 -9 1.73 65
1 222 1 -9 3.2 57
1 1 1 -9 4.39 70
1 469 1 -9 0.54 37
2 521 1 -9 3.55 67
3 1 1 -9 3.57 66
3 856 1 -9 5.2 75
1 493 2 -9 3.84 70
2 968 1 -9 1.05 50
2 1031 1 -9 2.23 60
1 1 1 -9 3.16 63
1 1 1 -9 3.88 67
1 1 2 -9 2.35 60
1 1 1 -9 7.04 79
2 813 2 -9 1.35 49
2 704 1 -9 3.52 67
3 1150 2 -9 3.25 65
3 809 2 -9 3.6 65
1 1 2 -9 2.55 61
3 1 1 -9 2.65 65
3 1 2 -9 5.92 82
1 1 2 -9 2.86 61
1 1 2 -9 3.78 63
1 1 2 -9 2.14 55
3 1 2 -9 2.3 60
2 790 1 -9 2.25 56
3 921 2 -9 4.41 70
3 920 2 -9 3.64 63
1 143 1 -9 2.6 57
2 1004 2 -9 -9 55
1 47 2 -9 4.6 68
1 1 1 -9 4.49 71
3 1 1 -9 2.35 61
3 969 1 -9 2.6 61
2 689 2 -9 3 66
1 255 1 -9 3 63
1 1 1 -9 5.1 72
1 1 2 -9 3.47 63
3 539 2 -9 1.08 47
2 578 2 -9 1.7 52
3 1103 1 -9 0.8 43
3 794 2 -9 4.06 70
1 216 2 -9 2.8 62
3 1 1 -9 2.3 55
1 1 1 -9 2.04 59
1 1 2 -9 4.49 71
3 1 2 -9 2.04 58
2 1175 1 -9 4.57 76
2 701 1 -9 4.3 68
1 450 2 -9 5.2 70
3 1169 2 -9 1.02 43
1 1 1 -9 3.88 71
1 149 2 -9 3.6 60
3 1 1 -9 2.24 60
3 1 2 -9 3.27 63
2 1136 1 -9 7.4 82
1 1 1 -9 3.67 69
1 225 2 -9 0.63 40
1 1 2 -9 2.04 52
1 56 1 -9 4.68 70
1 55 2 -9 0.9 45
1 442 1 -9 2.6 63
1 1 2 -9 4.08 68
3 1102 2 -9 1.9 51
3 1 2 -9 3.98 72
3 1 2 -9 10.41 93
3 1094 2 -9 4.2 67
3 619 2 -9 2.24 58
2 872 2 -9 1.9 53
1 31 1 -9 2.55 61
1 1 1 -9 2.24 57
3 1 2 -9 2.09 61
3 1 1 -9 4.29 69
3 1180 2 -9 0.99 45
2 710 2 -9 4.2 67
1 164 2 -9 4.2 69
1 1 2 -9 4.41 71
1 1 2 -9 4.33 71
3 909 2 -9 3.42 63
1 1 1 -9 11.4 84
1 299 1 -9 3.25 64
3 1 1 -9 2.35 61
2 1 1 -9 2.7 62
2 925 2 -9 3.84 68
3 1 2 -9 3.2 63
1 1 1 -9 2.4 57
1 1 2 -9 2.86 59
1 213 2 -9 3.3 65
3 715 1 -9 5 72
2 781 2 -9 2.9 62
1 434 1 -9 3.38 67
2 631 2 -9 1.42 50
2 1114 2 -9 5.97 73
1 359 2 -9 2.25 58
3 1071 2 -9 2.1 57
2 979 1 -9 2.4 59
1 1 2 -9 2.6 60
1 472 2 -9 2.02 59
1 475 1 -9 2.38 56
1 1 2 -9 1.35 50
1 1 1 -9 3.18 67
1 1 2 -9 3.06 66
1 1 2 -9 3.57 72
1 506 2 -9 0.7 41
3 894 2 -9 4.32 71
3 696 2 -9 2.61 62
2 939 2 -9 3.5 65
1 1 2 -9 5.41 71
1 1 1 -9 3.98 65
2 1051 1 -9 5.49 78
2 1 1 -9 2 55
1 344 1 -9 5.7 75
1 72 1 -9 2.2 59
2 946 2 -9 3.7 66
3 1 2 -9 5.71 78
3 1 1 -9 7.04 86
1 390 2 -9 2.92 64
1 394 1 -9 5.17 76
1 1 1 -9 3.78 64
1 274 1 -9 4.4 68
1 212 1 -9 2 55
3 1 1 -9 6.02 77
3 839 2 -9 3.1 64
3 863 2 -9 4.5 69
2 613 1 -9 3.12 62
1 1 1 -9 2.19 59
2 710 2 -9 3.16 63
1 1 1 -9 1.96 55
1 501 2 -9 4.9 74
2 1151 1 -9 0.63 39
3 763 2 -9 4.7 66
1 380 2 -9 3 62
1 331 2 -9 6.5 77
1 329 2 -9 2.9 63
2 730 2 -9 5.4 78
2 731 1 -9 2.58 61
1 1 1 -9 3.27 65
1 1 1 -9 5.71 77
1 1 1 -9 3.06 57
1 1 1 -9 5.71 79
2 660 2 -9 2.3 57
1 346 2 -9 2.84 60
3 953 2 -9 6.2 79
3 1 1 -9 4.54 76
3 741 1 -9 2.3 59
2 721 2 -9 2.84 63
1 293 1 -9 1.05 46
3 1015 2 -9 1.2 47
1 1 1 -9 2.5 64
1 1 1 -9 5.51 71
1 1 2 -9 2.76 61
3 559 1 -9 4.2 75
1 264 2 -9 3.5 67
1 1 1 -9 6.44 76
1 1 2 -9 3.07 62
3 1 2 -9 3.47 64
3 1 2 -9 5 73
1 338 2 -9 4.17 70
1 1 1 -9 4.1 65
1 1 2 -9 3.98 72
3 1 2 -9 5.41 72
1 1 2 -9 3.38 64
1 505 1 -9 3.2 64
3 697 2 -9 2.6 62
1 1 2 -9 4.71 73
1 1 2 -9 2.86 62
2 731 2 -9 2.54 63
1 1 1 -9 4.08 70
1 1 1 -9 6.53 75
1 1 1 -9 5.41 73
1 1 1 -9 4.59 69
2 1051 2 -9 6.25 72
1 142 2 -9 3.4 69
1 294 1 -9 13 89
3 1 2 -9 1.94 54
1 220 2 -9 3.7 65
1 406 2 -9 2.4 62
1 255 2 -9 2.2 56
1 1 2 -9 2.14 57
1 225 2 -9 4.2 65
1 412 2 -9 1.82 56
2 1034 2 -9 2.29 58
1 447 1 -9 3.07 65
3 536 1 -9 2.21 59
3 1 1 -9 5.51 77
3 871 2 -9 5.9 77
3 802 1 -9 5.81 80
3 643 2 -9 1.6 55
2 1028 1 -9 5.73 77
1 1 1 -9 6.3 72
1 108 2 -9 4.8 71
1 403 2 -9 3.4 68
3 1 2 -9 2.96 62
1 423 2 -9 2.94 60
1 1 2 -9 3.45 64
3 1 2 -9 8.5 80
1 154 1 -9 5.2 83
1 1 1 -9 3 61
1 1 1 -9 4.18 71
1 1 1 -9 2.76 63
1 1 1 -9 4.39 70
1 1 2 -9 4.1 67
1 1 1 -9 3.78 70
1 1 2 -9 2.96 57
2 674 1 -9 3.94 71
3 742 2 -9 3.4 65
1 70 1 -9 3.4 64
1 1 2 -9 2.86 61
1 295 1 -9 8 79
2 1019 1 -9 1.2 46
1 221 2 -9 2.9 63
1 1 1 -9 7.14 75
1 441 1 -9 2.44 57
1 1 2 -9 2.55 58
3 1 2 -9 1.63 51
3 554 2 -9 3.42 66
3 1 2 -9 3.78 69
3 1 2 -9 5.41 76
2 633 1 -9 5.17 73
3 1104 1 -9 5.7 78
2 1113 2 -9 3.27 63
3 1020 2 -9 2.4 62
3 1023 2 -9 2.2 57
1 1 2 -9 4.2 70
1 1 1 -9 6.43 70
1 1 1 -9 5.71 72
1 1 1 -9 3.98 68
1 1 2 -9 2.22 59
1 368 2 -9 3.07 61
3 1 1 -9 6.73 81
1 1 1 -9 4.49 72
3 1 2 -9 3.16 67
3 1 2 -9 4.39 70
3 1146 1 -9 -9 38
2 900 2 -9 2.74 60
1 450 2 -9 4.5 69
1 460 2 -9 4.84 73
3 1046 2 -9 7.2 83
1 1 1 -9 4.69 74
1 1 1 -9 3.06 60
1 1 2 -9 2.96 63
1 1 1 -9 3.98 64
3 1 1 -9 2.23 58
3 1 1 -9 8.27 88
1 98 1 -9 4.23 68
1 86 1 -9 4.48 71
1 321 2 -9 3.4 67
1 482 2 -9 0.93 47
1 251 1 -9 1.6 55
1 461 1 -9 1.4 48
3 1 1 -9 3.78 66
1 184 2 -9 1.8 53
1 1 2 -9 5.2 72
1 281 1 -9 13 87
1 309 1 -9 2.6 62
1 309 1 -9 3.2 65
1 312 2 -9 0.9 45
3 1 1 -9 8.27 85
2 572 1 -9 2.04 57
1 1 1 -9 3.05 61
1 1 1 -9 3.27 64
3 966 1 -9 1.37 50
3 938 2 -9 0.74 41
1 1 2 -9 3.98 69
1 1 1 -9 5.31 76
1 1 1 -9 3.2 64
1 1 1 -9 4.39 68
1 402 1 -9 4.6 76
1 171 2 -9 3.8 64
2 1151 1 -9 1.61 54
1 1 2 -9 2.84 61
1 1 1 -9 3.67 65
1 1 2 -9 3.67 64
2 1054 1 -9 1.9 55
1 354 2 -9 4.5 69
3 1 1 -9 6.58 79
3 598 2 -9 1.22 46
1 343 2 -9 3.7 64
1 343 1 -9 6.5 75
1 471 1 -9 2.39 59
2 932 1 -9 3.6 66
3 640 1 -9 1.42 50
1 247 2 -9 3.2 64
1 497 1 -9 2.1 59
2 1018 2 -9 3 62
1 100 2 -9 2.5 57
1 183 2 -9 4 66
1 189 2 -9 2.6 62
1 60 2 -9 4.8 67
1 1 1 -9 2.09 59
1 1 1 -9 5.4 74
1 1 1 -9 3.32 67
1 260 2 -9 3.5 66
1 259 1 -9 8.6 84
3 1 2 -9 1.53 52
3 538 1 -9 1.18 47
2 632 1 -9 1.77 53
1 1 2 -9 3.91 67
2 1074 1 -9 3.4 65
3 1 1 -9 1.6 52
1 1 2 -9 3.98 66
1 1 1 -9 6.4 79
1 1 1 -9 5.61 71
1 473 2 -9 2.84 66
1 1 2 -9 3.67 70
1 1 2 -9 3.16 62
1 160 2 -9 2.4 60
1 1 2 -9 5.1 71
3 762 1 -9 2.3 56
3 1086 2 -9 1.95 52
2 961 1 -9 1.42 49
3 1 1 -9 2.91 53
1 148 1 -9 3.5 70
2 662 2 -9 4.1 41
2 664 1 -9 6 81
2 948 2 -9 1.9 54
3 535 1 -9 1.94 56
3 1 1 -9 9.18 87
3 1 2 -9 3.06 64
3 1 2 -9 3.27 66
1 1 1 -9 2.65 55
1 120 2 -9 1.64 51
1 1 2 -9 6.12 75
1 1 2 -9 7.04 81
3 567 1 -9 2.68 63
3 1 2 -9 2.45 59
3 1 1 -9 7.96 89
3 1 1 -9 3.37 68
2 1 2 -9 4.18 72
2 783 1 -9 2.9 59
2 623 2 -9 2.6 61
3 799 1 -9 1.83 56
2 984 2 -9 1.2 50
2 992 2 -9 3.5 63
2 1116 1 -9 3.75 69
3 934 1 -9 9.9 90
3 971 2 -9 4.5 68
1 5 1 -9 1.12 48
1 1 1 -9 3.32 62
1 1 2 -9 2.21 57
3 1 1 -9 3.27 64
2 1154 2 -9 1.4 50
2 1157 2 -9 1.36 50
2 1157 1 -9 1.59 53
3 806 2 -9 7.4 80
1 1 1 -9 1.33 53
1 1 2 -9 3.27 64
3 606 1 -9 3.5 68
1 1 1 -9 1.75 57
1 1 1 -9 3.16 61
1 348 1 -9 1.4 50
2 679 1 -9 5.92 79
1 150 1 -9 6.5 82
1 150 2 -9 6.4 83
2 549 1 -9 6.53 75
2 943 1 -9 4.5 69
3 1016 1 -9 1.6 53
3 1 2 -9 2.55 60
1 1 1 -9 6.53 75
1 417 2 -9 2.8 64
1 52 2 -9 2.18 58
1 270 2 -9 3.15 63
1 269 2 -9 3.9 66
1 211 1 -9 1.2 47
1 311 1 -9 1.4 49
3 1 2 -9 4.2 74
2 626 2 -9 5.48 78
2 819 2 -9 -9 60
3 648 2 -9 2.9 62
1 228 2 -9 3.5 66
3 1 1 -9 1 45
1 42 1 -9 1.92 57
1 1 2 -9 2.35 58
1 289 1 -9 2.2 60
1 1 2 -9 5.51 73
1 22 1 -9 3.1 61
3 1 1 -9 4.5 70
1 1 2 -9 1.43 50
1 1 2 -9 2.43 61
2 889 1 -9 1.43 50
3 1150 1 -9 1.75 53
2 808 2 -9 4.1 69
1 1 1 -9 5.82 77
3 874 2 -9 1 44
3 1 2 -9 2.4 60
1 89 2 -9 2.19 58
1 236 1 -9 13.2 96
3 1012 1 -9 1.8 55
3 637 1 -9 4.5 70
1 365 2 -9 5.3 71
1 1 1 -9 2.4 60
2 949 1 -9 1.55 52
1 1 1 -9 3.67 67
3 1065 2 -9 2.65 60
3 1 2 -9 3.67 66
3 1 2 -9 6.53 82
3 1 1 -9 2.86 61
3 1 1 -9 3.57 65
1 1 1 -9 4.4 73
3 795 2 -9 2.89 63
1 228 2 -9 3.3 65
3 686 2 -9 1.45 53
1 336 1 -9 4.15 70
1 217 2 -9 3.9 68
1 1 1 -9 2.76 64
1 475 1 -9 4.42 71
1 1 2 -9 1.85 53
1 15 1 -9 5.2 72
3 877 1 -9 2.55 61
3 909 1 -9 5.76 75
1 1 2 -9 2.76 64
3 1 1 -9 1.84 55
1 1 1 -9 2.04 60
3 1014 1 -9 3.1 56
3 1 1 -9 5.05 74
2 928 2 -9 1.7 53
2 1008 2 -9 2.6 61
3 641 1 -9 3.14 63
1 284 1 -9 3.38 65
2 533 1 -9 2.15 59
2 530 1 -9 1.41 52
1 408 2 -9 0.7 46
3 1128 1 -9 5.29 75
3 1067 1 -9 1.39 50
3 914 2 -9 1.6 55
3 1 1 -9 1.73 54
3 1 1 -9 4.8 73
3 862 1 -9 2 56
2 868 1 -9 7.1 76
3 962 2 -9 -9 43
2 1032 2 -9 3.86 68
3 1 2 -9 2.1 59
1 335 1 -9 5.48 76
1 314 1 -9 4.4 77
1 6 2 -9 3.7 69
1 123 1 -9 -9 61
1 1 2 -9 4.08 67
3 1 2 -9 2.9 63
1 1 1 -9 2.55 64
1 170 1 -9 3 61
1 155 2 -9 4 70
2 1158 1 -9 1.96 56
1 1 2 -9 4.08 67
1 1 2 -9 2.55 62
1 94 1 -9 2.72 60
1 51 1 -9 3.2 60
3 1 1 -9 1.84 56
3 1 2 -9 3.98 69
1 81 2 -9 2.2 59
1 180 1 -9 2.3 58
1 61 2 -9 3.25 61
1 153 2 -9 2.6 65
1 1 2 -9 2.76 61
1 416 2 -9 2.36 61
3 837 2 -9 6.1 76
1 464 1 -9 3.98 70
3 684 1 -9 3.3 68
1 1 1 -9 4.1 70
1 1 1 -9 3.06 60
1 20 1 -9 3.8 66
2 1155 2 -9 1.93 56
2 698 2 -9 3.1 63
1 1 2 -9 2.14 59
3 953 1 -9 1.8 66
3 1 2 -9 2.04 55
3 746 1 -9 4 72
2 1144 1 -9 2.3 57
2 931 1 -9 6.2 77
3 1 1 -9 3.27 67
2 1133 1 -9 1.9 54
1 1 1 -9 2.86 59
1 1 2 -9 4.23 69
3 913 1 -9 -9 57
3 1 1 -9 2.35 61
1 431 1 -9 1.3 66
3 1 1 -9 2.86 61
3 629 1 -9 1.64 52
2 625 1 -9 5.05 75
2 1172 1 -9 3.36 63
3 1 2 -9 2.5 60
2 981 2 -9 2.5 64
1 1 1 -9 2.9 63
1 1 2 -9 4.4 73
3 1 2 -9 3.27 64
3 1 1 -9 3.5 70
3 1 2 -9 6.73 77
1 1 2 -9 5.74 75
1 1 2 -9 2.74 62
2 735 2 -9 6.2 78
1 1 2 -9 3.27 60
1 125 1 -9 8.9 84
1 128 1 -9 4.4 69
1 296 2 -9 4.95 70
3 788 2 -9 1.4 49
2 928 2 -9 1.74 53
2 1003 2 -9 -9 66
1 349 2 -9 4.7 77
2 933 1 -9 5.6 75
1 243 2 -9 3.5 64
3 1 1 -9 2.35 61
3 543 2 -9 1.6 51
1 100 2 -9 3.4 66
1 391 2 -9 2.94 65
1 59 2 -9 4.4 72
1 1 1 -9 4.69 69
1 1 1 -9 3.37 65
2 1040 1 -9 3.78 67
1 260 1 -9 6.6 81
3 1 2 -9 5.92 78
3 1 1 -9 3.93 69
3 1 2 -9 4.9 71
3 841 2 -9 2.3 57
2 1077 1 -9 9.4 88
1 1 2 -9 2.04 54
1 1 2 -9 3.78 64
1 1 1 -9 7.55 82
1 1 2 -9 5.3 75
1 1 1 -9 3.5 65
1 306 2 -9 0.5 37
1 1 2 -9 3.44 67
1 1 1 -9 2.24 58
1 381 2 -9 3.9 69
1 14 1 -9 0.8 46
2 901 1 -9 2.57 61
1 1 2 -9 5.49 79
3 1163 1 -9 5.02 76
1 1 1 -9 3.06 59
3 1 1 -9 4.13 60
3 1 1 -9 5.15 73
3 952 1 -9 2.1 58
3 1 1 -9 2.77 63
2 679 1 -9 2.38 59
2 592 2 -9 1.92 56
1 151 2 -9 3.3 75
1 95 1 -9 3.02 61
2 1004 1 -9 -9 72
1 365 1 -9 4.3 67
3 1 1 -9 2.96 62
3 1 2 -9 5 77
3 1 1 -9 2.86 63
3 1 2 -9 1.63 52
1 1 1 -9 3.27 62
1 1 2 -9 2.04 54
1 386 2 -9 5.05 72
1 12 2 -9 3.19 66
1 258 1 -9 3.5 66
3 712 1 -9 4.5 71
3 1 2 -9 1.22 48
1 493 1 -9 2.12 54
2 1030 1 -9 1.76 57
3 1080 2 -9 2.2 57
1 32 2 -9 3.85 65
1 1 1 -9 4.69 71
1 1 2 -9 3.4 63
1 480 2 -9 1.43 49
1 162 1 -9 1.4 51
1 1 2 -9 2.48 63
3 1176 2 -9 1.66 54
2 898 2 -9 2.74 59
3 904 2 -9 2.13 57
3 757 1 -9 2.25 54
3 769 2 -9 1.9 59
3 747 1 -9 2.16 57
1 1 1 -9 4.39 69
2 1109 1 -9 3.68 67
3 1 2 -9 5.3 74
2 1160 2 -9 3.8 69
2 1056 1 -9 1.3 50
1 147 2 -9 3.1 69
2 666 2 -9 1.2 47
3 642 2 -9 3.5 67
1 295 2 -9 2.4 61
3 1 2 -9 2.76 62
3 1 2 -9 3.98 68
1 62 2 -9 1.4 49
1 1 1 -9 5.1 72
3 605 1 -9 8.7 86
3 1096 1 -9 1.4 51
3 556 2 -9 1.12 45
2 579 2 -9 1.88 59
1 494 1 -9 3.6 67
2 982 2 -9 1 57
3 1 1 -9 2.2 55
3 1 2 -9 2.3 62
1 35 1 -9 1.17 48
1 1 1 -9 4.1 67
1 1 1 -9 7.65 89
1 1 2 -9 2.96 64
1 480 1 -9 1.17 47
1 1 2 -9 4.09 69
1 1 1 -9 4.59 75
3 1106 1 -9 7.62 79
3 759 1 -9 2.6 58
3 768 2 -9 5.4 75
2 808 2 -9 6.6 76
1 451 1 -9 3 66
1 1 2 -9 -9 56
3 1 2 -9 2.24 65
1 1 2 -9 2.55 57
1 44 2 -9 4.2 68
1 362 1 -9 1.22 49
1 247 2 -9 2.2 58
1 1 1 -9 2.6 62
3 605 2 -9 6.1 77
1 134 2 -9 3.4 67
3 1 1 -9 5.1 80
3 1 2 -9 5.15 77
2 1139 2 -9 2.28 71
3 985 1 -9 2.7 60
2 993 2 -9 5.9 73
1 405 2 -9 4.6 73
1 1 2 -9 3.5 64
1 1 2 -9 3.98 66
1 1 1 -9 3.06 69
3 1 1 -9 5.61 76
1 374 2 -9 2.8 64
1 159 1 -9 3.8 71
1 1 1 -9 3.05 64
2 1149 1 -9 -9 59
3 1174 2 -9 2.34 60
3 606 2 -9 1.6 51
1 379 2 -9 1.4 48
2 1111 2 -9 2.91 60
1 356 2 -9 4.8 68
2 1053 2 -9 1.27 49
1 91 1 -9 2.11 56
3 1005 2 -9 -9 67
2 717 2 -9 5.16 78
1 252 2 -9 3.4 67
1 1 2 -9 3.88 64
1 1 1 -9 3.67 67
2 575 2 -9 1.39 57
3 791 2 -9 1.85 53
3 965 2 -9 2.74 62
3 971 1 -9 1.9 55
2 982 1 -9 4 71
1 1 2 -9 2.65 62
1 1 2 -9 3.06 67
1 1 1 -9 3.7 67
1 1 1 -9 6.63 76
1 1 1 -9 2.6 59
1 1 1 -9 8.33 83
3 1 1 -9 3.11 64
1 1 1 -9 1.79 53
1 1 1 -9 7.66 80
1 1 2 -9 10.2 98
1 1 2 -9 1.92 52
1 1 2 -9 4.89 67
1 1 2 -9 2.45 62
1 1 1 -9 12.76 98
1 1 1 -9 1.94 54
3 874 2 -9 0.8 42
2 1052 1 -9 4.02 68
1 353 2 -9 2.6 62
3 1 2 -9 2.24 60
2 1061 2 -9 3.2 61
1 85 2 -9 2.58 60
1 236 2 -9 2.4 59
1 398 1 -9 2.2 61
1 364 2 -9 8.3 79
2 947 2 -9 4.2 67
1 1 2 -9 1.63 51
3 526 2 -9 3.33 64
3 802 2 -9 1.1 47
3 987 1 -9 2.5 59
3 694 2 -9 2.9 63
1 405 2 -9 4.2 69
1 1 1 -9 5.1 74
1 474 2 -9 1.18 49
1 1 2 -9 1.56 52
1 1 1 -9 3.83 66
1 375 2 -9 2.79 63
1 1 2 -9 1.83 58
1 16 2 -9 2.4 57
2 892 2 -9 2.45 57
2 1155 2 -9 1.52 51
3 805 2 -9 2.4 59
1 1 2 -9 3.16 60
1 1 1 -9 4.49 66
1 1 1 -9 3.67 64
1 487 1 -9 4.7 69
3 1048 2 -9 7.02 77
3 1 1 -9 2.5 62
3 785 1 -9 2.95 60
3 1006 2 -9 -9 64
3 548 2 -9 1.64 51
1 243 1 -9 4.1 69
1 342 1 -9 4.5 74
2 1134 1 -9 2.1 57
1 393 2 -9 1.92 56
1 280 2 -9 1.62 51
1 308 1 -9 4.6 69
1 463 1 -9 6.4 83
1 240 1 -9 1.15 48
1 472 2 -9 1.91 58
2 709 1 -9 1.32 49
1 1 2 -9 6.04 74
1 1 1 -9 8.58 83
1 1 1 -9 11.93 98
3 1 1 -9 3.57 68
1 1 2 -9 4.49 70
1 1 1 -9 2.46 57
1 456 1 -9 4.14 71
1 1 1 -9 2.96 68
3 1 2 -9 1.7 55
3 1123 1 -9 8.78 89
1 346 1 -9 1.1 45
3 1 2 -9 1.73 56
1 224 1 -9 3.8 62
2 1038 1 -9 4.91 68
3 1132 1 -9 2.13 59
1 351 1 -9 3.4 65
3 1 2 -9 2.96 59
2 1139 1 -9 5.61 95
3 855 1 -9 6.2 76
3 618 1 -9 0.79 43
3 1 2 -9 2.5 60
1 38 2 -9 4 68
1 1 1 -9 4.18 67
1 1 1 -9 4.8 70
1 1 2 -9 6.02 74
3 1 1 -9 3.16 64
1 1 2 -9 11.22 101
3 1 2 -9 5.51 76
1 1 1 -9 6.79 77
2 881 1 -9 8.29 84
3 723 2 -9 2.15 46
2 906 1 -9 3.26 73
1 483 1 -9 3.7 65
1 352 2 -9 2.6 55
3 1 2 -9 3.88 72
3 1 2 -9 5.95 77
2 585 2 -9 3.78 66
1 70 2 -9 3.1 65
1 1 2 -9 5.3 71
3 1 2 -9 3.88 66
3 1 2 -9 0.92 43
3 999 2 -9 3.5 71
1 191 2 -9 1.5 60
1 121 2 -9 1.7 52
1 278 1 -9 3.94 65
1 1 1 -9 4.49 66
1 444 2 -9 3.07 65
1 448 1 -9 1.74 53
1 308 1 -9 3.9 66
3 539 1 -9 1.58 53
1 138 1 -9 3.6 63
2 1116 2 -9 1.63 52
1 1 1 -9 4.59 71
1 1 1 -9 4.4 72
1 306 2 -9 6.5 80
1 305 1 -9 8.4 84
1 477 1 -9 0.34 33
3 1 2 -9 2.76 59
1 1 1 -9 3.52 66
1 1 1 -9 2.65 66
3 1 2 -9 2.6 60
1 1 2 -9 2.76 60
1 1 2 -9 1.63 57
2 958 2 -9 3.94 64
3 1 2 -9 5.2 73
3 1 2 -9 2.5 62
1 1 1 -9 5.4 73
2 947 1 -9 4 67
2 528 1 -9 4.21 79
2 1019 1 -9 2.5 60
1 1 2 -9 4.29 68
1 1 1 -9 4.08 69
1 445 1 -9 4.51 68
2 1040 1 -9 1.36 48
3 525 2 -9 1.15 44
3 1091 1 -9 3.37 69
1 435 1 -9 3.74 80
3 1 1 -9 1.84 53
3 1 2 -9 2 57
2 631 2 -9 2.81 60
3 1 1 -9 7.6 83
1 334 1 -9 3.1 67
1 314 2 -9 2.2 65
1 1 2 -9 2.55 59
1 1 2 -9 4.6 71
1 1 1 -9 9.8 95
2 706 1 -9 2.87 62
3 957 1 -9 3.37 66
1 132 2 -9 1.4 47
3 1 1 -9 2.35 56
1 284 1 -9 3.18 67
3 1 1 -9 2.55 62
3 1 1 -9 3.37 67
3 1 2 -9 2.86 62
1 495 2 -9 0.35 32
1 1 1 -9 3.98 70
1 1 2 -9 4.9 78
1 385 2 -9 4.98 71
1 1 2 -9 2.09 57
1 418 2 -9 2.92 65
1 470 2 -9 6.62 79
2 1 2 -9 6.02 78
2 822 2 -9 -9 63
3 794 1 -9 1.7 53
1 35 2 -9 0.87 42
1 1 1 -9 6.4 73
1 1 1 -9 4.69 70
1 1 2 -9 1.53 54
1 1 2 -9 2.32 59
2 896 1 -9 1.59 52
1 1 1 -9 1.84 60
3 1 1 -9 3.47 67
3 1 2 -9 3.67 70
2 671 1 -9 5.56 79
2 924 2 -9 3.5 56
1 87 2 -9 4.13 69
1 232 1 -9 4.2 62
3 1 1 -9 3.27 67
1 80 2 -9 1.5 51
1 101 2 -9 1.8 54
1 115 2 -9 7.06 73
1 25 2 -9 2.2 65
1 12 1 -9 3.25 66
1 512 1 -9 1.24 48
1 407 1 -9 5 73
1 1 1 -9 2.96 60
3 1 1 -9 1.63 54
1 140 1 -9 4.1 67
3 1 2 -9 3.74 69
3 1 2 -9 5.51 74
2 780 2 -9 4.1 70
3 861 1 -9 7.7 76
2 1142 2 -9 2.74 59
3 792 1 -9 1.95 56
3 693 1 -9 2.1 56
2 1076 2 -9 2.4 56
1 1 2 -9 2.55 56
1 1 2 -9 4.2 76
1 1 2 -9 4 71
1 1 2 -9 3.57 69
1 1 2 -9 2.49 58
1 476 2 -9 3.41 68
1 1 1 -9 4.45 72
1 1 1 -9 6.73 79
1 1 2 -9 2.45 59
1 1 1 -9 2.14 58
1 17 1 -9 2.6 62
1 332 2 -9 1.8 55
1 1 1 -9 2.04 56
3 1 2 -9 3.6 63
1 1 1 -9 3.98 62
3 1 1 -9 2.86 62
2 670 1 -9 1.1 47
1 69 2 -9 3.75 66
1 244 1 -9 4.3 70
1 396 1 -9 2.8 65
1 1 1 -9 4.39 69
2 521 1 -9 3.02 61
3 1 2 -9 4.29 70
1 433 2 -9 2.1 57
1 430 2 -9 6.4 70
1 1 2 -9 6.17 76
3 1023 1 -9 1.8 53
3 1024 1 -9 2.8 62
3 1071 2 -9 4.3 71
3 1 2 -9 3.3 65
1 358 2 -9 2.1 62
1 383 1 -9 7.1 74
2 705 2 -9 3.81 63
1 369 1 -9 1.76 55
1 1 2 -9 1.43 50
1 1 2 -9 1.96 55
1 1 2 -9 2.83 69
2 1152 1 -9 4.24 71
1 1 1 -9 5.51 72
3 1 1 -9 5.32 74
1 50 1 -9 11.7 96
2 531 2 -9 2.32 57
3 999 2 -9 2.3 63
1 1 2 -9 3.2 62
3 1 2 -9 1.94 57
1 141 2 -9 2.9 64
1 263 2 -9 3.8 61
3 799 2 -9 5.85 75
2 651 2 -9 3.7 67
3 1070 2 -9 1.4 50
3 683 2 -9 3.8 66
1 1 1 -9 3.16 62
1 1 1 -9 2.86 61
1 1 2 -9 1.63 50
2 1147 2 -9 -9 51
3 1176 2 -9 9.05 85
2 882 2 -9 1.79 53
1 511 1 -9 2.2 57
1 491 2 -9 0.72 42
3 1 2 -9 5.31 73
2 656 2 -9 4.4 69
1 127 2 -9 1.1 44
3 1 1 -9 4.89 67
2 671 1 -9 2.58 60
3 598 1 -9 2.66 60
2 532 2 -9 1.33 52
3 1 1 -9 3.27 65
3 1 2 -9 2.55 62
1 412 2 -9 2.27 59
1 1 1 -9 3.06 63
3 1 2 -9 3.27 69
2 579 1 -9 1.23 48
3 857 2 -9 2 53
3 1063 1 -9 2.8 59
2 1084 2 -9 1.88 51
1 1 1 -9 2.04 55
1 1 1 -9 3 61
1 1 1 -9 5.71 71
1 1 1 -9 6.12 83
1 1 2 -9 3.16 63
1 1 1 -9 2.55 62
2 884 1 -9 1.95 54
1 504 1 -9 1.2 49
1 1 1 -9 4.9 71
1 1 1 -9 3.88 66
2 1108 2 -9 2.65 61
1 350 1 -9 2.85 65
1 128 2 -9 1.4 49
3 1 2 -9 4.18 70
3 918 2 -9 1.7 53
1 194 2 -9 2.91 62
1 197 1 -9 4.52 68
2 551 1 -9 1.48 52
2 951 1 -9 5.2 71
3 1016 1 -9 2.8 61
3 1 1 -9 2.45 59
3 1 2 -9 3.57 67
2 529 1 -9 4.17 71
1 187 1 -9 3.9 69
1 1 1 -9 3 63
1 1 1 -9 7.55 80
1 1 2 -9 12.45 99
2 1037 2 -9 3.58 65
3 914 1 -9 5.5 69
3 565 1 -9 1.22 49
1 141 2 -9 3.4 68
3 1 2 -9 9.08 85
2 867 2 -9 3.8 64
3 687 2 -9 4.75 74
1 289 1 -9 3.2 62
1 1 2 -9 4.39 72
1 1 1 -9 4.49 70
1 1 1 -9 4.8 73
1 240 2 -9 3.8 67
1 1 2 -9 6.2 63
3 1 1 -9 2.09 55
3 1 1 -9 2.19 56
1 367 2 -9 4.88 70
3 1 2 -9 4.59 76
1 509 2 -9 3.96 70
3 761 2 -9 1.2 43
2 766 2 -9 4 69
3 816 2 -9 2.6 57
1 1 2 -9 2.27 56
1 1 1 -9 4.07 65
2 1119 2 -9 4.3 68
3 1 2 -9 3.47 65
2 588 1 -9 4.34 70
2 787 1 -9 11.3 89
3 922 1 -9 2.51 67
1 1 2 -9 3.1 64
3 607 1 -9 2.2 43
1 469 2 -9 3.45 70
3 913 1 -9 -9 66
3 1097 1 -9 4.5 69
1 360 2 -9 1.8 71
3 1 1 -9 1.94 55
3 1 2 -9 6.12 78
3 559 2 -9 2.67 64
3 801 2 -9 2.17 59
2 967 2 -9 3.11 71
2 755 2 -9 1.4 49
2 754 2 -9 4.2 72
2 978 2 -9 1.2 48
1 1 1 -9 6.73 74
1 402 2 -9 5.1 82
3 1 1 -9 6.99 84
1 1 1 -9 11.22 92
1 1 1 -9 2.55 60
1 1 2 -9 3.47 68
1 160 2 -9 4.6 74
2 765 1 -9 2 57
2 906 2 -9 4.03 78
2 700 1 -9 8.65 87
1 454 2 -9 2.8 60
1 1 2 -9 3.67 65
1 1 1 -9 4.49 67
1 1 2 -9 2.04 57
1 1 2 -9 1.73 51
2 656 2 -9 2.5 67
1 302 2 -9 7.85 82
2 1055 1 -9 4.24 69
2 1007 2 -9 4.8 72
2 549 1 -9 4.68 71
1 188 2 -9 2.5 62
1 8 1 -9 2.42 66
1 1 2 -9 3.67 61
3 1 2 -9 2.8 63
2 864 1 -9 3.5 60
1 1 1 -9 15.1 100
1 1 2 -9 3.01 64
3 1 2 -9 3.57 65
3 682 1 -9 4.25 73
3 686 1 -9 2.4 60
1 37 2 -9 1.23 47
1 384 1 -9 4.1 65
3 1 2 -9 2.24 57
1 1 1 -9 11.33 101
1 1 2 -9 3.78 65
1 505 1 -9 0.7 42
3 757 2 -9 1.6 47
3 807 2 -9 3.6 66
3 653 2 -9 1.3 51
2 661 1 -9 2.5 56
3 1 2 -9 3.06 63
1 341 1 -9 6.2 77
3 1 2 -9 3.88 68
1 58 1 -9 4.8 71
1 1 2 -9 2.9 64
1 1 1 -9 2.1 56
3 915 1 -9 6.8 78
2 1 1 -9 6.84 86
3 844 2 -9 2.2 58
1 1 1 -9 2.76 59
3 648 1 -9 2.1 57
1 38 2 -9 0.8 43
1 1 1 -9 2.9 61
1 239 2 -9 2.8 60
1 1 1 -9 5.96 76
1 1 1 -9 9.29 90
1 1 1 -9 4.59 72
1 1 1 -9 7.3 83
2 1158 1 -9 3.56 64
2 890 1 -9 2.15 57
3 1168 1 -9 4.52 72
3 1 1 -9 3.42 63
3 1 1 -9 1.94 54
3 1 1 -9 2.86 64
1 96 1 -9 3.6 65
2 669 2 -9 1.3 48
2 941 2 -9 3.75 66
3 1 1 -9 4.9 72
1 115 2 -9 5.54 70
1 226 2 -9 5 73
1 408 2 -9 1.1 48
3 1090 2 -9 3.71 66
3 541 2 -9 4.17 68
3 537 2 -9 1.65 52
2 1 2 -9 11.43 93
1 1 2 -9 4.08 67
2 753 2 -9 5.2 75
2 1171 1 -9 3.79 67
1 4 2 -9 5.74 75
1 1 2 -9 4 68
3 1 2 -9 3.88 66
1 1 2 -9 2.89 59
1 1 2 -9 5.2 74
1 1 2 -9 2.24 55
2 890 2 -9 1.88 56
1 1 2 -9 3.37 62
1 1 2 -9 3.98 68
1 378 1 -9 4.4 69
1 1 2 -9 2.35 56
1 489 1 -9 1.87 44
1 356 2 -9 3.7 65
3 1 1 -9 5.4 74
1 196 1 -9 3.01 65
1 349 2 -9 8.8 92
1 318 1 -9 3.4 66
1 248 1 -9 3.3 61
1 1 2 -9 6 75
1 1 1 -9 3.8 73
1 1 2 -9 5 68
1 1 1 -9 4.95 70
3 604 1 -9 2.2 58
1 266 1 -9 3.7 66
2 522 2 -9 4.36 68
1 259 2 -9 1.1 47
3 713 2 -9 1.4 49
3 1170 2 -9 5.09 69
1 1 1 -9 4.59 70
1 288 2 -9 2.8 60
2 708 2 -9 3.77 68
1 1 2 -9 2.16 54
1 1 1 -9 1.9 56
1 1 2 -9 12.45 93
1 1 2 -9 3.88 71
3 1 1 -9 2.04 52
1 1 1 -9 2.04 59
1 1 2 -9 2.65 60
1 1 2 -9 4.09 70
2 895 1 -9 2.91 50
2 1156 1 -9 4.19 69
1 1 1 -9 2.86 63
1 1 2 -9 2.96 63
1 1 1 -9 3.16 65
1 1 2 -9 4.29 72
1 1 2 -9 3.11 57
2 658 1 -9 10.2 87
1 301 2 -9 5.2 74
3 1044 2 -9 2.4 62
2 1054 2 -9 2.6 61
1 230 1 -9 3.2 56
1 340 1 -9 3.5 67
2 932 1 -9 2.1 55
3 1 2 -9 1.73 55
2 1135 2 -9 1.6 55
1 1 2 -9 3.47 67
1 1 1 -9 3.67 64
3 1 1 -9 3.57 67
3 1140 2 -9 2.74 63
3 779 2 -9 3.8 74
1 1 1 -9 2.76 62
1 1 1 -9 3.06 60
1 43 2 -9 0.66 39
1 387 2 -9 3.81 68
1 37 2 -9 7.29 80
1 1 1 -9 3.88 62
1 1 2 -9 6.3 77
1 422 1 -9 3.28 63
1 1 1 -9 4.9 72
1 1 2 -9 2.35 57
1 326 2 -9 2.5 58
2 1153 1 -9 2.53 57
2 775 1 -9 2 55
2 770 2 -9 5 73
1 1 2 -9 7.57 86
1 1 2 -9 2.65 60
3 1046 2 -9 0.85 43
3 1 2 -9 5.5 78
2 1162 2 -9 1.6 56
3 918 2 -9 2.59 58
2 1057 2 -9 2.2 56
1 144 2 -9 3.1 67
1 286 2 -9 0.78 40
3 1 2 -9 4.59 81
1 205 1 -9 4.6 68
1 65 2 -9 2.3 58
1 418 1 -9 2.94 63
3 541 2 -9 1.56 52
3 1 1 -9 2.9 63
3 555 2 -9 2.96 65
2 1088 1 -9 1.9 56
2 867 1 -9 4 69
3 1026 1 -9 4.2 69
1 1 2 -9 3 62
1 1 1 -9 3.4 64
1 123 2 -9 -9 63
1 1 2 -9 4.13 68
1 1 2 -9 5.2 79
1 1 1 -9 2.53 59
1 510 1 -9 3.1 67
1 1 2 -9 4.59 71
1 427 2 -9 6.9 67
3 1 1 -9 2 57
3 599 2 -9 1.9 55
1 145 2 -9 5.1 74
1 195 1 -9 4.65 77
1 116 2 -9 0.9 42
1 1 1 -9 8.42 91
1 273 1 -9 3.8 65
1 470 2 -9 2.91 61
3 1 2 -9 2.6 62
3 1 2 -9 5.1 75
2 866 1 -9 8.5 83
3 643 2 -9 1 47
1 333 1 -9 4.22 69
1 287 1 -9 3.2 65
1 1 1 -9 5 70
3 1 1 -9 4.08 70
1 1 1 -9 3.16 61
1 1 2 -9 2.14 56
1 1 1 -9 2.99 60
1 1 1 -9 3.16 64
2 766 1 -9 4.2 72
1 510 2 -9 1.9 55
3 749 1 -9 2.38 60
3 804 2 -9 3.3 65
3 1 2 -9 6.17 76
1 300 2 -9 4.38 71
3 1 1 -9 3.78 68
2 716 2 -9 0.38 36
3 601 2 -9 8.72 92
3 603 1 -9 6.4 82
1 88 2 -9 3.13 66
1 90 1 -9 1.62 53
2 930 2 -9 3.2 66
3 1 2 -9 3.78 69
1 178 1 -9 4 68
1 1 1 -9 5.77 74
1 25 1 -9 1.3 51
3 1 1 -9 7.39 90
3 1 1 -9 1.86 53
3 561 1 -9 2 57
2 1 1 -9 4.9 75
1 436 2 -9 1.74 55
2 1028 2 -9 2.54 59
3 818 1 -9 3.66 69
3 1 1 -9 2.5 57
1 1 1 -9 6.3 76
1 1 1 -9 5.1 72
1 1 1 -9 5.61 75
1 1 2 -9 5.71 68
1 1 1 -9 2.67 62
1 1 1 -9 4.39 69
2 722 1 -9 -9 46
3 817 2 -9 2.1 58
3 803 2 -9 2.14 55
3 654 2 -9 1.3 50
1 1 2 -9 1.74 58
3 1125 1 -9 2.72 63
1 125 1 -9 2.9 63
3 1044 2 -9 2 59
3 1 2 -9 4.49 77
1 233 1 -9 3.9 62
1 66 2 -9 -9 74
2 718 1 -9 2.21 54
2 941 1 -9 4.2 68
3 1 1 -9 2.86 61
3 1 1 -9 3.67 66
1 80 1 -9 2.6 60
1 1 2 -9 2.85 59
3 873 1 -9 2.05 55
3 1 2 -9 1.9 54
3 1140 1 -9 1.11 47
2 784 2 -9 2.1 59
3 830 1 -9 5.8 75
1 429 1 -9 4.4 69
2 826 1 -9 2.2 56
2 1031 1 -9 0.87 45
3 1 1 -9 2 59
3 1 1 -9 2.8 62
1 1 2 -9 5.2 73
1 287 1 -9 2.8 61
1 1 2 -9 3.06 62
3 935 2 -9 1.7 52
1 1 1 -9 5.51 80
1 1 1 -9 5.31 78
2 895 1 -9 0.67 41
1 1 1 -9 4.07 66
2 738 1 -9 1.18 47
1 1 1 -9 6.43 74
2 1111 2 -9 3.75 68
2 1108 2 -9 3.42 64
1 147 1 -9 3.3 72
1 72 2 -9 1.3 50
2 550 2 -9 4.66 71
1 1 1 -9 5.3 73
3 609 2 -9 1.8 54
1 1 1 -9 5.2 74
1 1 1 -9 5.92 75
3 610 2 -9 1.95 56
1 214 2 -9 1.5 52
3 714 2 -9 3.7 70
3 1 2 -9 4.9 78
3 556 2 -9 1.22 49
3 849 2 -9 3.3 63
3 1105 1 -9 1.06 46
3 645 1 -9 2.4 61
3 1069 2 -9 1.95 57
3 685 2 -9 1.1 51
1 30 2 -9 3.67 66
1 1 2 -9 3.06 62
1 1 1 -9 2.55 58
1 1 2 -9 9.4 84
1 109 1 -9 2 53
1 1 2 -9 6.7 78
1 1 1 -9 7.45 79
3 1 1 -9 2.45 57
1 1 2 -9 1.7 54
1 372 1 -9 4.39 65
3 903 2 -9 1.53 53
2 908 2 -9 3.22 63
1 1 1 -9 4.29 68
2 657 1 -9 2.9 60
2 1058 1 -9 6 72
3 954 2 -9 7.9 72
1 246 2 -9 3.1 63
3 609 2 -9 1.7 52
2 948 2 -9 3 62
1 24 1 -9 5.9 70
1 13 2 -9 1.58 52
3 566 2 -9 1.98 57
3 526 2 -9 2.67 55
3 558 2 -9 1.68 54
2 611 1 -9 5.4 78
3 1 2 -9 1.6 56
1 1 1 -9 4.3 68
1 1 2 -9 5.82 75
1 1 2 -9 3.28 63
1 1 2 -9 3.27 69
1 1 1 -9 3.12 64
1 16 1 -9 3.4 66
2 725 2 -9 -9 53
2 726 2 -9 -9 57
3 904 1 -9 3.14 65
2 1064 2 -9 1.7 54
1 1 2 -9 4.52 73
2 702 2 -9 4.15 61
1 455 1 -9 3.2 63
1 1 1 -9 7.04 77
1 1 1 -9 2.24 59
1 298 1 -9 3.6 65
1 97 1 -9 9.17 84
1 229 2 -9 3.2 64
2 1008 1 -9 8.4 84
1 340 2 -9 9.5 83
2 552 2 -9 3.94 66
1 1 1 -9 5.9 75
1 77 1 -9 4.7 70
1 189 1 -9 3.5 67
1 1 1 -9 4.18 72
1 1 1 -9 5.2 73
1 1 2 -9 3.06 61
2 577 2 -9 1.04 46
3 1063 1 -9 2.4 57
2 828 1 -9 1.9 54
2 869 1 -9 2.4 55
2 612 2 -9 1.82 55
3 694 1 -9 5.6 75
3 1 2 -9 2.4 59
1 338 1 -9 1.75 57
1 339 1 -9 2.12 55
1 33 2 -9 0.82 41
1 1 2 -9 2.55 63
2 736 1 -9 2.34 60
1 1 1 -9 8.88 86
1 1 2 -9 2.55 61
1 1 1 -9 5.51 80
2 591 2 -9 2.84 62
1 146 1 -9 2.8 64
2 1011 1 -9 3.4 63
3 582 1 -9 1.7 52
1 245 2 -9 1.3 48
1 248 1 -9 4.7 70
1 1 2 -9 5.1 71
1 499 2 -9 4.38 71
1 117 1 -9 6.98 70
3 1 1 -9 5 78
2 570 2 -9 2.65 62
3 1141 1 -9 4.53 73
3 778 1 -9 3.4 64
3 854 1 -9 6.3 74
1 429 2 -9 3.8 65
2 753 1 -9 3.2 74
1 327 2 -9 0.32 31
3 1 1 -9 0.8 43
1 39 1 -9 6.1 74
1 1 1 -9 4.39 71
1 1 2 -9 2.24 60
3 1 1 -9 5.05 73
1 1 1 -9 4.08 70
1 507 2 -9 0.9 43
3 1086 1 -9 3.6 61
1 460 1 -9 2.77 61
3 1 2 -9 2.35 61
3 600 2 -9 8.56 83
3 603 1 -9 3.6 64
1 84 1 -9 1.72 53
3 1006 2 -9 -9 76
2 944 2 -9 1.45 50
3 1 1 -9 1.84 57
3 1 1 -9 3.88 70
1 254 1 -9 4.1 73
1 1 2 -9 4.59 69
1 1 1 -9 6.22 76
1 224 1 -9 3.95 68
1 10 1 -9 2.73 60
1 10 1 -9 4.03 71
3 1 2 -9 1.94 54
2 1 2 -9 6.02 78
2 575 1 -9 2.28 55
3 829 1 -9 1.8 52
2 967 2 -9 1.22 47
1 1 2 -9 3.98 66
1 479 2 -9 5.19 74
2 940 1 -9 1.4 49
3 748 2 -9 0.97 49
1 379 2 -9 2.2 58
3 600 2 -9 4.1 71
1 399 1 -9 6.4 73
2 927 1 -9 5.66 65
1 93 2 -9 3.55 67
2 667 2 -9 4.2 68
1 71 1 -9 6 79
1 294 1 -9 2 59
1 1 2 -9 1.22 66
1 120 1 -9 2.31 56
1 446 1 -9 1.55 51
1 212 1 -9 2.5 59
3 1 1 -9 2.7 63
3 564 1 -9 1.51 53
3 644 2 -9 6.1 82
3 989 1 -9 3.7 67
1 34 2 -9 3.67 69
1 39 1 -9 1.65 54
1 1 2 -9 3.57 64
1 479 1 -9 4.42 71
2 703 1 -9 3.13 65
1 1 2 -9 3.89 71
1 1 1 -9 3.57 63
1 1 1 -9 3.69 68
3 974 2 -9 3.42 67
3 752 2 -9 1.55 51
2 734 2 -9 2.32 56
1 1 2 -9 7.2 80
2 1121 1 -9 7.3 83
1 1 2 -9 1.99 55
3 1 2 -9 2.19 58
1 234 1 -9 5.6 75
3 1005 1 -9 -9 77
1 50 1 -9 1.2 48
1 498 2 -9 5.08 73
2 943 1 -9 3.8 67
3 1 1 -9 2.14 58
3 1078 1 -9 1.6 53
1 208 1 -9 3.8 66
3 1 2 -9 2.14 57
3 871 2 -9 4.1 67
3 965 1 -9 2.74 59
3 1022 2 -9 6.2 80
3 1068 1 -9 4.1 71
2 1073 1 -9 5.8 74
1 1 1 -9 4.1 71
3 936 2 -9 2.5 57
1 1 2 -9 4.8 74
1 1 1 -9 6.12 77
3 1 1 -9 3.78 67
1 421 1 -9 4.23 69
1 370 2 -9 2.37 57
2 1159 1 -9 1.41 50
1 506 1 -9 0.4 32
3 976 1 -9 2.59 62
1 1 2 -9 1.43 53
1 1 2 -9 1.94 53
3 1043 2 -9 1.5 49
1 297 1 -9 3.71 66
2 930 1 -9 1.7 54
1 49 2 -9 2.4 60
3 1 2 -9 4.59 72
1 1 2 -9 4.69 73
2 522 2 -9 3.45 56
3 1 2 -9 1.94 57
3 568 2 -9 1.33 50
3 1 2 -9 3.78 68
1 1 2 -9 3.78 65
2 869 2 -9 2.5 54
3 793 2 -9 2.59 62
3 964 1 -9 2.27 60
3 986 1 -9 4.6 73
3 1 2 -9 2.1 61
3 1082 2 -9 3.46 65
1 404 2 -9 0.8 41
1 1 2 -9 3.06 63
1 305 1 -9 2.7 61
1 1 2 -9 3.57 69
1 182 2 -9 2.4 60
2 729 2 -9 3.73 55
3 893 1 -9 6.49 79
1 1 2 -9 3.57 67
1 1 2 -9 1.53 51
1 1 2 -9 2.96 59
1 1 2 -9 4.39 69
3 1049 1 -9 4.58 72
3 1 1 -9 11.53 84
2 678 2 -9 1.86 55
2 672 1 -9 8.28 88
2 595 1 -9 4.06 65
2 931 1 -9 3.3 63
3 1 1 -9 5.31 78
3 1 1 -9 6.33 81
3 1 2 -9 2.76 62
3 1 1 -9 2.55 64
1 176 2 -9 2.9 61
1 175 1 -9 1.7 53
1 179 1 -9 4.6 69
1 62 1 -9 3.3 61
1 63 2 -9 1.9 53
1 1 2 -9 1.84 60
1 23 2 -9 3 60
2 1037 1 -9 1.36 50
1 266 2 -9 7.5 88
3 715 1 -9 0.8 43
3 1 1 -9 6 84
3 835 1 -9 6.4 79
1 1 2 -9 3.06 66
2 1028 2 -9 2.01 60
3 970 2 -9 5.7 75
2 1073 2 -9 3.8 64
3 1 2 -9 1.9 59
1 1 1 -9 2.55 60
1 1 1 -9 4.8 72
1 1 1 -9 2.8 67
1 106 2 -9 4.5 69
1 1 1 -9 4.69 72
3 1 1 -9 1.99 55
2 706 2 -9 2.82 61
1 1 2 -9 4.08 70
2 775 1 -9 3.1 65
1 1 2 -9 1.95 54
1 490 2 -9 6.42 75
3 1 2 -9 10.2 84
3 1 2 -9 4.6 72
1 1 1 -9 2.14 55
2 1112 1 -9 4.35 70
1 126 1 -9 4.1 72
1 355 1 -9 3.1 61
3 952 2 -9 2.8 60
1 235 2 -9 2.2 57
1 48 1 -9 3.6 67
1 1 1 -9 3 63
1 13 1 -9 3.61 67
1 415 2 -9 3.06 64
1 274 1 -9 4.8 68
3 712 2 -9 5.4 81
3 1 1 -9 3.06 63
1 431 2 -9 2.66 72
3 798 1 -9 2.35 59
2 984 2 -9 1.5 57
1 1 2 -9 2.1 56
1 1 2 -9 4.08 71
1 168 1 -9 1.4 50
1 15 2 -9 3 66
2 878 1 -9 1.95 45
2 911 1 -9 3.17 61
1 1 2 -9 2.96 60
2 960 1 -9 4.47 71
3 1 1 -9 2.04 54
3 1 2 -9 1.89 58
1 83 1 -9 6.97 78
2 1002 1 -9 -9 59
2 668 2 -9 1.4 51
3 954 2 -9 1.9 51
3 1 2 -9 1.73 57
3 996 2 -9 1.5 51
1 103 1 -9 3.9 66
1 411 2 -9 1.99 57
3 568 1 -9 2.7 62
3 1 2 -9 3.7 68
3 1 1 -9 4.8 72
1 1 1 -9 4.39 69
1 1 1 -9 5.61 71
1 1 1 -9 5.1 73
1 1 1 -9 3.6 65
1 1 1 -9 3.67 66
1 1 1 -9 8.1 81
3 1 2 -9 4.2 72
1 1 1 -9 4.83 68
1 162 1 -9 1.8 53
1 1 1 -9 4.08 69
3 1173 1 -9 3.38 67
3 762 1 -9 1.4 46
2 698 1 -9 4.2 66
1 1 1 -9 3.88 66
1 1 1 -9 13.98 103
2 1109 2 -9 2.52 58
3 1048 2 -9 6 76
2 673 2 -9 2.54 62
2 672 2 -9 1.44 50
2 586 1 -9 2.34 60
1 95 1 -9 3.42 66
3 1001 2 -9 -9 73
1 1 2 -9 6.6 71
3 639 1 -9 2.13 56
1 249 1 -9 3.5 65
3 1 2 -9 11.63 98
3 1 2 -9 2.76 64
3 1 1 -9 4.39 70
3 969 1 -9 1.3 52
1 59 1 -9 1.95 54
1 114 2 -9 5.58 74
1 27 2 -9 4.5 59
1 53 2 -9 5.4 82
1 1 2 -9 2.65 59
1 1 2 -9 3.27 63
1 211 1 -9 4.2 68
1 261 1 -9 8.7 83
2 632 1 -9 4.74 71
3 621 1 -9 1.82 53
3 1 1 -9 5.85 77
3 936 2 -9 1.6 53
1 1 2 -9 4.8 74
1 1 1 -9 4.59 69
1 1 2 -9 3.89 69
1 1 2 -9 2.24 60
1 1 1 -9 3.06 61
1 173 2 -9 3 62
3 1177 1 -9 1.72 55
2 892 1 -9 3.66 67
3 812 1 -9 5.6 70
3 695 2 -9 1.75 52
1 227 1 -9 2.4 58
1 1 1 -9 1.63 52
2 1052 1 -9 1.78 54
2 1058 2 -9 7.2 76
1 204 1 -9 2.22 59
2 719 1 -9 2.32 60
2 550 2 -9 2.86 60
1 1 1 -9 5.82 75
1 409 2 -9 1.65 59
1 1 1 -9 4.29 68
3 1 1 -9 5.61 79
3 1 2 -9 2.76 65
2 1028 2 -9 2.23 59
2 1028 2 -9 2.68 63
1 36 2 -9 4.02 66
1 237 1 -9 1.34 47
1 1 2 -9 2.35 60
1 1 1 -9 3.78 65
1 307 2 -9 4.1 68
3 1 1 -9 3.72 66
1 1 2 -9 4 68
1 1 2 -9 1.97 55
3 1 2 -9 2.24 53
1 1 1 -9 3.52 65
2 896 2 -9 1.43 50
2 891 1 -9 1.54 51
1 1 2 -9 2.5 58
2 737 2 -9 0.76 43
1 1 1 -9 3.16 64
3 1 1 -9 2.86 61
1 1 1 -9 2.65 58
1 302 2 -9 3.1 67
1 132 2 -9 3.2 68
2 677 1 -9 3 70
1 500 1 -9 0.7 39
3 785 2 -9 5.8 79
2 1010 2 -9 2.8 60
3 1 1 -9 2.24 60
3 1 2 -9 5.31 79
3 542 2 -9 2.4 58
2 691 1 -9 2 52
1 79 1 -9 2.1 59
1 81 2 -9 1.05 44
1 74 1 -9 3.5 68
1 177 2 -9 4.2 71
1 114 1 -9 6.62 78
1 27 1 -9 4.6 63
3 1 1 -9 1.73 54
1 29 2 -9 2.68 59
1 1 2 -9 2.55 59
1 403 1 -9 3.7 69
3 1 2 -9 2.7 61
1 181 1 -9 4.6 70
2 1152 2 -9 1.78 53
2 897 1 -9 3.02 63
1 1 2 -9 2.43 59
3 749 2 -9 3.91 46
1 457 1 -9 3.05 63
1 1 2 -9 1.94 62
1 1 1 -9 5.92 70
3 1 2 -9 4.1 65
3 1 2 -9 2.4 59
2 589 1 -9 6.9 82
1 400 1 -9 1.2 51
3 745 1 -9 9.8 85
1 145 1 -9 2.5 51
1 315 2 -9 1.4 45
2 551 1 -9 1.64 51
3 1 2 -9 3.06 64
3 1000 1 -9 6.1 76
1 397 1 -9 6.2 80
1 389 1 -9 6.25 71
1 392 2 -9 3.05 67
1 1 1 -9 6.75 79
1 1 1 -9 7.14 81
3 1 2 -9 2.14 57
3 1 1 -9 2.96 74
3 852 1 -9 1.6 52
3 1 1 -9 4 66
1 1 2 -9 2.9 60
3 1 2 -9 4.9 71
1 1 2 -9 2.65 62
1 307 1 -9 4.2 71
3 1 1 -9 2.3 56
1 1 2 -9 5.71 74
1 1 2 -9 11.84 104
1 1 2 -9 9.8 93
1 166 2 -9 2 56
1 272 2 -9 3.6 65
2 883 2 -9 1.64 52
2 886 1 -9 4.18 71
1 1 2 -9 2.35 59
3 1047 1 -9 8.1 98
3 1045 1 -9 6 79
1 1 1 -9 9.29 88
2 961 2 -9 1.86 54
3 1 1 -9 3.06 64
1 148 1 -9 3.2 68
1 67 2 -9 4.2 72
3 635 1 -9 2.9 61
1 364 1 -9 3.15 61
1 1 1 -9 3.5 66
1 1 1 -9 4.59 68
1 1 2 -9 6.02 81
1 26 1 -9 1.25 51
1 1 1 -9 4.95 72
1 440 1 -9 3.92 67
3 1093 2 -9 1.52 55
1 313 1 -9 2 56
3 1 1 -9 3.57 69
3 1 1 -9 8.57 85
3 1103 2 -9 1.15 47
1 2 1 -9 6.05 74
1 1 1 -9 2.55 56
1 19 2 -9 2.8 62
2 774 2 -9 1.61 53
3 803 2 -9 3.29 69
1 345 2 -9 2.74 61
1 93 2 -9 3.35 64
1 320 2 -9 2.5 61
1 317 2 -9 3.5 65
1 282 2 -9 1.4 50
3 1 1 -9 3.16 65
3 1 2 -9 3.57 68
3 1 1 -9 2.76 61
1 388 2 -9 1.69 53
1 24 1 -9 1.2 47
1 410 2 -9 0.9 44
3 714 1 -9 1.2 49
3 562 1 -9 4.57 75
3 1 2 -9 4.69 72
3 859 1 -9 9.9 86
3 1 2 -9 2 57
1 7 2 -9 4.4 68
1 1 1 -9 2.14 58
3 937 2 -9 2.6 60
1 1 1 -9 4.7 71
1 1 1 -9 6 74
1 1 1 -9 7.3 82
1 1 2 -9 10.82 86
1 1 2 -9 2.78 67
1 1 1 -9 3.85 69
2 907 1 -9 2.38 72
3 876 1 -9 2.65 62
3 809 2 -9 2.2 55
3 1165 1 -9 4.66 71
1 1 1 -9 4.34 70
1 1 2 -9 10 89
1 1 1 -9 3.06 66
1 1 2 -9 3.06 62
1 344 1 -9 6 79
1 85 2 -9 3.03 65
1 1 1 -9 3.98 67
1 285 2 -9 2.82 61
1 102 1 -9 2.8 64
1 104 2 -9 2.4 57
3 610 1 -9 2.75 64
3 1 1 -9 1.53 51
3 1 1 -9 3.67 68
3 838 2 -9 3.9 69
3 797 1 -9 1.19 49
2 650 1 -9 2.5 60
3 1027 2 -9 7.2 79
1 1 2 -9 2.1 56
1 1 2 -9 5.71 71
1 1 2 -9 7.04 81
1 1 1 -9 4.59 72
1 1 1 -9 3.57 70
1 161 1 -9 5.2 72
2 881 1 -9 2.52 58
2 879 2 -9 2.48 58
1 1 2 -9 3.47 67
1 1 2 -9 4.18 67
3 1 2 -9 2.65 57
3 1 1 -9 2.97 61
2 677 1 -9 4.22 74
1 399 2 -9 3.8 68
2 923 1 -9 2.51 58
1 419 2 -9 4 74
1 233 2 -9 6.2 77
1 320 1 -9 3.4 64
1 283 2 -9 3.5 69
3 1015 2 -9 4.5 69
3 1 2 -9 3.27 66
1 61 1 -9 3.7 68
1 226 1 -9 2.85 65
3 515 2 -9 0.41 35
2 1041 1 -9 1.35 49
3 1101 1 -9 1 47
3 1 1 -9 1.73 54
1 1 1 -9 6.24 74
1 1 2 -9 3.78 69
1 366 2 -9 2.1 66
3 1 2 -9 7.6 79
3 1081 1 -9 1.6 51
1 36 2 -9 2.95 62
1 1 2 -9 2.5 62
1 1 1 -9 3.7 69
1 1 2 -9 2.55 66
3 1 2 -9 2.76 60
1 1 2 -9 2.54 59
1 370 1 -9 1.04 47
1 163 2 -9 1.2 46
3 764 1 -9 5.4 69
2 772 2 -9 2.9 61
3 750 2 -9 2.94 63
1 1 1 -9 2.46 72
1 1 1 -9 4.19 72
1 303 2 -9 5.1 72
1 1 2 -9 2.55 62
1 1 1 -9 3.27 66
3 652 2 -9 1.2 49
1 1 1 -9 3.37 61
3 788 1 -9 4.8 73
2 584 2 -9 4.54 72
1 400 1 -9 4.8 74
1 229 2 -9 3.4 62
1 73 1 -9 2.9 63
1 316 2 -9 9.8 90
3 583 2 -9 6.6 82
3 1 2 -9 2.96 65
2 1134 2 -9 2.6 60
3 543 2 -9 1.5 49
1 113 2 -9 3.01 61
1 1 1 -9 4.69 70
3 1 1 -9 2.45 60
1 492 1 -9 2.08 57
1 1 2 -9 3.15 62
3 797 1 -9 2.35 58
2 616 2 -9 2.44 59
3 1 2 -9 6.8 80
3 1 2 -9 2.2 59
1 290 1 -9 5.2 74
1 1 1 -9 4.18 68
1 1 1 -9 3.57 69
1 1 1 -9 4.59 72
3 1 1 -9 3.06 60
1 473 2 -9 1.91 56
1 1 1 -9 6.65 80
1 1 2 -9 3.37 69
1 1 2 -9 2.04 58
1 1 2 -9 2.65 58
1 1 2 -9 2.55 61
2 725 2 -9 -9 48
3 905 2 -9 2.58 60
3 805 2 -9 3.1 64
1 458 2 -9 2.21 59
1 1 1 -9 4.59 69
1 1 1 -9 5.41 62
3 653 1 -9 5.4 74
3 1107 2 -9 1.16 47
1 1 1 -9 1.2 50
3 1 2 -9 3.06 68
1 500 1 -9 1.1 45
1 78 2 -9 1.8 56
1 186 1 -9 3.5 68
1 121 1 -9 4.76 71
3 1066 1 -9 3.82 66
2 1 2 -9 4.9 76
2 651 1 -9 2.6 62
3 1 1 -9 3.93 67
1 218 1 -9 3.5 62
1 40 1 -9 7.62 78
1 1 1 -9 3.2 64
1 1 1 -9 2.04 57
1 1 1 -9 7.24 83
3 1 1 -9 3.27 59
1 371 1 -9 1.11 49
1 1 2 -9 2.55 59
1 1 1 -9 3.45 66
1 1 2 -9 2.86 60
1 165 1 -9 3.2 63
1 1 2 -9 1.33 46
1 502 2 -9 3.6 70
1 508 1 -9 0.6 41
3 905 1 -9 2.23 60
1 1 1 -9 5.92 75
3 1045 1 -9 8.7 85
1 489 2 -9 0.85 30
3 1 1 -9 2.24 57
3 1 2 -9 2.91 63
3 1 2 -9 5.56 82
2 586 2 -9 4.86 71
2 590 2 -9 2.02 56
2 1062 1 -9 15 100
1 82 1 -9 4.8 71
2 719 2 -9 2.84 59
3 637 2 -9 2.4 60
1 241 2 -9 4.5 80
2 942 2 -9 4.7 71
3 1 1 -9 7.96 84
3 1 2 -9 2.45 59
1 1 2 -9 3.57 67
1 442 1 -9 1.8 55
3 1 2 -9 5.2 76
3 1 2 -9 1.22 48
2 634 2 -9 4.5 69
1 438 1 -9 3.02 66
3 1104 1 -9 6.62 83
1 1 2 -9 3.78 66
3 629 2 -9 1.66 52
3 962 1 -9 -9 66
3 1026 2 -9 1.8 53
1 215 2 -9 1.5 52
1 1 2 -9 2.14 55
1 1 1 -9 5.71 74
2 709 2 -9 3.35 64
2 911 2 -9 5.93 79
1 1 1 -9 2.35 53
3 1167 2 -9 3.82 62
1 1 1 -9 7.04 79
1 1 1 -9 1.1 56
3 1 1 -9 2.24 58
3 1 2 -9 3 65
1 1 2 -9 3.16 64
1 1 1 -9 3.27 60
3 1 2 -9 2.13 56
3 1 2 -9 5.82 77
1 420 1 -9 2.4 69
3 740 2 -9 3.1 67
1 204 1 -9 3.94 69
3 1 2 -9 2.24 59
3 1 1 -9 3.06 65
1 178 1 -9 5.1 73
1 1 1 -9 3.57 60
1 1 1 -9 7.96 82
2 524 1 -9 4.6 71
3 1 2 -9 7.04 84
3 1 2 -9 4.59 77
3 831 1 -9 3.7 65
1 428 1 -9 2.4 55
1 1 1 -9 5.82 75
2 824 1 -9 -9 60
1 464 1 -9 2.44 68
2 1075 2 -9 3.2 63
1 1 1 -9 6.02 75
1 1 1 -9 5.2 69
3 1 1 -9 3.76 69
2 711 2 -9 2.13 59
1 1 1 -9 1.42 53
1 1 2 -9 1.51 54
1 172 2 -9 3 61
2 899 2 -9 3.07 67
3 760 2 -9 0.85 41
3 747 1 -9 3.17 62
3 654 1 -9 1.9 55
1 1 1 -9 3.27 67
2 674 1 -9 3.32 65
2 1056 1 -9 0.8 43
1 84 1 -9 7.01 83
2 1009 1 -9 4.6 73
3 535 1 -9 5.68 77
3 1 2 -9 1.94 57
3 1 2 -9 7.14 84
3 1 1 -9 2.55 62
3 1 2 -9 3.98 69
3 1 2 -9 4.08 69
3 1 2 -9 2.24 57
1 76 2 -9 1.9 55
1 206 1 -9 5.8 74
1 99 2 -9 1.6 65
1 391 2 -9 1.22 48
1 65 2 -9 3.4 62
1 1 1 -9 5.41 74
1 26 1 -9 0.8 43
1 214 1 -9 3.5 69
3 1095 1 -9 0.85 43
3 1 2 -9 2.55 60
3 1 1 -9 6.12 82
3 796 1 -9 5.71 78
1 292 2 -9 1.9 53
1 1 1 -9 3 63
1 22 1 -9 3.6 64
2 815 1 -9 7.7 84
2 813 1 -9 1.2 48
1 1 1 -9 3.06 63
1 14 1 -9 2.2 57
3 1125 2 -9 1.06 47
1 1 2 -9 2.55 57
3 1014 2 -9 3.8 64
3 1 2 -9 2.55 58
3 1 2 -9 4.3 73
3 919 2 -9 2.08 56
1 234 1 -9 5.4 74
2 667 2 -9 3.3 63
2 1011 2 -9 3 60
1 321 1 -9 3.6 67
2 533 2 -9 1.88 55
3 1 1 -9 1.84 58
3 1 2 -9 6.43 81
1 1 2 -9 3.95 67
1 1 1 -9 3.98 65
1 411 2 -9 2.82 61
1 443 2 -9 3.65 66
2 520 2 -9 3.67 68
3 1 1 -9 6.34 87
3 1 2 -9 3.57 66
3 1 2 -9 12.2 126
2 578 1 -9 2.39 60
2 1087 2 -9 6.4 77
2 827 2 -9 2.4 57
1 1 1 -9 3 64
1 1 1 -9 1.84 52
2 865 1 -9 4.1 68
3 645 1 -9 1.6 55
2 1030 1 -9 1.17 50
2 614 2 -9 5.12 75
3 912 2 -9 2.8 59
3 1 1 -9 1.7 53
1 33 2 -9 5.65 73
1 376 1 -9 6.3 75
1 1 1 -9 4.5 71
1 1 1 -9 4.59 71
3 1 2 -9 3.27 61
1 1 2 -9 2.76 63
2 711 1 -9 1.57 51
1 174 1 -9 1.8 53
2 888 2 -9 5.69 74
2 888 1 -9 7.58 88
3 973 2 -9 1.87 57
3 751 2 -9 2.37 59
1 1 1 -9 3.06 64
1 1 2 -9 4.8 74
1 1 1 -9 3.16 62
1 1 1 -9 5.92 79
3 957 1 -9 1.51 52
3 1 2 -9 2.96 64
1 347 2 -9 2.8 62
3 1 2 -9 1.22 48
2 789 2 -9 4.6 70
1 235 1 -9 2.6 61
2 945 1 -9 6.6 83
3 1 2 -9 3.27 69
3 998 1 -9 1.5 52
1 1 1 -9 2.14 59
1 223 2 -9 1.9 52
1 52 1 -9 1.58 51
2 1042 2 -9 1.92 55
3 1 1 -9 6.22 81
3 1 2 -9 2.6 62
3 1 1 -9 5 71
2 576 2 -9 2.33 52
3 858 2 -9 3.5 61
2 622 1 -9 4.52 69
3 1020 1 -9 1.6 56
1 34 2 -9 0.76 42
1 1 2 -9 3.98 67
3 1 1 -9 2.14 58
1 1 2 -9 8.78 83
2 1147 1 -9 -9 59
3 810 2 -9 8.4 80
2 773 1 -9 6 75
3 817 1 -9 3.8 67
1 1 1 -9 2.35 56
1 1 2 -9 1.84 52
1 1 1 -9 2.14 59
1 1 1 -9 2.86 62
1 1 2 -9 3.32 63
1 1 1 -9 3.37 66
1 1 2 -9 3.37 60
1 1 2 -9 3.78 64
3 1124 1 -9 10.82 92
3 1 2 -9 3.47 69
3 1 1 -9 5.41 74
3 1 1 -9 4.18 75
2 680 1 -9 2.1 57
1 143 2 -9 2.8 50
1 201 2 -9 3.39 63
2 929 1 -9 1.4 51
1 48 1 -9 4.3 70
1 1 2 -9 3.06 64
1 250 1 -9 3.6 70
3 544 2 -9 0.7 40
3 1 2 -9 3.67 66
3 1 1 -9 4.69 72
3 1 1 -9 4.8 73
3 1 1 -9 5.92 78
3 870 2 -9 5.8 73
2 1033 2 -9 3.97 68
2 990 1 -9 6 75
2 1113 1 -9 3.34 62
3 1 2 -9 2.4 61
3 1 2 -9 3 64
1 462 2 -9 1.5 52
1 1 2 -9 2.76 61
1 1 2 -9 2.24 56
3 1 1 -9 3.93 67
1 1 1 -9 4.9 69
1 1 2 -9 6.94 87
3 1 1 -9 2.65 60
3 1146 2 -9 -9 40
2 1148 2 -9 -9 63
2 897 1 -9 3.36 67
2 885 1 -9 8.38 87
3 751 1 -9 5.4 74
1 377 2 -9 4 64
2 730 1 -9 4.76 76
2 739 1 -9 2.76 60
1 1 1 -9 2.86 60
3 922 1 -9 1.65 51
1 420 2 -9 3.6 73
1 471 2 -9 1.48 53
1 481 1 -9 4.39 72
1 249 1 -9 3.7 68
2 1017 2 -9 2.2 57
3 1 1 -9 1.84 56
2 1137 1 -9 2.9 64
1 1 2 -9 4.18 67
1 1 2 -9 2.55 60
3 580 2 -9 2.6 64
3 1129 1 -9 1.96 56
3 1 1 -9 4.8 72
2 825 2 -9 1.8 54
2 868 2 -9 4.1 67
3 988 2 -9 0.7 41
2 1115 2 -9 3.05 63
3 1 2 -9 3.6 68
3 687 2 -9 1.45 52
1 271 1 -9 3.32 62
1 1 2 -9 8.1 89
1 1 1 -9 2.65 60
1 239 2 -9 4.4 72
1 1 2 -9 4.18 71
1 1 1 -9 8.16 86
1 155 2 -9 3.8 68
1 1 1 -9 2.65 61
1 1 2 -9 2.76 62
3 1 2 -9 5.31 74
2 1050 1 -9 3.12 64
3 1 1 -9 2.35 61
3 1 2 -9 4.1 67
2 716 2 -9 1.28 48
1 45 2 -9 4.8 68
1 197 1 -9 2.87 64
1 293 1 -9 0.18 28
3 1 2 -9 4.69 74
1 183 1 -9 4.8 73
1 277 1 -9 3.54 66
1 54 1 -9 3.14 62
1 1 1 -9 4.18 67
2 520 1 -9 5.72 73
3 553 2 -9 1.4 50
3 525 1 -9 2.11 56
3 1 1 -9 4.69 73
3 1 2 -9 2.7 63
3 560 1 -9 2.97 65
1 438 1 -9 4.7 77
3 846 2 -9 4.1 67
2 650 2 -9 2.3 61
2 614 2 -9 3.76 59
3 688 1 -9 4.4 71
1 29 1 -9 3.86 68
1 1 1 -9 5 72
1 1 1 -9 1.93 55
1 1 1 -9 2.8 63
1 107 2 -9 5.3 74
2 708 1 -9 3.85 70
2 704 2 -9 1.84 52
2 1156 1 -9 1.52 52
2 737 2 -9 1.72 55
1 1 1 -9 5.2 74
1 1 2 -9 3.98 63
1 1 2 -9 4.69 66
1 1 2 -9 4.08 68
1 1 2 -9 2.76 60
3 1 2 -9 1.56 51
3 1001 2 -9 -9 71
1 328 2 -9 4.7 73
1 69 2 -9 4.5 69
3 1 2 -9 3.57 66
3 998 1 -9 3 65
1 179 2 -9 3.1 62
1 1 2 -9 3.78 64
1 413 2 -9 2.43 58
3 515 1 -9 0.35 32
3 1130 2 -9 2.01 56
1 435 2 -9 2.78 75
3 1 2 -9 8.57 85
3 1 2 -9 9.08 91
3 1 2 -9 4.39 70
1 1 1 -9 3.5 63
2 625 1 -9 2.83 63
1 1 1 -9 3.09 62
1 1 2 -9 3.8 64
2 616 2 -9 1.64 53
3 1 1 -9 2 54
1 1 1 -9 3.8 68
1 478 1 -9 4.62 74
2 884 2 -9 8.53 86
3 902 1 -9 2.29 60
3 1166 2 -9 0.7 39
1 1 2 -9 -9 60
1 1 1 -9 -9 61
1 1 1 -9 1.84 63
3 1 2 -9 3.06 64
2 1 1 -9 7.5 81
2 662 2 -9 3.5 38
1 199 2 -9 2.44 61
2 1007 1 -9 2.6 61
1 317 2 -9 5.3 70
3 641 1 -9 3.46 65
2 552 1 -9 1.64 52
1 244 2 -9 3.8 66
1 283 1 -9 5.12 73
3 1 1 -9 5.1 75
1 254 2 -9 2.3 69
1 101 1 -9 1.5 51
3 581 2 -9 9 89
1 9 2 -9 4.44 67
1 415 2 -9 2.72 58
1 54 1 -9 2.68 58
3 1 2 -9 2.65 60
2 519 1 -9 1.99 57
3 842 2 -9 1.8 54
1 1 1 -9 4.69 69
1 465 1 -9 3.52 66
2 968 2 -9 3.11 61
1 1 2 -9 2.86 65
1 171 1 -9 5.2 77
1 1 1 -9 2.18 58
2 771 1 -9 1.5 51
1 1 1 -9 3.88 67
1 1 2 -9 3.57 60
3 1 1 -9 1.72 51
2 926 1 -9 4.12 72
2 666 2 -9 2.4 58
1 200 2 -9 2.34 58
1 193 1 -9 1.47 50
1 242 1 -9 4.3 72
3 1 2 -9 5.1 74
3 997 2 -9 2.2 59
1 184 2 -9 3.2 67
3 1 1 -9 2.14 59
1 433 1 -9 3.68 61
3 621 2 -9 2.14 59
1 43 1 -9 4.12 68
1 1 2 -9 3.5 64
1 1 1 -9 6.7 79
1 1 2 -9 2.35 57
1 154 2 -9 1.2 60
3 767 2 -9 2 55
1 1 1 -9 4.29 73
3 652 2 -9 8.1 86
2 1110 2 -9 1.71 52
2 959 1 -9 9.52 92
2 786 2 -9 5.2 69
1 231 2 -9 3.15 58
1 1 1 -9 7.4 72
3 1 2 -9 1.94 56
1 1 2 -9 3.06 62
1 417 1 -9 2.06 56
3 1093 1 -9 1.45 56
1 209 2 -9 5 70
1 261 2 -9 6.8 80
1 136 2 -9 1.4 51
2 1143 2 -9 1.62 52
2 628 1 -9 2.88 61
2 980 1 -9 1 48
1 1 1 -9 4.29 67
1 110 2 -9 1.3 49
1 1 1 -9 5.02 68
1 158 2 -9 7 79
3 1174 1 -9 1.14 49
3 763 2 -9 1.5 46
1 488 2 -9 3.1 62
1 126 1 -9 2.6 62
3 1 1 -9 3.47 67
2 596 2 -9 2.6 59
1 323 1 -9 3 62
3 636 2 -9 1.28 50
1 246 1 -9 2.6 59
1 341 2 -9 4 67
3 1 1 -9 2.65 63
3 995 1 -9 3.2 62
1 389 2 -9 3.86 65
1 1 2 -9 3.57 71
1 122 2 -9 1.52 51
1 223 1 -9 4.4 70
1 413 2 -9 5.54 75
1 11 2 -9 1.67 52
1 1 1 -9 3.47 59
3 1097 2 -9 1.2 49
3 554 2 -9 4.53 71
3 1141 2 -9 2.59 60
1 1 2 -9 4.18 67
2 993 1 -9 4.5 68
1 32 1 -9 1.18 48
1 387 1 -9 6.05 76
1 1 2 -9 2.35 54
1 1 1 -9 4.7 68
3 1 2 -9 3.16 63
3 516 2 -9 0.65 39
1 1 1 -9 7.45 84
1 1 2 -9 4.39 72
3 1106 2 -9 3.37 65
1 452 2 -9 3.85 63
3 1 1 -9 2.24 62
3 1 1 -9 8.6 75
3 1117 1 -9 1 49
1 1 1 -9 3.06 62
3 1 2 -9 3.27 71
2 669 1 -9 2.8 64
1 49 2 -9 2.5 59
1 1 2 -9 3.4 66
1 281 2 -9 3.5 65
1 275 1 -9 3.56 63
1 28 1 -9 4.8 69
2 523 2 -9 3.24 67
3 1 2 -9 3.78 66
1 135 1 -9 1.2 48
3 1095 2 -9 1.7 54
3 620 2 -9 0.84 44
1 1 1 -9 4.6 72
1 304 1 -9 7.5 82
3 1 2 -9 2.5 55
1 1 2 -9 2.49 57
1 1 1 -9 2.43 60
2 815 1 -9 7.3 78
3 1 2 -9 1.53 50
3 1 1 -9 2.14 59
3 972 2 -9 0.96 45
3 1169 2 -9 1.98 53
1 1 2 -9 2.45 56
1 1 2 -9 3.98 71
1 1 2 -9 4.29 72
1 1 1 -9 1.63 49
1 1 1 -9 2.35 57
3 1 1 -9 14.82 88
3 547 1 -9 1.98 54
1 497 1 -9 2.64 63
3 1 1 -9 5.82 77
1 78 2 -9 2.4 60
1 57 2 -9 3.35 63
1 118 2 -9 1.28 48
1 118 2 -9 3.05 63
1 1 1 -9 5 74
1 1 1 -9 6.33 75
1 1 1 -9 4.69 70
3 1131 2 -9 1.46 51
1 137 2 -9 2.7 59
1 263 2 -9 4 67
3 843 1 -9 3.8 67
2 1088 2 -9 4.2 70
1 1 1 -9 3.46 64
3 983 2 -9 2.1 58
3 1 1 -9 2.2 58
1 1 2 -9 2.65 57
1 106 2 -9 3.1 61
1 1 2 -9 1.4 49
1 1 2 -9 3.16 62
1 170 1 -9 3.6 67
3 767 2 -9 1.1 49
3 893 1 -9 5.87 76
1 1 1 -9 9.08 81
1 1 1 -9 4.29 71
1 1 1 -9 8.1 84
1 1 2 -9 1.94 60
1 518 2 -9 2.95 66
2 1050 2 -9 4.4 72
3 1 2 -9 1.63 54
3 916 2 -9 2.1 55
2 670 2 -9 1.8 54
3 1 2 -9 2.04 56
3 1 1 -9 2.35 60
3 1 2 -9 5.92 76
2 691 2 -9 3.4 62
1 393 2 -9 4.93 76
1 414 1 -9 2.43 52
1 279 1 -9 3.63 68
1 1 2 -9 3.37 60
1 56 1 -9 2.08 54
1 136 2 -9 2.8 62
1 311 1 -9 3.1 62
2 572 1 -9 3.43 68
1 1 2 -9 3.47 63
2 872 2 -9 3.4 62
3 963 2 -9 1.38 50
2 756 2 -9 5.8 74
3 934 1 -9 4.3 70
1 290 2 -9 4.2 68
1 1 1 -9 6.02 73
1 1 2 -9 3.2 63
1 1 1 -9 2.96 66
1 1 2 -9 4.08 70
1 382 1 -9 4 72
1 1 1 -9 3.06 67
3 1 1 -9 4.08 72
2 885 1 -9 2.58 63
2 728 2 -9 1.46 43
3 806 2 -9 2.2 56
1 357 2 -9 2.6 58
2 592 2 -9 3.36 66
2 588 1 -9 5.12 74
2 1057 2 -9 5.4 75
1 191 1 -9 7 75
1 513 1 -9 3.14 65
3 604 1 -9 3 62
3 1130 2 -9 4.7 70
3 1 1 -9 2.19 59
3 1 2 -9 1.84 49
3 1 1 -9 1.8 55
2 979 2 -9 2.5 59
1 1 2 -9 4.1 67
1 1 2 -9 4.9 69
1 111 2 -9 6.3 75
1 425 2 -9 2.44 59
1 1 1 -9 2.55 64
1 1 1 -9 2.76 64
1 508 2 -9 1.3 49
3 910 2 -9 4.76 73
1 1 2 -9 1.24 48
3 1166 1 -9 2.66 65
1 1 1 -9 3.98 67
1 1 1 -9 2.24 60
3 1 2 -9 3.5 69
1 1 2 -9 1.73 54
2 658 1 -9 8.3 78
1 131 2 -9 2.3 57
3 1 2 -9 4.39 63
3 1 1 -9 3.06 65
2 924 2 -9 1.65 54
1 342 1 -9 1.8 47
1 1 1 -9 2.96 60
1 153 2 -9 1.9 56
3 1099 2 -9 3 62
1 210 2 -9 2.4 60
3 1 2 -9 3.06 52
3 1 1 -9 6.94 83
3 1 2 -9 6.94 83
1 1 2 -9 2.73 61
1 466 1 -9 1.47 51
1 465 2 -9 3.4 65
2 1029 1 -9 6.24 77
3 1 2 -9 5 74
3 1 1 -9 6.7 78
1 1 1 -9 4.29 71
1 1 2 -9 2.65 68
1 1 2 -9 4.39 70
2 901 2 -9 3.75 67
3 902 1 -9 1.01 47
3 695 2 -9 2.7 62
1 1 1 -9 3.37 66
2 733 1 -9 3.92 67
1 1 2 -9 2.68 56
2 657 1 -9 5.4 73
2 1059 1 -9 7.4 80
1 97 1 -9 2.06 58
1 328 2 -9 2.9 65
1 486 1 -9 5 66
3 545 2 -9 0.87 43
3 547 1 -9 2.05 58
1 286 1 -9 2.72 65
3 1 2 -9 3.78 71
1 386 1 -9 6.02 75
3 538 1 -9 1.31 50
3 1 1 -9 8.06 85
2 783 2 -9 2.2 57
3 840 2 -9 3.5 67
2 1087 1 -9 2.7 59
3 644 2 -9 3.2 66
3 688 1 -9 11.7 92
1 271 1 -9 6.34 75
1 1 2 -9 3.98 71
1 1 2 -9 4 67
1 107 2 -9 2.7 60
1 1 2 -9 1.52 51
2 889 1 -9 2.35 58
1 1 1 -9 1.59 49
1 227 2 -9 3.7 65
1 1 2 -9 10.71 90
1 1 1 -9 2.96 62
1 1 1 -9 1.84 50
3 1124 1 -9 1.46 50
3 1 2 -9 5.61 75
3 1 2 -9 4.5 71
1 71 2 -9 5.2 76
1 282 1 -9 3 67
3 1 1 -9 5.2 74
1 220 2 -9 3.5 66
1 79 2 -9 2.8 58
1 60 2 -9 2.7 59
1 122 1 -9 3.14 62
1 1 2 -9 4.08 66
3 1 2 -9 3.22 71
3 1 2 -9 4.3 74
2 780 1 -9 4 70
2 626 1 -9 2.32 61
2 994 2 -9 2.1 56
3 1 2 -9 8 87
3 1 2 -9 3.5 61
1 463 2 -9 3.3 66
1 219 2 -9 2.1 58
1 1 2 -9 3.88 65
3 1 1 -9 8.57 90
3 1 1 -9 4.8 75
1 1 2 -9 8.98 84
1 1 1 -9 5 76
2 727 2 -9 1.27 38
2 899 1 -9 3.28 65
1 452 2 -9 4.03 65
3 1 1 -9 1.53 54
1 1 2 -9 1.73 51
1 518 2 -9 5.15 72
2 1062 1 -9 8.8 90
1 201 1 -9 4.24 74
1 241 2 -9 11 97
1 1 2 -9 4.5 75
2 528 2 -9 4.9 76
1 1 2 -9 6.02 77
1 409 2 -9 1.8 60
1 444 2 -9 3.78 65
3 553 1 -9 1.25 48
3 1 1 -9 1.9 55
3 1 1 -9 6.33 80
3 1 2 -9 2.65 62
3 563 2 -9 1.78 55
3 1 1 -9 3.88 69
3 1022 2 -9 2 55
3 1 2 -9 4.8 72
3 1079 2 -9 3 60
2 1084 2 -9 0.86 42
1 384 1 -9 5.9 68
1 292 1 -9 2.2 56
1 1 1 -9 3.67 68
1 1 1 -9 3.16 64
1 1 1 -9 7.24 80
1 1 1 -9 6.63 81
1 325 2 -9 3.6 69
3 1163 1 -9 8 81
1 378 1 -9 2.9 61
1 1 2 -9 4.29 68
1 1 1 -9 2.14 59
3 1107 1 -9 2.15 57
1 1 1 -9 3.78 62
2 1110 1 -9 2.29 59
1 347 2 -9 1.82 53
3 1 1 -9 2.5 63
2 1161 2 -9 2.4 56
1 83 1 -9 1.11 47
2 663 1 -9 1.7 53
2 718 1 -9 1.87 49
3 1 2 -9 1.73 60
3 1 1 -9 3.06 64
1 23 2 -9 2.4 57
1 11 1 -9 2.82 59
2 1036 1 -9 2.07 55
1 447 2 -9 1.9 57
2 777 1 -9 2.4 55
3 1 1 -9 2.45 59
2 1 1 -9 11.02 96
1 492 1 -9 1.24 50
2 612 1 -9 4.9 74
2 1172 2 -9 1.78 53
3 1 1 -9 2.3 57
3 1080 1 -9 2.4 59
1 1 2 -9 2.2 56
1 1 2 -9 3.27 63
1 1 1 -9 5.5 73
3 1 2 -9 3.83 69
1 1 1 -9 2.61 62
1 1 2 -9 3.67 68
1 1 2 -9 1.67 57
1 166 2 -9 1.1 45
1 1 2 -9 6.79 83
3 764 2 -9 2.8 58
3 807 2 -9 6.6 77
3 752 2 -9 2.04 55
3 1164 2 -9 3.62 65
1 483 2 -9 4.4 74
1 1 1 -9 3.88 67
1 1 2 -9 2.86 60
1 1 1 -9 3.27 63
1 357 2 -9 5.9 72
3 1043 1 -9 5.9 77
2 1055 1 -9 5.54 74
2 531 1 -9 2.19 57
3 1 2 -9 2.35 60
1 495 2 -9 0.95 42
1 77 2 -9 0.95 46
3 608 1 -9 1.2 58
2 1039 2 -9 0.77 42
1 351 2 -9 9.3 88
1 448 2 -9 0.26 30
2 577 1 -9 3.9 66
3 1 2 -9 4.3 69
3 1 1 -9 4.2 70
1 1 1 -9 6 71
1 1 1 -9 3.57 67
1 424 2 -9 1.9 57
1 1 2 -9 3.4 66
1 1 2 -9 8.37 81
1 1 2 -9 1.4 60
1 168 1 -9 4.8 71
3 769 2 -9 3.8 70
1 491 2 -9 1.2 49
2 733 2 -9 2.7 62
3 1047 1 -9 4.5 72
1 1 2 -9 2.96 61
2 1119 1 -9 3.7 67
1 131 2 -9 1.15 48
3 1 1 -9 4.8 74
2 587 2 -9 1.54 54
1 94 2 -9 4.24 69
1 252 1 -9 2.1 58
3 1 2 -9 2.24 60
3 1 1 -9 3.16 65
1 1 1 -9 3 63
1 1 2 -9 5 72
1 1 1 -9 9.62 91
1 441 2 -9 1.95 55
2 776 1 -9 1.8 53
3 1 2 -9 2.3 63
3 847 1 -9 2.6 61
2 820 1 -9 -9 63
1 1 1 -9 5.31 73
1 1 1 -9 3 60
2 1033 2 -9 2.89 62
3 1027 2 -9 3.4 64
1 238 2 -9 2.64 62
1 238 2 -9 4.01 68
1 1 1 -9 3.4 68
1 1 1 -9 5.82 77
3 1 2 -9 3.78 69
1 1 2 -9 2.04 55
1 159 2 -9 4.6 75
1 1 1 -9 2.54 61
2 1159 2 -9 3.45 63
3 811 2 -9 2.3 57
3 975 1 -9 2.21 58
3 768 1 -9 2.2 58
1 1 2 -9 5.61 77
1 1 2 -9 4.59 68
1 129 1 -9 2.7 61
1 245 1 -9 3.4 69
3 1 2 -9 3.37 63
1 104 1 -9 1.7 53
1 1 2 -9 2.7 62
3 565 1 -9 3.52 70
3 1100 2 -9 5 72
3 1 2 -9 3.06 62
1 439 1 -9 1.42 61
1 358 1 -9 8.65 85
1 1 1 -9 4.1 69
1 1 1 -9 3.1 63
1 110 1 -9 1.05 47
1 105 2 -9 1.6 52
1 372 2 -9 2.99 64
1 1 2 -9 2.55 52
3 750 1 -9 5.35 75
1 1 1 -9 5.82 72
1 1 2 -9 3.78 66
3 1179 2 -9 1.91 56
3 1 1 -9 1.79 53
2 678 2 -9 3.28 67
2 585 1 -9 3.26 65
2 594 2 -9 1.52 52
3 742 2 -9 2.2 59
3 741 1 -9 3.2 65
1 496 1 -9 2.66 62
3 1 2 -9 2.8 59
3 1 2 -9 2.45 64
1 175 2 -9 4.8 71
1 1 2 -9 2.4 61
3 536 2 -9 4 69
1 133 1 -9 2.1 49
1 1 1 -9 6.33 76
3 970 2 -9 2.2 57
1 109 2 -9 3.6 65
1 1 1 -9 1.99 55
1 369 2 -9 3.15 66
1 169 2 -9 1.6 50
1 1 2 -9 3.17 62
1 1 1 -9 4.19 70
1 377 2 -9 2.3 57
1 331 1 -9 7.8 79
1 1 1 -9 5.92 75
3 1 1 -9 2.3 57
1 230 2 -9 4.8 67
3 1 1 -9 3.27 67
1 1 2 -9 3.57 64
1 1 2 -9 4.9 70
2 1035 1 -9 4.22 74
1 467 2 -9 8.8 85
1 312 1 -9 0.9 44
3 1 1 -9 2.19 60
3 1 2 -9 3.37 69
3 1 2 -9 6.12 76
1 262 1 -9 5.7 70
3 649 2 -9 2.2 58
2 1114 2 -9 6.83 78
2 1076 1 -9 1.25 48
3 1 2 -9 4.1 70
1 1 2 -9 1.8 58
1 108 1 -9 2.7 63
1 1 2 -9 2.22 59
1 1 1 -9 3.88 69
3 1 2 -9 3.78 69
2 1162 2 -9 1.4 55
1 91 1 -9 3.03 62
1 398 2 -9 2.7 61
2 665 2 -9 3.5 64
2 955 1 -9 8.1 86
1 322 1 -9 6.8 76
2 690 2 -9 3 64
1 207 2 -9 1.4 54
1 1 2 -9 4.69 70
1 1 2 -9 5.3 77
1 1 1 -9 5 71
3 1 2 -9 2.04 57
2 569 1 -9 3.5 64
3 834 1 -9 4.4 73
3 1 2 -9 1.3 51
2 981 2 -9 2.6 62
1 462 2 -9 2.1 56
1 1 2 -9 3 62
3 937 1 -9 0.68 39
1 1 1 -9 4.69 72
3 1 1 -9 3.37 65
1 422 1 -9 3.22 60
1 1 2 -9 4.29 88
1 1 2 -9 3.63 73
2 880 2 -9 3.24 63
3 975 1 -9 3.23 66
3 894 2 -9 3.01 62
1 1 2 -9 3.27 60
2 1145 2 -9 2.6 57
1 46 1 -9 2.8 62
1 1 2 -9 5.1 71
3 1 2 -9 4.9 71
3 1 2 -9 3.78 67
3 1 2 -9 3.78 70
2 689 1 -9 2.5 58
1 1 1 -9 7.45 79
3 1 2 -9 1.73 55
3 1 2 -9 2.45 60
1 434 2 -9 1.3 49
1 1 2 -9 5.38 74
2 624 1 -9 2.37 58
3 1024 2 -9 1.6 51
2 1075 2 -9 3.8 63
1 1 1 -9 3.06 62
1 1 1 -9 6 76
1 1 2 -9 4.9 74
1 1 1 -9 4.08 67
1 1 1 -9 6.12 75
2 705 1 -9 3.96 65
1 1 2 -9 2.27 56
1 1 1 -9 1.94 56
1 381 2 -9 3.3 63
1 20 1 -9 3.4 63
2 939 1 -9 1.2 53
1 426 1 -9 3.2 52
3 1 2 -9 5.61 76
2 1018 1 -9 2.1 56
3 1 1 -9 2.14 57
3 1 2 -9 2.35 57
1 256 1 -9 2.1 55
1 1 1 -9 5.6 72
1 1 1 -9 6.33 77
1 407 1 -9 2.4 60
3 1 1 -9 7.45 85
3 1 2 -9 2.86 67
3 779 2 -9 4.5 73
1 428 1 -9 6.8 76
1 1 2 -9 3.83 63
1 359 2 -9 4 70
1 216 2 -9 2.9 60
1 1 1 -9 4.08 65
1 1 1 -9 3.06 63
1 1 1 -9 5.1 70
1 1 1 -9 2.65 76
1 1 1 -9 2.86 60
1 163 1 -9 1.4 50
1 18 2 -9 1.8 50
1 19 2 -9 3 60
2 882 1 -9 12.93 97
2 1154 1 -9 6.31 75
1 1 2 -9 3.78 68
1 301 2 -9 5.12 71
1 300 2 -9 3.93 71
1 299 1 -9 5.85 75
2 597 2 -9 2.36 58
1 151 1 -9 2.4 68
2 927 2 -9 5.67 62
3 546 2 -9 2.22 57
1 176 1 -9 2.49 60
1 392 1 -9 5.64 76
1 58 1 -9 1.53 50
1 1 2 -9 3.06 64
1 1 1 -9 2.35 58
3 1128 2 -9 4.31 71
3 537 2 -9 4.46 73
3 1 1 -9 2.6 59
2 821 2 -9 -9 66
3 1 2 -9 1.6 57
1 336 2 -9 3.14 62
1 404 2 -9 1.6 46
1 1 2 -9 3.6 63
1 1 1 -9 7.04 76
3 1 1 -9 5.2 75
1 167 1 -9 4.3 72
3 1 1 -9 3.57 66
2 732 1 -9 3.72 69
2 1120 2 -9 4.4 68
1 1 1 -9 8.47 80
3 1179 2 -9 0.8 44
3 1 1 -9 2.35 59
3 1 2 -9 2.65 57
1 198 1 -9 0.77 41
3 1078 2 -9 1.65 53
1 406 2 -9 3.4 68
1 278 2 -9 1.64 53
1 1 2 -9 2.55 58
3 567 2 -9 1.48 57
3 1 2 -9 0.78 43
3 1 1 -9 5.92 79
3 1 1 -9 3.98 71
3 1 2 -9 2.2 60
3 1070 1 -9 6.9 78
3 1083 2 -9 3.32 65
1 1 2 -9 2.1 56
1 1 1 -9 3.67 66
1 1 1 -9 4.59 69
1 1 2 -9 3.5 65
3 1 1 -9 5.26 74
1 474 2 -9 3.56 70
1 1 2 -9 6.09 76
1 1 2 -9 8.54 91
1 1 1 -9 2.55 59
3 723 2 -9 1.52 40
3 743 1 -9 3.11 64
2 735 2 -9 1.64 52
1 1 2 -9 3.06 60
3 1 2 -9 3.88 73
2 661 2 -9 4 68
3 1 1 -9 4.29 70
1 426 2 -9 5.8 63
3 1 1 -9 4.23 70
3 1 1 -9 2.96 64
1 90 1 -9 4.03 67
2 1010 1 -9 5.4 73
3 642 2 -9 2.67 62
3 583 1 -9 4.2 71
1 1 1 -9 5.41 74
1 285 1 -9 5.24 75
1 485 1 -9 0.95 44
3 1 1 -9 6.7 79
3 1 2 -9 5.61 75
3 1 1 -9 2.86 63
2 529 1 -9 1.85 67
3 1098 2 -9 1.5 56
3 1092 1 -9 6.6 82
1 257 2 -9 4.4 67
1 439 2 -9 2.3 69
3 562 1 -9 3.02 64
1 432 1 -9 0.96 46
3 848 1 -9 5.1 72
2 823 1 -9 -9 73
1 1 2 -9 4.8 68
1 1 2 -9 4.49 70
1 1 1 -9 5.05 74
1 1 1 -9 3.54 63
3 798 2 -9 2.55 59
3 1025 2 -9 1 46
2 980 1 -9 1.3 51
3 1081 1 -9 2 58
1 217 1 -9 8.5 86
1 1 1 -9 3.57 68
1 1 2 -9 6.02 78
1 1 1 -9 8.67 82
2 703 2 -9 2.47 65
1 1 1 -9 2.65 63
1 1 1 -9 1.63 49
1 1 2 -9 2.65 65
2 883 2 -9 2.12 54
1 504 1 -9 2.6 62
2 908 1 -9 2.45 55
3 1168 1 -9 4.06 71
1 1 1 -9 2.96 58
2 1120 2 -9 5.7 74
1 350 2 -9 3.6 66
1 363 1 -9 3.65 69
1 250 2 -9 2.2 59
2 949 2 -9 3.7 62
1 485 1 -9 1.85 55
1 116 1 -9 1 45
1 361 1 -9 0.95 46
1 1 1 -9 2.76 59
1 137 1 -9 1.8 51
3 1 2 -9 4.39 73
2 574 1 -9 2.3 59
3 557 2 -9 2 58
1 432 2 -9 1.9 55
1 494 2 -9 5.4 81
3 845 1 -9 3.3 66
2 1072 1 -9 3.6 62
1 1 2 -9 2.8 57
1 423 2 -9 2.62 60
2 707 2 -9 3.73 67
1 373 1 -9 4.54 75
1 1 2 -9 2.04 55
1 1 1 -9 2.55 61
1 161 2 -9 5 70
1 167 1 -9 4.5 69
1 1 1 -9 5.73 73
3 760 2 -9 4.3 75
3 761 1 -9 2.1 50
2 699 2 -9 3.3 62
1 1 1 -9 3.16 64
3 1117 2 -9 5.9 80
2 659 1 -9 5.1 72
1 130 2 -9 3.2 59
1 348 2 -9 3.62 72
2 1059 1 -9 4.6 69
1 92 2 -9 1.09 45
1 200 1 -9 2.7 61
3 1 2 -9 2.04 57
1 253 1 -9 4.5 73
1 513 2 -9 3.12 64
2 524 2 -9 1.88 56
1 268 2 -9 4.25 68
1 270 1 -9 5.6 74
1 213 2 -9 2.4 61
1 135 2 -9 3.2 59
3 1 1 -9 5 88
3 1 1 -9 2.55 62
3 555 1 -9 1.45 51
3 1 2 -9 4.59 74
1 265 2 -9 3.4 67
3 1079 1 -9 4.6 71
1 3 2 -9 4.2 67
1 1 2 -9 3.06 61
1 1 1 -9 2.55 57
1 1 2 -9 3.98 67
1 1 1 -9 4.9 70
1 1 1 -9 6.63 75
1 1 2 -9 2.04 51
1 182 1 -9 3.5 65
1 1 2 -9 3.37 62
2 589 1 -9 5.14 74
3 919 2 -9 3.06 65
2 720 2 -9 2.06 59
3 638 1 -9 7.04 84
3 1 1 -9 5.1 74
3 1 1 -9 4.18 70
3 1 1 -9 3.16 72
1 75 2 -9 3.7 66
1 112 2 -9 1.01 44
1 276 1 -9 2.86 53
1 468 2 -9 2.5 56
3 540 1 -9 4.55 67
3 1 1 -9 5.1 77
2 624 1 -9 3.99 70
1 1 1 -9 3.67 65
2 627 2 -9 4.94 71
2 1032 1 -9 6.26 82
2 992 2 -9 6.4 76
3 1 2 -9 9.2 85
1 335 1 -9 1.78 51
3 1083 1 -9 2.12 55
3 1 2 -9 2.04 53
1 382 2 -9 3.5 64
1 181 1 -9 2.5 60
2 887 1 -9 2.64 60
3 748 2 -9 2.21 58
1 1 1 -9 1.02 50
1 1 2 -9 2.76 63
2 716 1 -9 1.26 51
2 786 1 -9 4.3 66
1 449 2 -9 7.6 89
1 67 2 -9 2.6 61
3 1 1 -9 6.33 79
3 1 1 -9 3.88 66
3 997 1 -9 1.6 50
1 207 1 -9 4.3 67
1 390 2 -9 3.24 69
1 1 1 -9 3.16 64
1 1 1 -9 4.29 68
1 1 1 -9 3.5 67
1 1 2 -9 4.39 72
3 1089 2 -9 5.53 76
3 1 1 -9 2.24 58
1 1 1 -9 5.71 74
2 782 1 -9 5.2 72
3 1138 2 -9 2.18 65
1 1 2 -9 3.27 61
1 1 1 -9 5.73 74
3 800 2 -9 0.83 43
2 991 2 -9 3 61
3 1069 1 -9 3.4 66
3 1 2 -9 2.2 56
1 339 1 -9 4.03 62
3 935 2 -9 1.8 52
1 156 1 -9 2.8 59
1 1 1 -9 4.23 69
1 18 2 -9 2.2 59
2 898 1 -9 1.26 48
1 380 2 -9 1.4 51
1 456 1 -9 2.27 60
1 329 1 -9 2.7 62
1 1 2 -9 2.86 59
1 1 2 -9 1.22 49
1 1 2 -9 -9 58
1 1 2 -9 2.86 61
3 1126 1 -9 4.86 73
3 1 1 -9 2.45 65
2 790 1 -9 3.1 60
2 663 1 -9 2.3 72
1 203 2 -9 2.42 60
1 194 1 -9 1.75 53
1 319 2 -9 2.7 60
1 319 1 -9 3.3 61
2 721 1 -9 3.58 67
3 638 1 -9 6.93 75
2 1136 1 -9 2.1 55
1 64 1 -9 2.1 55
1 1 1 -9 4.39 65
3 1065 2 -9 2.96 64
2 777 1 -9 14 103
1 209 2 -9 1.5 49
3 1 1 -9 1.73 55
3 1 2 -9 2.35 57
3 1 2 -9 2.6 60
1 139 1 -9 4.1 69
3 558 1 -9 2.15 61
1 437 1 -9 2.38 71
1 1 2 -9 3.35 63
2 754 2 -9 2.2 56
2 1171 1 -9 1.89 56
1 1 2 -9 3.37 61
1 111 2 -9 1.15 48
1 368 1 -9 5 70
1 1 2 -9 2.24 60
1 164 2 -9 1.6 51
2 1149 2 -9 -9 67
2 879 2 -9 2.88 63
2 886 1 -9 3.48 64
1 511 2 -9 1.65 53
1 1 1 -9 6.33 74
3 1013 2 -9 4.2 68
3 1 1 -9 5.71 72
3 1 2 -9 2.7 60
1 146 1 -9 1.5 53
1 88 2 -9 3.11 61
1 199 1 -9 2.33 58
2 1145 2 -9 3.7 65
1 315 2 -9 5.5 73
3 582 1 -9 4.4 70
3 1 1 -9 2.45 60
2 534 1 -9 1.15 48
2 690 2 -9 4 68
1 1 2 -9 3.57 66
2 1041 2 -9 4.09 64
2 784 2 -9 10.1 87
3 792 2 -9 2.45 63
3 793 1 -9 2.24 57
3 987 2 -9 0.6 40
3 986 1 -9 1.4 50
1 1 1 -9 3.1 62
1 1 1 -9 3.6 74
1 1 1 -9 16.1 96
1 1 2 -9 4.29 70
1 304 1 -9 3.4 61
1 374 2 -9 2.02 57
1 1 1 -9 6.73 80
3 1 2 -9 4.8 76
1 169 2 -9 3.3 61
1 325 2 -9 3.3 71
1 1 1 -9 7.4 84
3 1 2 -9 5.4 79
1 1 2 -9 3.06 61
1 1 1 -9 2.76 63
1 1 2 -9 4.18 68
3 1 1 -9 3.67 68
1 44 2 -9 3.2 65
1 144 2 -9 3.2 74
1 92 1 -9 3.22 64
1 87 1 -9 1.67 51
2 664 1 -9 2.5 61
2 950 1 -9 4.1 65
3 1 1 -9 7.04 80
1 188 1 -9 5.4 82
1 396 1 -9 4.9 72
1 192 1 -9 4.8 70
1 1 2 -9 5 72
1 1 1 -9 2.7 60
1 119 2 -9 2.51 62
1 280 1 -9 1.97 52
1 440 1 -9 2.65 61
1 267 2 -9 1.25 50
3 527 1 -9 4.24 72
1 313 1 -9 2.2 57
3 1 2 -9 4.9 77
3 561 1 -9 4.11 75
1 1 1 -9 7.24 77
2 627 2 -9 4.67 69
2 628 1 -9 1.93 53
3 1021 1 -9 4.4 70
2 1085 1 -9 2.22 59
1 1 1 -9 2.96 60
1 1 1 -9 3.1 63
3 1 2 -9 4.54 71
3 516 1 -9 0.47 35
1 156 2 -9 3.8 62
1 272 1 -9 4.6 69
3 744 2 -9 2.1 58
3 758 1 -9 4.1 64
3 810 2 -9 7.7 84
2 771 2 -9 1.8 55
3 696 2 -9 4 70
2 699 2 -9 3.1 64
1 459 1 -9 4.11 69
1 1 1 -9 4.59 70
1 1 2 -9 2.96 61
2 1121 2 -9 3.5 63
2 959 1 -9 2.93 68
1 517 2 -9 3.2 70
1 129 1 -9 1.6 52
2 787 2 -9 5.51 77
2 951 1 -9 4.8 71
2 942 2 -9 9.8 90
3 1 2 -9 2.2 59
3 1 2 -9 3.57 69
1 102 1 -9 6 71
1 186 1 -9 3.3 67
1 1 2 -9 3.1 65
3 873 2 -9 1.7 52
1 210 1 -9 2.5 60
3 1 1 -9 3.37 67
3 1 1 -9 4.8 74
2 633 1 -9 2.94 62
3 833 2 -9 4.2 68
1 1 1 -9 6.28 77
1 1 2 -9 3.01 59
2 977 2 -9 2.2 58
1 1 2 -9 2.65 59
1 1 1 -9 2.35 54
1 157 2 -9 2.4 56
3 1173 2 -9 4.88 74
2 724 1 -9 5.37 65
3 804 2 -9 3.2 65
3 974 1 -9 1.33 51
3 972 1 -9 5.99 76
1 1 1 -9 4.59 69
3 1 1 -9 3.5 67
1 517 1 -9 6.4 80
3 1 2 -9 5 73
2 1060 1 -9 1.3 49
1 68 2 -9 2.7 61
2 1144 2 -9 1.9 42
1 482 2 -9 1.3 49
1 46 2 -9 4.3 68
1 395 1 -9 1.75 51
3 580 2 -9 3.3 67
2 1042 2 -9 1.27 49
3 1131 2 -9 3.14 64
3 560 2 -9 1.17 50
1 1 1 -9 3.67 62
3 1105 1 -9 4.9 79
3 1 1 -9 2.5 62
3 685 2 -9 3.25 66
1 1 2 -9 4.4 70
3 1 1 -9 3.11 61
1 1 1 -9 4.29 74
1 1 2 -9 4.18 70
2 729 1 -9 1.96 43
3 812 2 -9 4.8 68
3 697 1 -9 3.9 68
1 1 1 -9 16.5 101
3 601 2 -9 2.46 61
1 82 1 -9 1.51 51
2 720 1 -9 3.04 65
3 1 1 -9 5.41 75
1 514 1 -9 1.29 50
3 1091 1 -9 8.54 88
3 1 1 -9 2.04 57
1 1 2 -9 2.76 60
1 1 1 -9 3.06 64
2 819 1 -9 -9 57
2 978 2 -9 1.8 54
1 5 1 -9 4.6 70
1 376 1 -9 4.6 75
1 1 2 -9 6.22 79
1 1 2 -9 4.5 71
3 1 2 -9 6.12 75
3 1178 1 -9 2.65 63
3 1177 2 -9 1.22 49
2 878 1 -9 1.56 45
1 1 2 -9 2.86 59
1 1 1 -9 2.65 61
3 1123 1 -9 5.02 73
3 1 2 -9 3.9 59
2 593 2 -9 3.6 65
2 926 2 -9 2.78 63
1 362 1 -9 4.4 71
1 481 2 -9 1.84 55
1 253 2 -9 2.1 61
1 117 1 -9 4.49 68
1 113 2 -9 1.92 54
1 1 1 -9 4.08 65
1 385 2 -9 9.7 86
3 1098 2 -9 8 85
1 257 2 -9 4.2 70
3 1 2 -9 2.14 57
1 133 2 -9 1.6 37
2 1142 2 -9 2.87 60
1 1 1 -9 3.57 66
2 613 2 -9 3.46 63
2 615 1 -9 3 63
3 1068 1 -9 2.85 54
1 478 2 -9 1.45 51
1 367 1 -9 4.78 76
1 1 1 -9 2.96 67
3 1 2 -9 2.65 61
1 454 2 -9 4.11 69
1 330 2 -9 3.4 68
1 1 1 -9 2.14 59
1 1 2 -9 2.45 69
1 1 1 -9 -9 68
1 1 1 -9 2.86 61
1 1 2 -9 2.86 57
1 1 2 -9 3.98 63
1 488 1 -9 3.8 69
1 296 1 -9 2.01 57
3 1 1 -9 5.15 75
2 584 2 -9 2.42 59
3 1 1 -9 2.24 60
3 1 1 -9 7.65 85
1 180 2 -9 2.9 63
1 103 2 -9 2.8 64
1 256 2 -9 3.3 60
1 119 1 -9 0.98 45
1 514 2 -9 1.1 48
1 446 1 -9 1.08 47
3 566 1 -9 1.27 49
3 1 2 -9 4.49 77
2 1 1 -9 3.57 68
3 1 1 -9 2.1 63
1 337 2 -9 4.15 70
1 1 1 -9 5.2 70
1 1 1 -9 3.67 67
1 1 1 -9 5.52 73
1 1 2 -9 7.5 83
2 726 2 -9 -9 44
1 507 1 -9 0.3 36
3 758 2 -9 1.25 48
3 910 2 -9 1.13 46
3 1167 2 -9 0.88 42
2 738 2 -9 4.6 71
3 1 1 -9 2.04 57
3 1 2 -9 8.7 87
1 1 1 -9 8.37 81
1 487 2 -9 3.9 69
1 352 2 -9 4.5 68
3 1 1 -9 2.14 57
3 1 2 -9 2.96 65
3 602 1 -9 4.98 75
3 920 2 -9 4.94 71
1 86 1 -9 4.07 69
1 202 1 -9 4.09 68
1 198 2 -9 2.75 60
1 324 2 -9 4.2 75
3 1 2 -9 2.65 61
3 1 1 -9 3.78 70
3 544 2 -9 1.1 45
3 995 2 -9 5.7 76
3 996 2 -9 2.8 63
1 205 2 -9 3.5 64
1 512 2 -9 2.97 64
2 523 1 -9 2.35 58
3 1 1 -9 2.96 58
2 574 2 -9 1.88 56
3 1094 1 -9 5.3 75
3 853 2 -9 2.2 55
2 755 1 -9 4.8 71
3 1 2 -9 3.3 69
1 1 2 -9 3.27 62
1 237 1 -9 2.15 56
1 1 1 -9 7.14 77
1 1 1 -9 6.63 80
3 1180 2 -9 5.22 71
1 1 1 -9 3.63 67
1 371 2 -9 3.77 68
1 1 2 -9 3.78 70
1 501 1 -9 3.3 65
3 1165 2 -9 0.86 43
1 453 1 -9 2.12 68
1 1 1 -9 5.71 76
2 1122 2 -9 2.3 56
1 1 1 -9 3.16 62
1 1 1 -9 3.37 65
1 124 1 -9 3 63
2 1053 1 -9 4.48 70
1 345 2 -9 2.22 56
3 1 2 -9 2.55 39
3 1 2 -9 2.65 64
2 591 2 -9 3.7 67
1 449 2 -9 4.3 75
3 1 1 -9 1.22 47
3 1 2 -9 4.08 68
3 542 2 -9 2.7 60
1 277 2 -9 1.34 47
1 275 2 -9 2.86 60
1 1 2 -9 4.8 71
2 776 2 -9 3.3 66
3 1 2 -9 3.06 65
1 140 1 -9 3.2 65
2 569 1 -9 3.24 62
3 1 2 -9 4.69 73
2 576 1 -9 1.56 49
1 337 2 -9 1.65 52
3 938 1 -9 1.86 55
1 1 2 -9 2.35 56
3 1178 1 -9 5.44 77
1 509 1 -9 1.04 49
2 773 1 -9 3.5 64
3 743 1 -9 2.72 60
2 736 2 -9 5.04 74
1 1 1 -9 1.73 60
1 1 1 -9 2.2 57
3 1 1 -9 3.37 64
1 1 2 -9 3.57 65
3 1 1 -9 2.35 58
2 1160 2 -9 1.6 45
1 149 1 -9 5.8 74
2 923 1 -9 2.04 56
1 322 1 -9 4.4 72
1 324 2 -9 4.1 68
1 1 2 -9 2.7 60
2 530 1 -9 2.79 67
2 1133 2 -9 -9 68
1 221 1 -9 3.5 63
1 63 2 -9 2.9 58
2 1038 1 -9 1.59 53
3 1099 1 -9 7.9 83
2 782 1 -9 5.7 76
3 1138 2 -9 2.38 75
1 262 2 -9 3 63
3 983 1 -9 8.05 83
3 1 1 -9 1.6 55
3 681 2 -9 1.85 54
1 1 2 -9 2.76 61
3 1 2 -9 1.99 57
1 1 1 -9 8.59 84
1 373 2 -9 3.42 69
3 1 2 -9 3.06 63
1 157 1 -9 6 68
1 172 1 -9 2.2 59
2 880 1 -9 2.83 61
1 503 2 -9 1.3 49
3 976 1 -9 3.98 71
2 770 2 -9 3.7 67
3 876 1 -9 3.54 67
1 1 1 -9 2.14 63
3 1118 2 -9 3.3 64
2 660 1 -9 7.3 82
2 958 1 -9 3.22 64
3 1049 2 -9 2.4 58
2 596 1 -9 4.9 71
2 1009 2 -9 4.4 69
1 318 1 -9 3 65
3 635 1 -9 1.15 47
3 1 1 -9 4.9 74
3 1 2 -9 4.18 70
3 1 1 -9 4.08 72
3 1 2 -9 4.8 76
1 1 1 -9 2.76 66
1 53 2 -9 2.1 58
2 1036 2 -9 1.36 47
1 468 1 -9 4.45 70
3 1101 1 -9 0.9 42
3 540 2 -9 2.26 57
3 1 2 -9 2.96 62
3 563 2 -9 1.88 54
1 264 1 -9 4.3 67
3 832 2 -9 -9 60
3 646 2 -9 1.7 55
3 1 2 -9 1.5 51
1 1 2 -9 2.96 61
1 1 1 -9 3.47 68
1 1 1 -9 4.18 69
1 1 2 -9 4.18 69
3 1 2 -9 2.5 61
2 814 2 -9 1.45 51
1 1 2 -9 3.27 63
1 21 1 -9 3.6 65
2 887 1 -9 2.34 58
1 502 1 -9 1.2 51
2 907 2 -9 3.09 77
3 1164 1 -9 2.1 59
1 330 1 -9 1.1 48
1 1 2 -9 4.69 70
3 1 1 -9 5.31 75
1 1 1 -9 2.14 54
3 1 1 -9 5.6 74
3 1 1 -9 3 62
3 1 2 -9 3.78 63
2 594 2 -9 4.02 68
2 925 2 -9 6.72 80
1 89 1 -9 3.1 62
2 955 2 -9 2.3 59
1 498 1 -9 11.84 98
3 1000 2 -9 2.25 60
1 74 1 -9 3.2 66
1 1 1 -9 2.96 63
1 9 1 -9 1.68 53
2 1035 2 -9 2.12 59
3 1129 1 -9 2.23 59
3 1 1 -9 2.65 68
2 519 1 -9 3.01 63
2 820 1 -9 -9 66
1 41 1 -9 5.68 74
1 1 1 -9 5.51 71
1 1 2 -9 5.4 75
1 401 1 -9 2.2 69
3 1 1 -9 3.27 66
1 1 2 -9 2.86 60
2 1148 1 -9 -9 65
1 1 2 -9 6.56 78
2 1175 2 -9 2.55 63
3 811 2 -9 2.3 54
1 1 1 -9 2.35 57
1 127 1 -9 2.3 56
1 45 1 -9 4.8 72
2 668 2 -9 3.6 67
1 202 1 -9 4.92 68
3 1 1 -9 2.76 61
1 64 1 -9 3.8 65
1 1 2 -9 3.88 70
1 1 2 -9 4 71
3 608 2 -9 2.2 62
2 573 2 -9 1.71 54
2 1 1 -9 3.06 65
1 436 1 -9 5.24 75
1 1 1 -9 7.14 80
1 401 2 -9 4.6 77
1 1 2 -9 3.99 64
1 1 1 -9 4.13 70
2 734 2 -9 3.54 67
1 1 1 -9 5 70
1 1 1 -9 3.47 61
2 1122 2 -9 3.1 66
3 1126 2 -9 8.16 82
3 1 2 -9 3.11 60
2 789 2 -9 4.4 68
2 1060 1 -9 1.8 59
1 142 2 -9 3.8 70
3 548 1 -9 1.4 49
2 532 1 -9 2.29 62
3 1 1 -9 2.24 59
1 8 1 -9 4.84 70
3 1100 1 -9 1.1 47
3 1 2 -9 2.65 61
3 1 1 -9 4.29 69
3 860 2 -9 5.8 75
1 1 2 -9 3.98 64
3 617 2 -9 3.75 68
3 791 2 -9 2.4 60
2 615 2 -9 4.24 69
3 1 2 -9 2.4 60
3 1 2 -9 3 63
3 1 1 -9 4 69
1 333 2 -9 3.24 62
1 215 2 -9 1.5 52
1 41 1 -9 4.14 65
1 1 1 -9 3.57 67
3 1 2 -9 4.08 71
1 1 1 -9 3.78 66
1 1 2 -9 3.78 60
1 158 2 -9 1.4 46
1 326 2 -9 2.2 57
3 816 1 -9 4.9 72
1 459 2 -9 2.65 63
2 739 2 -9 4.18 72
1 1 2 -9 1.53 54
1 490 2 -9 2.09 69
3 1 1 -9 2.7 59
1 1 2 -9 3.27 67
2 960 2 -9 3.08 64
3 1 1 -9 2.86 63
3 1 2 -9 4.18 73
3 1 2 -9 2.2 61
1 232 1 -9 6.1 74
1 196 1 -9 5.82 80
2 933 1 -9 3.1 65
3 546 1 -9 1.93 55
2 945 2 -9 4.1 68
2 944 2 -9 4.4 70
3 1 2 -9 3.16 67
2 1135 2 -9 0.9 44
1 177 1 -9 1.65 55
1 185 2 -9 2.4 57
3 1102 1 -9 10 90
3 1089 1 -9 5.55 77
1 360 1 -9 1.9 72
3 1 1 -9 5.71 83
3 1 1 -9 1.56 54
3 818 1 -9 1.45 48
2 1074 2 -9 2.4 57
3 1 2 -9 3.4 63
3 1 2 -9 2.45 59
3 1 2 -9 3.2 65
3 681 2 -9 3.45 66
1 1 1 -9 1.94 51
1 1 1 -9 3.16 65
1 1 1 -9 7.45 78
1 130 1 -9 2.9 61
3 1 2 -9 4.35 71
1 461 1 -9 6.4 78
3 639 1 -9 1.64 51
3 1 1 -9 2.76 68
3 1 2 -9 2.14 56
3 1 2 -9 3.67 66
1 57 2 -9 0.62 39
1 1 2 -9 2.76 58
1 410 1 -9 1.61 52
1 445 2 -9 1.35 48
1 467 2 -9 1.39 50
3 915 2 -9 7.65 81
3 527 1 -9 1.99 55
3 1 2 -9 3.47 66
1 265 1 -9 5.7 65
3 850 1 -9 4.2 69
3 620 2 -9 2.48 64
1 430 1 -9 4.2 65
3 649 2 -9 2.2 62
3 964 1 -9 5.3 73
2 991 2 -9 3.3 64
2 990 1 -9 9.4 89
3 1082 2 -9 2.9 63
3 1 1 -9 3.52 63
1 1 2 -9 3.47 71
3 1 1 -9 4.5 73
1 165 2 -9 1.2 44
1 174 1 -9 2.9 61
1 1 2 -9 6 76
3 655 2 -9 5.3 73
1 21 2 -9 3.2 65
3 973 2 -9 0.95 45
1 1 1 -9 5.82 78
3 1127 2 -9 2.14 57
3 921 2 -9 1.79 55
1 231 2 -9 3.71 65
3 640 2 -9 0.73 43
1 51 2 -9 2.4 63
3 1 2 -9 3.06 63
1 1 2 -9 5.2 75
1 1 1 -9 3.47 59
2 1039 1 -9 1.15 47
1 258 2 -9 3.8 68
3 1 1 -9 5.51 80
2 573 1 -9 0.72 42
3 1 2 -9 7.1 79
1 1 1 -9 4.59 70
1 1 1 -9 4.08 69
1 1 2 -9 4.62 76
1 375 1 -9 2.6 60
1 1 1 -9 2.82 61
3 744 2 -9 1.84 55
2 774 2 -9 5.9 77
2 701 2 -9 1.6 50
2 732 1 -9 3.52 66
1 1 2 -9 3.06 59
3 1118 2 -9 1.45 51
1 152 2 -9 3.6 62
1 297 2 -9 3.95 67
2 1 1 -9 2.9 63
3 746 2 -9 1.95 63
