1 1 2 -9 3.06 61
3 1 1 -9 2.11 57
3 1 1 -9 3.98 68
3 1 2 -9 3.57 64
3 1 2 -9 2.76 62
1 181 2 -9 2.96 64
1 146 2 8 5.54 73
1 47 2 7 6.48 77
1 35 1 8 7.33 79
1 178 2 -9 3.9 65
1 257 2 -9 3.3 64
3 518 1 -9 1.2 52
3 669 1 -9 4.06 68
3 684 1 -9 2.16 62
1 1 1 -9 9.08 86
3 1 2 -9 4.39 72
3 1 1 -9 3.37 63
3 1 2 -9 3.47 65
3 1 1 -9 1.84 55
3 1 2 -9 3.47 66
1 173 2 -9 3 62
1 6 1 -9 3.2 63
1 270 2 -9 2.56 62
1 266 1 -9 1.8 55
2 309 1 4 2.96 66
3 297 1 -9 1.39 53
2 442 1 6 3 61
3 415 2 -9 1.12 47
2 436 1 3 2 54
3 731 1 -9 1.02 44
3 375 1 -9 3.06 65
3 1 2 -9 1.97 56
1 1 1 -9 4.18 69
1 1 2 -9 1.84 55
3 1 2 -9 3.88 68
3 1 1 -9 2.04 55
1 19 2 -9 1.74 55
1 220 1 -9 2.7 61
1 252 1 -9 3.42 65
1 232 1 -9 6.35 76
2 298 1 -9 3.62 70
3 347 2 -9 1.95 56
3 403 1 -9 1.48 50
2 446 2 8 2.68 81
2 387 1 7 7.7 88
3 614 2 -9 1.7 52
3 610 2 -9 1.87 55
1 1 1 -9 2.6 62
1 1 1 -9 1.73 53
3 1 1 -9 3.06 67
1 1 2 -9 4.29 68
3 1 2 -9 3.87 71
1 1 1 -9 1.6 53
1 1 1 -9 6.22 75
3 1 1 -9 3.2 63
3 1 1 -9 5 73
3 725 1 -9 2.13 59
1 181 2 -9 4.82 72
1 30 2 3 1.32 50
2 478 1 4 2.52 76
2 557 1 4 3.34 62
2 374 1 5 3.32 68
2 498 1 4 2.5 55
2 505 1 4 1.77 51
1 1 1 -9 2.96 63
1 1 1 -9 5.41 74
1 1 1 -9 2.65 58
1 1 1 -9 2.2 60
3 1 2 -9 2.14 59
1 117 2 6 -9 64
1 250 2 -9 2.8 59
2 339 2 -9 3.02 65
3 399 2 -9 0.9 43
2 489 2 5 1.03 57
2 547 1 4 6.45 76
3 491 1 -9 3.22 65
2 720 2 -9 1.95 55
3 686 2 -9 2.62 63
1 1 1 -9 2.14 56
3 1 1 -9 2.65 61
3 1 1 -9 3.16 63
1 68 2 5 1.78 55
1 271 2 -9 2.1 58
3 302 1 -9 0.89 44
2 299 1 4 1.58 53
3 346 2 -9 2.84 63
2 539 1 6 3.12 64
2 541 2 3 2.56 58
2 542 2 4 3.22 63
2 429 1 6 2.9 63
2 553 2 5 3.52 66
3 671 2 -9 4 68
2 647 1 -9 3.18 64
2 645 2 -9 6.68 77
3 1 2 -9 2.85 65
1 1 1 -9 3.47 67
1 1 2 -9 3.37 72
1 1 2 -9 3.67 67
1 1 2 -9 4.9 73
3 1 1 -9 3.06 65
3 1 2 -9 2.24 58
3 1 1 -9 1.65 51
1 191 1 -9 4.1 70
2 278 1 -9 2.89 62
3 531 2 -9 2.08 56
2 325 1 4 2.6 62
2 336 1 4 2.47 62
3 622 2 -9 0.95 43
2 472 2 4 1.6 51
3 618 2 -9 2.7 61
3 417 2 -9 2.43 61
2 487 1 5 2.1 58
2 453 1 3 1.41 48
3 696 1 -9 2.35 57
2 692 2 -9 5.2 71
1 1 2 -9 3.67 66
1 1 1 -9 2.04 57
3 1 1 -9 1.94 55
3 1 2 -9 3.06 62
1 172 1 -9 1.2 49
1 223 1 -9 5.86 72
1 87 2 4 1.84 56
1 20 2 -9 3.22 65
2 341 2 -9 2.2 58
3 616 1 -9 1.94 55
2 709 1 -9 4.1 70
2 719 1 -9 2.98 65
1 1 1 -9 2.65 60
3 1 1 -9 3.27 65
1 1 2 -9 3.37 62
3 1 2 -9 3.57 69
1 1 1 -9 2.67 59
1 1 2 -9 1.95 55
3 1 2 -9 3.27 62
2 737 1 -9 3.81 68
1 80 1 -9 4.4 70
1 178 1 -9 2.55 59
1 109 1 -9 5.5 72
1 202 2 -9 0.19 28
1 4 1 -9 2.1 57
1 269 2 -9 2.3 57
2 361 1 -9 2.2 59
3 497 2 -9 4.9 72
3 497 2 -9 3.9 68
2 316 2 4 2.27 57
3 596 2 -9 2.74 62
3 655 2 -9 3.2 63
2 538 1 4 2.34 58
2 625 1 4 2.47 59
3 1 2 -9 3.27 67
1 1 2 -9 2.96 61
3 1 1 -9 3.57 64
3 1 1 -9 2.45 60
3 1 2 -9 3.98 68
1 145 1 8 7.24 74
1 56 2 -9 2.1 56
1 200 1 -9 2.03 57
1 97 2 -9 1.55 53
2 311 1 4 2.68 64
3 304 1 -9 0.58 38
2 342 2 -9 2.35 59
3 595 2 -9 2.47 58
3 405 1 -9 1.5 55
2 425 1 4 3.4 68
2 537 1 5 3.56 63
2 486 1 7 4.27 71
3 695 1 -9 4.1 70
2 554 2 6 4.17 67
2 724 1 -9 7.49 80
3 689 2 -9 3.14 64
1 1 1 -9 5.1 69
1 1 1 -9 1.58 53
3 1 1 -9 6.94 87
3 1 1 -9 4.49 70
1 1 1 -9 3.37 63
3 1 2 -9 3.06 61
3 1 1 -9 3.27 62
3 1 2 -9 2.96 62
3 1 1 -9 2.86 63
1 23 2 -9 4.6 69
1 160 2 -9 1.55 53
1 207 1 -9 4.27 70
1 167 1 -9 1.59 53
1 135 2 7 5.9 75
3 494 1 -9 3.6 67
3 495 1 -9 2.6 58
2 285 1 -9 3.45 66
2 480 2 -9 3.3 75
2 414 2 5 2.99 62
3 421 2 -9 2.33 60
2 457 2 4 1.82 49
3 576 2 -9 2.65 62
2 535 1 5 2.39 57
3 377 1 -9 2.8 63
1 1 1 -9 9.8 86
1 1 1 -9 6.84 76
1 1 2 -9 2.35 54
3 1 2 -9 3.67 74
3 1 2 -9 2.86 64
1 180 2 -9 3.59 66
1 39 2 8 4.29 71
1 77 2 8 4.93 69
2 323 1 -9 6.12 84
2 396 1 4 2.1 55
2 488 1 3 1.38 50
2 550 1 5 4.26 71
2 370 2 4 2.54 60
2 723 1 -9 3.55 66
3 638 2 -9 2.8 62
1 1 2 -9 5.51 76
3 1 1 -9 2.5 62
1 1 2 -9 8.88 83
1 1 1 -9 4.9 70
3 1 1 -9 3.27 65
3 1 2 -9 2.14 59
3 1 2 -9 2.55 58
1 75 1 6 2.5 61
1 42 2 8 5.2 70
1 50 2 7 8.44 80
1 215 2 -9 2.2 56
1 152 2 4 1.84 54
1 248 1 -9 5.2 71
1 232 2 -9 3.17 67
2 287 1 -9 3 63
2 562 2 5 3.29 65
2 471 2 4 2.1 62
2 533 2 6 5.1 71
2 452 2 4 2.63 60
2 543 1 4 3.22 62
2 567 1 -9 2.35 59
3 377 1 -9 3 66
3 575 2 -9 1.7 54
3 660 1 -9 4.51 70
3 626 1 -9 2.05 59
3 1 1 -9 1.8 54
3 1 1 -9 3.06 63
1 1 2 -9 3.06 61
3 1 1 -9 3.06 66
3 1 2 -9 1.84 56
3 1 2 -9 2.45 62
1 65 1 3 1.12 47
1 74 2 7 5.78 75
1 190 2 -9 4 66
1 240 2 5 2.1 58
3 517 2 -9 2.2 63
2 470 1 4 2.72 62
2 548 1 4 2.93 64
3 386 2 -9 2.95 61
3 431 1 -9 3.2 66
2 556 1 4 3.2 63
2 715 1 -9 3.22 65
2 499 2 5 3.3 62
3 629 2 -9 2.71 62
1 1 2 -9 1.07 47
1 1 1 -9 2.45 58
1 1 2 -9 4.39 70
1 1 2 -9 1.94 55
1 1 1 -9 3.16 65
3 1 1 -9 3.27 64
1 25 1 -9 2.02 58
1 205 2 -9 0.31 32
1 210 1 -9 3.54 69
3 297 2 -9 1.75 56
3 494 2 -9 2.75 64
2 355 1 -9 3.69 67
2 322 2 -9 2.12 57
2 339 1 -9 8.02 87
2 479 2 9 5.35 86
2 712 2 -9 1.95 53
3 655 2 -9 2.8 60
3 728 1 -9 1.49 51
3 592 1 -9 3.49 66
3 659 2 -9 3.69 66
1 1 2 -9 6.84 76
1 1 2 -9 3.78 64
3 1 1 -9 2.14 57
3 1 1 -9 2.86 63
1 184 1 -9 2.7 62
1 32 1 5 3.57 67
1 142 1 -9 2.3 60
1 40 2 7 5.32 69
1 93 2 4 2.4 61
1 191 1 -9 3.7 69
1 127 2 3 2.98 43
1 233 2 -9 3.85 67
2 295 1 -9 2.54 61
2 290 1 4 2.24 57
3 416 1 -9 2.46 61
3 423 2 -9 3.2 65
3 703 2 -9 2.75 60
2 501 1 5 2.8 61
2 740 2 -9 3.11 62
1 1 1 -9 1.73 55
1 1 1 -9 1.94 54
1 1 2 -9 1.63 53
3 1 2 -9 2.45 60
3 1 1 -9 4.29 72
1 1 1 -9 3.06 63
3 1 2 -9 3.2 64
3 1 1 -9 3.47 62
3 1 2 -9 6.43 80
2 551 2 4 3.77 67
1 187 2 -9 7.7 85
1 148 2 -9 2.16 58
1 31 2 3 1.92 56
1 92 1 7 5.25 71
1 111 2 -9 3 65
1 122 2 4 1.9 53
1 166 1 -9 3.04 65
3 528 1 4 2.7 62
2 328 1 4 2.8 62
2 284 1 -9 2.1 55
3 622 2 -9 1.9 55
2 410 2 6 3.35 66
2 451 2 5 2.59 58
2 532 2 4 2.38 57
2 533 1 4 3.69 67
1 1 2 -9 2.37 58
1 1 2 -9 2.14 57
1 1 1 -9 5.2 78
3 1 1 -9 3.9 69
3 1 1 -9 3.06 66
3 1 1 -9 1.94 58
3 1 1 -9 -9 54
1 225 1 -9 2.1 57
1 13 1 -9 1.42 51
1 128 1 4 -9 57
1 131 2 4 2.02 65
1 155 1 -9 3.26 67
3 296 2 -9 1.58 53
2 337 1 5 3.51 67
2 289 1 5 2.02 57
3 443 1 -9 2.6 60
2 486 1 5 3.11 64
2 644 1 -9 2.06 57
3 650 2 -9 3.46 67
3 1 2 -9 3.8 74
3 1 1 -9 4.69 74
1 1 1 -9 1.63 51
3 1 2 -9 2.45 60
3 1 2 -9 3.37 66
3 1 2 -9 4.59 74
3 1 2 -9 -9 63
1 75 2 4 1.3 47
1 147 2 4 1.46 49
1 15 2 -9 1.9 56
1 205 2 -9 0.73 42
1 204 1 -9 3.08 62
1 154 2 -9 4.83 71
1 229 1 -9 4.2 73
2 469 2 5 2.7 64
2 447 2 4 3 63
2 713 2 -9 3.63 65
2 502 2 4 2.3 61
2 634 1 -9 2.34 55
3 1 1 -9 8.67 87
1 1 1 -9 3.78 65
1 1 1 -9 3.78 71
3 1 1 -9 2.65 63
3 475 1 -9 2.9 65
1 152 1 4 2.12 55
1 261 2 -9 6.92 78
2 295 1 -9 2.8 62
2 318 1 -9 1.54 52
2 334 2 4 2.4 62
3 576 1 -9 3.6 65
3 379 1 -9 2.81 61
2 571 2 -9 3.24 62
2 498 1 4 2.3 60
1 1 1 -9 3.47 64
3 1 1 -9 5.87 82
3 1 1 -9 2.5 61
1 1 2 -9 2.15 57
3 1 1 -9 2.65 60
1 117 1 5 -9 65
1 220 2 -9 1.05 58
1 107 1 8 9.66 88
1 194 2 -9 2.9 63
2 308 2 6 3.31 74
2 314 2 5 4.86 71
2 559 1 10 12.13 100
3 444 1 -9 3.2 62
2 633 2 -9 3.59 60
2 633 1 -9 2.38 59
3 1 2 -9 3.47 65
3 1 1 -9 3.88 71
1 1 2 -9 2.45 62
1 1 2 -9 2.76 57
3 1 1 -9 2.34 60
3 1 2 -9 2.14 56
3 1 1 -9 2.86 61
3 1 2 -9 3.57 65
3 1 2 -9 3.67 64
1 85 2 9 3.38 67
1 217 2 -9 3.2 66
2 278 1 -9 1.09 48
2 357 2 4 2.03 68
2 340 1 -9 2.48 59
3 577 2 -9 3.5 68
2 540 2 4 3.07 62
2 540 1 5 3.59 65
2 544 1 3 1.77 52
3 728 2 -9 1.24 49
3 525 1 -9 1.3 44
2 501 2 4 2.8 68
2 504 2 4 2.95 60
3 660 2 -9 1.76 54
1 1 2 -9 4.39 66
3 1 1 -9 4.29 71
3 1 2 -9 2.55 60
3 1 2 -9 2.45 61
1 174 2 -9 3.4 65
1 216 2 -9 3.65 68
1 155 2 -9 3.68 68
1 157 2 9 5.28 71
1 167 2 -9 2.33 61
3 521 1 -9 1.6 53
3 521 1 -9 3 62
2 480 1 4 2.35 68
3 617 1 -9 3.86 69
3 418 1 -9 2.36 60
2 440 2 9 4.3 70
2 427 2 -9 4 71
2 556 1 5 3.31 66
1 1 2 -9 3.16 61
3 1 2 -9 3.4 70
3 1 2 -9 3.06 68
3 1 2 -9 2.14 53
3 1 1 -9 2.24 59
3 1 2 -9 2.65 60
3 1 2 -9 2.96 63
3 1 1 -9 -9 72
1 32 2 5 4.06 68
1 77 2 9 6.36 74
1 212 1 8 -9 76
1 154 2 -9 4.21 73
2 330 1 5 3.36 65
2 448 1 4 2.79 60
2 504 1 3 1.62 51
2 733 2 -9 2.94 66
1 1 2 -9 2.14 55
3 1 2 -9 6.12 86
3 1 1 -9 3.5 68
3 1 2 -9 2.04 56
1 177 2 -9 3.26 63
1 24 1 -9 4.9 72
1 206 1 -9 0.11 28
1 251 1 -9 1.1 44
1 252 2 -9 3.65 69
1 235 1 -9 3.76 70
3 347 1 -9 1.98 56
1 1 1 -9 2.7 59
1 1 1 -9 4.49 70
3 1 2 -9 2.4 61
1 1 1 -9 2.96 62
1 1 2 -9 2.45 63
1 1 1 -9 2.76 64
3 1 1 -9 3.47 63
3 1 2 -9 2.14 56
3 1 2 -9 4.08 69
3 1 2 -9 3.27 66
3 1 2 -9 2.35 59
3 348 1 -9 2.18 58
1 239 1 3 1.8 57
2 330 1 4 3.01 62
2 410 1 4 2.68 59
3 400 1 -9 1.8 55
3 401 2 -9 1.4 50
2 369 1 5 5.06 74
3 666 2 -9 5 71
2 643 2 -9 0.52 37
3 682 1 -9 2.4 56
3 1 1 -9 2.22 60
1 1 2 -9 3.57 68
1 1 1 -9 4.69 71
1 1 2 -9 3.37 62
1 1 2 -9 1.84 53
1 1 2 -9 3.42 59
3 1 2 -9 2.14 55
1 48 1 6 5.42 72
1 81 1 -9 2 59
1 84 2 7 4.8 69
1 218 1 -9 1.75 53
1 107 1 10 14.06 97
1 124 1 5 3.8 61
2 411 2 5 2.45 61
3 360 2 -9 2.8 66
2 539 2 6 3.36 67
2 570 1 -9 3.06 62
3 652 2 -9 0.61 39
2 632 2 -9 2.86 62
1 1 2 -9 2.04 55
1 1 1 -9 4.8 74
1 1 1 -9 7.65 81
1 1 1 -9 1.53 49
3 1 1 -9 3.78 61
1 185 1 -9 4.6 68
2 356 2 6 4.23 70
3 389 2 -9 4 68
3 437 2 -9 2.5 59
3 580 2 -9 0.45 37
3 590 1 -9 1.04 45
3 637 2 -9 2.9 62
2 642 2 -9 2.22 58
1 1 2 -9 5 69
1 1 1 -9 7.14 84
1 1 1 -9 4.29 69
3 1 1 -9 4.69 75
1 1 2 -9 1.6 55
1 1 2 -9 3.67 62
3 1 2 -9 8.57 88
3 1 1 -9 2.04 56
1 144 2 -9 1.8 53
1 200 1 -9 3.37 64
1 71 1 6 4.52 70
1 82 2 4 2.4 68
1 177 2 -9 1.52 51
1 212 2 6 -9 68
1 249 1 -9 2.8 60
2 734 1 -9 2.23 57
3 666 1 -9 3.9 68
1 1 1 -9 6.68 78
3 1 1 -9 2.76 62
3 1 2 -9 3.55 65
3 1 2 -9 2.76 58
3 1 1 -9 3.37 64
3 1 1 -9 5.51 76
1 59 1 4 3.1 64
1 138 1 5 2.5 62
2 352 1 -9 5.43 76
2 352 2 -9 3.27 65
2 315 2 5 3.83 69
2 563 2 5 4.92 69
2 567 1 -9 4.18 69
3 695 2 -9 4.38 70
3 602 1 -9 2.6 61
2 427 2 4 2.9 62
2 430 1 2 0.75 42
3 404 1 -9 1.88 56
2 500 1 4 2.2 58
3 677 2 -9 0.7 40
3 1 2 -9 4.59 72
1 1 2 -9 7.86 78
3 1 2 -9 3.57 65
1 208 1 -9 5.62 74
1 109 2 4 3.8 54
1 112 1 4 0.9 42
1 106 2 7 6.88 76
1 160 2 -9 2.1 58
1 137 1 -9 2.29 59
1 256 1 -9 1.03 41
2 293 1 -9 3.42 66
2 281 2 5 3.65 68
2 395 2 4 2.4 60
3 702 1 -9 2.72 63
3 717 1 -9 1.09 47
3 1 1 -9 5.31 73
3 1 1 -9 2.96 64
3 1 2 -9 3.16 65
3 1 1 -9 2.13 58
1 1 2 -9 2.6 58
3 1 2 -9 3.1 62
3 1 2 -9 2.35 55
3 1 2 -9 2.2 56
1 203 2 -9 2.33 57
1 58 1 7 6.86 76
1 88 2 4 1.69 51
1 207 2 -9 2.26 57
1 9 2 9 7.1 86
1 273 1 -9 1.88 55
2 311 2 5 2.65 63
2 320 2 -9 3.53 68
3 519 2 -9 1.9 55
3 594 1 -9 2.85 64
2 465 2 6 5 72
2 532 2 4 3.27 63
3 388 2 -9 2.4 61
2 588 2 4 2.1 56
1 1 2 -9 2.76 60
1 1 1 -9 4.59 68
3 1 1 -9 2.5 60
1 1 2 -9 2.04 56
1 1 1 -9 3.7 69
3 1 1 -9 5.8 78
3 1 1 -9 9.39 89
3 1 1 -9 4.39 71
3 1 1 -9 6.33 76
3 1 1 -9 4.59 74
1 34 1 4 1.34 50
1 42 1 7 4.22 70
1 201 2 -9 0.37 30
1 99 2 -9 2.2 56
1 103 2 -9 -9 62
2 301 2 3 1.14 48
2 328 2 6 3.83 70
2 449 2 5 -9 63
2 582 2 4 2.3 56
2 721 2 -9 2.98 61
2 647 1 -9 13.08 97
1 1 1 -9 2.04 60
1 1 2 -9 1.53 50
1 64 2 4 2.08 57
1 259 1 -9 5.3 74
2 336 2 4 1.61 51
2 561 2 6 5.46 74
2 458 2 8 7.21 79
2 394 2 6 4.6 71
3 397 2 -9 1.55 52
2 585 2 4 3.4 65
3 627 1 -9 2.15 59
3 1 1 -9 4.08 68
3 1 2 -9 3.57 65
1 203 2 -9 2.07 55
3 725 2 -9 1.57 54
1 46 1 4 1.4 49
1 63 1 -9 5.16 74
1 64 2 4 1.54 52
1 218 1 -9 2.5 60
1 101 2 -9 1.75 55
1 221 1 -9 4.28 71
1 139 2 7 8.9 83
1 153 1 6 6.6 78
1 235 2 -9 2.5 60
2 560 1 4 2.48 59
2 507 2 4 2.21 56
3 603 1 -9 2 58
3 606 1 -9 3.8 68
2 588 2 4 2.3 58
3 375 1 -9 1.48 50
3 372 2 -9 1.8 54
2 712 2 -9 4.95 68
3 679 2 -9 2.79 63
1 1 1 -9 6.33 77
1 1 1 -9 4.53 71
1 1 1 -9 8.1 84
1 1 1 -9 2.45 65
3 1 2 -9 2.76 61
1 189 1 -9 7.42 79
1 55 2 -9 3.2 63
1 200 2 -9 1.74 54
1 131 1 6 4.64 70
1 204 2 -9 2.81 60
1 150 1 6 5.3 74
1 236 2 6 4.98 72
3 405 1 -9 2.3 60
2 535 1 5 4.11 67
2 490 2 5 3.41 66
2 434 2 4 2.9 64
3 597 2 -9 0.72 39
2 510 1 -9 3.1 64
2 646 2 -9 3.82 66
1 1 1 -9 3.62 69
3 1 1 -9 3.27 65
1 1 1 -9 2 54
1 1 1 -9 3.67 66
1 1 2 -9 3.47 68
3 1 2 -9 2.86 67
3 1 2 -9 2.86 61
3 1 2 -9 3.27 64
1 66 2 7 3.64 67
1 201 2 -9 0.29 28
1 121 1 6 4.6 72
1 5 1 -9 2.6 60
1 237 2 4 2.12 57
2 321 2 -9 4.25 71
3 518 1 -9 3 67
3 398 1 -9 11.8 100
2 534 2 5 4.64 71
3 381 1 -9 2.78 63
2 555 1 6 4.64 73
3 691 1 -9 3.3 62
3 638 1 -9 2.78 63
3 1 1 -9 2.45 62
1 1 2 -9 5.05 73
1 1 2 -9 3.37 63
1 1 1 -9 5.82 70
1 1 1 -9 2.65 63
1 1 1 -9 -9 104
2 1 2 -9 3.37 68
3 1 1 -9 3.27 66
1 61 2 -9 1.36 49
1 38 1 7 7.38 82
1 28 1 5 3.83 69
1 89 1 -9 6.24 78
1 91 2 9 5.6 73
1 114 2 6 3.9 66
2 362 2 -9 2.28 58
2 321 1 -9 2.63 60
2 338 2 5 3.28 68
2 413 1 3 2 56
2 508 1 5 4.86 69
2 499 1 5 3.5 64
3 661 1 -9 1.8 54
1 1 2 -9 3.16 61
1 1 1 -9 4.61 73
1 1 2 -9 5.2 71
3 1 1 -9 4.18 72
3 1 1 -9 3.27 63
3 1 2 -9 2.86 61
1 1 1 -9 1.76 54
3 1 1 -9 3.98 68
3 1 2 -9 2.76 59
3 1 2 -9 1.93 54
1 224 2 -9 2.4 57
1 61 2 -9 2.84 64
1 158 2 8 6.04 75
1 156 2 8 5.2 70
2 354 1 -9 3.82 69
3 493 2 -9 4.85 73
2 290 1 8 7.64 85
2 473 1 5 3.1 64
2 396 1 5 4.2 70
3 583 2 -9 1.6 52
3 731 1 -9 1.87 54
2 739 1 -9 7.97 80
1 1 1 -9 4.49 67
1 1 1 -9 4.29 72
1 1 1 -9 7.04 86
3 1 1 -9 2 56
3 1 2 -9 3.3 66
3 1 1 -9 2.76 63
3 1 2 -9 2.65 59
3 1 2 -9 3.27 66
1 124 2 5 4.2 64
2 310 1 4 1.72 55
2 281 2 5 3.42 66
3 522 2 -9 1.8 54
3 578 1 -9 2.3 64
3 393 2 -9 2.35 59
2 391 2 4 2.3 57
2 452 1 5 2.77 60
2 503 1 4 1.9 57
3 678 2 -9 2.92 62
3 1 1 -9 2.96 65
3 1 2 -9 4.49 75
1 1 2 -9 2.91 58
3 1 2 -9 2.76 59
1 201 2 -9 0.13 24
1 76 1 7 7.68 84
1 239 2 4 2.2 58
2 301 2 3 1.33 49
2 312 2 4 2.32 58
2 343 1 5 2.46 61
3 345 2 -9 2.13 60
2 394 2 5 4.2 70
3 579 1 -9 1.55 54
3 583 1 -9 1 40
3 679 1 -9 3.21 61
1 1 1 -9 3.16 63
3 1 2 -9 5.82 83
1 1 1 -9 6.58 85
1 143 2 -9 1.9 55
1 215 2 -9 2.6 60
2 513 2 -9 3.3 66
2 335 1 7 3.26 67
3 303 2 -9 2.58 61
2 285 2 -9 3.46 66
2 464 2 4 3.5 67
3 380 1 -9 1.92 52
2 572 2 -9 3.34 64
2 628 2 4 2.27 57
3 1 1 -9 6.12 81
3 1 1 -9 6.02 76
1 140 1 -9 4.92 82
1 205 2 -9 0.32 31
1 53 2 -9 2.3 53
3 515 2 -9 3 63
3 378 1 -9 1.8 53
3 578 1 -9 2.9 58
3 697 1 -9 1.78 54
3 613 2 -9 5.34 73
3 614 2 -9 3.04 61
2 720 1 -9 2.9 60
3 1 2 -9 2.45 64
1 1 1 -9 3.16 61
3 1 1 -9 1.89 53
1 1 1 -9 5.2 73
1 1 2 -9 4.3 68
3 1 2 -9 2.45 61
3 1 1 -9 2.86 62
3 1 2 -9 3.47 66
1 224 2 -9 2.6 59
1 29 2 6 3.7 66
1 266 2 -9 4.93 72
1 238 1 4 1.58 51
2 354 2 -9 3.28 66
3 595 2 -9 1.74 55
3 492 1 -9 3.85 68
2 707 1 -9 2.98 62
2 710 1 -9 3.26 64
2 713 1 -9 5.6 79
2 742 1 -9 6.61 74
2 674 2 -9 8.33 85
2 628 2 7 5.62 76
1 1 1 -9 1.93 56
3 1 1 -9 3.1 64
1 1 2 -9 1.83 50
3 1 2 -9 3.37 68
1 1 2 -9 3.57 65
3 1 1 -9 2.96 60
3 1 1 -9 4.39 68
1 204 2 -9 1.81 55
1 163 1 -9 1.88 56
1 251 1 -9 1.4 51
1 253 2 -9 3.6 70
1 230 2 -9 4.1 66
2 292 1 -9 1.32 49
2 353 1 -9 1.75 53
2 344 2 3 1.99 57
3 380 2 -9 1.78 55
2 387 2 4 2.8 65
2 582 2 3 1.3 52
2 657 2 -9 1.16 47
3 527 2 -9 3.2 67
2 512 2 -9 4.05 66
1 1 2 -9 3.98 72
3 1 2 -9 4.08 77
1 1 2 -9 3.67 66
1 1 2 -9 2.14 56
3 1 2 -9 1.94 54
1 1 1 -9 4.13 70
3 1 1 -9 2.24 59
3 1 2 -9 1.73 51
1 86 2 6 3.8 67
1 46 2 7 5.32 71
1 56 2 -9 2.3 59
1 91 2 5 3.1 60
1 198 1 5 5.2 72
2 284 2 -9 2.56 60
2 287 1 -9 2.71 60
2 487 1 4 2.16 55
2 511 2 -9 4.69 73
3 678 1 -9 3.85 67
1 1 2 -9 2.44 60
3 1 1 -9 3.37 66
1 141 1 -9 1.8 54
1 202 2 -9 0.22 28
1 125 2 6 3.8 66
1 3 1 -9 4.8 74
1 209 2 -9 4.95 73
1 272 1 -9 4.46 76
1 268 1 -9 6.82 76
2 310 1 5 2.15 58
3 593 2 -9 1.54 50
3 611 1 -9 1.71 53
2 500 1 4 2.7 61
3 683 2 -9 2.24 59
1 1 1 -9 2.96 61
3 1 1 -9 3.27 63
3 1 2 -9 1.94 54
1 145 2 8 5.8 70
1 115 2 4 -9 53
1 122 2 5 3.5 61
1 195 1 -9 3.7 68
1 198 1 5 3 60
1 241 2 -9 5.24 76
2 356 1 4 2.54 61
2 344 1 4 1.81 57
2 483 1 7 4.42 83
3 415 2 -9 2.55 62
2 534 1 4 2.37 57
2 639 2 4 2.14 57
3 1 2 -9 2.14 66
3 1 1 -9 4.29 73
1 1 1 -9 3.57 66
3 1 2 -9 2.24 57
3 1 2 -9 2.76 63
1 193 2 -9 3.8 69
1 92 1 5 2.6 60
1 123 1 5 2.7 58
1 195 1 -9 6.3 80
1 4 1 -9 4.5 71
1 149 1 -9 3.83 58
1 269 2 -9 2.6 56
1 246 2 8 3.98 68
1 274 2 -9 2.6 69
2 294 1 -9 4.62 76
2 288 2 5 2.99 64
3 476 1 -9 3 65
3 617 2 -9 1.86 55
2 721 2 -9 2.14 57
3 668 2 -9 4.6 69
3 671 2 -9 2.56 58
1 1 2 -9 2.96 59
1 1 2 -9 2.45 56
1 1 1 -9 2.14 56
3 1 1 -9 2.6 64
3 348 2 -9 1.87 57
1 16 2 -9 2.6 61
1 47 1 5 1.36 49
1 38 2 8 6.11 76
1 133 1 9 5.4 75
3 349 2 -9 3.38 69
3 520 1 -9 2.5 60
3 419 1 -9 0.96 47
2 439 2 4 2.6 58
2 463 2 6 5.7 72
2 539 2 8 5.78 77
2 489 1 5 2.43 60
2 391 2 4 2.8 64
3 612 1 -9 2.5 58
2 694 1 -9 5.7 72
2 694 2 -9 4.9 71
3 627 1 -9 0.65 40
2 630 2 -9 2.65 62
1 1 1 -9 3.88 68
3 1 2 -9 3.37 63
3 1 1 -9 2.14 54
3 1 2 -9 3.37 62
3 1 1 -9 3.27 62
1 78 2 6 3.97 66
1 206 2 -9 0.12 28
1 102 2 3 -9 49
1 274 2 -9 4.62 74
2 483 1 -9 2.66 73
3 383 2 -9 0.59 37
3 605 1 -9 2.2 59
3 600 2 -9 2.94 63
3 608 1 -9 2.8 64
2 693 1 -9 3.3 65
3 1 1 -9 2.35 59
1 1 1 -9 1.73 54
1 1 2 -9 9.9 89
1 1 2 -9 2.04 56
3 1 2 -9 2.6 60
3 1 1 -9 5.71 75
3 1 2 -9 3.57 65
3 1 1 -9 3.16 63
1 110 2 3 1 45
1 130 2 4 1.58 53
1 11 1 7 4.22 69
1 209 2 -9 3.93 68
1 168 2 6 4.5 69
2 315 1 3 1.96 54
2 326 2 4 2.78 65
2 550 1 8 6.8 80
3 527 1 -9 3.4 63
3 392 2 -9 2.22 59
3 691 2 -9 2.7 63
2 644 1 -9 1.58 51
1 1 1 -9 2.14 56
3 1 2 -9 4.18 77
1 1 1 -9 3.98 66
3 1 1 -9 3.47 65
3 1 2 -9 3.47 63
3 1 2 -9 2.96 61
1 187 2 -9 4.2 72
1 36 1 4 3 67
1 96 2 -9 3.1 60
1 153 1 4 1.38 49
2 306 1 4 2.6 58
2 299 1 5 2.72 63
2 461 2 4 2.5 59
2 699 2 -9 2.2 62
3 703 2 -9 2 56
2 658 1 -9 2.18 60
3 376 2 -9 1.75 53
2 742 1 -9 3.91 62
3 1 2 -9 2.14 61
1 1 2 -9 3.98 65
1 1 1 -9 4.4 76
1 1 2 -9 8.16 81
1 1 2 -9 2.37 60
3 1 1 -9 3.06 64
1 78 1 4 2.31 61
1 129 1 8 8.59 85
1 206 1 -9 0.11 28
1 277 2 -9 0.85 41
3 594 2 -9 1.55 54
2 464 2 4 3.3 63
3 393 2 -9 1.63 51
2 541 2 6 5.52 75
2 708 1 -9 5.8 74
1 1 1 -9 3.78 72
1 1 2 -9 4.18 70
1 1 1 -9 1.73 53
3 1 2 -9 2.55 61
1 1 2 -9 5.1 70
1 1 2 -9 6.22 76
3 1 2 -9 3.16 61
3 371 2 -9 3.98 66
1 125 2 3 2 53
2 305 1 5 2.7 62
2 319 1 -9 3.88 69
2 324 2 4 2.31 60
2 546 2 4 2.39 58
2 506 1 4 3.43 64
2 701 2 -9 2.4 59
2 512 2 -9 3.76 62
1 1 2 -9 4.8 68
3 1 2 -9 4.8 73
1 1 2 -9 2.12 53
1 1 1 -9 7.08 81
1 1 2 -9 3.27 66
3 1 1 -9 3.06 61
1 81 1 -9 7.44 80
1 21 2 6 3.76 68
1 99 2 -9 1.2 48
1 6 2 -9 2.8 58
1 228 2 -9 2.8 63
3 304 2 -9 0.66 40
2 292 1 -9 1.7 55
3 531 2 -9 1.42 61
3 522 2 -9 1.6 52
2 561 1 5 4.09 68
2 481 1 5 3.42 74
2 395 2 3 1.5 53
2 535 2 4 2.95 63
3 492 1 -9 2.85 62
2 739 2 -9 5 72
1 1 1 -9 4.9 72
3 1 1 -9 2.12 60
1 1 2 -9 3.67 65
1 1 1 -9 1.63 53
3 1 2 -9 2.55 62
3 1 1 -9 2.55 57
3 1 2 -9 4.29 66
1 203 2 -9 2.06 55
1 202 1 -9 0.14 25
1 222 2 -9 4.38 72
1 54 1 -9 2 54
1 112 2 4 4.9 54
2 479 1 4 2.5 68
2 412 1 4 2.11 55
2 462 2 4 2.1 56
3 579 2 -9 1.4 51
3 702 2 -9 5.32 74
3 652 1 -9 4.22 68
2 692 1 -9 9.2 81
3 1 2 -9 3.47 64
1 1 2 -9 3.47 67
3 1 2 -9 2.14 57
1 63 2 -9 2.68 57
1 114 1 4 2.1 56
1 103 2 5 -9 58
2 306 2 4 2.3 52
2 562 2 6 4.32 72
3 381 1 -9 1.63 50
3 697 1 -9 1.64 54
2 553 1 4 2.69 60
2 508 2 4 3.15 63
2 374 1 4 2.76 61
2 740 2 -9 4.21 71
3 649 2 -9 3.25 63
3 1 2 -9 3.06 60
3 1 1 -9 3.47 64
3 1 2 -9 2.55 57
3 1 1 -9 3.26 62
1 171 1 -9 4.4 69
1 151 1 8 8.26 88
1 250 2 -9 4.3 68
3 280 1 -9 1.8 53
1 230 2 -9 5.2 77
2 478 2 -9 3.54 76
2 481 2 6 3.45 76
3 618 1 -9 2.32 60
3 431 1 -9 3.2 66
2 434 2 6 3.2 65
2 548 1 4 4.28 69
3 523 1 -9 1.1 43
3 1 2 -9 2.35 61
3 1 1 -9 2.76 65
3 1 2 -9 1.94 54
3 1 1 -9 3.27 65
3 1 1 -9 2.13 58
1 1 2 -9 1.53 49
1 26 2 -9 3.5 67
1 41 2 5 5.9 73
1 255 1 -9 2.65 59
1 246 2 6 3.38 68
1 262 2 -9 4.18 70
3 418 2 -9 2.82 60
2 408 2 3 1.86 51
2 574 2 -9 3.32 64
3 649 1 -9 1.71 52
3 1 1 -9 3.27 64
3 1 2 -9 3.06 61
3 1 1 -9 2.04 57
1 176 2 4 2.2 55
1 62 2 -9 2.01 55
1 201 1 -9 0.21 26
1 69 2 4 1.58 49
1 108 2 8 5.21 72
1 256 1 -9 2.05 53
2 355 2 -9 2.71 63
2 359 2 4 2.6 62
2 286 1 -9 8.9 89
3 401 2 -9 1.8 58
3 610 1 -9 2.25 59
3 741 2 -9 2.1 58
3 629 1 -9 2.57 60
1 1 2 -9 5.1 70
1 1 1 -9 4.29 69
1 1 2 -9 2.24 58
3 1 1 -9 5 76
1 1 1 -9 5.1 74
1 1 1 -9 4.49 68
3 1 1 -9 1.79 54
1 1 2 -9 2.92 63
3 1 1 -9 2.96 66
3 1 1 -9 1.9 55
1 173 2 -9 2.4 60
1 108 2 8 7.76 81
1 133 1 6 4 68
1 227 2 -9 2.8 62
2 313 1 4 2.68 61
3 419 2 -9 1.09 47
3 1 1 -9 4.69 76
1 1 1 -9 5.2 72
3 1 1 -9 3.57 67
3 1 2 -9 2.24 58
3 1 2 -9 2.04 57
1 189 2 -9 6.41 75
1 87 1 4 1.66 55
1 255 1 -9 3.75 65
2 362 1 -9 2.6 62
2 323 2 -9 3.6 67
2 334 2 3 1.54 52
2 560 1 4 2.97 62
2 490 2 4 2.29 58
3 730 2 -9 2.58 61
2 373 1 5 4.2 71
1 1 2 -9 2.24 58
3 1 2 -9 3.06 63
1 1 2 -9 3.11 63
1 144 1 -9 1.95 54
1 192 1 -9 2.8 60
1 259 2 -9 4.4 66
1 262 1 -9 0.71 40
3 496 2 -9 2.9 61
2 718 1 -9 3.18 65
3 626 1 -9 1.75 54
1 1 1 -9 2.78 62
3 1 2 -9 3.16 65
2 1 1 -9 3.98 70
3 1 2 -9 3.67 64
3 1 2 -9 2.96 60
1 27 1 -9 2 56
1 28 2 5 3.42 64
3 366 2 -9 2.72 63
3 417 1 -9 2.89 64
3 438 2 -9 3.3 64
3 598 2 -9 2.05 56
3 661 1 -9 3.34 66
1 1 2 -9 5.1 71
1 1 1 -9 2.86 64
3 1 1 -9 3.78 67
3 1 1 -9 3.88 71
3 1 1 -9 4.69 75
3 1 1 -9 2.96 64
1 1 1 -9 2.2 59
3 1 1 -9 5.82 76
3 1 2 -9 3.06 61
3 1 1 -9 3.57 69
3 1 2 -9 2.55 59
3 1 1 -9 3.98 66
1 94 2 6 4.3 70
1 227 1 -9 6.5 75
1 263 2 -9 3.72 66
2 291 1 -9 2.21 55
3 496 1 -9 3.5 64
2 327 2 5 3.66 67
3 303 2 -9 2.2 60
2 484 2 8 3.55 80
3 648 1 -9 1.76 55
1 1 2 -9 12.55 96
1 1 2 -9 3.16 61
3 1 2 -9 2.96 65
3 1 2 -9 7.65 94
1 1 1 -9 1.84 54
3 1 2 -9 3.37 64
3 1 1 -9 3.57 67
3 1 2 -9 2.14 56
3 1 1 -9 3.06 62
3 1 2 -9 2.35 58
1 143 2 -9 1.9 55
1 89 1 -9 3.68 65
1 194 1 -9 9.5 86
1 5 2 -9 2.7 66
2 485 2 5 2.96 72
2 449 2 6 -9 68
2 426 1 5 2.4 69
2 430 1 4 2.5 62
3 599 2 -9 1.74 54
2 587 1 4 2.3 59
1 1 1 -9 3.37 63
3 1 1 -9 3.7 68
3 1 1 -9 3.67 72
3 1 1 -9 2.18 59
1 1 2 -9 4.39 67
3 1 1 -9 2.13 61
1 1 2 -9 2.14 55
1 1 1 -9 3.45 65
1 1 1 -9 3.59 64
1 1 1 -9 4.69 74
3 1 2 -9 4.39 68
1 188 2 -9 6.28 78
1 16 1 -9 2.6 60
1 115 1 9 -9 81
1 129 1 8 9.06 86
1 2 1 -9 2.6 59
1 134 1 6 3.8 68
1 245 2 8 3.72 66
1 267 1 -9 4.86 70
2 340 1 -9 9.74 95
3 420 2 -9 3.01 63
2 532 1 5 4.05 69
3 600 1 -9 3.82 64
3 743 1 -9 1.8 53
1 1 2 -9 5.92 70
3 1 2 -9 2.76 61
1 1 1 -9 1.63 53
3 1 2 -9 3.47 66
3 1 2 -9 2.96 65
1 1 1 -9 1.94 56
3 1 1 -9 12.86 101
3 1 2 -9 3.16 65
1 47 2 7 5.92 75
1 141 1 -9 1.3 50
1 83 1 8 7.6 81
1 100 1 -9 1.65 54
1 197 2 4 1.4 49
1 277 1 -9 0.25 29
1 254 2 -9 3.75 63
3 302 2 -9 0.82 44
2 451 1 4 3.21 63
2 698 2 -9 2.6 59
3 524 1 -9 1.8 54
3 727 2 -9 1.79 55
3 665 2 -9 2.6 61
1 1 1 -9 3.98 69
1 1 1 -9 5.1 73
1 1 1 -9 2.24 58
3 1 1 -9 2.12 52
3 1 2 -9 2.35 62
3 1 2 -9 4.08 71
3 1 1 -9 4.39 71
3 1 1 -9 3.67 67
3 371 1 -9 2.82 63
1 22 2 -9 1.63 53
1 54 2 -9 2 53
1 271 2 -9 1.46 53
3 460 2 -9 1.23 47
2 537 2 4 3.55 66
2 538 2 -9 3.19 63
3 654 2 -9 3.6 65
2 585 2 5 3.6 68
2 673 2 -9 4.32 71
3 686 2 -9 2.6 62
2 630 2 -9 1.86 53
1 1 2 -9 2.65 56
3 1 2 -9 2.24 59
3 1 1 -9 2.65 65
1 1 2 -9 2.76 60
3 1 2 -9 4 71
3 1 1 -9 2.86 62
3 1 1 -9 2.55 59
1 203 2 -9 1.7 54
1 37 2 -9 5.87 73
1 72 2 8 6.08 75
1 24 2 -9 2.54 60
1 97 1 -9 1.55 53
2 350 1 -9 3.09 65
2 450 2 4 1.69 59
2 442 2 8 4.2 69
3 607 2 -9 2.4 61
2 708 1 -9 5.88 78
3 705 2 -9 3.3 63
2 719 1 -9 7.86 82
2 736 2 -9 5.2 73
3 648 1 -9 2.28 59
1 1 1 -9 2.96 62
1 1 2 -9 1.63 53
3 1 2 -9 3.47 65
3 1 1 -9 3.06 64
3 1 2 -9 3.27 66
3 1 1 -9 1.53 53
3 1 1 -9 4.69 73
1 76 1 8 7.07 82
1 82 2 6 2.6 66
1 27 2 -9 1.25 49
1 158 1 8 5.96 79
2 331 1 4 1.6 51
2 538 2 5 2.8 61
3 604 2 -9 2.4 59
2 426 1 5 2.35 68
2 710 1 -9 3.39 67
3 729 2 -9 1.65 52
3 591 2 -9 3.01 64
2 509 2 3 2.26 57
3 404 2 -9 1.2 47
3 663 2 -9 2.09 58
3 1 2 -9 2.5 61
1 1 2 -9 1.73 54
1 1 2 -9 4.69 70
2 1 2 -9 6.12 87
3 1 2 -9 3.67 68
1 36 1 5 2.27 59
1 60 2 4 3.54 62
1 205 2 -9 1.43 50
1 51 1 10 11.48 93
2 350 1 -9 5.88 78
3 454 2 -9 3.74 66
3 602 2 -9 4.2 73
3 653 2 -9 3.2 65
2 698 2 -9 2.5 65
3 706 1 -9 3.45 66
2 642 1 -9 1.9 56
3 1 2 -9 2.86 62
3 1 2 -9 2.6 63
3 1 1 -9 2.55 63
1 1 1 -9 5.41 72
3 1 1 -9 2.5 58
1 185 2 -9 2.3 55
1 130 1 4 1.6 52
1 267 1 -9 6.63 77
2 365 1 5 2.88 68
3 516 1 -9 2.2 62
2 482 1 -9 3.05 74
3 416 2 -9 2.12 59
2 540 1 4 2.73 63
3 613 2 -9 1.26 49
3 651 1 -9 2.12 57
3 1 2 -9 3.47 65
1 1 2 -9 4.69 74
1 1 2 -9 2.65 64
1 179 2 -9 3.15 59
1 176 1 6 3.7 66
1 26 2 -9 0.94 45
1 234 1 -9 3.23 63
2 320 1 -9 2.71 62
2 557 1 5 3.76 66
3 443 2 -9 3.5 68
2 565 1 -9 2.84 63
3 669 1 -9 4.81 73
1 1 1 -9 2 56
3 1 1 -9 1.73 56
1 1 1 -9 2.55 59
1 1 2 -9 1.94 56
1 1 1 -9 5.92 73
1 1 2 -9 3.1 62
3 1 1 -9 4.08 70
1 17 1 -9 2.22 58
1 59 1 8 8.14 83
1 101 1 -9 1.65 55
1 273 2 -9 1.84 56
1 243 2 -9 5.68 77
2 558 2 4 2.79 60
2 541 2 4 3.18 65
3 612 2 -9 3.12 61
2 709 2 -9 4.27 69
2 429 1 8 6.3 72
2 433 2 4 2.2 55
3 599 2 -9 2.69 62
2 549 2 5 2.7 61
1 1 2 -9 2.24 57
3 1 2 -9 4.08 67
3 1 2 -9 2.96 56
1 33 1 4 1.91 56
1 34 2 4 1.96 56
1 62 2 -9 2.28 59
1 234 1 -9 0.7 40
1 236 2 6 3.92 67
3 624 2 -9 4.1 67
3 624 2 -9 1.8 54
2 407 1 4 2.3 60
3 581 2 -9 2.8 51
2 738 1 -9 2.58 62
1 1 2 -9 6.22 77
1 1 1 -9 1.12 45
3 1 2 -9 4.18 71
3 1 2 -9 1.33 53
3 1 2 -9 2.96 60
3 1 2 -9 3.27 64
1 184 2 -9 2.9 59
1 65 1 5 3.94 67
1 119 1 4 2.2 54
1 197 1 7 3.5 65
3 279 2 -9 2.64 61
3 283 2 -9 2.46 61
2 458 2 3 2.02 53
3 607 1 -9 3.6 64
3 716 2 -9 4.12 68
2 724 1 -9 2.94 65
1 1 2 -9 1.9 56
1 1 1 -9 1.94 54
3 1 1 -9 4.59 71
3 1 1 -9 3.67 64
3 1 2 -9 1.94 54
1 14 2 -9 3.38 64
1 126 2 4 3.4 59
1 228 1 -9 2.4 59
1 233 2 -9 5.7 73
2 329 2 3 1.25 49
2 333 1 4 1.89 56
3 283 1 -9 3.18 66
3 623 1 -9 2.2 57
3 390 2 -9 1.7 54
3 653 2 -9 2 59
2 429 1 6 2.7 61
3 704 2 -9 4.65 71
3 608 2 -9 1.4 51
2 674 2 -9 6.74 78
3 671 1 -9 3.14 64
2 625 1 4 2.69 60
1 1 2 -9 2.76 58
1 1 1 -9 2.14 58
1 1 2 -9 2.14 55
3 1 1 -9 3.16 68
1 1 1 -9 5.51 76
3 1 2 -9 2.96 60
1 156 2 8 7.06 78
1 226 2 -9 4.3 69
1 261 2 -9 3.56 66
2 455 1 4 3.35 62
2 543 1 6 5.43 75
3 635 2 -9 2.1 57
3 1 2 -9 3.27 65
1 1 1 -9 6.53 75
1 1 2 -9 1.73 53
3 1 2 -9 1.12 52
3 1 1 -9 2.14 57
3 1 1 -9 3.06 66
1 66 1 8 6.24 75
1 201 1 -9 0.34 29
1 222 2 -9 4.93 73
1 102 1 5 -9 61
1 211 2 -9 2.72 63
1 237 2 4 1.34 52
2 300 1 6 3.16 65
3 366 1 -9 2.02 58
2 482 2 6 4.47 81
2 485 2 7 3.65 81
2 459 2 4 2.06 55
2 467 1 5 2.74 61
3 663 1 -9 3.33 64
3 667 2 -9 2.48 58
2 646 1 -9 6.26 80
1 1 1 -9 2.35 61
3 1 1 -9 2.98 66
1 1 2 -9 2.65 59
1 1 2 -9 14.08 99
2 551 2 4 4.47 68
1 179 1 -9 3.35 65
1 175 2 4 1.5 51
1 147 1 6 5.22 71
1 39 2 9 6.7 75
1 25 2 -9 1.72 52
1 245 2 5 1.7 54
1 229 1 -9 4.3 67
2 363 2 4 2.32 59
3 529 2 -9 2.59 63
3 530 2 -9 2.62 58
2 513 2 -9 5.36 78
2 353 1 -9 6.55 77
3 596 2 -9 2.53 61
2 411 2 3 1.15 49
2 459 2 4 4.05 59
2 565 1 -9 3.1 64
2 574 1 -9 2.71 60
3 385 1 -9 0.73 40
2 723 1 -9 3.93 70
3 681 2 -9 1.54 53
3 1 1 -9 3.67 72
1 1 1 -9 6.53 81
1 1 2 -9 3.78 62
1 1 1 -9 2.3 57
1 1 2 -9 2.76 63
1 188 2 -9 2.52 60
1 110 2 5 2.4 59
1 217 1 -9 3.8 67
1 120 1 7 4.2 70
2 325 1 5 3.3 65
3 422 2 -9 1.67 51
2 545 2 4 2.61 60
3 524 1 -9 2.9 63
2 718 1 -9 2.32 59
1 1 1 -9 5 71
1 1 1 -9 2.1 57
3 1 2 -9 3 64
3 1 2 -9 2.86 60
3 1 2 -9 3.16 61
1 182 2 -9 3.55 65
1 200 1 -9 1.59 53
3 529 2 -9 1.52 51
3 620 2 -9 0.9 43
2 539 1 5 2.99 64
3 601 1 -9 3.4 66
3 729 2 -9 2.54 60
2 738 2 -9 3.72 72
3 670 1 -9 2.88 62
1 1 1 -9 3.9 69
3 1 1 -9 6.94 87
1 1 2 -9 2.45 60
3 1 2 -9 2.35 58
3 1 1 -9 2.76 64
1 169 2 -9 3.8 64
1 85 2 8 3.94 72
1 213 2 6 -9 66
1 134 1 6 3.6 68
1 214 2 -9 3.4 64
1 196 2 -9 3.2 66
1 206 1 -9 0.15 29
1 12 1 6 3.01 63
1 264 2 6 2.62 59
2 711 2 -9 4.63 69
2 555 2 4 2.95 65
3 592 1 -9 3.06 63
3 376 1 -9 2.95 65
3 727 2 -9 2.08 56
3 392 2 -9 2.36 58
2 732 2 -9 3.36 64
2 693 1 -9 5.4 72
1 1 1 -9 8.06 82
3 1 1 -9 1.89 53
3 1 2 -9 8.16 87
1 1 2 -9 3.88 68
2 1 2 -9 2.65 62
3 1 1 -9 3.37 64
1 171 1 -9 1.6 56
1 13 1 -9 2.2 59
1 104 1 4 2.08 58
2 294 2 -9 2.22 60
2 563 1 4 3.83 66
2 406 2 5 3.5 70
2 457 1 4 3.25 60
2 534 1 5 5.67 74
3 383 2 -9 0.58 38
2 570 2 -9 5.34 74
3 688 1 -9 2.08 56
3 637 2 -9 2.6 60
3 1 1 -9 2.45 61
3 1 1 -9 3.6 71
3 1 1 -9 1.84 52
3 1 1 -9 3.27 66
3 1 1 -9 2.04 58
1 48 1 6 5.8 74
1 206 1 -9 0.18 29
1 53 1 -9 2.7 62
1 100 2 -9 1.65 52
1 268 1 -9 7.86 77
2 470 2 4 2.84 62
2 564 2 -9 3.55 63
2 510 2 -9 2.62 57
2 373 1 6 3.52 67
3 726 1 -9 1.63 54
2 734 1 -9 2.19 56
3 1 1 -9 4.8 78
3 1 2 -9 3.78 69
1 1 2 -9 1.84 54
3 1 2 -9 3.37 67
1 1 1 -9 1.94 56
3 1 1 -9 3.57 64
3 1 1 -9 8.37 87
3 1 1 -9 3.27 64
1 22 1 -9 1.94 57
1 3 2 -9 3.3 63
1 165 2 -9 1.82 54
1 243 2 -9 1.94 55
2 358 2 7 4.57 74
2 324 1 4 2.11 56
2 332 1 6 4.15 74
3 577 1 -9 3.8 66
2 536 2 5 4.18 71
3 403 2 -9 3.44 66
2 432 2 5 3.7 67
2 641 2 3 1.4 50
3 684 2 -9 1.46 52
1 1 1 -9 6.02 76
1 1 2 -9 3.98 68
3 1 2 -9 2.76 64
3 1 1 -9 2.55 62
2 1 1 -9 4.49 80
3 1 2 -9 2.86 60
3 1 2 -9 3.67 67
3 1 2 -9 2.76 61
1 172 2 -9 3 65
1 175 1 6 4 69
1 84 1 7 7.2 76
1 86 2 5 2.02 52
1 247 1 5 1.5 52
2 307 1 7 3.3 66
2 298 2 -9 2.65 62
2 317 2 -9 2.58 62
2 317 2 -9 2.3 61
3 360 1 -9 3.25 68
2 439 2 4 2.3 57
2 445 1 -9 3.3 58
2 537 1 4 2.94 62
2 541 1 4 2.48 57
2 507 2 4 3.14 62
3 672 2 -9 5.32 75
1 1 2 -9 3.42 67
3 1 2 -9 3.37 65
3 1 2 -9 3.37 65
3 1 1 -9 3.47 64
3 1 1 -9 2.65 59
1 70 1 7 6.56 75
1 118 1 7 -9 77
1 128 1 7 -9 78
1 207 1 -9 3.36 65
1 4 2 -9 2.5 60
1 161 1 -9 2.5 64
1 162 1 -9 2.24 57
2 413 1 4 2.32 59
3 421 2 -9 2.79 62
2 466 2 6 4.2 71
2 468 2 5 3.8 67
2 448 1 4 3.48 66
2 700 2 -9 3.9 69
3 526 2 -9 1.6 51
2 511 2 -9 4.1 68
2 735 2 -9 2.27 58
2 640 2 5 2.47 59
1 1 2 -9 5 69
1 1 2 -9 3.27 65
1 1 2 -9 2.76 60
3 1 2 -9 4.9 74
1 1 2 -9 2.24 60
1 1 1 -9 1.63 55
1 1 1 -9 3.06 63
1 1 2 -9 4.95 69
3 1 1 -9 3.2 65
3 1 1 -9 2.76 59
3 1 1 -9 3.27 68
3 1 1 -9 3.26 63
2 737 2 -9 2.48 62
1 199 1 6 5.7 77
3 367 2 -9 2.71 63
2 293 2 -9 2.22 58
2 329 2 4 3.07 66
2 286 1 -9 2.12 57
2 714 1 -9 7.4 80
2 645 1 -9 2.8 62
3 687 2 -9 1.52 50
2 634 2 -9 2.47 53
1 1 1 -9 3.16 63
3 1 1 -9 3.27 60
3 1 2 -9 2.76 61
1 69 1 9 8.36 83
1 111 2 6 1.4 54
1 216 2 -9 3.7 67
1 12 1 7 6.16 76
1 265 2 -9 5.51 70
1 240 2 7 4.22 70
3 367 1 -9 3.83 68
2 291 2 -9 2.41 58
2 319 2 -9 2.64 60
3 346 2 -9 3.14 65
3 696 1 -9 1.79 55
2 435 1 5 3 63
3 438 1 -9 1.7 53
3 660 1 -9 5.83 74
3 683 1 -9 1.48 51
3 1 2 -9 2.25 59
1 1 1 -9 4 70
3 1 2 -9 4.18 72
1 18 2 -9 3.87 67
1 45 1 6 4.08 66
1 71 2 8 6.64 72
1 272 1 -9 2.18 58
3 280 1 -9 0.96 46
2 514 2 -9 2.7 63
1 1 1 -9 3.47 64
1 1 1 -9 3.57 64
3 1 2 -9 3.88 68
3 1 1 -9 5.2 76
3 1 1 -9 3.27 62
3 1 2 -9 2.65 56
3 1 1 -9 3.98 70
1 202 2 -9 0.27 30
1 14 2 -9 4.36 68
1 80 2 -9 3.04 63
1 119 1 4 1.6 47
1 275 2 -9 2.02 58
2 309 2 3 2.08 59
3 444 2 -9 2.4 59
3 616 1 -9 1.46 51
2 536 2 5 3.75 67
2 453 1 5 2.91 65
2 586 1 4 2.3 59
1 1 2 -9 5.51 74
1 1 1 -9 2.45 55
3 1 1 -9 3.27 68
3 1 2 -9 3.22 66
3 1 2 -9 2.45 62
3 1 1 -9 1.63 54
1 20 2 -9 4.86 68
1 104 2 6 4.7 71
1 7 2 -9 2.3 50
1 137 2 -9 2.72 64
1 244 2 6 3.54 64
3 623 2 -9 3 63
2 409 2 3 1.88 53
2 573 1 -9 4 67
2 433 2 3 2.1 52
2 589 1 4 2.7 59
3 689 2 -9 1.36 49
1 1 2 -9 2.67 58
1 1 2 -9 2.86 61
2 1 2 -9 2.45 59
3 1 2 -9 3.3 66
3 1 1 -9 3.27 61
3 1 2 -9 3.37 64
1 170 1 -9 3.4 67
1 18 1 -9 2.58 58
1 6 2 -9 2.7 56
1 166 2 -9 2.56 60
2 307 1 4 2.2 56
3 530 1 -9 3.72 66
3 668 2 -9 3.35 63
1 1 1 -9 3.57 68
1 1 2 -9 5.2 70
1 1 1 -9 2.3 56
1 1 1 -9 6.53 79
3 1 1 -9 2.76 61
3 1 2 -9 3.37 64
3 1 1 -9 4.9 72
3 493 2 -9 2.6 62
2 558 2 4 3.25 64
2 540 1 5 3.77 69
3 382 1 -9 0.81 41
3 716 2 -9 2.34 57
1 1 2 -9 3.63 71
1 1 2 -9 2.24 58
1 1 2 -9 5.1 74
1 1 1 -9 6.57 77
3 1 2 -9 2.86 61
1 37 2 -9 1.95 57
1 55 2 -9 1.7 53
1 21 1 4 1.64 53
1 41 1 7 6.94 78
1 126 2 6 4 62
1 163 1 -9 2.14 55
2 358 1 3 1.05 47
2 322 2 -9 1.84 53
2 533 2 -9 5.89 78
2 505 1 4 2.67 59
3 635 2 -9 2.3 57
3 685 1 -9 2.08 56
1 1 2 -9 2.14 58
1 1 1 -9 2.24 56
3 1 2 -9 3.06 61
3 1 1 -9 2.76 62
3 1 1 -9 2.96 62
3 1 1 -9 3.47 65
1 148 1 -9 3.98 68
1 35 1 6 3.45 64
1 116 2 6 -9 58
1 270 1 -9 3.24 67
2 338 2 6 3.21 66
2 471 2 5 4.7 72
2 408 2 5 2.96 62
2 468 2 6 3.72 68
2 446 2 8 3.01 86
2 711 1 -9 2.98 63
3 717 1 -9 1.83 54
1 1 1 -9 1.84 54
1 1 2 -9 2.32 57
3 1 1 -9 2.45 65
3 1 2 -9 5.92 76
3 1 1 -9 3.98 65
3 1 1 -9 2.86 61
3 1 1 -9 2.65 60
3 1 1 -9 2.55 60
3 1 2 -9 5 70
1 83 2 6 5.3 71
1 95 1 4 1.6 52
1 96 2 -9 2.6 61
1 244 2 5 2.84 59
2 308 1 4 1.26 52
2 313 1 11 9.17 93
2 545 2 6 4.37 78
2 428 1 5 2.9 70
3 609 2 -9 2.8 65
3 743 1 -9 3.62 64
2 690 1 -9 2.54 57
3 680 2 -9 2.08 55
3 1 2 -9 5.31 74
3 1 1 -9 2.2 60
1 1 2 -9 3.06 60
3 1 1 -9 3.98 65
3 1 2 -9 2.76 66
1 1 1 -9 6.02 72
1 1 1 -9 3.88 65
3 1 2 -9 2.04 55
3 1 2 -9 3.78 67
3 1 2 -9 2.9 63
1 57 1 -9 1.1 57
1 116 2 3 -9 46
2 316 1 -9 4.03 68
2 414 2 4 2.39 57
2 450 2 4 2.43 62
2 699 2 -9 2.9 65
3 598 2 -9 1.45 51
2 552 1 5 4.45 70
2 722 2 -9 3.43 65
3 726 2 -9 2.28 59
3 659 2 -9 4.12 68
1 1 1 -9 4.08 68
1 1 1 -9 2.35 57
1 1 2 -9 3.57 65
3 1 2 -9 2.96 65
3 1 1 -9 1.75 57
3 1 1 -9 2.96 62
1 1 1 -9 16.2 104
3 1 2 -9 3.78 66
1 186 2 -9 3.4 63
1 79 1 4 2.1 55
1 205 2 -9 0.33 32
1 135 1 3 1.8 56
2 288 2 4 2.1 56
3 420 1 -9 4.27 70
3 402 2 -9 2 55
2 537 2 5 4.49 69
2 554 1 5 3.97 67
2 736 1 -9 2 57
3 668 2 -9 5.8 73
3 681 1 -9 0.93 46
3 631 2 -9 2.58 60
1 1 2 -9 2.04 57
3 1 2 -9 4.29 76
3 1 1 -9 3.06 64
1 1 2 -9 2.96 65
1 1 1 -9 4.8 73
3 1 1 -9 2.42 60
1 1 1 -9 1.94 53
1 1 1 -9 2.14 59
3 1 2 -9 3.57 64
3 1 2 -9 3.78 67
1 200 1 -9 2 55
1 90 1 5 3 62
2 342 2 -9 1.96 57
3 620 1 -9 0.84 42
2 477 2 -9 3.4 74
3 619 2 -9 3.16 66
3 460 1 -9 5.19 73
3 399 1 -9 1.45 52
3 384 2 -9 0.74 40
2 722 1 -9 3.23 66
1 1 1 -9 3.27 63
1 1 1 -9 5 70
3 1 1 -9 5.41 77
3 1 1 -9 2.96 65
3 1 2 -9 1.79 55
1 1 1 -9 3.88 64
1 1 1 -9 2.86 63
1 1 1 -9 2.55 60
2 1 2 -9 2.96 62
3 1 1 -9 3.98 73
3 1 1 -9 2.96 63
3 1 2 -9 2.45 58
1 51 2 5 2.72 61
1 258 2 -9 3 60
2 314 1 5 3.44 66
3 621 2 -9 1.6 49
2 406 2 4 2.7 62
2 466 2 5 3.3 66
2 589 2 3 1.95 56
1 1 1 -9 3.06 66
1 1 2 -9 3.27 62
3 1 2 -9 3.37 64
1 43 2 8 4.48 67
1 49 1 3 1.34 49
1 105 1 4 1.7 51
1 8 2 9 5.3 74
3 528 2 3 1.72 54
2 441 2 4 2.6 61
2 441 2 4 2.4 56
3 400 2 -9 0.8 49
2 542 2 9 5.53 72
2 569 1 -9 9.04 88
2 714 2 -9 2.56 60
1 1 1 -9 2.86 61
3 1 2 -9 3.27 66
1 1 1 -9 1.73 55
3 1 2 -9 2.55 59
3 1 2 -9 5.2 74
3 1 2 -9 3.37 66
3 1 2 -9 3.16 65
1 57 2 -9 4.2 70
1 79 1 4 1.62 53
1 192 2 -9 1.9 54
1 159 1 8 8.66 85
1 139 2 8 6.92 81
1 168 2 6 4.25 68
2 361 2 -9 2.15 58
3 474 1 -9 1.45 51
3 474 1 -9 4.8 71
3 476 1 -9 5.7 74
3 619 2 -9 1.7 53
3 398 1 -9 2.9 63
3 706 1 -9 2.8 71
3 580 1 -9 1.45 52
2 506 1 3 1.91 52
1 1 1 -9 2.24 57
1 1 2 -9 2.24 59
3 1 1 -9 2.35 62
1 1 1 -9 2.16 58
2 1 2 -9 3.06 62
3 1 2 -9 2.8 63
3 1 1 -9 3.06 63
1 183 2 -9 4.2 66
1 47 2 8 6.36 76
1 105 2 4 1.76 53
1 120 1 6 5.4 77
1 241 2 -9 2.34 59
3 515 1 -9 2.2 61
2 326 1 8 6.84 83
2 424 1 4 2.5 55
2 456 1 3 1.67 53
3 379 2 -9 3.07 62
2 536 2 4 3.06 63
2 566 1 -9 3.6 67
2 573 2 -9 3.62 65
3 581 2 -9 1.2 48
2 584 2 -9 3.6 70
3 667 2 -9 3.93 66
1 1 1 -9 3.57 67
3 1 1 -9 2.33 60
3 1 1 -9 3.06 63
3 1 2 -9 3.98 65
3 1 2 -9 3.27 65
3 1 2 -9 2.65 60
3 1 2 -9 4.18 73
3 1 2 -9 2.9 61
1 19 1 -9 5.44 77
1 190 1 -9 6.5 77
1 136 1 4 2.42 62
2 276 2 -9 3.2 66
1 265 2 -9 1.7 55
2 333 1 4 2.56 62
3 621 1 -9 2.3 56
2 473 2 5 2.3 62
2 462 1 5 3.3 66
2 707 2 -9 7.5 80
2 657 2 -9 1.76 54
1 1 1 -9 2.16 58
3 1 2 -9 6.43 79
1 1 2 -9 4.08 65
1 1 1 -9 2.6 61
3 1 2 -9 3.16 62
3 475 1 -9 2.7 63
1 170 2 -9 4 69
1 7 1 -9 1.35 60
1 162 2 -9 1.42 53
1 253 1 -9 4.4 73
2 463 2 5 3 63
3 389 2 -9 2.2 60
2 564 2 -9 3.5 64
2 568 2 -9 3.39 64
2 701 1 -9 2.7 60
2 656 2 -9 1.88 57
3 688 2 -9 3.28 65
3 650 2 -9 1.93 56
1 1 1 -9 2.12 60
1 1 2 -9 1.94 55
3 1 2 -9 7.35 81
3 1 1 -9 3.67 68
1 1 1 -9 1.94 57
3 1 1 -9 2.14 56
3 1 2 -9 3.37 64
3 1 2 -9 2.76 63
3 1 1 -9 3.98 65
3 1 1 -9 2.86 64
1 225 2 -9 1.5 50
1 223 1 -9 3.44 66
1 8 1 5 3.6 67
1 7 1 -9 3.7 65
1 242 1 13 9.74 93
2 363 2 4 2.31 60
3 368 2 -9 2.73 64
2 472 1 4 2.3 60
3 730 1 -9 2 56
2 676 1 -9 5.74 79
1 1 2 -9 2.45 56
3 1 2 -9 1.99 57
1 1 1 -9 2.1 57
3 1 1 -9 3.27 66
3 1 2 -9 2.76 63
1 142 2 -9 2.1 52
1 113 1 6 4.4 68
2 318 1 -9 1.78 59
2 331 2 5 3.09 64
2 409 1 4 2.3 55
3 388 2 -9 1.8 54
2 566 1 -9 5.21 74
2 733 1 -9 3.2 66
2 675 1 -9 7.94 84
3 682 2 -9 2.6 63
1 1 1 -9 3.65 68
1 1 1 -9 2.86 62
1 1 1 -9 4.49 69
1 1 2 -9 2.14 57
2 1 2 -9 3.27 68
1 174 1 -9 1.3 50
1 183 1 -9 4.3 70
1 31 1 6 5.06 74
1 67 1 4 1.76 55
1 52 2 -9 2.5 56
1 106 1 5 3.22 62
1 258 1 -9 2 59
2 305 2 -9 3.3 66
3 516 2 -9 3 67
3 296 1 -9 2.14 60
2 351 1 -9 2.67 63
2 312 2 4 1.52 50
2 289 1 4 2.06 59
2 428 2 4 2.3 57
3 704 2 -9 3.15 64
2 509 2 4 2.72 60
3 662 2 -9 3.26 65
3 670 2 -9 2.75 60
1 1 2 -9 2.4 57
3 1 2 -9 3.06 60
1 132 2 6 5 69
1 204 1 -9 2.19 60
1 161 2 -9 2.9 64
3 279 1 -9 1.44 52
2 364 2 5 2.66 61
2 337 1 4 2.67 61
2 335 2 4 2.46 62
3 397 1 -9 2.8 62
2 544 2 4 2.5 59
3 615 2 -9 2.82 62
3 631 2 -9 1.41 51
1 1 1 -9 3.55 71
3 1 1 -9 2.96 63
3 1 2 -9 2.96 64
3 1 2 -9 2.3 58
1 1 1 -9 2.3 56
3 1 2 -9 3.06 59
1 40 1 6 5.02 68
1 98 2 -9 1.65 53
1 98 1 -9 2.2 61
1 204 2 -9 1.45 53
1 164 1 -9 2.45 59
3 519 2 -9 1.8 56
3 422 1 -9 2.06 56
2 425 1 4 2.4 62
2 571 1 -9 3.55 67
3 591 1 -9 3.21 64
2 735 2 -9 1.17 59
1 1 2 -9 1.1 47
1 1 1 -9 4.29 73
3 1 1 -9 3.16 61
3 1 1 -9 3.47 64
3 1 1 -9 3.47 65
1 73 1 7 5.86 73
1 10 2 -9 2.5 56
1 2 1 -9 3.7 66
1 164 1 -9 2.08 58
1 242 1 5 4.86 74
2 365 2 4 2.98 65
2 559 1 6 5.57 75
2 700 1 -9 3.2 63
2 436 2 4 2.5 59
2 584 1 -9 3.1 64
2 552 2 4 4.62 71
1 1 1 -9 4.59 68
1 1 2 -9 1.53 53
3 1 1 -9 4.49 72
3 1 1 -9 1.73 51
1 182 2 -9 3.52 63
1 165 1 -9 0.8 43
1 275 2 -9 1.75 56
2 300 2 5 2.15 59
3 604 2 -9 2.6 60
2 538 2 7 4.31 70
3 523 1 -9 3 65
3 525 1 -9 1.4 50
3 609 2 -9 3 64
3 636 2 -9 2.9 60
1 1 1 -9 2.14 57
1 1 1 -9 1.94 57
3 1 1 -9 9.9 95
3 1 2 -9 4 71
1 1 2 -9 5.51 74
1 1 1 -9 2.55 59
3 1 2 -9 2.14 54
1 140 2 -9 3.14 67
1 60 2 7 7.35 75
1 88 2 7 4.35 69
1 193 2 -9 1.7 51
1 210 1 -9 2.48 61
1 214 2 -9 2.9 61
1 254 2 -9 2.95 59
1 260 1 -9 2.6 60
3 378 1 -9 1.12 47
2 477 1 5 3 72
2 440 1 4 2.9 58
2 534 2 5 4.49 71
2 569 1 -9 3.11 63
3 611 1 -9 1.9 54
3 437 1 -9 2 47
3 575 1 -9 1.8 58
3 685 2 -9 3.44 66
3 1 1 -9 3.67 70
3 1 1 -9 2.65 60
3 1 2 -9 1.84 54
3 1 2 -9 3.57 62
3 1 2 -9 1.53 51
1 30 1 7 4.44 70
1 70 2 4 1.12 44
1 93 1 4 2.2 58
1 118 1 4 -9 63
1 159 1 6 3.42 65
1 249 1 -9 5.3 71
2 359 2 4 2.53 61
2 341 1 -9 5.09 77
2 465 2 4 2 55
2 587 1 4 2.8 61
3 526 1 -9 1.9 54
2 502 1 4 2.6 60
1 1 1 -9 7.6 84
1 1 2 -9 1.84 56
1 186 1 -9 1.4 52
1 45 2 6 1.76 54
1 74 2 8 4 64
1 23 2 -9 2.2 59
1 50 2 7 4.8 70
1 219 1 -9 4.8 72
1 196 2 -9 2.4 56
1 207 1 -9 4.27 69
1 248 2 -9 2.4 57
3 282 1 -9 2.45 62
2 484 2 -9 2.04 68
2 488 1 6 3.74 67
3 390 2 -9 3.6 66
1 1 2 -9 3.16 65
1 1 2 -9 3.16 64
3 1 2 -9 2.55 62
1 203 1 -9 3.75 66
1 17 2 -9 4.54 71
1 73 1 7 6.08 76
1 113 2 3 1.4 49
1 157 1 7 4.24 68
1 202 2 -9 0.12 25
1 231 1 -9 6.35 74
2 351 2 -9 2.77 62
2 357 2 -9 2.37 69
3 345 2 -9 2.25 58
3 517 1 -9 2 59
2 536 1 4 2.84 62
2 432 1 5 2.2 58
3 651 1 -9 1.76 54
1 1 2 -9 1.88 53
3 1 2 -9 3.78 69
3 1 2 -9 3.67 64
3 1 1 -9 3.27 64
3 1 2 -9 7.45 86
1 49 2 7 6.84 78
1 149 1 6 4.62 61
2 364 2 4 2.64 61
2 412 2 5 2.99 63
2 455 2 2 1.21 44
2 586 2 4 2.3 58
3 680 2 -9 2.63 59
3 1 2 -9 3.57 68
1 1 1 -9 5.1 72
1 1 2 -9 2.7 61
1 1 1 -9 5.41 73
1 1 2 -9 4.31 68
3 1 1 -9 4.08 70
1 180 1 -9 4.29 68
1 44 2 6 5 67
1 207 1 -9 2.27 60
1 10 2 7 5.02 69
1 5 2 -9 2.4 57
1 151 2 4 2.34 59
1 260 1 -9 4.6 70
1 263 1 -9 1.16 47
3 402 1 -9 1.8 54
2 445 1 4 2.98 68
2 546 2 5 4.1 68
2 547 2 6 3.04 60
3 597 1 -9 3.11 65
2 640 1 4 2.12 56
2 632 1 -9 2.43 58
1 1 1 -9 2.65 63
3 1 2 -9 3.37 70
1 1 2 -9 1.79 51
1 1 2 -9 1.89 58
1 1 2 -9 2.86 64
3 1 1 -9 3.98 69
3 1 1 -9 3.88 69
1 11 1 3 1.52 51
3 349 1 -9 1.6 54
3 368 2 -9 0.7 40
2 461 2 5 3.5 62
2 535 2 6 5.19 72
3 491 2 -9 3.79 71
3 606 1 -9 2.4 60
3 687 2 -9 1.4 53
3 636 1 -9 14.4 99
1 1 2 -9 2.4 60
3 1 1 -9 2.04 54
1 9 2 9 4.75 70
1 199 1 6 4.5 72
1 257 2 -9 4.5 72
1 264 1 4 1.88 54
2 447 1 5 3.75 67
3 384 1 -9 0.45 35
3 615 1 -9 2.3 57
1 1 1 -9 2.96 62
1 1 2 -9 3.47 68
1 1 2 -9 7.76 81
1 1 2 -9 1.22 47
3 1 2 -9 3.57 69
2 1 1 -9 1.79 53
3 1 2 -9 3.27 62
1 208 2 -9 1.4 48
1 169 1 -9 1.8 52
1 146 1 7 5.28 74
1 95 2 9 6.3 75
1 219 2 -9 2.1 44
1 213 2 4 -9 51
1 3 2 -9 3.8 66
2 343 2 -9 3.4 67
2 467 2 4 2.6 57
2 572 1 -9 4.78 69
3 605 2 -9 3.4 70
2 658 2 -9 1.1 48
1 1 2 -9 3.47 71
1 1 2 -9 2.24 59
3 1 1 -9 3.06 63
3 1 1 -9 5.71 78
3 1 2 -9 3.02 67
1 1 2 -9 3.06 64
3 1 2 -9 3.98 69
3 1 1 -9 3.47 66
1 72 2 7 4.14 65
1 121 2 4 1.7 55
1 211 2 -9 5.54 73
3 495 1 -9 3.1 64
2 327 1 5 3.29 66
2 456 2 4 1.63 50
2 532 2 5 3.39 63
2 370 2 5 3.62 66
2 690 2 -9 3.56 66
3 663 1 -9 2.7 64
1 1 2 -9 2.37 56
1 1 1 -9 5.92 76
3 1 1 -9 2.65 61
3 1 1 -9 4.39 70
3 1 1 -9 3.06 59
3 1 1 -9 3.67 67
3 1 1 -9 3.47 65
1 29 2 4 2.03 57
1 2 2 -9 3.8 69
1 150 2 8 7.73 81
2 276 2 -9 1.74 54
3 520 1 -9 1.7 54
2 407 2 6 4.2 74
2 469 1 4 1.8 51
2 533 1 8 8.66 87
2 549 2 4 2.82 62
2 503 2 6 4.6 72
3 741 2 -9 5.66 74
1 1 2 -9 2.86 64
1 1 2 -9 3.67 64
1 1 2 -9 10.41 94
1 1 2 -9 2.45 57
3 1 1 -9 2.9 63
3 1 1 -9 3.47 68
3 1 1 -9 1.6 52
1 1 2 -9 1.73 50
1 43 1 5 3.39 62
1 90 2 7 6.6 76
1 136 2 5 2.24 65
1 226 2 -9 1.5 51
2 332 2 4 2.27 58
3 386 2 -9 2.25 57
3 603 2 -9 2.4 61
2 435 1 3 1.9 51
3 590 2 -9 1.21 48
2 732 1 -9 4.48 72
3 664 1 -9 2.88 62
3 677 1 -9 3.96 69
