2 931 1 -9 7.24 83
3 664 1 -9 8.4 90
1 1 1 -9 3.06 61
2 1142 1 -9 7.89 81
3 1 2 -9 4.2 69
1 450 2 -9 4.2 69
2 748 1 -9 2.9 62
2 744 2 -9 4.9 74
1 302 1 -9 5.2 67
1 296 1 -9 1.5 53
2 877 2 -9 9.35 86
1 1 1 -9 9.75 93
3 791 2 -9 3.5 68
3 495 1 -9 4.7 74
2 783 2 -9 6.5 81
1 120 1 -9 1.4 53
1 130 1 -9 4.8 70
3 814 2 -9 3.8 68
1 129 2 -9 2.2 60
1 1 2 -9 3.4 65
1 151 2 -9 2.07 58
3 1027 2 -9 3.98 70
1 1 1 -9 3 65
2 546 1 -9 4.19 71
2 546 2 -9 8.21 88
2 1144 2 -9 2.07 54
3 1 1 -9 2.35 57
2 641 1 -9 11.06 92
2 741 2 -9 4.6 70
2 853 2 -9 8.5 84
1 1 1 -9 1.89 61
3 1 2 -9 3.16 64
3 1 2 -9 2.45 58
3 1080 1 -9 2.72 63
2 850 1 -9 4.4 71
1 160 2 -9 2.42 56
2 596 1 -9 5.5 77
1 343 1 -9 3.9 67
3 816 2 -9 4.8 74
1 1 2 -9 6.84 80
1 31 1 -9 2.9 59
1 321 1 -9 1.98 58
1 1 2 -9 2.04 55
2 1095 2 -9 -9 77
1 315 2 -9 3.8 66
1 1 2 -9 1.5 52
1 246 1 -9 5.2 72
2 579 2 -9 7.36 81
2 764 1 -9 5.31 75
3 1 1 -9 9.8 102
3 1 2 -9 2.45 59
1 181 2 -9 1.5 64
2 502 2 -9 1.27 49
1 379 1 -9 1.35 50
1 37 2 -9 3.8 66
2 1126 1 -9 6.63 79
3 1 2 -9 3.47 67
3 1 2 -9 1.9 54
3 1 2 -9 2.5 59
2 991 1 -9 4 69
2 1115 2 -9 3.5 64
2 831 1 -9 3.72 67
1 318 1 -9 4.5 65
1 1 1 -9 1.7 53
1 158 1 -9 5.34 73
1 43 2 -9 4.25 72
3 704 2 -9 6.9 75
1 1 1 -9 2.86 60
3 1098 1 -9 -9 58
1 1 1 -9 -9 92
2 957 2 -9 2.85 57
2 777 2 -9 3.57 68
2 1144 2 -9 3.83 66
1 1 1 -9 3.06 59
1 1 2 -9 3.06 62
3 1 1 -9 4.39 70
3 1 2 -9 4.44 70
3 1 1 -9 2.45 60
3 1 1 -9 4.8 75
1 269 1 -9 2.96 64
1 223 1 -9 3.18 60
2 855 2 -9 10.2 80
2 688 2 -9 3.65 67
3 752 2 -9 2 55
2 728 2 -9 8.15 81
2 502 1 -9 3.26 67
2 672 1 -9 3.26 65
1 76 2 -9 3.2 63
2 1113 2 -9 4.5 64
1 1 2 -9 4.1 69
2 610 1 -9 2.66 65
2 613 1 -9 6.6 81
1 430 2 -9 1.55 51
1 1 1 -9 2.96 59
1 1 1 -9 3.6 66
1 1 2 -9 1.38 50
1 289 1 -9 3.58 67
1 1 2 -9 3 63
1 1 2 -9 3.6 70
1 1 1 -9 1.8 52
1 1 2 -9 2.4 65
1 1 2 -9 5.8 74
2 1024 1 -9 6.42 78
2 555 2 -9 5.35 74
2 538 2 -9 4.17 68
3 1 1 -9 11.3 97
3 1 1 -9 10.36 94
3 1 1 -9 8.16 87
3 1 2 -9 3.88 70
1 90 2 -9 1.8 53
1 255 2 -9 2.76 61
1 283 2 -9 2.59 62
1 229 1 -9 2.8 59
2 1073 2 -9 8.83 83
2 924 2 -9 3.36 62
1 1 2 -9 3.67 64
2 713 1 -9 8.8 86
2 526 2 -9 4.7 72
3 1038 1 -9 2.2 57
3 1 1 -9 3.06 66
1 57 1 -9 0.7 41
3 1 2 -9 7.24 83
3 489 1 -9 11.5 103
2 652 2 -9 1.04 46
2 1013 1 -9 6.9 78
2 843 2 -9 3.78 67
1 333 2 -9 3.2 58
1 1 2 -9 2.55 62
1 7 1 -9 1.44 50
2 809 2 -9 5.4 79
3 802 1 -9 2.21 56
3 686 2 -9 4.22 72
1 1 1 -9 1.53 49
1 1 1 -9 -9 80
3 982 2 -9 2.1 58
3 1032 1 -9 2.04 54
2 473 1 -9 14.28 100
1 1 1 -9 2.4 62
1 436 2 -9 2.4 59
3 1 2 -9 3.93 62
1 172 2 -9 3.58 54
3 939 2 -9 4.86 71
1 1 2 -9 11.22 89
1 1 2 -9 3.27 66
1 1 1 -9 4.29 69
1 1 2 -9 1.84 56
3 1 2 -9 2.7 60
3 1 1 -9 2.45 62
3 1 1 -9 4.39 70
3 1 1 -9 3.57 77
2 514 1 -9 4.12 70
3 923 2 -9 4.49 69
2 710 1 -9 4.7 70
1 334 2 -9 -9 56
2 669 1 -9 2.02 59
2 1039 1 -9 7.3 82
1 458 2 -9 2.3 70
2 1 2 -9 4.59 73
2 991 2 -9 2.4 59
1 18 1 -9 5.5 74
1 119 2 -9 1.8 56
3 681 2 -9 0.8 43
2 914 2 -9 1.7 55
1 1 2 -9 2.24 55
3 1 1 -9 9.59 86
3 982 2 -9 5.7 77
3 1032 1 -9 2.89 63
3 870 1 -9 9.89 93
2 771 2 -9 1.3 50
2 562 2 -9 1.51 52
1 256 1 -9 4.17 69
2 1017 1 -9 6.6 78
1 282 1 -9 5.11 74
2 511 1 -9 7.88 83
2 510 2 -9 5.06 77
2 739 2 -9 5.3 76
3 693 2 -9 4.64 76
3 920 2 -9 2.52 59
2 731 1 -9 11.65 93
2 724 2 -9 4.77 73
3 1 1 -9 2.55 61
1 53 1 -9 1.72 52
3 822 2 -9 4.7 72
1 26 1 -9 5.8 75
1 1 2 -9 4.9 80
2 614 2 -9 4.7 72
2 611 2 -9 2.58 61
3 897 1 -9 1.4 51
2 590 1 -9 4.11 71
2 910 1 -9 7.11 78
3 619 1 -9 3.7 69
1 415 1 -9 3.01 61
1 413 2 -9 3.91 66
1 323 2 -9 2.58 64
1 1 1 -9 3.8 67
1 1 2 -9 2.6 58
3 1 1 -9 3.27 62
3 1023 1 -9 2.71 58
2 547 1 -9 7.79 82
1 287 2 -9 3.1 63
2 934 2 -9 2.6 65
2 930 2 -9 3.35 67
3 1 2 -9 2.35 61
3 1 1 -9 10.05 93
3 1 2 -9 5.2 76
3 1 1 -9 7.55 82
1 233 2 -9 5.73 75
1 108 1 -9 1.94 55
1 470 2 -9 8.32 91
3 692 1 -9 4.2 68
2 524 2 -9 1.51 53
1 36 1 -9 3.18 65
2 745 2 -9 2.8 65
2 852 1 -9 7.2 81
1 218 2 -9 4.7 66
3 1055 1 -9 8.4 87
1 43 2 -9 2.17 59
3 682 1 -9 1.5 54
1 1 1 -9 4.1 73
3 975 2 -9 4.4 68
1 1 2 -9 3.1 58
2 542 2 -9 5.28 76
1 1 1 -9 3.06 62
2 569 1 -9 3.04 62
1 395 2 -9 1.92 56
3 753 2 -9 3.6 67
1 15 2 -9 -9 68
3 722 1 -9 4 70
1 439 1 -9 3.82 64
1 451 2 -9 2.8 58
3 1 2 -9 2.86 58
3 830 1 -9 6.58 83
1 302 1 -9 4.6 70
3 951 2 -9 2.1 55
2 1103 2 -9 10.39 85
1 121 2 -9 2.8 65
3 811 2 -9 3.9 69
3 684 1 -9 3.56 66
1 1 2 -9 3.4 68
2 795 1 -9 3 66
3 1 1 -9 2.9 70
3 1 2 -9 13.51 98
3 1 2 -9 3.47 68
3 1 2 -9 6.02 75
3 1 2 -9 2.96 62
1 279 1 -9 3.22 66
1 279 1 -9 3.72 68
2 628 1 -9 4.4 70
2 740 2 -9 4.53 74
1 402 2 -9 1.78 55
3 1 1 -9 9.3 92
3 1 2 -9 2.04 54
1 421 2 -9 2.6 62
1 421 2 -9 3.3 65
2 945 2 -9 3.7 68
2 613 1 -9 6.52 77
2 618 1 -9 2.5 62
1 434 1 -9 2.8 60
1 1 1 -9 3.06 62
1 190 2 -9 4.65 70
1 1 2 -9 2.14 59
3 1 1 -9 4.39 72
1 1 1 -9 4.29 70
3 1 1 -9 10.41 90
3 1 1 -9 3.27 65
3 1 1 -9 2.96 61
2 515 1 -9 3.28 65
3 695 1 -9 2.18 58
3 1009 2 -9 2.4 59
1 439 2 -9 3.32 65
3 1060 2 -9 2.5 58
2 1121 1 -9 5 69
2 622 2 -9 1.65 53
2 622 2 -9 5.85 76
1 319 2 -9 2.8 60
1 11 2 -9 2.9 63
2 594 1 -9 1.69 52
1 123 1 -9 3.4 66
3 687 1 -9 7.6 84
1 1 1 -9 3.67 65
1 1 1 -9 3.88 69
1 292 2 -9 3.06 65
3 1 1 -9 7.91 81
1 362 1 -9 5.78 95
1 286 2 -9 4 66
2 568 1 -9 7.69 83
1 1 1 -9 5.2 74
2 1 1 -9 4.9 73
1 1 2 -9 4.39 64
1 394 1 -9 1.14 49
3 1 2 -9 5.2 76
1 1 1 -9 3.88 68
2 492 2 -9 2.46 60
1 16 1 -9 8.2 86
2 528 1 -9 1.3 60
1 398 2 -9 1.01 50
3 1037 1 -9 1.8 51
2 1125 2 -9 2.07 55
1 455 2 -9 3.34 65
1 89 1 -9 1.1 46
1 83 2 -9 -9 64
2 1141 1 -9 3.21 64
2 749 2 -9 5.4 76
2 1012 1 -9 4.5 73
2 946 1 -9 7.3 85
1 1 2 -9 1.65 54
1 1 2 -9 2.65 68
1 30 1 -9 3.4 66
1 116 1 -9 9.1 90
1 414 2 -9 4.01 67
1 1 1 -9 3.88 69
2 1024 2 -9 2.98 62
2 571 2 -9 4.88 74
1 1 2 -9 4.8 72
3 1 2 -9 4.49 72
1 258 2 -9 1.36 51
1 273 2 -9 0.76 41
2 517 1 -9 5.58 77
2 580 1 -9 2.5 62
1 335 1 -9 4.32 71
1 367 1 -9 2.3 60
1 53 2 -9 4.66 71
1 459 2 -9 3 54
3 1 1 -9 2.6 63
3 836 1 -9 5.93 75
1 216 2 -9 2.9 61
1 8 2 -9 4.56 70
1 426 2 -9 4.8 71
3 916 1 -9 6.3 81
1 1 1 -9 3.2 63
1 113 2 -9 5 68
3 1 2 -9 11.67 97
2 1022 2 -9 4.3 70
2 941 1 -9 1.8 55
2 940 1 -9 6.93 78
1 1 1 -9 5.71 75
1 1 2 -9 2.65 60
1 1 1 -9 7.45 78
2 1019 2 -9 3.1 65
2 642 2 -9 5.15 73
1 461 2 -9 3 56
3 1 2 -9 5.2 75
1 427 2 -9 6.2 80
2 500 1 -9 4.4 68
1 41 1 -9 4.21 71
1 1 2 -9 5.31 77
1 1 1 -9 9.9 94
3 968 1 -9 3.9 71
2 1005 2 -9 7 77
1 1 2 -9 4.6 65
1 1 1 -9 11.94 95
2 1146 2 -9 3.18 63
1 1 1 -9 2.96 63
1 175 1 -9 3.2 65
2 725 1 -9 8.11 81
1 69 2 -9 6.1 73
1 64 1 -9 2.5 61
1 1 1 -9 4.03 71
3 1 2 -9 4.69 71
3 1 1 -9 3.67 68
1 301 2 -9 11.4 88
3 837 2 -9 1.88 54
1 333 2 -9 2.52 57
1 337 1 -9 9.5 88
3 905 1 -9 3.7 68
3 1 1 -9 2.05 58
3 1 1 -9 5.8 82
2 914 2 -9 3.2 64
1 1 2 -9 4.3 64
1 27 1 -9 5 71
1 313 2 -9 3.3 62
2 777 2 -9 1.18 49
1 198 1 -9 2.68 61
2 766 2 -9 2.61 62
3 1 1 -9 7.9 83
3 1 2 -9 2.76 61
1 259 1 -9 6.46 77
2 631 1 -9 6.4 79
3 1 1 -9 4.7 70
2 581 1 -9 0.98 47
2 1044 1 -9 2.36 59
1 360 1 -9 3.5 64
1 213 2 -9 3.2 62
3 794 1 -9 6.3 79
2 908 1 -9 3.4 63
1 40 2 -9 3 64
1 418 1 -9 4.4 67
1 291 1 -9 2.46 64
1 1 1 -9 3.8 65
1 1 2 -9 7.4 87
1 1 2 -9 3.8 68
1 45 1 -9 3.46 64
3 1023 1 -9 1.54 52
1 2 2 -9 3.24 63
1 1 2 -9 3.98 69
3 1 1 -9 3.5 64
1 262 1 -9 3.76 68
1 15 2 -9 -9 42
2 502 2 -9 5.36 75
3 1 2 -9 4.9 73
2 1 1 -9 4.1 68
2 593 1 -9 5.88 76
3 1055 2 -9 3.35 65
2 986 1 -9 4.22 70
1 1 1 -9 2.45 62
3 1094 2 -9 -9 68
1 429 2 -9 2.3 57
3 981 1 -9 3.6 68
3 1 2 -9 5.41 74
2 772 2 -9 1.45 53
1 288 2 -9 3 59
3 927 1 -9 2.04 58
3 1 2 -9 2.24 58
3 1 1 -9 3.37 65
3 1 1 -9 4.13 72
1 254 1 -9 1.66 53
2 1017 1 -9 3.2 62
1 229 2 -9 3.3 60
1 102 2 -9 2.84 63
1 1 2 -9 2.7 65
3 1000 1 -9 1.09 48
2 648 2 -9 3.55 67
2 1141 2 -9 4.53 69
1 482 1 -9 2.3 57
3 625 2 -9 9.9 93
2 967 2 -9 5.1 69
2 612 2 -9 4.88 72
3 897 2 -9 2.1 55
3 701 2 -9 3.4 65
2 845 2 -9 2.4 62
3 680 2 -9 1.9 60
1 1 1 -9 3.8 68
3 1 2 -9 4.03 68
1 286 1 -9 4.5 69
2 1146 2 -9 2.24 57
3 665 1 -9 3.73 68
2 577 2 -9 3.82 66
1 1 1 -9 2.76 60
3 1 2 -9 3.67 66
2 1045 1 -9 1.8 55
1 16 1 -9 4.9 69
1 1 1 -9 2.04 56
2 669 1 -9 5.5 76
1 380 2 -9 3.16 63
2 1041 2 -9 7 82
2 828 2 -9 3.3 65
1 1 1 -9 4.3 71
1 1 2 -9 3.1 65
1 317 1 -9 3 61
2 789 1 -9 5.8 79
3 1 2 -9 3.36 70
3 700 1 -9 2.4 58
3 916 1 -9 4.8 74
1 1 2 -9 7.2 80
1 316 1 -9 5.3 70
1 1 2 -9 2.3 74
1 435 2 -9 3.4 68
3 1135 1 -9 2.35 60
2 556 1 -9 1.71 54
2 932 2 -9 4.1 69
2 568 2 -9 8.22 85
1 182 1 -9 3.58 66
1 252 1 -9 4.5 69
1 178 1 -9 2 57
1 283 1 -9 1.71 55
3 661 2 -9 4.6 70
3 752 2 -9 2.4 65
1 404 2 -9 2.36 56
1 339 2 -9 2.6 66
2 1041 1 -9 6.4 80
1 80 2 -9 4.6 69
2 1 1 -9 0.92 43
3 999 1 -9 6.75 81
2 886 2 -9 4.4 56
3 839 2 -9 2.2 59
3 961 2 -9 3.1 62
3 1 1 -9 2.04 56
2 499 1 -9 4.32 71
1 156 1 -9 1.08 45
3 1 2 -9 4.29 64
2 564 1 -9 8.02 84
2 929 1 -9 4.58 68
3 1 2 -9 2.04 57
1 1 2 -9 2.35 57
1 394 1 -9 4.37 70
3 1 2 -9 2.55 59
1 273 1 -9 4.2 71
2 642 1 -9 8.33 89
3 782 2 -9 1.9 56
3 1 1 -9 2.24 52
2 947 1 -9 5.2 73
1 164 2 -9 4.29 65
1 1 1 -9 6.3 81
1 356 2 -9 2.01 56
1 217 2 -9 6.3 73
1 1 2 -9 1.85 57
3 602 1 -9 5 78
2 592 1 -9 6.32 81
2 1082 2 -9 2.8 60
1 121 1 -9 2 56
1 415 1 -9 3.47 66
3 984 1 -9 4.1 69
3 979 2 -9 4.2 68
1 1 2 -9 7.35 82
3 1 1 -9 4.49 70
2 1021 1 -9 1.69 51
1 2 2 -9 4.12 68
1 3 2 -9 2.92 62
1 246 2 -9 15.2 99
2 933 2 -9 4.66 71
2 534 2 -9 2.76 64
1 285 2 -9 4.5 69
1 1 1 -9 3.27 64
2 572 1 -9 3.67 67
1 1 2 -9 5 74
1 1 1 -9 7.44 82
3 1 1 -9 2.04 55
1 260 1 -9 5.7 73
1 271 1 -9 1.07 48
1 103 2 -9 2.67 60
3 696 1 -9 2.17 58
2 730 2 -9 6.53 78
1 334 2 -9 -9 49
3 715 1 -9 4.6 71
2 1043 1 -9 1.58 52
3 625 1 -9 1.04 46
1 1 1 -9 1.45 52
1 159 1 -9 4.5 91
1 7 1 -9 4.84 70
1 1 1 -9 2.55 60
2 894 2 -9 1.9 54
2 807 1 -9 3.7 68
3 1051 1 -9 2.7 64
2 988 1 -9 1 43
1 416 2 -9 2.06 55
1 191 2 -9 2.06 58
3 1 1 -9 3.16 63
3 970 1 -9 11.8 94
1 1 2 -9 2.8 62
1 1 2 -9 4.7 65
1 1 2 -9 7.4 85
2 935 2 -9 4.28 68
2 550 1 -9 1.32 52
1 390 2 -9 3.83 67
1 263 1 -9 2.58 61
1 222 2 -9 2.84 61
2 633 1 -9 6.04 79
2 627 1 -9 9.87 86
1 448 2 -9 3.6 63
2 888 1 -9 4.6 67
1 357 1 -9 4.78 70
1 364 2 -9 4.74 72
1 1 1 -9 5.9 80
3 666 1 -9 2.84 64
1 308 1 -9 3.9 64
1 39 1 -9 1.23 46
1 1 1 -9 2.4 57
1 1 2 -9 -9 81
3 862 2 -9 3.23 67
3 1 1 -9 2.7 62
3 1 1 -9 4.59 72
1 169 1 -9 1.66 42
2 542 2 -9 3.66 70
3 1 2 -9 11.55 99
1 124 2 -9 4.2 71
2 513 2 -9 5.02 76
2 502 1 -9 3.28 66
3 717 1 -9 3 77
2 829 2 -9 3.7 66
1 125 2 -9 2.6 59
1 457 1 -9 1.4 54
1 212 1 -9 4.8 68
1 337 1 -9 4.5 75
2 607 1 -9 0.9 46
2 1110 1 -9 1.29 50
1 427 2 -9 15 97
1 1 2 -9 3.5 72
1 1 2 -9 3.3 64
1 1 1 -9 5.3 74
2 574 1 -9 2.68 61
3 1 1 -9 5.82 81
3 1 1 -9 7.35 82
3 1 2 -9 2.6 59
3 1 2 -9 8.16 83
1 124 1 -9 6.4 80
1 105 1 -9 4.6 71
3 1 1 -9 5.31 74
1 35 1 -9 6.97 77
2 1123 1 -9 8.89 87
3 1 2 -9 4.7 73
1 341 1 -9 5.6 76
3 1064 2 -9 1.5 50
3 478 1 -9 1.88 56
1 376 1 -9 3.8 67
1 134 1 -9 4.5 67
1 331 1 -9 3.35 62
2 615 2 -9 8.64 84
2 592 1 -9 3.62 68
1 311 1 -9 2.62 60
1 304 1 -9 5.1 71
1 1 1 -9 2.45 56
1 1 2 -9 3.37 66
1 1 1 -9 2.76 61
3 1 1 -9 3.95 71
3 1 1 -9 6.22 78
3 1 1 -9 2.19 55
1 257 2 -9 3.02 65
2 1070 1 -9 5.2 74
2 736 1 -9 3.76 70
1 347 1 -9 5.7 75
1 406 1 -9 4.28 68
3 1 2 -9 3.16 66
3 1003 1 -9 1.86 53
2 995 1 -9 9.4 89
1 204 1 -9 3.9 70
2 1076 2 -9 1.6 54
2 823 1 -9 5.5 75
3 830 1 -9 5.38 74
1 168 2 -9 2.72 63
3 668 1 -9 2 56
3 950 2 -9 5.3 73
2 917 2 -9 2 58
1 410 1 -9 6.4 78
3 983 1 -9 2 56
1 1 2 -9 2.8 66
1 1 2 -9 4.2 69
2 552 1 -9 2.09 55
2 773 1 -9 1.74 55
3 1 1 -9 1.73 53
1 1 2 -9 2.04 55
3 1 1 -9 3.57 69
2 1020 2 -9 2.3 55
1 1 1 -9 3.78 68
3 761 2 -9 3.6 65
2 671 2 -9 1.63 54
3 1 1 -9 6.5 82
1 340 1 -9 5 75
1 464 2 -9 4.2 70
3 1 2 -9 4 69
3 1002 1 -9 1.62 54
3 793 1 -9 3.5 68
3 802 1 -9 1.91 56
2 899 2 -9 5.2 75
2 913 2 -9 6.13 79
2 1091 1 -9 1.8 53
3 687 1 -9 7.6 87
1 1 2 -9 3.06 63
1 1 1 -9 9.1 86
3 1134 1 -9 4.11 68
3 1 1 -9 4.29 68
2 778 2 -9 6.21 79
2 555 2 -9 6.81 82
2 859 2 -9 6.24 83
1 1 2 -9 4.9 73
3 1 1 -9 3.2 61
3 1 2 -9 3.4 64
3 1 1 -9 5.1 71
3 1 1 -9 9.9 91
3 662 1 -9 2.3 57
2 656 2 -9 1.56 52
1 72 1 -9 1.4 55
1 35 2 -9 1.39 47
2 1 2 -9 1.5 52
3 1 1 -9 3.16 67
2 745 1 -9 5.4 76
2 880 1 -9 2.94 63
1 328 1 -9 2.2 63
1 118 1 -9 0.85 43
1 466 1 -9 1.6 52
3 582 1 -9 2.41 80
1 1 2 -9 2.14 59
1 1 1 -9 7.55 82
1 192 2 -9 5.49 73
1 1 1 -9 15.1 103
3 1 2 -9 5 73
1 155 1 -9 16.26 103
3 862 1 -9 2.32 57
3 1 1 -9 2.91 62
3 1 2 -9 4.18 67
1 3 1 -9 3.92 66
1 362 2 -9 2.46 69
2 540 2 -9 5.9 78
1 1 1 -9 4.29 72
1 1 2 -9 1.79 55
1 1 1 -9 3.98 65
1 1 1 -9 7.86 81
3 1 1 -9 9.5 103
3 1 1 -9 9.08 87
3 1 1 -9 10.1 87
3 1 2 -9 6.94 78
3 1 2 -9 2.91 67
1 272 2 -9 5.7 76
1 275 1 -9 4.26 69
1 277 1 -9 7.03 79
1 269 1 -9 1.58 53
2 521 1 -9 6.76 83
2 1069 2 -9 10 85
3 1001 2 -9 2.35 57
1 205 1 -9 4.4 68
1 1 2 -9 2.85 64
2 589 2 -9 5.08 73
3 904 1 -9 5.6 73
3 1053 2 -9 2.6 61
3 705 1 -9 3.3 62
1 1 1 -9 6.63 79
3 980 2 -9 1.6 53
1 314 2 -9 3.3 63
1 1 1 -9 2.7 58
1 1 2 -9 2.9 58
1 1 2 -9 3.3 63
2 537 1 -9 3.35 68
2 567 1 -9 10.98 93
2 766 2 -9 2.17 60
1 1 1 -9 6.12 74
3 1 2 -9 2.9 62
3 1 1 -9 9.39 88
3 1 1 -9 3.57 65
2 632 2 -9 7.98 86
2 520 1 -9 4.3 76
3 661 1 -9 5.6 75
3 1 2 -9 3 62
3 1 1 -9 2.45 60
3 997 2 -9 3.8 67
1 202 1 -9 3.3 63
1 22 1 -9 5.98 76
2 1105 1 -9 1.85 54
1 386 1 -9 4.48 76
1 235 2 -9 3.7 88
1 372 1 -9 2.77 63
1 284 2 -9 4.2 66
3 1 2 -9 2.3 56
1 226 1 -9 3.52 66
1 148 2 -9 2.66 60
3 597 1 -9 2.06 58
2 713 1 -9 7.9 82
1 336 1 -9 5.05 73
1 1 1 -9 6.73 79
2 1126 2 -9 2.04 56
3 1 1 -9 3.37 63
3 624 1 -9 3.63 69
1 358 2 -9 3.12 62
3 485 2 -9 1.6 50
1 1 1 -9 2.35 64
1 1 1 -9 3.98 68
1 122 2 -9 3.1 61
1 1 2 -9 2.55 59
1 1 1 -9 5.2 71
1 1 2 -9 4.49 68
1 1 1 -9 5.1 74
1 1 2 -9 9.39 85
1 237 2 -9 4.8 66
1 1 2 -9 6.1 88
1 1 1 -9 3.7 65
3 1 2 -9 2.7 57
3 1 1 -9 5.1 71
3 1 1 -9 2.55 58
3 1 2 -9 3.62 63
3 1 1 -9 4.3 70
3 1 2 -9 4.13 73
1 266 2 -9 5.46 71
1 231 2 -9 4.1 68
2 632 1 -9 9.81 90
3 1007 2 -9 1.89 50
3 1 1 -9 4.2 66
1 347 1 -9 6.5 82
1 442 2 -9 2.98 60
1 446 1 -9 3.24 66
2 994 2 -9 6.2 80
2 1034 1 -9 5.1 78
1 1 1 -9 2.86 62
1 1 2 -9 3.27 63
1 325 2 -9 1.3 51
1 1 1 -9 4.69 71
1 1 1 -9 1.24 49
3 1100 1 -9 2.1 56
1 371 1 -9 3.06 67
1 1 2 -9 5.3 74
2 772 2 -9 4.77 73
2 545 2 -9 6.62 80
2 507 1 -9 4.25 76
2 575 1 -9 6.01 72
1 195 1 -9 2.09 57
3 1 2 -9 3.57 66
3 1 1 -9 5 72
1 174 2 -9 2.8 64
1 282 1 -9 1.85 56
3 1049 1 -9 5.04 67
2 516 2 -9 6.26 75
2 740 2 -9 4.11 69
2 729 1 -9 11.03 91
2 733 1 -9 10.99 94
1 443 1 -9 4.02 69
3 1 2 -9 3.4 68
1 486 1 -9 0.45 35
3 1058 2 -9 5.5 76
2 842 2 -9 2.46 59
1 299 2 -9 4 70
1 298 2 -9 4.2 69
1 1 2 -9 1.4 52
1 355 2 -9 3.98 65
3 962 2 -9 3.3 68
3 586 1 -9 3.04 65
3 903 1 -9 3.3 64
3 904 2 -9 6 80
2 1102 2 -9 5.36 73
1 131 2 -9 2.4 61
1 1 1 -9 15.71 105
3 968 1 -9 3.2 62
3 1098 2 -9 -9 58
1 290 2 -9 3.2 65
1 1 1 -9 2.6 76
2 775 2 -9 2.78 63
3 1 1 -9 2.55 59
2 631 2 -9 3.32 67
2 737 1 -9 5.23 76
1 1 2 -9 5.2 61
1 1 1 -9 4.49 71
1 81 2 -9 5.7 75
2 992 1 -9 3.6 66
1 88 2 -9 6.1 74
1 486 1 -9 2 57
2 746 2 -9 3 67
1 1 2 -9 1.7 59
2 967 1 -9 2.5 59
1 476 2 -9 4.56 70
1 331 2 -9 4.61 67
1 1 1 -9 1.63 53
3 820 2 -9 5 71
3 810 2 -9 4.4 76
3 676 1 -9 10.2 92
1 1 2 -9 2.76 60
3 977 1 -9 8.2 81
1 150 1 -9 4.97 74
3 1100 1 -9 1.6 50
1 1 1 -9 5.1 80
1 47 1 -9 6.4 79
1 437 2 -9 7.7 81
3 1 1 -9 2.65 65
2 531 2 -9 3.1 63
2 573 1 -9 7.23 81
1 187 2 -9 5.2 71
1 1 2 -9 4.59 68
3 1 2 -9 2.7 58
3 1 2 -9 4.08 69
1 179 2 -9 3.7 67
3 754 2 -9 2.4 60
2 1128 2 -9 3.15 60
1 464 2 -9 4.6 74
2 1 1 -9 1.02 45
3 1 2 -9 2.65 59
1 423 1 -9 2.7 64
1 1 2 -9 1.65 55
1 456 2 -9 1.4 50
2 790 2 -9 4.1 68
3 949 2 -9 4.6 69
3 1111 1 -9 2.61 62
3 819 2 -9 2.6 60
1 1 2 -9 2.24 59
1 410 2 -9 4 72
1 410 2 -9 11.1 93
1 5 2 -9 4.8 70
2 537 1 -9 1.9 54
2 1143 1 -9 1.48 48
2 1145 1 -9 2.44 52
3 1 1 -9 2.04 56
3 1 2 -9 2.96 63
1 181 2 -9 1.85 66
2 1072 1 -9 2.93 65
3 1 2 -9 3.8 66
3 1 2 -9 4.39 73
1 78 2 -9 2.6 60
1 388 1 -9 3.9 71
3 1 2 -9 5.2 72
3 1016 2 -9 1.4 50
1 127 2 -9 3.4 61
2 882 2 -9 6.22 77
1 317 1 -9 5.2 70
1 330 1 -9 4.91 70
2 806 1 -9 13.4 97
3 896 1 -9 4.7 71
1 117 1 -9 1.1 48
1 235 1 -9 5.2 70
3 972 1 -9 10.2 92
1 314 1 -9 4.5 71
1 1 2 -9 3.1 61
3 863 1 -9 3.04 67
3 1 1 -9 2.81 62
3 1 1 -9 3.16 61
3 1 1 -9 2.45 63
3 548 2 -9 3.38 64
1 1 1 -9 4.29 70
1 184 2 -9 2.58 59
1 1 1 -9 4.18 70
3 1 2 -9 4.18 70
2 638 1 -9 5.96 80
1 100 1 -9 1.86 45
2 518 2 -9 1.34 55
2 1045 2 -9 1.7 55
3 1 2 -9 3.8 66
3 1 2 -9 4.4 66
2 733 1 -9 8.76 78
1 1 1 -9 2.86 61
1 250 1 -9 4.4 67
1 463 1 -9 3 61
1 214 1 -9 6.36 75
2 958 1 -9 5.4 76
3 959 1 -9 2.6 59
2 588 2 -9 1.18 48
1 1 2 -9 3.88 66
1 1 1 -9 7.14 77
2 917 1 -9 2.2 56
1 1 1 -9 3.37 64
1 153 2 -9 4.76 72
1 1 2 -9 4 75
1 365 1 -9 2.5 59
1 1 2 -9 1.45 53
1 1 1 -9 4.59 70
1 1 2 -9 3.57 66
1 1 2 -9 2.96 64
2 633 2 -9 3.12 64
2 635 2 -9 4.28 71
3 692 2 -9 4.71 72
2 1039 2 -9 2.9 65
1 342 2 -9 3 60
3 1 2 -9 3.06 64
3 996 2 -9 2.45 59
1 204 1 -9 4.1 67
3 490 1 -9 4.35 72
1 1 2 -9 5.5 75
1 134 2 -9 3.7 67
3 952 1 -9 4.2 70
1 324 1 -9 3.96 71
1 1 1 -9 2.55 61
3 1 1 -9 2.96 63
1 170 1 -9 5.04 61
2 1025 2 -9 2.64 63
1 172 1 -9 3.16 51
1 288 2 -9 1.5 50
1 1 2 -9 3.67 68
3 1 1 -9 9.8 89
3 1 1 -9 3.27 64
3 1 1 -9 6.33 78
1 265 1 -9 2.11 56
1 270 2 -9 3.24 63
1 99 1 -9 1.64 52
2 510 1 -9 5.38 76
1 1 2 -9 3.47 66
3 719 2 -9 2 56
3 718 1 -9 3.6 70
1 63 2 -9 4.4 68
1 77 1 -9 3 60
3 1 2 -9 3.3 65
2 1116 2 -9 6 74
2 1114 1 -9 9.75 88
2 1035 2 -9 1.58 51
2 887 1 -9 4.4 66
2 1014 1 -9 2.3 55
2 851 2 -9 3.15 63
2 842 1 -9 5.3 78
1 475 2 -9 2.68 62
2 1109 1 -9 2 56
3 683 2 -9 3.62 64
1 1 1 -9 2.96 69
1 1 2 -9 2.04 55
1 1 1 -9 5.82 77
1 244 1 -9 2.4 58
2 507 1 -9 4.51 74
2 942 1 -9 2.15 58
1 195 1 -9 10.12 88
1 1 1 -9 2.86 53
1 1 2 -9 5.71 75
1 144 2 -9 3.65 66
2 698 2 -9 2.8 60
1 115 1 -9 5.56 77
1 405 1 -9 3.42 66
1 398 2 -9 1.7 55
3 1 2 -9 4.5 70
2 1078 1 -9 3.6 67
2 1113 1 -9 6.5 88
2 828 1 -9 7.5 80
1 295 2 -9 4.6 71
3 838 2 -9 2.28 60
1 1 2 -9 1.63 54
2 986 1 -9 7.28 79
1 122 1 -9 2.2 58
1 1 1 -9 3.47 64
1 136 1 -9 4.5 67
1 1 2 -9 8.3 82
1 240 1 -9 5.6 75
1 1 2 -9 1.53 54
1 93 2 -9 5.6 75
1 222 2 -9 5.12 71
2 857 2 -9 2.6 58
3 599 2 -9 2.67 62
3 599 1 -9 3.1 68
1 471 2 -9 6.3 80
1 109 2 -9 3.2 65
1 344 1 -9 1.8 52
1 1 2 -9 1.63 56
2 1065 1 -9 7.2 78
2 893 2 -9 3.5 68
3 495 2 -9 2.54 57
1 1 1 -9 2.55 61
3 983 1 -9 6 79
1 368 1 -9 5.79 74
3 1026 1 -9 1.44 49
1 1 2 -9 3.1 69
3 864 2 -9 2.23 58
3 1 2 -9 2.76 59
3 1 1 -9 3.42 63
2 558 2 -9 4.25 71
3 939 2 -9 2.39 61
1 1 2 -9 2.76 61
1 1 2 -9 2.2 57
2 769 1 -9 2.93 63
1 189 2 -9 2.2 56
1 1 2 -9 2.76 63
3 1 1 -9 7.5 83
1 90 1 -9 2.7 63
1 268 2 -9 1.58 54
2 639 2 -9 5.32 76
1 148 1 -9 5.11 73
2 634 2 -9 4.96 72
2 856 1 -9 11.1 90
2 1124 2 -9 1.51 51
3 1 2 -9 2.86 60
1 419 2 -9 3.5 68
1 126 1 -9 3.3 63
1 1 1 -9 3 68
3 583 2 -9 2.7 64
2 809 2 -9 11.6 94
2 595 2 -9 6.41 78
3 1084 1 -9 1.66 52
3 1 2 -9 3.37 65
2 1138 1 -9 5.48 76
1 130 2 -9 3.8 65
1 1 2 -9 2.96 65
1 243 2 -9 2.5 59
1 1 2 -9 6.2 69
1 44 2 -9 1.19 48
2 956 1 -9 6.48 78
2 545 1 -9 2.37 59
1 1 1 -9 3.88 70
1 108 1 -9 1.41 51
1 98 1 -9 5.31 76
2 634 2 -9 5.18 74
2 637 1 -9 5.61 75
3 1 2 -9 5.2 70
2 656 2 -9 2.2 56
2 502 2 -9 3.95 71
1 250 2 -9 3.7 67
2 621 2 -9 7.55 85
2 789 1 -9 7.4 85
2 1088 1 -9 8 84
3 685 2 -9 2.88 62
3 684 1 -9 8.04 85
1 1 1 -9 3.88 66
1 1 1 -9 6.22 77
1 1 1 -9 1.7 59
1 1 2 -9 1.5 51
3 1 1 -9 1.99 58
3 1 2 -9 1.22 48
2 943 1 -9 12.46 99
1 1 1 -9 3.78 68
3 1 1 -9 2.24 60
1 1 1 -9 7.86 82
1 1 1 -9 1.58 51
3 1 1 -9 2.65 64
1 91 1 -9 2.8 61
1 173 2 -9 1.82 55
1 145 1 -9 3.77 64
2 1046 1 -9 2.7 60
2 525 1 -9 2.3 60
1 66 1 -9 1.8 57
2 1123 1 -9 4.85 73
3 1 2 -9 3.88 66
3 1 1 -9 5 74
3 1057 2 -9 -9 63
1 160 2 -9 2.99 62
1 332 1 -9 7.72 72
1 1 1 -9 3.05 66
1 11 2 -9 4.8 69
3 483 2 -9 10 87
1 1 1 -9 3.4 65
3 1 2 -9 3.03 63
3 679 2 -9 9.2 91
1 1 2 -9 12.24 92
1 236 1 -9 3.5 63
3 972 2 -9 6.2 76
1 373 1 -9 1.68 53
1 445 2 -9 6.6 77
2 956 1 -9 6.73 82
2 781 1 -9 6.57 81
3 1136 2 -9 1.78 53
3 1 1 -9 13.29 104
3 1 2 -9 4.8 72
1 176 2 -9 5.2 71
3 1048 1 -9 2.5 54
3 919 1 -9 4.03 70
2 653 1 -9 1.46 50
1 66 1 -9 7.2 80
1 443 2 -9 4.22 70
1 1 2 -9 7.49 79
2 948 1 -9 3.3 64
2 591 2 -9 4.31 70
3 682 2 -9 2.4 61
3 678 1 -9 1.75 54
1 1 1 -9 4.59 72
1 1 1 -9 4.29 64
1 237 1 -9 7.1 77
2 776 2 -9 2.98 65
2 554 1 -9 4.41 70
2 858 2 -9 4.36 71
2 767 2 -9 2.72 58
3 1 1 -9 12.76 96
3 1 2 -9 2.81 63
3 1 1 -9 2.86 66
3 1 2 -9 8.57 85
1 93 2 -9 3.9 67
1 94 2 -9 1.9 56
3 1 2 -9 2.9 60
1 468 2 -9 2.24 62
3 1 2 -9 3 61
3 758 1 -9 6.8 80
3 716 1 -9 3.2 63
1 402 2 -9 4.02 67
1 403 1 -9 0.78 43
3 1 2 -9 3.78 70
1 79 1 -9 4.3 67
3 1 2 -9 9.39 94
3 1064 2 -9 2.5 57
2 892 2 -9 5 70
2 1013 1 -9 6.6 76
3 926 2 -9 0.9 46
2 850 2 -9 3.1 62
2 609 2 -9 1.36 49
2 785 2 -9 3.1 63
3 791 1 -9 6.7 80
2 1093 1 -9 1.7 52
1 1 2 -9 2.75 65
1 1 1 -9 2.24 56
1 1 1 -9 2.35 60
1 61 2 -9 2.3 58
1 385 2 -9 4.45 71
1 1 2 -9 5.7 79
2 536 2 -9 1.52 52
2 532 2 -9 4.1 73
1 1 1 -9 2.04 56
1 1 1 -9 1.94 54
3 1 2 -9 3.5 65
3 1 1 -9 5.71 76
1 104 2 -9 3.88 67
2 630 1 -9 2.9 60
1 102 2 -9 5.35 76
2 691 1 -9 6.65 79
3 1 2 -9 3.16 60
2 1033 2 -9 4.9 73
2 743 1 -9 1.46 52
1 356 1 -9 0.77 42
1 9 2 -9 2.82 59
1 329 1 -9 3.18 63
2 604 1 -9 3.04 62
3 1054 1 -9 6.15 76
2 911 1 -9 4.58 71
3 1 1 -9 3.02 63
2 1090 1 -9 3.7 68
1 1 2 -9 2.24 58
1 1 2 -9 1.63 54
1 322 2 -9 2.56 62
1 1 2 -9 2.65 59
1 1 2 -9 2.55 62
1 111 1 -9 2.8 58
1 315 1 -9 4.3 69
1 365 1 -9 4.7 71
1 1 2 -9 2.5 59
2 765 1 -9 8.66 89
3 1 2 -9 2.45 59
1 1 1 -9 3.16 65
1 391 2 -9 2.05 57
3 1 1 -9 15.59 109
3 1 2 -9 3.57 66
3 1 1 -9 2.35 57
3 1 1 -9 3.42 68
1 268 2 -9 1.9 58
2 502 2 -9 0.87 42
2 502 1 -9 3.33 66
2 673 2 -9 4.6 68
1 487 1 -9 1.3 50
1 162 1 -9 6.37 77
2 966 2 -9 2.3 56
2 876 1 -9 8.21 85
1 8 2 -9 3.92 66
3 964 1 -9 7.3 76
1 120 1 -9 3.8 67
1 1 1 -9 3.4 65
1 110 2 -9 2.8 64
1 154 1 -9 4.9 73
2 472 1 -9 5.59 75
3 873 1 -9 2.54 51
2 771 1 -9 8.69 85
2 931 2 -9 5.39 75
2 943 2 -9 3.79 69
1 1 2 -9 6.43 76
1 1 1 -9 3.06 64
1 185 2 -9 1.54 51
2 551 2 -9 4.3 68
1 1 1 -9 12.5 100
1 1 2 -9 3.98 65
3 1 1 -9 3.5 64
3 1 1 -9 10.92 91
1 178 2 -9 3.3 67
1 101 2 -9 5.33 75
1 97 1 -9 4.29 71
3 644 1 -9 4.64 72
3 883 2 -9 1.24 51
3 923 2 -9 4.08 67
2 707 2 -9 3.3 65
1 345 2 -9 5.9 95
2 1040 2 -9 3.8 66
3 1004 2 -9 6.9 75
1 86 2 -9 3.5 63
1 132 2 -9 3 65
1 207 2 -9 2.4 58
1 352 1 -9 4.43 69
2 912 2 -9 4.62 80
2 1138 2 -9 5.82 75
3 700 1 -9 4.4 75
1 1 2 -9 2.24 57
1 62 2 -9 4.1 66
3 1096 2 -9 -9 67
1 293 1 -9 2.32 63
2 955 1 -9 4.08 70
3 1 2 -9 3.86 67
1 245 2 -9 3.1 60
3 1 1 -9 1.84 57
1 1 2 -9 6.53 76
1 1 1 -9 2.96 62
3 1 1 -9 3.6 65
3 885 2 -9 1.64 54
3 756 2 -9 2.4 60
1 36 2 -9 1.07 46
3 1 1 -9 5.31 72
3 1 1 -9 3.6 72
1 52 1 -9 2.18 57
2 1 2 -9 2.86 64
3 1080 2 -9 1.8 54
2 1077 2 -9 1.3 49
1 297 1 -9 4.2 71
1 456 2 -9 3.2 61
1 216 1 -9 4.5 71
1 1 2 -9 3.47 65
1 1 1 -9 3.27 66
1 366 2 -9 2.6 65
3 979 1 -9 6.6 83
3 1 2 -9 3.01 63
2 779 2 -9 2.08 56
2 779 1 -9 6 77
2 928 1 -9 2.83 61
3 1 2 -9 2.45 59
3 1 1 -9 10.41 90
3 1 1 -9 4.08 69
1 4 2 -9 1.3 48
3 706 2 -9 4.7 74
1 379 2 -9 5.21 74
1 387 1 -9 1.02 46
1 407 1 -9 2.7 64
3 1058 2 -9 5.4 75
3 835 2 -9 7.4 83
2 788 1 -9 7.2 80
2 590 2 -9 3.27 66
3 792 2 -9 4.2 72
3 820 1 -9 1.8 54
1 1 2 -9 2.55 59
3 1 2 -9 1.22 47
1 1 1 -9 14.7 100
2 561 1 -9 9.85 87
1 245 2 -9 5.3 70
2 942 1 -9 5.32 74
1 1 2 -9 2.24 60
1 1 1 -9 3.78 65
3 1 2 -9 8.67 87
3 1 1 -9 8.98 92
3 1 2 -9 2.45 59
3 1 2 -9 7.65 84
1 280 2 -9 5.43 74
3 1007 1 -9 1.47 48
3 1 1 -9 9 90
1 13 1 -9 5.5 69
1 68 1 -9 3 63
3 1 1 -9 3.06 63
2 1042 1 -9 6.71 75
2 890 1 -9 5 69
3 1107 2 -9 2.92 61
1 212 2 -9 2 53
1 20 1 -9 2.68 60
1 1 2 -9 2.65 64
1 433 1 -9 8.8 89
1 1 2 -9 3.16 64
3 970 1 -9 13.4 97
3 981 2 -9 3 64
1 1 1 -9 6.02 77
3 874 1 -9 2.04 58
2 554 1 -9 3.33 66
2 530 1 -9 2.82 64
1 284 1 -9 2.6 58
1 199 1 -9 3.46 65
1 1 2 -9 5 73
1 1 1 -9 3.06 62
3 1 2 -9 3.16 64
3 1 1 -9 4.18 70
1 263 1 -9 9.2 87
2 518 1 -9 3.98 72
3 921 2 -9 3.11 62
3 1 2 -9 2.8 59
3 1 2 -9 6.5 75
1 442 1 -9 5.44 72
1 462 2 -9 3 61
1 453 2 -9 3.2 46
3 1 1 -9 12.24 97
2 829 2 -9 2 54
2 505 2 -9 4.74 73
1 25 1 -9 7.38 72
1 1 1 -9 5.5 82
2 605 1 -9 3.74 67
3 701 2 -9 3.3 61
1 1 1 -9 3.06 63
1 1 2 -9 3.47 65
1 1 1 -9 12.76 95
1 377 2 -9 2.8 73
1 285 2 -9 4.4 67
1 1 2 -9 3.27 68
3 1 1 -9 1.9 55
3 1 1 -9 10.4 87
3 757 1 -9 2.4 56
2 728 2 -9 7.87 79
1 338 2 -9 -9 63
3 1 1 -9 2.24 58
2 651 2 -9 4.65 70
2 945 1 -9 1.83 53
1 1 2 -9 2.8 64
1 457 1 -9 4 70
3 837 2 -9 2.88 63
3 1111 1 -9 4.77 75
2 1108 2 -9 1.27 49
3 1 2 -9 4.11 70
3 813 1 -9 1.6 52
1 323 2 -9 3.74 70
1 384 1 -9 7.28 78
3 975 2 -9 1.7 54
1 349 2 -9 3.4 61
3 985 2 -9 2.1 58
3 1028 1 -9 3.57 65
3 1031 2 -9 5.28 74
1 369 1 -9 3.3 67
1 1 2 -9 6.5 91
1 445 1 -9 8.3 81
2 780 2 -9 7.08 86
1 409 2 -9 6.5 81
3 762 2 -9 4 70
1 1 1 -9 2.96 63
1 1 2 -9 2.24 56
2 1066 2 -9 3.4 70
2 1068 1 -9 2.46 59
2 856 2 -9 5.4 71
1 1 1 -9 1.29 49
1 348 1 -9 14.8 98
1 1 2 -9 2.19 58
1 465 2 -9 4 71
3 1 1 -9 2.86 53
1 165 2 -9 4.95 71
2 880 2 -9 5.88 77
1 361 1 -9 3.7 68
1 219 2 -9 2.4 59
2 1105 2 -9 1.4 54
3 1 2 -9 4.07 71
1 411 2 -9 2.61 62
1 1 1 -9 4.29 72
1 1 1 -9 1.4 50
1 1 2 -9 4.1 69
3 1 2 -9 4.49 70
3 1 2 -9 4.08 62
3 1 2 -9 3.98 70
1 169 1 -9 3.54 56
2 1022 1 -9 6.48 80
2 551 2 -9 3.1 63
1 1 2 -9 4.18 67
1 1 2 -9 7.65 85
3 1 1 -9 4.59 76
3 1 1 -9 3.67 68
3 645 2 -9 4.63 71
2 714 2 -9 4.6 66
2 708 2 -9 1.74 56
3 721 1 -9 2.8 63
1 33 1 -9 4.22 68
3 1036 2 -9 5.4 72
3 1 2 -9 5.51 74
2 990 2 -9 5.1 74
2 1117 2 -9 3.25 63
2 1035 2 -9 4.56 70
1 10 1 -9 2.24 54
2 895 2 -9 6 72
2 787 2 -9 2.9 65
3 903 2 -9 3.5 68
1 306 2 -9 4 69
3 817 2 -9 4.8 74
3 821 2 -9 1.1 48
2 846 1 -9 4.3 71
1 1 2 -9 3.88 67
1 1 1 -9 6.94 77
1 1 2 -9 8.37 90
1 1 2 -9 3.8 71
3 864 2 -9 6.89 81
2 797 1 -9 3.2 62
2 774 2 -9 3.8 66
2 575 1 -9 5.52 74
2 566 2 -9 3.84 72
3 1 2 -9 2.55 59
3 1 1 -9 8.16 81
1 264 1 -9 3.16 63
1 267 1 -9 2.44 63
1 106 1 -9 2.18 59
1 176 2 -9 5.1 72
2 734 1 -9 7.05 78
2 734 2 -9 10.15 91
3 716 1 -9 1.8 53
1 75 2 -9 2.6 59
3 1 1 -9 2.4 62
1 85 2 -9 4 68
3 999 2 -9 2.55 59
3 834 1 -9 8.97 85
2 840 1 -9 1.66 52
3 838 1 -9 2.54 59
1 206 1 -9 5.1 72
1 24 2 -9 3.27 61
1 328 1 -9 1.8 54
2 615 1 -9 2.72 60
3 1 2 -9 2.96 61
3 817 2 -9 2.2 55
2 844 2 -9 3.1 62
3 676 1 -9 1.6 42
1 1 2 -9 2.55 62
1 1 1 -9 13.06 94
1 383 1 -9 3.05 62
3 976 2 -9 2.7 65
2 557 2 -9 4.45 70
2 559 2 -9 5.46 74
1 409 2 -9 2.3 58
2 508 2 -9 2.32 60
2 506 1 -9 6.74 80
2 550 1 -9 2.3 57
3 1 1 -9 7.04 81
1 142 2 -9 3.73 63
3 600 2 -9 1.92 58
3 751 2 -9 4.9 70
1 81 2 -9 3.5 64
3 1002 2 -9 2.3 59
1 1 2 -9 3.4 68
3 959 1 -9 2.5 59
3 583 2 -9 2.73 63
3 898 1 -9 4.6 86
2 617 1 -9 3.44 65
3 805 2 -9 2.91 61
3 896 2 -9 2.9 63
2 1109 2 -9 4.91 73
1 1 2 -9 2.86 57
2 496 1 -9 3.22 66
3 980 1 -9 5.4 78
3 865 1 -9 2.6 60
1 1 2 -9 3.3 60
1 46 1 -9 4.15 71
3 1 2 -9 3.47 67
1 1 2 -9 2.65 58
1 1 1 -9 4.49 70
3 1 1 -9 6.02 77
1 104 2 -9 3.77 65
2 1071 1 -9 8.39 82
3 694 2 -9 2.04 55
3 1 1 -9 6.4 80
2 1 1 -9 3.6 66
3 490 1 -9 9.4 89
1 474 1 -9 1.36 51
1 476 1 -9 3.36 67
1 1 2 -9 3.15 65
1 1 1 -9 1.73 59
3 494 2 -9 8.4 85
2 1106 1 -9 1.3 47
3 703 2 -9 4.9 74
1 432 1 -9 3.7 71
1 129 2 -9 4.2 69
1 1 1 -9 8.88 85
3 1 1 -9 4.39 76
2 974 1 -9 3.2 68
1 1 1 -9 2.6 63
1 247 2 -9 4.1 68
2 933 1 -9 9.15 96
1 1 2 -9 3.27 61
3 860 1 -9 2.4 59
3 1 1 -9 3.47 63
1 259 1 -9 3.98 71
1 272 1 -9 5.12 76
1 140 1 -9 3.98 66
3 885 1 -9 2.64 63
2 492 1 -9 4.14 74
1 335 1 -9 2.9 50
2 526 2 -9 3.7 66
1 400 1 -9 1.65 51
3 1 2 -9 5.1 74
3 1 1 -9 2.45 58
1 471 1 -9 4.1 70
2 748 1 -9 5.4 73
2 827 2 -9 5.3 73
1 213 2 -9 4.8 70
3 800 1 -9 2.93 64
2 788 1 -9 5.6 75
1 303 2 -9 3.24 66
1 1 2 -9 2.96 62
1 1 2 -9 4.29 70
1 1 2 -9 3.78 72
1 1 1 -9 3.27 68
1 381 2 -9 2.25 56
1 1 2 -9 2.5 60
1 1 2 -9 3.2 62
1 1 1 -9 -9 71
2 957 1 -9 1.68 51
3 861 2 -9 1.64 52
1 249 2 -9 1.06 47
3 665 1 -9 7.22 79
1 1 1 -9 2.81 61
1 200 2 -9 1.88 52
1 1 1 -9 3.27 63
1 1 2 -9 4.59 74
1 92 1 -9 1.35 49
1 266 2 -9 2.7 52
1 274 1 -9 2.14 55
3 1 1 -9 5.9 79
1 346 2 -9 6.8 84
1 50 2 -9 0.8 42
3 1 2 -9 2.14 57
3 1 1 -9 6.12 76
3 1 1 -9 10.31 88
2 993 1 -9 3.2 65
1 41 1 -9 2.02 58
3 677 1 -9 1.6 55
3 498 1 -9 2.72 61
3 1 1 -9 8.37 84
1 397 2 -9 3.5 70
1 1 1 -9 2.8 66
2 1021 1 -9 2.51 61
2 562 2 -9 3.11 62
3 1 2 -9 3.67 73
1 392 1 -9 3.28 65
3 1 2 -9 4.08 70
2 629 1 -9 11.18 93
3 1 2 -9 9.6 85
1 68 2 -9 1.3 50
3 603 2 -9 2.8 60
1 438 1 -9 3.16 62
1 451 1 -9 4.6 66
3 1 2 -9 7.9 85
2 651 1 -9 5.5 75
2 1119 2 -9 8.3 84
2 505 1 -9 5.38 77
2 851 2 -9 1.45 49
1 353 2 -9 2.75 62
1 360 1 -9 2.2 60
2 618 2 -9 1.64 52
1 1 1 -9 14.1 101
1 135 2 -9 1.3 55
1 244 2 -9 2.9 60
2 541 2 -9 4.65 73
1 1 1 -9 3.47 66
1 1 2 -9 3.16 61
1 232 1 -9 6.35 67
2 502 1 -9 1.2 49
2 502 1 -9 1.3 52
2 674 1 -9 9.14 84
1 441 1 -9 4.54 69
1 127 1 -9 4.4 67
2 843 1 -9 10.78 93
3 800 2 -9 4.09 69
3 801 2 -9 4.09 69
3 1050 2 -9 3.1 65
1 425 2 -9 3.5 68
1 1 1 -9 2.86 58
1 1 2 -9 -9 62
3 985 2 -9 1.6 52
3 1131 1 -9 1.6 54
3 1 2 -9 2.76 56
2 775 2 -9 1.83 56
1 241 2 -9 7.6 84
2 770 1 -9 4.26 70
3 1 2 -9 1.84 56
2 1 1 -9 5.1 77
1 1 2 -9 6.53 78
3 1 1 -9 7.1 82
1 1 1 -9 3.47 66
2 711 2 -9 1.35 53
1 69 1 -9 12.8 94
1 1 1 -9 2.86 62
2 784 1 -9 5.4 74
3 1 2 -9 1.86 55
2 620 1 -9 4.08 72
1 1 2 -9 3.2 66
1 327 1 -9 5.38 73
2 895 2 -9 6.5 75
1 306 2 -9 1.88 52
1 193 2 -9 2.9 63
1 1 2 -9 3.06 62
3 977 1 -9 4.4 71
2 796 2 -9 4.8 54
3 1 1 -9 1.12 46
1 248 1 -9 6.6 79
3 1 1 -9 3.98 69
3 1 2 -9 9.34 92
1 175 2 -9 1.8 57
1 230 2 -9 4.7 70
2 627 2 -9 5.89 82
3 663 1 -9 4.5 69
3 921 2 -9 4.12 72
1 1 2 -9 2.86 63
3 919 1 -9 2.8 61
3 1 2 -9 3.98 70
1 56 1 -9 3.67 66
3 1062 1 -9 1.3 46
1 422 1 -9 7.3 75
2 841 1 -9 6.18 79
1 424 1 -9 4.3 73
1 474 2 -9 0.7 40
3 962 1 -9 7.2 80
2 605 1 -9 9 91
2 902 1 -9 6.2 75
1 411 2 -9 5.72 75
2 847 2 -9 4.5 69
1 326 2 -9 5.88 79
2 497 1 -9 5.08 77
1 1 2 -9 1.06 44
1 382 2 -9 5.23 63
3 1 2 -9 2.14 55
3 1031 1 -9 4.16 70
3 1 2 -9 4.08 65
3 1 1 -9 3.32 66
2 565 2 -9 1.54 54
1 1 1 -9 1.99 54
3 1 1 -9 4.69 71
3 1 1 -9 10.51 90
1 234 2 -9 1.87 56
1 138 1 -9 8.2 75
3 757 1 -9 3 63
2 992 1 -9 2.3 59
2 1079 2 -9 1.36 50
3 1057 2 -9 -9 57
3 1147 1 -9 4.68 84
2 948 1 -9 5.2 76
1 18 1 -9 7.2 84
1 337 2 -9 2.6 65
1 1 2 -9 3.45 72
2 1089 1 -9 2.1 57
1 1 1 -9 3.16 63
1 113 1 -9 1.8 54
1 136 2 -9 4.3 71
1 397 2 -9 3.6 70
3 866 1 -9 4.76 71
1 1 1 -9 2.7 62
3 869 1 -9 2.47 63
3 1132 1 -9 2.83 62
3 1 2 -9 5.77 74
2 533 1 -9 4.92 74
1 1 1 -9 3.27 59
2 522 2 -9 1.31 51
1 392 2 -9 3.3 69
3 1 2 -9 2.96 63
3 1 1 -9 8.16 87
3 1 2 -9 7.14 88
3 1 1 -9 6.53 80
3 598 1 -9 8.24 88
2 528 1 -9 1.5 60
2 1042 2 -9 7.85 73
1 342 2 -9 2.6 62
2 890 2 -9 5.1 72
2 892 1 -9 3.2 59
1 21 1 -9 5.85 75
1 23 1 -9 4.03 68
2 1101 2 -9 1.99 57
2 1087 2 -9 5.34 72
1 1 2 -9 2.14 57
1 1 2 -9 4.39 68
1 1 1 -9 3.8 69
1 1 1 -9 5.51 73
1 1 2 -9 1.8 50
1 1 2 -9 11.9 91
3 861 1 -9 2.64 62
2 556 2 -9 2.48 61
2 529 1 -9 7.55 73
1 183 2 -9 1.66 52
1 1 1 -9 5.1 75
3 1 2 -9 2.45 59
1 1 1 -9 4.59 75
3 1 2 -9 3.5 66
3 1 1 -9 3.88 68
3 1 1 -9 2.5 59
1 278 2 -9 3.12 61
2 1073 2 -9 2.68 60
2 707 1 -9 4.1 71
1 65 2 -9 2.3 60
3 603 2 -9 2.8 65
3 1 2 -9 2.96 66
1 460 2 -9 3 57
3 1000 2 -9 2.8 60
3 996 1 -9 2.7 61
2 747 1 -9 5.3 71
2 875 1 -9 7.87 84
3 484 1 -9 3.4 64
1 327 2 -9 4.08 67
2 477 1 -9 5.67 79
2 616 1 -9 6.4 80
3 792 1 -9 3.3 64
2 1092 1 -9 7.5 81
1 1 2 -9 3.26 64
1 384 1 -9 5.48 69
1 428 2 -9 5.8 77
1 370 2 -9 1.92 55
1 1 1 -9 2 60
2 778 1 -9 1.55 50
1 1 2 -9 2.24 60
2 690 1 -9 3.08 63
2 709 1 -9 2.9 65
2 502 1 -9 1.55 53
3 1 1 -9 2.3 60
3 1 1 -9 3.6 68
1 54 2 -9 1.24 46
1 38 2 -9 3.9 67
3 1059 1 -9 6 78
1 167 1 -9 1.94 57
1 1 1 -9 3.2 68
1 133 2 -9 3.5 63
1 26 2 -9 3 56
1 363 1 -9 3.96 71
3 793 2 -9 5.8 78
2 1101 2 -9 1.76 53
2 908 2 -9 2.58 60
3 821 2 -9 1.2 47
1 383 2 -9 3.52 63
1 156 1 -9 11.11 92
2 859 1 -9 1.72 53
3 938 2 -9 0.99 47
2 573 2 -9 1.32 48
1 1 1 -9 4.18 68
3 1 1 -9 3.67 71
3 1 2 -9 1.73 53
3 1 1 -9 10.9 97
1 1 2 -9 10.1 101
3 1 2 -9 5.2 74
3 1 1 -9 5.41 75
3 1 1 -9 6.53 76
1 71 1 -9 2.2 54
1 458 2 -9 3.2 74
1 361 1 -9 1.51 54
1 329 1 -9 1.76 55
1 128 2 -9 2.9 65
1 42 1 -9 4.55 72
1 1 1 -9 4.8 69
1 1 2 -9 2.8 60
1 1 2 -9 2.4 62
1 1 2 -9 5 71
1 1 2 -9 -9 61
1 238 1 -9 3.7 64
1 349 2 -9 5.2 73
3 874 2 -9 1.88 56
2 508 1 -9 8.27 86
2 1 1 -9 3.47 66
3 1 2 -9 5.71 74
3 1 2 -9 2.76 60
1 180 2 -9 5.1 87
1 103 1 -9 3.82 67
1 320 1 -9 3.2 60
1 348 2 -9 5 71
1 76 2 -9 4.6 68
3 1 1 -9 3.57 68
1 452 2 -9 2 55
1 52 1 -9 2.28 58
1 487 1 -9 3.4 65
2 1079 2 -9 1.76 55
3 801 1 -9 6.93 80
2 900 1 -9 2.6 57
2 1140 1 -9 2.16 58
3 812 2 -9 4.6 73
3 814 2 -9 5.7 78
3 683 2 -9 3.1 62
1 1 1 -9 5.31 74
1 1 2 -9 3 64
2 1006 2 -9 6.5 75
1 481 1 -9 1 46
1 1 1 -9 2.7 67
1 1 2 -9 2.9 67
1 1 1 -9 1.9 55
3 1 2 -9 6.22 78
2 538 2 -9 5.86 78
1 182 2 -9 2.8 57
3 1 2 -9 2 63
3 1 2 -9 1.8 52
2 1047 1 -9 1.3 46
3 756 1 -9 3 62
2 502 2 -9 2.92 64
1 115 2 -9 7.12 77
3 1 1 -9 10.71 93
1 89 1 -9 7.3 79
2 647 1 -9 3.9 68
2 889 1 -9 3.6 54
1 164 2 -9 3.42 61
1 149 2 -9 6.8 86
1 217 2 -9 5.6 70
2 907 1 -9 1.2 47
1 1 2 -9 3.8 69
2 569 2 -9 2.13 57
2 578 2 -9 2.88 64
1 1 2 -9 2.45 57
1 1 1 -9 4.49 69
1 1 2 -9 4.49 68
1 224 1 -9 1.02 45
2 726 2 -9 4.87 72
2 732 2 -9 2.87 59
1 71 1 -9 5.4 78
2 671 1 -9 6.18 76
3 1 2 -9 1.94 56
2 1077 2 -9 5.3 72
2 889 1 -9 4.4 68
1 297 2 -9 3.8 67
1 203 2 -9 3.2 63
1 205 2 -9 4.4 65
3 678 2 -9 2.8 65
1 1 1 -9 2.45 62
1 236 1 -9 3 61
1 1 2 -9 6.1 83
1 1 2 -9 6.3 77
2 773 2 -9 1.86 56
2 1145 1 -9 1.43 45
1 1 1 -9 4.9 73
1 92 2 -9 4.1 68
1 177 2 -9 1 46
1 228 1 -9 3.1 64
2 1071 2 -9 2.85 63
2 712 1 -9 5.8 75
1 387 2 -9 3.65 67
3 1 2 -9 4.2 68
2 1117 1 -9 4.5 68
2 742 1 -9 6.1 77
1 128 2 -9 3.7 67
3 1052 1 -9 1.71 54
3 1052 2 -9 6.85 82
1 29 1 -9 5.3 72
1 322 1 -9 5.32 71
1 1 1 -9 2.8 59
3 1 2 -9 4.08 70
1 1 1 -9 3.98 69
1 1 2 -9 4.69 71
3 1 1 -9 8.32 87
1 280 2 -9 6.91 74
2 641 2 -9 5.42 77
1 146 1 -9 2.62 63
3 509 2 -9 4.88 73
3 1 1 -9 6.3 76
3 1 1 -9 8.1 82
3 720 1 -9 3.5 67
3 1 1 -9 2.4 60
1 38 2 -9 2.5 64
3 925 1 -9 5.3 76
1 96 2 -9 6.5 77
1 1 1 -9 1.1 49
3 667 2 -9 2.4 61
2 596 2 -9 2.94 62
3 1053 1 -9 1.63 52
2 1085 1 -9 2.62 60
3 1 2 -9 2.87 60
3 812 1 -9 3.2 64
1 1 2 -9 2.96 62
1 1 1 -9 2.7 63
1 382 2 -9 4.75 62
3 1096 1 -9 -9 52
1 1 2 -9 -9 81
2 560 1 -9 5.63 74
2 535 1 -9 3.17 67
1 1 2 -9 3.37 61
1 196 1 -9 3.3 67
3 1 2 -9 2.86 61
1 1 1 -9 1.28 56
1 1 1 -9 1.28 50
2 1137 1 -9 3.75 65
3 1 1 -9 2.05 58
1 227 2 -9 5.6 73
1 107 2 -9 2.1 56
2 1067 2 -9 6.47 79
2 739 2 -9 4.84 70
3 782 2 -9 3.8 70
2 726 1 -9 7.09 79
3 1 1 -9 1.82 51
3 1 2 -9 3 65
3 1 2 -9 3.06 62
1 78 2 -9 3 59
1 24 1 -9 2.26 57
1 157 1 -9 1.58 51
2 907 2 -9 1.5 49
1 310 1 -9 4.58 68
1 116 1 -9 4.8 72
1 1 2 -9 6.53 80
1 1 2 -9 5.2 75
3 863 1 -9 5.54 75
1 1 1 -9 2.8 66
3 1 1 -9 1.79 55
3 1 2 -9 2.04 55
2 776 1 -9 4.34 72
1 241 2 -9 5 74
1 1 1 -9 2.35 59
1 1 1 -9 3.27 68
3 1 2 -9 9.59 95
3 1 1 -9 1.84 54
3 1 2 -9 3.78 65
3 1 2 -9 3.88 73
1 143 1 -9 5.51 73
2 689 1 -9 3.2 64
1 1 1 -9 2.55 60
1 345 1 -9 11 100
3 721 1 -9 3.4 66
2 672 2 -9 2.48 59
3 1 2 -9 2.35 59
1 60 2 -9 3.42 65
3 1001 2 -9 4.7 73
3 1015 2 -9 2.91 62
2 947 1 -9 6.7 79
1 423 1 -9 5.6 75
1 215 2 -9 3.1 61
1 420 1 -9 4.3 68
3 1054 1 -9 3.07 63
2 1104 1 -9 1.04 45
2 987 1 -9 3.89 69
1 372 1 -9 2.49 60
1 1 2 -9 2.5 63
1 44 2 -9 2.25 60
3 867 2 -9 1.94 59
3 927 1 -9 10.12 91
2 934 1 -9 7.54 78
1 1 1 -9 2.04 56
3 1 2 -9 4.18 71
3 1 2 -9 4.39 74
1 232 2 -9 2.58 59
1 179 1 -9 5.2 72
2 1072 1 -9 1.69 52
2 659 2 -9 1.4 50
3 884 2 -9 5.16 75
1 1 2 -9 2.76 61
3 1 1 -9 3.3 63
2 854 2 -9 5.8 77
3 1 1 -9 5.5 74
1 57 2 -9 1 46
2 993 2 -9 4.3 69
1 422 1 -9 3.9 67
3 478 2 -9 0.71 42
3 835 1 -9 4.7 72
1 1 1 -9 2.5 60
1 350 1 -9 3.29 65
1 214 1 -9 2.42 60
1 193 1 -9 2 58
1 1 2 -9 2.04 55
1 1 1 -9 2.65 61
1 1 2 -9 10.51 86
3 984 1 -9 7.3 83
1 369 2 -9 2.5 60
3 1 2 -9 2.04 56
2 543 1 -9 6.42 79
1 1 1 -9 2 55
1 1 2 -9 3.06 59
3 1 2 -9 4.34 70
3 1 2 -9 6.94 82
1 1 2 -9 3.37 58
2 655 2 -9 3.6 69
3 1036 1 -9 7 81
2 1040 2 -9 2.8 65
1 452 2 -9 3 61
1 59 2 -9 4.5 69
3 1 1 -9 10.2 95
2 990 2 -9 1.68 52
2 887 1 -9 4.2 61
2 504 2 -9 3.54 77
1 354 2 -9 3.7 68
1 364 1 -9 6 74
1 210 2 -9 3.5 60
3 1 2 -9 12.55 94
1 429 2 -9 3.5 66
1 6 2 -9 8 73
3 978 1 -9 15.8 102
1 171 2 -9 5.04 60
1 242 2 -9 3.4 67
2 544 2 -9 2.62 60
2 1 2 -9 5.82 74
1 1 1 -9 3.98 66
1 1 2 -9 2.76 59
3 1 2 -9 4.69 69
1 100 2 -9 3.48 66
1 468 2 -9 3.74 70
1 467 1 -9 5.76 64
3 644 1 -9 3.13 64
3 1 2 -9 6.02 77
3 1063 2 -9 2.7 63
2 743 1 -9 5.1 76
3 926 1 -9 0.7 45
2 946 1 -9 4.7 71
1 1 2 -9 3 63
1 318 1 -9 7.6 78
1 12 1 -9 4.8 73
2 595 1 -9 4.86 71
3 666 1 -9 1.48 57
3 685 1 -9 2.32 56
1 1 1 -9 4.2 69
3 1 1 -9 3.83 69
2 547 1 -9 5.29 78
2 768 1 -9 6.46 80
3 1 1 -9 2.3 58
3 1 2 -9 3.98 71
3 1009 2 -9 1.69 55
3 754 1 -9 2.8 61
2 727 2 -9 3.18 66
1 73 1 -9 5.4 70
3 1 2 -9 3.47 63
1 488 2 -9 2.8 64
2 826 1 -9 2 56
2 827 2 -9 3.9 69
1 1 1 -9 6.7 80
1 95 1 -9 3.2 60
2 617 1 -9 2.16 55
2 588 1 -9 4.63 73
2 909 1 -9 5.01 72
2 501 1 -9 4.76 76
1 308 1 -9 3.1 63
1 1 2 -9 5.61 79
1 1 1 -9 4.9 74
1 5 2 -9 3.4 64
1 1 2 -9 2.4 64
1 437 1 -9 4 66
1 1 2 -9 2.8 56
1 198 1 -9 3.22 64
1 1 1 -9 2.96 62
3 1 1 -9 6.43 79
1 225 2 -9 5.38 75
2 493 1 -9 4.56 71
2 714 2 -9 4.1 67
3 761 1 -9 3.4 64
1 346 1 -9 2.2 64
1 67 1 -9 2.5 61
1 114 2 -9 2.06 55
1 405 1 -9 3.44 64
3 1 2 -9 2.45 55
3 998 2 -9 2.05 56
2 823 2 -9 3.6 68
3 484 2 -9 7.3 81
2 1108 2 -9 1.85 57
2 1112 1 -9 1.95 57
2 783 1 -9 4.2 70
3 680 1 -9 2.5 63
1 1 2 -9 2.45 58
1 1 2 -9 5.31 72
2 497 2 -9 3.12 64
1 1 1 -9 7.14 85
1 153 1 -9 0.78 40
1 1 2 -9 2.2 63
3 1 1 -9 3.21 66
2 764 2 -9 0.91 46
1 1 2 -9 4.59 73
3 1 2 -9 3.78 67
3 1 2 -9 3.16 66
3 1 2 -9 9.18 86
1 253 1 -9 6.31 78
2 629 2 -9 4 70
2 725 2 -9 2.2 54
3 758 1 -9 2 63
2 727 2 -9 6.05 76
1 1 1 -9 3.72 68
3 1 1 -9 3.27 66
2 1128 1 -9 7.8 84
1 463 2 -9 5 78
3 1 2 -9 3.6 67
3 1 1 -9 8.47 84
1 376 1 -9 3.1 64
2 831 1 -9 5.43 74
1 1 2 -9 3.8 66
1 351 2 -9 6.17 75
3 833 1 -9 7.88 89
1 208 1 -9 3.4 65
3 586 2 -9 1.1 46
2 1106 2 -9 1.48 51
1 310 2 -9 2.64 59
1 304 1 -9 5.4 74
1 123 1 -9 3 59
2 915 1 -9 6.7 79
1 112 2 -9 4 70
3 1 2 -9 2.04 55
1 46 1 -9 4.07 73
1 45 1 -9 6.16 75
1 1 1 -9 2.76 60
3 762 1 -9 2.42 59
1 187 2 -9 3.4 66
1 189 1 -9 2.2 54
1 1 2 -9 1.89 55
1 1 1 -9 2.65 63
1 1 2 -9 2.55 57
3 1 2 -9 2.4 61
3 1 2 -9 2.24 56
1 258 2 -9 2.88 59
3 696 1 -9 3.55 68
1 1 1 -9 5.2 63
2 698 1 -9 4.5 71
3 1 1 -9 7.3 82
2 657 1 -9 2.7 60
1 88 1 -9 4 65
2 650 2 -9 1.14 46
1 482 1 -9 2.4 56
3 585 2 -9 7.04 84
1 425 1 -9 5.6 72
3 679 2 -9 1.3 49
3 1 1 -9 6.63 71
3 971 1 -9 11.2 96
1 370 1 -9 3.6 68
1 1 2 -9 1.8 54
1 1 1 -9 4.3 73
1 1 2 -9 2.1 58
3 1133 1 -9 3.97 66
3 1 1 -9 1.99 55
2 563 1 -9 3.75 66
2 540 1 -9 4.78 74
2 765 1 -9 3.02 65
1 1 2 -9 4.59 66
1 1 1 -9 15.28 102
3 1 1 -9 7.86 82
1 469 1 -9 3.04 66
1 97 1 -9 3.96 72
2 511 1 -9 5.1 75
2 516 1 -9 2.22 61
1 1 2 -9 3.16 64
3 1011 1 -9 4.8 72
3 706 1 -9 5.2 75
2 712 1 -9 5 73
2 502 2 -9 2.44 61
1 403 1 -9 4.4 68
1 459 2 -9 3 54
1 87 1 -9 2.1 55
3 1061 1 -9 1.05 45
2 1119 1 -9 8 82
1 424 2 -9 2.5 64
1 166 2 -9 2.69 60
3 1 2 -9 5.6 80
1 305 2 -9 1.48 52
1 1 1 -9 1.43 51
1 1 2 -9 4.9 70
1 1 2 -9 4.9 72
1 389 1 -9 6 77
3 1099 1 -9 -9 55
3 1097 2 -9 -9 57
1 1 2 -9 2.4 71
1 1 2 -9 1.3 48
2 932 2 -9 1.62 51
2 567 1 -9 4.22 72
2 768 1 -9 1.66 54
2 578 1 -9 1.48 50
2 763 1 -9 0.86 46
3 1 1 -9 2.24 60
3 1 2 -9 3.98 66
3 660 2 -9 3.5 64
2 514 1 -9 4.16 73
1 1 2 -9 5.82 74
3 759 1 -9 1.8 60
1 34 1 -9 1.97 58
2 1044 1 -9 4.53 69
2 784 1 -9 2.2 57
1 465 2 -9 2.2 62
3 1 2 -9 4.6 73
3 1 2 -9 5.61 73
3 489 2 -9 14.9 123
3 1062 1 -9 6 78
2 807 2 -9 5.4 75
2 902 2 -9 2.4 55
1 311 1 -9 3.8 65
1 1 1 -9 -9 71
1 366 1 -9 1.52 53
2 553 2 -9 2.29 58
1 1 2 -9 5.1 71
2 566 1 -9 8.28 87
1 188 1 -9 3.6 67
1 1 1 -9 4.69 70
3 1 2 -9 3.1 61
3 1 2 -9 4.59 72
1 262 2 -9 2.26 57
2 637 1 -9 1.46 51
3 643 1 -9 5.68 74
1 1 2 -9 4.08 67
3 598 2 -9 7.34 82
3 503 2 -9 3.35 68
1 32 2 -9 3.06 59
1 32 2 -9 4.42 67
1 459 2 -9 3 53
3 1 1 -9 5.82 77
2 648 1 -9 5.2 75
2 825 2 -9 3.7 67
1 162 1 -9 1.59 50
2 610 1 -9 2.54 61
1 412 1 -9 1.22 49
1 1 2 -9 3.78 65
1 1 1 -9 3.88 68
1 1 1 -9 3.16 63
1 1 1 -9 4.08 69
1 1 1 -9 2.5 62
1 1 1 -9 9.18 89
3 1 2 -9 3.06 63
3 1 2 -9 8.94 87
1 1 1 -9 2.65 56
1 184 2 -9 3.28 64
3 1 2 -9 3.67 68
1 1 1 -9 4.8 69
1 1 2 -9 1.79 53
3 1 1 -9 2.55 60
1 255 2 -9 2.86 65
1 98 2 -9 1.51 53
1 228 2 -9 1.3 44
3 883 1 -9 3.14 65
1 37 1 -9 4.5 71
3 1 1 -9 6 77
1 447 2 -9 4.87 72
1 454 2 -9 2.54 61
3 1 1 -9 11.94 102
2 1115 2 -9 8.5 85
1 132 1 -9 4 69
1 219 1 -9 6.2 71
3 798 2 -9 1.84 56
1 303 2 -9 3 64
3 815 1 -9 13.9 94
1 1 2 -9 3.57 66
3 978 1 -9 2 55
1 1 1 -9 2.6 64
1 1 2 -9 2.8 61
2 797 1 -9 6.3 73
2 940 2 -9 3.59 67
2 577 1 -9 3.94 68
1 1 1 -9 4.18 68
1 391 2 -9 2.89 64
3 1 2 -9 2.5 60
3 1 1 -9 4.08 67
3 1 1 -9 8.47 85
1 277 1 -9 2.71 61
1 226 1 -9 4.58 71
1 223 1 -9 6.18 78
1 146 2 -9 4.6 67
2 521 1 -9 5.16 75
3 1010 1 -9 6.8 82
2 723 1 -9 3.66 62
3 751 1 -9 6.4 81
1 375 2 -9 3.8 65
1 378 2 -9 1.51 53
2 1124 1 -9 1.83 53
1 51 1 -9 4.32 68
1 59 2 -9 3.56 63
2 746 1 -9 5.8 79
1 125 2 -9 3.2 62
3 1107 1 -9 3.42 66
2 840 1 -9 3.84 68
1 426 2 -9 4.1 69
3 1084 1 -9 6.93 80
3 1 1 -9 4.3 72
3 750 1 -9 4 71
1 131 2 -9 2.4 62
1 1 1 -9 3.06 66
1 1 2 -9 3.57 67
1 1 2 -9 4 69
1 1 1 -9 4.08 68
1 386 1 -9 4.17 72
1 152 2 -9 4.44 70
1 444 2 -9 3 62
1 444 1 -9 9.4 75
1 291 1 -9 2.48 63
2 928 1 -9 7.87 82
3 549 2 -9 1.76 55
3 1 1 -9 2.96 69
3 1 2 -9 7.24 80
3 920 2 -9 4.37 72
2 699 1 -9 9.1 88
2 731 1 -9 8.11 80
2 670 1 -9 4.5 70
1 446 1 -9 3.49 65
3 1 2 -9 6.4 82
3 1 2 -9 4.18 67
3 1 2 -9 3.98 68
1 419 1 -9 5.4 80
2 891 1 -9 3 58
1 1 1 -9 3.8 64
2 587 1 -9 2.37 61
2 906 1 -9 2.3 59
3 950 1 -9 4.4 70
1 1 2 -9 3.16 64
1 1 1 -9 3.78 69
1 1 2 -9 1.12 48
1 1 1 -9 2.86 62
1 1 2 -9 3.16 62
1 1 1 -9 10.1 86
1 1 1 -9 9.08 86
1 292 1 -9 0.5 38
1 1 2 -9 3.2 62
3 1 1 -9 2.86 60
3 1 2 -9 4.39 69
3 1 1 -9 5 71
3 1 2 -9 2.19 57
3 1 1 -9 7.96 88
1 276 2 -9 1.16 46
1 105 2 -9 2.8 61
3 660 2 -9 6.7 80
3 694 1 -9 6.21 78
2 738 2 -9 5.64 76
3 600 2 -9 1.44 51
1 13 1 -9 0.6 45
1 1 2 -9 5.05 74
1 448 2 -9 4.2 67
3 839 2 -9 2.16 57
1 363 2 -9 4.02 70
1 208 1 -9 6.4 74
1 1 2 -9 3.15 67
2 1065 2 -9 2.2 57
2 591 2 -9 3.73 67
2 911 1 -9 4.84 72
3 1 1 -9 1.81 55
3 677 2 -9 2.8 61
2 915 2 -9 4.3 71
1 1 2 -9 4.49 70
1 1 1 -9 4.08 68
1 48 1 -9 2.94 63
2 780 1 -9 4.64 74
1 242 2 -9 9.2 89
2 543 1 -9 6.65 82
1 1 2 -9 2.96 60
3 1 1 -9 2.76 61
3 1 2 -9 2.45 58
1 251 1 -9 3.46 65
1 234 2 -9 4.91 71
2 654 1 -9 6.5 73
3 760 1 -9 4.8 74
1 77 2 -9 2.4 54
3 1 1 -9 4.13 67
2 832 1 -9 7.24 82
1 295 2 -9 4.2 67
1 19 1 -9 4.7 70
1 23 2 -9 3.09 60
1 1 1 -9 1.73 56
1 1 2 -9 3.1 69
2 900 1 -9 2.4 58
3 819 2 -9 3.7 68
3 681 1 -9 2.2 61
1 1 1 -9 4.29 70
1 111 1 -9 1.1 53
1 62 1 -9 3.2 63
1 1 2 -9 6.5 70
3 1 2 -9 1.79 52
2 1025 1 -9 3.82 68
3 664 2 -9 8.6 92
1 197 2 -9 2.14 55
1 1 2 -9 3.57 67
1 185 2 -9 1.7 53
3 1 1 -9 3.16 64
1 1 1 -9 2.86 63
2 522 1 -9 4.6 79
3 1 2 -9 1.8 59
3 1 1 -9 3.37 65
3 1 1 -9 2.91 61
1 138 1 -9 5.4 73
2 517 1 -9 7.98 82
1 70 2 -9 3.4 67
1 163 1 -9 1.52 50
1 350 2 -9 4.51 70
1 344 1 -9 8.2 90
3 584 1 -9 8.11 83
2 608 2 -9 1.16 49
3 1050 1 -9 2.45 60
1 1 1 -9 3.88 68
3 1 2 -9 3.32 62
1 249 2 -9 6.3 74
2 539 2 -9 3.71 65
1 188 1 -9 1.2 51
1 1 1 -9 5.1 75
3 1 1 -9 11 98
1 469 1 -9 3.52 70
2 1066 1 -9 6.4 82
2 1067 2 -9 7.49 82
2 724 1 -9 4.89 74
2 527 1 -9 3.5 66
3 1 1 -9 7.3 83
1 58 1 -9 3.44 65
1 78 2 -9 5.3 73
2 649 1 -9 6.05 76
1 149 1 -9 2.4 58
1 299 1 -9 4.4 74
3 836 1 -9 4.52 72
1 1 2 -9 2.55 64
3 799 1 -9 2.31 60
1 1 1 -9 2.9 65
3 804 2 -9 3.83 67
3 810 1 -9 2.9 60
1 1 2 -9 4.49 66
1 1 1 -9 9.18 86
1 479 2 -9 6.5 81
1 1 2 -9 1.9 54
1 47 2 -9 4.22 69
1 1 2 -9 3.8 66
1 390 2 -9 2.06 58
3 1 1 -9 12.5 95
3 1 1 -9 3.06 64
2 1020 2 -9 6.5 75
1 14 1 -9 4.8 72
3 503 2 -9 0.61 38
1 73 2 -9 3.4 65
1 440 1 -9 5.92 71
1 438 2 -9 3.1 62
1 202 2 -9 4.5 70
1 330 2 -9 5.16 71
2 790 2 -9 8.2 82
1 305 1 -9 3.54 67
2 1093 1 -9 3.3 67
2 918 1 -9 5.3 75
1 324 1 -9 3.22 64
3 976 1 -9 6.4 80
3 1028 1 -9 5.69 78
1 293 1 -9 4.38 73
1 1 1 -9 7 84
3 1133 2 -9 3.27 62
3 1130 1 -9 2.39 62
3 1 2 -9 2.55 57
1 197 1 -9 1.38 50
3 1 1 -9 9.25 89
1 1 1 -9 3.57 65
3 1 1 -9 9.8 90
3 1 2 -9 3.11 62
3 1 2 -9 3.27 69
1 173 2 -9 2.1 57
3 1011 1 -9 2.1 51
2 732 2 -9 4.05 70
3 1 2 -9 3.5 68
2 504 2 -9 3.7 76
2 621 1 -9 1.97 56
2 606 1 -9 3.36 66
3 794 1 -9 3.7 69
1 430 1 -9 2.9 66
3 703 1 -9 1.9 55
1 1 1 -9 5 70
1 243 2 -9 2.49 63
1 326 2 -9 1.32 50
1 1 1 -9 2.7 61
1 1 2 -9 8.37 86
1 289 2 -9 1.76 53
3 1030 2 -9 1.54 51
1 1 2 -9 4.2 66
1 436 1 -9 4 67
2 767 2 -9 2.85 62
1 82 2 -9 3 61
1 1 1 -9 1.43 52
3 1 1 -9 12.76 102
3 1 1 -9 5.71 76
1 467 2 -9 5.92 70
2 1069 2 -9 5.35 73
2 709 2 -9 4.2 68
2 708 2 -9 5.4 75
1 64 1 -9 2.3 60
1 447 1 -9 1.56 56
1 1 1 -9 5.1 73
1 20 1 -9 2.33 54
2 616 1 -9 1.04 45
2 607 2 -9 2.24 60
2 1112 2 -9 3.41 65
1 1 1 -9 5.6 81
3 498 2 -9 3.34 68
3 866 2 -9 2.41 60
1 371 2 -9 1.64 53
1 1 2 -9 2.8 64
1 1 1 -9 12.1 93
3 871 2 -9 1.22 50
3 1 2 -9 5.46 72
2 944 2 -9 4.16 71
3 1 1 -9 1.2 56
3 1 2 -9 3.3 64
1 1 2 -9 2.45 59
3 1 2 -9 4.49 72
2 640 2 -9 2.78 62
1 140 1 -9 3.4 65
1 147 2 -9 3.1 64
2 689 1 -9 4.3 70
2 513 1 -9 3.88 64
2 699 1 -9 5.4 74
3 1 1 -9 10 84
1 63 1 -9 4.4 68
1 374 2 -9 2.9 60
2 825 1 -9 3 66
2 879 2 -9 3.09 63
1 19 2 -9 3.8 69
2 876 2 -9 1.86 59
2 606 1 -9 3.32 63
2 1110 1 -9 4.33 71
1 1 2 -9 5.4 75
1 480 1 -9 2.5 60
1 1 2 -9 2.5 66
1 1 1 -9 1.5 52
3 1 1 -9 6.12 75
3 1 1 -9 3.21 62
3 1 2 -9 4.08 66
3 1 1 -9 3.78 68
1 1 1 -9 5.1 71
1 1 2 -9 1.84 56
3 1 2 -9 9.49 90
3 1 2 -9 2.76 62
3 1 1 -9 2.35 58
3 1 1 -9 4.8 72
1 281 2 -9 2.24 57
2 659 1 -9 6.9 82
2 741 1 -9 4.29 72
2 723 1 -9 4.8 70
2 711 2 -9 5.6 79
1 17 1 -9 4.8 72
1 1 2 -9 1.99 57
3 1 2 -9 4.59 75
2 744 2 -9 3 64
1 22 1 -9 3.02 62
2 786 1 -9 2 59
1 343 2 -9 2.4 56
3 953 1 -9 5.3 76
2 846 1 -9 2.4 59
1 1 2 -9 5.1 73
1 238 1 -9 4 65
1 316 1 -9 2.4 60
1 1 1 -9 13.06 98
3 1135 1 -9 9.03 85
3 1131 1 -9 1.91 56
2 530 2 -9 4.25 70
3 937 2 -9 1.11 47
1 186 1 -9 1.4 53
3 1 1 -9 3.37 65
3 1 1 -9 2.24 57
1 261 2 -9 3.63 66
2 630 2 -9 3.68 68
1 144 2 -9 2.44 59
2 736 2 -9 1.02 46
2 737 2 -9 2.24 57
1 1 1 -9 5 71
1 399 1 -9 2.7 62
1 74 2 -9 4.8 66
3 1 2 -9 2.86 64
1 51 2 -9 2.12 62
2 742 1 -9 6 78
2 966 1 -9 2.5 60
1 12 2 -9 7.5 82
1 159 2 -9 3.5 64
1 1 1 -9 5.3 76
1 9 2 -9 2.22 53
1 1 2 -9 2.4 61
2 593 1 -9 2.44 60
3 1 2 -9 4.67 72
1 30 1 -9 2.8 62
2 1139 1 -9 5.91 77
1 466 2 -9 6.2 76
1 194 2 -9 4.3 70
2 847 1 -9 4.3 71
1 1 1 -9 3.26 66
1 1 1 -9 4.29 69
1 1 2 -9 5.92 80
1 1 1 -9 2.96 65
1 410 2 -9 4.5 70
1 294 2 -9 5 74
3 1099 1 -9 -9 51
3 1026 2 -9 2.58 62
3 936 1 -9 5.3 78
2 1143 2 -9 2.86 61
1 200 1 -9 3 62
1 1 1 -9 2.96 64
1 1 2 -9 2.96 61
3 1 2 -9 2.2 57
3 1 1 -9 3.47 69
1 230 2 -9 4.1 69
3 1 1 -9 5.3 65
2 1043 1 -9 1.75 54
1 78 1 -9 4.5 70
3 1 2 -9 3.67 67
2 995 1 -9 6.3 67
2 647 1 -9 5.15 74
1 298 1 -9 4 70
1 300 2 -9 5.1 72
1 296 1 -9 4.6 71
3 833 1 -9 4.93 71
2 808 1 -9 5.7 77
3 1 2 -9 2 55
3 619 2 -9 3.5 68
1 1 2 -9 8.27 82
1 1 1 -9 1.5 50
2 973 1 -9 5.8 75
1 1 1 -9 2.7 62
3 1 1 -9 1.73 52
1 170 1 -9 2.13 47
2 774 2 -9 3.01 62
2 570 1 -9 4.83 74
3 1 1 -9 13.83 100
3 1 2 -9 3.78 67
3 697 1 -9 3.32 67
3 1 1 -9 4.4 67
2 730 1 -9 10.45 88
2 1127 2 -9 5.91 74
1 60 1 -9 4.52 70
1 84 1 -9 4.5 74
2 824 2 -9 2.3 57
2 747 2 -9 9.2 85
3 834 1 -9 5.48 75
1 133 2 -9 3.1 60
2 844 2 -9 3.9 65
2 845 2 -9 3.1 63
1 1 2 -9 2.24 58
1 155 1 -9 2.84 61
2 955 1 -9 7.75 81
1 312 1 -9 5 72
3 1 1 -9 1.63 53
3 1 2 -9 3.47 69
2 564 1 -9 4.5 73
2 858 1 -9 4.68 71
1 1 2 -9 3.16 62
1 1 2 -9 2.14 55
3 1 1 -9 2.4 60
1 1 1 -9 4.29 67
3 1 2 -9 3.06 65
3 1 1 -9 7.14 83
3 1 2 -9 4.39 72
1 261 1 -9 4.45 67
1 220 2 -9 3.38 65
2 690 2 -9 2.87 64
2 654 2 -9 2.1 53
2 675 1 -9 6.6 77
1 407 1 -9 5.48 73
3 1 1 -9 5.61 82
1 126 2 -9 0.7 41
3 925 1 -9 1 49
1 201 2 -9 1.2 48
2 901 2 -9 2.2 56
2 1086 1 -9 5.46 76
1 432 2 -9 3.4 64
2 1092 1 -9 5.2 71
3 811 2 -9 2.5 58
3 818 1 -9 5.4 78
1 1 2 -9 3.06 62
2 1005 2 -9 8.2 84
1 480 2 -9 1.2 49
1 150 1 -9 1.96 56
1 1 1 -9 3.4 65
1 1 1 -9 4.2 69
3 1 2 -9 2.14 54
2 531 1 -9 1.48 52
3 938 1 -9 1.29 53
1 1 2 -9 5.31 71
1 264 2 -9 1.16 47
3 1 1 -9 2.1 57
1 1 1 -9 3.3 65
2 658 1 -9 2.5 60
2 581 1 -9 1.28 51
3 755 2 -9 5.6 73
1 320 1 -9 4.2 65
3 718 2 -9 3.2 66
2 674 2 -9 6.44 76
1 56 2 -9 3.22 63
2 1 2 -9 1.12 48
1 388 1 -9 1.4 51
2 650 1 -9 1.37 49
3 1063 1 -9 5.5 74
2 1118 2 -9 5.8 70
2 841 2 -9 5.62 77
1 218 2 -9 4.1 66
1 1 2 -9 2.05 62
3 1083 2 -9 1.53 52
3 849 2 -9 5.4 73
1 321 2 -9 3.2 65
1 239 2 -9 3.28 65
1 1 2 -9 3.37 65
1 1 1 -9 7.04 80
2 974 2 -9 7.6 81
1 435 1 -9 10.8 87
3 1 1 -9 2.04 54
1 1 1 -9 2.86 63
1 231 1 -9 9.4 88
2 515 1 -9 4.04 73
1 1 1 -9 3.27 64
2 710 1 -9 3.8 67
3 719 2 -9 3.5 66
1 65 1 -9 4.2 72
3 1 1 -9 3 63
1 84 2 -9 3.1 60
2 826 1 -9 5.5 77
2 1122 2 -9 5 69
2 1121 2 -9 6 73
2 878 1 -9 4.72 70
1 157 2 -9 3.68 71
1 1 2 -9 1.94 57
2 899 2 -9 1.8 55
3 1 1 -9 2.45 57
2 1081 2 -9 9.78 87
3 750 1 -9 3.8 66
3 704 1 -9 3.2 63
1 1 1 -9 2.55 62
1 110 1 -9 2.8 65
1 396 1 -9 1.1 74
2 473 2 -9 6.4 82
3 1 2 -9 2.5 56
3 548 1 -9 7.16 83
2 544 1 -9 7.33 81
1 1 1 -9 6.3 79
3 1 2 -9 2.55 59
3 1 2 -9 8.37 87
3 1 1 -9 6.63 76
1 260 1 -9 4.35 68
1 281 1 -9 3.87 68
2 735 2 -9 6.1 76
2 580 2 -9 2.4 63
2 491 1 -9 11.34 90
2 853 1 -9 6.6 82
2 729 1 -9 10 89
2 525 2 -9 5.5 72
1 67 2 -9 1.7 53
3 1038 2 -9 2.3 57
1 406 2 -9 1.68 55
3 1 1 -9 8.47 84
1 109 2 -9 5.2 70
1 21 1 -9 7.33 79
3 964 1 -9 3 60
3 1051 2 -9 2.45 60
3 1 1 -9 6.8 82
1 309 1 -9 0.38 33
1 40 2 -9 4.65 69
3 813 2 -9 2 58
1 413 1 -9 1.8 54
3 686 2 -9 1.88 57
1 1 1 -9 4.29 70
1 385 1 -9 2.35 60
1 1 2 -9 5.6 80
3 869 1 -9 6.79 83
3 1 2 -9 2.14 57
3 937 2 -9 2.43 59
1 1 1 -9 2.35 57
3 1 1 -9 2.65 60
2 1 1 -9 4.8 71
1 276 1 -9 1.76 52
1 265 2 -9 1.78 55
2 1018 1 -9 3.4 67
1 221 2 -9 2.85 65
3 1049 1 -9 1.7 54
1 404 2 -9 2.26 57
3 998 2 -9 1.24 48
2 1120 1 -9 3.4 62
3 626 1 -9 2.7 62
1 210 1 -9 6.5 76
3 668 1 -9 2.2 59
1 1 1 -9 4.59 72
1 1 1 -9 13.67 101
1 1 2 -9 3.06 65
1 112 1 -9 1 48
1 410 2 -9 3.2 64
1 428 1 -9 4 65
3 969 2 -9 4.5 72
3 969 1 -9 7.8 81
1 290 1 -9 3.54 68
3 868 1 -9 4.13 71
3 1 1 -9 12.55 87
1 240 2 -9 3 42
1 287 1 -9 1.5 51
2 572 1 -9 3.2 65
2 579 1 -9 7.24 83
1 1 2 -9 3.27 63
1 1 1 -9 4.29 73
3 860 2 -9 3.7 69
1 395 1 -9 3.4 67
3 1 1 -9 2.35 60
3 1 2 -9 4.59 72
3 1 1 -9 3.52 66
1 233 2 -9 4.36 73
1 227 2 -9 2.7 58
1 139 1 -9 5.5 73
1 107 1 -9 3.44 66
3 645 2 -9 1.65 54
1 374 1 -9 9.96 85
1 400 2 -9 3.99 68
1 34 2 -9 1.68 51
1 339 2 -9 4.2 71
2 1127 1 -9 5.34 74
3 1 1 -9 2.7 61
2 1014 2 -9 3.2 61
1 1 1 -9 3.2 68
1 359 1 -9 1.32 50
1 475 1 -9 5.02 76
1 1 1 -9 1.85 59
3 799 1 -9 3.89 67
1 1 1 -9 2.35 61
2 909 1 -9 4.24 70
2 912 2 -9 7.63 67
2 989 1 -9 7.32 83
1 1 1 -9 4.29 69
1 479 1 -9 6.3 78
3 1134 2 -9 7.76 81
1 248 2 -9 2.4 57
1 49 2 -9 4.2 71
2 529 1 -9 6.86 73
1 1 2 -9 2.6 59
1 1 1 -9 2.24 55
1 1 2 -9 4.9 70
2 1142 2 -9 3.49 64
3 1 1 -9 3.78 67
3 1 1 -9 2.55 59
3 1048 2 -9 2.4 55
1 141 1 -9 2.84 62
2 735 1 -9 4.22 72
2 491 1 -9 3.3 63
3 1 1 -9 3.67 69
1 449 1 -9 2.8 57
2 652 1 -9 4.25 69
2 888 2 -9 3.8 63
2 852 2 -9 1.3 49
1 300 1 -9 3 66
1 215 2 -9 1.6 50
2 965 1 -9 7.6 82
3 667 1 -9 1.4 48
2 958 1 -9 4.2 70
3 1056 1 -9 1.46 50
3 951 2 -9 1.5 51
2 913 1 -9 3.08 64
2 848 2 -9 4.2 69
1 1 2 -9 4.8 72
3 1094 2 -9 -9 65
1 137 1 -9 3.1 64
2 535 2 -9 4.2 75
1 1 1 -9 3.83 68
3 1 2 -9 2.2 65
3 1 1 -9 7.14 79
3 1 2 -9 6.84 81
2 924 2 -9 2.52 58
3 1 1 -9 3.78 69
2 523 2 -9 6 78
1 80 2 -9 4.3 67
3 1 2 -9 2.3 60
2 824 2 -9 3.1 64
1 353 1 -9 2.86 64
2 881 2 -9 8.66 84
1 355 2 -9 4.99 71
3 485 1 -9 5.4 71
2 1104 1 -9 3.3 72
2 989 1 -9 2.91 64
2 1140 2 -9 3.08 63
2 499 1 -9 4.58 74
3 865 1 -9 1.57 52
3 1 2 -9 11.17 94
1 1 1 -9 1.45 49
1 196 2 -9 3.8 69
2 763 1 -9 2.07 59
3 1 1 -9 4.69 74
1 1 1 -9 5.1 75
3 1 1 -9 11.53 97
3 1 2 -9 3.88 69
1 225 2 -9 2.88 63
3 597 1 -9 3.16 65
1 375 1 -9 5.22 73
1 72 2 -9 1.8 61
1 440 1 -9 1.5 50
3 1 2 -9 3 66
1 55 1 -9 2.48 57
1 55 2 -9 3.78 65
2 994 2 -9 3.9 66
1 211 1 -9 5 71
1 25 2 -9 5.22 64
2 614 2 -9 1.8 53
2 988 1 -9 2.36 59
1 118 1 -9 1 46
1 42 2 -9 2.13 58
2 1088 1 -9 9 87
3 849 1 -9 1.6 50
1 1 1 -9 3.27 65
1 1 1 -9 5.41 73
1 1 2 -9 3.2 63
3 1 1 -9 9.08 85
2 1006 2 -9 7.6 78
1 27 2 -9 3.4 65
1 27 2 -9 6.7 74
3 1029 2 -9 2.46 58
2 929 1 -9 11.2 92
2 541 1 -9 4.53 72
1 1 2 -9 2.86 62
1 1 2 -9 2.55 64
1 1 2 -9 7.76 86
3 1 2 -9 2.76 62
1 257 2 -9 2.6 63
1 174 1 -9 1.9 56
3 922 2 -9 2.14 53
3 1008 1 -9 3.9 67
1 338 1 -9 -9 70
1 454 1 -9 1.9 56
3 1 2 -9 3.16 63
3 1 1 -9 3.01 58
3 1 2 -9 3.06 61
3 1060 2 -9 1.65 55
1 165 1 -9 3.54 64
1 1 1 -9 5 73
1 211 1 -9 2.6 58
2 608 2 -9 2.58 62
2 589 1 -9 11.47 95
2 1081 1 -9 4.6 70
3 1 1 -9 2.67 62
1 431 2 -9 1.9 56
2 1091 2 -9 7 78
1 1 1 -9 3.06 61
1 1 2 -9 2.55 60
1 1 2 -9 4.08 67
1 239 1 -9 5.82 74
1 312 2 -9 4.5 77
3 1 1 -9 2.65 61
1 183 1 -9 1.64 52
1 251 1 -9 2.53 61
1 267 2 -9 3.26 65
1 275 2 -9 1.74 53
1 274 2 -9 1.38 47
2 1018 1 -9 4.1 72
1 143 1 -9 2.77 63
1 399 2 -9 6.2 73
2 673 1 -9 6.9 76
3 1037 1 -9 2.3 56
3 1 1 -9 4.49 70
2 1074 2 -9 3.2 63
2 1116 1 -9 10.5 94
3 626 1 -9 2.3 59
1 332 1 -9 7.22 72
3 1056 1 -9 3.1 63
3 1 1 -9 8.61 87
3 1 2 -9 4.2 66
1 29 2 -9 2.9 61
1 39 1 -9 1.22 49
1 417 1 -9 4.21 70
1 1 2 -9 4.18 71
1 1 1 -9 11.53 91
1 389 2 -9 5.4 80
1 368 2 -9 6.03 75
1 373 1 -9 2.1 58
1 1 2 -9 4.3 73
3 867 2 -9 2.51 62
2 574 1 -9 2.54 61
1 1 1 -9 3.47 64
3 1 2 -9 5 81
1 252 1 -9 7.8 84
1 142 1 -9 1.69 54
3 1 1 -9 3.4 64
1 408 2 -9 1.18 48
3 624 2 -9 2.55 66
1 166 1 -9 5.22 75
1 1 1 -9 3.8 68
2 879 2 -9 4.14 69
2 877 1 -9 6.68 78
1 358 1 -9 3.9 69
3 601 2 -9 1.18 46
2 808 1 -9 6.8 80
2 1102 2 -9 2.35 57
2 1082 1 -9 5.97 78
1 309 1 -9 1.76 50
1 412 1 -9 5.44 72
1 325 1 -9 5.02 71
1 1 1 -9 3.06 63
1 1 2 -9 2.2 60
3 1030 2 -9 2.46 59
1 1 2 -9 2.8 62
2 563 2 -9 2.4 66
1 247 1 -9 3.5 64
2 534 1 -9 1.42 51
2 570 2 -9 3.16 62
1 1 2 -9 3.27 63
3 1 2 -9 2.35 61
2 1070 1 -9 2.53 61
2 856 1 -9 7.8 80
2 738 1 -9 2.76 62
3 697 1 -9 2.34 61
3 715 1 -9 6.6 80
3 717 2 -9 3.6 81
1 462 2 -9 3 58
3 1016 1 -9 1.84 53
3 1147 2 -9 3.14 63
2 587 1 -9 6.73 82
3 803 1 -9 2.57 59
3 898 1 -9 2.1 56
2 910 1 -9 2.97 62
1 1 1 -9 6.12 72
1 1 1 -9 11.6 98
1 6 2 -9 2.4 58
2 954 2 -9 5.37 72
3 872 2 -9 7.76 74
3 1 2 -9 3.57 65
3 1 1 -9 8.8 85
3 1136 1 -9 2.55 59
2 533 1 -9 5.54 75
2 769 1 -9 1.39 50
3 1 2 -9 2.76 65
3 1 2 -9 6.22 76
2 638 1 -9 8.58 82
2 636 2 -9 3.88 64
3 1 1 -9 9.5 85
1 380 2 -9 3.09 65
3 1 2 -9 1.7 52
2 609 2 -9 3.88 68
2 785 1 -9 2.3 60
3 949 1 -9 2 56
3 1 1 -9 2.98 64
2 501 1 -9 9.82 92
1 431 2 -9 3.1 60
3 818 1 -9 3.1 63
2 848 1 -9 4.2 69
3 582 2 -9 4.8 91
1 1 1 -9 4.18 71
2 496 1 -9 3.24 65
1 135 1 -9 5.6 77
3 1027 1 -9 1.82 55
2 954 1 -9 2.24 57
3 873 2 -9 2.17 55
3 1132 1 -9 4.71 71
2 941 1 -9 3.61 68
1 1 1 -9 1.43 55
2 576 1 -9 7.84 85
1 82 2 -9 2.8 61
1 393 2 -9 2.89 67
1 270 2 -9 2.12 59
3 1 1 -9 2.9 64
3 643 2 -9 4 70
2 653 2 -9 2 56
2 493 2 -9 3.89 69
1 14 1 -9 2 53
2 675 1 -9 7.5 79
2 670 2 -9 2.9 61
1 341 2 -9 7.3 85
3 1 1 -9 8.9 88
3 1 1 -9 3.5 64
3 1 1 -9 3.5 66
1 1 1 -9 4.8 70
1 209 1 -9 7.5 80
3 602 1 -9 2.35 60
1 10 2 -9 2.28 58
3 905 1 -9 4.2 67
1 119 1 -9 4.8 73
1 1 2 -9 4.59 69
1 1 2 -9 5.71 74
1 31 2 -9 3.1 62
2 973 1 -9 2.2 60
3 971 1 -9 7.8 86
1 1 2 -9 2.7 66
1 1 2 -9 2.8 66
1 48 2 -9 4.01 70
2 536 1 -9 5.97 75
2 539 2 -9 4.03 71
1 1 1 -9 5.61 72
1 1 1 -9 2.14 59
1 101 2 -9 3.38 65
1 139 1 -9 9.2 83
3 646 1 -9 1.99 57
3 922 2 -9 4.9 71
3 1008 1 -9 1.6 52
2 658 1 -9 5.5 76
2 655 1 -9 5 75
1 1 1 -9 1.22 51
3 1 2 -9 2.76 59
3 1 2 -9 2.76 64
3 1 2 -9 4.08 64
2 1118 2 -9 5 71
2 882 1 -9 2.24 59
2 894 1 -9 2.5 60
2 594 1 -9 4.58 72
1 1 2 -9 4.18 69
1 1 1 -9 3.88 71
1 1 2 -9 4 71
3 549 2 -9 1.22 50
1 1 2 -9 3.06 62
3 1 1 -9 5.82 75
1 253 1 -9 1.15 46
1 145 2 -9 4.83 71
3 755 2 -9 6.4 78
1 114 2 -9 3 64
1 401 1 -9 4.04 67
2 1125 1 -9 2.06 57
1 340 2 -9 8 86
1 367 1 -9 3 68
1 461 2 -9 3.5 64
1 79 2 -9 5.4 68
2 1114 1 -9 4.25 67
2 620 2 -9 1.2 47
1 1 2 -9 2.4 60
3 494 1 -9 1.22 44
3 953 1 -9 2.4 57
2 1085 2 -9 4.82 69
1 1 1 -9 6.43 75
1 1 1 -9 2.3 63
1 1 1 -9 5 74
1 1 2 -9 3.06 63
3 1 2 -9 2.96 63
1 1 1 -9 3.9 74
1 49 2 -9 3.6 64
2 944 1 -9 8.43 85
1 177 1 -9 2.9 58
2 640 1 -9 6.62 79
1 470 2 -9 2.98 62
1 141 2 -9 3.65 65
2 512 2 -9 3.94 69
3 509 2 -9 2.61 61
3 693 2 -9 3.5 68
1 1 1 -9 3.16 64
1 1 1 -9 4.49 69
2 524 1 -9 4.6 71
1 83 2 -9 -9 64
3 997 1 -9 8.3 85
3 1015 2 -9 0.44 36
2 1033 1 -9 5.94 74
2 1034 1 -9 3.8 68
2 623 2 -9 3.7 68
1 203 2 -9 1.2 39
1 1 1 -9 3.9 66
2 965 2 -9 2.5 60
3 1 1 -9 3 65
3 1 2 -9 2.38 57
1 433 1 -9 2.3 60
1 416 1 -9 1.43 51
1 1 1 -9 3.27 70
1 1 1 -9 2.65 60
1 1 2 -9 1.7 57
1 1 1 -9 2.1 55
1 1 1 -9 3.47 66
2 770 1 -9 2.87 62
1 1 2 -9 3.57 72
1 1 1 -9 3.47 63
1 1 2 -9 4.69 71
1 1 1 -9 5.71 74
1 278 1 -9 2.54 63
1 106 1 -9 2.46 58
3 646 2 -9 1.83 56
2 519 1 -9 6.32 79
2 854 1 -9 4.9 75
3 1 1 -9 2.55 60
3 1 1 -9 2.35 54
3 1003 1 -9 5 72
2 1122 2 -9 6.5 76
3 822 1 -9 5.6 76
2 832 1 -9 0.94 45
1 357 2 -9 2.02 57
3 798 2 -9 1.65 55
3 952 2 -9 3 57
2 1087 1 -9 2.36 59
2 987 2 -9 6.22 77
1 1 2 -9 4.49 70
1 481 2 -9 2.1 59
1 313 2 -9 2 58
2 472 1 -9 3.62 69
1 1 2 -9 2.6 63
2 561 2 -9 3.18 65
2 559 1 -9 2.77 61
2 532 2 -9 3.61 68
1 1 1 -9 2.86 63
1 1 1 -9 4.39 69
3 1 1 -9 6.8 80
2 1137 2 -9 3.12 59
1 271 1 -9 2.98 60
3 1 2 -9 2.4 59
2 635 1 -9 3.64 67
2 691 1 -9 3.91 70
3 695 2 -9 2.72 63
2 1047 2 -9 2.3 58
2 1046 2 -9 2.1 55
3 760 2 -9 4.2 64
3 720 1 -9 6 77
1 1 2 -9 3.62 66
1 459 2 -9 3 53
1 86 2 -9 4.6 68
2 881 2 -9 3.32 67
1 420 2 -9 3.4 66
1 206 1 -9 4.1 69
3 963 2 -9 11.4 94
3 805 1 -9 3.29 65
2 500 1 -9 2.66 65
1 307 1 -9 11.11 90
1 417 2 -9 5.56 77
1 1 1 -9 3.88 67
1 61 1 -9 2.3 56
1 1 1 -9 8.16 88
1 151 1 -9 8.75 84
1 1 2 -9 4.5 73
1 1 2 -9 5.4 74
1 1 1 -9 5.2 70
3 1 2 -9 1.33 49
3 1 2 -9 5.26 70
1 171 2 -9 1.02 36
2 571 1 -9 9.54 88
3 1 1 -9 3.67 66
3 1 2 -9 4.08 71
1 91 1 -9 3.3 64
2 628 1 -9 5.08 74
2 512 1 -9 7.66 85
3 662 1 -9 4.5 71
1 449 1 -9 3 60
1 488 1 -9 6.6 81
1 161 2 -9 1.71 54
3 963 1 -9 4.6 70
3 960 1 -9 6.3 75
2 786 1 -9 3.1 64
1 1 2 -9 3.98 65
1 28 2 -9 5.6 72
3 1 2 -9 5.31 73
2 565 1 -9 7.35 84
2 576 2 -9 5.62 76
1 186 2 -9 0.8 44
1 1 2 -9 3.78 67
3 1 1 -9 3.3 59
3 1 2 -9 2.5 63
1 1 2 -9 2.55 59
2 520 1 -9 4.9 72
3 1010 2 -9 0.82 46
3 1 1 -9 7.6 81
2 502 2 -9 7.37 85
3 722 2 -9 2.4 59
1 1 1 -9 1.89 60
3 1004 2 -9 4.95 68
2 1075 1 -9 2.7 62
2 749 1 -9 2.5 57
2 878 1 -9 4.46 70
1 96 1 -9 4.2 67
1 1 2 -9 4.3 77
2 806 2 -9 -9 74
1 117 1 -9 2.4 62
1 414 2 -9 7.23 78
1 434 2 -9 5.7 72
1 1 2 -9 2.9 63
1 1 1 -9 6.94 82
1 154 2 -9 1.89 56
1 152 1 -9 2 56
1 199 1 -9 4.04 66
1 1 1 -9 4.9 74
1 1 1 -9 2.35 58
3 1 1 -9 5.71 78
1 180 2 -9 4.2 81
3 1 1 -9 3.9 65
3 759 1 -9 6.8 78
3 1 2 -9 1.82 54
1 54 1 -9 2.84 63
1 50 1 -9 2.24 59
2 649 2 -9 7.1 79
2 1075 1 -9 1.4 51
2 891 2 -9 4.4 66
2 477 1 -9 5.88 79
1 337 1 -9 2.8 61
3 961 1 -9 3.5 66
3 584 1 -9 6.92 80
3 804 1 -9 4.8 71
3 1 2 -9 1.95 57
2 1139 1 -9 4.28 70
3 702 1 -9 4.6 71
1 1 1 -9 3.67 66
1 1 1 -9 2.45 57
1 294 1 -9 2.2 57
3 1129 1 -9 9.09 83
3 1129 1 -9 10.47 94
3 1 1 -9 4.23 68
1 377 1 -9 5.1 94
2 930 2 -9 2.42 57
1 1 2 -9 2.4 57
1 1 1 -9 3.88 67
1 1 2 -9 4.08 68
3 1 1 -9 2.2 60
1 1 1 -9 7.86 82
1 393 1 -9 3.28 70
3 1 2 -9 6.2 75
3 1 2 -9 2.7 66
3 1 1 -9 4.59 68
2 636 2 -9 7.2 83
3 884 2 -9 4.56 72
2 657 1 -9 4.2 69
1 70 1 -9 3.6 66
1 33 2 -9 3.41 67
1 74 2 -9 3.8 62
1 87 2 -9 2.9 62
2 1012 2 -9 1.62 53
2 623 2 -9 1.53 52
1 301 1 -9 4 66
1 354 2 -9 2.26 56
2 875 2 -9 1.97 58
1 1 2 -9 4.1 73
1 1 1 -9 1.85 57
2 893 1 -9 6.5 83
2 901 1 -9 3.7 67
2 1103 2 -9 5.28 74
3 702 1 -9 4.3 68
1 1 2 -9 2.86 64
3 1029 1 -9 1.34 46
1 1 2 -9 9.4 85
3 1 2 -9 4.82 73
2 781 2 -9 9.66 92
2 506 2 -9 5.81 79
2 935 1 -9 4.19 69
1 1 2 -9 3.27 64
1 1 2 -9 3.67 64
3 1 2 -9 5.51 76
2 1019 1 -9 2.2 57
1 99 2 -9 2.26 56
3 1 2 -9 2.8 59
1 17 1 -9 3.2 66
2 527 2 -9 4.6 74
1 441 1 -9 6.76 73
1 401 1 -9 5.35 72
3 1 1 -9 3.01 61
3 1 1 -9 5.61 79
1 85 1 -9 0.9 45
3 1059 2 -9 5.3 74
3 1061 2 -9 3.9 68
1 1 2 -9 1.85 56
2 906 1 -9 1.4 50
1 307 1 -9 3.8 65
3 705 2 -9 6.8 77
2 1090 2 -9 5.6 71
1 194 2 -9 6.4 74
1 396 2 -9 5 49
1 1 1 -9 2.6 65
1 1 2 -9 -9 60
3 868 1 -9 2.76 64
3 1130 2 -9 0.94 43
3 1 2 -9 3.27 62
3 1 2 -9 3.32 61
1 1 1 -9 5.2 73
3 1 2 -9 1.43 50
2 639 1 -9 5.14 75
1 221 1 -9 5.29 73
1 224 2 -9 2.97 62
1 220 2 -9 2.69 61
2 688 1 -9 2.56 60
1 58 2 -9 2.96 64
3 1 2 -9 2.9 61
3 1 1 -9 2.6 57
2 1074 2 -9 1.3 46
2 1076 1 -9 1.8 52
1 418 2 -9 0.89 43
1 1 1 -9 10.61 88
1 1 2 -9 2.35 60
1 1 2 -9 3.2 64
3 1 1 -9 2.76 60
1 28 2 -9 3.6 65
3 1097 2 -9 -9 75
2 557 1 -9 5.36 82
