1 95 1 -9 4 65
1 270 1 -9 2.95 62
1 1 2 -9 8.54 84
2 525 2 -9 3.8 64
1 66 1 -9 6.2 80
1 327 2 -9 2.22 59
1 1 1 -9 6.73 77
1 1 1 -9 11.33 87
1 1 1 -9 3.53 66
1 1 1 -9 3.32 64
1 1 2 -9 1.56 52
1 1 1 -9 6.28 77
2 583 1 -9 13.09 101
2 612 2 -9 7.66 84
2 408 1 -9 2.18 57
2 366 2 -9 2.74 62
2 609 1 -9 3.8 73
2 445 1 -9 3.36 65
1 1 1 -9 3.8 72
2 593 1 -9 9.36 90
2 1 1 -9 2.45 59
2 1 2 -9 4.18 74
2 1 1 -9 4.39 70
2 1 1 -9 7.96 85
2 4 1 -9 -9 66
2 3 1 -9 -9 56
1 194 1 -9 6.12 77
1 70 2 -9 6.2 80
1 1 2 -9 2.96 64
1 53 1 -9 2 55
1 196 2 -9 12.37 96
1 1 1 -9 4.18 69
1 1 1 -9 4.86 74
1 1 1 -9 1.82 56
1 1 2 -9 4.1 66
3 1 1 -9 2.55 62
2 614 1 -9 5.46 74
2 534 1 -9 6.8 80
3 421 2 -9 4.39 74
2 4 1 -9 -9 66
3 474 1 -9 11.4 94
2 460 1 -9 7.42 82
1 1 2 -9 5.05 74
1 1 2 -9 5.55 75
1 1 1 -9 7.74 81
1 1 2 -9 2.3 56
1 1 1 -9 3.16 59
1 1 1 -9 3.94 71
1 1 2 -9 2.34 57
1 1 1 -9 3.85 67
1 1 2 -9 7.86 81
1 1 2 -9 11.33 86
1 1 2 -9 5.46 73
1 1 2 -9 6.58 75
1 1 2 -9 3.42 67
1 1 1 -9 4.04 67
3 536 2 -9 6.02 78
1 1 1 -9 5.31 74
1 1 2 -9 8 86
1 1 1 -9 5.29 75
2 418 2 -9 1.46 51
2 416 1 -9 2 46
3 601 1 -9 2.06 56
2 8 2 -9 1.51 52
1 1 2 -9 2.1 60
3 478 2 -9 3.7 68
1 128 2 -9 5 68
1 1 2 -9 5.18 73
1 59 2 -9 7.9 68
1 344 2 -9 1 47
1 140 1 -9 4.12 68
1 1 1 -9 1.91 52
1 1 2 -9 2.81 64
1 1 2 -9 2.27 53
1 1 1 -9 7.45 80
1 24 2 -9 3.2 64
1 1 2 -9 4.18 69
2 408 2 -9 4.68 74
1 1 2 -9 2.43 60
1 1 2 -9 2.7 62
1 73 2 -9 4.33 68
1 118 2 -9 3.69 66
1 17 2 -9 0.84 40
3 453 2 -9 1.98 57
1 60 1 -9 6.2 64
1 60 2 -9 8.3 69
1 209 1 -9 2.94 64
1 1 1 -9 2.72 60
1 1 2 -9 1.73 52
3 1 1 -9 2.65 62
1 1 2 -9 4.37 73
1 1 2 -9 11.85 93
2 582 2 -9 1.53 53
3 1 1 -9 2.19 57
3 1 2 -9 2.4 60
3 360 2 -9 1.45 52
1 1 1 -9 2.2 56
1 1 1 -9 10 89
1 1 2 -9 1.51 53
1 82 2 -9 3.77 65
1 257 2 -9 2.8 60
3 423 1 -9 4.52 72
3 527 1 -9 13.02 106
2 1 1 -9 1.82 56
2 1 2 -9 2.76 63
2 1 2 -9 3.11 64
2 1 2 -9 4.59 74
3 399 1 -9 1.75 67
2 484 1 -9 4.02 68
3 1 2 -9 2.45 58
1 192 2 -9 2.9 60
3 1 1 -9 2.42 61
1 1 1 -9 4 67
1 53 2 -9 5.8 76
1 1 2 -9 1.58 53
1 1 1 -9 6.07 74
1 21 2 -9 3.86 64
1 1 1 -9 4.08 69
1 1 1 -9 2.91 61
1 260 1 -9 8.68 84
3 1 2 -9 6.5 63
2 631 2 -9 3.3 67
2 546 1 -9 9.7 84
1 133 2 -9 4.72 72
2 1 2 -9 2.35 58
2 1 1 -9 2.96 64
3 599 1 -9 1.64 54
3 1 1 -9 3.57 66
1 1 2 -9 2.16 56
2 525 1 -9 2.8 52
1 72 2 -9 1.8 53
1 158 2 -9 5.14 73
1 49 1 -9 2.6 61
1 294 1 -9 1.47 53
1 1 2 -9 2.03 55
1 1 2 -9 2.38 56
3 1 1 -9 3.88 66
3 1 2 -9 7.04 81
1 1 1 -9 3.37 65
2 562 1 -9 3.1 64
1 1 1 -9 4.84 71
1 1 2 -9 1.86 55
2 1 1 -9 1.76 54
3 364 1 -9 3.1 65
1 1 2 -9 8.64 81
1 252 1 -9 2.6 59
1 1 2 -9 3.68 66
1 1 2 -9 8.16 77
1 1 1 -9 5.19 69
1 52 1 -9 6.7 77
1 1 1 -9 8.4 85
1 1 1 -9 3.89 65
1 23 2 -9 1.95 58
2 384 1 -9 1.5 51
1 1 1 -9 3.9 64
1 1 2 -9 3.1 68
1 1 2 -9 3.61 70
1 107 2 -9 2.5 57
2 375 1 -9 10.06 89
2 3 1 -9 -9 58
1 172 1 -9 6.4 80
1 247 1 -9 9.5 87
3 1 1 -9 3.27 63
2 524 2 -9 4.8 72
1 181 1 -9 5.7 71
2 509 1 -9 10.3 90
1 197 2 -9 1.88 64
2 471 1 -9 3.95 68
1 186 1 -9 3.48 67
1 1 1 -9 5.15 72
1 96 2 -9 3.34 63
3 1 2 -9 2.35 61
1 38 1 -9 -9 67
2 438 1 -9 9.84 94
3 641 2 -9 2.63 60
1 1 1 -9 4.49 70
2 1 2 -9 1.99 55
2 1 2 -9 3.16 70
2 1 2 -9 2.59 62
3 603 1 -9 1.59 51
1 1 2 -9 5.34 73
1 193 1 -9 2 55
1 1 1 -9 4.12 72
1 1 1 -9 4.77 72
1 224 1 -9 4.6 73
1 1 2 -9 2.24 53
1 1 2 -9 3.78 62
1 234 1 -9 2.71 61
1 1 1 -9 1.9 55
1 1 1 -9 2.88 61
1 1 1 -9 6.33 79
1 146 2 -9 6.5 78
1 49 2 -9 3.4 64
1 200 1 -9 1.22 59
1 1 2 -9 1.19 47
1 185 2 -9 2.51 58
2 384 1 -9 4.62 70
1 1 2 -9 4.81 70
2 370 2 -9 2.56 61
1 216 2 -9 2.2 56
3 426 1 -9 3.3 63
2 1 2 -9 2.34 57
3 356 1 -9 3.21 66
2 3 1 -9 -9 48
2 553 1 -9 10.4 103
1 166 1 -9 6.5 77
1 313 1 -9 0.9 42
1 1 1 -9 2.48 57
1 277 1 -9 2.56 61
1 219 2 -9 4.55 69
1 1 2 -9 5.25 74
1 1 1 -9 8.4 84
1 1 1 -9 1.16 48
1 1 2 -9 2.8 62
1 1 1 -9 8.6 84
1 1 2 -9 1.1 44
1 281 2 -9 2.3 59
1 1 2 -9 5.71 74
1 1 2 -9 8.47 77
1 1 1 -9 12.69 95
3 1 2 -9 1.84 53
3 1 2 -9 2.19 58
3 539 1 -9 13.1 99
1 1 1 -9 4.6 78
1 1 1 -9 2.72 60
1 1 2 -9 2.02 55
2 375 1 -9 3.4 65
3 1 2 -9 2.55 59
2 1 1 -9 2.09 55
3 355 1 -9 3.95 66
2 7 1 -9 1.8 53
2 4 1 -9 -9 79
2 490 2 -9 3.15 64
2 406 2 -9 6.06 80
2 628 1 -9 3.41 61
1 1 2 -9 2 56
1 1 1 -9 6.22 78
1 1 2 -9 4.73 73
1 1 2 -9 6.33 74
1 159 1 -9 4.56 70
1 1 2 -9 4.59 69
2 480 1 -9 1.97 57
1 222 1 -9 5.13 74
2 414 2 -9 1.76 56
3 1 1 -9 4.18 72
3 1 2 -9 2.19 59
1 1 1 -9 4.18 68
1 28 1 -9 7.3 89
1 1 2 -9 8 84
3 388 1 -9 9 87
1 107 1 -9 2.18 56
3 345 2 -9 0.74 41
1 1 1 -9 6.43 78
3 1 1 -9 4.6 70
1 63 2 -9 3.2 63
1 1 2 -9 11.22 86
3 452 2 -9 2.87 59
1 342 1 -9 1 46
1 342 1 -9 2.9 65
1 44 1 -9 3.23 64
1 220 2 -9 1.93 57
1 244 2 -9 6.2 78
1 1 1 -9 8.4 85
1 1 2 -9 13.1 93
1 1 1 -9 3.6 74
1 37 1 -9 5.7 75
2 520 2 -9 2.4 61
3 427 1 -9 5.66 74
3 425 2 -9 3.86 69
2 1 1 -9 3.06 58
2 352 1 -9 4.05 69
1 1 1 -9 4.69 72
2 460 2 -9 3.54 67
1 1 2 -9 4.74 72
1 1 1 -9 8.42 85
1 332 2 -9 2.51 59
1 1 2 -9 3.4 66
1 1 2 -9 3.58 66
1 1 1 -9 2.71 57
1 100 2 -9 3.02 63
3 1 2 -9 2.55 64
2 611 2 -9 4.08 68
1 1 1 -9 3.31 64
3 568 2 -9 2.4 58
1 120 1 -9 1.22 48
2 468 1 -9 7.2 82
1 132 1 -9 3.28 64
3 1 1 -9 3.3 63
3 1 2 -9 2.55 59
2 629 1 -9 4.49 68
1 191 2 -9 7.38 83
2 449 2 -9 10.2 92
1 72 1 -9 7.2 78
1 64 1 -9 2.8 75
1 236 2 -9 3.31 62
3 457 2 -9 1.77 53
1 1 1 -9 9.29 88
1 1 2 -9 7.12 79
3 470 2 -9 2.13 54
1 1 1 -9 2.24 56
1 243 2 -9 4.18 70
1 1 2 -9 7.2 79
1 1 1 -9 1.5 53
1 204 2 -9 3.2 62
2 569 1 -9 3.6 63
1 79 1 -9 7.44 78
2 467 2 -9 5.2 74
2 504 1 -9 2.9 56
2 4 2 -9 -9 55
2 2 1 -9 -9 77
2 495 2 -9 3.2 59
1 176 1 -9 6.3 75
3 1 1 -9 2.3 57
3 1 1 -9 2.85 63
2 486 2 -9 6.97 83
1 251 2 -9 4 67
2 401 1 -9 5.7 73
1 1 2 -9 11.33 91
3 1 1 -9 4.02 69
1 1 1 -9 4.49 67
1 1 2 -9 6.2 79
2 434 1 -9 5.1 72
3 1 2 -9 1.38 52
2 579 2 -9 6.2 76
1 1 1 -9 6.43 77
2 446 1 -9 2.34 57
1 1 2 -9 4.4 73
1 1 2 -9 3.94 71
1 1 2 -9 7.55 79
1 276 2 -9 1.63 54
1 1 1 -9 4.9 72
1 1 2 -9 4.09 67
1 1 1 -9 3.06 63
3 1 2 -9 1.43 53
1 98 2 -9 9.34 84
3 1 2 -9 2.96 65
1 1 2 -9 4.59 70
1 1 2 -9 2.57 62
1 287 2 -9 5.4 74
1 1 1 -9 4.2 72
2 517 1 -9 4.8 74
2 632 1 -9 5.22 74
1 1 1 -9 6.38 77
2 1 1 -9 3.21 63
2 1 1 -9 2.39 60
2 4 1 -9 -9 63
2 4 1 -9 -9 57
2 3 1 -9 -9 66
1 1 2 -9 5.67 74
1 1 1 -9 3.69 71
1 1 1 -9 6.95 80
3 456 2 -9 3.08 63
1 1 1 -9 4.18 68
1 1 1 -9 2.62 64
1 164 2 -9 1.4 51
1 1 1 -9 3.8 68
1 201 2 -9 5.2 71
1 1 2 -9 6.16 77
1 1 1 -9 3.38 64
1 1 1 -9 4.58 71
2 581 1 -9 9.95 92
1 1 1 -9 1.7 52
1 1 2 -9 3.6 68
1 1 2 -9 5.2 72
1 105 1 -9 4 67
2 447 2 -9 2.4 57
2 515 1 -9 5.16 73
2 521 1 -9 6.4 79
1 120 1 -9 4.85 71
2 1 2 -9 2.45 59
2 1 1 -9 3.32 62
3 600 1 -9 1.08 44
2 4 2 -9 -9 58
1 1 2 -9 6.63 82
2 346 2 -9 1.9 56
2 394 1 -9 9.2 89
1 226 2 -9 5.8 72
1 1 1 -9 9.53 90
1 283 2 -9 2.25 57
1 1 1 -9 2.78 59
1 1 1 -9 3.56 64
1 1 2 -9 4.74 70
2 446 2 -9 3.4 65
1 1 1 -9 4.4 73
1 1 2 -9 1.77 58
3 639 1 -9 7.18 79
2 544 1 -9 6.5 75
1 334 1 -9 8.2 82
2 529 2 -9 3.3 67
2 1 2 -9 10.36 94
2 2 2 -9 -9 55
2 3 2 -9 -9 55
3 618 2 -9 3 66
1 167 2 -9 3.7 65
1 1 1 -9 5.96 76
1 156 1 -9 3.5 68
1 1 1 -9 4.12 70
1 1 2 -9 3.03 61
1 1 2 -9 3.99 69
1 1 1 -9 7.35 76
2 436 1 -9 6.27 84
1 323 2 -9 2.07 58
1 1 2 -9 2.96 62
1 1 2 -9 6.43 74
1 1 2 -9 5.3 72
1 1 2 -9 2.81 58
1 1 2 -9 1.53 55
1 1 2 -9 2.04 57
2 1 1 -9 4.2 71
2 1 2 -9 3.93 67
2 1 2 -9 4.85 75
2 2 1 -9 -9 80
1 271 1 -9 6.35 83
1 1 2 -9 10.11 84
1 251 2 -9 3.5 63
2 361 2 -9 1.5 49
1 279 2 -9 2.63 63
1 1 2 -9 5.69 81
1 154 1 -9 1.9 57
2 555 1 -9 5.32 74
1 295 1 -9 2.11 56
1 1 2 -9 3.56 66
1 1 1 -9 4.8 70
3 1 2 -9 2.5 61
1 1 1 -9 4.97 72
1 119 2 -9 2.55 59
2 1 1 -9 2.6 61
2 4 2 -9 -9 66
2 3 1 -9 -9 66
2 3 2 -9 -9 57
1 171 2 -9 1.65 52
3 1 1 -9 2.1 57
2 431 1 -9 2.8 60
3 1 2 -9 3.27 64
2 348 2 -9 1.48 53
1 1 1 -9 1.62 51
1 71 2 -9 3.1 64
1 233 2 -9 2.33 61
1 329 2 -9 4.14 69
1 1 2 -9 5.31 70
1 1 2 -9 7.35 76
1 1 2 -9 8.67 81
1 1 1 -9 9.29 89
1 1 2 -9 1.76 56
1 1 2 -9 4.63 77
1 1 1 -9 4.1 73
2 559 2 -9 8.6 85
2 562 2 -9 2.6 61
3 565 1 -9 10.8 93
3 376 1 -9 8.8 94
1 336 2 -9 7.6 79
2 1 2 -9 3.06 64
2 4 2 -9 -9 68
2 4 1 -9 -9 68
3 617 2 -9 3 63
2 487 1 -9 3.76 67
1 1 1 -9 6.94 80
1 1 1 -9 4.1 66
1 1 2 -9 2.26 56
1 1 1 -9 8.16 80
1 102 1 -9 1.8 55
1 151 2 -9 3.3 66
1 1 1 -9 4.26 69
3 1 2 -9 3.06 63
2 576 1 -9 6.59 77
1 231 2 -9 1.08 46
1 1 1 -9 3.27 64
1 1 2 -9 1.7 50
1 1 2 -9 3.1 62
1 1 2 -9 2.8 64
1 1 2 -9 3.04 66
2 587 1 -9 4.51 72
1 1 2 -9 4.34 70
2 1 1 -9 2.6 54
2 1 1 -9 2.55 62
3 9 1 -9 1.82 49
2 3 1 -9 -9 60
1 137 1 -9 5.6 73
3 399 2 -9 1.85 66
3 1 1 -9 2.76 61
1 1 1 -9 4.68 72
1 1 1 -9 2.13 59
1 279 2 -9 4.73 69
1 248 1 -9 6.75 78
1 11 1 -9 2.65 68
1 1 1 -9 2.97 55
3 454 1 -9 4.7 73
1 1 1 -9 9.69 88
1 162 1 -9 4.68 74
1 285 2 -9 12.7 81
1 1 1 -9 4.3 70
1 1 1 -9 4.63 71
1 1 2 -9 5.36 72
2 580 2 -9 3.51 68
1 240 2 -9 3.32 64
2 561 1 -9 2.4 57
1 1 1 -9 2.4 65
3 642 2 -9 1.86 54
1 138 1 -9 3 64
1 136 2 -9 1.56 52
1 129 1 -9 7.09 80
2 2 1 -9 -9 76
3 1 1 -9 3 58
1 1 2 -9 9.99 89
2 625 2 -9 5.05 71
1 1 1 -9 9.51 86
1 91 2 -9 3.5 67
1 1 1 -9 4.39 70
1 1 1 -9 8.88 85
1 210 1 -9 4.83 73
2 512 2 -9 2.5 59
1 1 2 -9 4.14 69
1 296 1 -9 1.63 55
2 483 2 -9 3.62 67
1 1 1 -9 9.54 88
3 538 1 -9 5.62 75
1 1 2 -9 2.1 54
1 1 1 -9 2.8 68
1 73 2 -9 2.44 60
1 169 1 -9 5 73
3 421 1 -9 5.75 78
2 1 1 -9 2.65 59
2 1 2 -9 3.98 68
1 1 2 -9 3.68 67
1 1 1 -9 10.7 90
1 1 2 -9 11.3 95
1 1 1 -9 5.74 73
1 1 1 -9 5.1 74
1 263 2 -9 3.1 67
3 1 1 -9 12.26 103
1 1 2 -9 12.86 95
1 178 2 -9 4.8 70
1 1 1 -9 4.45 70
1 149 2 -9 4.27 70
2 510 1 -9 3.55 66
1 198 1 -9 1.74 64
2 472 1 -9 3.69 66
1 1 1 -9 2.91 64
1 1 2 -9 1.6 49
1 100 1 -9 2.64 61
1 1 1 -9 12.12 95
1 1 1 -9 13.17 98
1 1 2 -9 2.86 59
1 1 2 -9 6.03 81
1 1 2 -9 2.7 60
1 1 2 -9 2.61 60
3 567 1 -9 2.5 60
1 1 1 -9 3.21 64
2 1 1 -9 3.42 66
2 1 2 -9 2.14 56
1 246 1 -9 3.5 68
1 55 1 -9 3.9 67
2 485 2 -9 1.55 51
2 465 2 -9 3.72 69
1 1 1 -9 8.04 82
1 1 1 -9 7.98 80
1 1 2 -9 3.17 62
1 1 2 -9 9.28 83
2 407 2 -9 2.7 60
1 1 2 -9 3.99 67
1 1 1 -9 8.89 85
1 1 2 -9 4.52 71
1 1 2 -9 2.76 60
1 1 1 -9 2.82 63
1 1 2 -9 3.58 65
1 21 1 -9 8.64 85
1 1 2 -9 12.09 98
1 1 1 -9 2.13 54
3 1 1 -9 2.45 64
3 594 1 -9 -9 90
1 1 1 -9 1.8 53
1 1 2 -9 6.9 85
3 1 1 -9 17.75 82
1 1 2 -9 4.49 70
2 1 2 -9 3.16 64
3 603 2 -9 1.09 48
3 1 2 -9 3.1 60
2 628 2 -9 2.81 60
1 1 1 -9 4.75 76
1 328 1 -9 4.65 82
1 1 2 -9 3.57 64
1 1 2 -9 3.08 73
1 1 1 -9 8.65 89
1 1 1 -9 4.06 67
1 321 2 -9 1.96 56
1 221 1 -9 6.61 80
1 1 2 -9 10 86
1 1 2 -9 4.63 82
2 560 1 -9 3.5 68
3 1 2 -9 2.6 61
1 35 2 -9 3.5 69
3 636 2 -9 3.67 69
2 635 2 -9 8.35 82
2 523 2 -9 2.4 57
2 573 1 -9 4.7 71
3 621 1 -9 11.25 89
1 333 1 -9 5.6 78
2 503 1 -9 5.1 78
2 1 1 -9 3.37 70
2 1 2 -9 3.57 65
1 268 1 -9 2.6 57
1 1 2 -9 5.4 76
1 1 1 -9 7.58 82
1 1 1 -9 5.31 76
1 1 2 -9 6.27 76
1 249 2 -9 4.35 70
1 1 1 -9 6.62 71
1 1 1 -9 7.86 81
1 42 1 -9 2.29 58
1 50 1 -9 2.1 55
1 1 2 -9 7.57 82
1 47 1 -9 3.28 63
1 1 1 -9 6.73 75
1 1 1 -9 3.13 62
2 574 2 -9 10.61 94
3 1 1 -9 1.68 55
1 1 2 -9 3.45 68
1 1 1 -9 4.69 70
1 1 1 -9 8.42 84
2 529 2 -9 1.8 56
2 1 2 -9 3.02 62
1 1 2 -9 10.58 89
1 1 1 -9 5.62 74
1 1 1 -9 5.34 75
1 1 1 -9 2.2 58
1 1 2 -9 9.13 82
3 1 2 -9 5.1 76
1 273 2 -9 5.32 72
1 1 1 -9 2.54 63
1 1 2 -9 4.68 70
1 1 2 -9 1.52 49
1 113 1 -9 3.2 66
1 1 2 -9 3.98 67
2 578 2 -9 3.17 66
3 539 2 -9 4.86 74
1 1 1 -9 9 78
1 1 1 -9 4.6 72
1 1 1 -9 3.6 71
1 1 1 -9 2.61 61
1 35 1 -9 2.7 64
1 1 1 -9 5.46 76
1 335 1 -9 7.2 84
1 115 2 -9 2.72 61
3 527 2 -9 3.73 67
2 1 2 -9 2.65 62
2 354 1 -9 5.88 77
2 2 2 -9 -9 64
1 1 2 -9 5.19 72
1 1 1 -9 4.69 75
1 1 1 -9 3.78 64
1 1 1 -9 3.6 65
1 101 2 -9 3.4 69
1 286 1 -9 2.96 64
1 1 2 -9 1.56 52
1 1 1 -9 6.12 80
3 1 2 -9 1.63 55
3 1 1 -9 3.37 66
1 1 1 -9 4.8 72
1 242 1 -9 4.02 70
1 1 1 -9 2.55 56
1 258 2 -9 3 66
2 516 2 -9 2.68 62
2 633 2 -9 3.5 63
1 138 1 -9 9.6 87
2 548 1 -9 4 64
1 81 2 -9 3.12 63
2 469 1 -9 6.8 67
2 1 1 -9 4.71 72
3 9 2 -9 1.3 55
2 4 1 -9 -9 71
2 497 2 -9 3 61
1 194 2 -9 2.52 59
3 1 2 -9 4.6 75
1 1 1 -9 1.63 51
1 1 2 -9 10.6 91
2 575 1 -9 6.11 78
3 536 1 -9 2.78 62
1 322 1 -9 3.25 67
1 1 2 -9 4.81 70
2 558 1 -9 2.5 60
1 1 1 -9 8.35 89
1 1 2 -9 6.48 83
3 1 2 -9 7.75 63
3 601 2 -9 0.91 45
2 2 1 -9 -9 76
2 430 2 -9 8 84
1 1 1 -9 3 63
3 1 1 -9 2.24 58
1 24 1 -9 2.6 58
1 1 2 -9 3.23 65
3 1 2 -9 2.09 54
2 579 1 -9 8.71 87
3 1 2 -9 2.55 63
1 1 2 -9 3.29 62
1 1 2 -9 2.48 61
2 531 1 -9 8 88
1 132 2 -9 4.93 73
3 426 1 -9 3.36 68
3 424 2 -9 1.75 53
2 2 2 -9 -9 66
1 262 2 -9 8.8 89
1 267 1 -9 2.4 56
3 617 2 -9 2 58
2 491 1 -9 7.4 82
2 349 1 -9 3.3 64
1 11 1 -9 2.2 60
1 1 2 -9 5.5 76
1 51 1 -9 4 70
1 1 1 -9 3.17 62
1 1 2 -9 2.61 56
1 1 2 -9 7.12 78
1 1 2 -9 4.35 67
1 1 1 -9 10.45 90
2 414 2 -9 0.78 43
3 1 1 -9 4.08 70
1 1 2 -9 3.1 68
1 336 1 -9 3.6 67
2 1 1 -9 3.01 60
2 1 1 -9 1.07 45
2 487 1 -9 2.11 54
2 489 2 -9 0.75 41
1 1 2 -9 7.65 81
1 1 1 -9 7.18 83
1 1 1 -9 6.05 78
1 208 2 -9 0.93 45
1 52 2 -9 4.4 70
1 1 1 -9 4.17 68
1 1 2 -9 3.99 65
1 1 1 -9 4.02 66
3 613 2 -9 2.18 57
1 1 1 -9 3.67 68
1 1 1 -9 6.22 74
1 124 1 -9 3.55 66
2 623 1 -9 7.13 86
2 467 1 -9 6.8 75
2 1 1 -9 2.55 59
1 1 2 -9 4.39 71
1 1 1 -9 4.45 71
1 308 2 -9 1.04 45
1 1 2 -9 4.3 70
1 1 2 -9 3.7 66
1 1 1 -9 7.08 78
1 1 1 -9 4.33 71
1 19 2 -9 11.7 97
1 1 2 -9 3.47 68
1 1 2 -9 2.6 56
1 1 1 -9 13.2 94
1 106 1 -9 2.72 59
1 1 1 -9 5.35 76
2 358 1 -9 2.65 61
1 1 1 -9 2.84 62
1 34 2 -9 4.1 61
1 1 2 -9 2.81 63
1 1 1 -9 5.2 74
2 418 1 -9 5.6 78
1 291 2 -9 0.6 38
3 1 1 -9 4.65 73
2 1 1 -9 1.34 48
2 1 1 -9 3.47 64
2 1 2 -9 2.55 62
3 5 1 -9 2.22 56
1 173 1 -9 1.3 49
3 399 1 -9 1.3 61
1 303 2 -9 2.5 61
1 298 1 -9 5.7 74
1 1 2 -9 9.83 86
1 272 2 -9 2.56 62
1 276 1 -9 5.36 74
1 248 2 -9 6.5 76
1 219 1 -9 4.15 68
1 161 2 -9 2 57
1 143 2 -9 1.99 55
1 1 1 -9 3.37 64
2 480 1 -9 8.56 89
1 1 1 -9 4.64 70
1 1 2 -9 9.4 83
3 389 1 -9 2.2 59
1 1 1 -9 3.6 68
2 560 1 -9 2.9 70
2 571 2 -9 4.3 70
2 417 1 -9 10.58 88
1 290 1 -9 7.5 81
2 1 1 -9 5.08 83
1 1 2 -9 9.38 87
2 393 2 -9 9 92
1 1 2 -9 5 70
1 62 1 -9 7.4 64
1 109 2 -9 6 74
1 199 2 -9 4.44 82
1 46 1 -9 5.95 75
1 1 2 -9 3.07 58
3 1 1 -9 1.63 55
1 230 2 -9 3.21 66
1 40 2 -9 3.2 63
1 1 2 -9 3.04 67
1 1 1 -9 5.73 75
1 1 2 -9 6.66 82
2 372 2 -9 12.36 96
2 415 1 -9 12.92 99
1 17 2 -9 7.1 81
2 1 1 -9 2.7 61
3 355 1 -9 10.45 96
2 495 2 -9 4 66
3 398 1 -9 4.1 70
1 303 1 -9 4.1 66
3 615 1 -9 4 72
3 1 2 -9 2.6 59
3 1 1 -9 4.08 71
1 193 1 -9 2.54 59
1 1 2 -9 3.74 61
3 1 1 -9 3.2 68
1 68 1 -9 3.5 65
1 213 1 -9 2.6 60
1 234 2 -9 7.04 79
1 1 2 -9 3.59 63
1 1 1 -9 5.36 73
3 455 2 -9 2.36 59
1 45 1 -9 3.5 64
1 1 2 -9 4.08 74
3 1 2 -9 4.59 70
3 1 2 -9 2.09 60
2 574 1 -9 9.61 93
1 241 2 -9 0.82 43
1 1 2 -9 8.6 88
1 1 2 -9 3.21 73
1 1 2 -9 8.48 89
2 635 1 -9 4.85 70
2 373 2 -9 8.08 85
1 1 1 -9 6.58 78
3 5 2 -9 4.76 68
1 1 1 -9 5.03 71
1 1 2 -9 2.33 57
1 1 2 -9 8.06 80
1 250 2 -9 6.1 80
3 382 2 -9 1 39
1 1 1 -9 4.58 70
1 1 2 -9 3.13 63
1 186 1 -9 1.68 52
1 1 2 -9 2.35 58
3 1 1 -9 2.04 61
1 319 2 -9 3.04 62
1 19 1 -9 3.9 65
1 1 1 -9 3.1 64
1 1 2 -9 3.3 64
1 1 1 -9 7.1 78
1 288 1 -9 5.2 70
1 1 1 -9 3.93 71
1 1 1 -9 2.97 64
1 1 1 -9 3.11 68
2 374 2 -9 9.06 84
2 507 1 -9 3.4 65
2 1 2 -9 1.73 54
2 1 1 -9 3.47 67
1 1 2 -9 2.08 56
1 1 2 -9 3.84 67
1 1 1 -9 11.17 92
1 141 2 -9 2.24 57
3 1 2 -9 5.61 78
1 23 2 -9 1.55 55
1 1 1 -9 3.32 63
3 595 2 -9 3 61
1 1 1 -9 4.9 77
1 1 2 -9 4 68
3 345 1 -9 0.64 39
1 291 1 -9 1.5 47
2 1 1 -9 2.04 57
2 1 1 -9 2.55 61
2 1 1 -9 13.37 98
2 1 2 -9 2.55 61
2 498 1 -9 7.6 90
2 458 1 -9 10.47 91
1 1 1 -9 5.32 73
1 1 1 -9 8.06 75
1 1 2 -9 1.52 55
1 92 1 -9 3.5 65
1 1 1 -9 1.58 52
1 1 2 -9 5.41 72
1 1 1 -9 2.57 62
1 1 1 -9 9.39 84
1 1 1 -9 11.73 91
1 307 1 -9 3.85 73
1 157 1 -9 1.85 57
1 209 2 -9 3.2 64
1 53 1 -9 2.2 56
1 292 1 -9 5 67
1 1 1 -9 2.73 61
2 481 2 -9 2.39 60
1 1 2 -9 6.12 80
2 435 1 -9 4.86 73
3 1 1 -9 3.78 66
1 1 1 -9 2.54 58
2 436 2 -9 2.86 60
1 320 1 -9 3.88 67
3 596 2 -9 2.4 63
1 1 1 -9 4.2 73
1 40 1 -9 2.8 57
1 105 1 -9 2.3 58
2 371 1 -9 10.08 91
3 639 2 -9 3 64
2 572 1 -9 3.4 65
2 622 2 -9 4.73 70
2 1 2 -9 5.26 74
2 1 1 -9 2.45 60
1 174 1 -9 3.5 65
2 553 1 -9 11.2 104
3 1 1 -9 3.2 66
3 1 2 -9 2.35 60
1 1 2 -9 5.84 71
1 278 2 -9 4.2 71
1 282 2 -9 2.4 58
1 1 2 -9 2.04 54
1 1 2 -9 7.86 78
1 103 2 -9 3.6 66
1 160 2 -9 3.2 63
1 1 2 -9 3.7 64
3 1 2 -9 3.06 67
3 1 1 -9 3.21 64
1 14 1 -9 -9 57
3 535 1 -9 4.36 71
2 448 2 -9 4.4 71
1 1 2 -9 9.62 97
1 1 2 -9 1.21 55
1 260 1 -9 5.82 76
2 372 2 -9 2.3 60
2 371 1 -9 3.7 67
2 514 1 -9 3.9 70
2 570 2 -9 3.1 65
2 546 2 -9 3.7 63
3 376 1 -9 9.6 90
3 423 1 -9 5.68 77
1 1 1 -9 3.57 71
2 1 2 -9 3.57 67
2 498 1 -9 3.9 66
3 616 1 -9 3 64
1 1 1 -9 6.33 75
1 1 1 -9 2.15 58
1 1 2 -9 4.79 72
2 407 1 -9 3.2 62
1 237 1 -9 4.31 68
1 139 2 -9 1.8 53
1 1 1 -9 11.22 96
1 52 1 -9 3.4 64
1 1 2 -9 3.64 68
1 48 2 -9 5.74 76
1 292 1 -9 10 80
1 1 1 -9 1.46 52
3 1 1 -9 3.57 70
2 367 2 -9 4.39 75
1 1 1 -9 9.49 87
1 1 1 -9 14.18 96
1 108 2 -9 2.68 59
1 1 1 -9 4.4 71
1 1 2 -9 11.03 91
2 402 1 -9 7.2 83
1 1 2 -9 4.43 67
1 1 1 -9 4.76 73
1 1 2 -9 8.78 85
3 397 1 -9 7.6 84
2 391 1 -9 6.4 87
1 71 2 -9 3.3 61
1 65 1 -9 8.6 91
1 180 2 -9 2.7 62
1 1 2 -9 3.8 71
3 382 2 -9 2 53
1 284 2 -9 3.16 57
1 104 1 -9 3 63
2 554 2 -9 5.84 70
1 294 1 -9 1.88 57
3 1 2 -9 2.24 60
3 1 1 -9 2.35 60
1 1 1 -9 3.5 65
1 1 1 -9 4.7 71
1 1 1 -9 5.14 72
2 517 2 -9 6.55 81
3 641 1 -9 4.5 70
3 427 1 -9 2.61 61
2 417 2 -9 4.46 75
1 252 1 -9 4 66
1 1 1 -9 7.67 83
1 1 1 -9 4.23 71
1 93 2 -9 2.3 56
1 1 2 -9 2.8 59
1 1 1 -9 3.67 65
1 1 2 -9 2.65 62
3 470 1 -9 4.5 69
1 187 2 -9 7.4 72
3 1 1 -9 2.72 71
1 1 1 -9 8.38 84
2 439 2 -9 2.6 60
3 1 1 -9 10.71 99
1 1 1 -9 4.8 73
1 182 2 -9 8.4 80
2 519 1 -9 5 73
1 80 2 -9 1.62 51
1 1 1 -9 1.33 50
3 602 2 -9 2.08 57
3 1 2 -9 1.94 54
1 1 1 -9 3.84 65
1 1 1 -9 5.85 78
1 69 2 -9 4.4 67
1 236 1 -9 1.73 52
1 1 1 -9 1.54 51
1 59 2 -9 11 79
1 1 2 -9 3.66 64
1 1 2 -9 7.88 79
1 1 1 -9 3 61
1 1 2 -9 6.39 80
1 1 2 -9 5 69
1 1 2 -9 4 70
1 1 1 -9 5 73
1 1 2 -9 4.5 75
1 1 2 -9 3.2 70
3 543 2 -9 6.82 81
2 1 1 -9 5.92 76
3 606 2 -9 8.88 87
3 604 1 -9 1.39 50
3 477 2 -9 1.75 52
2 464 2 -9 4.71 72
1 1 2 -9 8.34 86
1 1 1 -9 8.06 86
1 1 2 -9 5.02 73
1 275 2 -9 1.5 55
1 1 1 -9 5.92 76
1 207 1 -9 9.61 97
1 1 2 -9 3.52 62
1 1 1 -9 2.16 55
2 437 2 -9 8.25 90
1 1 2 -9 12.85 101
1 1 2 -9 4.1 75
1 32 1 -9 7.6 84
2 340 1 -9 3.4 69
2 1 2 -9 3.27 63
3 399 2 -9 5.8 76
3 1 1 -9 3.55 65
2 463 1 -9 1.85 54
1 1 1 -9 4.55 72
1 1 1 -9 5.06 74
1 1 1 -9 6.71 79
1 10 2 -9 2.8 64
1 1 2 -9 3.51 67
1 88 1 -9 2.11 55
1 109 2 -9 3.4 63
1 292 2 -9 1 43
1 1 1 -9 3.57 64
1 1 1 -9 2.17 56
1 1 1 -9 4.59 71
1 1 2 -9 3.76 64
3 535 1 -9 2.74 59
1 1 2 -9 7.65 84
1 1 1 -9 5.1 78
1 1 1 -9 5.2 81
2 520 1 -9 1.8 54
2 522 1 -9 9.2 89
2 521 2 -9 2 57
1 75 1 -9 1.51 52
3 619 2 -9 5.4 75
1 136 1 -9 1.58 68
3 420 2 -9 1.68 53
1 289 2 -9 2.9 60
1 297 1 -9 4.3 66
1 1 2 -9 5.56 71
1 1 1 -9 5.39 73
1 1 1 -9 2.19 57
1 1 2 -9 3.76 67
1 152 2 -9 1.4 54
1 50 2 -9 3.5 66
1 1 2 -9 3.08 61
1 1 2 -9 3.27 63
2 610 2 -9 4.6 67
1 240 2 -9 4.9 71
1 228 1 -9 1.76 56
1 26 2 -9 3.4 64
1 26 1 -9 9.1 100
1 1 2 -9 5.3 74
1 1 1 -9 5.7 79
1 76 2 -9 6.7 76
1 1 1 -9 4.49 70
3 543 2 -9 4.65 66
2 1 1 -9 2.04 57
2 1 1 -9 3.06 63
2 406 2 -9 10.24 94
1 1 1 -9 10.32 88
2 629 1 -9 3.38 62
2 362 1 -9 7.78 84
2 401 1 -9 6.77 79
1 1 1 -9 3.48 68
1 1 2 -9 5.31 77
1 67 1 -9 1.5 54
1 233 1 -9 5.37 77
1 1 1 -9 7.65 83
1 1 2 -9 6.43 76
3 455 1 -9 1.97 56
1 1 2 -9 11.33 88
2 380 2 -9 1.4 47
1 1 2 -9 3.49 66
2 472 2 -9 6.34 78
1 1 2 -9 2.22 55
1 1 1 -9 1.89 54
3 1 1 -9 2.96 65
1 1 2 -9 4.59 67
1 1 2 -9 3.67 65
2 610 1 -9 2.2 54
1 242 2 -9 3.6 65
2 609 1 -9 11.8 96
1 1 2 -9 3.6 71
2 447 1 -9 1.3 48
1 1 2 -9 3.59 67
1 1 1 -9 4.57 70
1 1 1 -9 11.51 104
1 261 1 -9 4.82 71
2 569 1 -9 4.2 68
1 121 1 -9 4.93 72
1 216 2 -9 5.51 74
2 1 2 -9 3.32 69
2 1 1 -9 3.16 65
2 352 2 -9 1.9 57
2 496 2 -9 10 92
1 175 2 -9 1.3 48
1 272 2 -9 3.1 62
1 237 2 -9 3.9 68
1 1 1 -9 3.98 67
1 331 2 -9 2.68 61
2 380 1 -9 1 45
1 283 2 -9 2.14 55
2 508 1 -9 8.65 87
1 42 1 -9 2.31 60
1 1 1 -9 3.52 68
1 1 2 -9 3.1 63
1 1 2 -9 3.34 67
3 1 2 -9 3.78 68
1 321 2 -9 1.24 46
3 1 1 -9 1.89 57
3 540 1 -9 5.32 78
1 1 1 -9 4.1 73
1 110 2 -9 1.12 45
3 428 2 -9 2.07 58
2 1 2 -9 1.67 51
2 1 1 -9 2.04 59
2 2 1 -9 -9 62
1 1 2 -9 3.9 71
2 461 1 -9 5.39 75
2 463 1 -9 3.98 70
1 1 1 -9 7.85 83
1 1 2 -9 5.6 72
2 403 1 -9 5.16 77
1 265 1 -9 3.85 65
1 1 2 -9 13.37 100
1 1 1 -9 11.02 81
1 300 1 -9 2.2 55
1 1 2 -9 4.32 69
1 114 2 -9 3.58 62
1 1 2 -9 3.79 66
3 1 1 -9 4.18 73
2 611 2 -9 7.14 76
1 1 1 -9 7.45 79
1 1 1 -9 11.5 91
2 563 1 -9 2.8 60
2 591 2 -9 4.03 69
2 505 1 -9 4.6 73
2 1 2 -9 3.42 64
2 1 2 -9 5.87 83
1 13 2 -9 9 79
2 3 1 -9 2.46 60
1 1 1 -9 2.18 57
1 223 1 -9 0.35 32
1 1 1 -9 3.85 67
1 163 1 -9 5.2 72
2 513 1 -9 10.3 90
1 43 2 -9 3.4 64
1 1 2 -9 2.82 59
1 1 1 -9 2.83 61
1 1 1 -9 3.52 65
1 1 2 -9 3.41 61
1 1 1 -9 8.7 86
1 1 1 -9 8 84
1 1 1 -9 2.4 58
3 604 1 -9 1.12 48
1 94 2 -9 3.4 63
1 56 1 -9 5.9 72
3 1 2 -9 3.1 62
1 1 1 -9 6 73
1 103 1 -9 5.2 73
1 49 1 -9 3.8 66
1 196 1 -9 5.36 70
1 1 2 -9 1.79 57
3 1 2 -9 3.27 66
3 1 2 -9 7.24 87
2 412 1 -9 3.64 64
1 1 1 -9 4.9 72
1 1 2 -9 3.2 66
1 1 2 -9 6.3 78
2 377 2 -9 3.5 68
1 1 1 -9 4.55 72
2 445 2 -9 1.23 48
1 1 2 -9 3.22 63
1 1 2 -9 3.76 70
1 1 2 -9 4.43 78
2 359 1 -9 6.35 79
2 640 1 -9 3.7 64
1 78 1 -9 1.42 52
1 1 2 -9 6.38 78
2 1 1 -9 1.94 54
2 1 1 -9 2.24 59
2 1 2 -9 3.21 64
2 351 1 -9 2.83 61
1 297 1 -9 7.8 80
2 362 2 -9 5.06 75
1 302 1 -9 6.4 76
1 1 2 -9 4.18 69
1 1 1 -9 3.4 67
1 50 2 -9 2.4 60
1 1 1 -9 3.11 60
1 1 1 -9 9.79 90
1 1 1 -9 2.14 57
3 1 2 -9 11.53 94
1 1 1 -9 7.96 84
1 1 2 -9 2.4 55
1 1 1 -9 4.9 76
3 1 2 -9 1.75 53
1 1 1 -9 3.39 68
1 1 1 -9 3.63 68
1 1 2 -9 4.85 74
2 631 1 -9 8.32 87
2 542 2 -9 -9 67
1 338 2 -9 4.6 73
2 1 2 -9 8.88 88
2 3 1 -9 -9 74
1 85 2 -9 3.3 59
3 1 2 -9 4.95 74
1 270 1 -9 6.59 83
3 1 2 -9 3.05 65
1 1 2 -9 3.37 63
1 1 1 -9 5.51 74
1 1 2 -9 3.05 62
1 151 2 -9 2.3 58
1 147 1 -9 5.2 73
1 146 1 -9 2.14 60
1 285 1 -9 6.16 94
1 1 2 -9 10.45 89
1 22 1 -9 9.46 92
1 1 1 -9 2.9 65
2 561 2 -9 2 57
1 1 2 -9 3.63 69
2 523 1 -9 3.6 64
1 134 1 -9 1.36 52
2 419 1 -9 4.92 77
2 1 2 -9 3.21 64
2 3 2 -9 -9 61
2 494 1 -9 8.5 91
1 264 1 -9 4.4 76
1 1 2 -9 13.61 92
3 453 1 -9 10.6 94
1 1 1 -9 10.41 96
1 164 2 -9 2.26 57
1 1 1 -9 3.65 68
1 1 2 -9 7.6 79
3 1 1 -9 1.94 57
2 410 1 -9 2.02 56
1 126 2 -9 2.06 54
1 108 1 -9 3.44 65
1 1 1 -9 2.59 61
2 548 1 -9 6.7 81
1 12 1 -9 4 58
1 95 1 -9 15 93
1 298 1 -9 8.4 89
1 1 2 -9 14.2 94
1 1 2 -9 4.38 73
1 1 2 -9 2.58 60
1 155 1 -9 5.3 77
1 1 1 -9 2.35 58
1 1 1 -9 1.61 51
1 1 1 -9 19.15 105
2 581 2 -9 2.75 59
1 227 2 -9 2.26 56
3 1 1 -9 1.84 56
1 1 1 -9 1.44 51
2 359 1 -9 9.44 89
1 1 2 -9 4.23 70
2 1 2 -9 6.79 86
1 1 1 -9 7.6 81
1 1 2 -9 10.84 93
1 264 2 -9 2.7 60
1 223 1 -9 1.25 48
1 215 1 -9 5.4 71
1 1 2 -9 2.76 58
1 179 2 -9 3.6 66
1 1 2 -9 1.78 53
1 1 1 -9 3.23 63
1 1 2 -9 5.06 76
1 208 1 -9 3.75 65
1 1 2 -9 1.07 44
1 1 2 -9 3.68 65
2 440 2 -9 5.93 74
1 1 1 -9 5.52 74
1 18 2 -9 4.25 67
1 220 1 -9 3.16 64
1 1 2 -9 3.47 60
1 1 1 -9 4.7 73
1 1 2 -9 4.1 63
1 1 1 -9 8.1 83
1 1 1 -9 5.5 75
1 1 1 -9 3.42 72
1 1 2 -9 3.83 68
2 514 1 -9 1.46 50
2 415 1 -9 4.14 74
2 1 1 -9 2.3 58
2 1 2 -9 3.16 57
2 1 2 -9 2.51 59
2 2 1 -9 -9 68
2 492 2 -9 3.5 73
1 170 1 -9 10.8 88
3 477 2 -9 2.4 58
2 430 1 -9 9.2 96
2 433 2 -9 10 86
1 1 2 -9 2.6 61
2 347 1 -9 5.76 81
3 1 1 -9 4.48 70
1 214 1 -9 4.5 68
1 1 2 -9 3.27 60
1 1 2 -9 2.61 61
1 1 1 -9 2.46 60
1 1 1 -9 2.86 60
3 1 1 -9 4.9 72
1 1 1 -9 8.93 80
2 608 2 -9 11.4 98
2 444 2 -9 2.26 59
1 1 1 -9 2.61 61
1 1 2 -9 1.8 54
1 1 1 -9 3.14 66
2 632 2 -9 2.48 58
2 1 1 -9 3.16 60
2 1 1 -9 3.06 64
1 94 2 -9 5.1 71
1 1 2 -9 4.3 69
3 476 2 -9 1.15 46
1 1 2 -9 5.21 75
1 1 2 -9 6.36 81
1 1 2 -9 4.48 67
1 1 1 -9 3.1 64
3 1 2 -9 6.84 86
1 1 2 -9 2.7 62
1 319 1 -9 2.44 59
2 580 2 -9 1.6 53
1 1 2 -9 3.6 61
3 387 1 -9 8.2 91
2 448 2 -9 4.34 71
1 1 2 -9 2.7 67
3 643 2 -9 1.87 54
3 643 2 -9 4.29 69
1 1 1 -9 7.76 83
1 130 1 -9 1.44 51
2 2 1 -9 -9 66
2 552 2 -9 4.6 73
1 1 1 -9 7.33 82
1 1 1 -9 3.06 63
1 1 2 -9 6.12 75
1 61 2 -9 -9 76
1 83 2 -9 2.5 71
1 41 2 -9 2.93 63
1 1 1 -9 10.82 92
2 499 2 -9 2.5 59
1 1 1 -9 7.91 82
1 39 2 -9 -9 71
2 585 1 -9 8.48 86
3 1 2 -9 3.52 73
1 229 2 -9 2.6 60
1 1 1 -9 5.41 75
1 1 1 -9 9.2 87
1 1 2 -9 2.6 62
1 110 1 -9 14.84 95
3 567 1 -9 2.5 60
1 16 2 -9 5.2 71
1 1 1 -9 3.32 64
2 623 2 -9 1.98 56
1 177 1 -9 5.5 73
1 1 1 -9 11.58 92
1 1 1 -9 3.21 66
1 1 1 -9 13.99 112
1 274 1 -9 4.78 71
1 10 1 -9 3.8 69
1 1 1 -9 4.27 71
1 1 1 -9 2.76 61
1 1 1 -9 2.69 60
1 256 1 -9 8.5 88
2 583 2 -9 14.87 111
2 409 1 -9 7.76 85
1 230 2 -9 1.51 50
3 537 1 -9 2.08 56
1 1 1 -9 5.1 73
3 387 2 -9 13.2 104
1 203 1 -9 2.4 56
1 1 1 -9 7.69 83
1 1 2 -9 10.15 93
2 550 1 -9 10.6 91
1 82 1 -9 1.34 51
2 1 2 -9 2.04 58
2 1 1 -9 2.91 65
2 2 1 -9 -9 75
1 1 2 -9 5.07 72
1 1 2 -9 6.1 76
1 1 1 -9 2.61 59
1 1 1 -9 2.69 59
2 394 2 -9 2.9 60
1 1 1 -9 3.06 60
1 1 2 -9 6.12 80
1 344 2 -9 1.7 54
1 311 1 -9 7.98 86
1 1 1 -9 2.87 63
1 1 1 -9 4.54 70
1 206 1 -9 2.5 61
2 483 2 -9 1.63 54
1 1 1 -9 9.69 89
1 1 1 -9 4.9 72
1 1 1 -9 6.5 79
1 182 2 -9 7.2 78
1 1 1 -9 10.5 87
1 1 2 -9 4.6 78
1 1 1 -9 3.45 66
1 1 2 -9 4.42 68
1 1 2 -9 3.32 69
1 1 1 -9 10.76 91
1 1 1 -9 6.92 80
3 564 1 -9 5.8 77
3 541 2 -9 2.6 58
2 586 1 -9 2.71 60
1 1 1 -9 8.16 88
2 1 1 -9 1.76 53
3 598 1 -9 3.3 66
2 4 2 -9 -9 65
1 1 1 -9 7.43 81
1 195 2 -9 4.58 69
1 70 2 -9 5.9 78
1 64 1 -9 2.8 72
1 51 2 -9 3.7 64
1 280 2 -9 3.58 65
1 1 1 -9 16.4 101
1 310 1 -9 4.41 73
1 1 2 -9 10.31 89
1 1 1 -9 4.35 68
1 288 1 -9 3.9 68
3 567 1 -9 2.2 56
2 571 2 -9 10.1 90
1 77 1 -9 1.5 52
1 134 1 -9 2.78 63
2 1 1 -9 5.41 80
2 1 1 -9 2 47
2 1 1 -9 3.11 62
1 13 1 -9 13 99
2 2 1 -9 -9 68
1 170 2 -9 7.7 89
1 1 2 -9 3.18 59
1 1 2 -9 3.48 65
1 144 1 -9 3.8 65
1 62 2 -9 8.6 68
1 14 1 -9 -9 60
2 378 2 -9 3.2 63
2 379 1 -9 2.8 59
2 379 2 -9 3.7 64
1 1 2 -9 4.34 72
1 1 1 -9 2.91 60
1 1 1 -9 2.87 70
1 131 2 -9 1.53 52
1 338 1 -9 2.8 62
2 1 2 -9 3.16 66
2 1 1 -9 5.05 69
2 3 2 -9 -9 54
2 405 2 -9 7.26 76
2 347 1 -9 5.9 82
3 526 1 -9 2.1 65
1 327 1 -9 4.6 74
1 1 2 -9 2.95 61
1 41 2 -9 2.64 61
1 38 2 -9 -9 78
1 1 1 -9 4.35 70
3 1 2 -9 1.89 54
2 365 1 -9 6.42 77
1 1 1 -9 5.5 76
2 1 1 -9 2.6 59
1 1 2 -9 6.03 75
1 1 1 -9 8.27 80
1 1 1 -9 10 89
1 1 2 -9 5.16 71
1 1 2 -9 3.93 64
1 318 1 -9 2.8 61
3 1 1 -9 4.49 74
1 1 2 -9 2.24 58
1 1 1 -9 4.6 78
1 205 1 -9 3 66
1 1 1 -9 6.03 82
2 545 2 -9 3.7 62
3 528 2 -9 9.03 87
2 1 2 -9 1.79 56
2 1 1 -9 4.13 67
2 1 1 -9 4.64 76
3 1 2 -9 2.6 61
1 1 1 -9 6.28 77
1 316 1 -9 2.91 62
1 1 1 -9 3.08 63
3 451 1 -9 6.1 77
1 1 1 -9 5.65 74
2 392 1 -9 9.8 92
1 1 2 -9 4.65 73
1 1 1 -9 6.99 73
1 1 1 -9 3.49 64
2 577 2 -9 5.49 77
1 323 1 -9 2.36 59
1 1 2 -9 4.5 68
1 1 1 -9 4.1 72
2 442 2 -9 1.74 55
1 1 2 -9 2.4 62
1 1 2 -9 4.74 77
1 1 1 -9 4.1 70
1 1 1 -9 5.15 70
2 518 1 -9 1.94 55
3 1 2 -9 4.31 71
2 1 2 -9 1.86 59
2 1 2 -9 3.42 64
2 1 1 -9 1.73 61
2 3 1 -9 -9 69
3 398 1 -9 1.95 58
3 551 2 -9 7.4 85
1 277 1 -9 4.34 68
1 1 2 -9 3.88 65
1 1 2 -9 5.51 72
1 1 1 -9 6.02 77
1 1 1 -9 4.24 69
1 295 1 -9 5.21 75
1 1 1 -9 2.57 60
1 1 2 -9 6.63 79
3 540 2 -9 2.26 54
1 30 2 -9 3.2 66
2 377 2 -9 2.2 55
1 1 1 -9 3.58 71
1 1 1 -9 3.57 66
3 606 2 -9 3.14 64
1 1 1 -9 3.9 68
1 1 2 -9 3.5 69
1 271 1 -9 9.62 89
1 316 1 -9 1.26 46
1 215 2 -9 2.5 67
1 1 1 -9 3.98 71
1 1 1 -9 2.9 59
1 1 2 -9 8.5 89
3 511 1 -9 2.6 61
2 438 2 -9 2.16 54
2 584 1 -9 9.92 94
3 594 1 -9 -9 59
3 1 1 -9 2.5 60
1 1 2 -9 4.2 70
1 1 1 -9 3 59
1 1 2 -9 4.39 76
1 337 1 -9 3 62
2 2 2 -9 -9 59
2 464 1 -9 11.15 94
1 1 1 -9 4.29 67
1 1 1 -9 5.71 74
1 1 1 -9 3.64 65
3 1 1 -9 2.24 60
1 1 2 -9 3.83 63
1 222 1 -9 2.97 63
3 1 1 -9 4.29 73
1 239 1 -9 3.04 62
3 341 1 -9 1.4 49
1 1 2 -9 4.39 67
1 1 2 -9 4.7 70
1 1 1 -9 3.79 63
1 1 2 -9 3.58 72
1 1 1 -9 5.14 73
2 370 1 -9 8.34 88
2 589 2 -9 6.51 81
2 588 1 -9 3.43 61
2 586 2 -9 5.89 81
2 622 2 -9 4.98 73
2 1 2 -9 2.09 58
2 1 2 -9 3.78 62
2 1 2 -9 2.4 59
2 4 1 -9 -9 68
3 1 2 -9 2.45 61
3 1 2 -9 4.69 62
1 1 2 -9 5.36 74
1 263 2 -9 5 73
1 1 2 -9 6.57 78
1 1 1 -9 4.24 67
1 1 1 -9 5.99 81
1 1 1 -9 5.56 71
1 1 1 -9 14.56 99
1 309 1 -9 5.86 68
1 1 1 -9 4.97 73
1 231 1 -9 2.4 60
2 634 1 -9 3.15 59
1 74 2 -9 4.29 67
3 620 2 -9 5.82 80
1 123 2 -9 3.23 64
2 1 2 -9 3.27 66
3 598 2 -9 1.44 52
1 269 1 -9 3.4 52
2 432 1 -9 10.2 86
1 92 2 -9 6.2 83
1 65 2 -9 7.2 90
1 1 2 -9 5.92 76
1 1 1 -9 8.37 84
1 286 1 -9 4.14 68
1 1 1 -9 4.69 70
2 556 1 -9 7.78 84
1 1 1 -9 12.94 93
1 1 2 -9 14.22 104
3 1 1 -9 3.16 67
1 1 2 -9 10.05 87
1 241 1 -9 4.4 68
1 15 2 -9 2.2 55
1 324 2 -9 2.46 60
1 1 1 -9 4.7 75
1 1 1 -9 5.47 71
1 1 1 -9 3.89 66
1 1 2 -9 1.54 56
1 1 2 -9 2.54 61
1 33 2 -9 2.5 57
2 506 1 -9 1.9 59
3 528 1 -9 5.7 72
2 1 1 -9 3.06 66
2 1 2 -9 2.65 62
1 85 2 -9 3.1 61
3 474 1 -9 2.5 58
3 476 2 -9 2 57
2 488 2 -9 7.96 83
1 1 2 -9 7.37 83
1 312 2 -9 1.26 51
1 225 1 -9 3.3 63
1 1 2 -9 1.94 52
1 253 1 -9 6.5 78
1 89 1 -9 2.57 60
1 200 2 -9 1.02 55
1 140 1 -9 3.1 63
1 1 1 -9 5.88 73
2 441 1 -9 3.51 66
3 1 1 -9 4.3 68
2 368 1 -9 3.48 68
3 1 1 -9 4.44 74
1 1 2 -9 3.51 71
3 636 1 -9 1.39 52
2 630 1 -9 6.54 80
1 77 1 -9 1.64 54
2 1 1 -9 1.65 53
2 1 2 -9 2.24 59
2 1 2 -9 2.04 55
2 3 2 -9 -9 61
1 1 2 -9 5.72 75
1 1 2 -9 4.21 65
1 214 1 -9 4.8 71
1 1 1 -9 1.57 52
1 1 1 -9 12.35 94
2 437 1 -9 3.33 65
1 1 1 -9 9.74 89
1 189 2 -9 4.52 68
1 1 2 -9 2.59 59
3 1 1 -9 3.72 69
2 365 2 -9 2.2 61
1 239 1 -9 3.22 67
2 547 2 -9 8.3 86
2 1 2 -9 1.99 54
3 1 1 -9 2.45 60
1 58 1 -9 7.6 91
1 315 1 -9 1.84 56
3 1 1 -9 3.3 67
2 396 2 -9 3.7 66
1 1 1 -9 1.73 47
1 1 1 -9 6.86 80
1 154 1 -9 1.25 48
1 161 1 -9 3.31 63
1 104 1 -9 8.3 85
1 49 1 -9 2.8 61
1 198 1 -9 2.28 66
1 1 2 -9 2.29 56
1 1 1 -9 3.77 73
1 1 2 -9 6.23 84
2 413 1 -9 1.7 53
1 1 2 -9 2.2 54
1 1 2 -9 2.4 61
1 1 1 -9 3.28 71
1 124 1 -9 9.43 88
1 36 2 -9 2.3 56
2 573 2 -9 3.8 69
3 425 1 -9 1.97 55
2 3 2 -9 -9 62
2 496 1 -9 4.4 68
1 246 1 -9 11.2 97
1 95 2 -9 3.55 65
1 174 1 -9 2.5 60
2 490 2 -9 2.52 59
1 1 2 -9 8.57 82
1 1 2 -9 5.5 74
1 1 2 -9 4.69 68
1 330 2 -9 3.88 71
1 331 1 -9 2.6 60
3 511 2 -9 3.6 67
1 1 1 -9 4.91 73
1 293 2 -9 5 75
1 1 1 -9 13.59 93
1 1 2 -9 1.35 49
2 482 2 -9 4.76 72
3 1 2 -9 1.12 47
1 1 2 -9 3.57 64
3 1 1 -9 6.28 79
2 443 1 -9 4.82 70
1 1 1 -9 7.4 81
1 1 2 -9 2.11 59
2 479 1 -9 3.5 64
1 333 2 -9 5.2 75
2 533 2 -9 8.7 86
3 422 2 -9 4.31 73
2 1 2 -9 2.76 61
2 1 2 -9 4.86 75
3 6 1 -9 1.32 86
2 462 1 -9 2.16 57
1 1 2 -9 4.85 74
1 1 2 -9 1.58 54
1 1 2 -9 9.34 84
3 1 1 -9 2.72 64
1 1 1 -9 4.9 68
1 1 1 -9 3.59 62
2 578 1 -9 8.02 86
3 1 2 -9 9.39 86
1 238 1 -9 4.54 68
1 1 2 -9 4.69 70
1 1 1 -9 7.35 82
2 504 1 -9 2.4 46
2 1 2 -9 1.88 54
2 1 1 -9 3.27 64
1 247 2 -9 2.3 57
1 314 2 -9 2.61 62
1 1 1 -9 14.82 101
1 1 2 -9 5.71 76
3 457 1 -9 1.55 51
1 139 2 -9 1.5 49
2 510 2 -9 7.5 83
1 1 2 -9 4.26 70
1 1 1 -9 2.63 59
1 1 2 -9 3.04 61
1 187 1 -9 1.6 46
1 206 1 -9 1.94 53
1 96 1 -9 5.76 73
3 1 1 -9 2.65 62
3 404 1 -9 1.2 50
1 1 2 -9 2.2 53
1 27 2 -9 4 77
1 290 2 -9 3.9 69
1 267 2 -9 3.8 60
1 1 1 -9 2.6 65
1 1 2 -9 6.29 75
1 1 1 -9 9.06 84
1 145 2 -9 4.45 69
1 1 2 -9 8.06 84
1 1 2 -9 4.18 65
1 301 2 -9 4.2 72
1 153 1 -9 3.2 63
1 284 1 -9 2.56 57
1 1 2 -9 5.18 72
1 113 1 -9 5.9 73
1 114 2 -9 5.79 69
1 318 1 -9 3.2 64
1 1 2 -9 3.67 67
2 515 1 -9 14.28 109
1 1 2 -9 2.86 63
2 1 1 -9 1.73 56
2 3 1 -9 3.84 64
2 431 1 -9 4.8 67
1 166 1 -9 4.2 67
1 1 1 -9 9.52 91
2 400 1 -9 2.31 57
3 526 1 -9 2 60
3 395 1 -9 13.4 99
1 144 2 -9 2.8 58
1 1 1 -9 5.71 71
1 1 2 -9 4.84 73
1 211 2 -9 2.71 61
1 201 1 -9 2.86 74
1 1 1 -9 3.56 66
1 1 1 -9 3.6 65
2 500 2 -9 8.3 85
1 97 2 -9 2.58 58
1 310 1 -9 2.06 56
1 1 1 -9 4.79 64
3 1 2 -9 2.04 54
1 245 1 -9 3.1 52
1 1 2 -9 3.67 63
1 30 1 -9 3.7 68
1 16 2 -9 5.9 73
2 545 1 -9 7 79
1 1 1 -9 4.39 74
2 1 1 -9 2.19 58
2 1 2 -9 1.55 51
1 84 1 -9 2.1 54
1 1 1 -9 2.92 64
3 1 2 -9 2.04 55
1 165 2 -9 3.85 65
2 403 1 -9 15.46 100
2 348 1 -9 8.98 88
1 1 1 -9 2.55 55
1 328 1 -9 5.85 72
1 145 2 -9 4.85 70
1 86 1 -9 2.84 61
1 1 1 -9 4.04 71
1 1 1 -9 4.79 73
1 280 1 -9 2.83 61
1 98 1 -9 5.28 72
1 22 1 -9 7.44 79
1 1 1 -9 9.87 91
1 229 2 -9 1.14 48
1 1 1 -9 2.86 60
1 1 2 -9 3.88 68
1 25 1 -9 5.4 74
1 121 2 -9 3.27 62
1 115 1 -9 4.15 71
1 119 1 -9 2.24 61
2 532 1 -9 7.8 86
2 419 1 -9 6.6 85
2 1 2 -9 2.04 51
2 461 2 -9 5.4 76
1 1 1 -9 2.09 56
2 391 1 -9 7.1 84
1 1 1 -9 14.29 105
1 179 1 -9 1.7 52
1 1 2 -9 5.51 75
1 1 1 -9 11.63 90
1 153 1 -9 3.1 68
2 513 1 -9 5.2 73
1 1 1 -9 3.98 68
1 48 2 -9 1.7 53
1 1 2 -9 3.01 64
1 189 2 -9 6.06 75
1 1 1 -9 4.59 72
1 1 1 -9 5.7 77
2 630 2 -9 3.57 68
1 1 1 -9 3.83 65
1 116 2 -9 6.81 82
2 1 2 -9 3.16 67
2 1 2 -9 1.63 52
2 2 1 -9 -9 72
3 364 2 -9 2.9 63
3 1 2 -9 12.14 101
1 314 2 -9 2.59 61
3 1 1 -9 2.06 57
1 299 2 -9 3.8 69
1 1 1 -9 3.75 67
1 1 1 -9 7.45 78
1 102 2 -9 1.7 53
1 52 2 -9 3.3 66
1 292 2 -9 3 63
1 292 2 -9 3 67
1 1 1 -9 2.74 60
1 1 2 -9 1.65 53
1 1 1 -9 5.26 70
3 1 1 -9 2.67 64
2 366 1 -9 4.44 70
3 595 2 -9 2.4 57
1 1 2 -9 5.26 79
1 1 1 -9 2.76 63
1 130 2 -9 4.9 73
3 1 1 -9 2.33 56
1 1 1 -9 2.12 54
1 63 1 -9 3.5 66
1 1 2 -9 6.33 75
1 1 2 -9 5.51 71
1 1 2 -9 2.4 61
1 87 2 -9 4.17 65
1 148 1 -9 4.94 74
1 20 2 -9 4.65 75
1 197 1 -9 8.42 94
2 473 2 -9 3.14 64
1 97 2 -9 2.3 57
1 1 2 -9 3.52 59
3 538 1 -9 13.23 96
1 1 2 -9 7 77
1 1 1 -9 2.39 59
1 1 2 -9 4.83 71
1 1 2 -9 3.89 70
1 1 1 -9 4.49 70
3 1 2 -9 6.3 82
3 566 2 -9 2.4 57
1 117 2 -9 7.52 84
2 506 2 -9 2.4 64
2 502 1 -9 3.5 67
2 1 2 -9 1.79 56
3 597 2 -9 0.86 43
2 2 2 -9 -9 77
3 1 2 -9 1.95 53
1 168 2 -9 7.8 78
1 1 1 -9 6.99 81
1 1 2 -9 4.49 70
1 1 2 -9 3.1 62
1 1 1 -9 8.47 83
1 47 1 -9 2.15 54
1 1 1 -9 3.85 64
1 1 1 -9 5.99 80
2 585 2 -9 1.28 49
1 245 1 -9 1.44 66
2 411 1 -9 2.96 62
1 1 2 -9 4.39 68
1 1 1 -9 2.7 63
1 1 2 -9 2.31 60
3 420 1 -9 4.27 69
2 503 2 -9 1.8 54
2 1 1 -9 2.02 58
2 1 1 -9 3.32 61
2 1 1 -9 9.16 87
2 4 1 -9 -9 71
3 1 2 -9 2.1 57
1 1 1 -9 5.47 74
1 1 2 -9 4.57 71
1 1 1 -9 8.47 86
2 509 1 -9 7.9 82
1 49 1 -9 5.5 71
1 1 1 -9 3.33 64
1 1 2 -9 4.59 70
1 1 2 -9 3.57 61
1 1 1 -9 16.56 107
2 575 2 -9 7.58 86
3 1 2 -9 1.68 52
1 1 2 -9 1.63 53
1 1 2 -9 6.8 83
1 1 2 -9 2.9 62
1 1 1 -9 6.07 75
2 590 1 -9 10.93 96
2 1 2 -9 1.52 53
2 353 1 -9 4.22 72
1 312 1 -9 6.51 79
1 278 1 -9 1.95 62
1 232 1 -9 2.83 60
1 1 2 -9 3.9 67
3 454 1 -9 1.97 57
1 343 2 -9 2.4 62
1 1 2 -9 1.83 53
2 368 2 -9 2.8 64
3 1 1 -9 2.35 60
1 322 2 -9 2.34 61
1 1 1 -9 7.55 82
1 1 1 -9 3.9 68
1 1 1 -9 2.4 57
1 203 2 -9 3.4 61
2 358 2 -9 4.21 67
3 1 2 -9 8 105
2 374 2 -9 2.84 59
2 534 2 -9 4.4 68
2 3 1 -9 -9 69
2 493 1 -9 4.2 73
1 1 1 -9 11.86 92
3 451 2 -9 3.5 63
3 397 2 -9 1.82 50
1 226 1 -9 8.18 81
1 180 2 -9 2.1 49
1 212 1 -9 2.61 61
1 53 2 -9 2.9 64
1 1 1 -9 2.05 56
1 1 2 -9 4.38 71
1 1 1 -9 9.69 82
1 1 1 -9 4.59 70
3 1 2 -9 9.18 92
3 1 2 -9 1.89 54
2 614 1 -9 15.68 101
1 244 2 -9 2.84 59
1 1 1 -9 9.7 96
1 37 2 -9 3.9 67
2 549 1 -9 7.2 82
2 587 1 -9 3.89 71
1 1 1 -9 5.46 77
3 620 2 -9 1.65 56
1 57 1 -9 4.2 70
1 1 2 -9 5.55 79
1 1 2 -9 3.01 58
1 305 2 -9 2.1 58
3 1 1 -9 1.72 53
1 273 2 -9 4 64
1 1 1 -9 14.69 105
1 1 2 -9 5.41 74
1 51 1 -9 8.9 90
2 555 2 -9 6.1 77
2 554 1 -9 7.31 84
1 1 2 -9 3.63 65
1 1 2 -9 1.01 45
1 1 2 -9 3.73 67
3 1 1 -9 2.3 60
1 1 2 -9 3 61
3 1 1 -9 1.4 49
1 1 1 -9 7.07 85
1 76 1 -9 2.58 60
3 599 2 -9 2.18 55
2 2 1 -9 -9 72
2 405 1 -9 3.26 64
1 1 2 -9 4.68 71
2 363 2 -9 2.42 60
1 1 2 -9 1.95 54
1 50 1 -9 1.8 55
1 1 2 -9 11.1 90
1 1 1 -9 3.62 65
3 1 2 -9 1.94 55
2 576 1 -9 13.54 98
2 367 2 -9 3.64 70
1 1 2 -9 4.69 69
1 205 2 -9 7.4 82
1 1 2 -9 4.44 73
1 1 1 -9 2 55
2 1 1 -9 1.99 58
2 1 2 -9 5.31 78
3 597 1 -9 2.63 61
2 353 2 -9 1.74 54
1 171 2 -9 9.8 86
3 478 1 -9 5 72
3 1 1 -9 3.78 65
2 627 1 -9 3.27 59
2 627 1 -9 3.14 62
2 350 1 -9 2.74 64
1 1 1 -9 8.98 82
1 1 2 -9 13.37 94
1 1 1 -9 4.4 71
2 557 2 -9 7.55 83
1 1 1 -9 2.27 58
1 1 1 -9 2.2 59
1 1 2 -9 3.95 65
1 1 1 -9 2.08 55
1 1 1 -9 2.2 59
1 1 2 -9 2.92 68
1 1 2 -9 2.05 56
2 522 2 -9 2.2 54
2 340 1 -9 2.2 57
2 1 1 -9 3.67 68
1 268 1 -9 4.8 57
2 624 2 -9 4.21 66
1 195 1 -9 4.81 67
1 1 1 -9 5.8 77
1 66 1 -9 4.5 74
1 232 1 -9 5.74 75
1 265 1 -9 2.2 54
1 235 2 -9 3.53 66
1 1 1 -9 8.98 84
1 87 1 -9 3.3 61
2 512 1 -9 3.1 63
1 51 2 -9 3.4 64
1 1 1 -9 3.64 68
1 1 2 -9 1.98 55
1 1 1 -9 17.46 102
1 1 1 -9 4.8 69
1 1 1 -9 3.7 69
1 1 2 -9 3.78 72
1 106 1 -9 3.06 60
1 1 2 -9 3.48 65
1 1 1 -9 6.28 81
1 261 1 -9 4.68 72
2 518 2 -9 9.17 91
1 75 1 -9 4.67 69
1 79 1 -9 1.55 51
1 1 1 -9 3.88 66
2 1 1 -9 2.76 61
2 1 1 -9 3.82 67
2 1 1 -9 3.01 63
2 1 1 -9 2.04 58
2 3 1 -9 -9 60
2 4 1 -9 -9 68
2 492 1 -9 3.6 74
1 57 2 -9 3.5 66
1 1 2 -9 4.2 76
1 1 1 -9 7.48 82
1 1 1 -9 4.94 71
1 152 1 -9 6.2 75
1 44 1 -9 2.42 59
1 1 1 -9 3.05 61
3 1 2 -9 3.88 69
2 383 2 -9 3.3 64
1 1 2 -9 5.5 77
1 1 2 -9 4.1 78
1 1 2 -9 4.07 67
1 1 2 -9 2.13 59
1 1 2 -9 1.72 56
3 541 2 -9 1.8 51
2 1 1 -9 2.5 60
1 1 2 -9 2.66 60
2 350 1 -9 3.46 66
1 1 1 -9 5.1 72
1 156 2 -9 3.3 69
1 127 2 -9 3.48 63
2 482 1 -9 5.37 78
3 1 1 -9 3.88 68
2 612 2 -9 4.34 65
3 1 2 -9 4.64 71
1 15 1 -9 5.08 74
3 1 2 -9 1.73 57
1 1 1 -9 4.2 70
1 1 2 -9 3.7 68
1 1 2 -9 5.5 78
1 1 1 -9 4.62 70
1 334 2 -9 3.8 69
1 289 2 -9 11.9 93
2 1 2 -9 2.19 56
2 1 2 -9 2.5 61
2 1 1 -9 3.16 66
2 488 1 -9 4.28 67
1 1 1 -9 13.24 94
1 1 1 -9 9.72 90
1 302 2 -9 2.4 63
1 93 2 -9 9 87
1 91 1 -9 6 74
1 306 1 -9 3 63
1 89 1 -9 1.58 50
1 45 2 -9 3.32 62
2 481 1 -9 2.53 60
1 1 1 -9 6.33 82
2 369 1 -9 4.2 67
3 607 1 -9 2.6 58
1 1 2 -9 3.86 72
1 33 1 -9 3.2 66
3 642 1 -9 4.16 70
1 257 2 -9 3.6 66
1 1 2 -9 3.78 68
1 135 2 -9 4.45 69
2 531 2 -9 3.9 69
2 505 1 -9 11.4 94
2 8 1 -9 2 59
1 1 1 -9 2.12 58
1 1 1 -9 6.58 86
1 1 1 -9 9.82 83
1 207 1 -9 2.48 69
1 1 2 -9 2.04 53
3 1 1 -9 2.35 60
2 385 2 -9 2 57
3 1 1 -9 7.63 84
1 1 2 -9 1.6 50
3 1 2 -9 2.7 59
1 1 2 -9 4.24 70
2 593 1 -9 4.92 73
1 118 1 -9 3.88 66
1 112 1 -9 2.1 57
1 1 2 -9 3.91 72
1 1 1 -9 6.31 79
1 1 2 -9 5.8 81
1 1 1 -9 12.04 92
1 1 1 -9 5.71 70
1 1 2 -9 5.92 75
2 556 2 -9 5.25 74
1 1 1 -9 16.09 101
2 500 2 -9 3.7 68
1 99 1 -9 2.9 59
1 1 1 -9 1.99 53
1 1 1 -9 3.57 64
2 608 1 -9 15 110
1 255 2 -9 2.3 58
1 28 2 -9 3.4 61
1 1 2 -9 5.55 72
1 1 1 -9 6.9 89
3 565 1 -9 5.2 71
3 326 1 -9 0.56 37
1 123 1 -9 12.13 91
2 339 1 -9 2 58
1 217 1 -9 1.87 54
3 605 2 -9 1.96 56
2 3 1 -9 -9 80
2 4 1 -9 -9 75
1 1 1 -9 5.68 75
1 1 2 -9 3.72 67
1 1 1 -9 3.45 63
1 1 1 -9 10.31 86
1 293 1 -9 3 67
1 1 1 -9 4.54 71
3 1 2 -9 3.57 70
3 1 2 -9 1.63 54
1 1 1 -9 3.33 64
3 1 2 -9 2.4 60
1 1 2 -9 2.9 64
2 357 1 -9 2.38 60
2 634 2 -9 4.74 78
3 568 2 -9 3.6 68
2 532 2 -9 2.4 58
3 428 1 -9 6.97 79
2 1 1 -9 2.81 66
2 1 2 -9 4.03 70
1 1 1 -9 3.1 61
2 489 1 -9 1.32 50
1 1 2 -9 9.49 89
1 1 2 -9 10.49 89
1 1 2 -9 6.9 78
1 1 1 -9 15.71 100
3 1 2 -9 1.95 56
1 266 1 -9 8.85 95
1 299 2 -9 2.2 58
1 1 2 -9 6.05 78
1 1 1 -9 8.57 82
1 301 1 -9 4 74
1 300 2 -9 5.4 82
1 293 1 -9 2 57
1 1 2 -9 2.32 57
1 1 1 -9 4.18 65
1 1 2 -9 3.4 62
1 1 2 -9 2 53
1 31 1 -9 4.4 73
1 27 1 -9 3.7 70
1 1 2 -9 4.1 71
1 1 1 -9 11.8 91
1 217 1 -9 3.01 65
3 429 2 -9 1.5 52
2 1 2 -9 1.64 52
2 1 2 -9 2.65 61
3 602 2 -9 6.92 82
1 12 1 -9 5 79
2 2 1 -9 -9 56
1 1 1 -9 10.1 85
3 1 1 -9 3.8 70
1 1 2 -9 3.14 69
1 157 1 -9 3.28 67
1 159 2 -9 3.7 69
1 1 1 -9 4.12 69
2 557 1 -9 4.16 67
1 296 2 -9 5.75 75
3 1 1 -9 4.99 81
3 1 2 -9 1.94 54
3 1 2 -9 10.61 91
3 1 2 -9 9.08 94
2 385 1 -9 3.38 64
3 607 1 -9 3.8 67
1 1 2 -9 7.45 79
1 1 2 -9 3.3 67
1 1 1 -9 5.74 74
1 1 1 -9 17.65 105
2 373 1 -9 4.7 68
1 1 2 -9 1.53 49
2 1 2 -9 9.08 89
2 432 1 -9 3 62
2 465 2 -9 9.6 94
2 459 2 -9 2.99 60
1 1 1 -9 6.39 76
1 315 2 -9 2.6 61
2 396 1 -9 5.5 75
1 249 1 -9 6.5 75
3 456 2 -9 2.3 55
1 1 2 -9 5.2 71
1 1 1 -9 3.13 55
1 185 2 -9 3.91 64
1 31 1 -9 4.6 71
1 1 1 -9 4.6 68
1 1 2 -9 3.64 72
3 1 2 -9 1.1 45
3 566 1 -9 4.2 78
2 589 2 -9 5.51 75
2 1 2 -9 2.14 58
2 1 1 -9 2.14 59
2 354 1 -9 4.33 68
1 177 2 -9 1.6 52
2 624 1 -9 1.46 46
1 1 1 -9 2.29 57
2 450 2 -9 3.7 63
1 1 2 -9 7.4 77
1 1 2 -9 1.69 51
1 1 2 -9 4.08 66
1 1 2 -9 5.51 72
1 20 2 -9 4.6 72
1 1 2 -9 2.64 59
2 471 2 -9 2.36 57
3 1 1 -9 4.08 73
1 1 2 -9 10.46 90
3 1 1 -9 3.98 69
3 1 1 -9 1.99 55
1 1 1 -9 2.35 56
1 125 2 -9 2.45 60
1 74 1 -9 3.18 65
2 1 2 -9 2.65 60
2 1 1 -9 3.04 63
2 1 2 -9 3.11 64
1 1 1 -9 6.69 78
1 1 1 -9 5.86 78
1 332 2 -9 1.85 56
1 53 1 -9 4.7 72
1 293 1 -9 2 55
1 1 1 -9 2.92 63
1 1 1 -9 10.52 96
1 1 1 -9 14.78 99
3 1 1 -9 3.27 63
3 1 1 -9 1.89 56
1 1 1 -9 5.71 73
1 1 1 -9 3.5 66
1 1 1 -9 4.47 71
1 81 2 -9 3.54 68
2 1 1 -9 8.67 95
1 173 1 -9 2.25 59
1 1 1 -9 7.2 84
2 392 1 -9 4.8 72
1 329 1 -9 1.85 53
1 311 1 -9 6.12 78
1 1 1 -9 2.72 61
1 281 2 -9 4.46 75
1 1 2 -9 4.03 65
1 1 2 -9 3.27 58
1 1 1 -9 15.35 102
2 413 1 -9 3.7 65
1 221 1 -9 4.09 68
3 537 1 -9 7.8 82
3 1 1 -9 1.89 56
1 184 2 -9 4.8 73
3 390 2 -9 1.8 59
1 1 2 -9 3.05 66
1 1 2 -9 2.05 55
2 592 2 -9 7.81 83
2 502 1 -9 3.1 64
2 1 2 -9 2.45 60
3 1 2 -9 2.65 60
3 605 2 -9 2.81 59
1 1 2 -9 5.42 76
1 1 1 -9 1.25 50
3 1 1 -9 3.95 69
1 1 1 -9 5.92 77
1 1 2 -9 3.78 65
1 150 1 -9 6.88 81
1 160 2 -9 5.79 75
1 211 1 -9 6.54 80
1 1 2 -9 4 68
1 1 2 -9 3.84 67
1 142 2 -9 1.64 53
1 142 2 -9 2.74 60
1 1 2 -9 8.91 82
1 1 1 -9 2.28 58
1 1 1 -9 2.59 60
1 1 2 -9 2.17 55
2 501 1 -9 3.3 65
1 1 1 -9 2.47 58
1 188 2 -9 6.48 78
3 1 1 -9 2.14 61
1 1 2 -9 3 61
3 389 2 -9 1.6 53
1 1 2 -9 5.77 81
3 638 2 -9 4.64 72
2 572 1 -9 6.8 82
2 547 2 -9 9.2 84
2 544 2 -9 1.7 56
2 1 1 -9 4.29 70
2 1 1 -9 4.65 73
1 112 2 -9 4.6 69
3 616 1 -9 4 75
3 1 2 -9 3.57 54
2 626 1 -9 1.37 47
1 191 1 -9 2.62 59
1 1 1 -9 13.47 98
1 1 2 -9 4.08 67
1 1 1 -9 4.59 67
1 1 1 -9 8.78 83
1 1 2 -9 3.62 65
1 1 2 -9 2.22 56
1 1 1 -9 3.55 66
1 1 2 -9 5.1 72
1 1 1 -9 1.39 50
2 409 2 -9 2.56 60
3 1 2 -9 2.96 64
1 25 2 -9 3.5 66
1 1 2 -9 4.68 70
1 1 1 -9 3.6 70
1 1 2 -9 5.63 89
2 479 2 -9 5.8 70
1 304 1 -9 6 76
1 58 2 -9 5.8 75
2 485 1 -9 1.21 47
2 486 1 -9 4.08 68
2 400 1 -9 8.46 87
1 224 1 -9 12.7 99
3 1 1 -9 2.86 67
2 393 2 -9 10.2 91
1 69 1 -9 5.6 74
1 1 1 -9 5.61 72
1 1 1 -9 6.99 86
1 253 1 -9 3.2 57
1 1 1 -9 3.88 65
3 1 2 -9 2.45 60
1 1 2 -9 1.7 51
1 1 2 -9 3.06 59
1 1 1 -9 4 67
2 378 1 -9 8.3 85
1 1 2 -9 3.6 72
1 1 2 -9 4.87 73
1 1 1 -9 3.42 63
1 116 1 -9 4.91 70
1 304 2 -9 5.6 49
2 494 2 -9 1.6 51
1 172 1 -9 8.1 89
3 551 1 -9 4.2 64
2 458 2 -9 6.95 83
1 167 2 -9 2.9 61
1 1 2 -9 5.37 72
1 1 2 -9 2.63 60
1 1 1 -9 6.72 81
2 524 2 -9 4.6 70
1 67 1 -9 5 72
1 158 1 -9 2.22 60
1 1 2 -9 5.55 78
2 577 1 -9 3.82 69
1 259 2 -9 1.95 56
1 1 2 -9 4.4 70
3 386 2 -9 10 99
1 1 2 -9 4.81 75
1 32 1 -9 2.4 58
2 588 2 -9 4.18 71
2 542 1 -9 -9 83
1 337 2 -9 2.8 60
2 1 1 -9 2.5 58
2 1 1 -9 2.65 58
3 1 1 -9 3.7 72
2 2 2 -9 -9 65
3 615 1 -9 6.5 81
2 484 1 -9 10.13 94
3 1 1 -9 5.41 62
1 1 1 -9 5.22 74
1 1 2 -9 11.68 95
1 1 2 -9 6.87 80
1 1 1 -9 6.85 81
1 306 1 -9 5.6 73
3 1 1 -9 3.6 67
3 395 1 -9 1.88 54
1 266 1 -9 8.7 82
1 235 1 -9 3.19 59
1 1 1 -9 3.04 61
1 1 1 -9 5.88 80
3 1 2 -9 3.57 67
3 1 2 -9 1.94 54
2 412 2 -9 2.02 55
1 1 2 -9 3.78 67
1 1 2 -9 4.8 67
1 1 2 -9 2.91 65
1 1 2 -9 2.21 57
1 1 2 -9 2.83 61
1 1 1 -9 3.21 63
2 592 2 -9 3.14 65
2 1 1 -9 3.24 64
1 269 2 -9 4.2 55
3 618 2 -9 1.9 52
2 462 2 -9 8.67 86
1 1 1 -9 3.96 70
1 275 1 -9 2.38 57
1 1 1 -9 3.16 63
1 343 1 -9 2.5 60
1 127 2 -9 2.16 58
1 1 2 -9 5.68 77
1 1 2 -9 3.67 64
3 1 2 -9 7.76 82
1 1 1 -9 8.96 85
3 1 1 -9 8.37 86
2 383 1 -9 3.82 68
1 227 1 -9 5.21 74
1 1 1 -9 9.08 83
1 29 2 -9 3.7 71
1 1 2 -9 5 73
3 390 1 -9 4.8 75
1 125 1 -9 3.16 64
2 633 1 -9 14.16 100
2 519 2 -9 2.2 58
2 570 1 -9 10.6 94
2 549 2 -9 5.2 78
1 131 1 -9 5.04 73
2 416 2 -9 5.02 73
2 1 1 -9 2.55 59
1 1 1 -9 7.15 77
1 1 1 -9 8.43 84
1 1 2 -9 2.56 56
1 1 2 -9 6.33 74
1 330 2 -9 2.57 62
1 150 2 -9 1.4 50
1 86 1 -9 6.05 76
1 293 1 -9 5 76
1 1 1 -9 3.93 58
1 1 2 -9 3.47 65
3 1 2 -9 2.35 60
1 1 1 -9 5.51 74
3 360 1 -9 6.27 80
1 243 2 -9 4.12 66
3 404 1 -9 1.4 52
1 1 2 -9 6.84 78
1 1 1 -9 9.5 89
1 126 1 -9 2.1 57
1 1 2 -9 2.2 60
2 357 1 -9 3.47 67
1 1 1 -9 5.15 75
1 335 1 -9 3.4 66
1 122 2 -9 2.13 58
2 4 1 -9 -9 61
2 4 2 -9 -9 62
1 1 1 -9 5.88 77
1 1 2 -9 5.2 78
2 626 1 -9 2.46 56
1 1 1 -9 7.69 82
2 349 2 -9 1.8 57
1 1 1 -9 7.75 81
1 88 2 -9 2.65 57
1 1 2 -9 3.38 64
1 1 1 -9 3.31 65
2 435 2 -9 8.96 84
1 1 1 -9 2.56 61
1 1 2 -9 4.08 68
3 341 2 -9 1 45
1 287 1 -9 8.6 84
1 1 1 -9 3.5 66
1 184 2 -9 5.6 73
2 563 2 -9 2.6 55
1 1 2 -9 3.21 64
1 1 1 -9 2.19 58
2 640 2 -9 6.24 81
2 590 1 -9 4.77 74
2 530 2 -9 6.4 79
2 1 2 -9 2.55 59
2 1 1 -9 5.92 83
1 165 1 -9 11.5 90
1 1 1 -9 5.9 74
1 1 1 -9 7.58 82
1 1 1 -9 8.21 83
2 450 1 -9 2.2 58
1 1 1 -9 4.39 70
1 212 2 -9 5.41 75
2 508 1 -9 3.3 63
1 43 1 -9 2.82 62
1 50 1 -9 6.1 78
1 1 2 -9 1.53 48
1 1 1 -9 2.93 63
1 1 1 -9 2.65 60
1 1 2 -9 2.85 62
1 39 2 -9 -9 63
3 1 1 -9 4.64 71
1 1 1 -9 7.4 83
3 422 1 -9 9.54 90
3 6 1 -9 3.96 68
2 3 1 -9 -9 64
1 1 2 -9 2.7 61
1 168 1 -9 7.25 77
1 1 1 -9 5.29 74
2 625 2 -9 4.18 66
1 225 1 -9 10.5 87
2 402 2 -9 2.49 58
3 1 2 -9 9.4 91
1 181 1 -9 11.7 90
1 1 1 -9 4.42 72
1 1 1 -9 10.92 88
1 1 1 -9 1.5 52
1 317 2 -9 3.48 73
1 317 1 -9 7.1 87
3 1 2 -9 2.09 60
3 325 1 -9 0.92 42
1 1 1 -9 5.41 74
1 1 1 -9 6 85
1 258 2 -9 8.2 93
1 34 2 -9 5.5 67
1 135 1 -9 2.01 55
1 1 1 -9 4.29 73
2 507 1 -9 4.5 72
2 1 2 -9 3.42 67
2 4 2 -9 -9 59
1 1 2 -9 5.05 71
1 1 2 -9 4.04 71
3 1 2 -9 2.7 63
1 250 1 -9 5.3 72
1 1 2 -9 1.2 43
1 90 2 -9 2.33 57
1 147 2 -9 2.66 58
1 1 2 -9 2.57 62
1 1 1 -9 3.06 64
1 1 2 -9 4.16 65
1 1 1 -9 7.65 82
3 1 1 -9 3.16 65
1 320 1 -9 3.9 65
1 255 1 -9 6 75
1 1 1 -9 5.5 78
1 1 2 -9 2.37 61
3 637 2 -9 6.41 80
1 133 2 -9 1.92 52
1 1 2 -9 1.84 55
2 1 1 -9 1.98 59
2 3 1 -9 -9 72
1 262 1 -9 4.1 71
1 1 1 -9 5.91 78
1 254 2 -9 1.9 53
1 274 1 -9 3.36 62
1 213 1 -9 7.4 88
1 1 2 -9 8.16 81
1 155 1 -9 1.25 48
1 1 2 -9 3.81 67
2 499 1 -9 4.7 70
1 1 1 -9 7.45 79
1 1 1 -9 14.2 100
1 1 1 -9 13.38 103
1 1 1 -9 1.92 56
1 1 2 -9 4.88 69
3 1 1 -9 4.18 73
1 1 2 -9 2.1 59
1 1 1 -9 1.68 54
1 36 2 -9 1.85 54
3 1 1 -9 8.25 69
1 122 1 -9 2.18 57
2 339 2 -9 1.8 55
2 533 2 -9 3.5 63
2 1 1 -9 2.3 60
1 84 2 -9 3.4 67
1 1 2 -9 9.15 87
1 90 2 -9 2.34 57
2 381 2 -9 1 48
1 210 2 -9 5.29 75
1 202 1 -9 4.19 79
1 1 2 -9 2.3 57
1 1 2 -9 3.1 60
2 501 1 -9 2.9 61
3 1 2 -9 2.86 64
1 1 1 -9 4.37 71
1 228 1 -9 0.85 45
1 29 2 -9 3.4 66
1 183 2 -9 5 73
3 386 2 -9 9.5 91
2 444 1 -9 6.02 80
1 1 1 -9 2.96 64
1 1 2 -9 1.79 55
1 80 1 -9 1.35 49
2 1 2 -9 2.43 59
1 176 2 -9 3.7 64
1 1 1 -9 4.15 71
1 282 2 -9 3.61 66
1 149 2 -9 3.48 65
1 1 2 -9 4.73 69
1 1 1 -9 3.5 64
1 1 2 -9 3.57 67
1 1 2 -9 5.05 73
3 613 1 -9 1.76 52
1 324 1 -9 2.62 60
1 1 2 -9 2.35 56
1 1 2 -9 2.86 59
3 638 2 -9 2.14 58
3 326 1 -9 0.58 38
1 117 2 -9 4.51 72
1 1 2 -9 1.73 55
2 1 2 -9 1.71 52
1 1 2 -9 4.44 72
2 433 1 -9 1.2 51
1 1 2 -9 7.31 87
2 361 2 -9 2.1 54
1 1 2 -9 3.37 58
1 1 1 -9 8.8 89
1 51 1 -9 5.4 74
1 1 1 -9 8.87 88
1 1 1 -9 1.12 48
1 1 1 -9 1.74 53
3 1 2 -9 3.18 72
1 190 1 -9 4.42 70
1 188 2 -9 3.04 65
1 1 1 -9 5.6 81
1 1 2 -9 5.69 85
1 1 1 -9 2.59 61
3 564 2 -9 7.8 79
3 1 2 -9 2.86 60
2 1 2 -9 2.1 59
2 351 2 -9 2.67 61
1 175 2 -9 4.3 66
1 56 1 -9 9.5 85
3 475 1 -9 6.5 78
3 1 2 -9 3.16 63
1 192 2 -9 7.1 77
1 1 1 -9 4.59 67
1 178 2 -9 5.4 82
1 199 2 -9 2.14 66
1 1 2 -9 3.43 66
1 1 2 -9 7.77 82
1 1 1 -9 12.44 96
1 1 2 -9 12.67 96
1 256 1 -9 6.2 75
2 441 2 -9 4.61 62
1 1 2 -9 3.06 61
1 1 2 -9 6 78
1 1 2 -9 15 99
2 559 2 -9 8.9 87
2 558 2 -9 2.5 60
3 637 1 -9 4.44 69
2 550 2 -9 4.9 74
2 466 1 -9 7 83
2 1 1 -9 3.47 67
3 1 1 -9 3.98 69
2 346 1 -9 3.36 66
1 128 1 -9 15 109
1 1 1 -9 19.59 108
1 162 2 -9 4.13 68
1 202 2 -9 1.51 63
1 1 1 -9 2.88 62
1 143 2 -9 2.13 59
1 1 1 -9 3.06 61
1 190 2 -9 3.24 67
1 1 2 -9 3.97 69
3 1 1 -9 4.39 73
2 369 1 -9 3.28 64
1 183 1 -9 11.5 88
1 1 1 -9 4.44 71
2 466 1 -9 10.2 94
2 530 1 -9 1.7 58
2 1 2 -9 1.76 53
2 1 1 -9 2.76 61
2 7 2 -9 2.7 59
2 2 1 -9 -9 67
1 137 2 -9 0.6 37
3 1 2 -9 3.57 66
1 1 1 -9 7.14 95
1 1 2 -9 3.93 72
1 68 2 -9 2.4 60
1 148 2 -9 1.66 52
1 1 1 -9 3.27 68
1 1 2 -9 4.58 70
1 1 2 -9 4.27 67
1 141 1 -9 2.02 56
1 1 1 -9 2.73 59
1 1 2 -9 2.55 62
1 1 2 -9 2.54 58
1 99 2 -9 8.4 82
1 1 2 -9 3.05 70
3 596 1 -9 4.2 67
2 411 1 -9 3.46 66
1 218 1 -9 3.3 63
1 218 1 -9 4.9 71
2 591 2 -9 9.33 94
2 1 2 -9 2.04 57
3 1 2 -9 2.65 64
3 356 1 -9 4.33 71
3 399 1 -9 6.2 78
2 552 2 -9 5 70
3 475 2 -9 3.4 66
1 1 1 -9 8.23 84
1 313 2 -9 4.7 70
2 449 1 -9 1.86 55
1 1 2 -9 4.59 65
1 1 1 -9 4.23 67
1 1 1 -9 2.58 57
1 1 1 -9 3.22 64
1 238 2 -9 4.68 69
3 325 2 -9 1.03 44
1 1 1 -9 8.57 82
1 259 1 -9 8.3 81
1 1 2 -9 3.4 66
2 443 1 -9 8.74 91
1 1 1 -9 3.49 66
3 621 1 -9 1.75 54
3 619 2 -9 3.6 66
3 424 1 -9 3.48 64
3 429 1 -9 1.86 56
2 1 2 -9 2.04 57
2 1 1 -9 2.96 64
2 497 1 -9 5.4 78
1 95 1 -9 5 70
2 459 1 -9 4.07 72
1 1 1 -9 9.41 86
1 1 1 -9 6.73 78
1 1 1 -9 10 86
1 1 2 -9 5.6 73
3 1 1 -9 1.84 57
2 434 1 -9 1.59 53
1 309 2 -9 4.03 73
3 1 1 -9 3.98 70
3 1 1 -9 2.24 64
3 1 1 -9 1.58 55
3 388 2 -9 3 63
1 204 2 -9 3.1 64
2 442 2 -9 3.56 66
1 1 1 -9 3.42 67
3 1 1 -9 4.9 77
1 78 1 -9 1.51 52
2 1 2 -9 2.81 63
3 1 2 -9 5.5 75
1 111 1 -9 9.2 85
2 2 1 -9 -9 72
1 54 1 -9 -9 75
2 491 1 -9 3.94 67
3 1 1 -9 4.18 57
1 1 1 -9 6.94 78
3 1 2 -9 3.26 67
1 1 2 -9 1.63 49
1 1 2 -9 2.65 63
1 307 2 -9 0.88 52
2 381 1 -9 2 56
1 52 1 -9 4.7 70
1 1 2 -9 3.85 68
2 473 2 -9 4.13 69
3 1 1 -9 8.62 74
1 1 1 -9 3.95 70
3 1 2 -9 3.06 64
3 1 1 -9 3.6 70
2 410 1 -9 0.88 44
3 1 1 -9 3.16 67
2 1 1 -9 3.37 66
3 600 1 -9 1.62 53
2 3 1 -9 -9 55
2 4 1 -9 -9 69
