3 1 2 4 2.14 58
3 1 1 -9 3.06 68
1 37 1 -9 5.4 74
1 98 1 5 2.5 68
1 391 2 -9 1.49 52
1 26 2 8 8.4 83
1 109 1 -9 1.9 57
1 324 1 -9 2.8 63
2 444 1 -9 3.4 62
2 479 2 -9 1.11 46
2 545 2 5 2.52 62
3 631 1 -9 2.96 64
2 523 2 -9 1.78 53
2 720 1 4 2.7 61
3 505 2 -9 1.5 52
2 652 2 4 2.1 57
3 769 2 4 2.65 62
3 759 2 4 2.2 56
3 849 2 -9 1.16 48
3 842 2 -9 1.44 53
2 939 1 -9 2.68 60
2 912 2 -9 3.84 68
3 805 1 -9 1.54 52
3 811 2 5 3.6 70
1 1 2 -9 2.4 65
3 1 2 5 2.35 63
3 1 2 5 3.67 67
1 89 2 -9 5.28 73
1 66 1 -9 0.9 44
1 208 2 -9 3.14 61
1 175 2 5 3.36 67
1 287 1 -9 4.4 66
1 107 2 -9 1.9 58
1 292 2 -9 1.8 54
3 593 2 3 1.25 49
3 514 2 -9 3.77 69
3 622 2 3 1.69 51
3 615 1 4 2.76 65
3 867 1 -9 4.03 68
3 681 2 -9 4.11 71
3 870 2 -9 1.26 51
3 763 1 -9 1.3 49
2 902 1 -9 3.78 68
3 846 2 -9 3.69 65
3 742 1 -9 5.3 77
3 1 1 5 2.45 65
1 1 1 6 4.49 70
3 1 1 5 2.45 62
1 1 2 5 2.6 59
1 3 2 5 3.11 62
1 24 1 5 3.5 69
1 144 1 3 0.74 40
1 140 1 5 4.4 69
1 184 2 -9 0.46 35
1 376 2 -9 2.66 65
1 317 1 7 7.2 80
3 452 1 -9 3.28 65
2 427 2 -9 3.4 68
3 583 1 4 1.28 50
2 725 1 4 4.96 75
3 644 2 6 3.7 70
3 835 2 -9 2 54
3 679 2 -9 1.32 49
3 741 2 -9 1.7 50
1 1 1 5 3.57 64
1 1 2 5 3.78 66
1 1 1 5 2.89 65
3 1 2 5 3.5 67
1 123 2 -9 6.1 76
1 396 1 -9 1.46 54
1 196 1 -9 3.35 64
1 185 2 -9 0.78 48
1 290 2 -9 3.1 62
2 524 2 -9 3.32 67
3 686 1 -9 1.25 50
3 846 1 -9 2.28 59
3 847 1 -9 3.27 67
3 849 1 -9 1.11 47
3 844 2 -9 0.62 39
3 919 2 -9 2.34 49
2 927 2 -9 2.04 54
1 1 1 5 3.37 68
3 1 1 5 3.78 68
1 1 2 6 5.56 74
3 1 1 5 4.08 73
1 223 2 -9 0.7 41
1 217 2 -9 2.01 58
1 389 2 -9 3.7 68
1 338 2 -9 1.54 55
1 401 2 -9 1.3 49
3 694 2 4 1.56 53
3 699 1 5 2.62 63
3 775 2 -9 3.55 62
3 941 2 -9 1.53 51
3 680 1 -9 1.28 49
3 822 1 5 4 69
3 843 1 -9 1.17 48
2 884 1 -9 2.34 60
2 930 1 -9 2 59
3 894 2 -9 2.4 57
2 895 2 4 3.26 63
1 1 1 5 3.27 65
1 1 2 5 3.72 66
3 1 1 4 2.14 59
3 1 1 4 2.24 59
3 1 1 4 3.27 66
1 217 1 -9 3.79 67
1 229 1 -9 3.5 65
1 155 2 -9 2.76 59
1 339 1 -9 2.03 57
1 234 1 -9 2.46 61
3 448 2 -9 3.03 65
3 466 2 5 5 72
3 459 1 -9 3.78 68
3 493 2 -9 2.05 58
3 495 2 -9 1.5 52
3 793 2 3 1.2 49
3 1 1 5 2.76 61
3 1 2 5 3.57 69
1 1 1 5 2.65 60
1 1 2 5 2.04 56
1 1 2 7 3.72 74
2 531 2 -9 4.15 69
1 221 2 -9 2.63 61
1 90 1 3 1.35 48
1 210 1 -9 6.32 78
1 145 1 4 2.08 58
1 231 2 -9 1.9 51
1 346 2 -9 3.8 71
1 251 1 -9 3 66
1 358 2 -9 3.94 68
1 408 2 -9 4.36 71
1 290 1 -9 4.7 73
1 268 2 -9 2.22 58
1 421 2 -9 2.36 59
3 632 1 -9 1.8 54
3 632 2 -9 3.19 64
3 696 2 4 2.35 59
2 619 2 6 3.1 61
3 850 1 -9 1.46 50
2 880 2 4 1.64 53
2 920 2 -9 0.54 39
3 1 2 5 2.45 60
1 1 2 7 6.2 79
3 1 2 3 2.04 53
1 217 2 -9 2.88 61
1 57 2 5 3.34 62
1 100 2 5 3.16 66
1 388 1 -9 8.22 80
1 396 1 -9 2.38 62
1 171 1 5 3.38 64
1 195 2 -9 4.2 67
1 225 2 -9 2.9 62
1 137 1 -9 2.82 63
1 110 2 -9 4.1 66
1 403 2 -9 2.2 60
3 591 1 4 2.7 65
2 524 2 -9 2.78 62
3 670 2 -9 2.75 64
3 759 2 4 1.7 51
3 848 2 -9 1.71 56
3 813 2 3 1.8 57
3 856 2 -9 3.8 67
3 1 2 4 2.86 53
3 1 1 5 4.1 68
3 1 1 5 3.27 69
3 1 2 5 3.57 69
1 16 1 7 6.74 86
1 96 1 -9 1 33
1 35 1 5 2.2 65
1 98 1 5 2.2 63
1 86 1 5 3.26 64
1 327 2 -9 2.1 56
1 113 2 -9 4 71
1 237 2 -9 3.5 69
3 438 1 -9 0.94 43
2 471 1 -9 5.46 74
3 592 2 5 3.8 69
2 528 2 -9 5.03 72
2 707 2 -9 5.44 74
3 673 2 -9 2 57
3 674 1 -9 1.17 48
3 605 2 4 4.08 69
3 843 1 -9 1.21 48
1 1 2 -9 2.09 60
3 1 2 5 3.37 68
1 11 1 5 4 69
1 417 1 -9 3.3 67
1 367 2 -9 -9 87
1 320 2 -9 6.34 75
1 283 2 -9 3.4 61
2 443 2 -9 3.3 67
2 496 1 -9 -9 68
2 718 1 4 2.3 56
3 594 1 7 8.2 86
3 816 2 5 3.4 68
2 905 2 -9 2.89 62
2 802 1 -9 1.84 54
2 877 1 -9 1.58 53
2 920 2 -9 1.01 37
1 1 1 4 1.99 58
1 1 1 6 2.86 66
3 1 2 5 2.04 61
3 1 1 5 2.14 61
1 124 2 -9 2 57
1 8 1 6 6 75
1 398 1 -9 2.04 58
1 173 1 5 2.87 60
1 143 1 3 0.86 45
1 138 1 -9 1.66 54
1 352 2 -9 2.02 61
1 371 2 -9 2.46 61
1 330 2 -9 1.5 54
1 345 2 -9 5.25 75
2 485 2 6 4.35 68
2 582 1 5 1.92 57
3 655 2 4 2.67 60
3 669 2 -9 0.9 44
3 701 2 -9 3.15 66
3 594 1 7 8.1 87
2 764 1 -9 1.6 51
2 755 2 -9 1.04 46
3 933 2 -9 2.02 56
3 934 2 -9 3.31 66
3 750 1 4 2.95 66
2 881 2 5 4.26 68
3 808 2 5 4.1 64
1 1 1 5 3.52 66
1 1 1 5 2.24 57
1 1 1 4 2.04 56
3 1 1 5 3.88 69
1 1 1 6 5.2 75
1 1 2 7 3.4 66
1 1 2 6 4.39 73
1 174 2 6 2.94 65
1 219 2 -9 2.66 59
1 90 2 4 2.25 58
1 201 2 -9 2.2 57
1 69 2 7 3.71 69
1 115 1 6 5.06 74
3 465 2 5 3.5 68
3 621 1 4 2.48 64
3 765 2 5 2.56 65
3 836 2 -9 1.8 55
3 825 2 4 1.71 53
3 848 2 -9 1.32 51
3 733 2 -9 1.48 51
3 1 1 -9 2.2 59
1 1 2 -9 2.24 58
2 710 2 3 1.12 45
1 188 2 -9 5.45 76
1 121 2 -9 3.8 68
1 133 2 3 1.14 45
1 84 2 -9 2.97 68
1 333 1 -9 2.6 63
1 406 2 -9 2.44 59
1 267 2 -9 3.12 65
1 436 1 -9 -9 55
2 463 2 5 3.52 65
2 523 1 -9 6.7 80
3 644 2 6 3.5 69
3 670 1 -9 1.42 51
3 840 1 -9 0.74 41
3 680 2 -9 0.59 38
2 904 2 -9 3.77 64
2 800 2 -9 6.16 75
2 801 1 -9 4.36 75
3 820 2 4 1.92 56
2 915 1 -9 4.84 73
1 1 1 5 3.98 67
3 1 1 4 2.04 59
1 1 1 5 2.96 63
3 1 2 4 2.35 62
1 1 2 7 5.66 72
1 70 1 5 4.64 61
1 343 1 -9 4.6 71
1 312 2 -9 1.8 51
2 428 2 -9 3.1 64
3 494 1 -9 1.36 50
2 511 1 3 1.4 49
2 522 1 -9 1.38 49
2 651 2 3 0.9 49
2 705 2 -9 4.04 66
3 771 2 -9 0.35 32
3 640 2 -9 1.15 46
3 768 2 4 3.15 65
3 935 2 -9 2.17 58
3 794 2 4 1.11 50
3 1 2 4 4.8 74
3 1 2 4 2.24 60
3 1 1 6 2.86 64
1 1 1 5 -9 63
1 1 1 5 3.78 66
1 195 1 -9 3.8 65
1 19 1 9 5.12 75
1 30 2 4 2 57
1 200 2 -9 4.75 71
1 197 1 -9 3.9 65
1 143 1 4 2.34 60
1 152 1 6 4.5 73
1 353 1 -9 2.86 65
1 365 1 -9 10.78 88
1 368 1 -9 3.14 62
1 332 1 -9 0.8 43
1 308 1 -9 7.47 79
1 273 2 -9 4.6 71
2 462 1 -9 4.2 72
2 508 2 -9 2.8 62
3 489 2 3 1.05 47
3 695 2 4 1.55 53
3 685 1 -9 1.62 55
3 626 2 4 3.71 70
3 753 2 -9 3.46 65
3 798 2 -9 1.3 60
3 740 2 -9 2.8 63
1 1 1 5 3.67 69
3 1 2 4 1.53 51
1 1 2 5 3.67 65
1 1 2 -9 2.45 65
1 1 2 6 3.57 67
1 1 2 -9 2.5 61
1 1 2 5 2.45 58
1 416 2 -9 2.5 59
1 202 1 -9 6.4 78
1 144 1 5 1.88 56
1 260 1 -9 7.6 84
1 407 1 -9 3.3 71
1 285 2 -9 4.4 63
1 269 2 -9 4.34 71
2 439 1 -9 1.6 51
2 454 1 -9 2.08 56
3 585 1 4 2.96 63
3 572 2 3 1.2 47
3 556 1 -9 1.4 52
3 660 2 5 2.1 61
3 489 1 6 6.3 81
3 727 1 5 2.95 62
3 641 1 7 7.2 74
3 816 2 4 3.2 67
3 776 1 -9 1.31 49
1 1 2 6 3.42 61
1 1 2 5 2.14 61
3 1 1 5 3.67 70
3 1 1 4 2.55 63
1 59 1 4 1.79 55
1 218 1 -9 0.76 38
1 158 2 -9 3.1 59
1 66 2 -9 2.5 57
1 416 2 -9 2.1 58
1 27 1 3 1.1 48
1 175 1 6 4.22 72
1 310 1 -9 2.88 62
1 317 1 9 6.64 71
2 537 2 4 1.82 54
2 657 2 -9 4.39 73
3 696 1 5 3.52 66
3 814 2 4 3.2 66
3 836 2 -9 5 72
2 807 1 -9 2.15 59
2 900 1 -9 6.14 78
3 1 2 5 2.96 66
1 1 1 5 3.47 65
3 617 1 5 2.4 61
1 157 1 5 3.8 62
1 39 1 -9 3.5 67
1 74 2 -9 1.9 60
1 183 2 -9 0.58 40
1 109 2 -9 2.9 62
1 403 1 -9 1.6 54
1 185 2 -9 3.94 70
1 238 2 -9 2.68 62
3 690 2 5 3.17 62
3 768 2 5 2.4 61
3 857 2 -9 3.12 64
3 892 2 -9 2.4 58
3 809 1 4 3.5 61
1 1 1 4 2.45 57
3 1 1 5 2.75 63
1 1 1 6 2.76 60
1 122 2 -9 3.35 68
1 15 2 5 2.74 64
1 134 2 4 1.8 54
1 184 2 -9 0.59 39
1 400 2 -9 2.82 60
1 294 2 -9 -9 42
3 467 1 3 1.4 48
3 459 2 -9 3.34 68
3 487 2 4 1.08 48
2 474 2 -9 3 63
3 593 2 4 3.2 64
3 751 2 4 2.15 59
1 1 2 5 3.52 62
1 1 2 -9 3.06 69
3 1 2 5 3.67 69
1 72 2 -9 2.88 60
1 362 1 -9 2.64 64
1 249 2 4 3 57
2 725 2 4 2.23 56
3 754 1 -9 3.5 71
2 896 1 5 4.56 72
2 1 2 5 1.58 55
1 1 2 5 2.65 59
3 1 2 4 2.04 59
3 1 1 4 3.47 64
1 1 1 6 3.72 68
1 1 1 6 5.36 72
3 1 1 5 3.77 71
1 55 2 4 1.58 52
1 392 2 -9 2.6 63
1 263 1 -9 4.4 66
1 211 2 -9 -9 80
1 437 2 -9 -9 72
1 282 1 -9 3.4 65
2 484 1 -9 3.77 70
2 484 1 -9 1.36 51
3 628 2 -9 2.88 63
3 693 2 4 2.19 60
3 505 1 -9 1.21 50
3 728 1 4 3.64 68
3 673 2 -9 3.18 66
3 828 2 -9 1.63 54
3 797 2 -9 1 48
3 799 2 -9 1.23 52
2 874 1 -9 3.6 64
1 1 1 5 2.76 63
1 1 2 8 6.94 81
3 1 1 4 2.9 64
1 1 1 4 1.12 52
1 1 2 5 3.5 60
1 192 1 -9 6.3 76
1 5 1 5 2.54 61
1 72 1 -9 4.17 66
1 182 1 -9 2.74 64
1 344 1 -9 7.1 80
1 346 2 -9 1.9 58
1 111 2 -9 0.94 44
2 478 2 -9 1.62 68
2 455 1 -9 3.5 65
3 697 2 5 2.89 64
3 907 2 -9 1.43 52
3 792 1 4 1.6 50
2 863 2 -9 1.76 52
1 1 2 7 5.05 72
1 1 1 7 4.39 66
1 1 2 -9 2.6 63
1 176 1 -9 3.92 69
1 239 2 -9 0.74 42
1 374 1 -9 4.16 74
1 252 2 -9 1.5 51
1 212 2 -9 3.37 65
1 382 2 -9 4.14 68
1 269 1 -9 4.28 70
2 471 1 -9 6.35 78
3 556 1 -9 2.1 59
3 629 1 -9 3.8 66
3 490 1 5 3 64
2 716 1 5 5.78 73
2 664 1 5 4.82 75
3 645 2 5 2.9 65
3 675 1 -9 6.01 77
3 732 1 -9 5.2 74
2 877 2 -9 1.88 58
2 884 1 -9 2.54 58
3 886 1 4 1.52 52
3 1 1 5 2.55 61
1 1 2 5 3.06 64
1 1 1 6 4.8 72
1 1 1 5 3.37 66
3 1 2 5 2.24 58
3 1 2 4 1.73 55
1 1 2 6 3.57 73
3 1 1 5 3.2 69
1 4 1 5 4 69
1 101 2 -9 -9 75
1 128 2 9 3.96 73
1 230 1 -9 2.9 64
1 113 1 -9 0.9 44
1 284 2 -9 3.9 68
1 324 1 -9 2.7 58
1 233 2 3 0.9 42
3 468 2 5 2.8 61
2 480 2 -9 1.24 50
2 582 1 5 4.25 71
3 587 1 4 1.25 50
2 536 2 4 1.83 54
3 849 2 -9 1.12 48
2 939 1 -9 2.1 55
2 874 1 -9 5.37 74
2 862 2 -9 1.62 53
1 1 1 5 5.1 76
1 1 1 5 3.21 61
1 218 2 -9 0.78 40
1 56 2 5 2.5 58
1 161 1 -9 2.08 57
1 77 1 4 3.39 65
1 328 2 -9 3.1 66
1 378 1 -9 3.34 70
1 250 2 11 5.7 80
1 103 1 5 3.5 66
1 315 1 -9 0.9 45
2 446 2 -9 2.4 53
2 581 2 4 1.35 50
3 646 2 3 1.2 48
3 697 2 4 1.62 52
3 598 2 5 3.5 68
3 814 1 4 3.4 69
3 791 1 4 1.6 50
2 929 1 -9 2.2 55
1 370 2 -9 1.64 53
1 214 2 -9 1.65 54
1 160 1 -9 4.04 67
1 338 2 -9 2.27 61
1 118 2 6 3.6 67
1 258 1 -9 4.7 74
1 235 1 -9 2.76 64
2 500 2 -9 1.04 47
3 687 2 4 1.32 55
3 638 2 -9 1.04 47
3 924 2 -9 1.56 51
1 1 2 5 3.27 62
1 1 2 5 2.45 60
3 1 1 6 2.45 64
3 1 1 4 2.85 66
3 1 2 4 1.84 58
3 1 1 4 2.14 60
3 1 1 -9 3.93 66
3 1 2 4 1.94 53
3 617 2 4 3.53 66
1 17 1 5 3.66 69
1 2 1 6 5.9 73
1 415 1 -9 2.2 59
1 358 2 -9 0.9 45
1 248 1 -9 0.65 39
1 311 1 -9 2.5 61
2 429 2 -9 1.48 48
2 472 2 -9 1.42 50
3 562 2 4 2.46 60
3 687 1 5 2 55
3 506 1 -9 3.26 66
3 659 1 7 6.98 83
3 677 2 -9 1.64 51
2 800 1 -9 4.3 68
2 801 1 -9 4.84 79
2 921 2 -9 1.75 43
3 812 2 5 3.5 69
1 1 1 5 3.67 67
1 1 1 5 2.76 63
1 1 1 6 3.47 65
3 1 2 5 4.08 69
1 1 1 6 3.78 71
3 1 1 4 3.27 64
1 1 2 5 2.96 61
1 142 2 5 2.51 61
1 230 1 -9 5.6 73
1 327 1 -9 4.7 73
1 183 2 -9 2.7 62
1 372 2 -9 1.8 54
1 303 2 -9 2.97 65
1 103 2 5 3.3 65
1 291 2 -9 3.5 62
1 248 2 -9 2.78 60
1 297 2 -9 -9 55
2 432 2 -9 3.52 62
2 538 2 3 1.61 51
3 571 1 6 3.8 68
2 714 1 4 4.35 66
3 630 2 -9 2.62 59
3 684 2 -9 1.17 48
2 666 2 4 1.65 63
2 761 2 4 3.4 65
3 825 2 3 1.37 50
3 748 2 -9 6.55 76
2 880 1 5 5.26 74
2 912 2 -9 4.49 68
1 1 2 7 4.75 70
1 1 1 5 1.63 58
3 1 2 4 3.11 70
1 1 1 5 2.04 59
1 61 2 5 4 68
1 5 1 4 1.94 55
1 98 1 4 1.9 54
1 200 2 -9 3.3 61
1 80 1 -9 3.59 67
1 88 1 -9 3.94 66
1 328 1 -9 2.3 62
3 449 2 -9 2.78 62
3 451 2 -9 1.54 52
3 586 2 5 3.22 66
2 533 2 3 1.48 52
2 551 2 5 2.5 62
3 635 2 -9 1.17 47
2 564 2 4 2.5 59
3 728 1 4 1.4 52
3 621 2 3 0.92 45
3 669 1 -9 2.85 63
3 682 2 -9 7.47 79
3 820 2 5 4.08 70
1 1 1 5 3.78 66
1 1 2 5 2.4 57
3 1 1 4 1.63 51
1 174 2 6 3.71 67
1 122 1 -9 4.4 72
1 156 2 5 3.3 65
1 41 1 -9 0.9 45
1 391 1 -9 9.17 91
1 399 1 -9 2.26 59
1 293 1 -9 4 69
1 423 1 -9 2.76 63
2 457 2 -9 3.72 65
2 714 2 5 3.01 64
3 653 2 3 1.02 46
3 938 1 -9 2.15 58
3 843 1 -9 1.29 49
3 741 2 -9 2.7 60
3 857 1 -9 1.78 55
2 929 2 -9 1.8 53
1 1 1 6 5.92 76
1 1 2 5 3.01 63
3 1 2 4 2.14 58
3 1 2 4 3.57 67
3 1 1 7 7.24 82
3 1 2 4 1.43 55
1 1 2 6 5.1 71
1 1 2 5 2.6 61
1 1 1 6 4.29 71
3 1 2 5 2.24 65
1 44 2 4 3.75 57
1 50 1 5 2.46 61
1 129 1 6 5.58 76
1 133 2 5 2.74 60
1 278 2 -9 2.9 65
1 180 2 -9 4.41 70
1 347 1 -9 7 70
2 444 2 -9 2.7 59
2 469 2 -9 1.1 46
2 485 1 5 4.03 67
2 664 1 6 5.32 78
3 869 2 -9 1.6 53
3 938 2 -9 2.13 57
3 1 2 5 2.65 62
1 1 2 -9 1.84 58
1 1 1 -9 1.38 56
1 159 1 -9 5.7 75
1 86 1 5 3.1 64
1 344 1 -9 4.7 68
2 430 1 -9 2.01 48
3 628 1 -9 2 56
2 656 2 4 1.9 56
2 607 1 5 3.9 69
3 817 1 4 3.7 65
2 939 2 -9 3.52 61
3 856 2 -9 1 45
2 923 2 -9 3.05 51
2 897 1 -9 3.6 67
1 1 1 5 3.47 65
1 1 2 5 3.57 65
3 1 1 4 4 71
3 1 2 5 2.76 66
1 223 2 -9 0.78 42
1 7 1 5 3.3 67
1 45 1 4 1.9 56
1 392 2 -9 1.7 51
1 394 1 -9 0.78 43
1 171 2 4 2.65 60
1 54 2 5 3.52 60
1 143 2 4 1.9 54
1 152 2 5 4.08 70
1 154 2 4 1.36 48
1 276 1 -9 3.3 62
1 355 2 -9 2.54 65
1 110 2 -9 2.1 55
1 185 2 -9 3.05 65
2 461 1 -9 3.58 65
2 477 2 -9 2.9 68
3 514 1 -9 1.65 52
3 636 1 -9 1.18 47
3 691 1 5 5.15 74
2 708 2 4 2.43 58
3 675 1 -9 5.76 71
2 755 1 -9 3.8 72
3 850 2 -9 1 47
3 933 1 -9 1.41 50
3 843 1 -9 1.22 48
2 878 2 -9 1.24 47
3 865 1 -9 2.93 67
3 866 2 -9 2.8 63
3 891 2 4 3.4 63
3 1 2 -9 3.47 63
1 1 2 6 4.8 72
1 1 1 7 5 73
3 918 2 -9 1.5 40
1 215 2 -9 1.55 53
1 222 2 -9 10.41 84
1 123 2 -9 2.1 60
1 157 2 5 4.1 66
1 11 2 4 2 55
1 198 1 -9 4.35 65
1 131 2 6 4.84 70
1 305 1 -9 2.65 64
1 314 2 -9 4.7 66
3 513 1 -9 0.46 36
2 517 2 -9 3.65 68
3 832 2 -9 1.5 52
3 827 2 -9 3.12 63
3 854 2 -9 6.42 78
3 855 2 -9 1.55 50
2 873 1 -9 4.37 68
3 888 2 -9 2.34 64
1 1 2 6 4.59 71
3 1 2 6 2.6 66
1 1 2 7 4.49 68
1 1 1 5 1.84 56
1 1 2 5 2.65 63
3 1 1 4 1.53 54
1 219 1 -9 3.5 64
1 17 2 6 2.7 59
1 52 1 -9 2.84 64
1 82 2 -9 2.3 60
1 373 2 -9 3.06 67
1 408 1 -9 1.14 46
1 434 1 -9 -9 50
1 245 1 -9 4.9 69
3 475 1 3 1.21 48
2 511 2 3 1.35 49
3 680 2 -9 1.06 47
2 761 1 5 4.5 69
3 674 2 -9 1.21 49
3 937 2 -9 1.48 51
3 779 1 -9 7.9 86
2 930 1 -9 1.61 54
3 885 1 5 4.42 72
3 808 2 4 3.8 62
1 1 2 4 3.16 66
1 1 1 6 3.06 61
1 1 2 -9 2.04 60
3 1 2 5 3.06 65
3 1 2 6 3.57 72
1 1 2 4 3.06 62
1 1 2 6 2.3 67
3 1 1 5 2.76 63
3 1 1 5 2.91 65
3 1 1 4 2.35 59
1 196 1 -9 0.86 45
1 129 1 7 4.3 74
1 325 2 -9 1.75 55
3 493 2 -9 2.04 59
3 858 1 -9 1.75 55
1 1 2 5 4.59 71
1 1 2 5 2.86 62
1 1 2 4 4.6 66
1 1 1 -9 1.68 55
1 99 2 5 -9 68
1 145 1 5 3.18 65
1 404 1 -9 3.4 70
1 426 2 -9 1.19 47
2 502 1 -9 1.79 56
3 557 1 -9 3.1 61
2 721 1 5 4.3 69
2 713 2 6 5.64 74
3 743 2 5 5.25 72
3 1 1 4 2.1 59
1 1 2 -9 2.91 64
1 1 2 5 2.6 55
3 1 1 -9 3.67 64
1 219 2 -9 3.83 66
1 73 1 -9 1.54 53
1 87 1 5 4.36 66
1 280 1 -9 3.5 68
1 365 1 -9 2.96 66
1 270 2 -9 6.5 76
1 237 1 -9 8.2 84
1 423 2 -9 1.4 51
2 456 2 -9 3.08 64
3 588 1 4 1.25 50
3 504 1 -9 0.79 42
3 631 1 -9 1.33 49
2 717 2 4 3.94 65
3 698 2 5 3.74 70
3 667 2 5 3.2 65
3 668 2 -9 1.26 49
3 703 1 4 -9 55
2 902 1 -9 1.92 54
3 737 1 4 2.1 60
3 889 1 -9 0.92 44
1 1 1 5 3.78 65
1 1 1 6 4.18 68
1 1 2 5 5.31 74
1 1 2 5 2.81 58
1 1 2 6 2.65 63
3 1 1 6 6.4 78
1 370 2 -9 4.5 78
1 231 1 -9 3.9 69
1 377 2 -9 2.12 61
1 304 2 -9 4.03 65
1 242 1 -9 4.2 69
2 712 2 5 3.57 66
3 646 2 5 4 70
3 817 2 5 3.8 64
3 622 1 3 1.14 45
3 824 2 5 3.1 61
3 805 2 -9 3.85 68
3 1 2 4 2.03 62
1 191 2 -9 3.9 65
1 160 1 -9 2.12 57
1 38 2 -9 2.3 61
1 164 2 -9 2.36 59
1 204 1 -9 1.7 52
1 224 2 -9 4.1 65
1 155 1 -9 3.7 64
1 184 2 -9 4.12 68
1 256 1 -9 3.6 67
1 354 1 -9 4.14 74
2 501 1 -9 1.43 52
3 476 1 -9 2.13 59
3 548 1 4 1.88 57
3 660 2 5 2.22 60
3 610 2 4 1.7 56
2 609 1 4 3 62
3 678 1 -9 1.24 48
3 604 2 4 2.35 60
3 778 1 -9 3.9 69
3 893 1 -9 3.7 65
1 1 1 -9 2.86 66
1 1 1 -9 3.06 65
1 1 1 -9 2.6 67
3 1 1 5 2.35 61
3 1 2 6 3.77 70
1 1 2 5 2.8 58
1 126 1 -9 5.4 76
1 138 1 -9 2.4 62
1 87 2 5 2.88 57
1 335 1 -9 3.92 73
1 337 1 -9 2.94 64
1 259 2 -9 1.7 53
1 361 1 -9 2.96 45
1 270 1 -9 1.3 48
3 458 1 -9 1 48
2 483 2 -9 4.67 71
2 540 1 5 4.42 69
3 603 1 4 2.36 57
2 932 2 -9 3.91 67
3 819 2 4 3.82 68
2 876 1 -9 4.02 70
1 189 2 -9 3.65 65
1 336 1 -9 3.45 68
1 263 1 -9 7.6 80
1 247 1 -9 2.2 59
1 282 1 -9 4.1 67
3 488 1 4 1.55 53
2 503 2 -9 1.96 59
2 579 1 5 4.1 66
3 726 1 4 1.5 52
3 648 1 4 1.8 53
3 595 2 5 4.6 71
3 827 1 -9 2.88 63
3 1 1 5 5 79
3 1 1 6 4.08 73
3 1 1 6 3.5 71
1 1 1 -9 1.38 53
3 1 2 5 3.88 69
1 1 1 4 1.4 51
1 1 2 4 4.1 63
3 1 1 5 6.53 77
1 220 2 -9 2.79 59
1 220 2 -9 3.85 68
1 162 1 -9 4.53 68
1 394 2 -9 2.42 62
1 85 2 -9 3.05 71
1 277 2 -9 3.4 63
1 309 2 -9 2.25 59
1 116 2 3 1 45
1 298 1 -9 3.6 64
1 316 1 5 2.38 60
1 295 2 -9 2.1 57
1 236 2 -9 5.76 77
1 421 1 -9 3.84 68
2 469 1 -9 2.8 63
2 470 1 -9 1.17 47
2 464 2 7 5.38 75
2 535 2 7 4.35 73
3 765 2 4 2.85 64
3 624 2 4 3.66 66
3 731 1 -9 3.72 67
3 735 1 4 2.51 58
2 881 2 5 5.22 72
2 875 2 -9 2.94 60
2 917 1 -9 1.9 53
1 1 2 5 3.88 67
1 1 2 6 4.18 71
3 1 1 4 2.45 64
3 1 2 5 3.37 66
1 1 1 4 2.04 57
1 1 1 5 3.88 70
3 1 1 4 2.2 58
1 19 1 5 1.22 51
1 12 2 6 4.39 70
1 169 2 5 3.5 61
1 203 1 -9 3.7 69
1 203 2 -9 4.6 72
1 141 1 5 4 69
1 151 2 3 0.78 42
1 386 1 -9 2.87 63
1 364 1 -9 2.14 60
1 316 1 4 1.86 56
1 321 1 -9 1.3 50
2 460 1 -9 6.26 66
2 479 2 -9 1.6 54
2 482 2 -9 2.6 61
2 532 1 -9 2.8 61
2 722 1 3 1.64 52
2 650 2 6 4.6 75
2 757 2 -9 1.25 48
2 803 1 -9 3.1 65
2 917 1 -9 2.8 61
1 1 2 6 3.37 66
1 1 1 6 5 72
3 1 2 6 4.08 69
1 220 1 -9 1.94 56
1 310 2 -9 2.7 60
1 213 2 -9 4.37 71
1 409 2 -9 3.14 66
1 419 2 -9 3.98 74
3 458 2 -9 2.3 58
3 671 1 -9 0.67 49
2 903 1 -9 3.84 68
2 906 2 -9 1.64 53
3 891 2 3 1.2 49
1 1 1 5 3.16 63
3 1 1 6 5.1 77
1 1 2 -9 2.96 68
3 1 2 6 3.83 70
1 186 2 -9 3.1 60
1 390 1 -9 5.17 82
1 239 2 -9 2.3 60
1 360 2 -9 2.72 69
1 405 2 -9 2.3 61
1 405 1 -9 1.3 60
1 412 1 -9 2.84 67
1 349 2 -9 6.49 79
2 442 2 -9 2.8 60
2 538 2 3 1.59 52
2 510 1 5 4.3 68
2 554 2 4 2.07 56
3 700 2 4 3.77 67
3 601 1 5 4.61 70
3 869 1 -9 1.66 54
3 938 1 -9 1.56 51
3 789 2 -9 1.38 51
3 845 1 -9 3.69 68
2 879 2 5 3.66 64
2 882 2 4 3.22 65
3 857 2 -9 3.36 63
1 1 1 6 6.43 79
1 1 1 -9 2.5 64
3 1 2 4 2.35 62
3 1 2 4 2.96 54
3 1 1 -9 2.45 64
1 1 2 4 1.84 57
1 215 1 -9 3.96 67
1 97 2 -9 2.8 51
1 29 2 5 4.1 68
1 46 1 9 8.91 87
1 173 2 5 3.86 65
1 227 1 -9 2 59
1 112 1 -9 3.9 66
1 299 2 -9 3.8 70
1 233 2 5 5.86 74
2 665 2 4 3.2 64
2 932 1 -9 1.81 52
3 846 1 -9 2.44 61
3 744 2 4 2.3 58
3 858 1 -9 3.27 65
2 1 2 5 3.88 68
1 1 2 5 2.35 60
1 1 2 -9 5.05 70
1 1 1 5 3.16 62
1 1 1 5 4.59 68
1 1 1 6 3.67 70
1 1 1 -9 2.37 61
1 1 2 5 3.7 62
1 215 2 -9 3.43 63
1 221 1 -9 3.24 66
1 255 1 -9 4 66
1 271 2 -9 6.2 76
1 325 2 -9 1 45
3 630 1 -9 4.76 71
3 633 2 -9 2.42 60
3 673 2 -9 1.43 51
3 602 1 3 1.38 50
3 847 2 -9 4.04 68
2 780 2 -9 2.35 58
3 743 2 5 3.15 61
3 742 1 -9 2.5 59
2 928 2 -9 1.9 54
3 809 2 4 2.8 51
3 1 2 5 3.47 69
1 1 2 7 2.76 66
1 1 1 6 3.2 66
2 1 2 -9 4.29 73
3 1 2 4 2.14 56
3 1 1 4 1.6 51
1 186 2 -9 4.8 72
1 215 1 -9 0.99 46
1 101 2 5 -9 69
1 397 1 -9 4.82 72
1 73 1 -9 2.5 63
1 318 1 -9 3.18 64
3 562 2 6 4.72 73
3 688 2 3 0.96 49
2 492 1 -9 2.84 63
3 727 2 5 2.65 63
3 642 2 3 1.5 52
3 766 2 4 2.79 64
3 677 2 -9 1.7 53
2 897 1 -9 4.06 69
1 1 2 5 3.57 64
3 1 2 4 2.65 66
1 1 2 5 4.29 70
1 1 1 6 3.2 61
1 1 1 -9 2.19 60
1 139 1 -9 2.54 61
1 93 1 4 2.2 47
1 6 1 4 1.5 52
1 46 1 7 4.41 70
1 209 1 -9 7.32 82
1 226 2 -9 4.2 66
1 144 1 3 0.59 39
1 369 2 -9 5.06 82
1 181 1 -9 4.2 71
1 214 2 -9 1.48 54
1 406 1 -9 0.9 45
1 272 2 -9 7.3 84
2 533 1 3 1.76 53
3 563 2 4 2.95 65
3 671 1 -9 0.64 48
3 672 1 -9 5.2 75
3 735 1 4 2.48 57
3 811 2 5 5 75
1 1 2 5 3.98 71
1 289 1 -9 15.4 106
1 319 1 -9 2.7 61
1 284 1 -9 3.05 60
1 245 1 -9 1.7 55
3 467 2 3 1 45
3 587 2 6 2.9 65
3 633 2 -9 2.32 57
3 681 1 -9 2.51 58
3 866 2 -9 1.83 57
3 845 1 -9 3.08 64
3 849 2 -9 1.02 48
3 779 1 -9 3.3 65
2 921 1 -9 1.94 43
3 1 1 5 3.67 68
1 1 1 6 5.05 72
1 1 1 -9 1.28 48
1 28 1 5 2.8 64
1 168 1 -9 3.4 66
1 297 1 -9 2.1 58
2 569 2 4 2.1 55
2 534 2 6 3.84 69
3 572 1 6 4.1 68
3 631 2 -9 1.27 49
3 773 1 -9 3.94 68
3 598 1 4 1.8 56
1 1 1 5 3.88 66
1 1 2 5 1.89 53
3 1 1 6 3.92 70
3 1 2 5 3.67 69
3 1 2 3 1.33 48
3 1 1 4 2.55 58
1 121 2 -9 4.4 74
1 337 1 -9 1.37 51
1 375 2 -9 2.3 62
1 257 2 -9 5.2 66
1 399 1 -9 3 64
1 283 1 -9 4.8 69
1 232 1 6 4.19 69
3 450 1 -9 2.04 57
2 499 2 6 2.73 64
2 721 1 5 4.3 70
2 607 2 5 4 68
3 677 1 -9 4.07 69
2 781 2 -9 1.58 51
3 860 2 -9 6.32 77
1 1 2 6 4.49 68
3 1 2 4 1.94 55
3 1 1 4 2.65 63
1 1 2 -9 1.94 59
1 1 2 5 2.76 69
3 1 2 3 1.65 52
1 1 1 5 2.76 62
1 1 2 6 3.6 68
1 21 1 8 7.12 86
1 23 2 5 3.34 65
1 172 1 6 3.76 67
1 134 2 6 3.4 65
1 375 1 -9 3.38 70
1 350 1 -9 6.12 74
2 540 1 3 1.55 51
2 497 2 -9 1.3 48
3 637 2 -9 0.66 39
3 693 2 -9 2.15 58
3 698 2 3 1.11 47
2 706 1 -9 7.14 83
3 766 2 4 3.39 69
2 908 2 -9 4.82 73
3 1 1 -9 1.6 53
3 1 1 8 12.45 89
3 1 2 4 2.04 59
1 1 1 4 3.37 69
1 1 2 -9 9.29 92
1 89 1 -9 3.18 65
1 165 2 -9 1.79 53
1 256 2 -9 3 61
1 111 2 -9 6.4 78
1 363 1 -9 1.08 58
1 435 1 -9 -9 69
2 541 1 -9 1.01 45
3 633 2 -9 3.28 68
3 691 2 4 2.81 61
3 641 2 -9 5.5 77
3 846 2 -9 3.89 70
3 848 2 -9 1.65 54
3 852 1 -9 5.09 71
3 841 2 -9 0.82 43
2 940 1 -9 3.3 63
2 864 2 -9 2.02 56
3 1 1 4 2.04 55
1 1 2 5 3.99 67
1 1 2 5 2.76 64
3 1 1 4 2.35 61
3 1 2 5 1.95 61
3 1 2 4 1.49 53
1 219 2 -9 3.21 63
1 57 2 6 3.73 65
1 94 1 -9 5.5 64
1 62 2 -9 4.1 65
1 14 2 5 2.23 59
1 25 1 8 8.4 85
1 26 2 8 4.6 73
1 201 2 -9 2.3 59
1 329 2 -9 3.2 67
1 288 1 -9 4.6 64
1 357 1 -9 2.78 62
1 184 2 -9 1.93 54
1 185 2 -9 4.37 66
1 246 2 -9 2.4 58
1 418 2 -9 2.72 59
2 546 1 4 3.1 63
3 632 2 -9 2.56 63
3 834 2 -9 4.8 69
3 674 2 -9 1.31 49
3 769 2 4 2.24 60
2 931 2 -9 4.16 69
2 931 2 -9 4.9 69
3 776 2 -9 1.4 51
3 1 2 5 2.45 63
3 1 1 4 1.02 54
1 1 2 5 5.46 74
3 1 2 -9 4.08 68
1 65 2 -9 1.7 54
1 50 2 6 4.15 67
1 332 1 -9 4 69
1 179 2 -9 3.27 66
1 322 1 -9 4.6 70
2 462 2 -9 1.36 50
3 487 2 4 1.93 56
3 576 2 4 2.4 61
3 642 2 6 3.9 69
3 647 2 4 2 57
2 764 2 -9 3 62
3 870 1 -9 3.99 72
3 791 2 3 1.75 49
3 853 2 -9 4.14 71
2 861 1 4 2.38 56
3 804 2 4 -9 63
2 928 1 -9 1.2 51
3 1 2 6 3.1 68
3 1 2 -9 4.03 67
3 1 2 5 3.06 68
1 205 1 -9 3.9 68
1 199 2 -9 4.3 71
1 75 2 5 -9 66
1 346 2 -9 3.2 66
1 251 1 -9 3.5 65
1 296 2 -9 -9 43
2 433 1 -9 1.1 46
2 542 1 -9 5.35 74
2 539 2 3 1.68 53
3 699 2 5 2.35 63
3 616 2 4 2.64 60
3 679 1 -9 1.6 53
3 784 1 -9 5.5 76
3 847 2 -9 3.24 66
3 745 2 3 1.5 49
2 916 1 -9 2 56
3 886 1 5 2.64 62
1 1 1 5 5.05 70
1 1 1 5 4.39 69
3 1 1 8 12.65 95
1 218 1 -9 0.79 41
1 32 2 5 2.7 62
1 390 2 -9 4.32 76
1 24 2 5 3.9 68
1 147 1 -9 2.64 60
1 304 2 -9 3.47 69
1 381 2 -9 1.78 57
3 575 1 5 3.9 72
3 576 2 4 2.8 63
3 673 1 -9 1.6 52
3 786 1 -9 4.35 68
2 901 1 -9 2.33 59
3 1 1 -9 4.2 71
1 1 2 7 4.03 68
1 1 1 5 5.2 74
3 1 1 4 1.5 52
3 1 2 5 2.04 56
3 1 1 6 4.69 72
2 1 2 -9 3.67 68
1 398 1 -9 1.47 53
1 136 1 -9 2.22 68
1 280 2 -9 2.4 62
1 346 2 -9 3.8 62
1 309 2 -9 1.78 55
1 420 2 -9 2.74 63
2 480 2 -9 2.86 67
2 498 2 -9 3.4 65
3 574 1 3 1.7 53
2 609 1 4 2.2 57
3 774 2 -9 2.62 61
3 833 2 -9 2.7 59
2 596 1 5 5.35 72
3 730 1 -9 2.86 67
2 783 2 -9 6.58 76
3 790 1 4 1.65 51
3 793 1 5 1.34 51
2 803 2 -9 2.2 56
2 899 2 -9 2.84 60
3 812 1 5 3.1 71
3 812 2 7 10.7 98
1 1 1 6 4.08 69
3 1 1 6 4.59 71
3 1 1 4 2.55 61
1 1 1 5 1.94 56
1 1 1 6 4.39 71
1 279 1 -9 3.25 90
1 213 2 -9 3.9 71
1 246 1 -9 2.2 57
2 530 1 -9 4.79 75
2 512 2 4 2.1 55
2 516 2 -9 3.28 63
2 719 2 5 4.8 72
3 566 1 4 2.45 60
2 649 2 5 2.5 62
3 676 1 -9 1.46 50
3 911 2 -9 2.09 56
3 885 2 5 2.8 66
1 1 2 5 3.98 66
1 1 1 5 5.2 74
1 1 2 4 2.3 56
3 1 1 5 3.27 63
1 43 2 -9 4.45 47
1 49 2 5 2.41 59
1 130 1 5 2.22 59
1 135 2 5 1.92 57
1 382 1 -9 1.84 53
2 552 1 4 2.64 60
2 712 1 4 2.61 60
3 844 1 -9 1.33 50
3 739 1 3 1.36 50
2 922 1 -9 2.62 50
3 1 1 4 2.14 59
1 1 2 6 4.18 67
1 1 2 7 7.45 77
3 1 1 5 2.55 63
3 1 2 5 3.57 68
3 1 1 5 3 67
3 1 1 5 3.39 67
1 216 2 -9 0.21 28
1 37 2 -9 3.3 65
1 54 1 4 2.06 54
1 143 1 5 2.97 64
1 369 2 -9 7.08 89
1 211 2 -9 -9 59
3 494 1 -9 1.41 51
2 722 1 3 1.35 47
2 658 2 3 1.82 59
3 829 2 -9 2.13 57
3 795 2 3 0.8 50
3 933 2 -9 2.86 60
3 860 2 -9 4.01 66
3 1 1 5 4.08 65
1 41 2 -9 2.8 65
1 181 2 -9 3.8 70
1 106 2 5 2 62
1 288 2 -9 4.05 53
1 240 1 -9 3.15 63
1 424 1 -9 2.77 63
2 527 1 -9 1.56 52
3 558 1 -9 2.05 56
3 561 1 3 1.27 50
3 631 2 -9 1.47 49
3 686 1 -9 1.11 49
3 655 2 4 3.04 63
2 611 1 5 4.02 68
3 785 2 -9 4.3 74
3 787 2 -9 1.44 50
2 914 2 -9 4.47 65
3 1 2 -9 3.1 67
3 1 2 4 2.04 48
3 1 2 4 2.65 62
1 1 1 -9 1.63 55
3 1 2 -9 3.93 65
1 194 1 -9 3.6 66
1 228 1 -9 3 65
1 255 1 -9 7.2 83
2 441 2 -9 3.3 65
1 238 2 -9 3.96 76
2 453 1 -9 4.04 70
3 468 1 4 1.8 54
3 726 2 4 1.76 55
3 785 2 -9 4.1 69
3 746 1 5 3.45 67
3 748 2 -9 2.95 68
3 819 1 5 4.48 69
2 875 2 -9 3.89 66
3 856 2 -9 1.63 50
2 895 1 4 3.12 64
1 1 1 5 3.47 69
3 1 2 5 3.67 65
1 1 1 4 2.4 56
2 440 1 -9 2.8 60
1 198 1 -9 2.45 59
1 148 2 -9 0.66 40
1 213 1 -9 8.35 83
1 387 2 -9 2.16 55
1 273 2 -9 0.9 41
1 266 1 -9 3.2 66
1 241 1 -9 4.4 68
3 525 1 -9 1.6 52
2 550 1 7 6.14 78
3 653 2 4 2.39 62
3 753 2 -9 1.48 51
3 850 2 -9 1.2 48
3 751 1 4 2.5 59
3 856 1 -9 1.28 47
1 1 1 6 2.6 62
1 1 1 6 3.98 68
1 1 2 7 6.5 78
1 262 2 -9 3 63
1 125 1 -9 3.4 65
1 190 1 -9 2.9 63
1 397 1 -9 1.03 46
1 151 1 -9 5.14 72
1 329 2 -9 2 54
1 185 2 -9 8.98 84
1 319 1 -9 2.1 57
1 313 1 -9 7 74
2 441 2 -9 3.1 62
2 486 1 3 1.74 54
2 569 2 4 1.4 52
2 564 2 5 3.75 68
3 600 2 5 2.55 62
3 839 2 -9 0.89 44
3 913 2 -9 1.79 54
1 1 2 4 3.16 63
1 1 1 5 3.32 66
1 1 1 6 7.19 78
1 1 2 5 2.6 58
3 560 2 5 2.75 62
2 553 2 4 1.92 56
3 679 1 -9 1.09 47
3 860 2 -9 4.72 72
2 926 2 -9 2.56 60
1 1 2 6 4.49 71
1 1 2 5 3.8 63
1 1 1 8 7.55 91
2 1 2 -9 3.88 70
3 1 1 -9 3.72 66
1 97 1 -9 4.1 61
1 33 2 6 3.4 63
1 132 1 5 5.4 73
1 81 2 -9 2.44 60
1 183 2 -9 2.44 59
1 184 1 -9 0.87 44
1 119 1 4 2 55
1 106 1 5 3.3 67
1 348 2 -9 1.2 49
1 241 1 -9 5.5 74
3 452 1 -9 2.1 56
3 447 1 -9 0.72 41
2 530 1 -9 3.78 67
2 724 1 3 1.66 52
3 620 2 4 1.9 57
3 702 1 -9 -9 64
2 883 1 -9 2.74 60
1 1 2 5 2.4 56
1 162 2 -9 2.31 59
1 346 2 -9 2.35 61
1 340 1 -9 7.43 84
1 258 1 -9 3.1 63
1 212 1 -9 4.24 67
1 114 2 -9 2.95 64
1 274 2 -9 2.6 58
2 497 2 -9 2.35 59
3 513 1 -9 0.38 34
3 580 2 -9 1.54 52
3 605 1 4 1.42 51
3 1 2 -9 3.5 69
3 1 2 6 3.4 69
1 1 1 5 3.57 64
1 1 2 4 2.14 58
3 1 2 5 3.8 66
3 1 2 5 3.27 67
1 63 2 -9 3.4 63
1 165 2 -9 1.62 50
1 6 2 5 2.4 60
1 167 1 -9 2.5 65
1 140 1 5 3.4 60
1 331 1 -9 1.15 47
1 177 2 -9 4.19 71
1 342 2 -9 4.08 76
1 281 2 -9 2.5 60
3 475 2 3 1.28 48
3 555 2 -9 1.44 51
3 654 1 4 3.32 70
3 614 1 5 2.3 61
3 856 2 -9 1.34 49
2 898 1 -9 5.78 78
1 1 2 -9 1.94 63
1 83 1 -9 3.6 67
1 334 2 -9 2.1 61
1 253 1 -9 6 79
1 425 1 -9 1.67 52
2 724 2 3 1.23 48
2 704 1 4 2.02 58
2 760 1 3 1.25 49
3 847 1 -9 3.96 68
3 812 2 4 1.9 58
1 1 2 7 5.71 72
1 1 2 5 4.39 67
1 1 2 5 3.32 61
3 1 2 3 1.44 51
3 1 2 5 3.77 70
1 1 1 6 4.95 72
1 1 2 5 3.27 61
1 1 2 6 4.1 65
1 1 2 5 2.9 61
1 221 1 -9 3.65 65
1 7 1 6 4.5 70
1 107 2 6 3.7 68
1 410 2 -9 2.4 61
1 411 1 -9 3.84 71
1 434 2 -9 -9 71
1 242 2 -9 3.4 65
1 311 1 -9 6.8 76
3 631 2 -9 1.38 48
2 657 2 4 3.2 64
3 771 2 -9 0.51 37
3 668 2 -9 1.47 52
3 679 1 -9 2.27 56
3 778 1 -9 6.1 77
2 864 1 -9 1.14 48
3 913 1 -9 1.67 52
1 1 1 5 3.06 61
1 1 2 5 3.57 63
3 1 1 3 1.33 50
1 1 2 5 4.08 65
3 1 1 4 3.46 69
3 1 2 4 2.96 59
1 75 2 5 -9 64
1 76 2 5 2.7 59
1 384 1 -9 9.02 86
1 287 2 -9 4.1 64
1 380 2 -9 2.06 60
1 105 2 5 3.5 65
1 362 2 -9 3.16 67
2 473 1 -9 1.36 47
3 592 1 5 4.4 71
3 632 2 -9 3.39 69
2 658 2 5 4.06 69
3 832 2 -9 1.4 51
3 670 1 -9 3.39 67
2 904 1 -9 3.98 71
3 746 2 3 1.65 53
2 861 2 6 3.52 62
2 863 1 -9 1.36 49
1 1 2 -9 3.16 69
3 1 2 5 2.45 61
3 1 2 3 1.02 46
1 1 1 5 3 63
1 214 2 -9 2.2 60
1 279 2 -9 3.75 77
1 330 2 -9 1.1 47
2 500 2 -9 1.04 48
3 563 1 4 3.16 64
3 559 1 5 3.86 69
3 654 2 4 3.24 66
3 601 1 5 4.49 73
3 623 2 4 2.46 62
3 670 1 -9 1.73 55
3 777 1 -9 3.4 67
3 1 2 4 3.06 63
1 1 2 6 3.57 64
1 1 2 4 2.55 58
1 1 1 6 5.2 72
3 1 2 6 4.49 74
3 1 1 -9 2.55 63
3 1 2 5 2.55 64
1 187 2 -9 2.65 62
1 21 2 5 3.28 64
1 31 1 5 2.2 58
1 28 2 6 3.1 63
1 180 2 -9 4.86 77
1 102 1 7 11 89
1 357 1 -9 2.1 57
1 364 1 -9 0.94 45
3 583 1 4 2.56 63
2 543 1 -9 4.99 74
2 518 1 -9 4.76 73
3 645 2 6 4.1 71
2 908 1 -9 5.11 74
1 1 1 4 2.91 63
1 1 1 -9 6.33 80
1 1 2 -9 2.65 64
3 1 1 5 3.47 70
1 1 1 5 3.37 68
1 1 2 -9 1.73 57
1 1 2 -9 1.58 56
3 1 1 4 2.86 61
3 925 1 -9 1.76 56
1 222 1 -9 9.64 86
1 144 1 3 0.85 42
1 136 1 -9 3.7 57
1 69 1 6 4.55 70
2 663 2 5 5.7 75
3 637 1 -9 1.1 48
3 677 2 -9 1.79 54
3 838 2 -9 1.35 50
2 756 1 -9 1.68 52
3 784 2 -9 3.8 67
3 894 2 -9 2.6 60
2 898 2 -9 7.58 81
2 901 1 -9 1.79 54
3 812 1 4 1.6 54
1 1 1 5 2.7 63
3 1 1 -9 3.27 64
1 124 1 -9 2.2 58
1 20 2 5 1.6 53
1 36 2 -9 3.2 67
1 67 1 4 3.62 56
1 68 2 6 6.67 67
1 77 1 5 3.03 66
2 413 2 -9 1.03 45
1 355 1 -9 3.42 64
1 293 2 -9 3.2 64
1 248 2 -9 1.92 55
2 470 2 -9 2.8 60
2 507 2 -9 2.6 58
3 577 1 6 3 64
2 708 1 4 1.48 50
3 831 2 -9 2.85 62
2 757 2 -9 1.8 53
3 934 1 -9 2.73 62
3 792 2 3 1.02 45
3 799 2 -9 1.4 56
3 910 2 -9 2.79 65
3 860 2 -9 3.73 66
1 1 2 7 4.49 70
2 1 1 6 7.35 81
3 1 2 5 3.26 68
3 1 1 -9 4.8 73
1 214 2 -9 2.04 58
1 218 1 -9 0.75 37
1 38 2 -9 2 59
1 202 2 -9 3.55 65
1 260 2 -9 5.2 79
1 212 2 -9 6.08 74
1 407 2 -9 0.92 43
2 445 2 -9 3.6 65
3 448 2 -9 1.24 48
2 473 2 -9 4.16 71
2 715 2 6 4.46 73
2 722 1 3 1.48 50
2 492 1 -9 2.14 55
2 608 1 3 1.2 49
3 667 2 5 3.7 67
3 729 2 -9 2.3 59
2 762 2 -9 1.85 54
3 604 2 3 1.02 49
3 735 2 4 3.67 61
3 1 1 -9 3 63
1 1 2 7 3.57 64
1 1 1 8 8.88 87
1 1 1 6 4.03 70
1 1 2 5 2.6 59
3 1 1 5 2.3 60
1 1 2 4 1.89 55
3 1 1 5 2.55 59
2 491 2 -9 2.76 67
1 161 2 -9 6.35 75
1 63 2 -9 2.2 60
1 341 1 -9 2.21 62
1 254 2 -9 2.8 67
1 402 2 -9 1.9 53
1 361 1 -9 2.5 65
1 267 1 -9 5.16 72
2 477 2 -9 2.4 70
3 590 2 5 4.1 70
2 520 2 -9 2.82 64
3 767 1 4 3.06 66
3 777 2 -9 5.2 78
2 782 1 -9 1.7 52
1 1 2 5 2.45 62
1 1 1 -9 2.6 66
3 1 2 4 2.04 49
1 1 2 5 3.5 62
3 1 1 3 1.22 46
1 84 2 -9 1.71 57
1 352 2 -9 2.62 66
1 378 1 -9 2.8 64
1 318 2 -9 8.36 84
2 509 1 -9 3.6 67
2 518 2 -9 3.6 69
3 561 2 5 1.87 57
3 826 1 6 5.9 77
2 932 1 -9 3.17 65
3 850 2 -9 0.66 40
3 747 2 5 4.35 71
2 915 2 -9 3.22 64
1 1 2 6 3.98 69
1 1 1 5 2.7 62
1 1 2 7 3.57 69
3 1 2 4 1.53 54
3 1 2 6 4.69 74
3 1 2 -9 4.44 70
3 1 1 -9 7.19 80
1 299 1 -9 6 72
1 323 1 -9 3.9 69
2 442 1 -9 3.5 68
1 235 2 -9 2.16 58
2 661 1 4 2.62 63
3 935 1 -9 1.58 53
3 854 1 -9 0.26 30
2 882 1 4 2.36 58
3 857 1 -9 4.04 69
3 890 2 4 2.5 62
1 1 2 6 5.51 72
1 1 1 6 3.98 66
3 1 1 6 4.4 72
1 1 2 5 2.45 64
1 1 2 -9 2.04 64
3 1 1 -9 3.62 67
1 220 1 -9 3.93 66
1 22 1 7 5.64 75
1 42 2 6 4.6 64
1 210 1 -9 2.56 59
1 141 2 5 2.6 67
2 413 2 -9 0.95 44
1 341 1 -9 5.94 79
1 117 2 4 2.5 61
3 519 2 -9 1.11 47
2 717 1 4 3.39 64
2 656 2 -9 3.48 66
3 639 2 -9 5.06 72
3 625 2 6 2.88 73
2 940 1 -9 2.52 60
2 872 2 -9 3.14 63
2 923 1 -9 9.44 77
3 1 1 6 6.22 79
1 1 2 6 4.18 70
3 1 2 6 2.6 63
1 1 2 6 3.93 67
1 1 2 5 4.18 69
1 1 2 -9 1.89 59
1 1 1 5 3.4 65
1 1 2 7 7.7 80
3 1 1 5 3.06 65
3 925 1 -9 1.12 47
1 150 2 5 2.92 63
1 168 1 -9 4.8 72
1 140 1 9 14 81
1 144 2 3 0.81 44
1 339 2 -9 2.45 61
2 481 1 -9 1.69 55
2 719 2 5 4.2 70
3 834 2 -9 2 57
2 871 1 -9 1.88 54
3 924 1 -9 1.54 52
3 1 2 4 2.96 63
1 1 2 4 2.67 64
3 1 1 3 2.55 63
1 1 1 -9 2.6 64
3 1 2 5 3.16 67
3 1 1 -9 2.55 71
1 1 1 5 2.86 61
3 1 1 4 2.78 60
1 322 2 -9 2.8 60
3 495 1 -9 1.04 45
2 718 1 3 1.6 51
3 727 1 4 2.08 58
3 603 1 4 2.96 62
3 823 1 4 2.48 61
3 1 2 4 2.14 59
3 1 2 5 3.98 68
1 1 2 -9 2.14 59
3 1 1 4 3.47 65
3 1 1 -9 6.63 80
3 1 1 4 2.86 64
1 1 2 6 -9 67
1 224 2 -9 3.9 68
1 146 1 -9 2.94 64
1 76 2 5 4.07 68
1 383 1 -9 3.83 65
1 379 2 -9 2.12 61
1 104 2 4 2.9 59
1 212 1 -9 2.9 61
1 349 1 -9 1.95 58
3 414 1 -9 1.08 45
1 420 1 -9 3 63
2 482 2 -9 3.8 70
2 457 2 -9 3.98 72
2 546 1 4 2.34 58
2 709 1 5 2.94 62
3 685 1 -9 0.61 39
3 606 2 3 1.4 50
3 848 2 -9 2.78 62
2 883 1 -9 4.2 71
1 1 2 6 4.18 68
1 1 1 6 5.92 78
3 1 2 -9 3.42 66
3 1 1 4 2.04 60
3 1 2 4 2.86 68
1 1 1 5 2.96 62
1 91 1 5 3.1 54
1 94 1 -9 3.4 56
1 40 2 -9 2.5 58
1 8 1 3 1.8 47
1 393 1 -9 1.7 56
1 23 1 3 1.3 50
1 48 2 7 4.54 71
1 147 1 -9 2.26 58
1 88 2 -9 5.98 73
1 334 2 -9 3.42 67
1 112 1 -9 1.79 56
1 115 2 6 3.18 64
3 629 1 -9 2.35 60
2 650 2 4 0.8 47
3 767 2 3 1.37 51
2 783 2 -9 1.99 56
3 849 2 -9 1.18 48
3 821 2 3 1.6 52
2 878 2 -9 4.24 71
1 1 2 6 2.55 61
3 1 2 5 3.27 69
3 1 1 5 3.98 70
3 1 2 5 3.27 68
1 1 1 6 4.59 72
1 1 1 -9 4.59 69
1 221 2 -9 3.6 63
1 95 1 -9 1.75 44
1 96 2 -9 3.2 55
1 207 2 -9 2.28 59
1 25 2 3 1.2 49
1 184 2 -9 1.86 56
2 543 1 -9 3.61 67
2 534 2 5 2.79 62
2 619 2 5 5.2 80
3 672 1 -9 1.48 49
3 851 2 -9 4.1 71
3 841 1 -9 1.08 47
1 1 1 6 4.9 71
3 1 1 4 1.73 57
3 1 1 5 3.6 68
3 1 1 -9 6.28 77
1 222 1 -9 6.29 75
1 18 1 6 4.94 78
1 95 1 -9 3.3 54
1 163 1 -9 2.36 59
1 199 2 -9 3.35 67
1 275 1 -9 -9 64
1 176 2 -9 2.52 63
1 342 2 -9 2.28 60
1 250 2 8 6.9 78
1 296 2 -9 3.5 69
3 580 2 -9 1.2 48
2 597 2 3 1.21 48
3 868 2 -9 1.38 51
3 835 1 -9 2 54
2 879 1 5 4.16 69
1 1 2 5 3.16 66
1 1 2 5 2.45 61
1 1 1 5 2.96 64
2 710 1 4 1.29 50
1 9 2 7 5.96 79
1 172 2 5 2.81 61
1 135 1 4 1.22 50
1 153 2 5 3 62
1 278 2 -9 4.2 72
1 351 1 -9 3.1 66
1 102 1 -9 3.8 70
3 589 2 4 2.5 60
3 688 2 4 1.97 57
2 905 1 -9 5.81 73
2 906 2 -9 2.41 57
2 940 2 -9 1.24 47
3 1 1 5 3.06 66
3 1 1 -9 3.6 71
3 1 2 4 3.06 55
1 1 2 5 4.29 67
1 1 2 5 2.76 61
1 1 2 5 4 66
3 1 2 -9 5.82 71
3 1 2 3 1.22 47
1 139 1 -9 2.5 61
1 108 1 -9 3.45 66
2 503 2 -9 4.92 77
3 636 2 -9 1.08 48
3 684 1 -9 1.07 48
2 706 1 -9 4.52 70
2 612 2 6 2.77 64
3 640 2 -9 1.02 45
3 625 1 3 1.7 52
3 1 1 5 1.84 53
2 1 2 4 2.65 64
1 1 1 5 1.94 58
1 1 1 7 4.64 77
1 20 1 4 1.42 51
1 40 1 -9 1.5 52
1 78 2 5 3.52 65
1 385 2 -9 4.81 77
1 105 2 6 4.3 70
1 289 1 -9 5.2 72
1 409 2 -9 2.22 59
1 184 1 -9 15.69 101
1 424 2 -9 3.03 65
2 536 1 3 1.14 47
2 550 2 5 2.82 62
3 683 2 -9 2.12 61
2 612 2 4 2.68 60
3 674 1 -9 1.23 50
3 794 2 3 0.98 48
3 845 2 -9 2.3 60
3 1 1 5 2.86 62
1 1 2 5 2.96 61
1 1 2 6 2.91 61
1 1 1 8 6.6 81
1 217 1 -9 3.17 64
1 127 1 6 3.78 68
1 145 2 3 0.81 43
1 178 2 -9 3 62
1 301 2 -9 1.34 49
2 429 1 -9 3.06 65
2 431 2 -9 1.6 47
3 584 2 4 1.62 51
2 535 2 9 5.58 76
2 545 1 7 4.27 72
3 515 2 -9 1.28 50
3 690 2 4 4.36 69
3 833 2 -9 10.2 86
2 931 2 -9 1.24 47
3 854 1 -9 5.21 72
1 1 1 4 2.24 58
3 1 2 5 2.75 62
1 1 2 -9 3.11 68
3 1 2 10 7.09 81
3 918 2 -9 2.31 48
1 217 2 -9 1.4 51
1 218 2 -9 0.77 40
1 34 2 5 3 64
1 212 2 -9 4.96 71
1 359 2 -9 4 73
3 548 1 3 1.33 49
2 551 1 4 2.17 58
3 578 2 4 1.9 55
3 689 2 3 1.7 51
3 867 1 -9 3.19 67
3 679 2 -9 2.53 60
3 703 1 3 -9 50
3 934 1 -9 1.33 51
3 738 1 3 1.46 49
2 876 1 -9 1.7 53
3 888 1 -9 1.52 54
3 1 2 -9 2.7 64
1 31 2 5 3.3 64
1 49 2 5 3.61 65
1 383 2 -9 1.58 53
1 380 2 -9 0.9 45
1 306 1 -9 2.17 59
1 265 1 -9 5.6 71
3 449 2 -9 0.82 44
2 508 2 -9 2 55
2 652 1 7 7.2 80
3 624 2 5 2.84 62
3 810 1 5 4 70
3 1 2 4 1.58 53
3 1 2 5 3.27 66
1 1 2 6 4.74 68
1 1 2 5 2.4 62
1 1 2 6 2.76 63
1 221 1 -9 3.62 65
1 222 1 -9 5.86 76
1 92 2 4 2.9 53
1 67 1 5 4.12 67
1 384 2 -9 1.63 52
1 286 2 -9 3.7 64
1 179 1 -9 7.05 80
1 253 2 -9 1.3 50
1 254 1 -9 3.6 69
1 360 1 -9 5.54 78
2 662 1 5 3.24 68
2 709 2 4 1.85 52
2 716 1 5 3.8 66
3 659 2 5 1.22 50
3 733 2 -9 2.84 63
3 909 2 -9 3.04 62
3 858 1 -9 4.46 73
2 922 2 -9 3.8 55
2 899 2 -9 4.1 66
1 1 2 7 8.47 85
3 1 1 5 4.18 71
1 1 1 -9 3.32 68
1 1 2 -9 3.57 69
1 60 2 -9 2.66 61
1 10 1 4 1.94 55
1 99 1 5 -9 64
1 208 1 -9 4.26 74
1 308 2 -9 2.96 61
1 257 1 -9 3.2 67
1 305 2 -9 1.77 54
1 412 1 -9 1.92 58
3 451 2 -9 0.96 44
2 461 2 -9 3.46 66
2 499 2 3 0.96 42
2 570 2 4 2.5 59
3 526 2 -9 0.96 44
3 630 2 -9 2.23 60
3 490 2 5 3.1 65
3 770 1 -9 -9 53
3 620 2 5 2.9 66
3 798 1 -9 0.5 45
3 844 2 -9 1.17 48
3 842 2 -9 2.94 62
1 1 1 5 3.78 68
1 1 1 6 5.51 74
3 1 1 5 5.61 72
1 262 1 -9 4.7 73
1 395 2 -9 1.12 47
1 82 1 -9 3.37 65
1 386 1 -9 7.1 86
1 336 2 -9 2.58 61
1 116 1 3 1.1 46
1 356 2 -9 2.89 68
1 271 2 -9 8.7 87
1 274 2 -9 1.8 53
1 244 1 -9 7.1 78
3 447 2 -9 1.45 52
1 425 1 -9 1.25 49
3 465 1 4 2.3 60
2 474 1 -9 2.42 59
2 528 1 -9 4.19 71
3 577 1 4 1.45 52
2 521 2 -9 5.06 77
3 618 1 6 4.4 74
3 936 2 -9 1.32 52
1 1 1 5 5.26 73
1 1 1 4 4.69 70
1 1 1 4 2.04 58
3 1 2 4 2.96 65
1 189 2 -9 6.4 77
1 39 1 -9 4 67
1 65 1 -9 3.6 66
1 204 2 -9 3.6 62
1 98 1 5 2.5 63
1 85 1 -9 4.06 73
1 366 1 -9 2.88 61
1 373 2 -9 1.36 49
1 234 1 -9 2.46 61
3 438 2 -9 1.19 51
2 486 1 3 1.46 53
2 661 2 4 2 57
2 662 2 5 3.16 66
2 663 2 4 3.72 69
3 614 1 5 4.94 74
2 597 1 4 2.35 57
3 840 1 -9 1.69 54
2 896 1 3 1.98 55
3 1 2 -9 2 56
1 1 2 5 2.65 58
1 1 1 5 3.01 63
3 1 2 4 2.45 58
3 1 2 5 4.29 73
1 13 2 4 1.81 56
1 61 1 5 3.5 65
1 34 2 3 1.9 46
1 167 2 -9 1.6 51
1 51 1 9 6.8 74
1 131 2 5 2.26 57
1 74 2 -9 2.36 63
1 326 1 -9 1.6 51
1 300 2 6 3.2 64
3 558 2 -9 3.57 68
2 552 1 4 4.87 73
2 723 2 3 1.56 54
3 671 1 -9 0.68 49
2 758 1 -9 1.28 50
3 823 2 4 2.19 58
3 789 2 -9 4.34 73
3 749 1 3 1.4 52
3 818 1 5 4.14 70
2 806 1 -9 3.34 66
3 919 2 -9 3.89 53
3 1 1 -9 4.2 73
3 1 1 5 3.26 67
1 1 1 6 5.31 74
1 1 1 7 5.51 83
1 389 1 -9 2.1 58
1 78 1 12 6.95 81
1 347 2 -9 5.14 77
1 302 1 -9 5.28 72
1 291 2 -9 4 65
1 435 1 -9 -9 68
3 414 1 -9 2.36 59
2 481 1 -9 5.25 79
2 522 2 -9 2.92 65
3 565 2 5 2.96 63
3 735 1 4 2.1 54
2 806 2 -9 2.68 61
2 926 2 -9 2.35 53
3 813 1 6 5.9 79
1 1 2 4 2.24 55
1 1 1 6 2.35 63
3 1 2 4 2.65 62
3 1 1 4 2.74 61
1 56 2 5 2.4 58
1 9 2 8 6.07 76
1 15 1 6 4.57 74
1 130 1 6 3.93 69
1 143 1 4 1.88 54
1 184 2 -9 1.51 50
2 443 2 -9 3.1 62
3 588 1 4 1.3 51
3 591 1 4 1.3 51
2 509 1 -9 2.1 58
3 560 2 3 1.18 48
2 711 2 6 5.52 77
2 705 2 -9 4.78 71
3 674 1 -9 1.29 49
2 914 2 -9 5.22 70
2 916 1 -9 2.32 58
1 1 1 -9 2.81 65
2 1 2 -9 5.1 78
3 1 1 4 3.16 66
1 13 2 5 2.66 63
1 183 1 -9 0.68 40
1 213 1 -9 5.35 71
1 340 2 -9 5.5 78
1 185 1 -9 9.91 85
1 381 2 -9 1.92 57
1 268 1 -9 6.82 82
2 464 2 7 4.74 73
2 541 2 -9 1.91 57
2 532 1 -9 4 70
2 549 1 6 3.16 66
3 506 1 -9 1.32 50
2 707 2 -9 4.78 69
3 936 2 -9 4.04 65
2 782 2 -9 5.08 73
3 845 2 -9 4 70
3 745 1 8 8.35 89
3 1 2 -9 2.9 63
1 1 1 5 2.55 62
1 1 2 5 3.06 63
1 1 2 5 3.62 63
1 216 2 -9 0.26 30
1 137 1 -9 1.04 46
1 80 2 -9 3.18 63
1 264 1 -9 3.5 64
1 400 2 -9 2.3 56
2 455 1 -9 2.35 60
3 636 1 -9 0.97 45
2 520 1 -9 2.62 61
3 618 2 4 1.5 53
3 851 2 -9 0.28 30
3 889 1 -9 1.28 49
3 1 1 5 2.45 62
1 1 1 5 2.04 57
1 1 2 5 3.32 63
1 1 2 5 3.57 61
1 1 1 5 3.88 69
3 1 2 5 3.37 64
1 1 2 5 2.55 64
1 1 1 -9 1.68 54
1 1 2 -9 3.5 67
1 1 1 -9 2.3 63
3 1 1 7 4.44 74
1 223 1 -9 0.75 42
1 214 2 -9 1.72 56
1 4 1 4 1.98 57
1 91 2 4 2.7 51
1 44 1 5 2.51 68
1 14 2 5 3.69 67
1 351 1 -9 3.09 70
1 303 2 -9 2.55 61
1 272 2 -9 2.6 59
2 433 1 -9 1.38 48
1 419 1 -9 3.48 67
3 627 1 -9 3.54 67
2 762 2 -9 1.7 54
3 754 2 -9 2.44 60
3 847 1 -9 3.16 65
1 1 1 5 2.91 61
3 1 1 6 5 73
3 1 2 5 6.43 77
3 1 2 4 2.04 58
1 215 2 -9 2.89 65
1 3 1 4 2.08 55
1 395 1 -9 2.64 63
1 27 2 5 2 58
1 145 1 5 3.23 64
1 182 1 -9 4.5 71
1 183 1 -9 0.97 46
1 300 2 6 3.64 65
1 411 1 -9 1.7 54
1 436 1 -9 -9 71
2 453 1 -9 8.45 87
3 488 1 5 3.01 64
3 573 1 3 1.05 45
3 747 2 5 2.85 66
3 752 2 4 3.04 60
3 740 2 -9 3.6 69
1 1 2 5 3.72 64
1 1 1 5 3.67 66
1 1 2 6 5.51 74
3 1 1 5 3.16 65
1 1 2 7 4.4 71
1 1 1 -9 2.76 62
3 1 2 6 6.03 79
1 126 1 -9 4.1 64
1 22 2 3 2.28 47
1 206 1 -9 2.17 57
1 387 1 -9 2.23 61
1 426 2 -9 2.71 62
2 463 2 7 4.66 73
3 590 1 5 2.2 58
2 529 1 -9 2.62 61
3 633 2 -9 3.4 66
3 728 1 3 1.04 46
3 643 2 5 2.1 61
2 649 2 3 1.7 53
2 599 2 4 2.9 61
2 666 1 3 1.46 53
3 837 1 -9 1.6 52
3 677 1 -9 1.6 52
3 843 1 -9 1.25 49
3 1 1 5 2.14 61
1 1 1 6 5 72
1 1 1 6 4.39 69
1 1 1 -9 3.06 73
1 1 1 5 3.98 68
1 1 1 -9 1.33 52
3 1 1 5 3.57 71
1 1 2 5 1.84 58
3 1 2 4 2.76 59
2 531 2 -9 3.26 64
1 222 2 -9 5.87 74
1 191 2 -9 4.5 71
1 10 1 4 1.99 58
1 205 2 -9 2.4 60
1 142 2 5 3.91 67
1 83 1 -9 2.92 64
1 276 1 -9 4.6 66
1 259 1 -9 7.8 82
1 114 1 -9 2.9 64
2 445 2 -9 2.9 57
2 431 2 -9 1.94 53
2 472 1 -9 4.5 71
2 544 2 -9 1.27 48
2 570 2 5 3.7 64
2 521 1 -9 1.88 57
3 610 1 3 1.21 49
3 613 1 5 3.3 67
3 615 2 5 2.94 63
3 730 1 -9 5.44 77
2 903 2 -9 2.98 63
3 788 1 -9 4.98 73
3 788 2 -9 1.52 53
3 737 2 5 4.48 71
2 927 1 -9 1.62 52
2 900 1 -9 3.29 68
3 1 2 -9 2.8 62
2 1 1 3 1.33 49
3 1 2 5 3.78 67
3 1 2 4 2.65 59
3 1 1 5 3.67 73
3 1 1 4 1.53 50
1 216 2 -9 0.22 29
1 190 1 -9 7.45 81
1 194 1 -9 4.8 71
1 47 2 4 1.98 55
1 149 1 5 3.94 66
1 345 2 -9 2.55 61
1 261 1 -9 5.5 74
1 302 2 -9 3.12 62
1 236 1 -9 4.76 70
2 483 1 -9 10.47 92
2 567 1 -9 2.2 56
3 515 2 -9 1.68 55
2 715 2 5 4.36 69
3 701 2 -9 2.19 59
1 1 1 5 4.29 69
1 1 1 6 4.59 70
3 1 1 4 2.65 62
1 1 2 5 2.86 61
1 58 2 5 3.6 73
1 92 2 3 2.1 45
1 93 1 -9 2 46
1 55 1 4 1.84 55
1 53 1 6 3.53 63
1 229 2 -9 4.6 71
1 70 2 7 5.48 73
1 277 1 -9 4.5 67
1 379 2 -9 2.42 62
1 301 2 -9 3.3 66
1 354 1 -9 5.28 77
2 432 1 -9 6.48 77
2 496 2 -9 -9 68
3 476 2 -9 1.32 51
3 629 1 -9 2.62 61
3 726 2 4 1.81 56
3 670 2 -9 3.23 65
2 872 2 -9 3.73 67
3 856 2 -9 0.78 42
1 1 2 4 2.45 56
3 1 2 4 1.6 52
1 1 1 5 5.97 76
3 1 1 -9 2.55 61
3 1 1 5 2.96 64
1 187 2 -9 4.45 70
1 148 2 -9 1.78 55
1 353 2 -9 3 67
1 377 2 -9 2.4 64
1 402 1 -9 2.5 60
2 516 1 -9 3.36 64
2 554 1 4 1.87 53
3 557 2 -9 1.25 41
2 725 1 4 2.21 57
3 565 2 6 3 65
3 815 1 5 2.8 64
3 729 1 -9 3.15 68
3 678 2 -9 0.6 39
3 865 2 -9 1.64 53
3 892 2 -9 1.5 48
1 158 2 -9 3.3 61
1 32 2 5 3.1 61
1 36 1 -9 3.3 65
1 209 2 -9 3.3 68
1 376 1 -9 1.98 61
1 359 1 -9 1.94 56
1 244 1 -9 2.5 61
2 439 1 -9 2.9 63
3 586 2 4 2.12 60
2 537 1 5 2.95 64
2 512 1 6 3.6 67
2 723 2 5 3.97 68
2 611 1 5 4.04 69
3 683 2 -9 0.97 45
3 695 1 5 3.63 68
3 848 1 -9 1.75 55
3 858 1 -9 3.53 69
1 1 1 4 1.63 52
1 1 2 5 3.72 65
1 1 1 7 4.8 72
3 1 2 4 3.78 68
1 1 2 6 5.51 75
1 1 2 4 2.5 59
3 1 2 5 2.55 62
1 59 2 -9 2.28 60
1 188 1 -9 7.3 82
1 98 2 5 3.2 70
1 170 2 5 3.42 64
1 48 1 6 2.85 65
1 275 1 -9 -9 75
1 307 2 -9 2.38 59
1 249 2 7 10.2 89
1 232 2 -9 5.1 69
2 502 2 -9 3.02 67
3 589 1 5 4.4 69
2 507 2 -9 2.8 62
3 571 2 6 2.7 64
2 723 1 3 1.82 53
3 643 2 5 1.3 56
2 608 1 6 3.9 72
3 837 2 -9 1.2 49
3 936 2 -9 1.66 55
3 830 2 -9 2.16 58
3 777 1 -9 1.15 49
3 744 2 5 3.55 68
3 734 1 -9 4.58 74
3 821 1 4 1.8 54
2 873 1 -9 4.18 70
3 890 1 4 3.2 59
3 887 2 -9 2 56
1 1 1 5 3.47 66
1 1 1 5 4.74 76
1 1 2 -9 1.89 58
3 1 1 7 9.29 88
3 1 1 5 4.18 69
3 1 2 5 2.35 63
1 223 2 -9 0.61 37
1 219 1 -9 2.79 60
1 192 2 -9 6.25 74
1 64 2 -9 4.3 64
1 2 1 5 3.8 67
1 128 1 5 2.86 64
1 142 2 5 2.71 59
1 79 1 5 2.83 63
1 104 1 6 4.2 68
2 456 1 -9 5.72 81
2 539 2 3 1.42 49
2 567 1 -9 4.1 68
3 555 2 -9 1.47 51
2 547 1 9 12.98 94
2 724 2 3 1.78 53
3 689 1 3 1.45 48
2 651 2 4 1.6 55
3 868 1 -9 2.91 64
3 1 1 4 3.47 54
1 1 2 -9 3.06 67
3 1 2 5 2.96 66
3 1 1 5 3.06 63
1 1 2 5 2.76 63
1 1 2 5 4.23 67
2 440 2 -9 3.2 62
1 64 1 -9 4.7 71
1 227 2 -9 4.2 66
1 81 1 -9 4.07 65
1 177 1 -9 4.16 70
1 178 2 -9 1.86 57
1 252 1 -9 3.7 65
1 418 1 -9 3.94 70
2 568 2 -9 3.9 66
2 599 1 4 2.78 63
3 678 2 -9 0.79 42
2 802 1 -9 4.67 71
3 752 2 4 1.9 55
3 804 2 4 -9 64
3 859 1 -9 5.02 71
3 893 2 -9 2.4 54
1 1 1 5 3.89 68
1 1 1 5 3.88 70
2 491 1 -9 6.74 80
1 150 1 5 2.64 61
1 388 2 -9 1.94 60
1 170 2 5 2.8 61
1 60 2 -9 4.13 67
1 356 2 -9 2.51 63
1 401 1 -9 8.9 88
1 348 2 -9 2.23 59
1 294 1 -9 3.4 67
1 295 1 -9 -9 55
1 314 1 -9 3 53
3 634 2 -9 3.22 67
3 772 1 -9 0.24 29
3 679 1 -9 1.7 54
3 679 2 -9 1.41 50
3 937 1 -9 1.34 50
3 749 1 4 1.85 60
3 739 1 3 1.42 49
3 1 1 4 2.65 66
1 1 2 -9 2.5 63
3 1 2 4 2.14 61
3 1 2 5 2.45 63
3 1 2 4 2.4 61
1 42 2 7 5 71
1 417 1 -9 3.5 69
1 142 2 -9 1.44 50
1 127 2 5 2.12 57
1 153 2 6 4.26 70
1 385 1 -9 5.35 78
1 183 1 -9 0.67 40
1 363 1 -9 1.4 52
1 410 2 -9 2.84 60
1 422 2 -9 2.22 59
2 478 2 -9 1.07 52
2 553 2 4 1.83 55
3 613 2 4 1.78 54
3 678 2 -9 4.64 70
3 935 1 -9 6.58 78
2 871 1 -9 3.98 66
3 810 2 5 2.6 62
1 1 1 6 4.9 72
1 1 1 5 3.11 63
1 1 1 -9 2.65 65
3 1 1 6 4.28 71
3 1 2 4 1.84 57
3 1 1 5 4.23 72
3 1 2 4 2.35 59
1 35 2 3 1.2 48
1 169 2 5 3.7 65
1 51 2 5 2.87 63
1 149 1 5 3.03 64
1 117 1 5 1.9 56
2 446 1 -9 2.8 59
2 428 1 -9 3.7 68
2 579 2 4 2.9 63
3 831 1 -9 1.35 52
3 838 2 -9 3.2 63
3 786 2 -9 4.4 70
3 824 2 3 1.15 47
3 796 1 4 1.4 56
1 1 2 4 2.86 60
1 1 2 -9 2.56 63
3 1 2 4 2.24 61
1 142 2 5 2.45 61
1 132 2 5 4.16 67
1 320 2 -9 1.3 49
1 292 1 -9 -9 32
3 466 2 5 3.9 69
3 526 1 -9 3.46 69
3 828 2 -9 1.6 51
3 830 2 -9 2.98 65
1 193 2 -9 3.1 66
1 62 2 -9 2.1 58
1 43 1 4 1.64 51
1 52 2 -9 1.95 56
1 79 2 6 2.92 61
1 366 1 -9 3.22 65
3 584 2 4 2.08 58
3 504 1 -9 0.79 42
2 713 2 5 3.89 66
2 596 1 6 4.65 74
3 775 2 -9 5.38 77
3 731 2 -9 1.84 55
3 937 1 -9 1.46 51
3 787 2 -9 2.34 60
3 795 1 4 1.1 55
3 797 1 -9 1.3 56
3 844 2 -9 1.1 48
3 1 1 6 4.29 75
3 1 2 -9 2.76 62
1 159 1 -9 4 67
1 393 2 -9 2 60
1 68 1 4 4.43 57
1 71 2 5 1.36 55
1 333 1 -9 1.2 46
1 211 2 -9 -9 60
1 298 1 -9 3.2 64
1 248 1 -9 1.85 58
2 542 1 -9 3.03 62
3 519 2 -9 1.97 56
3 692 2 5 3.95 70
3 648 1 4 1.9 55
3 815 1 4 3.4 65
3 763 2 -9 1.4 51
3 844 1 -9 1.03 46
3 750 2 4 2.05 56
3 857 1 -9 1.55 51
3 887 2 -9 3.14 64
1 1 2 4 2.91 61
3 1 1 5 4.49 75
2 1 1 -9 3.78 69
3 1 1 3 1.68 54
1 29 1 5 3.1 64
1 225 2 -9 5.5 74
1 71 1 3 0.22 41
1 331 1 -9 0.8 44
1 372 1 -9 3.72 73
1 264 2 -9 2.9 63
1 120 1 5 2.1 58
1 240 2 -9 3.5 61
1 323 1 -9 3.7 68
2 547 2 6 3.16 64
3 574 2 4 1.2 53
3 623 1 4 2.96 62
2 760 2 3 2.3 57
3 829 2 -9 1.72 54
3 845 1 -9 4.03 70
3 812 2 5 2.9 67
1 1 2 5 2.55 60
3 1 2 4 2.55 61
3 1 2 4 1.95 56
3 1 1 5 3.67 69
3 1 2 4 1.73 55
1 47 1 5 2.53 62
1 154 2 5 4.3 67
1 213 1 -9 13.91 95
1 247 1 -9 1.82 57
1 243 1 -9 4.8 69
3 450 1 -9 2.04 53
2 460 1 -9 6.56 67
3 575 2 4 2.4 60
2 720 2 5 4.6 70
3 700 2 5 3.65 67
3 839 1 -9 1.83 55
3 822 2 4 3.9 69
3 790 1 3 1.49 45
3 736 1 4 2.95 63
3 738 2 4 2.8 59
1 1 1 6 5.56 78
1 1 2 4 1.8 53
1 18 1 5 3.38 66
1 156 2 5 2.55 62
1 207 1 -9 1.88 56
1 197 1 -9 3.7 62
1 53 2 6 4.71 69
1 367 2 -9 -9 71
1 326 1 -9 2.1 56
1 118 1 4 2.4 62
1 185 1 -9 4.86 71
1 266 1 -9 5.2 71
1 312 2 -9 4.3 71
2 529 2 -9 2.7 65
2 581 2 6 2.84 64
2 498 2 -9 1.57 55
3 628 2 -9 2.74 62
3 694 1 4 2.38 57
2 704 2 4 1.8 53
3 606 1 4 2.34 60
3 734 2 -9 1 46
3 1 2 5 2.14 61
1 1 2 5 4.44 66
1 1 2 5 2.14 64
3 1 2 -9 3.52 64
3 1 2 6 5.71 78
3 1 2 5 2.45 61
3 1 1 4 1.73 54
3 1 2 4 1.33 50
1 220 1 -9 3.85 65
1 33 2 5 3.1 63
1 206 2 -9 2.32 58
1 368 2 -9 6.66 87
1 306 2 -9 3.2 62
1 119 1 6 3.1 66
1 265 2 -9 2.5 61
2 454 2 -9 1.68 54
3 826 2 4 1.78 56
3 850 1 -9 1.19 48
2 862 2 -9 1.52 51
3 856 1 -9 1.26 51
3 1 2 5 2.55 63
3 1 1 5 2.65 65
1 1 2 5 5.92 73
3 1 1 4 2.45 64
3 1 2 4 2.24 51
3 1 2 5 3.06 65
1 166 2 -9 3.4 64
1 145 2 -9 0.72 42
1 321 2 -9 3.82 64
1 313 2 -9 2.5 55
2 501 1 -9 3.26 66
3 796 2 4 1.2 53
3 732 1 -9 3.14 66
1 1 2 -9 2.04 59
3 1 2 5 2.35 60
1 223 1 -9 0.64 40
1 12 2 4 1.68 55
1 226 1 -9 8.2 84
1 228 1 -9 4.8 70
1 335 2 -9 3.58 68
1 307 2 -9 2.4 58
1 374 2 -9 1.82 55
1 261 2 -9 4.2 66
1 350 1 -9 2.4 61
1 243 2 -9 5.9 69
2 544 2 -9 1.44 50
3 525 1 -9 1.24 49
2 549 2 3 0.77 41
3 630 2 -9 1.66 53
3 647 2 3 1 49
2 756 1 -9 2.54 59
2 758 1 -9 1.26 51
3 907 2 -9 1.25 49
2 807 2 -9 4.27 71
3 1 1 4 2.96 63
3 1 1 -9 4.49 74
1 1 1 4 1.84 58
3 1 2 4 1.17 47
1 1 2 6 3.2 62
3 1 2 5 4.1 70
1 125 1 -9 1.2 46
1 216 2 -9 0.22 30
1 193 2 -9 3.8 66
1 16 2 4 2.22 59
1 184 1 -9 1.27 48
1 422 1 -9 1.58 52
2 430 1 -9 9.07 83
2 510 2 6 3.9 69
3 573 1 3 1.2 47
3 578 1 4 1.8 55
3 595 2 4 1.62 53
3 846 2 -9 4.12 69
