3 867 2 -9 3.9 69
3 867 2 -9 2.5 52
1 176 1 -9 1.4 51
2 807 2 -9 3.02 64
1 371 2 -9 2.2 56
1 1 2 -9 5.61 80
1 1 1 -9 2.35 63
3 1 1 -9 8.3 76
3 1 2 -9 7.5 82
1 1 2 -9 4.39 66
1 354 2 -9 2.62 61
1 45 2 -9 2.3 56
2 1073 1 -9 2.2 56
1 35 1 -9 2.98 62
3 1 2 -9 2.86 63
3 757 1 -9 3.5 69
2 595 1 -9 4.54 72
1 1 2 -9 2.35 61
3 1 1 -9 2.65 62
1 1 1 -9 3.57 67
3 1 1 -9 2.45 60
3 1 2 -9 2.55 60
3 681 2 -9 2.2 60
2 950 2 -9 3.47 64
1 197 2 -9 2.2 59
1 154 2 -9 5.7 77
3 722 2 -9 1.8 55
1 161 1 -9 3 62
1 179 2 -9 1.72 55
2 726 2 -9 1.5 41
2 563 2 -9 3.91 70
2 1078 1 -9 7.35 79
3 1202 1 -9 2.78 63
1 364 2 -9 3.2 65
2 1175 1 -9 3.46 67
2 809 2 -9 6.9 80
1 304 2 -9 -9 63
1 513 1 -9 2.3 63
1 168 2 -9 2.5 60
1 293 1 -9 4.3 69
1 1 1 -9 6.22 83
3 1 2 -9 1.86 60
3 1 1 -9 2.5 60
1 99 2 -9 4.2 71
1 1 2 -9 6.94 79
1 383 2 -9 3.22 63
3 1093 1 -9 6.59 81
2 693 1 -9 3.1 77
3 759 1 -9 3.44 68
1 1 1 -9 2.65 62
1 1 2 -9 1.94 48
3 615 1 -9 3 62
3 614 2 -9 3.8 68
3 893 1 -9 2.7 61
2 756 1 -9 2.78 62
1 1 2 -9 7.23 74
3 1216 1 -9 2.04 54
1 1 2 -9 2.14 56
2 672 1 -9 7.71 88
3 936 2 -9 1.81 55
1 24 2 -9 3.6 77
2 816 1 -9 1.53 51
3 1150 1 -9 3.5 63
1 116 1 -9 7 82
1 463 2 -9 6.24 82
1 279 1 -9 4.49 73
3 866 1 -9 3.4 65
2 899 2 -9 5.5 76
1 301 1 -9 -9 68
2 552 1 -9 2.3 63
1 451 1 -9 4.7 69
2 784 2 -9 8.3 72
2 780 1 -9 1.1 63
2 1041 1 -9 -9 75
3 1 1 -9 2.65 66
3 1 1 -9 2.86 62
3 1 1 -9 6.33 83
3 980 2 -9 3.3 69
1 1 1 -9 3.47 64
3 1 1 -9 4.29 69
1 1 1 -9 5.31 76
2 560 1 -9 4.89 72
1 321 2 -9 -9 55
2 953 2 -9 8.28 85
1 1 1 -9 1.68 52
2 729 2 -9 4.94 71
1 243 1 -9 2.6 54
3 569 1 -9 2.05 57
3 666 2 -9 1.8 53
3 815 1 -9 3.1 64
3 1200 1 -9 4.45 72
3 1204 2 -9 1.9 57
1 365 2 -9 2.7 62
3 732 2 -9 3.52 64
2 1103 1 -9 2.84 62
2 718 2 -9 2.46 62
3 800 2 -9 1.98 55
1 331 1 -9 2.8 62
2 1169 1 -9 4.27 68
1 325 2 -9 6.4 78
2 919 2 -9 1.94 53
1 102 1 -9 1.7 55
1 315 2 -9 2.06 59
1 1 1 -9 5.1 71
1 281 2 -9 4.2 71
2 1045 2 -9 4.4 71
3 1 1 -9 2.04 60
1 441 2 -9 2.38 62
2 876 2 -9 1.5 54
2 625 1 -9 1.75 54
3 1 1 -9 3.06 64
1 1 1 -9 1.63 55
1 1 1 -9 1.36 50
3 682 1 -9 4.81 73
3 684 1 -9 2.11 58
2 547 1 -9 0.34 31
1 343 2 -9 3.9 65
1 1 2 -9 2.1 54
1 69 2 -9 -9 70
1 312 2 -9 5.6 84
2 1018 1 -9 2.6 63
1 452 2 -9 6.23 75
1 108 1 -9 1.7 54
3 1 1 -9 11 91
3 1 2 -9 3.37 66
3 1 1 -9 3.37 67
3 1 1 -9 7.65 81
1 1 1 -9 3.88 72
1 1 1 -9 7.45 80
1 1 2 -9 3.98 73
1 1 2 -9 1.94 56
3 828 2 -9 1.85 53
3 1 2 -9 2.86 62
3 956 2 -9 2.5 58
3 1 2 -9 2.8 61
1 1 1 -9 13.37 95
2 1024 2 -9 7.56 81
1 1 1 -9 3.8 66
1 502 1 -9 5.56 79
1 246 2 -9 3.4 68
2 808 2 -9 5.12 73
1 1 2 -9 1.94 58
3 1 2 -9 5.7 80
1 105 2 -9 1.73 53
3 1 1 -9 8.4 91
3 1 2 -9 2.5 61
1 1 2 -9 6.63 76
1 1 2 -9 6.8 74
1 1 1 -9 4.7 70
3 1 1 -9 3.16 66
2 1099 2 -9 2.51 59
2 851 2 -9 4.14 65
2 875 1 -9 1.7 54
2 877 1 -9 4.75 71
3 978 1 -9 8.4 84
1 1 1 -9 2.14 58
3 1 2 -9 3 64
3 1 2 -9 3.2 66
3 1 1 -9 3.47 66
1 1 1 -9 6.1 77
3 1217 1 -9 2.84 52
1 136 2 -9 2.6 61
1 200 2 -9 1.8 53
1 160 1 -9 2.5 60
1 184 2 -9 2.4 60
1 20 2 -9 2.3 65
1 20 1 -9 2.9 66
1 525 2 -9 2.2 59
1 87 2 -9 -9 75
1 73 2 -9 -9 65
2 587 2 -9 2.12 56
1 473 2 -9 2.58 60
1 335 1 -9 3.4 63
1 519 2 -9 1.8 56
1 454 2 -9 4.35 68
1 1 2 -9 2.86 54
1 386 2 -9 1.72 54
3 1 2 -9 2.3 60
3 1 2 -9 3.4 67
2 920 1 -9 4.97 72
1 319 2 -9 1.25 47
2 1004 1 -9 6.33 77
3 1 1 -9 2.04 54
3 1081 1 -9 1.1 47
3 975 2 -9 7.2 80
2 844 2 -9 3.67 65
3 1 1 -9 2.4 63
3 1 1 -9 5.9 84
2 696 1 -9 2.8 61
2 898 2 -9 3.8 69
3 1 1 -9 4.2 72
2 752 2 -9 3.1 65
3 543 1 -9 3.25 69
2 955 1 -9 5.37 73
3 1 2 -9 4.8 70
1 1 1 -9 1.73 53
2 967 2 -9 5.4 74
3 640 2 -9 4.6 74
1 133 1 -9 3.4 63
1 244 2 -9 5 69
3 945 2 -9 3.76 66
3 903 2 -9 7 84
1 171 1 -9 2.8 59
2 718 2 -9 4.02 67
1 487 2 -9 2.39 59
1 328 2 -9 4.8 67
1 66 1 -9 9.5 87
1 283 1 -9 6.4 77
2 1074 1 -9 -9 63
3 1 1 -9 1.59 53
1 1 2 -9 3.2 63
2 594 1 -9 3.02 65
2 598 2 -9 2.9 60
1 439 2 -9 2.6 61
1 1 1 -9 2.14 55
1 1 2 -9 1.66 54
3 1209 1 -9 6.5 79
3 1 2 -9 1.73 50
1 1 1 -9 6.22 76
1 1 1 -9 4.59 72
3 727 2 -9 1.72 55
3 946 2 -9 3.58 65
1 269 1 -9 9.44 89
1 1 2 -9 1.99 52
1 1 2 -9 2.76 62
3 664 2 -9 2.6 62
3 1141 1 -9 2.08 58
3 865 2 -9 2.6 60
1 19 1 -9 2 54
2 803 2 -9 1.22 45
2 788 2 -9 2.7 61
3 931 1 -9 5.6 75
1 416 1 -9 4.6 70
1 1 2 -9 8.16 88
1 1 1 -9 3.27 65
3 1 2 -9 0.72 43
1 54 1 -9 2.8 63
2 1046 2 -9 10.5 85
1 228 1 -9 3.16 60
2 876 1 -9 6.5 80
1 1 1 -9 4.39 70
2 733 1 -9 2.12 59
3 1 1 -9 6.7 87
2 703 1 -9 2.6 57
1 1 1 -9 6.9 82
1 1 1 -9 4.39 70
3 603 1 -9 6.3 73
1 139 2 -9 5.3 72
3 1147 1 -9 2.54 58
2 1076 1 -9 3.52 67
1 126 2 -9 2.6 58
1 399 1 -9 1.2 47
1 234 2 -9 6.8 79
1 370 2 -9 1.2 45
1 484 1 -9 3.58 64
1 506 1 -9 0.64 39
1 107 1 -9 3.21 63
2 778 1 -9 2.1 64
1 58 1 -9 1.7 53
1 357 1 -9 1.4 45
1 1 2 -9 4.26 68
1 1 2 -9 1.63 51
3 1 1 -9 2.76 60
3 1 2 -9 1.53 52
3 981 2 -9 3.3 62
2 854 1 -9 4.16 67
2 849 1 -9 5.58 70
1 317 2 -9 5.2 73
1 1 2 -9 2.76 64
1 1 1 -9 6.12 75
1 1 2 -9 3.37 65
1 1 2 -9 4.08 67
1 322 2 -9 3.92 67
2 972 2 -9 2.8 60
1 1 1 -9 1.99 56
3 1 2 -9 1.2 46
3 747 1 -9 2.32 60
3 743 2 -9 9.33 88
1 136 2 -9 3.1 62
3 683 1 -9 5.01 72
3 675 1 -9 6.82 82
3 708 2 -9 6.1 77
1 146 2 -9 3.8 68
1 147 2 -9 4.3 68
3 1139 2 -9 2.98 64
1 462 1 -9 2.11 53
1 392 2 -9 2.02 57
2 1014 1 -9 11.5 94
2 715 1 -9 3.15 65
2 1190 1 -9 2.8 55
2 1051 2 -9 3.5 64
1 1 1 -9 3.27 69
3 1 1 -9 3.7 71
3 1 2 -9 3 62
3 1 2 -9 2 55
2 1119 1 -9 3.4 63
3 1 1 -9 1.67 55
3 1 2 -9 2.35 55
3 1 2 -9 2.65 62
1 229 1 -9 7.4 76
2 877 2 -9 2.3 61
3 548 2 -9 0.54 37
3 1 2 -9 2.55 59
1 1 2 -9 1.73 55
1 1 1 -9 2.35 57
1 1 1 -9 2.76 66
2 750 1 -9 6.62 81
2 947 1 -9 5.64 76
1 393 1 -9 5.2 71
1 143 2 -9 2.7 60
2 563 2 -9 2.07 56
2 909 2 -9 1.95 55
1 330 1 -9 5.8 73
1 369 2 -9 5.8 77
1 1 2 -9 3.37 68
3 1 1 -9 2.5 62
2 924 1 -9 1.67 53
1 1 1 -9 6.84 83
3 799 1 -9 7.4 85
1 282 2 -9 2.4 60
2 876 1 -9 2.1 68
3 1 2 -9 5.41 73
1 1 1 -9 5.96 73
2 1114 2 -9 3.24 64
3 601 2 -9 1.8 55
1 600 1 -9 1.8 55
1 1 1 -9 2.2 54
3 902 2 -9 3 61
1 141 2 -9 5.45 72
1 217 1 -9 1.5 52
1 154 2 -9 2.3 57
1 151 2 -9 4.9 72
1 492 2 -9 3.54 64
1 115 2 -9 1.9 53
1 458 1 -9 2.21 60
1 294 2 -9 2.7 68
1 75 1 -9 -9 86
1 172 1 -9 2.1 55
2 804 2 -9 5.75 78
1 417 1 -9 2.1 57
1 327 2 -9 3.6 57
1 293 1 -9 5.5 79
1 110 1 -9 4.71 79
2 1120 1 -9 3.1 74
1 95 2 -9 3 60
1 1 1 -9 3.5 64
3 1 2 -9 2.35 61
3 1 1 -9 2.65 63
3 1 1 -9 2.65 61
1 1 2 -9 3 59
1 1 1 -9 2.96 64
1 1 1 -9 2.76 64
1 1 1 -9 3.88 69
1 1 1 -9 13.78 101
3 959 1 -9 4.4 70
3 1 2 -9 4.5 71
1 1 1 -9 6.58 80
1 1 2 -9 3.06 64
2 1113 1 -9 5.34 74
3 1 2 -9 2.76 62
1 244 1 -9 3 54
3 616 2 -9 2.98 61
1 218 1 -9 2.4 63
2 574 2 -9 3.02 63
1 494 2 -9 2.12 59
1 6 2 -9 1.56 51
3 1195 2 -9 4.6 70
2 591 2 -9 2.01 56
3 866 1 -9 4.5 74
3 867 2 -9 2.7 60
2 1176 2 -9 3.14 64
1 371 1 -9 3.2 62
1 386 2 -9 1.83 55
3 1 2 -9 3.1 65
1 1 2 -9 2.65 56
1 1 2 -9 1.53 52
2 1007 1 -9 3.03 63
1 1 1 -9 2.2 57
1 1 1 -9 4.6 70
1 31 2 -9 3.77 75
2 1063 1 -9 4.46 65
2 627 2 -9 4.32 69
1 1 2 -9 5.41 76
1 1 1 -9 5.1 73
2 737 2 -9 2.03 56
3 1 2 -9 2.7 64
3 1 2 -9 3.5 68
3 1 2 -9 5.2 77
1 1 1 -9 5.84 76
1 1 1 -9 8.24 85
3 766 2 -9 1.51 51
1 422 2 -9 2.3 59
2 1153 2 -9 4.46 67
1 83 2 -9 4.1 64
1 245 1 -9 4.2 66
1 209 2 -9 2 59
1 275 2 -9 2.83 61
1 1 2 -9 2.04 55
1 252 2 -9 3.2 59
1 521 1 -9 1.84 56
1 318 2 -9 4.2 68
1 71 2 -9 -9 70
3 867 1 -9 1.7 52
2 985 2 -9 2.2 55
3 775 1 -9 4.32 71
2 909 1 -9 3.9 64
1 470 2 -9 3.28 64
1 466 1 -9 1.3 58
3 904 1 -9 11.8 96
1 375 1 -9 5.7 72
2 1173 1 -9 3.63 67
2 807 2 -9 2.5 62
1 334 1 -9 4.6 74
1 166 1 -9 6.7 75
1 164 2 -9 2.5 65
1 240 1 -9 1.39 52
1 1 2 -9 3.67 69
1 1 1 -9 8.27 85
3 1 1 -9 6 81
1 384 1 -9 2.28 55
1 51 1 -9 5.4 75
1 39 2 -9 2.3 58
3 1 1 -9 2.55 57
1 505 2 -9 2.7 64
3 1 2 -9 3.57 65
3 644 2 -9 3.22 65
1 445 1 -9 1.58 55
2 878 2 -9 1.45 51
1 1 2 -9 1.33 46
1 254 1 -9 5.5 72
1 1 1 -9 3.27 68
2 699 2 -9 2.8 63
1 1 2 -9 3.13 63
2 1025 1 -9 6.06 74
1 150 2 -9 2 55
1 182 1 -9 3.16 67
1 497 1 -9 3.78 69
1 460 1 -9 3.02 64
3 866 2 -9 6.6 84
3 867 1 -9 7.7 84
1 94 1 -9 -9 75
3 775 1 -9 5.28 74
1 475 1 -9 3.2 67
1 400 1 -9 11.48 96
1 236 2 -9 3.2 65
3 926 1 -9 10.4 91
3 1 1 -9 5.4 81
3 1 2 -9 3.8 68
2 918 1 -9 4.19 70
2 918 2 -9 3.81 67
2 1133 1 -9 2.53 61
1 210 2 -9 3.16 62
1 1 2 -9 4.49 68
1 1 2 -9 2.04 54
3 1072 2 -9 2 56
3 1 1 -9 1.53 53
3 1 1 -9 4.08 72
1 222 2 -9 1 57
1 438 2 -9 3.58 68
2 854 2 -9 2.52 61
2 876 2 -9 2.5 62
3 550 1 -9 6.2 76
1 1 2 -9 4.29 69
3 1 1 -9 4.59 75
3 1 1 -9 5.71 76
3 958 2 -9 3 62
1 409 2 -9 1.15 48
1 321 2 -9 -9 62
3 542 1 -9 8.1 82
1 1 2 -9 5.77 74
1 1 1 -9 7 80
3 602 1 -9 2.4 57
1 77 2 -9 3.65 66
3 687 1 -9 2.6 62
2 547 2 -9 1.63 52
1 245 2 -9 3 54
1 290 2 -9 4.58 65
1 259 2 -9 3.42 68
2 719 2 -9 3.2 66
3 661 1 -9 2.3 60
3 661 2 -9 1.6 51
2 818 1 -9 4.2 69
2 724 2 -9 2.3 49
3 864 1 -9 8.8 85
1 19 2 -9 3.1 62
1 399 1 -9 2.32 58
1 316 1 -9 2.91 60
3 929 1 -9 3.7 62
1 535 1 -9 1.72 54
3 1 1 -9 12.1 101
1 110 1 -9 2.7 60
3 1 2 -9 7.1 86
2 917 1 -9 3.3 65
1 56 1 -9 4.6 68
1 53 2 -9 1.4 53
1 284 1 -9 8.4 84
3 1042 1 -9 5.3 78
3 642 1 -9 5.66 85
1 30 1 -9 2.83 70
2 875 2 -9 2 57
2 880 2 -9 4.4 61
3 759 1 -9 6.52 78
2 915 2 -9 2.8 59
1 1 2 -9 8.16 90
1 1 1 -9 14.29 99
1 1 1 -9 5 75
3 829 2 -9 1.55 51
3 835 1 -9 2.6 60
1 1 2 -9 4.42 66
1 1 2 -9 4.6 71
1 413 1 -9 3 64
1 198 2 -9 2.2 56
1 276 2 -9 3.17 64
1 501 2 -9 6 76
1 112 2 -9 2.4 57
1 121 2 -9 1.9 60
1 5 1 -9 2.41 59
3 1202 2 -9 2.25 58
3 869 2 -9 3.3 64
1 235 2 -9 2.1 58
2 552 1 -9 3.2 66
1 241 2 -9 2.13 57
1 238 1 -9 2.89 62
3 1 2 -9 2.4 59
3 1 2 -9 2.2 60
3 1 2 -9 1.84 54
2 654 1 -9 1.34 49
1 1 2 -9 2.45 62
1 1 1 -9 2.86 65
2 739 1 -9 2.52 59
2 1008 1 -9 3.68 67
3 1 2 -9 3.2 66
3 1111 2 -9 4 66
3 1111 1 -9 4.2 70
1 1 2 -9 2.04 56
2 1154 1 -9 5.66 77
2 728 2 -9 1.94 56
1 80 1 -9 3.8 67
1 206 2 -9 4.6 69
1 14 2 -9 5.86 79
2 1031 2 -9 0.84 42
1 219 2 -9 2.8 61
1 261 1 -9 2.3 56
3 663 2 -9 1.9 57
2 824 1 -9 1.98 53
2 822 1 -9 3.08 63
2 1077 1 -9 8.72 79
2 1131 2 -9 2.3 57
2 584 2 -9 5 73
1 91 2 -9 -9 57
3 866 2 -9 3.8 68
3 865 2 -9 2.6 58
1 339 1 -9 6.3 80
1 401 1 -9 3.14 66
2 1191 1 -9 2.8 58
1 1 2 -9 3.06 63
3 1 2 -9 4.6 71
3 1 1 -9 9.1 87
1 1 2 -9 4.08 67
1 1 2 -9 3.37 65
1 47 1 -9 2.88 60
1 376 2 -9 2.3 61
1 503 1 -9 1.6 51
1 435 1 -9 1.14 46
2 875 1 -9 5.3 74
2 844 2 -9 3.17 60
2 853 1 -9 8.22 85
2 1065 2 -9 3.93 66
1 1 2 -9 2.55 61
1 1 1 -9 1.63 53
1 1 1 -9 4.8 73
3 836 1 -9 1.04 47
3 1 1 -9 2.09 63
2 733 1 -9 4.62 72
3 612 1 -9 5.34 75
1 1 2 -9 2.57 59
3 742 1 -9 6.43 81
1 425 2 -9 3.52 63
1 1 2 -9 3.88 69
3 709 2 -9 6.6 82
1 155 2 -9 3.3 63
2 582 1 -9 5.02 74
2 581 2 -9 2.62 60
3 666 2 -9 1.5 54
1 498 2 -9 2.12 62
3 1144 2 -9 1.62 54
1 123 1 -9 2.8 65
2 584 1 -9 3.3 64
1 387 2 -9 1.31 49
1 474 2 -9 3.74 68
2 1171 1 -9 5.76 76
1 233 2 -9 10.1 91
2 1189 2 -9 6.8 74
3 1 1 -9 4.8 71
1 1 2 -9 2.24 57
1 1 1 -9 2 56
2 1075 2 -9 2.4 60
1 40 1 -9 2.33 57
3 1 1 -9 4.39 78
2 593 2 -9 3.04 65
2 596 2 -9 2.58 61
1 448 2 -9 2.78 62
1 1 2 -9 3.06 63
1 1 2 -9 4.9 73
3 836 1 -9 6.7 81
1 1 2 -9 2.12 59
2 1157 1 -9 2.65 59
1 1 1 -9 2.65 59
1 425 2 -9 2.92 65
1 148 1 -9 5.2 73
1 181 1 -9 1.9 57
1 394 2 -9 2.4 55
1 113 2 -9 3.2 56
2 856 2 -9 3.5 70
3 771 1 -9 2.04 55
2 787 2 -9 5.4 80
1 27 1 -9 2.9 62
1 414 1 -9 2.88 63
3 1 2 -9 3.2 65
3 1 2 -9 1.57 54
3 1 1 -9 1.56 55
2 1074 1 -9 -9 68
3 1 2 -9 2.65 61
1 222 2 -9 4.51 71
1 434 2 -9 4.97 70
2 878 2 -9 2.6 63
2 878 2 -9 3.8 65
2 878 1 -9 4.8 69
2 696 2 -9 3.2 69
3 1 2 -9 6.33 80
2 968 2 -9 2.2 57
3 1 2 -9 2.35 57
2 1068 1 -9 7.8 80
1 79 2 -9 4.82 66
3 813 2 -9 1.76 53
1 126 2 -9 1.6 52
1 90 1 -9 -9 67
3 867 2 -9 4.1 68
3 866 1 -9 2.4 58
1 311 2 -9 5 74
1 1 1 -9 4.18 63
3 1 1 -9 4.5 72
1 1 2 -9 3.98 67
1 36 2 -9 1.94 56
3 1 1 -9 1.94 56
3 1040 2 -9 -9 68
2 1049 2 -9 3.1 65
3 1 1 -9 2.55 60
3 1 1 -9 3.47 65
3 1083 1 -9 2.2 59
1 1 2 -9 4.69 76
1 1 2 -9 2.35 57
3 962 1 -9 5.8 82
3 1 1 -9 1.5 55
3 1 2 -9 1.5 50
2 1010 2 -9 4.06 65
2 753 1 -9 2.65 61
1 1 1 -9 1.41 51
1 1 2 -9 7.35 78
3 1 1 -9 6.63 84
1 1 2 -9 6.38 75
1 82 1 -9 2.55 58
2 730 1 -9 5.86 76
1 394 2 -9 6.6 76
3 1145 2 -9 2.56 59
3 1149 2 -9 7.76 92
1 123 2 -9 4.4 72
2 1079 2 -9 5.52 71
2 1076 1 -9 2.78 63
1 90 1 -9 -9 71
2 994 2 -9 3.3 62
3 691 1 -9 8 92
1 482 2 -9 3.8 68
1 1 1 -9 5 74
3 1 1 -9 6.5 88
2 1137 2 -9 4.93 70
1 1 1 -9 6.3 74
3 1 2 -9 1.5 52
3 1 2 -9 5.8 76
3 1 1 -9 2.43 59
2 594 1 -9 2.02 55
2 656 2 -9 2.66 63
1 1 1 -9 1.94 52
1 1 2 -9 6.63 82
1 1 2 -9 1.94 55
1 1 1 -9 3.37 67
3 1 2 -9 5.2 75
1 1 1 -9 1.46 52
1 1 1 -9 4 68
3 707 1 -9 4.2 74
1 141 1 -9 1.85 54
3 814 1 -9 2.68 59
1 531 2 -9 4.36 72
3 934 1 -9 10.2 89
1 25 1 -9 -9 77
2 1191 1 -9 2.2 53
3 1 2 -9 4 69
3 1 1 -9 4.6 73
3 1 1 -9 12 96
1 1 2 -9 5.92 80
2 1179 2 -9 3.63 68
2 840 1 -9 3.99 69
3 1 1 -9 1.33 45
2 1180 1 -9 3.62 70
1 446 2 -9 3.48 64
2 878 1 -9 3.3 66
2 622 1 -9 2.04 54
1 1 1 -9 1.53 54
1 1 1 -9 2.89 65
1 1 2 -9 1.53 60
1 1 1 -9 3.67 68
3 1 1 -9 3.8 69
3 611 1 -9 -9 56
3 1 2 -9 6.63 79
1 1 2 -9 2.81 58
1 211 1 -9 3.7 69
1 1 1 -9 4.34 68
3 1155 2 -9 2.87 61
3 689 2 -9 1.69 55
3 617 2 -9 3.6 69
3 861 1 -9 5.4 75
1 524 1 -9 3.02 63
2 857 2 -9 6.5 78
3 731 1 -9 3.92 69
1 363 1 -9 3.8 69
2 805 2 -9 5.67 77
2 714 1 -9 2.37 61
1 238 2 -9 2.47 59
2 778 1 -9 3 72
3 1 1 -9 3.3 67
1 55 2 -9 1.6 53
1 1 1 -9 6.73 80
1 1 1 -9 5.41 73
1 283 1 -9 2 55
3 1003 1 -9 5.87 75
3 1 1 -9 2.76 65
2 1001 2 -9 8.7 83
1 1 1 -9 4.18 70
1 1 1 -9 12.76 109
3 1 1 -9 1.6 54
3 1 1 -9 1.2 51
3 744 1 -9 2.8 64
3 1 2 -9 3.88 70
1 1 1 -9 2.95 60
1 1 2 -9 3.79 68
3 633 1 -9 5.8 78
1 431 1 -9 4.65 72
3 678 2 -9 1.61 53
1 84 2 -9 1.75 53
2 949 2 -9 2.47 58
2 1027 1 -9 3.68 69
1 349 2 -9 1.45 51
1 276 2 -9 2.77 58
1 341 2 -9 -9 69
3 1130 1 -9 2.8 59
1 16 2 -9 2.95 63
3 1126 2 -9 5.8 80
1 329 1 -9 4 66
3 934 1 -9 6.9 87
2 714 1 -9 3.29 65
1 300 1 -9 2.1 56
1 1 1 -9 6.94 84
2 924 2 -9 1.32 47
1 102 2 -9 3.8 65
1 1 2 -9 7.04 72
3 1069 1 -9 2.1 55
3 1002 2 -9 1.67 55
1 1 1 -9 2.55 58
1 1 2 -9 4.7 72
3 975 1 -9 3.6 59
3 646 1 -9 8.08 85
2 875 1 -9 3.4 64
1 1 2 -9 4.8 76
3 830 1 -9 7.08 85
1 190 2 -9 2.21 62
2 967 1 -9 5 70
3 640 2 -9 7.78 85
1 195 1 -9 2.3 60
1 199 1 -9 3.8 68
3 826 2 -9 1.6 51
3 1196 2 -9 1.8 52
3 865 1 -9 4.7 71
2 589 2 -9 2.14 57
1 456 2 -9 10.3 86
2 717 1 -9 2.9 62
3 606 2 -9 1.53 51
3 1 2 -9 6 77
3 1 1 -9 12 101
1 96 2 -9 4.3 68
3 1044 2 -9 3.6 61
2 1123 1 -9 2.82 61
3 1 1 -9 6.63 83
2 628 1 -9 2.57 60
1 408 1 -9 4.1 73
1 1 1 -9 5.31 73
1 1 2 -9 2.65 60
1 1 2 -9 2.24 62
1 1 2 -9 1.84 52
1 1 1 -9 3.78 66
2 739 2 -9 1.67 54
3 1 2 -9 5 71
1 1 1 -9 5.48 76
1 1 2 -9 1.35 51
1 1 1 -9 3.97 67
1 190 1 -9 2.25 59
3 635 2 -9 3.7 66
1 194 1 -9 3 62
1 148 1 -9 1.1 47
3 666 1 -9 3.5 68
1 307 1 -9 3.4 66
1 520 2 -9 1.45 52
1 120 2 -9 5.2 65
2 983 1 -9 6.2 82
2 905 1 -9 5.36 72
3 1109 1 -9 10.84 91
1 236 2 -9 2.2 55
1 165 1 -9 2.4 60
3 1 1 -9 3.8 70
2 1116 1 -9 7.4 80
1 313 1 -9 1.45 53
1 1 2 -9 3.16 62
3 1037 1 -9 -9 84
1 228 1 -9 2.48 56
1 1 1 -9 2.8 59
2 1181 2 -9 3.1 71
2 875 2 -9 3.2 63
2 1057 2 -9 6.5 81
1 534 2 -9 3.5 70
3 549 2 -9 5.9 86
2 554 2 -9 4.04 68
3 960 2 -9 1.9 58
3 962 1 -9 5 75
3 1 1 -9 8.3 90
2 754 1 -9 8.51 86
3 1 2 -9 7.04 81
3 650 2 -9 4.72 75
3 649 2 -9 1.81 58
1 1 2 -9 1.66 53
1 1 2 -9 2.22 59
3 1217 2 -9 2.34 49
1 288 2 -9 4.82 66
1 260 1 -9 3.54 63
1 410 1 -9 2.23 59
1 343 1 -9 1.2 49
1 250 2 -9 4.2 77
1 501 2 -9 2.28 63
1 522 1 -9 4.17 69
3 1142 2 -9 2.92 64
1 6 1 -9 2.64 63
2 984 1 -9 4.2 68
2 1169 2 -9 3.78 65
3 1 2 -9 8.5 95
3 1 1 -9 3.1 68
1 457 2 -9 2.5 62
3 1 2 -9 2.55 61
1 449 2 -9 2.44 60
1 29 1 -9 2.64 66
2 628 1 -9 3.99 69
1 1 2 -9 1.84 54
1 1 1 -9 2.04 54
1 1 1 -9 2.65 60
2 887 2 -9 3.9 63
2 894 2 -9 1.6 53
3 651 1 -9 9.16 87
3 1 1 -9 2.76 62
1 1 1 -9 3.28 63
3 1 1 -9 1.88 52
1 188 1 -9 2.78 61
3 670 2 -9 4.75 74
1 153 2 -9 2.4 56
3 665 2 -9 2.5 61
3 568 2 -9 2.18 58
1 248 1 -9 4.8 79
3 773 1 -9 4.4 71
1 16 1 -9 2.65 63
2 1106 1 -9 5.12 72
2 1168 2 -9 2.34 56
2 712 1 -9 4.71 72
2 996 2 -9 8 81
3 1 1 -9 7 82
3 1 1 -9 7.6 88
3 1 1 -9 8.6 90
1 58 2 -9 2.6 59
3 1044 1 -9 6.5 80
3 1 1 -9 3.37 66
1 1 2 -9 3.78 66
2 557 2 -9 2.3 58
2 561 2 -9 1.36 49
1 1 1 -9 2.35 58
1 1 1 -9 4.08 68
2 886 1 -9 8 80
3 1 1 -9 3.3 64
1 13 1 -9 2.2 59
1 1 1 -9 1.31 51
2 939 2 -9 1.88 57
2 1024 2 -9 5.6 76
2 1026 1 -9 1.66 55
1 221 2 -9 2.8 63
1 1 1 -9 2.76 58
3 569 2 -9 1.44 53
2 573 2 -9 1.48 53
2 822 1 -9 1.82 55
3 1148 2 -9 2.44 55
1 127 2 -9 8.4 83
3 1194 2 -9 1.6 51
1 88 2 -9 -9 57
1 510 1 -9 2.6 63
1 326 1 -9 1.4 56
1 416 2 -9 2.6 57
1 50 2 -9 1.8 54
1 358 1 -9 1.22 49
1 284 1 -9 2.5 64
3 1 2 -9 1.73 58
3 1094 1 -9 2.98 64
3 1 1 -9 4.49 75
3 1 1 -9 6.02 78
2 1179 2 -9 3.8 68
3 1088 2 -9 3.3 61
2 877 1 -9 3.1 66
2 843 2 -9 3.65 64
1 1 1 -9 5.41 75
1 1 2 -9 1.63 54
1 1 2 -9 4.08 72
1 1 1 -9 2.45 60
1 1 1 -9 1.43 52
3 1 2 -9 1.73 54
3 1 2 -9 9.6 60
1 381 2 -9 4.01 69
1 1 1 -9 3.41 63
1 188 1 -9 2.83 65
3 766 2 -9 2.74 65
2 951 1 -9 3.34 63
1 147 1 -9 2.1 58
1 8 2 -9 1.17 49
3 811 2 -9 2.6 60
2 565 2 -9 4.99 72
1 528 1 -9 3.64 67
1 93 1 -9 -9 69
3 865 1 -9 3.1 62
3 867 1 -9 1.7 52
2 988 1 -9 5.1 70
3 930 1 -9 5.2 75
1 516 1 -9 3.8 70
1 169 2 -9 2 54
3 1 2 -9 5.1 76
3 1 1 -9 6 79
2 1134 1 -9 2.68 58
1 52 2 -9 6.5 77
1 45 2 -9 2.63 60
3 1039 1 -9 -9 86
2 1041 2 -9 -9 63
1 503 1 -9 0.9 41
2 1096 1 -9 1.82 53
1 29 1 -9 2.75 65
3 1 1 -9 2.14 58
1 1 2 -9 3.78 71
3 1 2 -9 1.5 48
3 614 1 -9 3.4 67
3 891 1 -9 3.8 68
1 189 2 -9 1.77 52
3 1215 1 -9 1.3 48
2 1026 1 -9 2.98 64
3 662 1 -9 1.8 57
3 863 1 -9 2.3 55
1 531 2 -9 1.34 51
2 1132 2 -9 1.6 45
1 467 2 -9 2.84 63
2 713 1 -9 3.72 65
1 237 1 -9 2.35 59
1 1 1 -9 3.98 71
2 1017 1 -9 4.16 67
3 1 2 -9 5 78
1 109 2 -9 2.11 57
1 109 1 -9 3.62 64
2 777 1 -9 2 65
1 1 1 -9 2.45 57
1 1 1 -9 4.8 70
2 1007 1 -9 2.22 55
3 1093 2 -9 3.22 67
1 223 1 -9 2.81 64
1 437 1 -9 5.72 79
2 658 2 -9 2.9 65
1 1 2 -9 1.53 52
1 1 1 -9 4.9 74
1 1 2 -9 2.04 55
1 1 2 -9 2.14 57
3 1 2 -9 2.24 58
3 1 2 -9 1.8 56
3 1 2 -9 2.3 58
3 1160 1 -9 5.2 78
2 1101 1 -9 4.2 68
1 1 2 -9 2.95 66
3 603 2 -9 2.1 56
1 268 2 -9 3.77 67
1 272 2 -9 3.1 62
3 1148 2 -9 1.79 55
1 304 1 -9 -9 53
2 1166 1 -9 5.73 76
2 1189 2 -9 5 67
1 451 2 -9 2.7 62
2 784 2 -9 2.4 59
1 1 1 -9 2.96 68
2 1117 2 -9 1.9 52
1 51 1 -9 2.4 60
1 354 1 -9 1.24 48
1 1 2 -9 5 69
1 1 2 -9 2.45 56
1 46 2 -9 1.89 55
2 1046 2 -9 3.2 63
2 1184 1 -9 5.55 76
2 792 1 -9 2.7 63
2 1086 1 -9 5.1 76
2 838 2 -9 3.26 64
2 1063 2 -9 3.45 65
1 1 2 -9 3.06 64
1 1 1 -9 2.14 56
3 613 2 -9 6.76 80
1 1 2 -9 3.62 62
3 763 1 -9 2 56
3 1 1 -9 1.83 55
2 1023 1 -9 4.4 68
3 686 2 -9 2.3 58
3 944 2 -9 4.81 77
1 412 1 -9 2.85 63
2 1220 1 -9 6.44 78
2 589 2 -9 2.72 62
3 609 2 -9 1.7 53
1 305 2 -9 -9 50
3 1 2 -9 4.4 73
2 921 2 -9 2.64 61
1 282 2 -9 3.3 66
3 1 1 -9 1.94 59
2 841 2 -9 2.38 53
2 841 2 -9 4.97 65
1 438 1 -9 2.6 61
2 875 1 -9 1.8 45
2 876 1 -9 4.1 71
3 549 1 -9 3.6 66
1 1 2 -9 6.84 81
1 1 1 -9 2.55 57
1 1 1 -9 2.12 59
3 1216 1 -9 1.88 55
2 1113 1 -9 2.5 60
3 683 2 -9 4.07 70
2 576 2 -9 2.06 58
1 1 1 -9 2.35 58
1 1 2 -9 2.45 59
2 567 1 -9 2.1 58
1 121 2 -9 4.4 69
2 1078 1 -9 3.66 67
1 5 1 -9 6.23 80
1 338 2 -9 0.45 34
1 174 2 -9 2.7 63
2 1102 2 -9 2.64 61
1 403 2 -9 2.72 62
3 935 1 -9 2.3 56
2 998 1 -9 13.8 100
2 1032 1 -9 1.4 51
3 1 2 -9 4 70
1 1 1 -9 3.57 66
2 1119 1 -9 2.4 60
2 923 2 -9 3.36 63
2 1135 2 -9 2.53 60
3 1 1 -9 14.89 105
3 1 1 -9 4.4 71
3 1 1 -9 2.96 62
1 227 2 -9 5.71 76
3 1 1 -9 4.8 73
3 1 2 -9 3.27 61
3 1 2 -9 3.27 63
1 223 2 -9 2.72 66
1 439 2 -9 1.52 53
3 1 2 -9 2.04 55
2 1065 2 -9 6.79 80
2 1060 2 -9 2.8 54
2 655 2 -9 0.87 44
3 1 2 -9 1.43 51
3 892 1 -9 6.1 82
3 1 1 -9 2.1 58
1 323 2 -9 2.25 59
1 1 1 -9 4.08 69
2 963 2 -9 2.8 56
2 971 1 -9 1.9 54
3 1213 1 -9 4.02 68
3 1 1 -9 2.75 62
1 193 1 -9 8 78
1 291 2 -9 2.58 56
1 265 2 -9 2.25 52
1 209 2 -9 3.8 68
1 256 1 -9 1.2 49
1 159 1 -9 5.5 75
3 860 1 -9 1.9 51
1 248 2 -9 1.78 57
3 870 1 -9 5.3 73
3 866 1 -9 2.7 60
1 170 1 -9 6.04 81
3 607 1 -9 2.36 60
3 604 2 -9 3.43 66
2 1019 2 -9 3.2 66
1 1 1 -9 2.24 61
1 295 1 -9 1.46 52
3 1 2 -9 2.1 54
1 1 1 -9 10.51 94
1 1 1 -9 3.47 66
3 1071 1 -9 1.44 52
3 1 2 -9 1.73 55
2 877 1 -9 4.6 74
1 1 2 -9 1.22 47
3 957 2 -9 4.6 74
3 1 2 -9 2.45 55
2 896 2 -9 3.7 69
3 746 1 -9 5.68 77
1 1 1 -9 4.58 69
1 260 2 -9 3.36 65
1 344 2 -9 0.4 35
1 342 1 -9 -9 54
3 539 1 -9 8.38 89
2 821 1 -9 5.38 76
1 397 1 -9 1 44
3 866 1 -9 3 55
2 987 2 -9 1.1 45
3 660 1 -9 8.2 83
3 1108 2 -9 2.54 61
3 606 2 -9 1.68 54
1 402 2 -9 3.15 63
1 306 2 -9 -9 67
1 330 2 -9 3.8 67
1 333 1 -9 3.4 61
3 785 2 -9 7.1 83
2 716 1 -9 6.45 78
3 536 1 -9 1.62 51
3 1 2 -9 4.7 74
3 1072 1 -9 3.1 64
1 1 1 -9 2 57
2 1121 1 -9 3.1 61
1 379 1 -9 -9 71
2 1095 1 -9 4.61 69
1 447 2 -9 3.32 67
2 842 1 -9 3.24 61
1 1 2 -9 3.98 68
1 1 1 -9 8.16 89
2 734 2 -9 3.52 68
2 888 2 -9 3.2 52
2 1010 1 -9 2.59 62
3 1 2 -9 3.4 66
3 1 1 -9 13 99
1 1 1 -9 3.59 68
1 196 1 -9 4.3 67
1 1 2 -9 2.55 59
1 144 2 -9 3.5 65
1 262 1 -9 3.91 61
1 1 1 -9 5.7 74
1 344 1 -9 1.85 57
2 573 1 -9 5.52 77
1 532 2 -9 3.85 70
3 866 1 -9 2.7 61
3 866 1 -9 5.8 74
1 477 2 -9 2.2 60
1 1 2 -9 6.22 76
3 1 1 -9 6 82
3 1 2 -9 6 83
2 777 2 -9 2.4 53
3 1 1 -9 2.6 61
3 1 2 -9 3.4 65
2 1118 1 -9 4.9 67
1 47 1 -9 2.12 59
1 37 1 -9 2.78 59
1 379 2 -9 1.6 51
2 595 2 -9 2.52 62
1 450 2 -9 2.8 62
2 655 1 -9 3.22 64
1 1 1 -9 3.67 67
1 1 1 -9 3.57 70
1 1 1 -9 1.94 56
1 1 1 -9 6.94 82
1 1 1 -9 3.67 69
3 746 2 -9 1.56 54
3 1164 2 -9 1.3 50
2 700 1 -9 2.4 61
1 1 2 -9 3.35 66
2 964 2 -9 5.6 70
1 1 2 -9 4.39 66
3 1 1 -9 3.16 61
3 635 2 -9 3.55 68
3 687 1 -9 2.83 62
3 706 2 -9 -9 62
3 776 1 -9 6.8 82
1 137 1 -9 2.1 59
1 215 1 -9 2.2 58
3 859 2 -9 2.7 63
3 1140 2 -9 2.22 56
1 418 2 -9 1.3 42
2 988 1 -9 5.8 71
1 476 2 -9 2.48 61
3 1127 1 -9 1.6 50
1 519 1 -9 2.1 57
1 1 1 -9 2.04 62
1 385 1 -9 2.71 74
3 1 1 -9 2.35 58
2 555 2 -9 3.5 68
3 957 2 -9 3 66
3 1 2 -9 4.59 84
3 1 2 -9 3.6 60
1 1 2 -9 2.14 56
3 1218 2 -9 3.84 66
3 668 2 -9 3.4 69
2 545 2 -9 1.38 49
2 1028 1 -9 2.48 59
3 1201 2 -9 3.94 69
1 294 2 -9 2.8 67
1 389 2 -9 2.2 57
2 1016 1 -9 4.6 69
1 1 1 -9 1.84 56
3 1 2 -9 2 57
2 779 2 -9 2.3 63
1 360 1 -9 1.92 55
1 1 1 -9 6.63 76
1 1 1 -9 6.02 77
1 1 2 -9 2.14 56
3 1 2 -9 2.76 61
3 1 1 -9 1.63 50
2 792 1 -9 1.16 48
3 1 1 -9 4.8 71
1 440 2 -9 2.74 66
3 982 2 -9 3.6 66
2 999 1 -9 8.3 76
1 1 1 -9 3.16 64
1 1 2 -9 5.1 74
2 701 2 -9 2.4 60
2 703 1 -9 4 67
1 1 2 -9 2.03 56
2 1112 2 -9 2.74 61
1 1 1 -9 7.43 82
1 1 1 -9 5.87 76
1 1 1 -9 3.4 67
1 1 2 -9 2.35 59
1 78 1 -9 2.84 61
2 671 1 -9 6.42 77
1 214 1 -9 3.3 50
1 493 2 -9 3.28 69
3 663 1 -9 2.3 57
3 883 2 -9 6.4 81
1 125 2 -9 0.7 42
1 125 2 -9 4.5 70
3 865 2 -9 3.8 65
3 771 1 -9 6.09 77
2 1185 2 -9 5.4 67
1 107 2 -9 3.29 63
1 1 2 -9 2.55 57
1 37 1 -9 1.67 50
2 1181 1 -9 4.3 70
2 877 1 -9 6.3 76
2 1061 1 -9 3.26 64
1 1 2 -9 2.96 63
1 1 1 -9 6.43 80
1 1 2 -9 5.1 84
3 833 2 -9 6.88 82
2 1011 1 -9 4.19 70
1 13 1 -9 2.2 60
3 648 1 -9 3.39 65
3 1 2 -9 4.08 68
1 1 2 -9 4.39 70
2 702 1 -9 3 64
3 1 2 -9 1.25 47
3 1215 2 -9 4.16 69
3 679 2 -9 2.9 63
2 1025 2 -9 2.62 57
3 661 1 -9 1.9 60
1 131 1 -9 2.55 59
1 120 2 -9 2.8 51
1 89 2 -9 -9 70
1 471 1 -9 2.62 61
3 1125 1 -9 2 54
1 513 1 -9 2.22 63
1 510 1 -9 5.18 75
2 712 2 -9 2.86 62
1 1 2 -9 3.37 64
3 1 1 -9 3.6 70
2 1053 1 -9 1.6 51
3 1 2 -9 4.2 72
3 1 2 -9 7.4 83
3 1 2 -9 9.7 94
1 351 2 -9 5 73
1 98 1 -9 1.9 57
3 798 2 -9 4 67
1 41 2 -9 5.75 75
2 1005 1 -9 4.06 66
3 1 2 -9 1.94 57
2 657 1 -9 4.93 73
2 624 2 -9 4.62 69
1 1 2 -9 2.14 64
1 1 2 -9 8.78 91
3 827 1 -9 2.32 58
1 1 1 -9 2.35 61
2 736 1 -9 2.22 58
3 892 1 -9 4.9 69
3 1 1 -9 3.67 65
3 1 1 -9 2.86 62
2 1151 1 -9 3.14 63
3 690 1 -9 2.23 59
1 346 2 -9 4.9 69
1 118 2 -9 1.1 46
3 865 1 -9 5.7 75
1 280 2 -9 4.2 78
2 717 1 -9 3.44 66
2 1187 1 -9 1.4 51
2 1193 2 -9 3.2 58
2 780 1 -9 1.2 68
3 1 1 -9 3.1 65
3 1 1 -9 1.15 48
3 1 2 -9 2.14 56
3 1038 2 -9 -9 54
2 877 1 -9 9.1 89
2 540 1 -9 0.32 33
2 653 1 -9 1.91 55
3 1 1 -9 10.82 92
2 755 1 -9 8.32 84
3 1161 2 -9 3.2 62
2 699 2 -9 3.6 67
2 1159 1 -9 3.8 62
3 1 2 -9 2.65 68
3 745 1 -9 2.9 63
1 192 1 -9 1 40
3 674 1 -9 7.09 82
3 679 2 -9 2.09 57
1 208 2 -9 6.2 79
1 152 1 -9 3.7 67
1 395 1 -9 2.5 60
1 530 2 -9 1.83 54
1 460 1 -9 2.8 61
3 608 2 -9 3.74 70
1 302 1 -9 -9 58
1 335 1 -9 5.4 72
1 300 2 -9 3.3 64
1 1 2 -9 2.55 58
3 1 1 -9 2.3 61
1 108 2 -9 1.54 52
1 1 1 -9 2.55 58
1 1 1 -9 2.5 60
3 1 1 -9 4.49 71
1 32 1 -9 2.26 61
2 877 1 -9 3.15 66
2 876 1 -9 3.5 69
2 658 1 -9 3.98 65
1 1 2 -9 3.47 66
3 1 2 -9 1.33 53
3 1 1 -9 7.24 81
1 1 2 -9 4.01 71
1 1 2 -9 1.55 53
1 1 1 -9 2.59 61
1 213 1 -9 8.6 84
3 638 2 -9 3.21 63
3 743 1 -9 6.17 79
1 422 2 -9 1.8 54
1 81 1 -9 2.25 57
3 937 2 -9 2.57 62
1 163 2 -9 2.3 66
2 1222 2 -9 7.52 77
1 396 1 -9 2.6 58
1 246 2 -9 1.54 54
2 1177 1 -9 5.42 72
3 608 2 -9 5.04 72
2 802 2 -9 1.87 55
3 933 1 -9 4.4 71
1 12 1 -9 2.78 62
2 1012 1 -9 7.5 78
1 353 2 -9 3.72 67
2 1006 1 -9 5.83 74
1 1 2 -9 2.55 59
2 1098 2 -9 3.55 62
2 880 2 -9 2.5 59
1 1 1 -9 5.71 76
2 555 2 -9 2.78 65
3 1 2 -9 2.9 63
1 380 2 -9 5.24 76
2 954 1 -9 4.54 73
1 429 2 -9 3.14 63
2 710 1 -9 2.75 64
1 274 2 -9 2.4 57
1 341 1 -9 -9 54
3 664 2 -9 5.5 81
1 462 2 -9 2.04 57
1 122 1 -9 12.8 85
2 857 2 -9 5.7 76
3 866 1 -9 7.6 83
1 74 1 -9 -9 72
2 590 2 -9 2.59 61
1 389 1 -9 3.76 66
1 167 1 -9 1.1 47
1 12 1 -9 6.64 73
1 374 2 -9 3 65
1 1 2 -9 6.33 76
1 1 1 -9 3.78 64
3 643 1 -9 2.08 57
1 447 2 -9 2.22 60
2 913 1 -9 9.2 79
2 876 1 -9 7.1 83
3 1 1 -9 5 70
3 650 1 -9 4.19 73
3 1 1 -9 2.04 55
3 1 2 -9 2.24 58
3 636 1 -9 7.4 82
1 140 1 -9 2.6 62
2 1219 2 -9 4.55 61
1 491 2 -9 2.48 58
1 67 1 -9 2.3 64
2 587 1 -9 2.48 61
1 339 1 -9 1.8 57
3 1054 2 -9 0.9 47
1 1 1 -9 7.04 78
3 758 2 -9 4.9 72
1 227 1 -9 3.2 65
3 1 2 -9 2.55 61
3 1 2 -9 7.55 84
1 1 1 -9 6.1 57
3 645 1 -9 4.38 72
2 875 1 -9 2 56
1 1 1 -9 5.1 77
3 1 1 -9 1.6 54
1 1 1 -9 3.37 67
1 1 1 -9 1.62 52
1 1 1 -9 2.84 63
3 1 1 -9 4.08 67
2 1154 1 -9 4.45 73
3 652 1 -9 5.4 76
1 264 1 -9 4.43 69
1 205 2 -9 5.8 71
1 21 2 -9 2.5 69
3 661 1 -9 2.5 63
1 490 2 -9 2.48 58
3 1143 2 -9 2.02 55
1 175 1 -9 1.8 56
1 234 1 -9 3.2 61
3 536 2 -9 2.57 62
2 1188 2 -9 5.6 67
1 1 1 -9 3.57 68
3 1 1 -9 3.6 75
3 1 1 -9 4.5 75
1 2 2 -9 1.1 47
1 4 2 -9 3.6 64
1 457 1 -9 2.7 66
3 1 2 -9 1.8 57
2 876 2 -9 5 77
1 1 1 -9 4.29 69
3 1 2 -9 2.04 59
3 1 2 -9 4.3 69
2 953 2 -9 3.9 57
1 1 1 -9 2.22 60
2 1114 1 -9 1.22 49
1 194 1 -9 1.7 56
2 577 1 -9 2.72 63
2 575 1 -9 3.68 68
1 493 1 -9 3.84 68
2 817 1 -9 1.87 53
2 820 2 -9 1.39 49
2 725 1 -9 6.4 69
2 1079 1 -9 2.72 60
3 1200 1 -9 6.95 84
3 1199 2 -9 11.33 93
3 904 1 -9 6.4 72
1 512 1 -9 4.72 70
2 715 1 -9 2.51 59
1 1 2 -9 2.55 61
3 1 2 -9 6.1 80
3 1 2 -9 5.6 82
1 1 2 -9 5.61 74
1 285 2 -9 2.8 62
1 297 2 -9 2.6 62
1 1 2 -9 4.4 68
1 1 1 -9 5.05 72
1 504 2 -9 1.9 51
2 1099 1 -9 4.7 72
1 32 1 -9 2.65 65
1 1 1 -9 3.47 66
1 1 2 -9 3.98 67
3 830 1 -9 6.08 79
1 1 2 -9 3.47 67
1 1 2 -9 2.14 57
3 668 2 -9 3.2 68
2 1021 1 -9 2.8 52
1 259 1 -9 3.92 66
1 163 1 -9 5.4 72
2 816 1 -9 3.49 66
1 113 2 -9 1.4 51
3 772 1 -9 9.84 82
3 773 1 -9 1.91 54
1 61 2 -9 4.8 78
1 1 2 -9 4.59 73
1 11 1 -9 2.4 59
1 1 1 -9 6.22 78
1 44 1 -9 4.66 69
3 1 1 -9 2.76 61
1 1 2 -9 4 64
3 959 2 -9 9.5 88
3 958 2 -9 1.2 48
3 1 2 -9 1.8 54
3 1163 2 -9 3.5 66
3 648 2 -9 2 59
1 1 2 -9 2.23 61
1 1 2 -9 1.89 54
3 1211 1 -9 9.7 83
3 1212 1 -9 10.2 90
2 940 1 -9 2.62 59
2 950 2 -9 5.17 74
2 581 1 -9 5 74
1 8 1 -9 4.65 71
2 564 1 -9 3.03 61
3 868 2 -9 4.8 70
3 869 1 -9 5.2 72
3 769 1 -9 5.18 73
1 464 1 -9 2.22 56
1 170 1 -9 5.74 73
1 302 2 -9 -9 47
3 1125 2 -9 1.4 53
2 789 1 -9 4.7 73
1 515 2 -9 3.86 72
1 370 2 -9 2.2 59
3 1 1 -9 2.5 63
1 52 2 -9 1.5 54
1 42 2 -9 3.67 66
3 1 2 -9 2.96 64
2 839 1 -9 3.53 64
1 436 2 -9 4.52 68
2 878 1 -9 4.7 70
1 1 2 -9 4.29 70
1 1 1 -9 6.63 75
1 1 1 -9 6.02 79
2 888 1 -9 4.1 69
2 898 1 -9 4.4 74
3 1 1 -9 2.2 58
3 1 2 -9 2.4 58
2 750 2 -9 3.28 67
1 1 1 -9 3.09 65
1 1 1 -9 5.1 71
3 1 2 -9 1.63 50
3 1 1 -9 2.45 58
1 442 2 -9 1.6 54
3 631 1 -9 1.95 58
1 1 2 -9 1.68 54
3 678 1 -9 4.12 70
1 206 1 -9 5.1 72
2 1031 2 -9 2.38 58
1 1 2 -9 1.35 50
1 1 2 -9 2.24 56
3 665 1 -9 2.8 65
2 725 1 -9 5.6 66
2 562 1 -9 5.66 74
1 533 2 -9 2.62 63
1 70 2 -9 -9 65
2 788 2 -9 8.5 83
3 925 1 -9 1.75 75
1 166 2 -9 7.4 80
1 299 2 -9 6.5 78
3 1 1 -9 4.6 73
1 50 1 -9 2.7 63
1 1 1 -9 3.7 65
3 1 2 -9 4.5 74
3 1 1 -9 3.27 67
1 1 2 -9 2.8 58
2 793 2 -9 5.18 71
2 793 1 -9 5.39 71
3 979 1 -9 5.9 44
2 843 2 -9 3.2 60
2 878 2 -9 2.15 58
1 1 1 -9 3.27 68
1 1 1 -9 7.35 87
2 1100 2 -9 4.6 74
1 1 1 -9 2.09 57
3 639 2 -9 6.42 79
1 137 1 -9 1.5 51
2 572 2 -9 3.63 69
3 722 2 -9 2.2 58
1 318 2 -9 4.6 72
2 591 2 -9 3.34 67
2 874 2 -9 1.9 53
1 366 1 -9 6.1 73
1 481 2 -9 3.28 66
1 363 1 -9 2 58
3 1107 2 -9 2.62 62
2 1168 2 -9 3.97 64
2 1167 2 -9 5.25 68
1 517 1 -9 2.52 60
1 516 2 -9 2.54 64
2 1193 2 -9 4.86 67
1 1 1 -9 1.53 55
3 1 2 -9 5.9 80
1 1 2 -9 3.37 65
3 1036 2 -9 -9 54
3 1 2 -9 3.06 65
3 1 1 -9 1.5 55
2 692 2 -9 2.2 58
3 646 1 -9 3.66 68
1 440 2 -9 3.18 68
2 876 1 -9 5 83
2 558 2 -9 6.92 81
1 1 2 -9 2.86 57
3 651 1 -9 8.7 87
1 1 1 -9 2.09 56
1 1 1 -9 1.84 51
1 1 2 -9 2.14 57
2 818 1 -9 3.4 65
1 523 1 -9 1.65 53
1 527 2 -9 1.01 46
1 303 1 -9 -9 55
1 327 2 -9 2.2 56
2 783 2 -9 2.8 59
1 385 1 -9 1.75 55
2 921 2 -9 4.98 70
2 1136 2 -9 4.1 67
1 43 1 -9 2.62 60
3 1 2 -9 1.53 52
3 1087 1 -9 1.9 54
2 1062 2 -9 2.1 56
2 876 2 -9 5.9 78
1 1 2 -9 4.18 73
1 507 2 -9 4.9 73
3 1 1 -9 2.1 57
3 647 2 -9 3.63 69
1 1 2 -9 6.6 77
3 767 2 -9 5.99 80
3 618 1 -9 2.97 64
3 570 2 -9 3.5 68
1 22 2 -9 3 75
3 826 2 -9 2.8 60
1 529 1 -9 3.67 66
1 459 2 -9 1.54 52
3 1205 2 -9 2.71 59
3 1207 2 -9 1.9 54
1 478 1 -9 2.64 60
2 1103 2 -9 4.84 73
1 1 1 -9 3.47 74
2 1013 2 -9 2.5 59
2 1033 2 -9 1.52 51
3 1 2 -9 2.8 63
1 406 2 -9 1.3 48
1 405 2 -9 2.2 60
1 1 2 -9 2.24 60
1 1 2 -9 1.84 50
3 1 1 -9 5.31 73
3 1 1 -9 7.2 60
1 33 1 -9 2.67 63
1 436 2 -9 3.3 63
3 1 1 -9 2.24 62
1 1 2 -9 5.41 80
2 735 2 -9 2.2 56
3 749 2 -9 1.86 56
1 1 1 -9 1.34 50
1 1 1 -9 6.73 81
1 1 2 -9 2.88 61
3 1155 2 -9 2.5 59
3 708 2 -9 4.2 72
2 1029 1 -9 3.31 64
3 815 1 -9 2.25 56
1 495 2 -9 2.58 64
1 175 1 -9 3.4 64
3 925 2 -9 4.75 55
3 1 1 -9 6 82
3 1 2 -9 8 82
1 57 2 -9 3.9 65
3 1 1 -9 9.8 89
2 1086 1 -9 3.3 64
2 540 1 -9 1.96 56
1 1 1 -9 3.16 63
1 1 2 -9 3.57 69
1 1 2 -9 4.29 77
3 827 2 -9 2.15 57
1 1 1 -9 2.24 57
1 1 2 -9 3.98 70
1 309 1 -9 3.4 66
2 895 1 -9 2.5 62
3 1 1 -9 5.7 78
2 705 2 -9 2.2 53
1 1 2 -9 3.82 66
1 1 2 -9 3.11 59
3 727 1 -9 4.86 76
1 146 2 -9 1.95 54
1 270 1 -9 3 61
1 261 1 -9 3.89 67
3 1130 1 -9 2.6 60
3 866 1 -9 2.9 62
1 69 2 -9 -9 73
1 94 1 -9 -9 74
3 592 1 -9 5.45 74
3 1108 2 -9 2.28 60
3 1020 1 -9 3.4 66
1 306 2 -9 -9 60
1 239 1 -9 1.74 53
1 1 2 -9 7.35 91
3 1 2 -9 6.8 86
3 1 2 -9 2.5 60
1 1 2 -9 2.86 60
1 1 2 -9 4.9 70
1 376 2 -9 7.8 87
2 1047 1 -9 5.2 74
1 1 2 -9 6.1 78
1 230 2 -9 4.23 68
1 1 2 -9 3.27 62
1 1 2 -9 3.16 63
3 1 2 -9 2.04 56
3 1 2 -9 2.04 56
2 884 1 -9 2.8 61
2 1156 1 -9 3.75 67
3 1 2 -9 2.04 55
2 1152 1 -9 2.6 59
3 617 2 -9 7.12 84
2 578 2 -9 3.07 64
1 180 2 -9 2.14 57
3 663 2 -9 1.9 57
3 1149 1 -9 3.4 65
1 471 1 -9 3.4 65
2 900 1 -9 3.1 62
1 417 1 -9 4.1 65
1 1 1 -9 2.45 59
2 1092 1 -9 3.6 67
3 1 1 -9 12.2 99
1 1 2 -9 2.76 60
1 357 2 -9 3.44 62
1 1 1 -9 4.08 66
3 1 2 -9 2.14 57
2 1122 2 -9 1.71 54
3 1089 2 -9 2.1 54
2 875 1 -9 2.9 60
1 1 2 -9 1.53 53
1 1 1 -9 5.42 73
1 1 1 -9 4.4 70
3 1210 1 -9 8.58 88
2 1115 1 -9 4.11 66
1 1 1 -9 8.63 83
2 1022 1 -9 2.4 60
1 421 2 -9 2.6 58
3 720 2 -9 3 62
1 469 2 -9 1.78 55
1 173 1 -9 3.5 61
2 1015 2 -9 5.1 68
2 803 1 -9 4.67 69
3 1 2 -9 2.9 65
3 1 1 -9 3.7 68
1 1 1 -9 4.59 68
3 1 1 -9 3.16 64
2 593 2 -9 2.42 60
2 877 1 -9 3.6 67
3 1 2 -9 10 89
2 1056 2 -9 2.9 63
3 1 1 -9 1.9 57
3 893 1 -9 2.2 60
3 1 1 -9 4.39 68
1 1 1 -9 3.65 69
1 1 1 -9 4.29 71
2 963 2 -9 1 69
1 429 2 -9 3.06 63
1 135 1 -9 3.3 62
2 942 2 -9 4.83 63
1 1 1 -9 4.49 70
1 490 1 -9 3.38 63
1 532 1 -9 3.18 66
1 461 2 -9 1.04 45
1 89 2 -9 -9 65
3 867 2 -9 2.3 57
2 1165 1 -9 4.07 71
1 482 2 -9 2.85 60
1 1 2 -9 1.33 50
1 372 1 -9 3.4 60
3 1 1 -9 5.6 77
3 1 1 -9 8.1 88
1 100 1 -9 1.1 45
1 1 2 -9 2.35 56
3 1 2 -9 1.73 54
3 1 2 -9 4.59 71
2 882 2 -9 7.3 80
3 548 2 -9 0.58 40
1 1 1 -9 3.16 68
1 1 1 -9 8.47 89
2 738 2 -9 3.36 68
3 1 1 -9 6.1 73
3 1160 1 -9 3.9 68
2 1156 1 -9 2.06 56
1 1 1 -9 4.39 65
3 1 2 -9 1.53 51
3 762 1 -9 2.3 60
2 1153 2 -9 2.18 55
3 680 2 -9 4.17 70
1 85 1 -9 2.15 56
2 1027 1 -9 4.8 72
1 178 1 -9 2.88 65
1 216 2 -9 5.2 72
1 23 1 -9 2.5 71
3 814 1 -9 2.84 61
3 865 1 -9 7.6 84
3 660 1 -9 4.9 77
1 474 1 -9 2.4 59
1 171 1 -9 2 57
2 1015 1 -9 4.3 67
1 303 2 -9 -9 66
1 156 1 -9 1.4 71
3 929 1 -9 18.3 84
1 368 1 -9 3.2 73
1 25 2 -9 -9 60
1 486 2 -9 2.88 66
1 106 2 -9 4.07 67
1 2 2 -9 1.56 55
1 404 2 -9 2.4 59
1 297 1 -9 3.5 65
2 1047 1 -9 2.4 58
3 1 1 -9 3.98 68
2 877 1 -9 5.1 74
2 657 2 -9 1.86 52
1 1 1 -9 6.22 77
2 704 1 -9 3.4 65
1 1 2 -9 2.68 62
1 442 2 -9 4.4 71
1 423 1 -9 1.04 45
3 936 1 -9 2.44 60
1 15 1 -9 2.6 59
3 866 1 -9 2.5 61
3 865 1 -9 2.4 58
1 481 1 -9 2.84 64
1 237 2 -9 2.18 62
2 1186 2 -9 3 66
3 1 2 -9 5 75
3 1 2 -9 3.1 67
1 356 2 -9 1.88 57
1 1 1 -9 5.5 72
3 1 2 -9 2.55 59
1 435 2 -9 2.32 55
2 875 1 -9 4.9 73
2 877 2 -9 6.65 81
3 550 1 -9 6.5 77
3 1 1 -9 7.76 85
1 1 2 -9 1.94 59
1 1 1 -9 1.43 50
1 1 1 -9 3.16 67
2 740 1 -9 4.15 68
3 1 2 -9 5.6 74
1 1 2 -9 2.76 63
1 1 2 -9 3.12 61
1 1 1 -9 13.88 97
2 972 1 -9 4 70
1 287 1 -9 2.28 54
1 263 2 -9 3.73 69
3 538 2 -9 1 45
3 1206 2 -9 3.08 60
1 472 2 -9 2.02 57
1 1 2 -9 3.06 64
3 1 1 -9 6.4 82
1 1 2 -9 1.73 55
3 1071 2 -9 3.3 68
3 1043 2 -9 4.2 71
3 1 1 -9 4.69 80
2 597 2 -9 6.04 79
2 877 2 -9 1.9 55
2 845 1 -9 4.93 70
1 1 1 -9 1.43 48
1 1 1 -9 3.27 68
1 1 1 -9 3.78 70
1 1 2 -9 1.84 53
2 887 2 -9 4.2 69
3 610 1 -9 -9 70
3 1 1 -9 11.2 93
3 649 2 -9 3.05 52
1 1 1 -9 1.6 53
1 393 1 -9 3.8 72
1 215 1 -9 4.1 69
1 18 1 -9 1.95 56
3 604 1 -9 2.49 59
1 332 1 -9 4.6 67
1 235 2 -9 2 60
3 932 2 -9 5.4 73
1 1 2 -9 3.78 68
3 1 2 -9 7 80
2 782 1 -9 10.5 72
3 1 1 -9 2.8 63
3 1 2 -9 3.7 66
2 1135 2 -9 2.32 58
1 1 1 -9 4.69 74
3 1 1 -9 3.37 69
2 914 1 -9 4.8 70
2 1061 1 -9 6.94 84
2 852 1 -9 3.37 62
2 1060 1 -9 5.6 76
1 419 2 -9 1 48
3 1 1 -9 1.7 53
1 1 2 -9 4.29 69
3 1 1 -9 1.3 49
1 1 2 -9 2.7 61
2 1022 1 -9 3.8 66
2 672 1 -9 5.96 75
3 619 1 -9 2.72 61
1 273 2 -9 1.97 52
1 10 1 -9 2.96 64
1 24 2 -9 4.2 76
1 497 1 -9 1.78 54
2 823 2 -9 2.62 60
2 724 2 -9 6.3 69
1 529 2 -9 1.19 49
2 990 2 -9 2.9 62
1 387 1 -9 1.48 52
3 607 2 -9 4 68
1 508 2 -9 2.86 63
1 483 1 -9 5.18 71
1 486 1 -9 3.08 67
3 1 2 -9 4.9 75
3 1 2 -9 2.7 62
3 1 2 -9 2.9 63
1 65 2 -9 6.8 78
1 100 1 -9 4 70
1 1 1 -9 2.76 61
1 1 2 -9 3.37 61
3 1037 1 -9 -9 59
1 1 2 -9 3.15 61
2 875 2 -9 4 71
2 847 1 -9 4.44 68
3 741 2 -9 3.4 66
1 1 2 -9 1.43 51
2 896 2 -9 8.2 85
3 647 1 -9 2.79 63
2 1100 1 -9 3.8 59
1 1 2 -9 2.54 59
1 1 2 -9 3.54 68
1 1 2 -9 2.48 60
2 970 2 -9 3.7 63
2 973 2 -9 3.2 65
1 196 2 -9 2.8 62
3 945 1 -9 4.38 68
3 637 2 -9 1.78 55
1 255 2 -9 1.61 52
1 216 2 -9 1.9 53
1 130 2 -9 2.4 56
3 731 2 -9 3.64 66
1 311 2 -9 4.4 67
1 172 1 -9 3.3 63
2 1171 1 -9 6.83 81
3 801 1 -9 6.27 82
1 329 2 -9 5.8 73
2 1034 2 -9 1.74 53
2 1190 2 -9 3.8 67
1 372 2 -9 3.6 63
1 407 1 -9 3.3 65
1 1 2 -9 6.43 77
1 1 1 -9 6.33 82
1 44 1 -9 1.46 52
1 281 1 -9 2.8 65
3 1 2 -9 2.14 57
3 1 1 -9 1.84 54
3 1 2 -9 2.04 57
1 1 1 -9 2.7 61
2 669 1 -9 3.6 68
2 837 1 -9 -9 60
2 878 2 -9 2.45 58
2 654 2 -9 4.32 70
1 1 2 -9 4.69 73
3 961 2 -9 9 95
3 1 2 -9 2 57
3 1 2 -9 2.2 57
1 388 2 -9 4.28 69
2 955 1 -9 2.13 59
3 1 1 -9 5.51 75
1 1 1 -9 3.72 68
1 1 1 -9 4.8 68
2 974 1 -9 3.7 66
2 969 1 -9 2.4 59
1 212 1 -9 6.9 84
1 1 1 -9 4.45 73
3 674 2 -9 2.18 59
1 204 2 -9 2.6 61
1 258 1 -9 1.3 49
1 220 1 -9 2.3 57
3 667 1 -9 12.74 93
1 530 2 -9 3.35 79
1 461 1 -9 1.12 46
1 124 1 -9 4 68
2 856 1 -9 7.5 81
1 76 1 -9 -9 66
1 67 1 -9 2.1 58
3 772 1 -9 5.78 64
2 900 1 -9 4.8 71
1 485 2 -9 2.24 62
2 1134 1 -9 3.25 65
2 1045 2 -9 4.7 72
2 1062 1 -9 5.58 74
2 561 2 -9 0.96 46
1 1 2 -9 2.17 56
1 1 1 -9 2.37 58
2 974 1 -9 6.4 79
2 968 1 -9 2.6 67
3 1 1 -9 4.49 71
2 1151 1 -9 4.68 69
2 949 2 -9 5.07 73
3 637 2 -9 3.5 63
1 179 1 -9 1.48 51
3 662 2 -9 1.8 56
1 307 2 -9 5.3 77
1 119 2 -9 1.6 53
3 865 1 -9 1.9 54
2 991 1 -9 4.7 72
1 475 1 -9 2.66 63
2 906 1 -9 2 53
2 1105 2 -9 6.68 78
1 1 2 -9 4.08 70
1 1 2 -9 3.27 66
1 95 1 -9 0.9 41
1 352 1 -9 1.4 51
1 313 1 -9 4.1 65
1 1 1 -9 4.29 65
3 1040 2 -9 -9 45
3 1 1 -9 2.55 63
2 1184 2 -9 2.95 66
1 1 1 -9 1.02 46
1 1 2 -9 6.53 83
1 1 1 -9 7.86 86
3 1 2 -9 2.6 62
1 1 2 -9 4.08 68
1 308 1 -9 3.6 66
1 1 2 -9 2.95 57
3 748 1 -9 9.16 85
1 1 2 -9 4.9 71
3 946 1 -9 3.21 64
1 1 2 -9 3.27 61
1 21 2 -9 2.7 70
3 864 2 -9 6.4 77
1 398 2 -9 0.88 42
2 1019 1 -9 2.2 60
1 454 1 -9 2.12 50
1 414 1 -9 0.94 45
2 1133 2 -9 1.73 54
1 48 1 -9 2.8 63
1 54 2 -9 1 48
1 53 2 -9 1.9 56
3 1069 2 -9 2 52
2 1075 1 -9 2.1 54
3 1 1 -9 3.37 65
3 1 2 -9 7.45 79
1 1 2 -9 11.1 88
3 644 2 -9 3.38 67
3 642 1 -9 2.26 59
1 224 2 -9 2.02 56
3 980 2 -9 2.8 70
2 848 1 -9 5.05 70
2 1000 2 -9 5.3 74
1 1 1 -9 3.27 65
1 1 2 -9 1.84 52
1 1 1 -9 9.18 89
1 1 2 -9 2.04 57
3 829 2 -9 1.72 54
1 1 1 -9 2.04 58
1 1 2 -9 3.88 69
2 756 1 -9 7.01 78
3 1162 1 -9 4.8 75
3 1 1 -9 12.2 103
2 1112 2 -9 2.42 57
3 760 2 -9 1.5 53
1 1 2 -9 4.49 79
1 143 2 -9 2.2 61
1 1 2 -9 3.8 65
1 412 2 -9 2.46 60
2 579 2 -9 2.02 57
3 1140 1 -9 2.16 60
1 130 2 -9 3.7 69
1 117 2 -9 4.4 70
2 1080 2 -9 3.02 59
3 866 2 -9 1.6 53
1 92 2 -9 -9 59
1 477 2 -9 1.62 54
1 365 2 -9 4 70
2 1176 1 -9 1.97 54
3 1126 1 -9 3.24 66
1 511 1 -9 2.54 61
1 28 2 -9 3.2 66
3 1 2 -9 9.4 89
3 1 1 -9 1.83 55
1 351 2 -9 2.4 60
1 1 2 -9 3.57 63
1 1 2 -9 2.3 55
1 337 1 -9 2.82 67
2 875 1 -9 5.5 76
2 878 1 -9 6.6 74
2 876 2 -9 1.8 57
3 1 1 -9 1.63 51
1 1 2 -9 9.08 98
3 1 2 -9 9.8 93
1 1 1 -9 2.76 63
1 1 2 -9 4.39 70
2 736 1 -9 1.81 54
3 1 1 -9 2 54
3 1 1 -9 7.24 80
3 1 1 -9 3.27 66
1 443 2 -9 2.28 56
1 1 1 -9 2.5 61
1 192 1 -9 4 67
3 670 1 -9 5.45 67
3 707 1 -9 2.1 57
1 489 2 -9 3.5 66
3 1208 2 -9 2.13 57
1 15 1 -9 3.4 63
2 908 1 -9 5.32 72
3 1110 1 -9 2.62 62
1 1 1 -9 2.24 62
1 414 1 -9 1.9 50
3 1 1 -9 3.5 65
3 1 1 -9 2.14 56
2 845 1 -9 5.18 72
2 623 2 -9 1.59 56
1 1 1 -9 3.16 65
3 1 2 -9 6.33 82
2 973 2 -9 1.8 55
2 951 2 -9 7.63 81
1 207 1 -9 3.3 65
1 214 2 -9 3 45
3 664 1 -9 2.5 62
1 251 1 -9 3.8 65
3 860 2 -9 2.3 58
2 791 1 -9 6.4 79
2 790 1 -9 3.1 64
3 930 1 -9 6.2 72
1 517 2 -9 2.82 60
2 1032 1 -9 2.41 56
1 1 2 -9 3.57 74
1 1 2 -9 2.04 55
3 1 1 -9 3.8 71
3 1 2 -9 2.4 59
3 1 1 -9 4.5 73
3 1 2 -9 7.7 86
2 1117 2 -9 2.4 57
2 1137 2 -9 4.29 66
1 1 2 -9 2.04 53
1 36 2 -9 2.42 58
3 976 2 -9 1.5 49
3 1 2 -9 4.69 70
1 1 2 -9 3.88 67
3 1 2 -9 2.8 62
1 262 2 -9 2.58 59
1 267 1 -9 6.1 75
1 390 1 -9 3.64 66
2 1174 2 -9 2.61 62
1 402 1 -9 3.05 63
1 331 1 -9 6.2 78
1 239 1 -9 1.22 49
1 1 1 -9 5.61 76
1 1 1 -9 2.04 57
1 1 2 -9 3.98 61
3 1 1 -9 7.2 86
3 1 1 -9 10.5 94
3 1 1 -9 2.5 61
1 101 1 -9 3.3 66
1 1 1 -9 3.57 66
1 504 2 -9 1.4 50
1 225 2 -9 1.8 58
3 757 2 -9 1.82 53
1 31 2 -9 2.63 65
2 877 1 -9 3.75 70
2 875 1 -9 2.8 61
2 914 1 -9 3.2 62
2 999 1 -9 5.2 75
1 1 1 -9 2.76 62
3 1 2 -9 2.65 61
1 1 2 -9 3.37 67
2 738 2 -9 2.73 62
3 1 2 -9 4.69 70
1 323 1 -9 2.6 62
3 1 1 -9 7.5 87
2 1115 1 -9 1.96 57
3 748 1 -9 8.9 91
3 688 1 -9 3.79 69
2 729 1 -9 2.06 57
1 1 1 -9 5.8 75
1 272 2 -9 2.69 58
3 570 2 -9 3.56 68
1 162 1 -9 2.4 60
1 157 1 -9 4 63
1 252 2 -9 5.9 72
3 862 1 -9 3.6 65
1 117 1 -9 1 44
1 361 2 -9 3.8 68
3 867 1 -9 6.4 76
3 865 1 -9 4.1 67
3 865 1 -9 4.4 69
2 588 2 -9 2.15 59
2 786 2 -9 6.4 82
3 1 1 -9 2.4 61
3 1 1 -9 2.7 61
2 1035 2 -9 1.62 52
1 4 2 -9 2.3 57
1 1 2 -9 1.84 51
1 232 2 -9 1.91 56
3 977 2 -9 3.3 64
3 1082 1 -9 1.32 52
1 1 1 -9 3.16 64
1 1 1 -9 1.43 48
3 1 1 -9 11.22 96
1 1 2 -9 6.02 80
1 1 1 -9 5.66 75
2 705 1 -9 1.6 53
1 1 2 -9 3.32 63
3 684 1 -9 4.03 69
3 675 2 -9 2.56 61
1 81 1 -9 2.2 55
3 636 1 -9 11.3 93
1 144 1 -9 7.3 76
1 140 1 -9 1.1 50
1 298 1 -9 7.8 84
2 719 1 -9 4.2 73
1 410 1 -9 2.8 63
1 345 2 -9 3.8 66
3 859 2 -9 1.3 51
3 1201 1 -9 1.38 50
2 1174 2 -9 4.76 69
2 1187 1 -9 2.8 56
2 781 1 -9 4.2 72
3 1 2 -9 2.4 63
3 1 2 -9 2.35 58
2 1183 1 -9 3.08 64
1 434 2 -9 2.54 59
1 1 2 -9 3.47 68
1 1 1 -9 5.61 75
3 1 1 -9 1.8 57
2 1158 2 -9 4.37 66
1 1 2 -9 2.77 63
1 1 2 -9 3.03 60
1 1 2 -9 3.02 62
3 767 1 -9 3.92 73
3 639 1 -9 9.36 92
1 428 2 -9 2.39 58
1 135 2 -9 3.6 61
1 347 1 -9 1.7 56
1 112 2 -9 1.4 51
3 1208 2 -9 3.75 66
3 866 1 -9 2.4 58
2 583 1 -9 7.57 83
2 1175 1 -9 4.01 71
1 514 2 -9 1.88 54
1 373 1 -9 4.8 79
2 1092 2 -9 3.4 66
1 97 1 -9 1.9 55
3 1 2 -9 2.45 60
3 1 1 -9 6.12 80
3 641 1 -9 4 72
3 643 2 -9 5.62 76
1 231 1 -9 2.5 58
1 450 1 -9 7.82 81
3 1 2 -9 7.96 80
1 1 2 -9 2.24 57
1 1 2 -9 2.86 65
2 952 1 -9 4.03 68
3 1 1 -9 4.54 72
3 768 2 -9 1.76 56
1 432 1 -9 1.81 54
1 193 1 -9 3 62
2 1152 2 -9 2.8 60
1 221 1 -9 2.2 80
1 269 1 -9 2.74 61
1 1 1 -9 3.1 63
1 499 2 -9 2.98 70
2 562 2 -9 4.06 67
2 590 2 -9 3.31 65
2 588 1 -9 6.23 77
1 478 1 -9 2.66 64
1 469 2 -9 1.16 46
1 400 2 -9 2.38 62
1 373 1 -9 1.2 48
1 1 2 -9 1.33 50
1 1 2 -9 2.35 57
2 1091 1 -9 4.5 72
3 1 2 -9 1.94 56
2 596 2 -9 2.48 62
2 1180 1 -9 5.17 75
2 876 2 -9 1 48
2 852 2 -9 7.07 75
1 534 2 -9 2 58
1 1 2 -9 1.94 53
1 1 2 -9 1.63 51
1 310 1 -9 4.1 70
3 1 2 -9 2.4 57
3 1 1 -9 2 58
3 1 1 -9 2.8 66
1 1 2 -9 5.68 78
2 954 1 -9 3.89 68
1 1 1 -9 6.53 76
1 82 2 -9 3.25 63
1 367 2 -9 1.9 54
3 867 2 -9 4.9 64
3 1 2 -9 1.4 52
1 1 1 -9 1.84 51
3 1 1 -9 2.04 56
3 1 2 -9 3.88 67
2 1096 1 -9 3.18 62
2 839 1 -9 3.57 65
2 875 1 -9 2.1 59
1 1 1 -9 9.39 85
3 1 1 -9 2.1 55
3 613 2 -9 2.62 60
1 432 1 -9 4.16 71
1 426 1 -9 1.62 52
1 413 2 -9 7.5 80
1 1 2 -9 3.21 62
1 255 1 -9 3.09 64
1 23 2 -9 2.5 68
2 821 1 -9 0.88 43
3 568 1 -9 3.79 71
1 520 1 -9 4.01 66
3 1143 1 -9 2.88 64
2 1132 2 -9 1.2 48
3 867 2 -9 3.2 62
1 92 2 -9 -9 63
1 464 2 -9 3.12 62
2 1166 1 -9 2.92 62
3 928 1 -9 4.35 76
1 326 1 -9 1.2 54
1 26 1 -9 3.2 67
1 48 2 -9 4.4 67
2 1050 2 -9 2.7 65
3 1094 1 -9 3.61 65
3 758 1 -9 3.5 65
2 794 1 -9 5.55 73
2 1066 2 -9 4.53 69
2 876 1 -9 6 79
2 837 1 -9 -9 54
1 1 1 -9 4.08 68
1 507 2 -9 5.56 78
1 1 1 -9 1.63 53
3 1 1 -9 1.6 53
1 308 2 -9 4.1 64
3 1 2 -9 6.3 81
1 1 2 -9 4.11 71
3 1213 1 -9 9.02 92
3 1 1 -9 1.94 54
1 443 2 -9 4.76 75
1 134 2 -9 2.6 57
2 671 1 -9 2.42 60
1 347 1 -9 1.75 57
1 151 1 -9 2.8 62
1 180 2 -9 2.86 64
1 118 2 -9 2.3 58
1 129 2 -9 4.5 71
1 533 1 -9 3.97 69
3 866 1 -9 3.8 60
1 17 2 -9 2.6 60
2 1172 2 -9 2.06 56
1 63 2 -9 4.6 69
1 104 2 -9 1.88 56
1 111 1 -9 1.81 55
3 1 2 -9 3.3 69
3 1 1 -9 9.3 96
1 315 1 -9 1.86 55
1 225 2 -9 3.4 64
3 1 1 -9 3.47 66
3 1 2 -9 1.53 51
3 1 1 -9 6.3 81
3 1 2 -9 2.55 58
3 1083 2 -9 1.4 47
3 1084 2 -9 3.5 66
2 877 1 -9 3.45 66
2 1001 1 -9 3.9 70
1 1 2 -9 3.67 67
3 741 1 -9 3.2 64
2 889 1 -9 4.2 69
2 889 2 -9 7.2 85
2 1009 1 -9 3.65 68
1 191 1 -9 2.31 58
3 1212 1 -9 1.54 52
3 1 1 -9 2.45 62
1 421 2 -9 2.98 64
3 690 1 -9 4.67 73
1 14 2 -9 3.18 61
1 10 1 -9 6.62 79
1 181 2 -9 1.32 51
1 158 2 -9 2 57
3 1146 1 -9 1.96 57
2 1223 1 -9 6.8 77
3 812 2 -9 4.88 70
1 526 1 -9 3.89 70
1 176 1 -9 4 63
3 932 1 -9 3.4 65
1 325 2 -9 3.2 61
3 1 1 -9 12.4 100
1 97 2 -9 3.3 61
3 1 2 -9 1.94 58
3 1 2 -9 7.14 82
3 1 1 -9 6.53 83
3 1090 1 -9 6.4 74
3 1 1 -9 3.67 70
2 878 1 -9 10.8 90
2 1056 2 -9 6.4 76
1 1 1 -9 3.06 64
3 1 2 -9 4.9 74
1 1 2 -9 5.31 77
3 1 1 -9 2.24 57
1 1 1 -9 2.86 60
3 1 2 -9 3.2 67
3 611 1 -9 -9 78
3 1 2 -9 2.8 80
1 1 2 -9 4.05 70
1 1 1 -9 2.47 59
3 742 2 -9 1.14 47
1 78 1 -9 1.61 51
2 1221 1 -9 5.02 73
2 858 1 -9 4.2 70
2 874 2 -9 3.5 62
1 465 1 -9 2.42 60
2 1170 1 -9 3.92 69
1 509 1 -9 2.06 59
1 1 1 -9 1.84 53
1 296 1 -9 2.8 59
3 1 2 -9 6.4 82
3 1 2 -9 6 84
3 1 1 -9 11 95
2 1138 1 -9 4.38 69
1 359 1 -9 1.11 47
1 103 1 -9 0.8 41
3 799 2 -9 2.6 60
3 1 1 -9 2.24 56
3 1039 2 -9 -9 69
3 1 2 -9 3.37 65
1 1 2 -9 2.7 57
3 1 1 -9 2.35 62
3 1 1 -9 3.67 70
2 599 1 -9 5.88 76
1 445 2 -9 2.26 58
2 629 2 -9 3.31 65
1 1 2 -9 1.73 55
1 381 2 -9 1.15 50
1 324 1 -9 1.12 46
1 242 1 -9 3 56
1 288 1 -9 3.22 58
1 152 2 -9 2.5 62
1 350 1 -9 2.8 65
1 1 1 -9 4.08 67
2 825 2 -9 8.92 84
2 567 2 -9 2.38 69
1 68 2 -9 4.5 74
1 375 2 -9 2 53
1 11 2 -9 2.5 60
2 1004 1 -9 3.09 62
1 505 2 -9 4 71
2 1058 2 -9 7.2 80
2 624 1 -9 7.02 80
1 1 2 -9 2.35 61
3 1 2 -9 2.35 60
1 1 1 -9 1.84 57
3 1 2 -9 3.1 65
3 1164 2 -9 1.9 53
3 1 1 -9 5.6 79
3 1 1 -9 5.61 76
1 1 2 -9 3.85 69
1 1 2 -9 1.03 45
1 1 1 -9 2.57 65
1 189 2 -9 2.96 64
3 1214 2 -9 1.22 48
2 1068 2 -9 1.4 50
1 1 2 -9 3.6 65
1 203 2 -9 5.6 76
1 204 1 -9 2.2 59
3 867 1 -9 3.3 63
3 867 2 -9 4.2 70
1 511 2 -9 0.62 37
1 292 1 -9 2.4 59
2 1186 1 -9 3.4 63
1 1 2 -9 1.53 53
1 1 1 -9 10.2 90
1 1 1 -9 2.5 57
2 875 1 -9 3.3 66
2 878 1 -9 2.2 58
2 625 1 -9 5.66 75
1 1 1 -9 3.67 68
3 1 2 -9 4.18 68
1 1 2 -9 6.64 76
1 1 1 -9 3.45 65
3 1 2 -9 2.55 59
3 682 2 -9 3.1 65
3 686 1 -9 4.08 72
1 205 2 -9 1.3 50
1 273 2 -9 2.68 59
1 9 2 -9 1.18 47
1 177 2 -9 4.22 72
3 867 2 -9 2.6 61
1 174 1 -9 1.7 50
3 609 2 -9 1.16 49
1 168 1 -9 3.4 66
1 1 2 -9 2.45 61
3 1 1 -9 2 37
1 98 1 -9 1.4 52
1 101 2 -9 6.4 76
1 360 2 -9 1.17 47
1 1 1 -9 1.43 53
3 1 1 -9 2.6 60
3 1 1 -9 2.45 58
2 1098 2 -9 4.8 67
2 849 1 -9 4.71 67
2 878 2 -9 1.8 55
2 623 2 -9 3.69 68
1 1 1 -9 4.39 71
2 735 2 -9 1.78 54
3 1 2 -9 4.9 73
1 380 1 -9 2.72 65
3 542 2 -9 3.8 69
3 1218 2 -9 2.04 54
1 253 1 -9 1.65 54
3 652 1 -9 7.4 80
1 145 1 -9 3.7 67
1 263 1 -9 3.04 68
1 160 2 -9 3.8 68
2 566 1 -9 2.76 63
3 1150 2 -9 5.12 72
2 1080 2 -9 1.02 46
3 1194 2 -9 1.8 55
3 1195 1 -9 4 70
3 865 1 -9 3.3 68
3 1129 2 -9 4.7 73
1 1 2 -9 2.45 49
3 1 2 -9 2.4 58
2 621 2 -9 5.12 73
1 1 2 -9 5.92 75
1 1 1 -9 2.9 62
2 1097 2 -9 3.2 63
1 33 1 -9 2.35 54
2 630 2 -9 3.98 66
3 1 1 -9 2.45 59
3 890 1 -9 2.7 62
3 1 1 -9 2.2 59
3 543 2 -9 3.15 66
1 426 2 -9 1.7 54
1 60 1 -9 5.6 73
1 1 1 -9 5.31 77
1 242 1 -9 4 71
2 939 2 -9 1.38 54
1 178 2 -9 1.94 57
3 667 2 -9 2.23 57
3 1145 2 -9 1.68 53
1 415 1 -9 3.4 64
1 279 2 -9 1.75 52
1 480 2 -9 4.55 71
2 907 2 -9 2.11 54
2 808 1 -9 3.38 64
1 401 2 -9 1.31 51
2 787 1 -9 4.7 77
1 487 1 -9 1.77 53
1 1 2 -9 2.76 63
1 40 2 -9 1.19 49
3 1 1 -9 10.82 93
2 1122 1 -9 3.7 66
3 1 2 -9 2.55 60
3 977 1 -9 6.5 80
2 796 1 -9 7.53 82
2 877 1 -9 3.9 70
2 877 1 -9 5.4 76
1 34 1 -9 3.5 82
2 847 1 -9 3.27 61
2 558 2 -9 3.46 67
1 1 2 -9 1.73 49
2 751 2 -9 5.16 80
3 1 1 -9 13.47 101
1 1 2 -9 3.4 62
3 1 2 -9 1.1 45
3 761 1 -9 1.6 51
1 428 2 -9 1.11 49
2 1023 1 -9 5.5 73
3 601 1 -9 9 86
1 336 2 -9 3.2 66
1 22 1 -9 2.7 77
1 158 1 -9 2 56
3 819 1 -9 2.04 55
1 250 2 -9 2.6 59
3 1206 1 -9 1.6 55
2 989 1 -9 2.9 61
2 804 2 -9 2.67 55
3 926 1 -9 1.95 60
1 241 1 -9 1.48 53
3 1 2 -9 2.6 61
3 1 2 -9 3.2 64
3 1 1 -9 1.9 54
3 1 2 -9 3.06 64
1 1 1 -9 3.6 57
3 911 1 -9 1.2 54
2 842 1 -9 1.83 55
2 1059 1 -9 2.8 63
1 1 2 -9 2.04 60
3 1 2 -9 3.5 71
2 754 2 -9 2.31 59
2 970 1 -9 2.3 57
3 633 2 -9 8.4 87
1 1 1 -9 2.7 52
2 1030 2 -9 1.26 48
1 183 2 -9 2.13 58
1 349 1 -9 5.3 72
1 150 1 -9 4.3 69
1 499 1 -9 2.16 58
1 251 2 -9 13.2 90
1 128 1 -9 0.65 41
1 115 1 -9 2.3 70
2 987 1 -9 9.8 87
1 338 1 -9 3 62
1 173 1 -9 1.9 52
1 62 1 -9 4.8 73
1 169 1 -9 1.8 53
1 455 1 -9 4.37 73
1 384 2 -9 1.38 42
3 1 1 -9 1.86 63
2 922 1 -9 1.79 66
1 3 1 -9 1.36 51
1 1 2 -9 3.16 61
1 1 2 -9 2.24 50
3 1 1 -9 1.8 57
3 1 1 -9 1.33 48
1 231 2 -9 3.6 66
2 797 1 -9 2.06 56
2 877 1 -9 2 57
1 446 2 -9 1.94 59
1 1 2 -9 2.76 62
3 1 1 -9 3.67 67
3 1 2 -9 1.69 53
3 765 2 -9 3.47 71
2 673 2 -9 2.96 65
3 685 1 -9 7.6 82
1 185 2 -9 2.3 58
3 721 1 -9 3.2 66
3 1146 2 -9 2.76 58
2 825 2 -9 3.62 66
1 500 1 -9 2.06 58
1 495 2 -9 2.36 61
1 127 1 -9 1 48
3 1197 2 -9 1.8 55
2 990 1 -9 3.2 60
1 465 2 -9 2.52 62
2 1018 1 -9 2.8 64
2 919 1 -9 5.13 70
3 1 1 -9 1.73 54
2 1121 2 -9 4.42 67
3 1 1 -9 2.96 62
3 1 2 -9 3.3 70
2 1178 1 -9 4.99 77
2 876 1 -9 4.1 73
2 848 2 -9 5.03 71
1 1 2 -9 4.08 73
1 1 2 -9 2.14 58
1 1 1 -9 2.35 58
3 1 1 -9 6.7 80
2 897 2 -9 4.2 71
3 1 2 -9 5.71 81
1 1 2 -9 1.95 54
2 965 2 -9 3.6 67
2 971 2 -9 3.3 66
1 1 2 -9 5.51 69
3 1214 1 -9 8.18 75
2 942 2 -9 4.92 70
2 575 1 -9 3.06 64
2 873 1 -9 1.8 54
2 873 2 -9 3.7 63
1 391 2 -9 1.3 67
1 305 2 -9 -9 74
1 453 1 -9 6.03 72
1 535 1 -9 0.46 35
3 1054 1 -9 4.4 69
2 923 2 -9 1.49 58
1 320 1 -9 2 55
1 358 1 -9 3.68 68
1 1 1 -9 2.86 62
3 798 2 -9 6.6 80
1 1 2 -9 5.4 74
1 1 1 -9 5.6 78
3 1 2 -9 4.29 74
2 877 2 -9 6.8 84
2 850 2 -9 3.84 65
2 876 2 -9 6 81
3 1 1 -9 1.94 54
1 1 2 -9 2.96 67
3 1 2 -9 2.3 60
3 1 2 -9 2.8 61
3 1 2 -9 8.78 87
2 966 1 -9 5.6 74
1 142 1 -9 5.3 72
1 153 2 -9 4.6 66
2 578 2 -9 2.37 61
1 396 2 -9 1.6 55
1 249 1 -9 2.4 61
1 525 2 -9 3.85 74
1 488 2 -9 2.6 58
2 984 1 -9 2.9 61
2 989 2 -9 3.8 64
2 910 1 -9 3.4 65
2 786 1 -9 3.5 67
1 455 2 -9 2.28 58
1 210 2 -9 2.7 64
1 1 2 -9 5 70
2 875 1 -9 3.4 65
2 1064 1 -9 3.1 65
2 626 2 -9 1.57 51
1 1 2 -9 3.16 64
2 560 2 -9 6.04 78
1 1 2 -9 3.67 74
2 752 2 -9 2.16 58
3 1 2 -9 3.57 66
3 1 1 -9 3.98 69
2 698 1 -9 3.6 67
1 1 1 -9 5.31 71
3 1 2 -9 2.04 52
3 762 1 -9 5.4 75
3 632 1 -9 3.1 67
3 618 1 -9 6.26 77
3 709 2 -9 4.7 74
3 538 1 -9 3.2 64
3 665 1 -9 2.5 61
2 726 1 -9 3.6 57
3 867 2 -9 2.7 57
2 1106 1 -9 2.6 60
2 1165 2 -9 5.22 75
1 233 1 -9 8.4 81
1 368 1 -9 6.8 94
3 1 2 -9 1.91 57
3 1 1 -9 11.6 100
1 1 1 -9 3.16 66
3 1070 1 -9 4.6 71
3 641 1 -9 3.8 68
3 1082 2 -9 2.5 58
2 1058 1 -9 5.4 72
1 1 2 -9 5.61 79
1 1 1 -9 2.86 65
1 1 2 -9 2.05 59
2 702 1 -9 3.6 64
2 697 2 -9 5 77
3 1209 1 -9 1.5 50
1 1 2 -9 2.7 63
2 728 1 -9 4.56 67
3 938 1 -9 9.07 90
2 948 2 -9 2.47 55
2 711 2 -9 3 59
1 38 1 -9 4.34 67
1 345 2 -9 4.2 68
1 1 2 -9 1.8 54
1 128 2 -9 1.2 48
1 72 1 -9 -9 89
1 1 2 -9 5.1 79
2 1013 2 -9 4.9 73
3 1 2 -9 2.8 63
3 1 2 -9 1.7 54
1 355 1 -9 2.26 59
1 404 2 -9 1.6 49
1 314 2 -9 2.3 61
1 1 2 -9 2.45 56
2 1006 2 -9 2.45 59
2 853 2 -9 3.69 64
3 831 1 -9 4.64 74
2 755 2 -9 4.52 72
1 1 2 -9 2.3 55
1 1 2 -9 3.56 65
3 680 1 -9 4.82 72
3 706 1 -9 -9 51
1 139 2 -9 3.2 65
1 264 2 -9 1.03 44
2 1028 2 -9 1.38 50
1 187 1 -9 2.4 61
1 220 2 -9 2.8 58
2 580 2 -9 2.08 58
1 9 2 -9 2.4 56
2 817 2 -9 3.04 63
2 1173 1 -9 3.82 70
1 332 2 -9 4 72
2 790 1 -9 5.5 78
3 1055 2 -9 3.2 59
1 374 2 -9 2.6 61
2 1118 1 -9 3.3 61
2 621 1 -9 6.96 80
1 314 2 -9 2.2 60
1 1 2 -9 9.08 90
1 1 2 -9 3.5 65
3 1 1 -9 1.63 58
3 1 1 -9 3.47 64
3 1 2 -9 2.96 61
2 838 2 -9 2.91 60
2 694 2 -9 9 80
2 895 1 -9 1.9 60
3 764 2 -9 2.92 67
1 1 1 -9 4.49 70
3 634 2 -9 5.7 73
1 183 2 -9 1.71 54
1 161 2 -9 2.1 53
2 823 1 -9 1.86 55
1 124 1 -9 1.2 50
3 872 1 -9 4.7 70
1 62 2 -9 3.2 65
1 518 1 -9 2.78 69
1 484 2 -9 0.88 43
1 295 1 -9 6.8 79
3 1 2 -9 2.1 57
2 1052 1 -9 1.5 52
3 1 1 -9 3.7 72
3 1 2 -9 6.1 74
2 782 1 -9 7.1 68
3 1 1 -9 8.2 87
1 1 2 -9 1.4 50
3 1 1 -9 2.04 56
3 1 1 -9 2.24 56
1 1 2 -9 3.4 63
3 1 2 -9 2.35 58
2 794 1 -9 2.23 60
2 875 2 -9 3.5 67
2 881 2 -9 3.8 71
2 855 1 -9 4.34 68
1 409 2 -9 0.91 43
3 831 1 -9 6.36 79
1 1 2 -9 1.84 55
1 1 1 -9 5.62 76
3 761 1 -9 1.8 54
3 602 1 -9 3.2 62
1 85 1 -9 2.4 57
1 84 1 -9 2.9 63
1 348 1 -9 1.05 51
3 571 1 -9 2.76 61
1 498 1 -9 3.24 65
3 1144 2 -9 4.22 70
3 662 2 -9 1.2 46
1 87 1 -9 -9 58
1 73 2 -9 -9 81
3 866 2 -9 2.4 60
3 770 1 -9 5.99 76
3 1020 1 -9 1.8 57
1 27 2 -9 3.7 65
1 1 2 -9 6.53 82
1 1 2 -9 2.04 47
2 779 2 -9 1.2 53
1 1 2 -9 3.88 67
3 1 2 -9 8.76 86
1 408 1 -9 3.5 69
1 1 2 -9 5 76
3 1 2 -9 2.55 62
1 309 2 -9 3.3 60
3 1 1 -9 7.04 84
2 966 2 -9 5.2 73
1 200 2 -9 1 47
1 271 2 -9 3.32 61
3 537 1 -9 6.05 80
3 664 1 -9 1.7 56
1 488 2 -9 2.4 56
1 500 2 -9 3.06 64
1 522 2 -9 1.85 54
1 458 2 -9 2.58 62
1 278 2 -9 3.71 66
3 867 2 -9 5.3 73
1 366 2 -9 3.2 66
1 470 1 -9 5.74 75
1 518 2 -9 3.18 67
1 1 1 -9 9.18 91
1 506 1 -9 1.16 47
3 1 1 -9 4.2 74
1 1 2 -9 3.57 64
1 1 2 -9 2.14 56
3 1 1 -9 2.45 63
3 1 2 -9 2.45 60
3 1 1 -9 5.2 77
3 1 1 -9 6.02 78
3 1 1 -9 1.53 51
2 1182 2 -9 1.57 52
3 645 1 -9 3.96 69
1 444 2 -9 2.16 60
2 878 2 -9 2.45 61
2 559 2 -9 3.65 68
1 1 2 -9 1.63 52
1 1 1 -9 3.27 68
3 1 1 -9 8.47 90
3 833 2 -9 4.24 52
1 388 2 -9 1.42 53
1 1 1 -9 3.05 62
1 1 1 -9 3.04 63
1 1 2 -9 3.18 64
1 134 2 -9 3.2 59
3 685 1 -9 3.48 66
3 620 1 -9 7.62 78
1 145 1 -9 3.9 68
2 1221 1 -9 3.88 68
3 883 2 -9 9.2 92
1 524 2 -9 2.83 62
3 1204 1 -9 1.35 51
2 993 1 -9 10.8 91
1 391 2 -9 3.49 50
2 802 2 -9 4.74 70
2 713 2 -9 2.65 58
1 1 2 -9 2.96 63
2 1052 1 -9 2.8 62
2 1035 2 -9 1.6 52
3 1 1 -9 2.8 63
1 352 2 -9 1.96 54
3 976 1 -9 3.3 66
2 796 2 -9 5.45 72
2 876 1 -9 3.5 70
2 886 1 -9 4.1 65
2 1008 1 -9 2.72 61
2 704 1 -9 2 51
1 1 1 -9 2.81 61
3 1 1 -9 1.63 54
1 1 2 -9 7.65 80
3 944 2 -9 3.35 66
1 287 2 -9 3.06 60
2 576 1 -9 5.05 76
1 7 2 -9 1.22 49
1 1 2 -9 4.59 71
3 812 1 -9 2.06 52
3 1205 1 -9 1.96 55
3 866 1 -9 2.1 59
1 1 2 -9 3.67 69
1 1 1 -9 4.08 68
1 1 2 -9 3.47 66
1 226 1 -9 2.43 60
2 876 1 -9 4 71
2 1057 1 -9 5.2 76
1 254 2 -9 2.6 62
1 1 1 -9 9.69 93
3 1 2 -9 2.14 58
1 1 2 -9 3.98 69
2 737 2 -9 1.18 50
3 1 2 -9 2.24 61
3 1 1 -9 1.5 49
3 615 1 -9 10.8 90
1 1 2 -9 2.94 58
1 1 1 -9 3.59 68
1 1 1 -9 7.53 80
1 424 2 -9 3.76 70
2 948 1 -9 3.31 63
1 149 1 -9 4.9 73
1 132 2 -9 1.8 52
1 1 1 -9 2.8 62
3 720 1 -9 6.4 77
1 395 2 -9 3 62
1 526 1 -9 1.07 47
3 1128 1 -9 8.7 87
1 333 2 -9 4.4 68
1 369 1 -9 3 62
2 1116 1 -9 6.2 72
1 359 1 -9 1.13 49
1 320 2 -9 2.8 58
1 353 2 -9 1.02 46
1 42 1 -9 1.74 53
2 1049 2 -9 3.4 65
2 1095 1 -9 2.48 60
2 669 1 -9 2.4 61
2 916 1 -9 3.1 68
2 1066 2 -9 2.14 54
3 1 1 -9 1.33 50
3 1 1 -9 3.6 68
1 1 2 -9 2.21 58
1 1 2 -9 4 68
1 1 2 -9 2.3 57
2 969 1 -9 2.4 59
2 964 2 -9 6 72
1 290 1 -9 1.85 52
1 198 2 -9 3.4 62
1 1 1 -9 4.18 69
2 580 1 -9 3.66 66
1 362 1 -9 1.8 57
2 1167 1 -9 3.2 64
2 551 1 -9 1.6 50
3 1 2 -9 2.9 59
3 1 2 -9 2.8 60
3 1 2 -9 2.5 61
3 1 1 -9 2.7 63
2 1048 1 -9 4.4 69
2 877 2 -9 2.7 66
2 879 1 -9 4.4 71
1 1 1 -9 4.18 72
1 1 1 -9 3.78 66
2 897 2 -9 3.5 67
3 1163 2 -9 5.7 75
3 765 1 -9 1.87 58
1 340 1 -9 5.75 84
1 427 1 -9 1.55 52
2 1067 1 -9 2.8 62
1 60 2 -9 7.4 78
1 208 1 -9 3.6 65
1 1 2 -9 2.2 58
3 1142 2 -9 2.02 58
1 114 2 -9 1.4 53
3 1197 2 -9 1.4 49
2 585 1 -9 2.17 57
3 865 1 -9 3.6 63
2 993 1 -9 7.8 85
3 927 2 -9 8.55 82
1 1 2 -9 6.94 83
3 1 2 -9 5.5 77
1 64 1 -9 2 56
1 356 2 -9 2.5 61
1 1 1 -9 2.86 60
1 46 1 -9 5.13 68
3 1002 1 -9 2.85 63
3 1 2 -9 2.14 58
3 1036 2 -9 -9 57
3 1043 2 -9 5.5 77
3 1 1 -9 2.65 62
3 1087 1 -9 3.4 61
3 1089 1 -9 1.4 52
2 795 2 -9 4.53 65
2 879 2 -9 4.5 69
1 1 1 -9 3.67 64
2 559 2 -9 8 84
1 1 2 -9 1.53 51
1 382 2 -9 3.95 69
1 324 1 -9 2.04 58
1 1 1 -9 8.17 85
2 1101 1 -9 2 51
1 1 1 -9 3.07 62
1 1 2 -9 3.78 66
1 431 2 -9 3.2 68
3 776 1 -9 12.4 97
1 138 1 -9 6.5 79
1 184 2 -9 2.8 63
2 1077 2 -9 3.23 62
1 75 1 -9 -9 65
2 871 2 -9 4.8 62
2 899 2 -9 2.3 58
1 280 1 -9 3.5 73
3 544 1 -9 4.8 73
2 791 2 -9 5.1 76
3 1127 2 -9 3.4 66
2 1192 1 -9 5.42 73
3 1 2 -9 12.5 95
2 1120 2 -9 3.7 69
2 922 1 -9 4.21 68
1 1 1 -9 6.22 77
1 1 2 -9 3.47 61
3 1090 2 -9 2.3 56
3 1 1 -9 4.08 71
1 378 2 -9 1.38 49
1 30 2 -9 1.89 56
2 1059 2 -9 4.4 70
2 557 2 -9 1.98 56
1 1 1 -9 3.06 68
1 1 1 -9 2.24 59
3 553 1 -9 6.4 79
2 556 1 -9 1.18 47
3 1 1 -9 1.6 54
2 1011 1 -9 5.49 73
2 753 2 -9 4.08 67
3 885 1 -9 1.8 57
2 700 2 -9 3.2 63
1 142 1 -9 1.5 54
1 1 1 -9 3.3 65
3 666 2 -9 1.7 53
3 813 1 -9 1.6 51
3 866 1 -9 3.9 67
1 93 1 -9 -9 87
2 1102 2 -9 4.02 72
2 1104 1 -9 3.8 65
3 928 1 -9 3.5 65
1 515 2 -9 3 63
2 996 2 -9 8.6 80
1 111 2 -9 3.16 62
3 1 1 -9 2.7 63
3 1 1 -9 3 64
1 64 1 -9 4.7 67
1 407 1 -9 3.2 64
1 1 2 -9 9.39 81
3 1 2 -9 6.22 84
2 1097 1 -9 1.91 60
3 1 1 -9 8.4 83
3 1 2 -9 3.57 67
2 1178 2 -9 2.4 61
2 882 2 -9 3.8 68
2 1000 1 -9 6.5 80
1 1 1 -9 3.06 63
1 1 2 -9 2.76 64
1 1 1 -9 4.69 71
3 834 1 -9 2.18 56
2 554 1 -9 3.38 67
2 734 1 -9 3.99 66
2 1157 1 -9 6.44 81
1 1 1 -9 4.68 73
1 1 1 -9 5.45 72
3 689 1 -9 3.27 67
2 730 2 -9 2.58 59
1 202 2 -9 3.4 68
1 267 2 -9 2.23 58
1 116 1 -9 2.4 61
3 866 2 -9 4 67
3 903 1 -9 4.6 77
2 806 2 -9 3.18 66
1 61 1 -9 3 73
1 63 1 -9 9.6 83
3 1128 2 -9 6.2 81
3 1124 1 -9 3.1 62
2 789 2 -9 6.1 77
1 167 2 -9 4.4 72
3 1 1 -9 4 70
2 1182 2 -9 1.38 50
1 317 2 -9 3.2 66
1 1 2 -9 3.88 69
3 832 2 -9 2.18 58
1 1 2 -9 1.12 48
1 1 1 -9 2.04 55
1 1 2 -9 9.69 90
3 1 2 -9 2.45 58
2 546 1 -9 1.56 53
1 336 1 -9 1.9 51
1 350 2 -9 3.3 70
1 1 1 -9 7.04 79
3 665 1 -9 1.9 56
3 662 2 -9 1.35 50
1 415 1 -9 4.5 73
1 72 1 -9 -9 74
3 865 2 -9 2.7 60
2 994 2 -9 3 65
1 1 1 -9 11.43 99
3 1 2 -9 6.7 83
2 1136 1 -9 4.09 71
1 41 2 -9 1.28 49
3 1 2 -9 6.73 80
1 1 2 -9 7.2 75
1 1 2 -9 1.12 43
1 1 1 -9 2.14 55
1 1 2 -9 2.55 61
2 694 2 -9 4 70
3 1 2 -9 7.76 85
1 1 2 -9 2.03 60
1 253 2 -9 2.4 66
1 149 2 -9 5.1 72
1 1 2 -9 2.1 57
2 577 2 -9 3.06 63
1 247 2 -9 1.34 51
1 76 1 -9 -9 63
3 867 1 -9 1.6 51
2 985 2 -9 6.6 80
3 659 1 -9 7 78
2 781 1 -9 3.2 65
1 1 2 -9 3.37 64
1 1 2 -9 2.45 55
1 448 1 -9 3.78 70
2 850 2 -9 5.2 71
2 629 1 -9 3.12 63
1 1 2 -9 1.33 47
1 1 2 -9 4.29 71
3 1 1 -9 1.9 55
3 1 1 -9 4.3 71
3 744 2 -9 2.9 64
1 1 2 -9 5.09 72
2 1021 2 -9 3.4 66
1 277 2 -9 1.29 50
1 122 1 -9 8.2 56
1 74 1 -9 -9 77
1 286 2 -9 2.85 59
2 586 1 -9 6.35 79
1 456 1 -9 0.5 36
1 480 2 -9 2.86 65
2 901 1 -9 2.2 56
2 901 1 -9 4.9 70
3 1110 2 -9 2.04 55
1 398 2 -9 1.35 50
2 1034 1 -9 1.8 52
1 1 2 -9 1.84 49
1 319 1 -9 4.2 69
1 39 1 -9 2.9 62
2 1048 1 -9 2.3 58
2 840 1 -9 4.51 75
2 877 2 -9 4 71
2 878 1 -9 2.75 63
1 1 1 -9 2.35 57
3 1 2 -9 2.55 58
3 1 2 -9 1.6 53
2 952 2 -9 5.51 75
1 211 2 -9 3 65
1 430 2 -9 4.76 72
1 195 2 -9 2 60
1 207 2 -9 2.9 60
1 22 1 -9 2.9 73
1 496 2 -9 1.76 58
1 528 2 -9 4.34 74
2 1016 2 -9 5.2 68
1 55 2 -9 1.9 54
1 1 1 -9 5.2 73
1 1 2 -9 1.33 49
1 230 1 -9 3.84 66
1 1 2 -9 2.96 64
1 1 1 -9 3.57 68
1 1 2 -9 2.76 63
2 695 2 -9 4 65
3 723 1 -9 3.15 65
1 289 1 -9 1.02 43
1 177 2 -9 3.81 69
1 275 1 -9 2.63 59
2 579 2 -9 2.98 65
2 564 1 -9 4.56 71
3 863 1 -9 8.6 83
1 459 2 -9 2.34 57
3 1196 1 -9 1.2 48
3 870 1 -9 3.1 63
1 70 1 -9 -9 84
1 68 1 -9 3.5 68
1 286 2 -9 1.45 50
3 774 2 -9 3.92 68
3 995 1 -9 3.6 68
1 467 1 -9 7.52 81
3 927 1 -9 2.5 61
3 1 2 -9 3 63
1 96 1 -9 3.5 56
1 1 2 -9 11.53 88
1 226 2 -9 2.7 64
1 337 2 -9 6.7 82
2 693 2 -9 2.4 59
2 598 1 -9 2.06 54
1 444 2 -9 3.16 64
3 1 1 -9 1.38 48
1 1 2 -9 2.14 52
1 1 2 -9 4.9 74
3 1 1 -9 1.73 54
3 828 2 -9 2.58 60
1 1 2 -9 4.08 69
2 740 1 -9 2.35 60
3 610 1 -9 -9 78
1 1 2 -9 4.03 68
1 1 1 -9 4.13 68
3 688 2 -9 2.18 60
1 77 1 -9 3.14 64
2 943 2 -9 4.65 73
3 811 1 -9 2.62 62
1 88 2 -9 -9 54
3 866 1 -9 1.8 56
2 986 1 -9 6.4 78
1 468 2 -9 2.76 61
1 466 1 -9 1.46 59
2 1105 2 -9 2.38 57
3 800 1 -9 8.01 85
1 316 2 -9 4.6 69
1 1 2 -9 2.45 60
1 1 2 -9 3.06 63
1 65 1 -9 5.8 77
3 1070 1 -9 4.4 69
3 1085 1 -9 1.98 57
2 692 2 -9 4.5 77
1 437 2 -9 2.54 59
2 1064 2 -9 2.2 56
1 1 1 -9 3.16 64
1 1 1 -9 6.84 79
1 1 2 -9 4.8 75
3 612 1 -9 2.74 64
2 698 1 -9 2.6 61
3 1 1 -9 2.24 54
2 1067 1 -9 5.8 80
1 59 2 -9 5.6 70
1 420 1 -9 2.26 58
2 711 1 -9 1.8 56
1 277 2 -9 1.03 44
2 582 2 -9 6.4 81
1 491 1 -9 5.1 71
1 18 1 -9 5.75 75
2 1177 1 -9 2.65 63
2 810 2 -9 1.89 54
1 156 1 -9 6.4 103
2 998 2 -9 3.7 66
1 1 1 -9 1.84 55
3 1 2 -9 3.4 65
1 66 2 -9 6.5 75
1 1 2 -9 11.02 88
1 1 2 -9 1.33 52
3 1042 2 -9 1.4 51
1 1 1 -9 4.5 70
3 1 2 -9 2.86 65
1 229 2 -9 2.98 60
2 1183 1 -9 2.52 61
3 1 2 -9 1.02 45
1 441 2 -9 2.66 60
1 1 1 -9 2.24 57
1 1 2 -9 2.54 60
1 213 1 -9 4.8 70
1 266 1 -9 2.01 55
1 38 2 -9 3.92 69
1 186 2 -9 2.2 66
1 271 2 -9 3.76 63
1 270 1 -9 2.42 65
1 489 2 -9 2.92 64
3 867 1 -9 2.2 58
3 769 1 -9 2.52 62
1 17 1 -9 7.8 79
3 1109 2 -9 5.24 74
3 935 1 -9 6 73
1 452 2 -9 2.78 59
3 1 1 -9 8.1 87
2 917 2 -9 2.61 61
1 103 1 -9 2.2 56
1 285 1 -9 2.5 62
3 1003 1 -9 4.01 66
3 1 1 -9 3.37 65
2 912 2 -9 0.9 44
3 979 2 -9 2.3 58
2 913 2 -9 1.5 51
2 653 1 -9 2.79 60
2 656 2 -9 6.35 78
2 556 2 -9 2.88 63
1 1 1 -9 4.9 70
3 891 1 -9 4.9 72
3 890 1 -9 1.8 53
3 1 1 -9 2.9 65
1 1 1 -9 7.08 74
3 747 1 -9 1.1 45
3 638 1 -9 5.58 79
3 632 1 -9 8.8 88
2 947 2 -9 2.77 61
1 1 1 -9 5.7 74
1 157 1 -9 5.4 74
1 527 1 -9 4.51 80
2 1104 1 -9 3.96 67
3 785 1 -9 4.3 65
2 997 1 -9 3 66
1 165 1 -9 3.6 65
1 292 2 -9 7.5 82
2 1185 2 -9 5.4 63
1 1 2 -9 7.55 73
1 104 2 -9 2.33 58
3 1 1 -9 4.4 73
3 1 2 -9 4.4 73
3 1 1 -9 7.9 86
1 1 2 -9 3.16 60
1 1 2 -9 4.29 67
1 1 2 -9 2.76 61
1 1 2 -9 3.67 62
1 383 2 -9 2.41 42
1 1 1 -9 7 78
3 1 2 -9 2.76 62
3 1 1 -9 3.27 63
3 1084 2 -9 1.5 51
1 224 2 -9 2.51 48
1 1 2 -9 2.96 61
1 1 2 -9 3.06 64
1 1 2 -9 9.29 88
1 1 1 -9 5.41 73
3 832 1 -9 2.68 63
3 553 1 -9 3.93 65
2 894 2 -9 3.9 69
3 1 1 -9 2.86 61
2 965 2 -9 2.2 62
1 340 1 -9 4.4 78
1 427 2 -9 2.53 63
1 86 1 -9 3.8 70
1 83 1 -9 7.45 77
2 941 1 -9 1.52 54
2 943 2 -9 2.39 58
1 1 1 -9 2 55
3 539 1 -9 14.3 99
1 367 1 -9 4.9 71
1 119 1 -9 1.7 53
2 1131 2 -9 2.9 67
2 810 1 -9 2.97 62
3 691 1 -9 7.5 74
1 301 2 -9 -9 58
1 514 1 -9 3.1 64
1 485 1 -9 3.56 67
2 1051 1 -9 1.5 51
3 1 1 -9 7 83
3 1 1 -9 8 85
1 99 2 -9 4.7 71
1 49 2 -9 3.8 70
3 1 1 -9 3.98 70
2 599 1 -9 2.24 59
1 1 2 -9 9.49 91
1 1 2 -9 4.29 72
3 1 1 -9 6.7 90
1 1 1 -9 4.42 71
3 1210 1 -9 3.4 72
1 433 1 -9 3.48 70
1 59 1 -9 9.2 85
1 199 2 -9 7.6 79
1 258 1 -9 4.2 71
1 257 1 -9 1.3 50
1 1 1 -9 4.29 66
1 7 1 -9 2.16 58
1 186 1 -9 2.72 62
3 862 1 -9 7.7 85
3 1198 2 -9 2.2 55
1 247 1 -9 1.1 45
3 872 1 -9 4.3 71
3 592 1 -9 1.47 51
1 472 2 -9 2.64 61
1 390 2 -9 2.64 61
1 541 1 -9 1.58 52
2 716 1 -9 4.87 69
1 1 1 -9 10.1 77
3 1 2 -9 3.9 69
3 1 2 -9 3.9 73
1 355 2 -9 0.96 46
1 1 1 -9 5.82 76
1 1 2 -9 8.37 81
3 1 1 -9 2.24 57
3 1 2 -9 3.78 67
2 597 2 -9 8.3 86
2 878 1 -9 2.45 58
1 1 2 -9 3.27 64
1 1 2 -9 2.76 60
1 433 2 -9 2.1 59
1 424 2 -9 1.46 51
2 940 2 -9 2.48 58
1 197 2 -9 4.2 68
1 203 2 -9 3.3 63
2 1030 2 -9 3.12 60
1 348 1 -9 2.75 63
1 1 2 -9 3.57 62
3 1147 1 -9 2.76 66
1 114 2 -9 2.7 64
3 865 1 -9 2.6 60
3 605 1 -9 5.12 72
1 541 2 -9 3.98 69
1 483 1 -9 8.72 86
2 1053 1 -9 1.4 49
3 1 2 -9 4.6 73
3 1 2 -9 7.8 82
1 56 2 -9 7.9 58
1 1 1 -9 4.9 70
2 1050 2 -9 2.8 64
3 1 1 -9 3.47 64
2 622 2 -9 4.45 70
3 1 1 -9 1.48 50
1 1 1 -9 3.57 70
1 1 2 -9 5.61 76
3 835 1 -9 4.34 71
3 834 1 -9 3.2 64
3 1 2 -9 2.65 61
1 1 2 -9 3.98 71
1 1 2 -9 3.92 68
3 764 2 -9 1.86 55
1 1 2 -9 4.95 74
3 676 1 -9 1.03 45
3 902 2 -9 1.25 49
1 219 2 -9 2.1 63
1 132 2 -9 3.7 65
1 162 2 -9 1.6 52
1 159 1 -9 2.8 62
2 824 1 -9 2.52 58
1 131 1 -9 2.3 58
1 463 2 -9 1.74 57
2 858 1 -9 3.7 68
2 585 2 -9 1.96 57
3 868 1 -9 8.9 91
2 991 1 -9 4.9 70
1 479 1 -9 1.86 55
3 544 1 -9 7.6 80
1 334 2 -9 3.2 67
2 1170 1 -9 4.26 68
3 931 1 -9 2.9 61
2 1188 2 -9 2.6 57
2 1192 2 -9 3.68 64
3 1 2 -9 2.2 59
1 414 1 -9 1.32 47
3 1 1 -9 4.8 72
3 1 1 -9 7 84
1 405 1 -9 3.3 66
1 1 2 -9 5.82 79
3 1 2 -9 1.9 56
3 1 2 -9 5 74
1 378 2 -9 0.44 35
1 1 2 -9 2.65 62
1 1 1 -9 3.06 64
1 1 2 -9 1.53 46
1 1 2 -9 1.73 48
1 1 2 -9 2.14 51
1 1 1 -9 6.12 83
1 1 2 -9 5.31 77
1 1 2 -9 2.24 56
3 1 1 -9 2.14 55
3 960 1 -9 2.9 63
3 1 1 -9 1.5 51
2 1158 1 -9 3.99 65
1 1 1 -9 3.88 65
3 631 2 -9 2.65 65
1 243 1 -9 2.2 56
1 274 1 -9 3.4 65
1 397 2 -9 4.5 70
3 1207 2 -9 5.6 72
3 867 2 -9 3.3 65
3 865 1 -9 5.5 73
3 995 2 -9 3.6 70
1 476 2 -9 2.86 64
1 468 2 -9 1.88 55
3 1129 2 -9 7.2 83
1 240 2 -9 2.54 59
2 846 1 -9 3.56 64
3 1 1 -9 2.2 57
2 751 1 -9 4.14 68
1 1 2 -9 3.41 66
1 1 2 -9 3.63 66
3 763 2 -9 1.2 49
1 377 2 -9 5.1 72
2 546 2 -9 1.49 52
3 937 1 -9 8.74 88
1 138 1 -9 3.1 64
3 1199 2 -9 1.62 50
2 871 2 -9 2.6 51
2 908 1 -9 3.54 65
1 403 1 -9 2.62 62
1 1 1 -9 2.65 65
1 1 2 -9 5.71 71
3 1 1 -9 1.73 53
3 1088 2 -9 1.97 53
3 982 2 -9 2.5 57
3 978 2 -9 1.4 49
3 981 2 -9 1.5 52
1 1 2 -9 8.37 89
1 1 2 -9 6.02 81
1 382 2 -9 2.35 59
3 749 2 -9 4.22 71
1 1 2 -9 2.76 58
1 212 1 -9 3.1 69
1 430 2 -9 1.61 53
3 677 1 -9 2.98 64
2 545 2 -9 2.6 61
1 80 2 -9 3.55 63
1 266 1 -9 1.15 42
1 201 2 -9 2.4 60
1 346 2 -9 3.5 65
3 1141 2 -9 1.81 56
2 586 1 -9 4.15 69
1 364 1 -9 0.9 36
2 907 1 -9 1.38 48
3 1107 1 -9 3.88 67
1 509 1 -9 3.63 67
1 328 1 -9 2 52
2 997 1 -9 5.4 72
3 1 1 -9 7.6 84
1 406 1 -9 2.4 59
3 1 2 -9 2.65 63
2 881 2 -9 4.9 75
1 1 1 -9 1.43 51
1 1 2 -9 4.59 73
3 1 1 -9 2.14 60
1 1 1 -9 4.23 67
1 191 1 -9 2.82 61
1 1 2 -9 5.56 72
3 1211 1 -9 5.18 71
1 1 2 -9 4.23 71
1 411 1 -9 2.04 56
2 574 1 -9 7 81
3 721 2 -9 3 66
1 362 1 -9 2.6 59
2 986 1 -9 5.2 76
1 312 1 -9 3 64
2 805 1 -9 4.23 71
3 801 1 -9 2.03 59
1 299 2 -9 4 71
1 453 2 -9 6.18 73
1 28 1 -9 7.8 76
2 1033 1 -9 2.67 60
2 1091 1 -9 3.6 69
3 1 1 -9 9.6 93
2 920 1 -9 4.59 70
1 35 1 -9 1.66 53
1 232 2 -9 1.82 54
2 1123 2 -9 4.53 68
3 1 2 -9 5.1 72
3 1 1 -9 4.8 73
2 878 1 -9 4.1 69
2 626 1 -9 1.71 52
2 627 2 -9 2.74 60
1 1 1 -9 3.47 61
1 1 2 -9 3.27 65
3 1 2 -9 3.37 70
3 1 1 -9 2.65 63
3 1 2 -9 6.6 76
2 701 2 -9 5.8 71
1 1 2 -9 5.69 73
1 1 2 -9 4.9 74
1 377 2 -9 3.3 67
1 133 1 -9 4.1 67
1 79 2 -9 2.7 60
1 265 1 -9 2.73 58
1 256 2 -9 2 58
2 1029 1 -9 2.85 62
1 185 2 -9 4 72
2 1223 1 -9 1.82 52
1 523 2 -9 0.83 42
1 492 1 -9 2.84 62
3 1198 1 -9 1.4 46
3 1203 1 -9 4.45 71
1 278 2 -9 1.21 48
2 992 2 -9 4.2 71
2 992 1 -9 6.2 78
1 473 2 -9 2.3 57
1 392 1 -9 3.34 69
1 296 1 -9 1.81 53
3 1 2 -9 5 74
3 1 1 -9 6.6 80
3 1 2 -9 7 82
1 106 1 -9 3.53 65
3 1 2 -9 6.73 78
2 797 2 -9 3.87 64
2 912 1 -9 2.6 64
2 875 2 -9 4.2 74
2 876 1 -9 1.1 50
1 1 1 -9 1.63 50
1 1 1 -9 11.73 94
1 1 1 -9 2.35 58
1 1 2 -9 3.08 63
1 420 1 -9 4.66 71
1 423 1 -9 5.1 72
1 600 2 -9 1.4 55
1 1 2 -9 2.55 60
3 676 2 -9 1.67 55
1 86 2 -9 2.05 59
3 677 1 -9 4.13 68
3 619 1 -9 6.2 78
1 298 1 -9 4.7 69
1 201 2 -9 1.6 52
1 217 2 -9 2.1 57
2 820 1 -9 5.63 73
1 129 2 -9 1.6 52
1 361 1 -9 3.4 66
3 770 1 -9 3.33 65
2 1172 1 -9 3.91 71
3 605 1 -9 3.69 67
2 809 1 -9 2.47 58
3 1 2 -9 2.3 64
3 1 1 -9 3.2 63
3 1038 2 -9 -9 54
3 1 1 -9 8.78 88
3 1 2 -9 6.22 79
2 1073 1 -9 2.8 61
1 449 1 -9 2.96 65
2 855 1 -9 4.02 66
3 1 1 -9 3.6 68
3 1161 1 -9 4.1 69
3 760 2 -9 1.9 57
1 1 2 -9 3.93 67
3 681 1 -9 3.21 65
2 673 2 -9 3.36 66
1 268 1 -9 2.02 53
1 1 1 -9 3.3 61
1 496 1 -9 1.5 54
3 819 2 -9 2.52 61
2 566 2 -9 4.32 70
3 861 2 -9 7.8 80
3 1139 2 -9 4.7 72
3 867 1 -9 9.2 86
2 910 2 -9 4.8 68
3 1 1 -9 1.88 57
2 1138 1 -9 3.6 65
3 1 2 -9 1.84 54
3 1 1 -9 2.55 60
3 1 2 -9 5.51 77
3 1 2 -9 4.69 68
2 916 1 -9 3.5 67
2 878 2 -9 1.8 55
1 1 2 -9 2.96 64
1 1 2 -9 9.49 92
3 1 1 -9 2.6 60
3 885 1 -9 3.2 64
3 745 1 -9 5.5 78
1 1 1 -9 5.92 79
3 620 1 -9 5.96 76
3 938 2 -9 2.8 62
1 289 2 -9 1.96 52
3 537 2 -9 5.26 76
1 502 1 -9 3.72 68
2 1222 1 -9 4.56 69
3 1203 1 -9 5.13 74
3 774 2 -9 2.94 63
1 479 1 -9 1.65 52
2 906 2 -9 1.94 55
2 806 1 -9 1.48 49
3 933 1 -9 2.7 63
1 512 2 -9 2.06 59
2 1005 1 -9 2.46 59
2 795 2 -9 1.96 56
2 875 2 -9 2 58
3 1 1 -9 2.55 62
1 34 2 -9 2.41 63
2 846 1 -9 6.19 76
1 419 1 -9 7.8 80
3 1 2 -9 4.08 66
3 1 1 -9 2.2 57
2 695 2 -9 4 65
3 1162 2 -9 9 88
3 616 1 -9 2.26 60
2 941 1 -9 4.7 70
2 710 2 -9 5 75
1 257 2 -9 4.8 73
1 187 2 -9 3.08 63
1 218 2 -9 4.1 70
3 663 2 -9 1.6 54
1 494 1 -9 2.94 67
