2 702 1 -9 5.4 72
1 386 2 -9 3.18 63
1 1 1 -9 4.24 66
1 1 2 -9 3.51 65
1 1 2 -9 1.93 53
3 800 1 -9 2.58 60
3 603 1 -9 3.8 68
1 1 2 -9 4.18 72
1 1 2 -9 1.63 52
1 1 1 -9 3.51 66
1 1 2 -9 3.8 72
1 1 1 -9 7.35 80
1 1 1 -9 6.1 76
3 1 1 -9 2.12 56
3 1 1 -9 2.27 60
1 1 1 -9 2.61 63
1 1 1 -9 11.9 98
2 583 2 -9 1.49 52
1 1 1 -9 3.27 61
1 1 1 -9 6.22 77
1 1 1 -9 1.12 49
3 684 1 -9 1.89 56
1 1 2 -9 1.48 47
1 1 2 -9 4.18 69
1 1 2 -9 1.25 50
1 396 2 -9 5.94 79
1 1 2 -9 7.4 76
1 160 1 -9 4.3 69
1 1 2 -9 2.86 56
3 1 2 -9 4.3 68
2 810 1 -9 4.6 69
2 665 2 -9 10.77 98
3 817 1 -9 8.68 86
1 373 2 -9 3.82 67
1 215 2 -9 3.2 63
1 400 1 -9 11.1 93
1 1 1 -9 3.55 66
1 1 2 -9 5.27 71
1 1 2 -9 2.71 57
1 419 1 -9 0.48 37
2 597 2 -9 3.17 64
1 1 2 -9 2.45 61
3 1 2 -9 5.51 73
1 87 1 -9 2.2 49
1 1 1 -9 1.12 54
3 1 1 -9 2.86 66
1 2 1 -9 7.42 78
3 545 1 -9 12.7 96
2 692 1 -9 3.82 68
1 1 1 -9 2 54
1 1 1 -9 5.26 74
1 1 2 -9 4.18 67
1 170 1 -9 6.2 78
1 169 1 -9 2.6 64
3 722 2 -9 3.07 64
2 793 1 -9 1.67 52
2 443 1 -9 7.74 74
3 827 1 -9 5.2 73
2 847 2 -9 1.75 56
3 644 2 -9 4.9 75
2 810 1 -9 5.6 77
1 1 1 -9 2.55 58
3 811 1 -9 3.24 67
1 390 2 -9 1.83 55
1 1 2 -9 4.67 72
1 1 1 -9 5.96 77
1 1 1 -9 2.64 61
3 1 2 -9 6.5 79
3 1 1 -9 3.06 67
1 324 1 -9 4 64
3 1 1 -9 2.76 62
1 1 2 -9 2.51 57
1 1 1 -9 2.37 63
1 1 2 -9 3.47 64
3 1 1 -9 3.47 67
1 1 1 -9 4.22 73
3 1 1 -9 3.06 64
3 1 2 -9 2.24 62
1 148 2 -9 4.13 67
1 260 1 -9 4.42 69
2 577 1 -9 2.06 54
3 855 2 -9 3.71 70
2 479 1 -9 4.31 75
3 1 2 -9 3.02 62
1 168 2 -9 2 55
1 174 1 -9 5.3 71
3 426 1 -9 10.7 82
3 589 2 -9 1.45 53
1 1 2 -9 3.96 69
1 357 2 -9 -9 68
2 698 2 -9 2.2 55
1 1 2 -9 5.48 73
1 1 2 -9 5.59 75
1 60 2 -9 1.6 52
1 1 2 -9 2.51 55
1 143 2 -9 4.58 69
1 200 2 -9 4.8 72
1 1 1 -9 1.92 56
1 1 1 -9 4.59 71
3 1 1 -9 3.88 70
1 1 1 -9 5.59 79
1 1 2 -9 1.94 60
1 83 1 -9 2.8 63
3 1 2 -9 2.86 67
1 189 2 -9 6.72 72
3 471 1 -9 5.78 77
1 1 2 -9 3.78 69
1 1 2 -9 4.5 70
1 330 1 -9 3.2 58
1 1 1 -9 5.1 74
1 165 1 -9 2.3 57
1 1 1 -9 3.47 64
2 441 2 -9 1.3 51
1 402 2 -9 0.91 45
1 19 1 -9 2.15 58
3 1 2 -9 2 54
3 1 1 -9 2.7 57
3 1 2 -9 3.2 65
3 1 1 -9 2.3 59
1 225 2 -9 3.2 63
1 1 2 -9 7.87 79
1 62 1 -9 1.75 53
1 414 1 -9 5.42 70
1 276 2 -9 3.1 64
1 1 1 -9 2.31 57
1 1 2 -9 3.78 67
1 1 1 -9 5.2 73
3 1 2 -9 1.43 50
1 1 2 -9 2.24 61
3 1 1 -9 3.57 64
1 1 1 -9 14.35 103
2 580 1 -9 3.12 63
2 620 1 -9 4.1 69
2 867 1 -9 0.69 72
2 477 2 -9 4.03 67
3 1 1 -9 7.45 84
3 1 2 -9 3.95 68
3 1 1 -9 6.58 80
1 1 1 -9 6.63 79
3 521 1 -9 6.8 88
2 789 1 -9 1.8 65
1 1 1 -9 6.43 79
1 283 1 -9 1 44
3 1 1 -9 3.1 62
1 420 1 -9 5.98 77
3 507 2 -9 6.4 82
2 677 1 -9 9 90
1 1 2 -9 3.72 66
3 1 1 -9 2.76 70
1 1 1 -9 3.45 71
3 1 1 -9 1.12 45
1 1 1 -9 1.84 56
3 1 1 -9 2.96 65
3 1 2 -9 3.88 68
1 189 2 -9 7.61 77
2 503 1 -9 6.6 89
3 627 2 -9 3.56 67
2 802 1 -9 7.55 84
3 492 1 -9 2.11 55
3 857 2 -9 6.56 82
1 79 2 -9 1.94 56
3 1 2 -9 1.7 51
1 1 1 -9 3.57 65
1 163 1 -9 2.1 57
1 1 2 -9 3.37 63
2 853 1 -9 8.97 89
1 128 1 -9 2.7 61
1 1 2 -9 2.65 65
1 131 1 -9 2.5 58
2 568 1 -9 10.03 88
1 1 2 -9 4.12 68
1 1 1 -9 10.9 93
2 830 1 -9 4.4 72
1 354 2 -9 5.42 72
2 612 2 -9 7.4 85
1 1 1 -9 2.43 61
1 1 1 -9 3 64
3 1 2 -9 3.27 68
1 1 1 -9 6.08 78
1 1 1 -9 2.14 57
1 1 2 -9 5.35 81
1 50 2 -9 3.46 64
1 80 1 -9 2 58
1 206 2 -9 1.9 53
1 1 2 -9 3.63 65
2 630 2 -9 2.24 58
2 486 2 -9 5.34 77
2 490 1 -9 3.86 70
3 541 2 -9 5.7 86
1 261 1 -9 1.65 52
2 716 1 -9 0.96 43
1 37 2 -9 6.1 77
2 574 1 -9 3.2 63
3 1 1 -9 3.29 62
1 281 1 -9 5.8 74
3 1 2 -9 2.56 57
3 1 2 -9 4.06 69
1 1 1 -9 12.35 97
1 327 2 -9 2.3 54
1 219 2 -9 4.56 72
2 444 1 -9 6.94 82
3 645 1 -9 6.6 79
2 806 1 -9 5.1 71
1 146 1 -9 3.65 65
1 14 1 -9 1.6 50
3 753 2 -9 2.4 70
1 388 2 -9 1.48 50
1 268 1 -9 -9 82
1 1 2 -9 4.6 70
1 1 1 -9 2.57 59
2 597 2 -9 7.6 83
1 1 1 -9 1 46
1 1 2 -9 2.14 60
1 1 2 -9 2.08 58
1 1 2 -9 3 69
1 56 2 -9 5.54 72
1 1 1 -9 1.84 53
1 1 2 -9 3.78 68
1 1 1 -9 10.41 87
3 1 1 -9 14.49 109
3 561 1 -9 3.14 65
1 184 2 -9 2.8 59
1 152 2 -9 4.81 70
2 714 1 -9 3.78 67
3 859 1 -9 1.06 46
3 1 2 -9 2.86 58
1 20 2 -9 6.37 73
3 644 1 -9 10.8 95
2 666 1 -9 2.63 61
1 356 1 -9 -9 79
2 768 1 -9 0.93 46
2 658 1 -9 3 61
1 214 2 -9 3.6 63
2 516 1 -9 1.59 54
1 1 2 -9 4.3 66
3 565 1 -9 2.81 61
1 1 1 -9 2.51 60
1 353 2 -9 2.84 58
2 605 1 -9 3.7 66
1 1 1 -9 2.37 60
1 1 2 -9 2.61 61
1 1 2 -9 3.51 66
1 1 1 -9 3.49 65
1 1 1 -9 4.61 74
1 1 2 -9 4.06 66
3 1 2 -9 1.27 49
1 99 1 -9 8.99 80
1 1 1 -9 3.57 66
1 1 2 -9 5.51 74
2 530 2 -9 5.96 74
3 546 2 -9 6.3 79
1 70 2 -9 1.8 52
1 45 1 -9 4 69
2 499 2 -9 2.27 59
3 1 2 -9 1.43 48
3 1 1 -9 3.76 67
1 94 2 -9 2.48 59
1 329 1 -9 3.8 69
1 118 2 -9 3.6 65
2 807 2 -9 2.82 60
1 1 2 -9 4.18 74
1 1 2 -9 0.92 44
1 1 2 -9 1.94 55
3 811 1 -9 4.53 73
1 248 2 -9 2.08 52
1 1 2 -9 5.74 72
1 1 1 -9 5.94 76
1 1 2 -9 5.09 72
1 1 2 -9 9.24 85
1 1 1 -9 2.45 66
1 1 2 -9 1.41 52
1 271 1 -9 5 70
3 1 1 -9 2.55 60
1 1 1 -9 1.94 56
1 1 1 -9 4.16 69
3 733 1 -9 5.5 71
1 86 1 -9 4.6 71
1 1 1 -9 8.06 84
3 1 1 -9 4.08 67
1 349 2 -9 5.9 69
2 514 2 -9 2.18 60
2 447 2 -9 2.8 61
2 839 2 -9 1.28 48
1 1 1 -9 5.82 76
1 1 2 -9 7.96 82
1 1 1 -9 2.76 59
1 1 2 -9 3.37 61
2 650 2 -9 4.7 71
1 381 2 -9 1.4 54
2 807 1 -9 4.45 68
1 1 1 -9 7.96 86
1 229 1 -9 1.8 55
1 376 1 -9 6.98 82
1 387 2 -9 2.08 56
1 1 1 -9 3.14 62
1 1 1 -9 5.59 76
1 1 2 -9 3.5 66
1 1 1 -9 0.98 46
3 798 2 -9 1.46 50
2 601 2 -9 1.9 58
1 1 2 -9 3.16 67
1 1 2 -9 2.78 63
3 1 2 -9 2.35 61
3 1 2 -9 3.78 65
3 1 1 -9 4.8 70
3 1 1 -9 4.37 71
1 1 1 -9 8.96 90
1 315 1 -9 15.6 90
1 1 2 -9 8.05 85
1 1 1 -9 9.8 89
3 1 1 -9 5.2 75
2 624 1 -9 6.8 85
3 1 2 -9 3.06 67
3 543 1 -9 2.3 57
1 68 1 -9 3.9 67
1 409 1 -9 6.23 75
1 1 2 -9 5.71 74
2 846 1 -9 5.4 73
3 1 2 -9 5.5 74
3 1 1 -9 8.18 87
3 638 1 -9 16.4 104
3 1 2 -9 3.25 62
1 1 2 -9 10.31 85
3 1 1 -9 4.9 74
1 33 1 -9 4.88 71
1 279 2 -9 3 58
2 594 2 -9 3.1 60
3 824 1 -9 1.1 46
1 1 2 -9 4.29 66
1 1 1 -9 3.47 62
1 35 2 -9 1.8 52
2 640 1 -9 5.7 81
1 1 2 -9 13.88 99
1 66 2 -9 4.1 71
1 230 2 -9 5 68
2 518 2 -9 3.07 64
2 614 2 -9 1.37 52
1 1 2 -9 4.11 65
1 1 2 -9 3.49 63
1 1 2 -9 5.66 83
1 1 2 -9 1.74 50
1 412 1 -9 2.94 65
3 613 2 -9 5.2 75
1 1 2 -9 1.18 50
1 1 1 -9 1.45 51
1 1 2 -9 5.14 73
1 1 2 -9 0.9 43
3 1 2 -9 2.1 57
1 1 1 -9 4.76 77
1 1 1 -9 4.06 71
1 289 2 -9 3.4 65
2 631 1 -9 1.84 54
2 489 2 -9 5.38 76
1 1 1 -9 6.8 77
3 494 1 -9 5.09 74
3 1 1 -9 2.25 55
1 1 2 -9 3.2 65
3 435 1 -9 3.24 63
1 169 1 -9 2.6 64
1 171 2 -9 3.6 69
1 199 1 -9 2.2 59
2 485 1 -9 9.4 85
1 1 1 -9 3.13 64
1 392 2 -9 9.5 91
1 122 2 -9 0.6 40
1 126 1 -9 3.2 63
1 1 2 -9 2.35 60
1 1 2 -9 2.24 58
1 1 1 -9 6.18 76
1 1 1 -9 6.39 77
2 567 1 -9 2.6 62
2 830 1 -9 4.5 72
3 799 2 -9 1.36 53
1 1 1 -9 1.61 52
3 1 2 -9 3.27 64
3 1 2 -9 3.67 70
3 1 2 -9 8.47 86
1 1 1 -9 3.76 71
1 316 2 -9 4.7 76
3 729 2 -9 3.8 71
2 707 1 -9 6.7 81
1 99 2 -9 7.42 76
1 1 2 -9 5.92 74
3 1 2 -9 3.76 67
3 760 2 -9 11.4 96
2 468 2 -9 3.5 69
1 1 1 -9 3.27 63
3 492 2 -9 4.84 73
3 1 2 -9 4.9 78
3 1 2 -9 2.45 59
1 1 2 -9 6.43 76
1 16 1 -9 10.2 97
1 122 2 -9 2.9 61
1 1 1 -9 3.67 67
1 1 2 -9 2.14 56
1 358 1 -9 -9 70
2 768 2 -9 1.72 55
2 767 2 -9 3.36 63
1 235 2 -9 3.98 66
1 1 1 -9 6.12 75
1 1 2 -9 2.38 61
1 300 1 -9 1.86 54
3 1 2 -9 6.12 78
1 1 2 -9 1.33 50
1 1 2 -9 1.53 52
3 1 2 -9 3.27 69
3 1 2 -9 3.57 71
3 1 1 -9 2.33 57
1 1 2 -9 6.57 79
3 1 1 -9 3.16 59
1 1 1 -9 12.9 100
1 1 1 -9 5.34 75
2 515 2 -9 2.98 62
3 550 1 -9 6.1 81
2 557 1 -9 12.2 98
2 469 1 -9 6.2 80
1 1 1 -9 1.53 51
1 1 1 -9 3.98 65
1 260 2 -9 1.53 49
3 1 2 -9 3.57 68
1 1 1 -9 6.22 73
1 73 1 -9 7.1 80
1 1 2 -9 5.51 71
2 451 1 -9 10.1 90
1 1 1 -9 6.53 75
2 794 2 -9 3.49 74
1 1 1 -9 5.2 68
1 1 2 -9 3.47 65
1 26 1 -9 5.28 73
1 370 2 -9 3.2 62
1 1 2 -9 2.34 56
3 1 1 -9 5.2 77
1 367 1 -9 2.6 61
1 1 1 -9 2.24 57
3 1 2 -9 3.67 68
1 1 1 -9 3.88 70
1 1 2 -9 3.27 66
1 1 1 -9 7.45 77
2 533 1 -9 6.76 83
3 1 1 -9 3.47 66
2 763 1 -9 2 57
1 113 2 -9 1.68 52
2 502 1 -9 2.2 67
2 715 1 -9 7.26 81
2 538 1 -9 8.3 84
3 1 1 -9 1.14 45
1 71 1 -9 1.74 50
1 1 2 -9 3.57 64
1 170 1 -9 5.2 73
1 196 2 -9 2.2 56
3 823 2 -9 2.8 65
1 1 1 -9 8.98 85
1 1 1 -9 2.45 55
1 356 1 -9 -9 47
1 1 1 -9 5.02 69
1 1 2 -9 2.73 60
1 1 2 -9 2.34 63
1 1 1 -9 4.45 67
1 1 1 -9 4.46 68
1 1 1 -9 9.2 88
1 1 1 -9 2.76 66
1 1 2 -9 6.33 70
1 1 1 -9 3.78 72
3 1 1 -9 10.82 98
3 1 2 -9 2.04 55
1 316 2 -9 8.5 86
3 1 1 -9 9.69 89
2 532 1 -9 8.88 85
2 761 1 -9 2.7 59
1 113 1 -9 8.46 84
3 1 1 -9 6.63 79
1 394 1 -9 3.85 67
2 737 1 -9 3 59
1 1 2 -9 1.53 51
1 1 1 -9 5.48 73
3 1 2 -9 2.6 58
1 1 2 -9 2.35 60
1 1 1 -9 3.27 63
1 306 1 -9 1.26 49
1 371 1 -9 4.8 73
1 134 2 -9 5.18 72
3 520 1 -9 5.99 82
1 1 1 -9 2.59 59
1 203 1 -9 1 48
1 1 2 -9 3.96 67
3 797 2 -9 7.66 90
1 1 2 -9 1.86 57
1 1 2 -9 2.1 63
1 1 1 -9 3.94 74
1 1 1 -9 1.35 51
1 1 1 -9 4.63 74
1 1 2 -9 4.22 69
1 210 2 -9 2.5 60
1 1 2 -9 2.96 61
1 29 1 -9 5.6 76
2 619 2 -9 2.25 59
1 1 2 -9 7.86 81
3 1 2 -9 1.66 48
3 1 1 -9 4.7 71
3 1 1 -9 2.25 57
1 1 2 -9 12.65 91
2 872 1 -9 5.3 74
1 1 1 -9 12.65 97
3 1 1 -9 6.1 78
1 1 2 -9 2.7 57
2 752 2 -9 2.42 59
1 1 2 -9 2.04 53
1 253 1 -9 4 67
1 1 2 -9 7.26 75
1 1 2 -9 2.76 62
2 569 1 -9 5.2 74
1 1 2 -9 2.79 49
3 1 2 -9 2.34 64
1 1 2 -9 2.86 64
3 1 2 -9 2.53 60
3 1 2 -9 3.67 64
3 1 1 -9 2.02 57
1 11 2 -9 5.92 75
1 1 2 -9 2.35 54
1 1 1 -9 2.65 59
2 763 1 -9 5.9 76
2 621 2 -9 6.1 80
3 628 2 -9 3.2 65
3 687 2 -9 6.43 73
3 743 2 -9 2.72 63
2 740 1 -9 3.38 67
2 560 2 -9 4 74
1 76 2 -9 4 68
1 23 1 -9 1 43
1 1 1 -9 8.32 82
2 439 2 -9 1.77 55
2 746 2 -9 3.19 66
2 713 1 -9 2.96 62
1 1 1 -9 3.47 64
1 187 2 -9 9.9 86
3 1 2 -9 3.4 68
3 1 2 -9 11.02 91
1 1 2 -9 0.82 43
1 1 1 -9 7.34 86
1 1 2 -9 1.41 51
1 1 1 -9 4.05 74
1 143 2 -9 5.36 75
3 1 2 -9 3 66
1 1 2 -9 2.44 60
1 223 2 -9 3.41 77
1 1 2 -9 2.76 62
3 1 2 -9 3.27 64
1 339 2 -9 1.35 49
1 285 2 -9 3.66 67
1 361 1 -9 7.5 82
1 97 1 -9 8.83 86
3 1 1 -9 13.88 99
2 758 1 -9 2.8 63
1 69 2 -9 2.6 56
3 684 1 -9 2.8 59
2 742 1 -9 1.41 50
2 744 2 -9 3 61
3 505 1 -9 2.1 57
3 474 1 -9 6.92 82
1 1 2 -9 4.69 73
1 23 2 -9 0.8 40
3 1 2 -9 3.29 62
2 453 2 -9 1.12 43
1 1 2 -9 3.98 66
1 1 2 -9 2.14 55
1 231 2 -9 6.22 81
3 1 1 -9 2.86 63
2 437 1 -9 3.16 64
2 790 1 -9 3.71 78
1 1 2 -9 2.55 59
3 1 1 -9 3.6 63
3 1 2 -9 2.24 60
1 1 2 -9 3.72 64
2 787 2 -9 2.6 72
1 158 2 -9 5.8 64
1 1 2 -9 5.61 74
1 1 2 -9 1.65 54
1 1 2 -9 2.5 60
1 1 1 -9 4.33 70
1 1 1 -9 2.92 59
1 1 1 -9 2.14 63
1 106 2 -9 7.7 83
1 1 1 -9 1.69 52
1 1 2 -9 2.76 61
1 1 2 -9 1.14 47
1 1 2 -9 2.33 63
3 1 2 -9 6.43 89
1 1 2 -9 4.08 76
1 1 2 -9 4.31 76
1 1 1 -9 4.18 68
1 1 1 -9 2.37 58
3 1 2 -9 1.31 49
1 55 1 -9 2.04 58
1 103 2 -9 2.49 56
2 583 1 -9 4.1 70
1 29 1 -9 7.9 80
3 1 1 -9 3.78 68
1 121 2 -9 3.3 65
3 1 1 -9 2.14 59
3 1 2 -9 2.75 58
1 1 2 -9 7.4 84
1 1 2 -9 5.51 75
3 718 1 -9 2.4 61
2 725 1 -9 8.18 81
3 589 2 -9 3.1 63
1 420 2 -9 6.47 81
3 1 1 -9 1.7 52
1 1 2 -9 2.65 67
3 1 1 -9 3.67 71
1 1 1 -9 4.59 72
3 508 2 -9 7.8 87
1 251 1 -9 2.14 56
2 674 1 -9 7.6 88
1 1 1 -9 3.22 63
1 1 2 -9 4.37 66
1 1 1 -9 7.51 83
1 1 2 -9 4.29 77
3 1 1 -9 1.67 54
3 1 1 -9 1.18 49
3 1 1 -9 2.14 57
2 524 2 -9 4.34 72
2 445 1 -9 9.7 89
2 695 1 -9 2.66 59
1 147 2 -9 3.2 62
1 154 2 -9 6.89 77
1 69 1 -9 4.6 70
1 186 2 -9 2.26 58
2 535 2 -9 1.9 54
3 861 1 -9 7.72 86
3 635 2 -9 5.5 74
1 1 1 -9 3.88 67
1 1 2 -9 4.49 70
3 1 2 -9 2.5 58
3 428 1 -9 6.65 81
3 722 2 -9 1.53 52
3 1 1 -9 5.8 79
1 65 2 -9 3.6 65
3 753 1 -9 2.9 74
1 129 2 -9 4.44 69
1 1 1 -9 5.44 73
3 608 1 -9 6.6 76
1 1 2 -9 2.33 61
1 1 2 -9 3.78 69
3 1 2 -9 3.78 66
3 1 1 -9 3.61 68
1 1 1 -9 7.63 81
1 1 2 -9 2.24 58
2 470 1 -9 0.98 45
2 842 1 -9 1.8 56
1 321 1 -9 5.5 72
1 1 1 -9 6.8 85
1 1 1 -9 10.15 89
2 678 1 -9 7 99
3 1 1 -9 2.2 55
2 770 1 -9 3.5 68
1 1 1 -9 4.73 67
2 617 1 -9 3.99 69
1 1 2 -9 2.3 57
1 1 1 -9 13.41 90
3 1 1 -9 4.7 78
1 1 2 -9 8.04 79
1 1 1 -9 10.64 92
1 411 2 -9 3.78 70
1 224 1 -9 7.56 78
1 1 1 -9 8.06 79
1 1 2 -9 2.04 57
1 1 1 -9 1.96 59
1 1 2 -9 2.14 60
3 1 1 -9 1.78 54
2 530 1 -9 8.56 84
2 554 1 -9 7.3 77
1 1 2 -9 4.6 78
2 575 2 -9 6.52 76
3 858 2 -9 2.16 56
3 1 2 -9 9.39 86
1 1 1 -9 14.08 106
1 195 2 -9 4.2 67
3 1 2 -9 3.4 72
3 1 1 -9 1.73 54
2 736 1 -9 2.6 58
3 1 1 -9 2.1 54
2 673 1 -9 4.6 72
1 1 1 -9 2.26 59
1 1 2 -9 2.29 54
2 604 1 -9 3.8 65
2 609 1 -9 2.4 58
1 1 1 -9 7.04 87
1 1 2 -9 4.9 48
1 341 2 -9 3.64 65
1 7 1 -9 1.32 48
1 1 1 -9 4.8 75
1 345 1 -9 2.29 56
3 686 2 -9 3.74 63
3 1 1 -9 8.85 89
3 1 2 -9 2.04 54
1 1 2 -9 4.29 70
1 1 1 -9 7.04 78
3 1 2 -9 3.02 63
1 1 1 -9 8.42 82
1 1 2 -9 4.49 70
1 1 2 -9 5.41 72
1 1 1 -9 8.78 85
1 1 2 -9 2.09 53
2 712 1 -9 5.15 73
1 1 2 -9 2.14 54
3 1 1 -9 1.73 53
1 1 2 -9 2.09 65
1 1 2 -9 2.14 55
2 818 1 -9 2.3 56
1 1 1 -9 5.45 74
1 1 1 -9 10.08 94
1 352 2 -9 1.68 53
2 602 2 -9 3.6 65
1 1 1 -9 3.98 71
1 1 1 -9 3.49 66
3 1 1 -9 6.17 79
1 1 1 -9 4.45 74
1 1 1 -9 2.18 61
1 1 2 -9 3.51 70
3 668 2 -9 5.9 78
1 1 2 -9 5.32 76
3 1 1 -9 4.69 74
1 317 2 -9 2.4 60
1 262 2 -9 1.75 53
1 263 2 -9 2.23 59
2 835 1 -9 -9 55
1 1 1 -9 5.92 79
1 1 2 -9 2.14 53
3 433 2 -9 2.66 62
2 678 1 -9 4.5 74
1 1 1 -9 2.65 58
1 357 2 -9 -9 76
1 304 2 -9 1.49 50
1 1 1 -9 2.37 60
1 1 1 -9 1.27 47
1 1 1 -9 3.18 65
1 1 2 -9 4.44 68
1 1 2 -9 4.98 76
1 1 2 -9 2.44 61
1 1 2 -9 3.71 65
1 1 2 -9 4.35 59
1 1 2 -9 2.76 65
1 1 2 -9 5.31 81
1 1 2 -9 1.84 60
1 1 1 -9 1.67 55
1 1 1 -9 2.76 61
1 1 1 -9 4.31 72
1 1 1 -9 4.16 75
1 1 1 -9 4.29 75
1 1 2 -9 5.71 78
1 1 1 -9 4.37 70
3 728 1 -9 2.4 58
2 707 1 -9 10.1 91
1 1 2 -9 2.96 62
3 1 1 -9 3.06 65
3 1 1 -9 2.24 60
3 685 1 -9 3.6 66
2 690 1 -9 4.31 72
2 842 2 -9 3.5 67
1 1 2 -9 5.92 74
1 1 2 -9 9.39 85
1 1 2 -9 2.47 60
1 1 2 -9 1.87 53
2 747 2 -9 3.7 63
1 1 1 -9 4.18 70
1 1 2 -9 3.78 72
1 248 2 -9 6.6 73
1 423 1 -9 6.26 81
1 130 1 -9 6.8 82
1 1 1 -9 4.63 71
1 1 2 -9 3.94 63
1 1 2 -9 4.61 72
1 417 1 -9 3.54 68
1 1 1 -9 5.41 76
1 1 2 -9 1.63 57
1 1 2 -9 3.49 63
3 1 2 -9 3.78 67
3 1 1 -9 4.69 70
3 1 2 -9 2.55 57
3 1 1 -9 2.27 58
1 1 1 -9 2.72 63
1 1 1 -9 3.18 70
1 1 1 -9 4.53 70
1 7 1 -9 1.19 47
1 337 2 -9 3.95 68
1 206 1 -9 2.1 57
1 1 2 -9 2.45 57
1 1 1 -9 6.22 76
3 1 2 -9 5 71
3 1 2 -9 4.08 77
3 760 2 -9 10.2 88
2 759 1 -9 1.54 49
1 221 1 -9 4.26 69
3 547 2 -9 1.22 48
2 691 2 -9 8.82 88
1 1 1 -9 6.43 78
1 41 1 -9 5.6 72
1 1 1 -9 7.14 82
1 1 2 -9 3.27 64
1 1 2 -9 2.04 53
3 432 1 -9 3.1 63
1 1 1 -9 2.55 60
3 1 1 -9 3.2 61
3 773 1 -9 5.72 85
3 812 1 -9 5.56 74
1 268 1 -9 -9 72
2 657 2 -9 8.4 86
1 1 2 -9 2.1 55
1 1 1 -9 5.1 70
1 1 1 -9 2.55 56
1 1 2 -9 5.98 77
1 1 2 -9 8.55 85
1 1 2 -9 3.77 69
3 1 1 -9 1.53 51
1 1 2 -9 2.9 61
3 1 2 -9 3.67 72
1 1 1 -9 8.08 84
1 9 1 -9 2.27 60
1 1 1 -9 1.9 56
1 1 2 -9 4.03 71
1 112 2 -9 1.55 52
2 465 1 -9 2.3 58
3 542 1 -9 2 70
2 693 1 -9 3.94 72
1 1 1 -9 5.2 76
1 264 2 -9 1.49 51
3 506 1 -9 7.5 86
3 1 2 -9 8.51 85
2 872 2 -9 4.84 72
1 1 2 -9 4.9 71
1 233 2 -9 3.97 61
1 1 1 -9 3.37 63
1 1 1 -9 4.39 68
1 308 1 -9 3.6 67
3 1 1 -9 2.24 60
1 1 2 -9 2.14 59
1 1 2 -9 3.16 61
2 585 1 -9 4.29 72
2 821 2 -9 2.41 58
1 246 2 -9 3.14 59
2 738 2 -9 3.8 68
1 1 2 -9 3.14 60
1 1 2 -9 1.1 45
2 615 2 -9 3.24 65
1 1 1 -9 4.96 74
1 1 2 -9 5.02 74
1 1 1 -9 2.1 55
1 1 2 -9 2.55 60
1 385 1 -9 5.4 76
3 1 2 -9 2.78 60
1 1 1 -9 3.49 64
1 1 1 -9 6.59 78
1 1 1 -9 1.84 53
3 1 2 -9 2.45 57
2 526 2 -9 6 79
2 460 1 -9 10.84 95
1 332 2 -9 3.95 60
1 1 1 -9 6.08 77
2 717 1 -9 3.06 62
1 266 1 -9 7.84 77
3 493 1 -9 5.31 73
2 841 1 -9 5.3 74
3 1 1 -9 3.16 61
3 1 1 -9 2.2 56
3 637 2 -9 1.3 50
1 1 1 -9 4.03 66
3 1 2 -9 3.55 63
1 1 1 -9 3 67
1 1 2 -9 3.27 64
1 118 1 -9 2.3 61
3 1 2 -9 3.06 66
2 679 1 -9 2 33
2 592 2 -9 1.28 50
1 179 1 -9 5.8 76
1 239 2 -9 3.43 63
1 385 2 -9 5.1 75
1 1 1 -9 2.98 62
1 1 1 -9 2.53 63
1 1 1 -9 5.12 81
1 1 1 -9 4.33 76
1 1 2 -9 3.29 69
1 1 1 -9 3.59 69
3 1 2 -9 1.96 55
1 1 2 -9 2.73 66
2 579 1 -9 4.52 71
1 221 2 -9 3.4 64
2 491 1 -9 5.36 77
1 76 2 -9 7.6 80
2 497 2 -9 2.28 57
3 633 1 -9 4.6 72
3 1 2 -9 2.65 60
3 1 1 -9 5.7 78
1 1 1 -9 7.04 81
3 1 1 -9 4.17 80
1 1 1 -9 8.88 85
3 1 1 -9 3.7 65
1 1 2 -9 7.14 91
1 47 1 -9 4.3 69
1 1 2 -9 2.53 61
3 834 2 -9 8.4 82
1 351 1 -9 9.72 86
1 352 2 -9 4.56 70
2 512 2 -9 9.6 91
3 1 1 -9 1.83 58
3 1 1 -9 2.76 69
3 1 2 -9 3.37 70
1 272 2 -9 7.2 79
1 1 2 -9 3.16 67
1 1 2 -9 4.63 75
1 1 2 -9 9.57 87
1 315 2 -9 10.1 85
3 1 1 -9 4.08 69
1 222 2 -9 3.88 67
3 626 2 -9 3.22 67
3 543 2 -9 3.6 68
3 1 1 -9 1.64 48
1 1 1 -9 11.43 96
1 1 2 -9 8.87 70
1 1 1 -9 2.5 55
3 1 1 -9 4.08 69
1 1 2 -9 3.06 66
1 241 2 -9 3.96 67
1 255 1 -9 4.68 68
2 677 2 -9 3.8 59
1 1 1 -9 3.35 66
1 1 2 -9 3.06 65
1 1 2 -9 2.12 60
1 1 1 -9 1.63 54
1 1 1 -9 3.57 71
1 1 1 -9 2.06 57
1 1 1 -9 1.35 48
1 1 2 -9 1.94 55
3 1 1 -9 1.94 55
3 1 2 -9 4.76 70
1 313 1 -9 6.2 80
3 1 1 -9 1.84 55
3 618 2 -9 2.51 61
1 1 1 -9 4.3 74
2 573 2 -9 7.1 83
2 575 2 -9 7.73 85
3 1 1 -9 3.8 68
1 1 1 -9 4.69 77
1 1 2 -9 3.57 62
1 171 1 -9 8.6 81
3 823 2 -9 1.1 51
1 1 2 -9 1.63 50
1 240 1 -9 2.68 61
1 5 1 -9 2.4 62
1 203 1 -9 5 66
1 411 2 -9 3.02 62
1 1 1 -9 4.08 72
1 1 1 -9 4.78 74
2 584 1 -9 3.8 67
3 1 2 -9 2.24 57
3 1 2 -9 5.82 77
2 463 1 -9 3.02 60
2 464 2 -9 3.44 66
1 334 1 -9 2.6 63
2 448 2 -9 4.06 69
1 378 1 -9 4.24 67
3 1 1 -9 3.17 62
3 1 2 -9 3.48 67
1 1 1 -9 3.52 65
1 1 2 -9 7.24 77
1 1 1 -9 9.9 90
3 427 2 -9 4.65 72
3 522 1 -9 12.3 103
1 1 2 -9 3.57 63
3 1 1 -9 3.8 68
1 1 2 -9 1.33 50
1 1 1 -9 3.06 64
1 1 1 -9 3.47 68
2 516 1 -9 3.41 67
1 1 2 -9 4.14 68
1 1 2 -9 4.52 69
1 1 2 -9 3.27 62
2 609 1 -9 1 44
1 1 1 -9 2.65 68
1 1 1 -9 5 74
3 1 2 -9 1.53 53
1 1 2 -9 2.04 54
1 1 1 -9 4.08 71
1 1 2 -9 2.24 57
1 1 1 -9 4.1 77
1 1 1 -9 8.12 88
1 318 1 -9 3.8 72
1 288 2 -9 1.94 57
3 733 1 -9 2.3 59
1 84 1 -9 2.1 59
1 82 1 -9 3.8 65
1 8 2 -9 2.96 61
1 1 1 -9 3.37 66
3 549 1 -9 3.4 68
2 574 2 -9 3.5 68
3 1 1 -9 2.28 57
3 1 1 -9 2.7 60
3 1 1 -9 4.5 68
2 591 2 -9 2.88 62
1 280 2 -9 8.02 83
3 508 1 -9 2.7 63
1 243 2 -9 2.84 56
1 135 2 -9 3.41 66
1 238 1 -9 11.93 91
1 1 2 -9 7.37 78
1 1 1 -9 2.74 63
1 1 2 -9 2.16 56
1 1 2 -9 4.5 72
3 510 1 -9 -9 60
2 607 2 -9 8 91
3 613 2 -9 6.4 78
1 1 2 -9 5.16 79
3 1 2 -9 2.96 64
3 1 2 -9 4.18 69
3 1 1 -9 4.29 69
1 1 2 -9 3.92 71
1 1 1 -9 5 73
3 1 1 -9 2.04 58
1 51 1 -9 6.1 77
1 87 1 -9 3.7 65
2 621 2 -9 5.95 74
1 119 1 -9 6.8 77
2 514 2 -9 5.95 77
2 449 1 -9 2.05 58
1 328 1 -9 0.8 45
1 1 1 -9 2.24 59
1 1 1 -9 2.55 64
3 635 1 -9 3.2 52
3 1 2 -9 3.17 63
1 1 1 -9 5.4 76
1 310 1 -9 7.4 82
2 439 2 -9 4.92 72
2 593 1 -9 2.68 61
2 794 2 -9 3.08 72
3 1 1 -9 5.5 73
1 24 2 -9 2.01 53
1 1 1 -9 6.9 79
1 1 2 -9 2.51 56
3 1 1 -9 2.96 67
2 795 1 -9 4 70
1 1 1 -9 1.76 52
1 1 2 -9 2.65 64
1 1 2 -9 2.1 62
1 1 2 -9 2.84 65
1 1 2 -9 3.49 71
3 1 2 -9 2.04 56
3 1 2 -9 2.35 58
1 53 2 -9 2.41 58
3 730 2 -9 3.2 63
3 1 1 -9 2.65 62
3 764 1 -9 2.15 59
3 1 1 -9 3.67 67
2 531 2 -9 6.12 73
2 756 1 -9 5.8 61
1 348 2 -9 2.1 59
1 1 1 -9 4.18 67
1 1 1 -9 5.71 74
1 1 1 -9 13.67 94
3 1 1 -9 9.9 87
3 1 2 -9 1.94 57
1 1 1 -9 2.24 56
1 1 1 -9 3.57 65
2 586 2 -9 2.58 60
2 781 1 -9 8.56 95
2 782 1 -9 7.24 91
1 371 2 -9 1.8 53
2 739 1 -9 6 76
2 656 2 -9 7.4 83
1 1 2 -9 1.76 52
1 1 2 -9 5.32 73
1 1 1 -9 6.7 77
1 1 2 -9 3.22 63
1 1 1 -9 3.39 67
3 798 2 -9 1.62 50
2 611 2 -9 1.2 45
1 1 2 -9 2.76 66
1 1 2 -9 3.27 66
3 1 2 -9 4.84 71
1 1 2 -9 3.88 69
3 1 1 -9 2.65 59
1 1 1 -9 5.88 79
1 1 2 -9 3.06 64
1 1 2 -9 3.44 63
3 1 1 -9 3.06 63
1 289 1 -9 2.9 62
1 153 2 -9 3.01 61
1 77 2 -9 3.32 64
3 1 1 -9 5.69 76
1 1 2 -9 4.69 66
3 647 1 -9 5.5 78
2 651 2 -9 2.3 58
2 750 2 -9 4.27 71
1 1 2 -9 2.76 57
1 1 1 -9 3.57 71
1 1 1 -9 1.43 51
1 1 2 -9 2.76 61
3 814 1 -9 3.66 68
2 702 1 -9 4.4 71
1 227 2 -9 7.92 84
1 1 1 -9 10.21 85
1 1 2 -9 2.55 63
1 204 2 -9 1.9 58
3 1 2 -9 4.49 71
1 1 2 -9 2.65 61
1 1 2 -9 2.04 58
1 1 1 -9 2.14 58
3 1 1 -9 1.73 51
1 1 2 -9 5.01 74
3 1 1 -9 4.9 74
3 1 1 -9 5.1 77
3 1 2 -9 3.88 65
3 1 1 -9 8.06 85
1 114 1 -9 2.09 57
2 486 1 -9 4.86 73
1 1 1 -9 15.71 114
1 1 1 -9 9.8 90
1 1 2 -9 1.63 53
3 1 1 -9 7.55 85
3 1 1 -9 4.9 75
1 228 1 -9 1.8 55
3 813 2 -9 2.75 62
1 370 1 -9 2.8 62
2 671 2 -9 3.7 66
1 1 1 -9 3.48 66
1 1 1 -9 3.57 67
1 1 2 -9 4.7 68
1 1 1 -9 3.57 65
3 1 2 -9 2.2 61
1 1 2 -9 10.08 93
1 298 1 -9 4.99 69
1 1 1 -9 2.04 58
1 1 2 -9 3.1 70
1 1 1 -9 9.06 89
1 1 1 -9 2.45 58
1 1 1 -9 2.24 62
3 1 2 -9 7.76 82
3 1 1 -9 7.14 84
2 624 1 -9 7.3 85
1 77 1 -9 3.8 67
3 638 2 -9 2.4 56
1 1 2 -9 3.16 61
3 649 2 -9 5.7 64
3 721 1 -9 3.24 67
1 382 2 -9 3.52 67
3 829 1 -9 2.9 66
3 1 1 -9 2.2 56
1 1 2 -9 1.63 54
1 159 2 -9 1.3 50
1 250 1 -9 2.78 61
1 256 1 -9 11.68 91
1 1 1 -9 5.87 77
1 1 2 -9 2.37 56
1 1 2 -9 1.32 49
1 353 2 -9 0.8 42
1 1 1 -9 6.5 77
1 271 2 -9 7.2 80
1 1 2 -9 4.78 78
3 596 1 -9 11.7 93
1 1 2 -9 2.65 60
1 1 1 -9 5.1 73
2 488 1 -9 9.13 89
3 688 2 -9 2.81 63
3 685 1 -9 6.4 77
1 1 2 -9 5.71 74
3 856 2 -9 6.1 80
1 1 1 -9 4.29 68
1 1 1 -9 4.95 71
3 434 2 -9 2.91 64
1 164 1 -9 4.2 67
1 218 2 -9 5.2 78
2 789 2 -9 3.16 74
2 808 1 -9 3.83 65
1 1 2 -9 1.43 56
1 1 1 -9 4.69 72
2 786 1 -9 6.23 87
1 229 1 -9 3.6 67
1 1 2 -9 3.1 63
1 1 2 -9 6.96 81
2 566 1 -9 15.05 106
1 364 1 -9 5.9 73
1 1 2 -9 3.88 68
3 1 2 -9 3.37 70
1 1 1 -9 3.51 66
3 1 1 -9 2.24 54
1 1 2 -9 5.57 81
1 1 1 -9 10 94
1 80 1 -9 6.4 74
1 1 1 -9 3.78 68
3 1 2 -9 11.94 96
3 1 1 -9 2.86 59
3 1 2 -9 3.37 63
2 622 1 -9 4.9 73
1 68 1 -9 3.3 64
2 741 1 -9 4.45 72
1 45 1 -9 2.55 57
3 494 1 -9 3.87 68
2 836 1 -9 2.4 58
2 450 2 -9 2.79 65
1 1 2 -9 3.1 62
1 1 2 -9 4.4 76
1 381 2 -9 1.38 52
2 849 2 -9 1.97 57
1 155 2 -9 3.8 63
3 1 2 -9 2.4 57
1 1 1 -9 11.53 99
1 1 1 -9 5 67
1 369 1 -9 2.2 57
1 1 1 -9 3.4 66
1 140 2 -9 3.6 63
1 1 2 -9 7.73 80
1 365 2 -9 1.95 54
3 1 2 -9 3.27 69
3 1 2 -9 3.27 60
3 1 1 -9 3.27 62
1 1 2 -9 3.88 65
3 1 1 -9 8.27 80
1 1 2 -9 10.67 90
1 286 1 -9 4.71 70
3 734 2 -9 4.6 72
3 1 2 -9 4.69 71
2 759 1 -9 3.35 64
1 115 2 -9 3 62
1 149 2 -9 1.79 56
3 553 1 -9 5.7 77
1 263 2 -9 1.52 51
3 1 2 -9 7.12 83
1 1 2 -9 9.9 84
1 405 2 -9 1.5 49
3 825 2 -9 2.4 58
2 809 1 -9 2.5 60
3 1 2 -9 4.2 69
3 1 2 -9 2.2 61
1 1 1 -9 2.76 62
3 773 2 -9 2.65 66
2 654 1 -9 5.7 71
1 1 2 -9 2.36 56
1 59 2 -9 2.1 55
1 1 2 -9 3.29 62
1 1 2 -9 1.46 46
3 834 2 -9 6.8 87
1 1 1 -9 7.04 83
1 1 1 -9 4.18 70
3 1 1 -9 4.39 71
1 1 2 -9 3.69 73
1 1 2 -9 1.43 49
1 1 2 -9 3.14 65
2 632 1 -9 3 63
1 151 1 -9 2.68 61
2 572 1 -9 2.2 55
3 837 1 -9 2.1 56
1 233 2 -9 3.48 73
1 173 2 -9 2.7 63
1 403 2 -9 1.68 55
2 711 2 -9 3.65 67
1 156 2 -9 1.5 52
3 1 1 -9 3.06 63
1 64 1 -9 1.62 52
2 588 2 -9 2.98 58
1 27 1 -9 3.57 66
2 701 2 -9 2 54
1 247 1 -9 2.48 56
1 136 1 -9 9.27 82
2 519 1 -9 8.27 88
1 1 1 -9 2.6 60
1 1 1 -9 3.16 66
1 1 1 -9 2.65 61
3 1 2 -9 6.58 82
3 1 2 -9 6.22 82
3 1 2 -9 1.84 52
3 1 2 -9 2.31 57
1 1 2 -9 5.78 81
1 1 2 -9 3.71 70
1 1 1 -9 1.43 50
3 1 2 -9 10.41 89
2 564 2 -9 2.12 57
1 346 2 -9 3.2 68
1 257 1 -9 1.9 55
2 572 1 -9 12.8 98
3 473 1 -9 3.77 67
3 1 2 -9 7.4 87
3 1 1 -9 1.4 49
1 1 2 -9 5 71
1 1 1 -9 3.57 64
2 710 2 -9 2.21 55
1 1 1 -9 2.76 60
1 110 2 -9 2.2 55
1 1 1 -9 10.81 92
1 300 1 -9 2.05 57
1 302 1 -9 7.43 78
2 611 1 -9 4.6 72
1 1 2 -9 3.59 68
1 384 1 -9 7.4 77
1 1 1 -9 2.47 64
3 1 1 -9 4.49 72
3 1 2 -9 10.61 91
1 1 2 -9 4.06 75
1 1 1 -9 5.51 76
1 97 1 -9 2.61 59
1 1 2 -9 3.05 67
3 1 2 -9 3.98 67
3 1 1 -9 2.65 60
2 501 1 -9 5.1 85
2 503 1 -9 3.1 76
1 213 2 -9 5.5 71
2 689 1 -9 3.71 66
2 467 2 -9 2.24 56
3 1 2 -9 14.39 110
1 1 1 -9 5.77 72
3 1 1 -9 3.01 62
1 1 2 -9 4.64 68
2 736 1 -9 2.8 54
1 123 2 -9 10.4 89
1 1 1 -9 4.29 75
2 778 1 -9 2.02 64
1 244 1 -9 1.74 50
2 655 2 -9 10 89
1 1 1 -9 2.73 59
1 1 2 -9 5.88 82
1 1 2 -9 2.21 58
1 350 1 -9 5.58 72
3 801 1 -9 2.32 57
1 366 2 -9 3.38 64
3 1 2 -9 3.98 70
1 1 1 -9 4.08 72
1 1 2 -9 3.08 65
3 1 2 -9 5.33 74
1 88 2 -9 7.7 79
2 564 1 -9 13.4 98
1 150 2 -9 6.38 73
3 544 1 -9 5.1 80
1 41 1 -9 2.5 62
1 1 2 -9 4.18 66
1 34 1 -9 6.36 75
1 31 1 -9 2.36 58
1 17 2 -9 2.6 56
2 726 2 -9 1.8 55
1 1 2 -9 3.91 70
1 156 1 -9 1.6 54
3 1 1 -9 2.8 62
3 1 2 -9 5.5 74
3 815 1 -9 7.71 84
1 267 1 -9 2 63
1 1 2 -9 4.64 71
1 1 2 -9 4.76 72
1 1 1 -9 4.78 72
2 566 1 -9 3.1 65
1 1 2 -9 2.53 61
1 141 1 -9 4.5 72
1 1 1 -9 7.18 82
1 275 1 -9 3.35 65
2 512 2 -9 10 95
3 1 1 -9 1.33 51
1 1 2 -9 3.43 68
1 1 1 -9 8.2 84
1 286 2 -9 1.89 53
1 1 2 -9 3.06 64
1 1 2 -9 4.39 69
3 1 2 -9 3.98 68
1 181 2 -9 4.29 68
2 513 1 -9 3.66 68
3 547 1 -9 1.74 52
1 1 1 -9 4.9 72
1 185 2 -9 2.38 54
2 845 1 -9 7.4 85
3 1 1 -9 11.47 95
3 1 2 -9 2.54 58
1 169 1 -9 6 75
2 749 2 -9 2.56 62
3 1 1 -9 4 65
3 1 2 -9 9 84
3 774 1 -9 8.97 94
1 13 2 -9 1.9 54
2 669 2 -9 -9 63
1 1 1 -9 4.53 71
1 1 2 -9 3.14 64
1 1 2 -9 3.14 62
1 1 1 -9 6.71 75
1 274 2 -9 2.7 58
1 1 2 -9 2.24 61
3 1 1 -9 2.49 61
1 1 2 -9 2.73 64
1 1 2 -9 8.39 89
1 54 1 -9 2.5 61
1 1 2 -9 2.14 57
3 764 1 -9 1.78 53
1 114 1 -9 8.45 74
2 504 2 -9 2.1 61
1 1 2 -9 9.18 86
1 49 2 -9 6.8 77
1 1 2 -9 6.33 74
3 1 2 -9 3.8 67
1 396 1 -9 11.26 94
1 397 2 -9 2.09 55
3 1 2 -9 4.29 67
2 749 2 -9 2.78 61
1 145 1 -9 4.8 70
1 1 1 -9 4.8 71
3 1 2 -9 7.8 80
2 805 1 -9 4 70
1 408 1 -9 1.8 54
1 1 2 -9 1.84 52
3 774 1 -9 1.69 62
1 304 1 -9 2.03 59
1 1 2 -9 1.65 49
1 1 1 -9 4.92 78
1 1 2 -9 0.87 32
1 1 1 -9 3.27 68
1 1 2 -9 4.8 77
1 1 1 -9 4.51 69
1 1 2 -9 3.78 67
1 1 1 -9 4.69 72
3 1 1 -9 2.04 55
3 548 2 -9 3.3 66
1 1 1 -9 4.95 72
3 1 2 -9 1.99 53
1 166 1 -9 2.8 61
3 1 1 -9 3.47 66
2 791 2 -9 5.1 74
2 713 2 -9 2.98 61
1 1 1 -9 4.08 75
1 357 1 -9 -9 67
2 784 2 -9 7.52 95
1 67 1 -9 2.5 58
1 1 2 -9 8.96 83
1 1 2 -9 2.71 67
3 1 1 -9 3.47 66
1 1 2 -9 3.63 65
1 1 2 -9 11.41 98
1 1 1 -9 3.9 66
1 1 1 -9 3.43 68
1 326 1 -9 -9 55
1 1 1 -9 6.63 79
3 687 1 -9 7.13 83
1 262 2 -9 2.81 60
2 571 1 -9 2.9 56
3 1 2 -9 5 72
3 482 1 -9 2.3 56
2 752 2 -9 4.06 70
3 1 1 -9 10.6 88
1 393 1 -9 4.5 72
3 1 1 -9 8 84
1 1 1 -9 4.69 68
1 137 1 -9 5.91 78
1 133 2 -9 1.49 51
1 1 2 -9 1.94 52
1 1 2 -9 4.14 69
1 1 2 -9 4.98 81
1 1 2 -9 2.91 66
1 1 2 -9 3.27 68
1 1 1 -9 3.91 67
1 1 2 -9 10.04 89
1 273 1 -9 4.2 66
1 1 1 -9 4.69 74
1 1 2 -9 3.2 61
1 1 2 -9 4.14 76
3 1 1 -9 2.14 57
1 208 2 -9 4.7 70
1 1 1 -9 1.53 50
3 1 2 -9 3.67 66
2 462 2 -9 6.62 80
3 743 1 -9 4.13 70
2 496 1 -9 13.92 100
3 1 1 -9 3.56 67
3 1 1 -9 9.8 87
1 188 2 -9 5.45 74
1 127 2 -9 4.2 66
1 1 2 -9 3.16 67
1 1 2 -9 2.96 72
2 780 2 -9 3.13 75
2 821 1 -9 6.72 80
1 1 2 -9 3.79 67
1 1 2 -9 5.44 68
1 1 2 -9 4.31 65
1 1 1 -9 6.01 75
1 63 2 -9 1.42 50
1 415 2 -9 4.12 69
1 295 1 -9 3.04 59
1 1 2 -9 2.86 65
1 1 1 -9 2.35 56
1 1 2 -9 1.12 49
3 1 2 -9 1.73 53
1 1 2 -9 3.37 68
3 1 2 -9 2.76 61
1 1 2 -9 2.45 63
1 1 2 -9 4.49 76
1 1 1 -9 5.62 80
2 529 1 -9 8.86 82
2 534 2 -9 10 93
3 1 2 -9 3.67 68
2 527 2 -9 5.4 76
1 290 1 -9 3.1 62
3 1 1 -9 4.59 72
2 469 1 -9 5.86 78
2 539 1 -9 10.1 87
3 1 2 -9 3.47 67
1 1 1 -9 5.51 73
3 1 1 -9 1.42 41
2 457 2 -9 0.9 46
1 1 1 -9 7.8 92
3 1 2 -9 3.06 65
1 198 1 -9 2.1 57
1 18 2 -9 3.68 69
1 1 2 -9 3.67 63
1 1 2 -9 1.73 57
1 1 1 -9 2.86 62
2 822 1 -9 4.14 66
2 703 1 -9 3.4 62
1 1 2 -9 1.91 57
1 1 1 -9 4.76 74
2 863 1 -9 4.86 71
1 1 2 -9 3.37 67
1 1 1 -9 3.78 72
3 1 1 -9 5.27 75
1 1 1 -9 6.43 76
3 1 2 -9 2.76 61
3 546 1 -9 0.9 52
3 553 1 -9 1.1 49
2 498 2 -9 6.04 84
2 497 1 -9 1.41 48
3 1 1 -9 3.86 68
1 1 2 -9 3.88 63
2 590 1 -9 8.76 85
1 404 1 -9 1.2 50
3 826 2 -9 8.2 87
1 1 1 -9 4.08 69
1 1 1 -9 5.91 75
3 1 1 -9 4.3 69
3 1 1 -9 6.02 77
1 126 2 -9 3.3 67
3 1 1 -9 4.3 72
1 1 2 -9 6.64 74
1 1 2 -9 2.14 57
1 1 2 -9 4.87 68
1 1 1 -9 4.65 69
1 1 1 -9 5.27 72
1 1 2 -9 9.08 90
1 1 1 -9 2.55 60
1 1 2 -9 3.09 62
1 1 1 -9 5.23 71
3 1 1 -9 13.88 100
1 1 2 -9 2.55 61
3 1 2 -9 3.27 67
1 1 1 -9 2.76 63
1 1 2 -9 3.37 69
3 1 2 -9 1.53 49
3 629 2 -9 1.34 51
3 628 1 -9 7.7 85
2 742 1 -9 7.14 83
3 1 1 -9 3.45 64
1 1 1 -9 2.6 61
1 72 2 -9 3.7 65
1 72 2 -9 5.3 71
3 1 2 -9 1.94 57
1 379 2 -9 2.38 64
3 1 1 -9 7 81
1 39 2 -9 5.2 72
1 124 2 -9 3.6 67
1 1 1 -9 3.47 65
1 1 2 -9 1.9 53
1 1 2 -9 2.06 55
1 1 1 -9 5.14 72
1 1 1 -9 3.8 68
2 598 2 -9 2.79 61
2 598 2 -9 6.5 82
1 1 1 -9 5.2 79
1 1 2 -9 3.45 71
3 668 1 -9 2.3 54
1 1 2 -9 1.43 48
3 1 2 -9 3.16 62
1 294 2 -9 4.3 68
2 693 2 -9 4.69 74
1 1 2 -9 2 55
2 479 1 -9 4.19 68
1 1 1 -9 5.97 77
3 1 2 -9 2.68 65
2 871 2 -9 3.26 64
1 1 1 -9 2.76 60
1 1 2 -9 4.03 65
2 792 2 -9 3.91 79
2 854 2 -9 2.14 59
3 643 1 -9 5.1 73
2 766 2 -9 2.32 58
1 375 1 -9 3.48 64
1 389 2 -9 1.86 54
2 659 2 -9 5 73
1 135 1 -9 5.19 70
1 1 2 -9 2.82 60
1 1 1 -9 3.43 68
1 1 1 -9 8.52 83
1 90 1 -9 -9 74
1 1 1 -9 4.73 79
1 1 2 -9 3.22 62
3 1 2 -9 2.55 62
1 1 2 -9 4.96 73
1 1 1 -9 11.98 102
1 314 1 -9 8.4 84
1 96 1 -9 5.1 70
1 111 1 -9 6.85 78
1 182 2 -9 1.4 48
1 190 1 -9 2.76 59
2 460 2 -9 1.5 49
1 152 1 -9 1.47 52
1 1 1 -9 5.71 74
1 40 2 -9 -9 62
2 717 1 -9 2.59 57
2 714 1 -9 7.16 86
3 858 1 -9 2.82 62
3 636 1 -9 2.6 59
3 1 2 -9 1.45 50
2 454 1 -9 7.63 91
3 1 2 -9 8.52 82
3 1 2 -9 2.76 60
1 1 1 -9 3.47 68
2 591 2 -9 3.86 64
1 1 2 -9 1.33 49
2 662 2 -9 6.8 76
2 739 1 -9 5.2 64
2 674 1 -9 8.8 90
1 130 1 -9 1.22 48
1 1 1 -9 10.45 97
1 1 2 -9 3.59 68
1 1 1 -9 1.33 52
3 1 1 -9 1.32 53
1 1 2 -9 2.14 61
1 1 1 -9 2.35 63
1 270 1 -9 4.3 71
3 1 2 -9 4.8 72
3 1 1 -9 8.57 91
3 1 1 -9 3.63 65
3 1 2 -9 5.31 71
3 1 1 -9 4.76 70
3 1 1 -9 2.86 59
1 1 2 -9 1.21 50
3 1 2 -9 2.76 62
3 1 2 -9 2.65 64
2 862 1 -9 8.18 86
2 495 1 -9 4.08 67
2 477 2 -9 6.6 78
1 1 2 -9 5.41 74
3 636 1 -9 7.4 82
1 1 1 -9 11.07 88
1 94 1 -9 4 66
1 1 1 -9 6.12 75
1 1 2 -9 2.7 57
1 1 2 -9 3.57 66
3 522 2 -9 5.6 75
2 651 1 -9 5.3 71
2 710 1 -9 4.42 70
2 790 1 -9 1.86 62
2 748 1 -9 4.43 68
2 751 2 -9 3.72 62
1 1 2 -9 3.57 61
3 1 1 -9 5.1 75
1 1 1 -9 3.67 67
1 1 1 -9 2.04 57
3 1 1 -9 5.1 75
3 816 2 -9 3.44 67
2 697 2 -9 -9 57
1 372 2 -9 3.42 64
1 1 2 -9 3.77 65
1 1 1 -9 5.44 72
1 1 2 -9 4.29 76
1 1 2 -9 4.4 76
1 1 1 -9 3.57 71
3 1 2 -9 4.49 76
3 1 2 -9 7.18 82
1 1 1 -9 9.06 98
3 705 2 -9 3.2 67
1 424 1 -9 0.72 42
1 151 2 -9 4.19 67
1 333 2 -9 4.65 70
2 495 2 -9 6.92 77
1 1 2 -9 4.1 70
2 845 2 -9 3.2 64
1 397 2 -9 4.39 71
3 1 1 -9 2.7 57
1 217 2 -9 4.21 66
2 726 2 -9 2.23 58
2 484 1 -9 5.9 73
1 20 2 -9 2.08 56
1 1 2 -9 2.55 60
3 776 2 -9 1.43 58
2 777 1 -9 1.61 58
3 813 2 -9 1.67 56
2 831 2 -9 2.2 58
2 604 1 -9 2.6 61
2 606 1 -9 5.8 75
1 1 1 -9 3.16 68
1 1 2 -9 3.43 71
1 1 1 -9 4.63 73
1 1 2 -9 3.84 68
3 1 1 -9 2.27 57
1 1 1 -9 8.14 86
1 210 2 -9 3.7 65
2 584 1 -9 6.82 81
1 1 2 -9 0.87 44
3 1 2 -9 3.36 66
2 695 2 -9 7.65 87
2 513 2 -9 2.44 58
3 545 1 -9 10.3 92
2 866 1 -9 3.4 67
2 480 1 -9 3.36 65
1 321 2 -9 2.2 55
1 73 1 -9 3.6 68
3 1 1 -9 2.6 62
1 166 1 -9 4.5 73
1 1 1 -9 6.12 76
3 1 1 -9 12.35 97
2 587 1 -9 8.01 83
1 157 2 -9 4.4 68
1 241 2 -9 3.86 66
1 48 2 -9 1.9 54
1 1 1 -9 2.65 60
1 1 2 -9 2.55 61
1 1 2 -9 3.16 68
3 1 1 -9 2.55 58
1 1 1 -9 5.06 80
1 1 2 -9 2.39 67
3 1 2 -9 1.04 47
1 1 2 -9 2.02 56
2 445 2 -9 1.5 52
2 461 1 -9 2.36 54
1 153 2 -9 3.12 67
1 1 1 -9 4.59 73
3 475 2 -9 2.23 57
3 1 1 -9 2.54 58
3 1 2 -9 3.85 65
1 1 1 -9 4.5 71
1 1 1 -9 3.06 60
3 433 1 -9 5.81 76
1 402 1 -9 1.22 49
1 308 1 -9 6.7 79
1 408 1 -9 1 44
1 1 1 -9 3.98 71
1 1 2 -9 2.86 65
1 25 2 -9 1.53 51
2 820 1 -9 2.5 58
2 699 1 -9 12.8 90
2 518 1 -9 4.09 66
1 46 2 -9 -9 50
1 1 2 -9 3.63 65
1 1 1 -9 5.49 75
1 1 2 -9 3.73 65
1 1 1 -9 10.03 89
1 1 2 -9 2.63 61
1 1 2 -9 3.24 63
3 1 1 -9 2.35 65
1 1 1 -9 5.41 77
3 1 2 -9 7.55 82
3 1 2 -9 2.24 63
1 270 2 -9 6.6 74
3 1 1 -9 1.84 52
1 1 2 -9 5.31 78
1 1 1 -9 4.8 70
3 1 1 -9 3.47 65
2 802 2 -9 3.2 64
2 862 1 -9 5.56 73
1 1 1 -9 5.82 76
1 1 1 -9 6.02 80
1 1 2 -9 7.24 80
3 1 1 -9 2.73 62
1 1 1 -9 8.5 80
1 395 2 -9 0.66 39
1 199 2 -9 2.8 63
1 197 1 -9 2.2 52
2 681 1 -9 5 76
2 680 1 -9 6 77
1 1 1 -9 8.06 89
1 236 1 -9 2.06 51
2 616 2 -9 2.22 58
1 4 2 -9 2.25 57
1 1 2 -9 2.07 57
1 1 2 -9 1.3 50
2 511 1 -9 10 92
1 384 1 -9 4 63
1 1 2 -9 4.8 78
1 1 2 -9 1.94 53
1 1 1 -9 5.94 75
3 1 2 -9 2.35 56
1 1 1 -9 2.02 62
1 1 1 -9 4.08 67
3 727 1 -9 2.8 65
1 1 2 -9 4.99 74
1 1 1 -9 6.95 80
1 1 2 -9 4.69 69
3 757 1 -9 2.4 56
3 1 2 -9 5.31 72
3 562 2 -9 0.7 41
1 111 1 -9 8.69 88
1 120 2 -9 4.2 70
2 539 2 -9 2.1 58
2 841 1 -9 1.7 53
2 476 2 -9 5.28 74
3 1 2 -9 9.38 92
1 1 2 -9 3.57 66
1 1 2 -9 10.31 86
1 1 2 -9 1.45 50
1 1 2 -9 1.94 53
1 176 1 -9 2.6 63
1 403 1 -9 2.3 65
2 852 2 -9 4.16 69
1 1 1 -9 4.29 68
1 356 1 -9 -9 83
1 226 2 -9 3.44 61
2 652 1 -9 2.6 59
1 5 2 -9 1.97 54
1 1 2 -9 2.03 59
1 1 2 -9 3.62 66
1 1 1 -9 4.12 72
1 1 1 -9 6.02 76
1 1 2 -9 5.71 85
3 1 1 -9 3.97 70
1 1 1 -9 6.33 84
1 1 2 -9 2.43 61
3 1 2 -9 2.7 61
1 1 2 -9 3.22 64
1 1 1 -9 4.18 82
1 1 1 -9 4.61 75
1 1 2 -9 3.16 70
1 1 1 -9 15.1 101
3 1 2 -9 2.65 60
2 524 1 -9 9.12 85
2 491 1 -9 2.48 59
3 472 2 -9 1.68 52
3 1 1 -9 7.6 80
3 1 2 -9 10.76 91
1 1 1 -9 6.33 77
3 719 1 -9 1.13 47
1 360 2 -9 2.8 67
3 1 2 -9 8.9 90
2 805 2 -9 4.2 71
1 1 1 -9 0.82 44
1 1 2 -9 7.04 87
1 1 2 -9 2.65 57
1 1 2 -9 3.16 60
2 783 2 -9 4.02 77
3 507 1 -9 2.3 67
2 567 1 -9 8.11 86
1 1 1 -9 3.35 64
1 1 1 -9 3.22 67
1 1 2 -9 4.55 69
2 864 1 -9 13.46 92
1 1 2 -9 2.35 61
1 1 1 -9 5.2 73
3 1 2 -9 3.06 62
1 1 1 -9 5.41 75
1 1 1 -9 6.14 78
1 1 1 -9 7.57 81
1 56 1 -9 1.87 56
2 527 1 -9 4.6 71
1 117 2 -9 2.3 57
1 183 2 -9 2.2 62
1 222 2 -9 4.08 68
1 345 1 -9 3.35 67
3 1 2 -9 5.22 73
3 1 2 -9 4.36 71
3 1 2 -9 2.8 60
3 1 1 -9 3.5 66
3 429 1 -9 7.03 80
1 1 1 -9 6.73 77
1 93 1 -9 7.48 80
3 718 2 -9 2.88 63
2 682 1 -9 3.5 66
2 641 1 -9 9.1 89
3 1 2 -9 2.4 60
3 1 2 -9 2.9 63
3 1 1 -9 3.2 66
1 128 1 -9 2.1 57
1 36 2 -9 4.61 68
1 305 2 -9 3.78 67
2 820 2 -9 6.44 81
1 245 1 -9 1.86 53
1 177 1 -9 2.9 61
1 48 1 -9 2.8 61
1 1 1 -9 3.76 66
1 1 2 -9 5.24 72
1 4 2 -9 2.3 57
1 1 2 -9 2.55 65
1 1 1 -9 3.37 69
1 1 1 -9 2.45 62
3 1 2 -9 3.06 63
1 1 2 -9 3.06 59
1 1 2 -9 2.01 59
3 1 2 -9 4.18 69
1 50 2 -9 1.81 54
3 595 2 -9 2.5 62
1 1 1 -9 4.29 68
1 1 1 -9 5.71 74
3 1 1 -9 1.43 51
2 755 2 -9 6.6 66
1 181 1 -9 2.28 56
2 620 1 -9 1.7 57
1 348 1 -9 6.1 84
1 1 2 -9 10.1 92
1 1 2 -9 4.2 73
1 1 1 -9 8.16 81
3 1 2 -9 3.78 75
1 1 1 -9 2.4 59
1 227 1 -9 8.3 82
1 247 2 -9 5.16 72
1 1 1 -9 2.88 60
1 1 1 -9 3.97 67
2 832 1 -9 1.9 53
1 301 2 -9 3.23 65
1 1 1 -9 2 56
1 1 1 -9 4.88 77
1 1 1 -9 3.67 66
3 1 1 -9 8.78 86
3 1 1 -9 12.49 100
3 1 1 -9 2.86 60
2 694 2 -9 4.69 73
1 213 2 -9 2.9 61
3 540 1 -9 1.4 59
3 551 2 -9 1.4 52
1 1 2 -9 5.61 72
2 499 2 -9 3.2 68
1 1 2 -9 3.1 62
3 1 2 -9 7.7 85
3 1 2 -9 4.2 68
1 1 1 -9 2.04 55
3 1 2 -9 1.51 52
1 175 2 -9 2.1 57
2 436 1 -9 2.77 62
2 723 1 -9 1.96 57
1 1 2 -9 4.8 79
1 1 1 -9 2.14 59
2 587 2 -9 7.1 83
1 356 2 -9 -9 64
1 305 1 -9 1.66 54
2 656 2 -9 1.6 52
1 202 2 -9 2.5 55
1 1 2 -9 7.69 86
1 296 2 -9 3.91 70
1 1 1 -9 9.59 94
1 1 2 -9 2.94 64
1 1 2 -9 3.9 73
1 1 1 -9 4.9 74
1 1 2 -9 4.06 75
3 704 1 -9 3 61
3 596 2 -9 10.1 90
1 362 1 -9 6.6 72
1 1 1 -9 1.35 51
3 1 1 -9 4.18 69
3 1 1 -9 7.86 86
3 561 1 -9 1.98 56
2 630 1 -9 2.88 62
3 548 2 -9 1.9 54
3 542 2 -9 0.7 53
2 560 2 -9 2.4 58
1 1 2 -9 4.08 67
3 1 1 -9 2.62 61
3 1 2 -9 6.48 86
1 1 1 -9 2.55 59
1 1 2 -9 6.73 78
3 1 1 -9 2 54
1 108 2 -9 2.1 57
1 107 1 -9 2.5 60
1 1 2 -9 2.65 66
2 697 2 -9 -9 57
2 769 2 -9 1.04 47
1 1 2 -9 4.92 72
1 1 1 -9 3.69 71
1 62 2 -9 3.55 65
1 1 2 -9 9.8 92
1 1 1 -9 3.06 63
1 350 1 -9 0.42 33
1 91 2 -9 3.2 66
1 365 2 -9 4.26 70
1 1 2 -9 1.92 56
3 1 1 -9 2.9 63
3 1 1 -9 5.82 76
3 1 2 -9 1.8 55
3 1 2 -9 1.98 56
1 1 2 -9 6.55 80
3 731 1 -9 1.8 54
1 102 2 -9 3.27 58
1 337 2 -9 3.36 64
1 1 1 -9 6.43 77
1 1 1 -9 3.98 68
1 323 2 -9 2.8 66
3 552 1 -9 1.6 55
2 559 1 -9 4.1 64
3 1 1 -9 8.7 81
1 75 2 -9 3.4 62
1 311 1 -9 2 54
1 309 2 -9 6.5 69
1 1 2 -9 3.16 63
2 806 2 -9 2.3 55
2 703 2 -9 5.3 72
1 243 2 -9 3.76 65
1 1 2 -9 3.33 64
1 1 1 -9 6.45 73
1 1 1 -9 1.62 50
1 1 2 -9 2.81 63
2 864 1 -9 6.02 58
1 180 2 -9 5.9 74
1 1 1 -9 1.84 58
1 1 2 -9 2.16 61
1 1 2 -9 2.04 61
1 103 1 -9 11.26 89
3 1 2 -9 1.12 47
1 1 2 -9 8.98 84
3 1 2 -9 3.06 63
1 292 1 -9 2.1 61
2 631 2 -9 2.88 58
1 409 1 -9 1.18 47
1 1 1 -9 7.14 80
3 1 1 -9 2.76 59
3 637 2 -9 2.1 59
3 1 2 -9 3.62 67
2 457 1 -9 2.52 62
1 330 1 -9 5.28 71
2 871 1 -9 3.98 69
1 1 1 -9 12.7 99
2 851 2 -9 2.42 61
2 440 2 -9 2.34 61
2 441 2 -9 1.6 54
3 827 2 -9 7 80
2 850 1 -9 5.25 74
3 1 2 -9 3.8 70
1 1 2 -9 7.65 83
1 1 1 -9 2.86 69
1 1 1 -9 10.37 91
3 797 1 -9 1.36 56
1 1 1 -9 2.65 57
1 1 1 -9 3.14 68
1 1 2 -9 2.94 64
1 1 2 -9 5.94 75
3 1 2 -9 2.24 55
1 1 2 -9 5.98 81
1 102 2 -9 5.11 68
1 1 2 -9 2.45 59
1 334 1 -9 3.5 63
3 541 2 -9 8.2 90
2 468 1 -9 2.52 59
1 1 1 -9 3.33 65
3 471 1 -9 6.25 79
3 1 1 -9 9.75 93
1 1 2 -9 8.37 80
3 772 2 -9 1.89 53
2 683 2 -9 3 59
1 36 1 -9 5.78 76
3 1 1 -9 2.35 60
1 1 2 -9 3.78 66
1 13 1 -9 2.4 62
3 603 1 -9 7.6 87
1 1 1 -9 2.63 61
1 1 2 -9 3.14 64
1 1 1 -9 2.76 62
3 1 2 -9 4.08 78
1 1 2 -9 2.04 57
1 54 1 -9 6.86 78
1 81 2 -9 5.4 71
1 1 1 -9 2.65 56
1 293 1 -9 3.9 66
2 557 2 -9 4.1 70
1 394 1 -9 11.87 98
2 791 2 -9 2.7 65
1 1 2 -9 1.84 54
1 1 1 -9 13.2 100
1 1 1 -9 3.57 63
1 67 1 -9 2.9 63
2 662 2 -9 6.2 76
2 670 1 -9 -9 74
1 400 2 -9 11 92
1 1 2 -9 1.65 53
2 617 1 -9 8.3 91
3 1 2 -9 6.43 80
1 1 1 -9 4.08 72
1 1 1 -9 4.37 76
1 1 1 -9 4.88 79
1 1 2 -9 8.34 90
1 1 2 -9 3.61 70
1 86 2 -9 6.8 80
3 1 1 -9 4.18 70
3 1 1 -9 5.2 70
2 623 1 -9 1.85 55
1 220 1 -9 8.04 83
2 803 1 -9 1.59 53
1 1 1 -9 5.97 76
2 843 2 -9 4.2 69
2 480 2 -9 3.96 67
3 1 1 -9 1.2 43
1 74 2 -9 4.8 70
2 452 2 -9 2.03 56
1 1 1 -9 2.3 61
1 232 2 -9 3.95 56
2 746 2 -9 5.09 73
2 851 2 -9 3.93 70
1 360 1 -9 5.8 77
3 1 1 -9 8.4 86
1 127 1 -9 1.5 49
1 1 2 -9 6.73 76
1 252 2 -9 6.04 74
1 1 1 -9 3.43 63
1 1 2 -9 2.57 58
1 1 1 -9 3.37 67
1 1 1 -9 2.95 69
3 1 2 -9 1.73 54
1 1 2 -9 4.24 72
1 1 2 -9 2.04 58
1 1 2 -9 4.63 77
1 3 2 -9 3.4 63
3 626 2 -9 2.8 62
3 551 2 -9 5.6 79
2 558 2 -9 2 55
1 1 2 -9 17.55 115
1 42 2 -9 5.3 70
3 634 1 -9 2.25 58
1 1 2 -9 5.71 76
3 648 1 -9 7.6 86
3 1 2 -9 13.06 99
3 1 2 -9 1.73 56
1 1 1 -9 4.29 67
2 787 2 -9 1.57 62
2 519 1 -9 1.58 54
1 1 1 -9 2.49 58
1 1 1 -9 3.37 66
1 1 1 -9 3.98 70
1 1 2 -9 2.14 54
1 362 2 -9 3.6 65
1 205 2 -9 3.1 63
1 1 2 -9 4.29 68
1 1 2 -9 1.79 50
1 1 2 -9 2.14 52
2 537 1 -9 2.7 60
1 1 2 -9 6.84 81
3 1 2 -9 4.68 70
3 1 1 -9 8.61 81
1 1 1 -9 4.2 70
1 95 1 -9 3.2 63
1 162 2 -9 7 76
1 232 2 -9 4.16 65
3 426 1 -9 3.32 70
1 217 1 -9 1.41 46
1 144 2 -9 6.8 77
3 1 1 -9 4.9 75
1 108 2 -9 3.6 65
1 110 2 -9 9.2 86
1 1 1 -9 1.22 49
2 701 1 -9 6.4 80
2 769 2 -9 2.2 61
2 661 1 -9 3 60
2 660 2 -9 5 70
2 653 1 -9 7.1 79
2 676 2 -9 7.4 81
1 131 1 -9 5.34 72
1 1 2 -9 4.31 70
1 1 2 -9 2.76 63
1 1 1 -9 9.2 86
3 1 2 -9 1.37 51
3 1 1 -9 1.82 54
1 1 2 -9 5.55 79
3 1 1 -9 6.33 81
3 1 1 -9 8.78 86
2 803 1 -9 10.21 89
1 1 2 -9 4.18 66
1 1 2 -9 5.1 69
3 856 1 -9 9.42 87
1 1 1 -9 5.05 72
1 1 2 -9 4.6 83
1 1 1 -9 10.61 88
1 1 2 -9 5.26 71
1 1 2 -9 2.91 60
1 95 2 -9 2.7 60
2 436 1 -9 4.33 71
3 482 1 -9 2.6 62
1 379 2 -9 1.2 48
1 282 2 -9 3.8 73
2 847 2 -9 2.36 60
2 848 2 -9 2.23 60
3 1 2 -9 5.51 72
2 779 1 -9 8.54 98
1 158 1 -9 6.5 64
1 228 1 -9 3.6 64
1 386 2 -9 2.54 58
1 269 2 -9 -9 68
2 675 2 -9 5.2 75
1 201 1 -9 1.2 53
1 1 2 -9 4.2 67
3 1 2 -9 2.55 61
1 1 2 -9 4.47 78
1 1 1 -9 4.08 73
1 1 2 -9 2.63 64
3 1 2 -9 5 71
1 1 2 -9 4.65 76
3 1 2 -9 1.63 54
1 1 2 -9 2.76 57
3 1 1 -9 1.53 47
2 501 1 -9 3.9 78
2 554 2 -9 3.9 67
1 410 2 -9 6.12 82
1 377 2 -9 3.4 60
3 1 2 -9 3.52 51
3 1 1 -9 1.93 72
1 1 2 -9 3.16 61
1 192 2 -9 11.2 95
3 429 1 -9 4.14 69
3 709 1 -9 2.98 56
3 826 2 -9 7.8 86
1 1 2 -9 4.18 69
1 399 2 -9 8.6 88
1 1 1 -9 10.41 91
1 215 2 -9 1.6 53
1 1 1 -9 8.74 84
1 1 1 -9 6.31 81
1 1 2 -9 4.37 69
1 416 1 -9 3.79 70
1 363 2 -9 7.4 79
1 1 2 -9 5.47 73
3 1 2 -9 2.14 55
1 1 1 -9 3.37 68
3 562 1 -9 5.64 74
2 761 2 -9 3.8 64
1 117 2 -9 5.09 72
1 182 1 -9 5.2 73
1 291 1 -9 3.1 67
1 1 1 -9 2.65 59
2 715 1 -9 1.88 54
2 447 1 -9 5.24 75
2 836 2 -9 1.8 53
3 1 2 -9 2.9 61
1 1 1 -9 8.6 88
3 521 1 -9 4.3 69
3 720 1 -9 6.93 82
2 442 2 -9 1.64 54
3 1 1 -9 4 68
1 1 2 -9 3.57 71
1 358 1 -9 -9 76
2 771 2 -9 5.87 77
2 663 2 -9 2.1 54
1 1 1 -9 3.97 68
1 1 1 -9 4.2 69
1 1 1 -9 4.09 69
1 1 2 -9 7.31 83
1 297 2 -9 0.73 40
3 799 2 -9 2.82 66
2 511 2 -9 2.5 60
2 599 1 -9 6.06 79
1 1 2 -9 2.55 66
1 1 2 -9 1.63 53
1 1 2 -9 3.06 68
1 1 1 -9 2.08 57
1 1 1 -9 3.65 73
1 1 1 -9 9.9 87
1 314 2 -9 5.6 75
1 212 1 -9 1.5 55
1 325 2 -9 2.4 59
1 101 1 -9 5.81 74
2 581 1 -9 2.94 61
2 694 1 -9 11.69 98
3 540 2 -9 1.9 65
3 686 1 -9 3.89 68
1 1 2 -9 6.12 76
2 451 2 -9 4.9 77
1 1 1 -9 10.2 90
1 1 2 -9 2.96 61
1 1 2 -9 3.47 64
1 1 1 -9 2.04 52
1 193 2 -9 5.4 70
1 1 2 -9 4.29 68
1 107 2 -9 3.1 54
1 1 1 -9 4.49 79
2 771 1 -9 2.07 56
1 1 1 -9 4.92 72
1 1 1 -9 7.73 88
1 1 2 -9 7.54 80
1 1 1 -9 1.37 48
1 139 1 -9 4.2 69
1 200 2 -9 5.2 74
2 599 1 -9 3.72 66
2 605 1 -9 3.6 58
2 610 2 -9 3.4 69
1 1 2 -9 3.37 67
1 1 2 -9 1.33 50
1 1 1 -9 8.24 82
1 1 2 -9 1.63 54
3 1 1 -9 4.06 67
3 1 2 -9 4.27 69
3 1 2 -9 10.51 92
1 1 1 -9 5.76 75
1 52 2 -9 2.24 58
3 730 2 -9 2.2 59
2 632 1 -9 2.08 57
2 488 1 -9 3.85 65
2 556 1 -9 7.3 87
1 1 1 -9 5.2 74
1 1 2 -9 6.84 75
1 378 2 -9 4.32 69
1 1 2 -9 4.23 69
3 1 1 -9 1.72 52
1 1 1 -9 6.33 78
1 1 1 -9 4.8 71
1 1 1 -9 4.03 72
1 1 1 -9 5.2 74
1 34 1 -9 2.38 61
2 442 1 -9 1.48 55
1 145 1 -9 4.2 67
1 1 2 -9 3.16 62
3 1 1 -9 3.1 60
1 136 1 -9 1.48 49
1 273 1 -9 4.4 68
2 610 1 -9 3.4 67
3 1 1 -9 2.45 57
3 1 1 -9 1.41 52
1 1 1 -9 10.06 96
1 1 2 -9 3.31 71
1 285 1 -9 7.66 81
2 582 1 -9 5.46 77
3 1 1 -9 1.94 56
1 1 1 -9 1.33 51
2 528 1 -9 2.66 57
1 307 1 -9 4.7 77
3 1 1 -9 8.06 88
1 421 1 -9 3.32 66
3 627 2 -9 1.55 53
3 1 1 -9 5.9 78
3 1 1 -9 2.14 56
1 1 2 -9 3.47 65
3 1 1 -9 3.4 66
3 1 1 -9 6.34 78
3 1 1 -9 3.88 66
1 1 1 -9 3.2 62
1 194 1 -9 3.7 66
3 642 1 -9 3.8 71
1 218 1 -9 1.8 56
2 804 2 -9 2.8 68
3 1 1 -9 2.9 65
1 1 1 -9 7.24 93
1 65 2 -9 1.02 45
2 819 2 -9 4.48 74
1 1 1 -9 4.31 69
1 1 2 -9 4.74 73
1 180 2 -9 2.2 54
1 1 2 -9 4.18 76
3 1 2 -9 1.84 56
1 1 2 -9 3.37 68
1 1 2 -9 2.37 57
1 1 1 -9 5.69 85
3 1 2 -9 1.73 53
1 1 2 -9 5.27 78
1 342 2 -9 1 45
2 708 1 -9 3.7 68
1 10 2 -9 2.59 61
1 347 2 -9 3.2 66
2 502 2 -9 5.7 87
1 335 1 -9 4.15 66
1 261 1 -9 5.5 77
2 846 1 -9 13.6 95
3 860 1 -9 6.28 77
3 1 2 -9 1.98 53
1 1 2 -9 3.67 66
1 1 1 -9 4.49 68
3 1 2 -9 2.66 62
3 1 2 -9 9.76 91
1 1 1 -9 8.57 83
1 1 2 -9 4.74 72
1 1 2 -9 7.19 79
1 32 1 -9 6.26 75
1 175 1 -9 4.7 73
3 829 1 -9 1.5 53
1 1 2 -9 5.1 71
3 1 1 -9 1.5 50
3 1 2 -9 2.14 57
2 777 2 -9 1.88 65
1 374 1 -9 1.78 55
1 374 1 -9 5.22 68
2 672 1 -9 5.2 68
1 1 1 -9 1.86 54
1 1 2 -9 8.76 80
1 418 1 -9 2.54 62
1 354 2 -9 4.14 70
1 90 2 -9 -9 60
2 600 1 -9 2.2 56
2 602 1 -9 6 80
1 1 1 -9 2.63 59
1 1 2 -9 3.29 66
1 1 1 -9 2.96 64
1 355 2 -9 3.54 66
1 1 1 -9 1.84 54
1 1 2 -9 2.24 56
3 796 2 -9 3.1 61
1 51 1 -9 2.44 61
1 1 1 -9 3.67 68
1 1 1 -9 6.43 77
3 1 1 -9 1.73 48
3 1 2 -9 2.45 58
1 290 1 -9 6.1 75
2 515 2 -9 4.94 74
2 455 1 -9 0.92 45
1 1 2 -9 3.47 62
3 1 1 -9 6.4 85
3 1 1 -9 2.55 61
3 430 1 -9 2.63 60
1 1 2 -9 6.63 75
1 1 2 -9 3.57 68
1 64 1 -9 4.3 69
2 696 1 -9 2.3 59
1 240 2 -9 1.92 58
1 1 1 -9 5.06 72
1 1 2 -9 5.89 73
1 1 1 -9 5.55 76
3 1 2 -9 3.37 67
3 1 2 -9 2.76 60
1 1 1 -9 2.71 65
1 1 1 -9 3.86 65
3 1 1 -9 6.33 85
1 1 1 -9 4.45 76
1 1 1 -9 3.55 69
1 1 1 -9 4.9 71
1 1 2 -9 3.47 67
3 1 2 -9 6.53 82
2 625 2 -9 4.95 74
2 559 2 -9 2.3 58
3 861 1 -9 12.16 98
3 1 1 -9 1.32 46
3 1 1 -9 0.59 52
3 1 1 -9 3.44 67
3 1 2 -9 3.28 64
2 458 2 -9 2.24 59
3 1 1 -9 9.88 87
1 1 2 -9 4.3 73
1 312 1 -9 2 59
1 1 1 -9 2.02 55
1 174 2 -9 5.1 73
1 401 2 -9 1.72 52
3 647 2 -9 3.5 70
1 35 2 -9 3.5 65
1 383 2 -9 2 54
3 1 1 -9 3.8 68
3 1 2 -9 4.1 68
3 1 1 -9 3.8 69
1 109 2 -9 12.6 93
3 1 2 -9 9.4 88
1 1 2 -9 4.29 75
1 1 2 -9 2.08 64
1 357 1 -9 -9 68
2 699 2 -9 10.4 88
2 700 2 -9 4.4 68
1 236 2 -9 3.9 65
1 58 1 -9 4.31 72
1 1 2 -9 5.52 71
1 1 2 -9 2.55 62
1 1 1 -9 7.96 90
1 1 1 -9 2.04 58
1 1 1 -9 4.18 73
3 1 2 -9 3.57 65
1 1 2 -9 3.96 72
3 1 1 -9 1.96 53
1 1 2 -9 3.12 69
1 1 2 -9 3.24 70
3 734 2 -9 5.5 74
3 1 2 -9 3.27 62
1 154 2 -9 3.99 71
2 866 2 -9 5.21 73
1 1 2 -9 4.08 68
3 1 2 -9 3 63
3 1 2 -9 5.84 74
1 1 1 -9 9.1 89
1 1 2 -9 4.64 69
2 679 1 -9 4.5 71
3 1 1 -9 3.3 63
1 1 1 -9 1.63 55
1 27 2 -9 4.39 68
1 252 2 -9 5.44 73
1 1 1 -9 3.59 65
1 1 2 -9 2.67 59
1 1 1 -9 14.38 98
1 1 1 -9 2.71 67
1 1 2 -9 3.18 65
1 207 1 -9 7.4 76
1 1 2 -9 5.61 73
3 1 1 -9 3.06 64
1 347 2 -9 3.6 67
3 629 2 -9 5.3 78
3 868 2 -9 7.86 78
1 343 2 -9 2.48 61
1 42 2 -9 5.4 71
3 1 1 -9 2.38 57
3 1 2 -9 2.6 59
1 167 1 -9 8.2 83
1 172 2 -9 3.8 64
1 282 1 -9 6 82
1 1 2 -9 7.24 75
2 848 1 -9 2.82 61
1 1 2 -9 4.27 72
1 1 2 -9 5.71 80
3 775 2 -9 2 65
2 700 1 -9 1.38 49
2 770 2 -9 0.55 38
2 661 2 -9 2.5 59
2 664 2 -9 2.4 56
2 517 1 -9 10.82 93
1 238 1 -9 3.82 64
1 1 1 -9 8.28 85
1 6 1 -9 5.7 75
1 1 1 -9 6.93 77
1 142 2 -9 3.24 67
1 138 1 -9 4.6 70
1 413 1 -9 6.88 79
1 1 1 -9 2.76 63
1 1 2 -9 3.88 72
1 1 1 -9 2.65 58
3 1 1 -9 4.39 73
3 1 1 -9 5 77
1 1 2 -9 4.69 74
1 1 1 -9 8.39 94
3 1 2 -9 2.04 57
1 1 1 -9 1.12 48
3 1 2 -9 4.49 66
3 1 2 -9 4.59 73
2 577 1 -9 3.22 63
3 855 1 -9 8.76 85
1 78 2 -9 1.73 54
1 92 2 -9 4.38 66
3 1 1 -9 1.6 51
2 456 1 -9 7.52 88
1 1 2 -9 4.64 70
1 380 1 -9 2.48 62
2 853 2 -9 9.08 89
3 1 2 -9 3.9 78
1 1 2 -9 2.65 66
1 244 2 -9 3.06 59
1 239 1 -9 3.39 64
1 1 2 -9 2.63 59
1 1 1 -9 3.8 66
1 1 1 -9 4.19 69
1 1 1 -9 4.4 71
1 1 2 -9 4.54 70
1 1 2 -9 2.78 61
1 1 1 -9 3.77 68
1 1 2 -9 1.41 49
1 1 2 -9 5.49 75
1 1 1 -9 3.18 64
1 355 1 -9 5.18 74
1 1 2 -9 3.57 71
1 1 2 -9 2.35 58
1 1 2 -9 1.43 41
1 1 2 -9 2.27 61
1 313 2 -9 9.1 86
1 104 2 -9 7.29 85
1 1 2 -9 12.76 94
2 525 2 -9 3.74 63
2 487 1 -9 5.45 72
1 410 1 -9 6.45 79
1 259 2 -9 4 69
1 186 2 -9 4.11 68
2 838 1 -9 7.6 87
3 472 2 -9 4.71 71
2 481 1 -9 2.57 61
1 319 2 -9 3.2 64
3 1 1 -9 3.95 68
3 1 2 -9 4 69
3 1 1 -9 3.7 65
3 1 1 -9 12.3 92
1 1 1 -9 5.77 75
3 870 1 -9 2.7 63
3 1 1 -9 3.1 67
2 724 1 -9 7.76 82
2 683 1 -9 4.5 71
1 278 2 -9 6 70
1 1 2 -9 3.59 65
1 383 1 -9 2.7 58
1 15 2 -9 4.6 68
1 1 1 -9 5 74
1 254 1 -9 2.04 54
1 1 1 -9 1.66 52
3 1 1 -9 1.53 55
3 1 2 -9 2.24 62
1 415 1 -9 4.88 72
3 1 1 -9 2.76 67
1 1 1 -9 7.76 84
3 1 2 -9 7.35 90
1 1 1 -9 6.53 81
1 30 1 -9 7.1 81
3 1 2 -9 2.55 62
2 558 1 -9 9.2 88
1 265 2 -9 7.23 82
1 258 2 -9 4.8 68
3 634 2 -9 1.95 55
3 837 2 -9 7.8 77
3 1 1 -9 3.8 67
1 216 2 -9 6.45 81
1 280 2 -9 4.22 78
1 1 2 -9 2.76 61
1 250 1 -9 4.2 67
2 663 2 -9 4.4 68
1 1 1 -9 4.82 69
1 1 2 -9 4.16 67
2 568 1 -9 12.51 102
1 1 2 -9 2.14 56
1 1 2 -9 3.24 67
3 1 1 -9 3.78 66
3 1 1 -9 4.9 68
3 1 1 -9 1.41 50
3 1 2 -9 1.76 53
1 1 1 -9 14.29 99
1 1 1 -9 5.88 80
3 1 1 -9 1.78 53
1 287 2 -9 2.1 55
1 89 1 -9 1.4 49
3 1 2 -9 9.69 91
3 1 1 -9 2.86 60
1 346 2 -9 1.9 56
1 44 1 -9 5.15 75
1 1 1 -9 1.67 54
2 535 1 -9 1 44
2 576 2 -9 2.15 55
3 1 2 -9 2.13 56
1 1 2 -9 6.33 75
1 1 1 -9 3.01 62
1 219 1 -9 2.05 58
2 646 1 -9 7.6 85
2 808 2 -9 10.74 83
1 1 1 -9 1.91 54
2 833 1 -9 2 55
1 1 2 -9 3.18 65
1 1 2 -9 3.76 74
1 1 1 -9 2.35 60
1 1 2 -9 0.94 47
1 1 1 -9 1.67 55
1 1 1 -9 3.76 66
1 1 1 -9 4.14 63
3 1 1 -9 3.78 66
3 1 2 -9 4.9 52
1 1 2 -9 7.28 82
1 288 2 -9 4.56 71
1 98 1 -9 4.52 70
1 1 1 -9 1.33 47
1 1 1 -9 4.8 70
3 1 1 -9 2.76 65
1 116 2 -9 5.26 73
1 183 1 -9 1 51
3 523 2 -9 11.8 100
2 465 2 -9 3.04 61
1 1 2 -9 5.2 72
3 1 1 -9 1.5 50
1 1 2 -9 5 72
3 483 2 -9 2.6 62
3 825 2 -9 2.6 60
1 214 2 -9 2.8 60
1 1 1 -9 14.3 97
1 1 2 -9 4.59 72
1 1 2 -9 4.18 72
3 1 2 -9 3.67 63
3 1 1 -9 4.8 73
1 1 1 -9 11.61 100
1 340 1 -9 2.08 50
1 89 2 -9 4.2 68
1 1 2 -9 6.63 78
3 1 1 -9 5.2 83
1 120 1 -9 5.3 74
1 266 1 -9 6.59 79
3 857 2 -9 2.06 58
1 319 2 -9 2.2 53
3 1 2 -9 5.62 78
1 172 1 -9 4.9 72
2 788 1 -9 3.78 69
2 592 1 -9 1.56 52
1 1 1 -9 2.96 61
3 1 2 -9 2.96 61
1 125 2 -9 4.4 75
1 109 1 -9 2.1 59
1 226 1 -9 2.98 63
1 129 2 -9 5.62 70
1 1 1 -9 4.57 68
3 1 2 -9 2.65 61
3 1 1 -9 2.1 58
2 612 1 -9 2.6 66
1 1 2 -9 5 74
1 1 1 -9 3.78 66
1 1 1 -9 2.14 58
3 1 2 -9 3.27 69
3 1 2 -9 6.84 83
3 1 2 -9 2.45 59
1 1 2 -9 2.49 63
1 338 1 -9 2.43 60
1 9 1 -9 6.53 77
1 85 1 -9 3 66
2 581 1 -9 4.04 67
1 1 2 -9 3.47 63
2 625 1 -9 9.5 90
1 234 2 -9 4 71
3 552 2 -9 0.9 46
2 835 2 -9 -9 69
2 476 2 -9 3 62
3 430 2 -9 1.73 54
2 735 1 -9 1.6 54
3 721 2 -9 1.8 53
1 376 2 -9 2.54 60
1 373 2 -9 2.92 61
1 1 1 -9 1.59 53
2 616 2 -9 8.03 84
1 1 2 -9 7.26 78
1 1 1 -9 2.76 59
1 1 2 -9 3.43 63
1 297 2 -9 1.83 52
2 607 2 -9 5.4 81
3 1 2 -9 3.27 66
1 1 2 -9 4.9 76
3 1 2 -9 3.37 69
3 1 1 -9 4.59 72
3 796 1 -9 3.4 62
3 704 1 -9 7.11 90
1 333 1 -9 2.25 64
1 1 2 -9 11.43 90
1 1 1 -9 4.18 66
1 44 1 -9 1.35 48
2 446 1 -9 7.98 84
1 1 2 -9 6.02 74
3 1 1 -9 1.82 52
3 1 2 -9 3.02 61
1 1 2 -9 4.29 66
1 395 1 -9 1.58 50
1 163 1 -9 8.2 81
1 216 1 -9 3.09 67
1 382 2 -9 2.16 59
3 709 1 -9 3.16 64
1 125 2 -9 3 64
1 369 1 -9 4.4 69
1 249 1 -9 5.36 74
1 422 1 -9 2.04 55
1 1 2 -9 3.2 59
1 57 1 -9 4.62 69
1 1 1 -9 2.06 56
1 1 1 -9 4.71 75
1 1 1 -9 11.73 95
1 1 2 -9 2.76 67
1 1 2 -9 1.9 56
1 1 2 -9 2.51 56
3 1 2 -9 7.24 77
1 1 2 -9 4.22 71
1 1 2 -9 5.63 76
3 1 2 -9 1.89 54
3 1 2 -9 1.76 55
2 579 1 -9 2.22 57
1 328 2 -9 0.4 41
1 40 1 -9 -9 80
1 257 1 -9 4.41 69
1 37 1 -9 4.65 70
2 765 2 -9 7.66 81
3 1 1 -9 2.65 60
3 1 1 -9 8.89 92
1 71 1 -9 2.3 60
1 161 2 -9 2.4 58
1 1 2 -9 1.59 50
2 751 2 -9 3.3 62
1 1 2 -9 4.39 67
2 646 1 -9 15.2 104
2 588 2 -9 6.72 78
1 225 1 -9 5.3 73
1 1 1 -9 3.67 62
2 614 2 -9 7.43 85
1 1 2 -9 4.41 70
2 606 1 -9 9.6 82
2 601 2 -9 2.3 63
1 1 1 -9 3.98 67
1 1 1 -9 2.27 59
1 1 1 -9 2.14 58
1 1 1 -9 6.47 82
1 1 2 -9 4.12 66
1 1 2 -9 2.14 57
3 1 2 -9 10.51 91
3 1 2 -9 2.76 61
1 21 2 -9 6.6 76
1 1 2 -9 6.73 80
3 432 1 -9 2.12 58
2 437 1 -9 2.12 57
2 440 1 -9 1.78 56
1 1 2 -9 7.24 86
2 665 2 -9 2.66 62
2 779 2 -9 4.95 82
1 14 1 -9 2.6 60
1 251 2 -9 3.66 64
1 255 1 -9 4.48 68
1 47 1 -9 4.3 70
1 1 2 -9 3.05 62
1 1 1 -9 3.08 64
1 1 2 -9 4.55 74
1 1 1 -9 5.82 76
1 1 1 -9 5.55 74
1 1 1 -9 3.29 69
1 1 2 -9 6.49 78
1 1 2 -9 2.78 65
1 212 1 -9 1.6 53
1 12 2 -9 2.56 60
2 755 1 -9 12.6 92
3 633 1 -9 2.2 56
2 537 1 -9 3.5 65
3 1 1 -9 1.54 47
3 1 1 -9 2.16 56
1 310 2 -9 5.5 75
2 484 2 -9 9 85
3 1 1 -9 4.6 74
3 1 2 -9 3.7 62
1 356 1 -9 -9 57
2 671 2 -9 0.94 58
1 1 1 -9 1.59 51
1 1 1 -9 6.04 76
1 1 2 -9 5.62 79
1 1 1 -9 1.07 45
1 412 2 -9 3.82 67
1 363 1 -9 5.2 72
1 1 1 -9 1.94 58
1 1 1 -9 1.57 53
3 1 2 -9 2.45 64
1 1 2 -9 2.18 62
3 1 2 -9 1.65 53
3 1 1 -9 2.02 59
1 96 1 -9 6.3 76
1 1 1 -9 1.96 55
1 1 2 -9 2.76 63
1 1 2 -9 5.27 76
3 1 2 -9 6.22 73
2 563 2 -9 7.76 86
1 264 1 -9 1.49 52
2 576 2 -9 5.33 75
1 281 2 -9 2.9 58
2 459 1 -9 1.2 49
1 1 2 -9 2.2 59
1 1 2 -9 4.08 71
2 724 1 -9 1.98 51
3 1 2 -9 3.2 64
1 249 2 -9 4.34 67
1 138 2 -9 4.2 66
3 1 1 -9 12.8 98
1 1 2 -9 3.27 68
1 1 1 -9 4.08 70
3 1 2 -9 3.04 63
3 1 1 -9 4.18 68
1 1 2 -9 3.63 69
1 1 1 -9 3.31 69
1 342 1 -9 0.48 35
3 1 2 -9 1.94 56
1 343 2 -9 1.65 53
1 149 1 -9 4.41 72
1 1 1 -9 5.51 71
1 43 2 -9 1.75 52
3 493 1 -9 2.65 59
1 22 2 -9 1.4 47
3 1 1 -9 2.81 65
1 1 1 -9 4.8 76
1 17 2 -9 2.2 66
2 438 2 -9 7.58 82
2 593 2 -9 4.3 69
1 1 2 -9 4.29 67
1 393 1 -9 2.6 59
1 159 2 -9 2.2 56
1 303 2 -9 1 45
1 389 1 -9 1.39 50
1 245 2 -9 2.96 58
1 57 1 -9 2.51 59
1 140 1 -9 2.3 58
1 368 2 -9 1.45 51
1 1 2 -9 3.06 67
1 1 2 -9 4.02 67
1 1 2 -9 6.51 78
1 211 2 -9 5 72
2 708 2 -9 1.9 54
3 1 2 -9 4.69 71
3 1 1 -9 4.29 72
3 1 1 -9 6.53 79
1 1 2 -9 2.76 61
1 259 1 -9 3.65 70
2 573 2 -9 2.3 58
2 478 1 -9 5.71 68
3 1 2 -9 11.5 94
1 1 2 -9 4.85 70
2 458 2 -9 2.8 62
1 1 1 -9 9.18 90
1 1 1 -9 3.42 62
2 639 1 -9 13.8 99
3 1 2 -9 1.6 50
1 390 2 -9 1.1 48
2 675 1 -9 4.2 69
1 1 1 -9 4.86 68
1 1 2 -9 5.08 72
1 61 1 -9 1.67 52
1 142 1 -9 1.46 57
1 1 1 -9 10.95 92
2 795 1 -9 2.58 62
3 1 2 -9 2.35 57
3 1 2 -9 2.65 63
1 1 1 -9 2.86 64
1 1 2 -9 4.18 74
1 1 1 -9 3.2 69
1 55 1 -9 3.37 64
2 578 2 -9 4.86 72
3 1 1 -9 1.73 55
1 116 2 -9 6.41 85
1 185 2 -9 0.96 45
1 38 2 -9 2.5 61
2 571 2 -9 9.7 89
2 765 1 -9 4.37 70
1 1 2 -9 3.72 65
1 1 2 -9 3.6 70
1 1 2 -9 1.43 53
1 1 2 -9 4.18 67
3 431 1 -9 1.45 51
1 66 1 -9 4.1 68
2 666 1 -9 5.78 76
1 387 1 -9 1.64 52
2 652 1 -9 4.1 66
2 658 2 -9 3.4 61
1 1 2 -9 4.37 69
1 413 1 -9 3 60
1 1 1 -9 11.12 95
1 1 1 -9 1.94 55
1 1 1 -9 2.35 62
3 1 2 -9 3.88 68
1 1 2 -9 1.04 47
1 1 2 -9 5.92 80
1 1 2 -9 2.63 62
3 1 2 -9 2.65 60
3 1 2 -9 3.27 63
3 757 1 -9 4.6 70
3 523 2 -9 3.8 70
1 121 1 -9 8.6 84
2 461 1 -9 2.26 59
2 487 2 -9 2.43 59
1 1 1 -9 4.8 70
3 859 1 -9 1.72 54
1 78 2 -9 3.34 65
3 1 2 -9 3.2 66
1 1 2 -9 9.8 84
1 33 2 -9 1.56 51
1 194 2 -9 1.9 55
1 407 1 -9 1.76 54
2 809 1 -9 9.5 89
1 15 2 -9 2.4 62
2 786 1 -9 9.51 98
1 157 2 -9 1.2 49
2 819 2 -9 2.72 64
1 46 2 -9 -9 66
1 141 2 -9 3.2 62
1 1 2 -9 3.87 72
1 1 1 -9 6.28 78
3 801 1 -9 2.84 62
3 1 1 -9 4.18 69
1 284 1 -9 6.49 76
1 30 1 -9 3.6 65
3 1 2 -9 5.51 78
2 466 2 -9 4.36 68
2 838 2 -9 11.4 95
1 92 2 -9 1.38 50
1 377 2 -9 4.7 70
1 1 2 -9 6.43 76
1 311 2 -9 3.5 67
3 1 2 -9 3.78 68
2 725 2 -9 3.2 64
2 747 1 -9 6.42 79
1 1 2 -9 4.34 68
3 1 2 -9 6.7 80
1 124 2 -9 6.6 78
1 391 1 -9 1.5 54
1 1 2 -9 3.37 63
3 775 2 -9 4.37 82
2 698 2 -9 2.3 56
1 246 1 -9 3.4 66
1 1 2 -9 7.37 84
1 1 2 -9 5.9 73
1 1 2 -9 3.82 76
1 1 1 -9 4.8 76
1 1 2 -9 2.12 55
1 207 2 -9 5.8 66
1 1 2 -9 3.57 62
3 1 2 -9 2.86 55
2 756 2 -9 7 67
1 115 1 -9 3.55 66
3 868 2 -9 4.98 74
2 490 2 -9 2.68 63
1 1 1 -9 6.43 75
2 844 1 -9 5.1 75
3 473 2 -9 6.4 79
3 1 2 -9 6.32 78
1 162 2 -9 3.9 67
1 401 2 -9 3.2 66
1 197 2 -9 3 63
1 144 2 -9 5.8 78
1 357 1 -9 -9 72
2 660 2 -9 6.8 79
1 134 2 -9 4.31 70
1 1 1 -9 3.74 64
2 863 1 -9 2.86 65
3 800 1 -9 1.26 47
1 1 1 -9 3.37 67
1 1 1 -9 1.84 55
3 1 1 -9 3.63 68
1 1 2 -9 3.57 72
3 1 1 -9 2.55 58
2 578 2 -9 2.4 61
1 1 2 -9 3.88 64
1 1 2 -9 3.14 63
2 762 2 -9 1.96 53
1 292 1 -9 1.5 51
1 1 1 -9 7.84 87
1 1 1 -9 4.49 71
3 1 2 -9 7.06 86
3 435 1 -9 5.05 72
1 1 2 -9 4.44 68
1 398 1 -9 1.77 51
3 428 1 -9 8.69 88
1 1 1 -9 3.57 68
1 155 1 -9 9.6 88
1 1 2 -9 2.35 61
1 1 1 -9 9.27 82
1 1 1 -9 3.37 64
1 60 1 -9 2.97 63
1 1 2 -9 3.31 65
3 1 1 -9 7.65 82
1 1 1 -9 3.57 65
1 1 2 -9 3.24 70
1 1 1 -9 3.33 71
1 318 2 -9 7.2 87
3 729 2 -9 3.2 69
2 580 1 -9 4.14 70
1 322 2 -9 10.6 86
1 119 1 -9 2.8 59
2 462 1 -9 3.52 58
1 265 2 -9 8.73 78
2 481 2 -9 2.62 60
1 1 2 -9 2.65 59
3 1 1 -9 6.8 84
3 1 1 -9 10.82 95
1 198 1 -9 2.5 60
2 793 2 -9 1.8 55
1 405 2 -9 2.83 67
3 828 1 -9 2.2 57
2 667 1 -9 3.77 68
2 615 2 -9 5.12 76
1 1 2 -9 5.35 68
1 1 1 -9 3.27 66
1 1 1 -9 3.45 65
1 204 1 -9 1.8 56
3 1 2 -9 2.76 65
1 1 1 -9 5.08 75
1 1 2 -9 1.73 53
1 1 1 -9 2.49 59
1 1 1 -9 2.78 62
3 1 2 -9 2.55 61
1 1 1 -9 4.55 72
1 1 1 -9 1.63 53
3 1 1 -9 1.31 49
1 211 1 -9 1.7 55
1 112 2 -9 4.36 66
1 191 1 -9 1.31 48
2 536 2 -9 1.92 57
1 1 2 -9 11.4 96
1 1 2 -9 2.6 59
1 398 1 -9 2.88 63
2 852 1 -9 2.33 60
1 1 2 -9 2.35 66
1 1 1 -9 2.35 60
1 1 1 -9 3.06 61
1 388 2 -9 3.7 64
1 132 1 -9 2.36 57
1 1 2 -9 4.36 70
1 1 1 -9 5.08 71
3 1 1 -9 8.1 84
2 833 1 -9 0.9 44
1 1 1 -9 3.37 65
1 1 2 -9 4.49 75
1 1 2 -9 2.14 59
3 1 1 -9 2.45 59
1 1 1 -9 1.53 60
3 1 1 -9 3.27 68
3 1 2 -9 2.24 62
1 1 2 -9 1.55 54
3 1 1 -9 2.31 59
1 361 2 -9 6.3 74
1 1 2 -9 3.37 63
1 1 2 -9 3.37 65
1 317 2 -9 3.4 67
3 1 1 -9 8.57 88
1 220 2 -9 2.22 57
1 344 2 -9 4.21 68
1 1 1 -9 5.92 77
3 1 1 -9 8.3 83
1 312 2 -9 2.6 57
1 1 1 -9 2.35 58
1 1 1 -9 8.37 84
3 649 2 -9 6.3 69
2 443 2 -9 6.42 77
2 444 1 -9 8.42 88
1 18 1 -9 2.72 61
1 283 2 -9 3 60
2 639 2 -9 4.2 74
1 39 1 -9 3 62
3 1 2 -9 9.1 83
3 1 2 -9 5.2 76
2 785 2 -9 2.56 68
2 818 2 -9 6.34 81
2 654 2 -9 8.6 84
1 1 2 -9 5.24 75
1 1 1 -9 4.18 71
2 570 1 -9 8.3 83
1 1 1 -9 2.77 60
1 299 1 -9 2.36 58
1 368 1 -9 2.01 56
1 1 2 -9 3.98 71
1 1 1 -9 3.2 61
3 1 1 -9 2.65 59
1 340 2 -9 2.12 54
1 83 1 -9 2.8 61
3 1 1 -9 7.14 82
2 531 1 -9 4.84 74
1 421 2 -9 1.06 47
1 349 2 -9 2.8 61
1 1 2 -9 7.35 78
1 1 2 -9 3.06 60
1 1 2 -9 2.41 57
3 505 2 -9 3.3 66
3 860 2 -9 2.02 66
3 1 1 -9 4.4 73
2 453 1 -9 1.98 53
1 1 1 -9 3.57 66
1 165 2 -9 7.1 80
1 16 1 -9 3.8 69
1 391 1 -9 3.9 69
2 664 1 -9 7.8 82
2 517 2 -9 6.02 83
1 202 2 -9 3.5 62
1 133 2 -9 2.67 61
1 61 2 -9 1.96 54
1 1 1 -9 2.97 63
1 1 2 -9 3.82 65
1 301 1 -9 1.37 59
1 1 2 -9 2.86 61
3 1 2 -9 3.37 63
1 1 1 -9 11.29 98
1 1 1 -9 15.45 95
1 287 2 -9 1.87 55
1 100 2 -9 4.89 69
1 105 2 -9 8.31 81
1 1 2 -9 2.76 62
1 1 1 -9 4.39 70
2 533 2 -9 9 83
3 1 1 -9 3.47 69
2 528 1 -9 8.54 84
2 498 1 -9 4.3 70
1 38 1 -9 6.8 83
3 475 2 -9 2.75 64
3 1 2 -9 2 56
1 1 1 -9 3.2 64
1 1 2 -9 2.76 62
1 1 1 -9 3.57 65
3 869 1 -9 9.6 90
2 680 2 -9 7 83
2 780 1 -9 2.74 71
1 256 1 -9 1.84 54
1 237 1 -9 5.92 76
1 1 1 -9 3.19 61
1 1 2 -9 2.73 62
1 1 2 -9 4.8 78
3 1 1 -9 5.2 78
1 1 1 -9 2.04 59
1 1 1 -9 1.24 49
1 1 1 -9 2.55 61
1 1 1 -9 5.16 67
3 1 1 -9 2.55 59
3 1 1 -9 1.22 48
3 731 1 -9 1 48
1 84 1 -9 2.2 56
1 82 1 -9 3.8 66
2 582 1 -9 1.86 55
2 526 2 -9 1.78 51
1 291 1 -9 7.7 87
1 2 2 -9 4.28 67
2 500 1 -9 2 64
3 1 1 -9 4.29 69
3 1 1 -9 7.15 82
1 1 2 -9 3.67 67
1 1 2 -9 7.86 81
3 1 2 -9 2.6 58
1 1 2 -9 1.33 48
1 1 1 -9 2.14 56
1 1 2 -9 3.27 60
3 1 1 -9 11.84 94
3 824 1 -9 1.5 50
2 854 2 -9 1.06 47
3 1 1 -9 6.1 77
1 1 2 -9 6.72 76
1 146 1 -9 4.29 69
1 1 1 -9 2.45 59
2 754 2 -9 2.8 63
3 817 1 -9 2.02 57
3 509 1 -9 5.2 75
3 520 2 -9 4.2 70
1 1 1 -9 10.15 87
1 1 2 -9 2.27 59
1 276 1 -9 3.89 67
3 1 2 -9 3.06 66
1 1 2 -9 2.12 57
1 1 1 -9 11.94 96
1 1 2 -9 2.27 60
1 1 1 -9 5.04 76
1 1 1 -9 13.14 97
3 732 1 -9 1.8 55
3 732 2 -9 6 83
1 208 2 -9 2.5 56
1 101 2 -9 5.98 75
1 1 2 -9 2.55 59
3 1 1 -9 12.49 95
1 70 1 -9 3 62
2 470 2 -9 4.76 75
2 840 1 -9 1.96 55
2 459 1 -9 1.08 47
1 1 2 -9 3.62 63
1 1 2 -9 2.14 55
1 93 1 -9 4.22 70
1 231 2 -9 5.98 78
1 176 2 -9 2.4 62
3 425 2 -9 4.96 73
2 748 1 -9 6.75 79
2 594 2 -9 3.86 67
1 399 2 -9 2.2 55
2 783 1 -9 2.95 70
2 822 1 -9 5.94 76
2 653 1 -9 8.4 87
1 137 2 -9 2.9 63
1 1 1 -9 5.52 76
1 58 1 -9 4.25 70
1 277 1 -9 2.45 57
1 106 2 -9 4.2 68
1 1 2 -9 3.06 69
3 1 1 -9 3.16 63
3 1 1 -9 7.55 87
1 1 2 -9 3.61 71
3 1 2 -9 2.24 60
1 1 1 -9 3.47 63
1 1 1 -9 3.57 65
1 1 2 -9 1.63 54
3 1 2 -9 3.47 64
3 1 1 -9 5.92 76
3 1 1 -9 7.32 83
1 1 2 -9 6.94 79
1 320 2 -9 4.7 72
1 329 1 -9 6.22 75
1 1 1 -9 2.24 56
1 1 2 -9 13.16 91
1 31 2 -9 3.54 61
1 380 2 -9 2.38 63
3 1 2 -9 3.1 64
1 1 2 -9 2.96 59
2 655 1 -9 6.5 76
1 1 2 -9 3.71 65
1 1 2 -9 3.71 66
1 1 1 -9 1.93 53
1 1 1 -9 2.19 56
1 1 2 -9 2.13 56
3 1 1 -9 3.06 66
1 1 1 -9 2.27 52
1 1 2 -9 2.24 59
1 1 2 -9 3.16 71
1 1 1 -9 4.31 73
1 1 1 -9 3.27 66
1 1 2 -9 2.8 69
3 1 1 -9 1.92 54
1 104 1 -9 2.82 60
1 1 1 -9 5.2 77
3 1 2 -9 1.43 46
2 529 1 -9 4.4 67
3 1 1 -9 2.55 57
2 706 2 -9 0.79 40
1 147 1 -9 1.76 54
2 690 1 -9 2.68 61
2 740 1 -9 6.02 76
1 1 1 -9 3.18 63
3 1 2 -9 1.53 51
3 1 1 -9 9.3 87
3 870 2 -9 3.4 69
1 1 2 -9 2.14 54
1 192 1 -9 10.8 90
2 865 2 -9 1.57 52
3 1 2 -9 2 57
3 1 2 -9 3.4 67
3 1 1 -9 4.7 72
1 1 1 -9 2.65 62
1 1 2 -9 3.98 65
2 585 1 -9 2.05 57
2 754 1 -9 4.2 70
3 776 1 -9 3.18 76
2 766 2 -9 2.45 59
1 269 1 -9 -9 65
1 267 1 -9 -9 77
1 179 1 -9 2.2 56
1 1 1 -9 2.77 60
1 1 2 -9 5.08 74
1 1 1 -9 9.49 88
1 417 1 -9 3.02 63
3 1 1 -9 6.22 76
1 1 2 -9 6.33 84
1 1 1 -9 2.04 60
1 1 2 -9 1.67 54
1 1 2 -9 2.8 64
3 1 1 -9 3.93 69
1 1 2 -9 1.73 50
3 705 2 -9 2.9 61
1 284 2 -9 5.24 72
1 1 2 -9 6.53 79
3 1 1 -9 4.49 71
1 3 1 -9 2.9 61
1 234 2 -9 1.8 54
1 148 2 -9 6.23 75
2 745 1 -9 4 69
2 536 2 -9 3.7 67
3 1 1 -9 5.1 75
1 1 1 -9 2.55 58
1 1 2 -9 3.67 65
1 167 1 -9 3.6 69
3 1 1 -9 3.88 69
3 1 2 -9 8.8 82
3 1 1 -9 5.3 70
1 303 2 -9 1.11 46
3 814 2 -9 3.08 67
1 375 1 -9 6.16 75
1 372 2 -9 2.92 58
1 1 2 -9 3.76 67
1 1 1 -9 3.43 67
1 1 1 -9 1.08 45
1 1 1 -9 0.98 46
1 366 2 -9 2.9 63
1 364 2 -9 2.38 57
1 223 1 -9 1.09 54
1 1 1 -9 1.35 50
1 1 2 -9 2.78 65
1 1 1 -9 9.59 91
1 1 2 -9 3.88 71
1 1 1 -9 1.65 53
1 1 1 -9 5.06 71
1 1 2 -9 3.86 72
1 1 2 -9 1.01 45
3 728 2 -9 3.41 64
1 338 1 -9 2.14 57
3 727 2 -9 -9 49
1 85 2 -9 5.6 75
1 100 1 -9 2.41 60
1 1 1 -9 3.47 69
3 1 2 -9 1.53 53
2 500 1 -9 6.6 91
2 463 2 -9 2.7 56
3 618 1 -9 2.36 61
1 1 1 -9 3.22 64
3 1 1 -9 4.15 70
1 1 1 -9 4.49 71
2 456 1 -9 2.4 60
1 21 2 -9 5.1 75
1 1 1 -9 3.88 64
1 195 2 -9 4.1 67
2 682 2 -9 7 83
2 681 1 -9 10 92
1 1 2 -9 3.57 63
2 849 1 -9 2.15 60
1 1 2 -9 1.73 56
1 359 2 -9 -9 76
1 26 1 -9 1.34 49
1 237 2 -9 1.84 54
1 298 2 -9 2.34 56
1 1 1 -9 3.16 65
1 1 1 -9 4.1 73
1 1 2 -9 5.22 80
1 1 2 -9 2.86 63
2 706 1 -9 1.05 46
1 150 2 -9 3.04 61
2 467 2 -9 1.3 49
2 446 2 -9 4.7 70
2 839 2 -9 1.5 49
2 844 2 -9 5.4 77
2 843 1 -9 5.3 75
3 1 2 -9 2.04 54
3 1 2 -9 5 76
3 1 1 -9 2.7 58
3 434 2 -9 6.16 81
1 1 2 -9 3.37 64
2 865 1 -9 9.27 88
1 1 2 -9 3.06 59
3 815 1 -9 5.76 78
2 738 1 -9 4 68
1 423 1 -9 5.5 74
1 132 2 -9 3.76 68
1 1 2 -9 5.48 72
1 1 1 -9 1.06 45
1 1 1 -9 6.06 76
2 569 2 -9 2.46 61
1 1 1 -9 4.24 68
1 296 2 -9 4.2 70
3 1 1 -9 2.94 63
2 555 1 -9 6.8 78
3 1 2 -9 5.88 67
3 1 2 -9 2.74 55
1 1 2 -9 5.31 68
1 1 1 -9 3.57 69
1 1 1 -9 4.4 74
1 164 1 -9 6 76
2 712 1 -9 3.11 63
2 804 2 -9 1.6 54
2 669 1 -9 -9 47
1 1 1 -9 3.27 63
1 1 2 -9 10.96 65
1 1 2 -9 3.34 65
1 1 1 -9 3.67 70
1 1 1 -9 5.59 72
1 1 1 -9 3.39 70
1 8 2 -9 1.25 48
1 105 1 -9 7.98 80
2 449 1 -9 2.29 56
3 549 2 -9 1.67 58
1 258 1 -9 2.94 61
1 1 2 -9 5.41 72
3 1 2 -9 12.77 97
1 1 2 -9 4.9 72
3 1 1 -9 11.52 92
1 1 1 -9 3.2 65
3 1 1 -9 6.2 80
1 168 2 -9 6.6 78
3 431 1 -9 9.23 89
3 427 2 -9 11.54 90
3 645 2 -9 2.9 66
3 648 2 -9 2.3 55
2 485 1 -9 5 71
2 640 2 -9 2.8 62
1 1 2 -9 1.68 55
1 414 2 -9 3.59 65
3 1 1 -9 5.31 79
1 1 2 -9 2.96 66
3 1 1 -9 2.14 60
1 1 1 -9 3.37 68
1 1 2 -9 1.82 54
1 1 1 -9 3.02 65
1 52 1 -9 8.5 82
1 28 2 -9 5.4 71
3 1 1 -9 3.27 65
1 184 2 -9 3.6 59
2 489 2 -9 2.7 66
3 550 2 -9 5.2 77
2 691 1 -9 4.12 77
2 744 2 -9 4.4 72
1 196 2 -9 5.8 74
2 737 1 -9 4.8 68
1 404 1 -9 3.74 72
2 641 1 -9 12.2 99
3 1 2 -9 5.41 70
1 1 1 -9 1.22 51
1 25 1 -9 2.45 60
1 242 2 -9 1.24 45
1 242 2 -9 4.14 67
1 254 2 -9 3.3 62
2 670 2 -9 -9 68
1 201 2 -9 3 64
1 1 1 -9 4.12 69
1 1 1 -9 3.72 66
1 1 1 -9 5.2 71
3 565 2 -9 5.73 72
3 608 1 -9 4.6 71
1 1 2 -9 2.57 61
1 1 2 -9 2.04 58
1 1 1 -9 2.45 60
3 1 2 -9 2.35 63
3 1 1 -9 4.8 74
1 1 1 -9 3.76 71
1 1 2 -9 5.22 74
1 1 1 -9 6.2 82
1 341 1 -9 5.22 73
1 98 1 -9 2.41 58
1 1 1 -9 3.16 62
2 525 2 -9 4.35 66
1 307 2 -9 2.4 64
2 534 1 -9 7.76 86
2 622 2 -9 3 61
2 619 1 -9 2.05 56
1 336 2 -9 3.55 67
2 692 2 -9 5.89 82
1 1 2 -9 4.33 72
1 1 2 -9 3.67 64
2 840 1 -9 2.6 59
1 74 1 -9 5 69
3 1 2 -9 2.76 61
3 1 1 -9 8.06 84
1 1 2 -9 4.39 66
1 160 1 -9 1.42 51
3 483 2 -9 3.5 67
3 425 1 -9 9.97 93
2 650 1 -9 4.9 71
2 711 1 -9 2.5 59
3 828 2 -9 4.2 68
1 1 1 -9 3.27 63
3 1 2 -9 2.6 59
3 1 2 -9 5.6 75
1 123 2 -9 3.9 67
1 1 2 -9 1.94 55
2 667 2 -9 8.27 89
2 785 2 -9 1.98 64
2 672 2 -9 6.6 78
1 1 1 -9 1.06 45
1 1 2 -9 11.02 99
1 1 2 -9 2.02 57
3 1 2 -9 4.51 69
1 1 1 -9 1.82 58
1 53 1 -9 5.79 72
1 11 1 -9 5.96 76
1 1 2 -9 4.2 73
3 1 2 -9 4.49 77
3 1 1 -9 3.27 64
3 1 1 -9 3.67 65
3 1 1 -9 2.86 62
2 762 1 -9 6.16 75
1 190 2 -9 1.58 55
1 1 2 -9 5.51 73
1 1 2 -9 4.59 69
1 1 2 -9 7.04 77
1 1 2 -9 7.91 82
1 1 1 -9 4.5 72
1 1 1 -9 3.27 62
1 1 2 -9 2.96 60
2 723 1 -9 3.76 71
2 788 1 -9 3.1 70
1 406 1 -9 1.42 41
1 19 1 -9 12.5 93
1 1 2 -9 4.69 82
1 1 1 -9 7.35 79
1 1 1 -9 8.78 85
1 359 1 -9 -9 77
1 253 2 -9 3.58 65
2 676 1 -9 3.2 64
1 6 1 -9 3.9 65
1 1 1 -9 14.95 100
1 1 1 -9 3.78 69
1 1 2 -9 4.9 72
1 1 2 -9 1.8 57
3 1 1 -9 4.08 73
1 1 1 -9 3.18 68
1 1 1 -9 1.07 50
3 1 1 -9 4.39 67
2 623 2 -9 4.55 71
1 323 1 -9 2.2 65
3 544 1 -9 0.9 52
2 466 2 -9 2.96 60
1 49 2 -9 4.45 71
3 506 2 -9 2.7 62
1 1 2 -9 8.37 81
1 1 2 -9 3.88 63
3 869 2 -9 3.8 68
2 590 1 -9 2.6 59
1 1 1 -9 3.57 66
2 696 2 -9 1.9 48
2 659 1 -9 7.1 87
1 63 2 -9 1.94 56
2 570 1 -9 2.93 62
3 1 2 -9 2.35 60
1 1 1 -9 3.65 67
1 277 1 -9 9.03 87
1 351 1 -9 3.46 62
1 367 2 -9 3.56 67
1 272 1 -9 3.5 63
3 1 1 -9 2.35 60
3 1 2 -9 4.8 71
3 1 1 -9 5.92 84
1 1 1 -9 3.69 68
1 1 2 -9 5.27 76
3 1 2 -9 1.41 49
1 1 1 -9 4.18 70
3 595 1 -9 3.06 66
1 209 2 -9 2.6 60
1 205 2 -9 3 58
1 1 2 -9 4.18 67
1 191 1 -9 1.63 54
3 1 1 -9 1.53 53
2 745 1 -9 4.5 71
1 1 2 -9 1.76 54
1 1 1 -9 6.4 85
1 79 1 -9 6.9 78
3 1 1 -9 11.46 92
3 1 1 -9 5.35 72
3 1 1 -9 3.07 64
1 1 2 -9 9.85 87
2 452 1 -9 1.52 51
1 1 2 -9 2.86 61
3 772 2 -9 1.81 56
3 1 2 -9 3.2 67
3 1 1 -9 2.2 58
1 1 2 -9 2.9 61
1 1 1 -9 2.24 61
1 1 2 -9 1.94 62
1 1 2 -9 2.55 64
1 1 2 -9 3.18 65
1 1 1 -9 8.06 83
3 1 2 -9 1.59 52
1 10 1 -9 2.63 60
3 1 1 -9 3.16 65
3 1 1 -9 2.24 59
1 43 1 -9 2.5 60
2 448 1 -9 8.98 90
2 538 2 -9 1.32 49
3 1 2 -9 2.28 58
2 450 1 -9 1.62 55
3 1 1 -9 9.18 84
1 1 2 -9 3.67 64
1 193 1 -9 7.2 80
3 1 1 -9 10.8 98
1 327 1 -9 5 70
1 1 2 -9 6.22 76
1 188 1 -9 4.05 69
1 1 2 -9 3.16 70
1 1 2 -9 2.45 56
2 784 1 -9 4.54 81
1 1 1 -9 7.62 76
2 832 2 -9 10 90
1 419 2 -9 0.42 34
1 1 2 -9 2.55 62
1 1 1 -9 4.59 72
3 1 2 -9 9.8 96
1 1 1 -9 14.76 104
1 339 1 -9 4.22 67
1 325 2 -9 2.7 64
2 532 1 -9 1.76 48
3 1 1 -9 5 75
3 1 2 -9 2.45 60
2 504 1 -9 5.4 84
1 331 1 -9 5.8 80
1 336 2 -9 2.6 53
1 344 1 -9 3.43 63
1 1 1 -9 2.65 60
1 1 2 -9 1.99 57
1 1 2 -9 7.24 80
1 1 2 -9 4.3 71
1 1 1 -9 6.7 92
3 1 1 -9 1.77 54
1 279 1 -9 2 54
2 750 1 -9 2.54 60
1 1 2 -9 4.18 69
2 781 1 -9 8.39 93
3 812 2 -9 3.1 67
3 509 1 -9 1.64 54
1 1 2 -9 4.37 66
1 1 2 -9 1.84 52
1 139 2 -9 6 73
1 274 2 -9 3.8 64
1 1 2 -9 3.27 72
3 1 1 -9 5.69 74
1 1 2 -9 1.98 58
1 1 1 -9 5.29 79
1 81 1 -9 3.5 60
1 1 2 -9 6.28 79
1 28 1 -9 12.9 98
3 1 1 -9 3.88 69
3 1 2 -9 14.35 103
2 563 1 -9 1.36 52
2 464 1 -9 7.34 80
1 332 1 -9 2.8 52
3 688 2 -9 4.98 77
3 1 2 -9 5.8 76
3 1 2 -9 1.22 45
3 1 1 -9 2.06 53
1 1 2 -9 3.88 66
3 1 1 -9 6.91 76
1 1 1 -9 4.39 65
1 32 2 -9 3.17 63
1 1 1 -9 3.47 64
1 392 2 -9 0.7 40
1 1 2 -9 3.67 73
1 306 1 -9 5.72 74
1 178 1 -9 4.6 70
2 657 1 -9 14 102
1 1 2 -9 2.62 61
1 1 2 -9 1.92 56
1 1 2 -9 2.89 67
1 1 1 -9 13.98 98
3 510 2 -9 -9 50
1 1 1 -9 1.27 51
1 1 2 -9 4.69 77
1 1 1 -9 2.94 65
1 1 1 -9 2.65 59
1 1 1 -9 2.79 64
1 1 2 -9 0.52 40
2 758 1 -9 8.8 91
1 331 1 -9 1.8 53
2 689 2 -9 4.19 70
1 1 2 -9 3.78 67
1 1 2 -9 4.59 72
2 454 2 -9 0.81 42
2 455 1 -9 3.66 68
1 1 1 -9 3.5 64
2 438 1 -9 3.96 71
3 642 2 -9 5.1 76
3 1 1 -9 1.8 53
3 1 2 -9 4.49 74
1 1 2 -9 4.29 73
2 586 1 -9 9.9 85
1 230 2 -9 5.2 67
3 816 2 -9 1.7 55
2 673 1 -9 10.2 92
1 1 1 -9 1.69 52
2 831 2 -9 2.7 58
3 1 2 -9 1.33 51
1 416 1 -9 4.45 68
1 1 2 -9 3.55 66
1 1 1 -9 2.22 55
3 1 2 -9 3.27 64
1 1 1 -9 2.35 59
1 1 1 -9 5.56 75
3 1 2 -9 1.57 50
3 1 1 -9 3.16 65
1 326 1 -9 3.5 69
1 12 2 -9 6.17 78
3 1 1 -9 4.59 73
3 1 2 -9 6.33 80
1 1 1 -9 5.57 75
1 1 1 -9 9.59 88
1 161 1 -9 3.7 68
3 1 2 -9 2.45 58
2 792 1 -9 3.74 72
1 407 2 -9 4.33 75
2 850 2 -9 1.3 46
3 643 2 -9 6.3 84
1 1 1 -9 1.53 54
