1 1 1 -9 1.43 47
1 100 1 -9 2.9 62
1 1 1 -9 5.51 74
1 1 1 -9 7.04 78
1 1 2 -9 1.2 44
1 1 2 -9 4.59 67
1 1 1 -9 2.76 61
1 1 2 -9 3.11 63
1 1 2 -9 2.35 58
1 1 2 -9 2.14 54
1 1 1 -9 5.2 73
1 1 2 -9 5.2 69
1 1 2 -9 2.55 57
1 1 1 -9 5.15 72
1 1 1 -9 3.27 64
1 1 2 -9 5.41 75
1 1 2 -9 3.57 63
1 113 2 -9 4.71 74
2 695 2 -9 1.86 53
2 686 2 -9 3.58 63
1 264 2 -9 5.8 78
3 628 2 -9 7.21 82
1 1 1 -9 2.5 58
1 1 1 -9 5.2 74
1 18 2 -9 1.4 47
1 1 2 -9 2.5 59
3 644 2 -9 2.8 66
1 1 2 -9 4.29 68
3 579 1 -9 6.2 76
1 1 1 -9 4.29 68
2 781 2 -9 4.3 64
3 809 2 -9 2.1 55
1 93 2 -9 2 62
1 278 2 -9 1.6 50
1 142 2 -9 1.3 51
1 321 2 -9 4 62
1 1 2 -9 3.98 63
1 421 1 -9 1.95 56
1 1 1 -9 1.17 54
1 1 2 -9 4.18 68
1 1 2 -9 0.97 45
1 57 2 -9 4 69
1 1 1 -9 12.04 91
1 1 2 -9 2.76 59
2 715 2 -9 2.56 62
1 1 1 -9 5.82 79
1 1 2 -9 2.65 55
1 1 2 -9 2.7 60
1 1 2 -9 8.16 84
2 956 1 -9 6.4 74
1 1 1 -9 3.57 64
2 689 1 -9 4.1 69
2 944 2 -9 5.58 80
2 565 2 -9 5.42 74
1 1 2 -9 4.5 69
1 243 1 -9 2.4 56
3 544 1 -9 4.24 71
3 578 2 -9 2 55
1 1 1 -9 2.45 57
1 1 2 -9 7.45 80
3 551 1 -9 2.4 58
1 177 1 -9 1.76 54
1 1 1 -9 6.68 79
3 590 2 -9 3.5 66
3 593 2 -9 1.6 50
2 880 1 -9 3.15 62
1 1 2 -9 1.84 55
1 1 2 -9 6.22 75
1 1 1 -9 4.9 69
1 1 2 -9 6.84 77
1 1 2 -9 3.11 63
1 1 2 -9 2.04 56
2 717 1 -9 2.72 62
1 1 1 -9 4.64 72
3 923 1 -9 3.6 66
1 163 1 -9 2.5 62
1 292 1 -9 1.2 46
2 863 1 -9 6.8 83
1 1 2 -9 1.9 56
3 642 2 -9 2.5 61
1 1 2 -9 4.69 70
1 1 2 -9 7.76 81
1 1 1 -9 4.08 68
3 830 1 -9 3.62 67
3 780 1 -9 2.3 59
1 9 1 -9 4.6 73
1 22 2 -9 4 70
1 222 1 -9 4.5 70
1 396 2 -9 2.2 60
3 658 2 -9 3.4 65
1 1 1 -9 8.27 83
1 1 1 -9 3.42 65
1 1 1 -9 4.29 67
1 1 2 -9 5 72
1 1 1 -9 4.39 73
1 373 1 -9 1.65 52
1 121 1 -9 6.8 73
1 108 2 -9 3.05 62
2 671 1 -9 3.4 64
2 675 1 -9 2.9 61
3 669 2 -9 3.42 66
3 884 1 -9 2.5 57
1 270 1 -9 6.6 77
2 562 1 -9 3.78 67
1 1 2 -9 3.16 61
3 581 1 -9 2.5 62
1 1 2 -9 6.94 79
1 1 1 -9 2.65 58
1 1 1 -9 1.63 53
1 1 1 -9 2.24 56
1 1 1 -9 5.2 72
1 1 2 -9 1.63 53
1 1 2 -9 2.96 61
3 554 2 -9 5.6 68
1 1 2 -9 1.84 56
1 97 1 -9 6.1 82
1 403 1 -9 2.3 58
1 147 1 -9 4.2 64
2 891 2 -9 2.92 62
3 936 2 -9 3.05 61
2 916 1 -9 2.18 59
1 1 1 -9 5.92 67
1 1 2 -9 4.54 70
2 723 1 -9 3.01 66
1 1 1 -9 5.2 75
1 1 1 -9 5.1 74
1 1 2 -9 7.45 81
1 1 1 -9 6.12 74
1 88 1 -9 4.25 69
1 1 2 -9 3.16 63
2 681 1 -9 1.92 56
1 378 1 -9 2.34 64
1 441 1 -9 1.52 52
2 564 1 -9 3.4 65
1 1 1 -9 5.1 70
3 544 1 -9 7.56 85
1 330 1 -9 3 65
1 386 2 -9 3.51 64
3 484 1 -9 4.02 69
3 554 1 -9 5 67
1 3 1 -9 8.7 86
1 82 2 -9 4.6 70
1 338 2 -9 2.35 55
1 63 1 -9 2.1 59
1 351 2 -9 5.2 71
2 937 2 -9 2.79 60
1 1 1 -9 2.86 60
1 1 2 -9 1.99 54
1 1 2 -9 2.19 60
1 1 1 -9 5.51 79
1 1 1 -9 2.14 55
1 1 2 -9 2.5 57
1 1 2 -9 4.29 65
1 74 2 -9 1.4 52
1 1 1 -9 3.27 63
1 1 1 -9 2.76 59
1 367 2 -9 4.43 73
2 732 1 -9 2.4 55
1 136 2 -9 2.9 61
1 1 1 -9 6.43 79
3 485 1 -9 3.8 70
1 1 1 -9 5.2 73
1 1 1 -9 8.06 80
3 488 1 -9 1.89 55
1 217 2 -9 2.73 58
1 1 2 -9 3.57 65
3 536 2 -9 2.99 63
3 515 2 -9 5.29 74
1 435 2 -9 1 56
3 707 1 -9 1.7 52
1 1 1 -9 1.53 52
1 1 1 -9 1.63 52
1 1 2 -9 3.98 67
1 1 1 -9 4.08 70
1 1 1 -9 2.55 61
1 1 2 -9 1.63 55
1 77 1 -9 2.05 57
1 76 2 -9 0.72 42
1 1 2 -9 3.78 67
1 1 1 -9 2.2 58
2 672 1 -9 4.88 71
2 946 1 -9 4.94 76
2 945 1 -9 4.78 72
3 876 2 -9 1.49 52
2 866 1 -9 5.3 74
1 1 1 -9 6.1 75
1 166 1 -9 9.5 86
1 1 1 -9 2.5 59
1 1 2 -9 2.76 60
1 252 2 -9 3.74 66
1 1 1 -9 2.65 60
1 1 2 -9 1.73 54
2 599 1 -9 6.1 79
1 1 1 -9 1.94 55
1 1 2 -9 5.31 75
1 1 2 -9 7.04 77
1 116 1 -9 3.8 54
1 456 1 -9 1.75 55
1 67 1 -9 6.3 71
1 340 2 -9 3.35 59
2 772 1 -9 1.7 49
1 1 1 -9 4.39 67
1 1 1 -9 3.06 63
1 1 2 -9 1.99 58
1 316 1 -9 3.18 64
3 953 1 -9 1.8 55
3 621 1 -9 2.28 58
1 474 1 -9 1.3 45
1 1 1 -9 2.8 62
1 1 1 -9 3.5 68
1 1 2 -9 2.7 58
1 1 1 -9 4.7 72
1 1 1 -9 6.22 75
1 1 2 -9 5.2 72
1 1 1 -9 6.33 74
1 1 2 -9 1.12 46
3 506 2 -9 2.9 64
1 1 1 -9 6.02 76
1 1 2 -9 5.41 77
1 115 2 -9 4 65
3 652 2 -9 3.2 63
3 656 2 -9 4.1 69
1 41 1 -9 2.4 58
1 1 1 -9 2.04 53
1 1 2 -9 1.84 51
1 1 1 -9 3.88 69
1 1 1 -9 4.39 69
1 1 2 -9 2.35 58
1 1 1 -9 3.27 63
1 1 1 -9 2.24 60
1 1 1 -9 5.92 74
1 1 1 -9 3.1 65
1 1 2 -9 4.3 68
2 678 1 -9 0.94 46
2 684 2 -9 1.62 51
1 367 1 -9 5.66 78
3 489 1 -9 6.08 77
1 1 2 -9 3.9 72
1 1 1 -9 4.39 71
1 1 2 -9 2.04 57
1 1 2 -9 2.96 58
1 1 1 -9 3.67 70
1 1 2 -9 2.45 61
1 375 2 -9 5.44 76
2 537 2 -9 3.37 65
3 612 2 -9 4.8 72
1 343 1 -9 2.8 60
2 939 2 -9 3.57 67
1 1 2 -9 2.55 60
1 428 1 -9 3.23 66
1 1 2 -9 1.89 54
1 1 2 -9 5.1 76
1 1 2 -9 2.55 59
1 1 1 -9 3.06 61
1 354 2 -9 3.3 70
1 272 2 -9 2.1 57
2 620 2 -9 2.45 59
1 1 2 -9 6.33 77
3 580 1 -9 3 65
1 1 2 -9 2.65 78
1 1 1 -9 2.55 59
1 1 2 -9 1.73 51
1 1 2 -9 3.27 63
1 1 2 -9 3.78 61
1 1 1 -9 7.14 79
2 781 1 -9 2.7 62
1 1 1 -9 2.45 56
1 1 2 -9 2.76 60
2 882 2 -9 2.75 65
1 1 1 -9 4.79 73
1 13 2 -9 3.7 68
3 512 1 -9 2.4 65
3 853 2 -9 6.3 76
3 651 2 -9 5.6 79
2 767 2 -9 2.6 59
1 398 2 -9 2.1 57
1 130 1 -9 3.5 64
2 910 2 -9 2.7 60
2 657 1 -9 5.8 61
1 297 1 -9 6 78
1 1 2 -9 4.7 73
1 1 1 -9 2.14 56
3 754 2 -9 3.24 64
1 1 1 -9 4.8 70
1 112 2 -9 2.06 53
2 847 2 -9 1.25 47
2 862 2 -9 3.3 64
1 438 1 -9 1.62 53
1 443 2 -9 3.57 70
1 295 2 -9 2.6 61
1 1 1 -9 1.6 52
1 1 1 -9 5.41 79
1 330 2 -9 4.8 74
1 1 1 -9 3.67 64
1 1 1 -9 8.67 84
1 1 2 -9 4.39 69
1 1 2 -9 1.94 54
1 1 1 -9 3.06 62
2 596 2 -9 1.3 49
3 552 2 -9 2.9 75
2 545 2 -9 2.4 59
2 739 2 -9 3.7 66
3 853 1 -9 3.65 65
1 54 1 -9 2.46 65
1 56 2 -9 4.3 70
1 279 2 -9 3.9 67
3 603 1 -9 9.11 92
3 606 1 -9 11.9 94
1 145 2 -9 3.3 62
1 1 1 -9 2.65 61
1 25 1 -9 2.4 63
2 839 1 -9 2 59
1 426 2 -9 5.82 84
3 458 1 -9 0.7 42
1 1 2 -9 4.39 69
1 1 1 -9 1.58 52
1 1 2 -9 2.96 60
1 1 1 -9 2.86 63
1 1 1 -9 2.35 58
1 1 2 -9 1.84 56
1 1 1 -9 2.24 57
1 1 1 -9 7.45 81
1 1 2 -9 4.54 71
1 1 1 -9 5.31 72
1 1 1 -9 1.53 53
1 1 1 -9 5.61 72
1 1 1 -9 5.82 76
1 180 1 -9 2.4 58
1 410 2 -9 2.6 64
1 1 1 -9 5.7 73
1 1 1 -9 7.1 77
1 1 2 -9 2.1 68
1 1 1 -9 2.4 59
1 1 2 -9 2.35 62
1 1 2 -9 2.8 61
3 539 1 -9 7.21 83
1 1 2 -9 4.18 67
1 1 1 -9 2.65 59
1 1 1 -9 3.27 63
1 392 2 -9 1.56 52
1 1 2 -9 5.31 74
1 215 1 -9 7.7 80
1 434 1 -9 15.2 102
1 91 1 -9 5 74
2 912 2 -9 3.5 65
3 662 2 -9 4.8 70
1 430 1 -9 5.73 79
1 1 1 -9 11.53 89
1 1 2 -9 4.06 68
1 1 1 -9 3.98 67
1 1 2 -9 2.96 63
1 1 2 -9 4.69 73
1 1 2 -9 5.71 73
1 1 1 -9 3.57 65
3 761 2 -9 1.78 53
1 156 2 -9 1.9 54
1 1 2 -9 9.72 91
1 1 2 -9 5.1 73
1 241 2 -9 4.2 69
3 643 1 -9 3 65
1 1 2 -9 6.53 75
3 571 1 -9 3.8 66
1 92 1 -9 6.5 83
1 130 2 -9 1.3 52
1 413 1 -9 2.5 65
1 1 1 -9 1.42 53
1 1 1 -9 2.86 62
1 300 1 -9 2.5 60
1 234 2 -9 2 52
1 1 1 -9 3.16 64
1 1 2 -9 3.67 63
1 1 2 -9 3.16 63
1 79 1 -9 2.12 56
3 751 1 -9 1.76 57
1 159 2 -9 5.7 68
1 1 2 -9 2.86 59
1 80 2 -9 6.5 74
3 792 1 -9 2.8 64
3 954 1 -9 1.7 57
1 466 2 -9 4.86 54
1 1 1 -9 4.7 69
1 1 2 -9 3.16 63
1 1 1 -9 4.39 71
1 1 1 -9 1.94 50
3 553 1 -9 3.8 64
1 338 2 -9 2.15 53
1 193 1 -9 1.25 41
2 894 2 -9 4.55 70
1 1 2 -9 3.88 62
1 1 1 -9 6.89 78
1 1 2 -9 5.31 71
1 1 1 -9 7.65 81
1 1 1 -9 3.98 68
2 724 1 -9 10.23 93
1 1 1 -9 2.96 63
1 1 1 -9 3.27 64
1 1 1 -9 2.35 58
1 1 1 -9 2.65 54
2 710 1 -9 4.56 70
1 1 2 -9 2.76 59
1 1 2 -9 2.24 58
2 678 2 -9 5.44 78
3 688 1 -9 9.7 87
3 524 1 -9 4.2 72
1 245 1 -9 1.1 49
2 841 2 -9 1.31 48
3 800 1 -9 2.03 57
2 531 1 -9 3.2 65
2 496 2 -9 5.16 76
1 383 1 -9 5.11 78
1 1 1 -9 5.61 78
1 1 2 -9 4.69 71
1 1 2 -9 2.35 56
3 567 1 -9 2.3 56
1 60 1 -9 3.6 54
1 1 2 -9 3.78 67
1 1 2 -9 7.96 81
3 831 2 -9 1.68 55
3 834 1 -9 5.32 72
2 796 2 -9 4.3 64
3 612 2 -9 3.6 67
1 322 1 -9 6 75
1 334 1 -9 3.4 61
3 605 2 -9 3.7 69
3 609 1 -9 3.4 66
3 699 2 -9 3.1 62
2 768 1 -9 2.1 57
1 327 1 -9 5.6 76
2 712 2 -9 2.24 57
1 1 1 -9 2.7 64
1 1 2 -9 3.37 65
1 1 1 -9 3.85 69
2 674 1 -9 4.78 73
2 948 2 -9 4.04 68
2 813 2 -9 3 66
3 825 1 -9 4.4 72
1 1 1 -9 6.9 79
1 1 2 -9 3.16 64
1 317 1 -9 6.3 77
1 1 1 -9 2.65 63
1 1 1 -9 5.61 78
1 1 1 -9 5.1 70
3 549 1 -9 4 70
1 1 2 -9 4.29 70
1 359 2 -9 6.15 78
1 60 1 -9 11.3 93
1 1 1 -9 2.45 37
1 2 1 -9 4.8 70
1 322 1 -9 3 61
1 67 2 -9 4 64
2 743 1 -9 5.4 70
1 46 2 -9 2.5 61
1 286 1 -9 7.5 79
1 175 1 -9 2.41 66
1 1 2 -9 3.78 69
2 913 1 -9 3.5 65
2 879 1 -9 9.15 85
1 1 2 -9 1.53 44
1 1 1 -9 4.29 69
1 1 2 -9 1.73 51
1 312 1 -9 2.6 55
3 815 2 -9 2.1 61
1 265 1 -9 8 85
2 728 2 -9 3.4 61
1 1 2 -9 3.4 65
1 1 2 -9 4.9 69
1 1 1 -9 1.1 46
1 1 1 -9 8.98 82
1 1 1 -9 4.69 70
1 1 2 -9 3.67 63
1 1 1 -9 2.76 60
1 1 2 -9 4.9 70
1 374 1 -9 5.44 70
3 867 1 -9 3.5 70
1 337 2 -9 3 63
1 65 1 -9 7.4 82
1 287 2 -9 4.5 70
1 232 2 -9 11.3 93
1 1 2 -9 2.6 61
1 192 2 -9 5.44 67
3 665 2 -9 2.6 61
1 1 2 -9 2.65 61
1 1 2 -9 3.88 65
1 1 2 -9 1.73 51
1 1 2 -9 1.22 46
1 1 2 -9 2.76 61
1 1 2 -9 3.62 62
1 1 2 -9 9.59 85
1 1 2 -9 2.35 56
1 292 2 -9 2.3 57
1 1 1 -9 3.5 64
2 732 2 -9 2.4 56
1 1 2 -9 1.8 55
1 1 2 -9 8.78 84
1 1 1 -9 3.37 62
1 1 2 -9 5.61 73
1 1 2 -9 2.04 65
3 809 2 -9 2.2 58
1 96 2 -9 4 71
1 339 1 -9 2.2 42
2 745 2 -9 1.7 55
1 47 1 -9 1.65 39
3 588 2 -9 2.4 57
2 915 1 -9 4.48 68
1 1 1 -9 1.94 54
1 1 2 -9 2.76 59
1 1 1 -9 3.67 67
1 1 2 -9 3.16 61
1 437 1 -9 1.69 54
1 445 1 -9 5.04 75
1 137 1 -9 7.08 82
1 1 2 -9 2.5 57
1 1 2 -9 2.24 57
1 1 1 -9 4.59 67
1 1 1 -9 3.27 63
1 389 1 -9 7.16 80
1 304 1 -9 2.8 63
1 224 2 -9 3.3 64
1 1 1 -9 2.24 56
1 195 1 -9 4.23 64
1 1 1 -9 7.65 80
1 421 1 -9 1.83 54
3 502 1 -9 2 57
2 859 2 -9 6.1 80
1 1 1 -9 1.53 50
1 164 1 -9 2.1 57
1 1 1 -9 2.55 62
1 1 1 -9 5.5 75
3 811 2 -9 3.2 65
3 822 1 -9 2 54
2 729 2 -9 4.7 75
2 531 1 -9 2.6 56
1 450 2 -9 1.73 53
3 623 1 -9 6.62 81
2 616 2 -9 5.73 79
1 1 1 -9 3.1 62
1 1 1 -9 2.6 62
3 648 1 -9 2.9 62
1 1 1 -9 4.29 71
2 599 2 -9 3.05 68
1 1 1 -9 5.2 72
1 1 2 -9 2.14 55
1 1 2 -9 4.29 67
3 516 2 -9 5.23 75
3 603 2 -9 1.52 52
3 696 1 -9 5.7 76
1 414 2 -9 1.6 50
1 237 1 -9 0.85 43
2 878 2 -9 1.55 49
2 476 2 -9 2.28 58
3 501 2 -9 3.3 70
1 1 1 -9 6.43 78
1 1 1 -9 3.27 66
2 709 1 -9 4.68 70
1 1 2 -9 3.01 62
1 1 2 -9 2.55 60
1 1 2 -9 2.86 64
1 1 2 -9 5.61 72
1 155 2 -9 1.2 48
1 1 1 -9 7.65 82
3 805 1 -9 4.48 70
1 271 1 -9 2 57
3 857 1 -9 1.2 47
1 206 2 -9 4.8 73
1 1 1 -9 2.4 60
2 558 1 -9 5.22 73
1 1 1 -9 5.7 76
1 1 1 -9 9.9 87
3 541 2 -9 1.67 53
1 1 1 -9 3.78 65
1 1 1 -9 2.96 63
3 579 1 -9 4 67
1 393 1 -9 6.7 82
1 1 1 -9 2.14 52
1 1 2 -9 6.02 74
1 1 1 -9 7.45 81
1 149 1 -9 1.9 57
3 512 2 -9 9.6 91
1 1 1 -9 10.71 87
1 1 1 -9 6.28 75
1 1 2 -9 2.96 61
1 1 1 -9 3.01 62
1 1 1 -9 1.94 58
1 1 2 -9 4.69 71
1 1 2 -9 4.69 71
1 373 1 -9 2.15 57
2 904 2 -9 3.35 63
1 411 2 -9 1.5 48
3 812 2 -9 6.2 77
1 294 2 -9 2.45 56
1 1 1 -9 1.5 53
1 1 2 -9 2.7 60
1 1 1 -9 5.8 73
1 1 1 -9 7.1 83
1 310 1 -9 9.05 95
1 1 1 -9 3.98 69
1 239 2 -9 3 69
1 1 1 -9 1.43 51
2 487 1 -9 2.55 61
1 1 2 -9 2.86 58
1 1 2 -9 4.39 68
1 1 1 -9 2.35 62
1 339 1 -9 2.9 52
1 140 2 -9 3.5 66
1 350 1 -9 11.4 93
1 231 2 -9 10.8 85
1 396 1 -9 2.8 64
1 429 2 -9 5.17 77
1 298 1 -9 4.9 70
2 722 2 -9 4.44 70
1 1 1 -9 3.88 67
1 1 1 -9 3.32 66
1 1 1 -9 2.55 59
1 1 2 -9 2.04 51
1 1 1 -9 3.78 66
1 1 1 -9 9.39 86
1 1 2 -9 1.68 50
1 1 1 -9 4.18 70
1 1 1 -9 3.47 63
1 370 1 -9 1.95 61
1 371 1 -9 2.67 60
1 245 2 -9 3 60
3 803 2 -9 2.86 63
2 534 1 -9 2.2 54
2 614 2 -9 6.53 82
3 494 2 -9 2.49 59
1 1 1 -9 6 73
1 1 2 -9 1.94 50
1 1 1 -9 2.55 58
1 1 1 -9 7.04 82
1 1 1 -9 5.61 76
3 808 2 -9 2.7 60
1 1 2 -9 1.63 56
1 1 1 -9 2.24 58
1 228 1 -9 4.1 67
1 6 2 -9 2 60
1 323 2 -9 1.3 47
1 48 2 -9 2.2 54
1 276 1 -9 3.6 68
1 303 1 -9 7.1 85
1 1 1 -9 4.44 69
1 321 1 -9 5 71
1 1 2 -9 2.04 55
1 1 1 -9 1.33 49
1 1 2 -9 1.84 52
1 1 1 -9 2.14 53
2 714 1 -9 3.66 66
1 1 2 -9 1.63 54
1 1 1 -9 2.55 60
1 1 1 -9 4.08 69
1 187 1 -9 1.3 52
1 1 1 -9 1.85 56
2 694 1 -9 3.96 68
3 523 2 -9 5.2 77
3 524 1 -9 5.9 78
3 527 2 -9 1.2 48
1 369 1 -9 6.21 80
3 875 1 -9 1.42 51
1 465 2 -9 2.52 60
1 1 1 -9 2.8 60
1 1 1 -9 5.5 75
1 1 2 -9 6.94 78
3 539 1 -9 7.06 84
3 543 2 -9 2.46 59
1 249 1 -9 -9 50
1 1 2 -9 2.76 60
1 1 2 -9 2.86 60
1 1 2 -9 1.94 51
1 1 2 -9 3.37 61
1 478 1 -9 2.87 59
1 213 2 -9 4.07 67
3 786 1 -9 4.2 69
1 1 2 -9 3.87 70
1 61 2 -9 4.3 71
1 247 1 -9 2.2 59
3 605 1 -9 6.9 82
1 1 2 -9 2.09 54
2 767 1 -9 2.1 52
2 837 2 -9 2.8 60
1 1 1 -9 1.43 49
1 1 2 -9 4.49 72
1 1 1 -9 1.73 51
2 927 1 -9 2.72 61
1 1 2 -9 4.2 69
1 1 1 -9 7.45 78
2 695 1 -9 4.94 75
1 225 1 -9 1.25 51
1 259 2 -9 4.2 65
2 848 1 -9 2.94 64
3 804 2 -9 2.42 58
1 269 1 -9 9 88
2 863 1 -9 5.8 77
1 220 1 -9 7.34 72
1 472 1 -9 1.9 53
3 494 2 -9 2.64 63
1 1 2 -9 2.5 60
1 1 1 -9 2.5 61
1 1 1 -9 1.3 49
1 1 2 -9 6.73 80
1 1 2 -9 3.27 61
1 1 2 -9 3.57 62
1 1 2 -9 2.35 59
1 1 1 -9 6.84 82
1 1 1 -9 7.86 76
1 212 1 -9 5 72
1 1 2 -9 5.82 75
1 1 2 -9 2.65 65
3 833 1 -9 4 70
1 8 1 -9 1.2 47
1 143 2 -9 3.6 70
1 1 2 -9 2.55 61
3 592 2 -9 1.7 58
3 707 2 -9 3.2 61
1 1 2 -9 3.06 63
1 36 1 -9 6.2 75
1 104 1 -9 2.6 63
1 1 2 -9 1.48 48
1 1 1 -9 2.76 60
1 1 2 -9 4.48 71
1 1 2 -9 2.24 60
1 1 2 -9 9.29 84
1 203 1 -9 6 76
1 1 2 -9 3.45 63
3 525 1 -9 7.7 90
1 376 1 -9 4 67
2 530 1 -9 2.1 57
1 1 2 -9 3.6 62
1 1 2 -9 2.2 58
1 1 1 -9 5.8 73
1 454 2 -9 1.03 44
1 318 1 -9 5.8 73
1 1 1 -9 2.55 60
1 1 1 -9 2.04 59
1 1 1 -9 3.37 63
1 1 1 -9 3.57 62
1 461 2 -9 2.28 68
1 1 1 -9 2.55 61
2 882 1 -9 6.24 74
1 1 2 -9 5.82 81
1 399 2 -9 5.6 73
1 303 1 -9 2.2 61
1 211 1 -9 3.5 67
1 1 1 -9 5.1 76
1 1 2 -9 4.18 69
1 1 2 -9 3.57 66
1 1 2 -9 1.89 52
2 708 2 -9 2.24 57
2 709 2 -9 2.24 57
1 1 1 -9 2.45 59
2 861 1 -9 3.6 64
1 1 2 -9 1.6 50
1 1 1 -9 1.6 52
2 686 2 -9 1.62 54
3 521 2 -9 2.9 61
2 931 1 -9 5.45 75
1 464 1 -9 2.88 64
2 557 1 -9 3.8 68
1 1 2 -9 4.9 72
1 1 2 -9 2.2 58
1 1 1 -9 9.18 82
1 478 1 -9 3.65 69
1 1 1 -9 6.02 73
1 1 2 -9 2.35 59
1 1 1 -9 9.69 89
2 872 2 -9 3.9 68
1 333 2 -9 2.7 58
3 604 2 -9 7.4 83
1 31 1 -9 3.2 66
3 892 1 -9 2.72 62
1 1 2 -9 2.45 60
1 132 1 -9 4 68
2 909 1 -9 3.6 68
1 1 1 -9 1.63 54
1 1 1 -9 5.41 71
1 1 2 -9 5.1 76
1 1 2 -9 4.34 70
1 1 2 -9 2.14 55
1 1 2 -9 3.57 64
1 1 2 -9 2.14 57
1 1 1 -9 1.32 48
1 1 1 -9 4.59 72
1 1 1 -9 7.19 82
1 1 2 -9 4.59 71
1 1 1 -9 6.12 76
1 1 1 -9 7.45 76
1 109 2 -9 2.74 57
1 1 2 -9 3.6 64
3 789 2 -9 3.2 67
3 523 1 -9 4.7 75
1 262 2 -9 3.2 62
3 818 2 -9 2.4 64
1 265 2 -9 1.6 60
1 219 1 -9 1.65 53
1 1 1 -9 2.5 55
3 561 1 -9 2.49 59
1 1 1 -9 2.1 57
1 1 2 -9 4.08 64
1 1 1 -9 5 73
1 1 1 -9 2.55 60
1 1 1 -9 2.35 55
1 1 1 -9 8.67 82
1 390 1 -9 2.42 59
1 358 1 -9 8.6 84
1 1 1 -9 4.69 70
1 1 2 -9 3.27 65
1 94 2 -9 5.5 78
1 11 2 -9 2 60
2 743 1 -9 2.9 60
3 653 1 -9 3 62
1 348 2 -9 3.8 63
1 1 1 -9 1.22 48
3 503 2 -9 2 58
1 1 1 -9 4.13 69
1 1 2 -9 2.14 55
1 1 1 -9 5.36 75
1 306 2 -9 5 79
1 1 2 -9 4.29 76
1 1 2 -9 4.9 70
1 75 1 -9 2.09 57
1 1 1 -9 5 72
3 801 1 -9 14.57 95
3 823 1 -9 10.1 96
1 1 1 -9 9.4 90
1 310 1 -9 1.95 47
1 1 1 -9 10.31 85
3 583 1 -9 3.9 73
1 1 1 -9 2.24 57
1 391 2 -9 3.09 62
1 385 2 -9 3.4 65
1 1 1 -9 4.39 69
3 553 1 -9 3.6 65
1 221 2 -9 4.5 66
3 829 1 -9 4.42 71
2 510 1 -9 2.8 49
1 280 1 -9 9.3 128
1 207 2 -9 -9 38
1 1 2 -9 1.84 55
2 899 2 -9 9.36 85
1 1 1 -9 4.9 69
1 235 2 -9 2.1 54
1 1 2 -9 3.57 63
1 160 2 -9 2.7 58
1 87 1 -9 2.25 55
1 1 1 -9 4.8 71
1 1 1 -9 1.7 54
2 673 1 -9 7.1 81
3 668 2 -9 1.88 56
2 733 1 -9 7.6 84
3 954 2 -9 0.8 41
1 470 2 -9 2.84 63
1 134 2 -9 3.9 69
1 1 1 -9 2.2 59
1 1 1 -9 9.29 85
1 171 2 -9 3.9 66
1 1 1 -9 2.76 59
1 1 2 -9 6.02 75
1 1 2 -9 5.92 73
1 1 2 -9 3.16 60
1 1 1 -9 2.45 60
1 293 2 -9 1.26 47
1 49 2 -9 1.15 48
1 289 1 -9 2 55
1 33 1 -9 4.25 72
1 1 1 -9 4.69 70
1 1 2 -9 2.14 55
1 1 2 -9 2.14 58
1 1 1 -9 6.94 79
1 1 1 -9 8.47 82
1 1 2 -9 4.44 71
1 1 2 -9 2.86 63
1 79 2 -9 2.05 56
1 273 2 -9 3.5 70
1 1 1 -9 3.88 63
1 1 2 -9 6.22 73
1 182 2 -9 2.5 60
2 670 2 -9 3.1 67
3 650 1 -9 3.3 62
1 314 1 -9 5.93 78
3 950 1 -9 5.5 76
1 442 2 -9 2.54 60
1 466 2 -9 1.5 48
1 1 2 -9 1.33 52
3 580 2 -9 1.8 52
1 1 1 -9 3.88 64
3 548 2 -9 1.6 54
1 1 2 -9 1.94 58
1 1 1 -9 4.49 70
1 228 2 -9 2.2 49
1 72 1 -9 2.65 62
2 871 1 -9 2.6 60
3 613 2 -9 2.8 62
1 98 2 -9 3.9 70
1 274 2 -9 2.1 56
1 192 1 -9 2.73 52
3 770 2 -9 4 68
1 261 2 -9 3.3 64
1 1 1 -9 1.17 48
1 1 2 -9 5.51 77
1 1 1 -9 2.86 64
1 1 2 -9 3.06 64
1 1 1 -9 2.35 57
1 1 1 -9 3.67 64
1 1 2 -9 3.47 66
1 1 1 -9 5.82 75
1 401 2 -9 2.7 65
1 152 1 -9 1.1 49
1 1 2 -9 7.8 80
3 845 1 -9 9.2 91
1 440 2 -9 4.03 74
3 622 2 -9 1.48 49
1 1 2 -9 1.7 50
1 18 1 -9 1.6 49
1 1 2 -9 3.8 67
1 1 2 -9 6.33 75
2 646 2 -9 3.3 68
1 1 2 -9 1.73 55
1 1 2 -9 3.78 66
1 1 2 -9 8.37 81
1 1 2 -9 4.8 68
1 1 2 -9 5.51 72
1 1 2 -9 4.69 75
3 795 1 -9 5.3 75
1 8 1 -9 0.9 45
1 55 2 -9 3.7 66
1 233 2 -9 1.4 49
1 344 1 -9 2.2 56
1 282 2 -9 1 47
1 1 1 -9 2.14 55
1 1 1 -9 3.27 60
2 879 2 -9 2.47 58
1 1 1 -9 6.63 78
1 1 1 -9 4.29 72
1 235 2 -9 7.3 75
1 1 2 -9 1.84 51
1 1 1 -9 2.24 55
1 1 1 -9 5.71 75
1 1 2 -9 4.49 66
1 1 1 -9 9.18 82
1 1 2 -9 3.78 61
1 1 1 -9 4.69 74
1 263 1 -9 1.8 53
3 817 1 -9 8.2 85
1 1 2 -9 5 69
3 582 2 -9 5 71
1 1 2 -9 6.02 77
1 391 2 -9 2.46 59
1 388 1 -9 2.02 58
1 361 1 -9 1.2 46
3 602 1 -9 3.58 68
1 345 2 -9 1.3 48
3 705 2 -9 2.4 58
1 1 2 -9 4.9 75
1 127 2 -9 5.9 75
1 1 2 -9 2.24 54
1 427 2 -9 2.55 61
1 1 1 -9 5.82 71
1 1 2 -9 3.36 67
1 1 2 -9 2.76 61
1 1 2 -9 3.37 67
1 106 1 -9 2.85 69
1 1 1 -9 4.9 75
1 1 2 -9 7.14 80
1 186 2 -9 1.8 50
2 676 2 -9 2.84 63
2 842 1 -9 8.6 88
2 865 1 -9 5.6 76
3 855 2 -9 3.2 64
2 631 1 -9 7.6 83
1 135 2 -9 3 61
1 136 2 -9 2.85 59
1 1 2 -9 4.8 70
3 583 2 -9 3.5 69
1 1 2 -9 2.86 60
1 1 1 -9 3.27 65
1 1 2 -9 1.94 53
1 1 2 -9 3.88 66
1 1 2 -9 3.78 65
1 1 2 -9 1.73 55
1 374 1 -9 2.42 60
3 776 1 -9 3.4 67
2 796 1 -9 3.5 64
1 323 2 -9 4.2 70
1 9 1 -9 1.8 53
1 302 1 -9 6 82
1 28 1 -9 3 24
1 1 1 -9 1.12 47
1 1 1 -9 6.73 79
1 1 1 -9 1.58 53
1 1 1 -9 3.57 65
1 1 2 -9 3.16 66
1 331 1 -9 1.7 53
1 1 1 -9 8.16 81
1 1 1 -9 1.48 51
1 1 2 -9 2.45 59
1 1 1 -9 4.39 70
2 956 1 -9 6.8 77
1 1 2 -9 3.47 64
1 1 2 -9 7.55 82
1 1 1 -9 1.65 53
1 377 1 -9 1.23 49
1 264 1 -9 2.2 58
2 566 1 -9 3.49 67
1 165 2 -9 1.8 52
1 34 2 -9 3.6 64
1 1 1 -9 7.25 81
1 1 2 -9 3.16 61
1 1 1 -9 5.92 74
1 1 1 -9 3.27 62
1 459 1 -9 1.54 51
1 213 2 -9 1.54 49
1 1 2 -9 3.88 69
1 1 2 -9 4.69 68
1 1 2 -9 2.96 61
2 806 2 -9 3.33 62
2 510 2 -9 5.4 68
1 48 1 -9 2.9 62
1 50 1 -9 4.5 70
1 49 2 -9 1.85 56
3 908 1 -9 1.5 50
1 222 1 -9 3.3 65
1 286 2 -9 1.9 54
1 420 2 -9 1.2 55
1 200 2 -9 3.74 58
3 773 1 -9 3.4 67
1 129 2 -9 6.2 70
1 1 1 -9 2.76 60
1 1 1 -9 1.73 55
1 1 1 -9 2.65 61
1 1 2 -9 9.59 84
1 1 1 -9 3.98 70
1 1 2 -9 2.45 54
1 1 2 -9 2.55 68
1 1 2 -9 4.39 73
1 201 2 -9 2.6 59
2 682 1 -9 10.02 88
3 883 2 -9 5.5 70
1 266 1 -9 3.8 69
2 629 2 -9 2.67 61
1 464 1 -9 2 57
1 1 1 -9 2.7 62
1 1 1 -9 4.5 71
1 1 1 -9 3.4 65
1 1 2 -9 2.96 61
1 1 2 -9 3.67 65
1 1 1 -9 3.16 61
1 1 2 -9 2.55 60
2 784 2 -9 4.8 79
1 1 1 -9 4.08 69
1 408 2 -9 1.04 44
1 363 2 -9 4.8 72
1 1 2 -9 3.47 60
1 374 2 -9 1.39 51
1 457 2 -9 2.57 59
3 519 2 -9 2.27 61
1 205 1 -9 7 80
2 938 2 -9 2.71 60
1 139 2 -9 4.8 66
1 261 1 -9 4 66
1 1 1 -9 3.67 64
1 1 2 -9 4.29 68
1 1 2 -9 1.99 49
2 712 1 -9 2.06 66
1 1 1 -9 3.78 65
1 1 1 -9 4.59 68
1 1 2 -9 4.49 67
1 73 1 -9 5.6 77
3 759 2 -9 4.64 75
1 1 2 -9 5.71 72
1 1 1 -9 3.57 66
2 692 1 -9 2.72 62
3 887 2 -9 12.2 92
1 1 1 -9 2.1 56
1 1 1 -9 4.8 76
3 483 1 -9 1.8 70
1 1 1 -9 5.3 75
1 1 2 -9 4.08 66
1 1 1 -9 3.47 64
2 784 1 -9 3.6 63
1 1 1 -9 1.53 51
1 1 1 -9 6.53 77
1 1 2 -9 6.53 81
1 1 2 -9 3.27 61
1 1 1 -9 4.59 71
1 1 1 -9 2.55 60
1 1 2 -9 4.59 75
3 778 1 -9 5.2 74
3 807 1 -9 3.19 63
1 62 2 -9 3.8 66
3 652 2 -9 4.3 69
1 29 1 -9 6.5 80
1 125 1 -9 2.5 47
2 912 1 -9 2 55
2 878 2 -9 3.15 64
1 426 1 -9 2.78 65
1 1 2 -9 5.2 77
1 1 2 -9 2.55 62
1 1 2 -9 2.55 58
3 760 2 -9 1.52 53
2 926 2 -9 2.86 63
1 1 1 -9 6.33 80
1 1 1 -9 2.04 56
1 1 2 -9 7.76 81
1 89 1 -9 2.2 49
3 787 2 -9 1.8 56
1 272 1 -9 2.3 61
1 43 2 -9 5.5 71
1 411 2 -9 1.2 44
1 270 1 -9 9.4 87
2 731 2 -9 3 61
1 447 1 -9 4.83 71
1 444 1 -9 1.24 49
1 1 1 -9 2 66
1 16 2 -9 1.04 55
3 639 2 -9 3.6 68
3 637 1 -9 5.4 77
1 382 2 -9 3.81 68
1 319 2 -9 3.4 64
1 256 1 -9 3.65 67
1 1 1 -9 3.27 65
1 1 2 -9 4.08 70
3 585 2 -9 1.7 56
1 1 2 -9 4.69 70
1 1 1 -9 3.27 61
1 1 1 -9 3.67 65
3 868 1 -9 1.8 56
3 700 2 -9 2.6 59
3 661 2 -9 1.8 53
3 666 2 -9 4.6 72
1 57 2 -9 4.2 70
1 1 2 -9 4.13 69
1 1 2 -9 2.81 60
2 861 1 -9 3 63
1 1 1 -9 5.92 74
1 1 2 -9 1.43 50
2 928 2 -9 2.74 63
1 1 2 -9 2.24 58
1 1 1 -9 2.55 58
1 1 1 -9 4.39 73
1 1 2 -9 8.8 88
2 679 2 -9 3.54 67
3 801 2 -9 2.66 61
2 535 1 -9 4.9 73
1 446 2 -9 4.44 73
1 1 2 -9 1.8 53
1 1 2 -9 6.22 77
3 509 2 -9 2.3 60
1 1 1 -9 6.63 78
1 1 1 -9 3.47 60
2 783 2 -9 3.9 62
1 1 2 -9 4.08 65
1 1 1 -9 5.81 72
1 1 2 -9 5.1 73
1 1 2 -9 6.12 76
3 826 1 -9 4.62 71
1 62 2 -9 4.3 68
1 400 1 -9 2.4 56
3 608 1 -9 2 60
3 703 2 -9 8.3 82
2 941 1 -9 1.7 53
2 942 2 -9 1.46 50
2 899 1 -9 8.4 88
1 427 2 -9 3.5 65
1 1 1 -9 3.88 69
1 1 2 -9 4.59 69
1 1 1 -9 2.91 60
2 724 1 -9 1.03 47
1 1 1 -9 3.52 67
1 1 1 -9 2.45 59
1 1 1 -9 2.35 57
1 1 2 -9 2.35 58
3 759 1 -9 1.75 56
1 163 1 -9 1.35 50
1 1 2 -9 3.97 69
1 183 2 -9 3 61
1 201 2 -9 14.8 100
1 268 2 -9 5.2 74
1 439 2 -9 1.93 56
2 633 1 -9 4.86 73
1 1 2 -9 2.76 60
1 1 2 -9 1.53 51
1 1 1 -9 3.16 63
1 190 2 -9 1.4 38
1 1 1 -9 7.24 76
3 835 1 -9 2.43 61
1 21 2 -9 4.4 70
1 64 2 -9 15.2 73
1 38 1 -9 6.2 76
1 345 2 -9 2 55
1 27 1 -9 4.25 72
1 364 1 -9 7.4 88
1 1 2 -9 2.37 57
1 1 2 -9 3.57 67
1 328 2 -9 3.9 71
1 1 2 -9 2.95 62
1 1 2 -9 4.4 66
1 1 2 -9 2.76 58
1 1 1 -9 7.65 84
1 1 1 -9 10.1 90
1 1 1 -9 6.33 80
1 1 1 -9 6.43 81
2 690 1 -9 2.44 59
2 677 1 -9 3.86 68
2 680 1 -9 3.88 65
2 734 2 -9 2.8 55
1 448 1 -9 6.23 81
2 624 2 -9 3.2 65
1 20 2 -9 3.7 63
1 255 1 -9 3.4 66
1 1 1 -9 2.76 59
1 1 2 -9 3.47 61
1 1 2 -9 2.55 62
1 1 2 -9 3.06 63
1 85 1 -9 3 64
1 14 1 -9 8.5 82
3 852 1 -9 2.9 62
1 280 2 -9 6.2 75
1 145 1 -9 3.8 71
2 897 2 -9 4.7 67
1 1 1 -9 3.47 64
1 1 2 -9 2.3 55
1 1 1 -9 3.16 62
1 1 2 -9 4.34 70
1 1 1 -9 1.53 53
1 1 1 -9 3.37 64
1 1 1 -9 5.82 75
1 1 2 -9 4.69 74
1 1 1 -9 7.24 75
1 178 1 -9 3.5 69
2 672 2 -9 2.16 57
2 934 1 -9 1.92 55
2 849 2 -9 2.57 60
2 725 2 -9 3 63
1 469 1 -9 3.52 67
1 1 1 -9 2.4 59
1 1 1 -9 3.8 72
1 1 1 -9 6.4 76
1 1 1 -9 4.1 71
1 1 1 -9 3.2 65
1 1 2 -9 4.39 71
1 1 2 -9 2.65 61
1 395 1 -9 3.21 65
1 1 2 -9 3.98 64
1 1 1 -9 5.2 71
1 1 2 -9 2.65 55
1 1 2 -9 1.63 51
1 150 2 -9 6.5 78
1 22 1 -9 1.3 49
1 231 2 -9 3.2 69
3 701 1 -9 4.2 68
2 768 2 -9 11.4 91
1 1 1 -9 1.94 55
2 909 2 -9 1.75 54
1 1 1 -9 3.16 60
1 1 1 -9 4.69 67
1 1 1 -9 3.98 68
1 1 1 -9 4.13 67
1 1 2 -9 3.93 68
2 714 1 -9 1.85 55
1 1 1 -9 2.86 59
1 1 2 -9 1.94 53
1 1 1 -9 3.57 67
1 1 1 -9 1.84 55
1 1 2 -9 3.16 66
2 716 1 -9 2.72 60
1 162 1 -9 1.5 52
1 259 2 -9 2.2 55
2 945 2 -9 1.97 56
2 947 1 -9 6.87 84
3 821 2 -9 1.2 44
2 534 1 -9 3.2 65
1 453 1 -9 3.85 70
1 445 2 -9 5.01 78
2 557 2 -9 1.85 56
1 1 2 -9 2.5 57
1 254 1 -9 3.75 65
1 1 1 -9 5.2 76
1 1 1 -9 2.45 60
1 1 2 -9 4.3 65
1 1 2 -9 9.49 87
3 568 2 -9 3.4 72
1 407 1 -9 1.8 54
1 1 1 -9 3.37 64
1 4 1 -9 3.5 67
2 545 1 -9 2.4 59
2 806 2 -9 4.71 70
1 218 2 -9 2.1 55
1 341 2 -9 1.75 38
1 191 2 -9 1.23 40
1 431 2 -9 4.18 67
1 1 1 -9 7.76 85
1 1 2 -9 2.65 61
1 1 2 -9 2.04 53
1 1 1 -9 6.33 73
1 1 2 -9 2.55 59
1 1 2 -9 2.65 60
1 1 2 -9 2.96 61
1 1 2 -9 5.51 73
2 693 1 -9 1.74 54
3 667 2 -9 5.06 74
2 495 1 -9 1.55 51
1 1 1 -9 3.6 66
1 1 2 -9 3.98 68
1 389 2 -9 0.97 47
1 1 2 -9 2.86 61
1 462 1 -9 14.62 101
1 1 1 -9 2.76 59
1 1 2 -9 3.88 69
1 1 1 -9 13.27 97
1 150 2 -9 1.3 50
1 38 1 -9 5.2 69
1 32 1 -9 9.25 86
2 939 2 -9 2.26 53
1 1 1 -9 6.22 73
3 659 1 -9 2.2 57
1 236 1 -9 2.8 64
1 1 1 -9 3.8 62
1 1 2 -9 6.63 77
1 1 1 -9 1.73 53
1 1 1 -9 3.27 63
1 1 1 -9 4.69 74
1 74 1 -9 3.92 67
3 762 2 -9 2.66 61
1 1 2 -9 1.58 53
1 1 1 -9 4.7 71
1 1 2 -9 4.5 71
2 814 2 -9 4 70
2 532 2 -9 4.6 70
1 1 1 -9 5.1 73
1 1 1 -9 2.4 59
1 1 2 -9 4.18 69
1 455 1 -9 1.27 61
1 1 2 -9 1.94 53
1 417 1 -9 3.9 64
1 277 1 -9 1.25 49
1 1 1 -9 1.53 53
2 772 1 -9 2.6 59
1 1 1 -9 2.55 58
1 1 1 -9 3.88 63
1 102 2 -9 1.9 52
1 430 1 -9 3.99 75
1 133 2 -9 6.8 68
1 1 1 -9 5.31 79
1 1 2 -9 4.49 69
1 1 2 -9 10.8 93
1 1 2 -9 2.14 58
1 1 2 -9 2.35 58
1 1 2 -9 10.71 85
1 1 2 -9 5.15 71
1 73 1 -9 2.5 62
1 88 2 -9 3 55
1 1 1 -9 3.37 57
1 432 1 -9 -9 53
1 316 2 -9 1.51 52
1 267 2 -9 3.8 77
1 449 1 -9 2.39 59
1 450 1 -9 7.78 86
1 380 2 -9 1.06 47
1 1 1 -9 5.82 74
1 1 1 -9 6.02 79
1 1 2 -9 2.55 60
1 1 1 -9 3.76 68
1 1 2 -9 11.12 93
1 197 2 -9 1.18 40
1 200 2 -9 1.66 44
1 1 2 -9 5.1 69
2 911 1 -9 2.6 62
1 1 2 -9 5.82 71
1 1 1 -9 8.27 83
1 1 2 -9 4.39 67
1 1 2 -9 4.9 69
3 757 1 -9 3.4 65
3 669 2 -9 5.36 75
2 683 1 -9 9.7 93
2 955 1 -9 5.4 75
2 734 1 -9 2.9 57
1 433 1 -9 8.6 85
1 473 1 -9 2.2 54
1 1 1 -9 1.5 51
1 1 2 -9 1.22 49
1 1 2 -9 8.16 82
3 485 2 -9 1.33 49
1 1 2 -9 3.57 65
1 406 2 -9 1.45 48
1 1 1 -9 2.96 62
1 1 1 -9 2.86 66
1 115 1 -9 4.3 73
1 68 1 -9 5.5 76
1 146 2 -9 0.85 43
1 119 1 -9 3.1 63
1 415 2 -9 1.4 51
1 37 2 -9 4.8 70
1 1 1 -9 2.04 54
1 1 2 -9 1.84 54
1 1 1 -9 1.07 44
1 1 2 -9 1.22 48
1 1 1 -9 6.33 77
1 1 1 -9 9.29 87
1 1 1 -9 2.19 60
1 1 2 -9 1.33 51
2 905 2 -9 2.74 61
1 152 1 -9 1.6 52
3 920 1 -9 3.1 65
1 1 1 -9 4.8 73
1 1 2 -9 4.7 69
2 629 1 -9 2.85 63
1 1 2 -9 2.3 56
1 1 2 -9 3.2 63
1 1 1 -9 2 58
1 1 1 -9 1.6 52
1 1 1 -9 3.78 68
3 538 2 -9 4.42 69
3 543 1 -9 1.42 50
1 1 1 -9 4.18 63
1 1 1 -9 3.88 64
1 59 1 -9 1.3 46
1 1 1 -9 5.1 72
1 1 1 -9 5.71 74
1 1 1 -9 6.12 79
1 84 1 -9 6 82
1 1 2 -9 2.65 58
1 425 2 -9 3.1 65
1 1 1 -9 2.24 54
1 1 1 -9 1.73 52
1 1 1 -9 3.06 61
2 935 1 -9 2.25 58
2 632 1 -9 3.51 67
1 472 1 -9 4.14 69
1 1 2 -9 2.7 59
1 1 2 -9 2.5 63
1 258 1 -9 0.98 46
1 386 2 -9 3.95 66
3 576 1 -9 3.2 68
1 1 1 -9 5.71 76
1 462 2 -9 5.26 77
1 1 1 -9 5 74
1 1 2 -9 2.45 59
1 1 2 -9 2.14 61
1 94 1 -9 1.4 54
1 336 1 -9 2.6 50
1 175 1 -9 2.2 63
3 594 2 -9 3.6 66
1 1 1 -9 6.38 78
1 1 1 -9 2.65 59
1 1 2 -9 2.14 46
1 1 2 -9 2.65 60
3 760 1 -9 1.24 49
1 1 2 -9 4.29 68
1 1 1 -9 9.69 82
1 248 2 -9 1.4 47
1 1 1 -9 3.6 65
1 1 2 -9 3.6 65
1 254 1 -9 1.49 50
1 1 2 -9 4.69 68
1 1 1 -9 6.94 77
1 1 1 -9 7.14 78
1 1 2 -9 2.55 50
1 1 1 -9 5.92 76
1 1 2 -9 4.39 69
1 359 2 -9 5.35 73
1 418 2 -9 1.09 48
1 1 2 -9 5.2 74
1 457 2 -9 2.78 64
3 826 2 -9 6.71 80
2 742 2 -9 3.4 62
1 45 2 -9 1.8 55
1 56 2 -9 4 70
2 889 2 -9 2.84 60
2 890 1 -9 2.08 55
1 1 1 -9 3.47 63
1 1 2 -9 4.8 72
2 900 2 -9 3.38 66
1 1 1 -9 5.31 76
1 312 2 -9 4.5 70
2 859 2 -9 2.4 58
1 1 1 -9 2.09 57
1 1 1 -9 2.35 58
1 1 1 -9 3.42 66
1 1 1 -9 7.14 71
1 1 1 -9 2.65 58
3 756 2 -9 1.42 48
2 946 1 -9 4.16 72
1 266 1 -9 2.6 63
2 728 2 -9 2.4 57
1 443 1 -9 1.42 50
2 615 2 -9 2.23 59
3 482 2 -9 2.66 62
3 491 1 -9 2.99 63
2 495 1 -9 5.77 77
1 1 1 -9 3.4 65
1 309 1 -9 1.45 58
2 645 2 -9 2.9 62
1 250 2 -9 4.24 66
3 576 2 -9 3 63
1 1 2 -9 2.76 58
1 1 1 -9 6.22 77
1 1 1 -9 8.27 79
1 1 2 -9 6.22 58
1 1 2 -9 4.8 68
1 408 2 -9 1.29 47
3 569 1 -9 4.5 55
1 1 2 -9 2.45 56
1 1 1 -9 1.94 57
1 1 2 -9 3.16 64
1 1 1 -9 6.02 77
1 11 1 -9 1.8 55
1 47 2 -9 3.2 62
3 602 1 -9 2.72 63
1 1 2 -9 1.53 52
1 428 2 -9 4.79 71
1 1 2 -9 2.04 55
1 1 1 -9 6.43 77
1 1 1 -9 2.65 56
1 1 2 -9 5.1 69
1 1 1 -9 2.5 57
1 1 2 -9 1.43 50
1 1 1 -9 6.17 74
1 1 1 -9 3.27 61
1 1 1 -9 3.37 62
3 919 1 -9 2.3 59
2 679 1 -9 6.6 83
3 520 2 -9 3 65
2 931 2 -9 2.59 61
2 559 2 -9 2.57 61
1 1 2 -9 4.7 69
1 1 2 -9 2.8 61
1 1 1 -9 3.27 65
3 577 1 -9 1.6 53
1 1 2 -9 3.88 68
1 1 2 -9 3.16 63
1 1 2 -9 3.88 65
1 214 1 -9 0.97 44
1 355 2 -9 2 57
1 353 1 -9 5.2 67
3 595 1 -9 7.8 79
1 1 1 -9 2.76 61
1 1 2 -9 4.44 69
1 1 1 -9 2.65 62
1 1 2 -9 3.78 70
1 89 1 -9 8 80
1 356 2 -9 2.09 58
2 560 1 -9 5.21 74
1 1 1 -9 5 72
1 1 1 -9 1.6 49
1 1 1 -9 2.65 60
1 1 2 -9 2.35 58
1 1 1 -9 2.14 53
1 1 1 -9 5.1 73
1 1 1 -9 5.1 63
1 1 2 -9 3.06 65
1 1 1 -9 5.82 76
1 1 1 -9 10.92 89
1 1 1 -9 3.37 61
1 70 1 -9 6.55 80
1 1 2 -9 2.96 63
1 336 2 -9 1.8 48
3 704 1 -9 3.3 63
1 131 1 -9 18.75 106
1 1 1 -9 2.14 56
1 1 1 -9 4.39 68
1 1 2 -9 3.42 62
1 1 1 -9 7.86 85
1 1 1 -9 4.64 70
1 1 2 -9 5.15 72
1 1 2 -9 1.73 55
1 153 2 -9 3.3 65
3 919 1 -9 2.8 63
1 159 2 -9 2 52
1 1 2 -9 4.8 76
1 308 2 -9 0.84 43
2 733 1 -9 4 68
1 168 1 -9 9.2 82
1 1 2 -9 2.8 62
1 329 1 -9 6 73
1 1 2 -9 6.63 76
1 1 1 -9 6.33 75
1 480 1 -9 -9 54
1 1 1 -9 5.92 75
1 1 2 -9 3.57 64
1 288 2 -9 6.6 76
1 279 1 -9 2.8 58
3 651 1 -9 5.2 72
3 895 1 -9 12.05 104
3 665 1 -9 3.4 68
2 900 1 -9 11.6 94
1 1 2 -9 3.06 62
1 1 2 -9 3.78 65
1 1 2 -9 4.8 70
1 1 2 -9 2.24 57
1 1 2 -9 4.49 72
3 720 2 -9 2.29 57
1 1 1 -9 8.01 85
1 1 2 -9 5.1 72
1 1 1 -9 3.88 61
1 1 2 -9 4.1 67
1 185 2 -9 5 78
1 109 2 -9 5.97 69
1 1 1 -9 3.78 72
3 541 1 -9 2.97 63
1 381 1 -9 4.81 68
1 1 2 -9 8.06 84
1 1 1 -9 6.33 79
1 1 1 -9 7.14 78
1 1 1 -9 5 72
1 1 2 -9 3.16 63
1 1 1 -9 5.71 68
1 418 2 -9 0.57 39
1 1 1 -9 3.47 64
1 69 2 -9 12 92
3 832 1 -9 2.84 62
1 246 2 -9 2 59
1 92 1 -9 2.6 66
1 1 1 -9 1.12 45
1 284 1 -9 1.6 59
1 281 2 -9 2.1 65
3 770 1 -9 4.8 68
2 766 2 -9 5.7 72
1 1 2 -9 5.2 72
1 37 1 -9 8.2 81
1 1 2 -9 2.35 58
3 500 1 -9 8.7 83
1 1 1 -9 2.96 61
1 1 1 -9 2.35 58
1 1 2 -9 1.84 54
1 1 1 -9 1.94 55
1 1 2 -9 4.29 66
1 1 1 -9 5.77 74
1 1 2 -9 4.18 71
1 154 2 -9 6.25 76
1 1 1 -9 7.24 81
1 43 2 -9 2.3 58
2 725 1 -9 2.4 59
1 437 2 -9 1.23 49
1 448 2 -9 4.78 74
1 1 1 -9 9.4 83
1 1 2 -9 1.3 49
1 1 2 -9 2.3 50
1 241 2 -9 1.9 55
3 483 1 -9 1.45 64
1 253 1 -9 5.21 74
1 1 1 -9 2.86 60
3 505 1 -9 -9 59
1 1 1 -9 5.41 70
1 1 2 -9 2.04 57
1 5 2 -9 4.2 68
1 278 2 -9 2.9 64
1 223 1 -9 3.7 66
2 771 2 -9 2 58
2 889 1 -9 2.82 61
1 1 1 -9 2.04 55
1 1 2 -9 1.17 47
1 1 2 -9 3.32 63
1 1 2 -9 3.42 63
1 1 2 -9 5.1 73
3 755 1 -9 2.22 56
1 1 1 -9 6.22 77
1 1 1 -9 3.57 70
1 180 1 -9 4.2 69
1 187 1 -9 2.4 56
2 630 1 -9 4.91 73
1 332 1 -9 2.5 58
1 169 1 -9 7.1 87
1 1 2 -9 3.1 62
1 1 1 -9 4.18 76
1 1 1 -9 2.8 60
1 250 2 -9 2.19 53
1 1 2 -9 3.67 65
1 1 2 -9 9.39 86
1 1 2 -9 5.2 72
3 488 2 -9 3.26 65
1 1 1 -9 6.43 76
1 1 2 -9 2.35 57
1 434 1 -9 5.2 78
1 324 2 -9 1.6 51
2 742 2 -9 4 67
2 898 2 -9 1.79 53
1 1 1 -9 1.37 49
1 126 1 -9 2.2 59
2 914 1 -9 2.51 59
1 1 1 -9 4.49 67
1 1 1 -9 4.18 69
1 133 2 -9 0.48 35
1 1 2 -9 7.04 74
1 1 1 -9 4.08 65
1 1 1 -9 7.45 77
1 234 1 -9 4.1 62
1 1 1 -9 3.78 60
1 1 2 -9 8.27 85
3 757 2 -9 1.56 53
2 929 1 -9 3.9 67
1 290 1 -9 7.5 105
1 1 1 -9 3.98 69
2 675 2 -9 9.28 89
3 787 1 -9 4.6 70
3 520 2 -9 2.8 74
3 526 2 -9 3.2 66
1 449 1 -9 3.36 67
3 856 1 -9 7.1 81
3 493 2 -9 3.19 65
1 17 2 -9 1.7 53
1 17 1 -9 2 55
1 1 1 -9 2.2 57
1 309 2 -9 5.35 78
1 307 1 -9 5.2 80
1 1 1 -9 3.78 64
1 1 2 -9 2.96 62
1 1 1 -9 8.16 85
1 1 2 -9 3.88 66
1 1 1 -9 8.88 85
1 1 1 -9 6.63 77
2 610 1 -9 -9 77
1 7 1 -9 4.5 66
1 1 1 -9 1.63 52
2 938 1 -9 2.76 60
1 131 2 -9 3.75 66
2 910 1 -9 1.8 55
1 238 1 -9 8.85 85
1 423 1 -9 8.66 79
1 1 2 -9 1.94 54
1 1 2 -9 4.34 69
1 331 1 -9 4.2 66
1 153 2 -9 3.3 67
1 1 1 -9 2.86 61
1 184 1 -9 4.25 71
1 1 2 -9 4.4 68
1 1 2 -9 7.2 78
3 528 2 -9 6.2 80
3 846 2 -9 5.36 73
3 799 1 -9 -9 46
3 876 1 -9 3.53 66
1 368 1 -9 5.72 63
1 1 1 -9 2.2 57
1 1 2 -9 4.1 69
1 1 2 -9 3.6 67
1 317 2 -9 3.1 63
1 1 2 -9 2.96 60
1 1 2 -9 3.57 61
1 1 1 -9 3.27 61
1 1 2 -9 4.18 67
3 548 2 -9 2.4 59
1 1 1 -9 3.57 68
1 1 1 -9 4.18 76
1 84 2 -9 5 72
3 613 2 -9 4.2 72
1 107 1 -9 2.75 65
1 96 1 -9 5.2 76
1 1 1 -9 2.3 54
3 892 1 -9 3.08 64
1 1 2 -9 2.96 62
1 1 1 -9 4.9 71
1 1 1 -9 2.55 59
1 1 1 -9 5 74
1 1 1 -9 7.76 80
1 1 2 -9 3.78 65
2 753 1 -9 2.35 61
2 927 1 -9 2.6 60
1 172 2 -9 7.8 86
3 1 2 -9 3.16 65
2 843 2 -9 4.3 70
3 855 1 -9 1 44
3 621 1 -9 2.56 60
1 1 2 -9 1.9 56
1 1 2 -9 3.8 66
1 1 2 -9 2.9 61
1 1 2 -9 2.45 61
1 1 2 -9 3.78 65
1 1 2 -9 1.02 46
1 1 1 -9 10 98
1 1 1 -9 4.8 70
1 1 1 -9 2.45 58
1 479 1 -9 2.12 51
1 1 2 -9 4.59 72
1 1 1 -9 3.98 66
1 83 1 -9 -9 65
3 517 2 -9 5.5 77
1 1 2 -9 4.4 66
1 127 1 -9 3.2 65
3 664 1 -9 2.4 62
2 476 1 -9 1.86 57
1 1 1 -9 5.51 71
1 1 2 -9 1.84 53
1 1 2 -9 1.22 48
2 718 1 -9 1.46 51
1 1 2 -9 3.88 67
1 1 1 -9 6.12 79
1 1 2 -9 4.08 65
1 1 1 -9 2.4 58
1 1 1 -9 3.67 69
1 1 2 -9 3.16 58
1 1 1 -9 5.2 70
1 1 1 -9 4.43 72
1 1 1 -9 4.69 71
2 844 2 -9 3.7 66
1 135 1 -9 1.57 53
1 1 1 -9 8.3 75
1 1 1 -9 1.9 55
1 1 1 -9 3.78 68
1 1 2 -9 4.8 67
1 1 2 -9 4.59 72
3 808 1 -9 2 62
1 1 1 -9 10 86
1 405 2 -9 2.3 60
1 2 1 -9 2.6 59
3 777 1 -9 2.9 66
1 289 2 -9 1.6 52
1 141 2 -9 1.6 51
1 174 2 -9 2.73 61
1 1 1 -9 2.14 57
1 1 1 -9 5.61 73
1 1 2 -9 2.04 52
1 105 1 -9 3.45 64
1 1 1 -9 3.98 64
3 719 2 -9 1.17 49
1 402 1 -9 2.1 62
1 108 2 -9 3.43 65
2 533 2 -9 3.4 66
2 631 1 -9 4.66 75
3 640 2 -9 3.9 69
1 1 2 -9 6.63 77
1 1 2 -9 3.16 60
1 1 1 -9 1.94 53
1 1 1 -9 6.94 79
1 1 1 -9 1.63 51
1 1 2 -9 3.37 66
3 507 1 -9 1.84 56
3 835 1 -9 7.38 85
1 13 2 -9 2.4 63
3 655 1 -9 2.7 61
3 698 1 -9 2.7 61
3 591 2 -9 4.8 70
1 103 2 -9 2.4 59
2 839 2 -9 2.2 59
1 1 1 -9 1.84 51
1 1 2 -9 2.65 57
1 1 2 -9 3.27 63
1 1 1 -9 10.61 84
1 1 1 -9 8.06 82
1 1 1 -9 4.54 69
2 860 1 -9 3.2 63
1 1 2 -9 2.24 55
1 1 1 -9 2.45 58
1 1 1 -9 2.14 57
1 1 1 -9 1.63 53
3 758 2 -9 1.76 56
2 684 1 -9 2.98 62
3 649 1 -9 1.1 57
1 467 1 -9 1.52 49
1 1 2 -9 7 82
1 1 2 -9 2.76 63
3 641 2 -9 1.8 55
2 646 1 -9 1.8 55
1 381 1 -9 1.67 54
1 387 2 -9 2.85 59
1 1 2 -9 4.49 68
1 1 2 -9 2.76 59
1 1 2 -9 3.27 64
1 1 1 -9 6.33 74
1 293 2 -9 2.93 56
1 1 1 -9 6.84 75
3 513 2 -9 2.8 68
1 140 2 -9 1.85 57
1 30 2 -9 6 81
1 40 2 -9 3.9 67
2 942 2 -9 3.31 63
1 1 2 -9 3.57 66
1 1 1 -9 1.12 47
1 1 1 -9 4.23 68
2 722 1 -9 3.06 63
2 860 2 -9 2.3 58
1 1 2 -9 3.78 65
1 1 2 -9 4.18 69
1 1 2 -9 8.16 72
1 1 1 -9 2.04 57
1 1 2 -9 8.1 77
2 683 2 -9 6.74 84
3 668 1 -9 2 56
3 1 1 -9 2.65 59
3 887 1 -9 5.7 79
3 805 1 -9 2.81 62
1 291 2 -9 2.2 56
3 952 2 -9 1.7 54
1 1 1 -9 2.6 61
2 564 2 -9 1.75 53
1 1 1 -9 8.2 81
3 635 1 -9 5.2 76
1 249 1 -9 -9 64
1 1 1 -9 4.18 68
1 1 1 -9 3.57 63
1 1 1 -9 2.65 61
1 1 1 -9 3.88 70
3 571 1 -9 2.4 56
1 1 1 -9 7.86 79
1 116 2 -9 4.4 67
2 738 2 -9 2.8 58
2 740 1 -9 3.7 62
1 52 1 -9 2 60
1 1 2 -9 2.04 52
3 705 1 -9 4.3 68
1 397 1 -9 1.5 50
1 1 1 -9 2.35 59
1 1 2 -9 3.06 64
1 1 2 -9 6.12 79
1 1 2 -9 3.88 65
1 1 1 -9 2.76 59
1 178 2 -9 3.2 66
1 179 2 -9 2.4 60
1 1 2 -9 7.15 78
3 792 2 -9 2.2 59
1 357 2 -9 1.67 54
1 376 1 -9 3.7 66
1 1 1 -9 3.5 64
1 319 2 -9 5.9 76
1 1 1 -9 6.02 74
1 1 1 -9 1.43 51
2 598 1 -9 4.05 71
1 1 1 -9 3.88 62
1 1 2 -9 3.78 71
1 274 1 -9 1.9 58
3 656 2 -9 2.8 62
3 703 2 -9 1.8 53
1 101 1 -9 3 58
1 1 1 -9 3.57 68
2 711 2 -9 2.9 63
1 1 1 -9 2.76 64
3 720 1 -9 3.62 68
1 1 1 -9 2.65 59
2 925 1 -9 2.1 55
1 161 1 -9 2.2 55
2 934 2 -9 3.98 63
3 820 1 -9 3.6 64
2 865 2 -9 1.6 50
1 1 2 -9 1.4 49
1 1 1 -9 5.51 76
3 542 2 -9 3.07 61
1 1 2 -9 2.35 56
1 253 1 -9 4.75 69
1 1 1 -9 3.57 65
1 1 1 -9 8.06 86
1 1 1 -9 2.65 59
3 744 2 -9 2.9 62
1 118 2 -9 3.1 61
1 1 2 -9 1.6 52
3 700 1 -9 2.9 66
1 1 2 -9 3.06 64
1 129 1 -9 4.5 69
1 1 1 -9 8.47 83
1 1 2 -9 3.57 68
1 1 2 -9 3.72 64
1 1 2 -9 4.29 66
1 1 1 -9 4.59 69
1 1 2 -9 1.12 47
1 1 1 -9 3.06 66
1 326 1 -9 0.68 41
1 1 2 -9 5.2 71
1 110 2 -9 1.19 46
3 524 1 -9 3.5 69
2 535 2 -9 3.8 68
1 453 1 -9 5.55 79
1 296 2 -9 2.2 54
1 1 2 -9 4.2 66
1 1 2 -9 4.5 70
1 1 2 -9 1.73 55
1 1 1 -9 2.24 58
1 1 1 -9 2.35 57
1 1 2 -9 3.57 70
1 1 2 -9 10.2 86
1 388 2 -9 2.01 55
1 475 1 -9 -9 54
1 1 2 -9 2.86 60
1 1 1 -9 5.41 74
1 404 2 -9 3.26 63
1 1 1 -9 3.16 59
1 72 2 -9 3.05 62
1 276 1 -9 1.8 55
3 654 1 -9 5.1 74
1 1 1 -9 1.63 50
3 699 1 -9 7.2 81
1 1 2 -9 2.76 61
3 477 1 -9 3.18 65
1 104 1 -9 4.4 72
1 1 1 -9 5.82 77
1 1 2 -9 4.59 72
1 1 2 -9 3.01 62
1 1 2 -9 3.01 63
1 1 2 -9 3.78 66
1 1 2 -9 4.8 71
1 1 2 -9 2.55 60
1 372 2 -9 1.5 52
1 290 2 -9 11.2 97
1 1 2 -9 6.2 77
3 816 1 -9 1 47
3 797 2 -9 4.4 71
2 532 2 -9 4.4 69
1 1 1 -9 2.8 60
1 1 1 -9 6.94 78
3 643 2 -9 3 63
1 1 2 -9 4.29 67
1 1 2 -9 6.63 80
1 1 1 -9 1.12 47
1 1 1 -9 10.92 89
1 1 1 -9 8.47 81
1 1 1 -9 2.76 64
1 1 2 -9 3.06 65
1 1 2 -9 3.06 61
2 793 2 -9 2.1 58
3 852 1 -9 4.5 71
1 1 1 -9 6.33 79
1 1 1 -9 2.7 62
1 1 2 -9 4.13 66
1 1 2 -9 3.16 57
1 1 1 -9 7.76 81
1 1 2 -9 1.94 56
3 522 1 -9 4.7 76
1 1 1 -9 2.8 61
1 1 1 -9 3.2 63
1 1 1 -9 2.96 62
1 240 1 -9 -9 48
3 638 1 -9 2.9 64
1 1 1 -9 5.1 71
1 1 1 -9 4.9 68
1 1 1 -9 2.86 61
1 1 2 -9 2.04 54
1 1 1 -9 2.55 56
1 1 1 -9 3.37 60
1 1 2 -9 4.39 70
1 388 1 -9 1.48 51
1 1 1 -9 7.65 80
1 1 1 -9 5.71 76
1 1 1 -9 5.2 71
1 1 1 -9 1.84 52
1 1 2 -9 3.98 73
1 337 2 -9 1.15 39
1 333 1 -9 2.8 57
3 604 1 -9 4.7 75
1 413 1 -9 7.5 82
1 424 1 -9 2.8 65
1 1 2 -9 2.65 57
1 1 1 -9 1.02 47
1 1 1 -9 8.37 81
1 1 1 -9 2.55 59
1 1 2 -9 1.99 56
1 1 2 -9 3.88 69
1 1 2 -9 6.12 75
1 1 2 -9 3.16 63
1 1 2 -9 1.33 49
1 75 2 -9 2.24 58
1 401 2 -9 2.3 61
3 764 2 -9 8.18 81
1 313 2 -9 2.8 71
3 798 2 -9 3.4 62
2 617 2 -9 1.2 48
1 469 1 -9 4.16 69
1 1 2 -9 2 55
1 20 2 -9 3.6 61
1 1 2 -9 2.96 64
3 509 2 -9 3.3 65
1 1 1 -9 7.86 85
1 1 1 -9 4.39 71
1 1 1 -9 5.71 74
1 1 2 -9 4.59 70
1 1 1 -9 7.04 83
1 91 2 -9 2.1 67
1 149 1 -9 3.4 63
1 14 1 -9 7.8 80
1 188 1 -9 2.8 45
1 143 1 -9 3.3 65
1 141 2 -9 2 59
1 194 2 -9 1.03 39
2 916 2 -9 1.08 48
3 502 2 -9 1.45 52
1 1 1 -9 3.27 65
1 1 1 -9 4.9 68
1 1 1 -9 3.06 62
1 1 1 -9 5 74
1 1 2 -9 3.88 67
1 77 1 -9 6.65 74
1 1 1 -9 4 67
1 112 2 -9 1.89 51
3 525 1 -9 3.7 72
1 42 2 -9 2.1 57
1 313 2 -9 1.4 62
1 1 1 -9 2 54
1 239 2 -9 2.4 52
3 578 1 -9 5.2 74
3 586 2 -9 2.9 64
1 1 2 -9 2.96 61
1 1 1 -9 7.35 83
1 1 2 -9 2.86 69
2 601 2 -9 5.6 76
1 452 2 -9 2.45 61
1 1 1 -9 2.04 57
1 1 2 -9 3.88 66
1 342 2 -9 8.75 82
1 283 1 -9 1.7 59
1 117 2 -9 3.6 69
1 25 1 -9 2.5 65
1 31 1 -9 6 75
1 194 2 -9 4.05 59
1 1 2 -9 1.22 50
1 1 2 -9 4.23 69
3 719 2 -9 1.83 56
1 154 2 -9 2.15 56
2 926 2 -9 2.7 61
1 156 2 -9 2.4 59
1 1 2 -9 1.73 54
2 944 2 -9 2.64 62
3 873 2 -9 1.3 50
1 1 2 -9 3.16 66
1 251 1 -9 1.11 45
1 1 2 -9 2.96 58
1 1 1 -9 4.69 70
1 1 1 -9 2.86 59
1 1 1 -9 1.63 52
1 1 2 -9 3.67 62
1 1 1 -9 7.76 81
3 552 2 -9 2.7 69
3 574 1 -9 2.4 68
1 1 1 -9 6.53 77
1 1 1 -9 3.27 62
1 463 1 -9 3.3 65
3 851 2 -9 3.2 62
1 285 1 -9 3.4 62
1 281 2 -9 1.8 61
3 591 1 -9 2.5 58
1 1 2 -9 4.69 71
1 327 2 -9 1.8 56
2 721 2 -9 2.33 58
1 1 1 -9 3.88 72
1 1 1 -9 3.06 62
3 527 1 -9 0.9 43
2 943 1 -9 1.62 54
1 440 1 -9 2.05 61
2 625 2 -9 1.92 54
3 491 1 -9 2.97 63
1 1 1 -9 4.6 69
1 1 1 -9 4.1 69
3 648 2 -9 1.8 53
1 1 1 -9 5.31 76
1 1 1 -9 3.78 66
1 1 2 -9 4.69 68
1 1 2 -9 2.96 59
1 1 1 -9 3.47 67
1 71 2 -9 4.4 67
3 506 2 -9 2.12 56
1 1 1 -9 2.04 56
1 1 1 -9 3.06 62
3 546 1 -9 9.5 93
3 831 2 -9 3.04 66
3 827 1 -9 1.76 53
1 199 1 -9 1.77 45
3 773 1 -9 6.1 77
3 663 1 -9 3.5 64
1 1 1 -9 2.86 57
1 100 1 -9 10 85
1 1 1 -9 3.37 67
1 1 1 -9 1.53 52
1 1 2 -9 7.75 80
3 762 1 -9 2.04 58
1 1 1 -9 1.73 53
1 1 2 -9 2.24 55
1 1 1 -9 4.08 66
2 933 1 -9 2.12 56
2 843 2 -9 6.3 80
2 726 1 -9 4.6 73
1 1 2 -9 1.87 57
1 1 1 -9 2.24 58
1 1 1 -9 4.39 69
1 1 2 -9 2.76 58
1 1 2 -9 4.9 67
1 1 2 -9 8.27 70
3 536 1 -9 3.46 67
1 45 1 -9 2 57
1 44 2 -9 1.8 42
1 343 1 -9 3.6 57
1 139 1 -9 0.9 45
2 917 2 -9 1.36 51
1 1 2 -9 3.47 66
1 1 2 -9 4.59 68
3 503 2 -9 4.1 70
1 1 2 -9 1.99 55
1 1 1 -9 2.45 77
1 1 2 -9 5 69
1 1 1 -9 4.49 70
2 716 1 -9 4.46 71
1 1 2 -9 1.43 53
1 1 1 -9 4.6 73
2 692 1 -9 1.64 53
3 888 1 -9 4.3 63
2 933 1 -9 2.35 57
2 729 1 -9 6.1 78
1 1 2 -9 1.7 64
3 644 1 -9 2.25 61
1 1 2 -9 2.55 59
1 389 2 -9 0.79 42
1 358 1 -9 2.2 59
1 1 2 -9 3.06 61
1 362 2 -9 2.4 51
2 735 1 -9 4.5 76
3 514 2 -9 3.58 65
1 1 1 -9 1.68 51
1 209 1 -9 1 46
3 697 2 -9 4.7 75
3 501 1 -9 2.8 64
3 500 1 -9 2.5 60
1 1 2 -9 7.45 80
1 1 2 -9 2.45 59
1 1 2 -9 2.91 61
1 1 1 -9 5.61 75
1 1 2 -9 2.55 61
3 920 1 -9 1.8 53
2 924 2 -9 4.2 67
2 924 1 -9 10.2 90
1 1 2 -9 2.7 58
3 885 1 -9 5.5 72
3 886 1 -9 3.6 63
3 802 2 -9 3.27 64
1 1 1 -9 3.9 70
1 1 1 -9 4.3 66
1 1 2 -9 4.59 69
1 1 2 -9 6.43 78
1 1 1 -9 3.06 60
1 1 2 -9 3.67 65
1 1 1 -9 2.65 55
1 388 2 -9 2.38 62
2 598 1 -9 10.9 95
3 505 2 -9 -9 62
1 1 1 -9 5.71 79
2 736 1 -9 5.4 80
1 275 1 -9 1.8 56
1 176 2 -9 2 57
1 173 2 -9 6.93 80
1 209 1 -9 4.3 69
1 29 1 -9 11 89
1 1 2 -9 2.14 54
1 1 1 -9 3.78 68
1 1 1 -9 11.33 91
1 1 2 -9 2.14 59
1 1 1 -9 4.54 75
1 1 1 -9 2.76 61
1 1 1 -9 8.78 82
3 788 1 -9 4.5 72
3 877 2 -9 2.59 60
3 802 2 -9 4.14 69
3 799 2 -9 -9 57
1 267 1 -9 4.2 80
2 530 2 -9 4 70
3 623 2 -9 3.82 68
1 465 2 -9 1.62 52
1 1 1 -9 1.5 53
1 1 2 -9 2.5 57
1 379 2 -9 3.83 66
3 586 2 -9 3.4 73
1 1 2 -9 2.24 61
1 1 1 -9 2.45 58
1 1 2 -9 4.69 72
1 1 1 -9 4.9 76
1 1 1 -9 11.11 88
1 217 1 -9 2.06 57
1 1 2 -9 3.88 68
1 419 2 -9 0.9 45
1 1 1 -9 5.51 77
1 1 1 -9 2.86 66
1 118 1 -9 1.6 52
3 477 2 -9 2.26 56
2 499 1 -9 5.6 74
1 1 1 -9 2.24 60
2 902 2 -9 3.89 68
1 1 1 -9 1.84 55
1 1 1 -9 3.16 67
1 1 1 -9 3.95 67
2 671 2 -9 1.88 55
3 885 1 -9 2.8 57
1 356 2 -9 1.29 49
2 847 1 -9 3.14 66
2 864 2 -9 3.9 67
2 864 2 -9 5.4 69
1 1 2 -9 2 55
1 1 1 -9 9.5 87
1 1 2 -9 1.3 56
1 1 1 -9 4.1 69
1 1 1 -9 2.76 60
2 645 1 -9 2.7 62
1 1 2 -9 7.14 81
1 1 2 -9 3.06 62
1 1 1 -9 3.78 63
1 1 1 -9 4.49 72
1 1 2 -9 7.17 79
1 1 1 -9 7.65 84
3 575 2 -9 1 41
1 340 1 -9 2.8 46
1 50 2 -9 1.25 48
1 346 2 -9 4.4 70
1 1 1 -9 3.16 60
1 347 2 -9 4.4 67
1 1 2 -9 7.14 77
2 913 2 -9 2.5 60
1 1 1 -9 2.86 59
1 1 1 -9 5.36 74
1 1 2 -9 6.17 69
1 1 2 -9 6.22 76
1 1 2 -9 2.78 58
1 1 2 -9 3.7 66
1 1 2 -9 3.57 66
1 1 1 -9 5 74
1 1 1 -9 2.14 56
1 78 1 -9 4.84 69
3 763 2 -9 4.44 75
1 1 1 -9 3.3 63
2 930 2 -9 2.3 59
1 42 2 -9 3.8 68
2 844 1 -9 3.4 64
1 219 2 -9 5.75 73
3 492 2 -9 7.85 99
1 138 1 -9 8.54 86
1 1 2 -9 2 56
1 1 1 -9 2.2 61
1 1 1 -9 1.33 52
1 243 2 -9 2.1 52
1 1 2 -9 3.47 67
1 1 2 -9 6.33 77
1 1 1 -9 9.29 88
1 1 2 -9 2.45 59
1 302 1 -9 4.3 73
1 1 2 -9 4.9 74
1 305 1 -9 1.05 46
1 1 2 -9 1.89 52
1 1 2 -9 4.08 68
2 708 1 -9 1.96 54
1 1 1 -9 2.91 63
1 1 1 -9 6.02 78
1 1 1 -9 3.47 65
1 1 1 -9 1.48 51
1 1 1 -9 4.13 71
3 918 2 -9 3.7 65
1 1 1 -9 4.9 71
1 1 1 -9 4.1 70
3 791 1 -9 2.1 58
1 291 1 -9 6.2 80
1 433 2 -9 6.2 75
3 627 2 -9 2.35 59
1 1 1 -9 2.5 55
1 1 1 -9 4.1 72
1 1 1 -9 3.6 67
1 1 1 -9 5 71
1 1 1 -9 2.4 59
1 1 2 -9 1.45 49
3 538 1 -9 8.52 88
3 581 2 -9 3.4 66
1 1 1 -9 2.55 60
1 1 1 -9 3.57 63
1 1 2 -9 2.86 71
1 1 2 -9 5.3 73
1 1 1 -9 7.55 80
1 1 1 -9 7.76 83
1 1 2 -9 4.69 68
1 1 2 -9 4.39 69
2 749 1 -9 4.5 75
3 519 1 -9 4.96 75
1 99 2 -9 1.3 52
1 24 2 -9 1.85 53
1 365 1 -9 2 58
2 937 1 -9 3.17 67
2 914 2 -9 2.53 61
1 236 1 -9 3.95 66
3 504 1 -9 2.2 60
1 1 1 -9 6 76
1 1 2 -9 2.5 61
2 721 1 -9 5.98 79
1 1 1 -9 1.84 53
2 842 1 -9 2 55
1 442 1 -9 1.66 50
3 856 1 -9 0.9 43
2 626 1 -9 3.28 63
1 169 1 -9 3 63
1 1 1 -9 1.73 55
1 1 2 -9 5.2 71
3 584 2 -9 1.8 56
1 1 1 -9 2.04 54
1 1 2 -9 4.29 67
1 1 1 -9 3.27 60
1 461 2 -9 1.26 58
3 786 1 -9 3 66
2 741 2 -9 3 63
2 735 1 -9 8.9 85
2 746 2 -9 2.7 46
1 39 2 -9 4.6 75
2 893 1 -9 6.06 79
3 497 1 -9 2.15 56
1 1 1 -9 6.07 76
1 1 2 -9 2.24 54
1 1 1 -9 5.61 72
1 1 2 -9 1.63 52
1 306 2 -9 2.6 67
3 755 2 -9 1.92 56
1 1 2 -9 4.49 66
1 1 2 -9 4.29 69
2 670 1 -9 12.44 97
3 526 1 -9 9.3 91
3 819 1 -9 2 57
3 547 2 -9 2.08 57
1 206 1 -9 2.1 49
1 1 1 -9 1.5 50
1 1 1 -9 5.2 71
3 647 1 -9 2.2 56
3 642 2 -9 2.9 64
1 1 1 -9 4.08 67
1 1 1 -9 3.16 62
1 1 2 -9 4.08 73
3 828 1 -9 2.23 60
1 63 2 -9 3.6 66
1 348 2 -9 2.4 54
1 196 1 -9 1.38 42
3 664 2 -9 2.8 64
1 422 1 -9 2.63 58
1 1 2 -9 2.04 55
1 299 1 -9 4.3 66
1 1 2 -9 4.59 67
1 1 2 -9 2.35 57
1 1 2 -9 4.9 73
1 1 1 -9 5.71 74
1 1 2 -9 5.97 73
1 1 1 -9 2.96 63
1 1 1 -9 2.96 64
1 1 1 -9 16.63 100
1 182 2 -9 2.75 62
3 907 2 -9 2.1 62
1 446 1 -9 2.75 61
1 470 1 -9 2.36 54
1 296 2 -9 6.3 80
2 563 2 -9 2.2 59
1 168 2 -9 5.35 73
3 638 1 -9 3.9 70
3 640 2 -9 2.1 60
1 1 2 -9 3.88 67
1 1 2 -9 4.29 72
1 114 1 -9 3.2 62
3 776 1 -9 3.6 70
1 93 1 -9 2.5 64
3 851 1 -9 1.9 53
1 188 1 -9 8.4 78
1 1 2 -9 5.5 74
3 696 1 -9 3.2 64
1 1 1 -9 2.55 62
1 423 1 -9 5.85 81
1 1 2 -9 6.63 77
1 1 2 -9 2.65 61
1 1 1 -9 4.29 69
1 1 1 -9 5.82 76
1 1 1 -9 6.12 74
1 1 1 -9 4.54 73
1 412 2 -9 2 53
1 1 1 -9 6.73 75
1 1 1 -9 3.06 62
1 1 1 -9 7.55 77
1 184 1 -9 2.75 61
3 874 2 -9 0.85 42
3 797 2 -9 3.6 66
2 727 1 -9 3.8 62
1 467 2 -9 2.48 64
1 471 2 -9 5.4 78
1 1 2 -9 7.55 84
3 637 1 -9 2.3 55
1 1 1 -9 2.76 62
1 1 1 -9 4.39 71
1 1 1 -9 4.18 68
1 390 1 -9 2.62 58
1 1 2 -9 4.08 66
3 573 2 -9 4.9 80
1 1 1 -9 5.2 74
1 1 2 -9 5.1 72
3 850 2 -9 3 62
1 1 2 -9 3.27 62
1 210 1 -9 3.3 63
1 1 2 -9 3.37 64
1 237 2 -9 4.8 72
1 1 1 -9 5.66 78
1 1 2 -9 2.55 58
1 1 1 -9 2.7 60
1 1 2 -9 3.37 61
1 1 1 -9 1.94 53
1 1 2 -9 7.6 79
1 151 1 -9 1.1 47
1 1 2 -9 3.37 67
1 1 1 -9 5.71 78
1 203 2 -9 6.2 77
1 1 1 -9 4.8 70
1 377 1 -9 1.73 56
2 814 1 -9 3.2 67
1 269 2 -9 4.2 69
3 490 1 -9 2.82 61
2 563 1 -9 5.16 74
1 1 1 -9 3.4 65
1 1 1 -9 9.59 93
1 304 2 -9 2.2 61
3 778 1 -9 2.4 61
2 794 1 -9 3.8 73
1 400 2 -9 2.8 61
1 247 2 -9 3.75 69
1 283 1 -9 1.2 48
1 435 2 -9 1.8 57
1 40 2 -9 1.7 54
1 124 1 -9 3.5 73
1 1 2 -9 5.92 76
1 1 1 -9 4.39 70
1 1 1 -9 1.43 48
1 1 1 -9 7.45 85
1 1 2 -9 5.41 74
1 1 1 -9 8.98 79
1 1 1 -9 7.14 88
1 1 1 -9 4.49 71
1 186 1 -9 9.5 84
3 857 1 -9 2.7 61
1 1 2 -9 2.14 59
1 1 1 -9 2.4 54
1 1 1 -9 3.47 63
1 1 2 -9 5.92 60
1 1 2 -9 4.29 73
1 1 1 -9 15.81 92
1 475 1 -9 -9 52
1 375 1 -9 6.57 79
1 66 2 -9 5.55 71
1 463 2 -9 2.1 52
1 1 1 -9 2.14 57
3 702 1 -9 5.7 78
1 128 2 -9 3.8 68
3 660 1 -9 2 54
1 1 2 -9 7.86 83
1 1 1 -9 2.86 62
1 1 1 -9 5.41 72
1 1 1 -9 4.6 73
1 1 1 -9 3.78 66
1 1 2 -9 7.24 80
1 1 2 -9 4.49 71
1 204 1 -9 3.2 64
2 618 2 -9 3.78 70
1 1 2 -9 6.4 78
1 1 2 -9 4.3 68
1 1 2 -9 1.53 51
1 1 2 -9 2.14 57
1 318 2 -9 2.5 59
1 1 1 -9 9.69 85
1 1 2 -9 4.39 71
1 1 1 -9 2.35 59
1 1 2 -9 3.16 66
1 1 1 -9 2.86 59
1 1 1 -9 3.47 68
1 1 1 -9 7.24 79
1 1 1 -9 8.88 83
1 1 2 -9 2.45 57
1 1 2 -9 3.98 68
1 1 1 -9 3.98 68
2 746 1 -9 1.7 53
1 55 2 -9 4 68
3 517 1 -9 3.85 70
3 587 2 -9 3.2 65
2 765 1 -9 3.2 71
2 940 1 -9 1.69 54
1 1 2 -9 6.12 74
1 1 1 -9 1.84 50
1 1 2 -9 1.94 55
1 1 2 -9 7.55 80
1 1 2 -9 5.1 72
2 752 1 -9 3.16 66
3 751 1 -9 1.97 56
2 929 2 -9 2.69 62
3 906 2 -9 2.8 62
1 1 1 -9 7.6 83
1 1 2 -9 3.4 63
2 693 1 -9 4.28 70
3 883 1 -9 3.9 65
1 410 2 -9 2 60
3 817 1 -9 1 45
3 810 2 -9 7.2 83
3 800 1 -9 1.33 49
1 1 1 -9 6.12 75
1 1 2 -9 3.98 65
2 487 1 -9 3.31 66
1 7 1 -9 2.7 50
1 335 1 -9 1.8 56
1 197 2 -9 1.34 40
2 896 1 -9 5.81 83
3 936 1 -9 3.3 64
1 1 2 -9 1.63 53
1 1 1 -9 7.65 77
1 1 2 -9 3.27 61
1 1 1 -9 1.94 53
1 1 1 -9 2.45 61
1 1 1 -9 4.08 63
1 1 2 -9 3.16 61
1 157 2 -9 1.15 47
1 1 1 -9 8.27 81
1 1 2 -9 2.04 56
1 1 1 -9 2.35 58
1 357 2 -9 1.01 46
2 849 1 -9 2.83 64
3 873 2 -9 3.06 63
2 862 1 -9 2.9 60
2 558 1 -9 4.62 73
1 1 2 -9 1.94 53
1 1 2 -9 3.57 62
1 1 1 -9 1.63 52
1 1 1 -9 4.39 68
1 363 2 -9 3.05 64
2 793 1 -9 2.6 63
1 420 1 -9 2.8 63
1 365 2 -9 2.5 61
1 1 2 -9 3.47 63
2 499 1 -9 1.65 52
1 1 1 -9 0.97 44
2 723 2 -9 1.82 54
1 1 2 -9 5.31 72
1 1 1 -9 2.86 61
3 921 2 -9 7.2 81
2 925 2 -9 7.4 84
1 1 1 -9 2.2 57
1 183 1 -9 7.5 83
1 110 2 -9 2.01 59
3 791 1 -9 10.9 92
3 529 2 -9 9.1 89
1 19 2 -9 3.6 66
1 1 1 -9 2.6 59
1 1 1 -9 1.48 51
1 1 2 -9 2.4 61
1 1 1 -9 7.35 79
1 1 1 -9 2.14 58
1 1 2 -9 3.37 60
1 1 1 -9 1.94 56
1 1 2 -9 2.14 56
2 597 1 -9 2.65 62
1 1 2 -9 3.98 71
1 229 1 -9 2.3 57
1 334 2 -9 3.3 62
1 53 1 -9 3.1 63
1 144 1 -9 3.7 67
1 1 1 -9 1.89 56
1 211 2 -9 2 56
1 28 2 -9 5 72
3 589 1 -9 5 70
1 1 1 -9 6.43 79
1 402 1 -9 6.9 81
1 1 2 -9 2.4 61
1 1 2 -9 4.69 73
1 164 1 -9 1.45 51
1 1 1 -9 1.12 47
3 810 2 -9 1.6 53
2 730 1 -9 3.8 64
2 617 2 -9 7.05 84
1 468 2 -9 2.22 56
1 294 2 -9 1.8 52
1 1 2 -9 2.1 55
1 389 2 -9 3.41 65
1 1 1 -9 6.23 78
1 1 1 -9 4.08 65
1 59 1 -9 2.5 59
1 84 1 -9 -9 58
1 417 1 -9 2.2 59
1 362 1 -9 6.8 75
1 342 1 -9 2.1 50
1 46 1 -9 3.1 62
1 174 2 -9 3.6 65
1 1 2 -9 3.37 60
1 284 1 -9 3.1 63
3 594 2 -9 2.2 55
1 122 1 -9 6.4 74
3 836 2 -9 3.2 62
1 1 1 -9 12.65 91
1 1 1 -9 1.33 52
1 1 1 -9 8.78 80
1 1 2 -9 3.27 62
1 1 1 -9 2.45 58
1 1 2 -9 2.19 59
1 1 1 -9 3.88 65
1 161 2 -9 4.4 70
1 158 2 -9 6.3 69
1 1 2 -9 4.08 66
1 181 2 -9 6.5 77
2 677 2 -9 6.26 80
3 845 1 -9 3.49 69
1 268 1 -9 3.5 64
1 471 1 -9 2.88 61
1 1 2 -9 4.1 69
1 454 2 -9 2.27 60
1 1 2 -9 8.27 85
2 596 2 -9 1.75 54
3 572 1 -9 5.5 72
1 1 2 -9 4.08 67
1 355 2 -9 2.05 58
1 1 1 -9 10 87
1 4 2 -9 2.95 63
3 780 2 -9 3.1 63
1 246 1 -9 9.4 91
1 277 1 -9 2.1 54
1 1 1 -9 5.3 74
1 351 1 -9 4.8 72
1 26 2 -9 1.5 56
1 123 2 -9 11.5 89
1 415 2 -9 1.1 45
3 658 1 -9 3 57
1 102 1 -9 3.5 61
1 1 1 -9 4.08 64
1 1 2 -9 4.69 72
1 1 1 -9 4.8 73
1 1 1 -9 3.83 63
2 858 1 -9 3.5 65
1 1 2 -9 6.02 72
1 1 1 -9 7.91 82
1 1 2 -9 9.95 84
1 1 2 -9 4.9 69
2 930 2 -9 3.15 63
1 371 1 -9 7.92 76
2 566 1 -9 2.54 59
1 1 2 -9 2.7 59
1 1 1 -9 2 58
1 1 2 -9 1.6 51
1 1 2 -9 2.76 62
1 251 2 -9 1.91 53
1 1 2 -9 2.05 58
1 1 1 -9 2.88 57
1 1 2 -9 4.59 68
1 70 1 -9 3.1 61
1 1 2 -9 3.06 65
1 1 1 -9 4.08 71
1 5 1 -9 3.45 63
1 374 1 -9 1.06 48
2 870 1 -9 4.5 72
1 140 2 -9 4.4 71
1 1 2 -9 2.14 54
1 1 2 -9 2.78 60
1 425 1 -9 4.35 67
1 352 2 -9 4.1 64
1 1 1 -9 6.43 74
1 1 1 -9 2.24 57
1 1 1 -9 4.18 68
1 1 2 -9 4.8 69
1 1 1 -9 2.85 61
1 1 2 -9 3.01 61
1 1 2 -9 4.13 65
1 1 1 -9 1.53 51
1 1 1 -9 5 72
1 354 1 -9 1.4 49
3 812 2 -9 2 64
3 811 2 -9 2.2 60
1 1 1 -9 2.1 58
3 636 1 -9 2.5 63
1 1 1 -9 6.94 77
1 1 1 -9 2.45 60
1 1 1 -9 5.92 77
1 1 2 -9 8.06 81
1 1 2 -9 2.7 57
3 486 2 -9 4.67 71
2 600 2 -9 1.85 56
3 832 2 -9 3.27 64
3 779 1 -9 3.8 68
3 515 1 -9 3.08 66
1 193 1 -9 2.23 53
1 24 1 -9 1.75 53
1 199 2 -9 3.26 55
1 429 1 -9 3.61 68
2 881 2 -9 5.72 76
1 1 1 -9 5.61 77
1 1 1 -9 2.76 62
1 1 2 -9 4.49 68
1 1 2 -9 2.76 62
1 1 2 -9 3.8 63
1 1 1 -9 2.5 61
1 1 1 -9 9.8 81
1 1 1 -9 8.57 85
1 1 2 -9 5.56 70
3 754 2 -9 2.2 59
1 1 1 -9 3.57 66
3 522 1 -9 3.2 66
1 432 1 -9 -9 57
1 315 1 -9 1.37 51
2 615 2 -9 5.47 80
1 1 1 -9 5.7 73
1 171 2 -9 2.85 69
1 1 2 -9 5.71 74
1 1 2 -9 6.63 80
1 1 1 -9 3.27 63
1 1 2 -9 2.76 58
1 460 1 -9 2.42 62
3 569 1 -9 4.2 55
1 1 2 -9 4.08 66
1 1 1 -9 2.65 59
1 404 1 -9 7.85 79
1 1 2 -9 3.47 70
1 173 2 -9 1.21 46
1 320 2 -9 1.5 49
1 35 2 -9 6.4 77
2 880 1 -9 1.62 51
2 713 2 -9 1.8 55
1 1 2 -9 1.74 51
2 901 1 -9 2 58
1 204 1 -9 3.8 70
2 676 1 -9 2.36 58
1 447 2 -9 9.67 92
1 1 2 -9 2.35 59
1 1 1 -9 3.16 62
1 1 2 -9 4.18 68
1 1 2 -9 1.73 49
1 1 1 -9 14.12 95
1 1 2 -9 3.88 65
1 1 2 -9 5.51 72
1 1 1 -9 2.24 56
1 1 1 -9 6.73 75
1 1 1 -9 6.43 77
1 1 1 -9 3.06 63
1 1 1 -9 3.67 67
3 834 2 -9 2.98 63
3 747 2 -9 2.7 62
3 514 2 -9 3.55 67
1 117 1 -9 1.61 53
1 142 2 -9 1.7 55
1 210 1 -9 7.2 80
1 1 2 -9 3.88 67
3 790 2 -9 3 62
1 226 1 -9 6.5 80
3 874 2 -9 1.31 50
3 529 2 -9 8.8 84
3 825 2 -9 2.1 56
2 619 2 -9 2.8 63
3 561 2 -9 1.94 55
1 1 2 -9 1.2 54
1 1 1 -9 1.99 54
1 1 1 -9 3.78 68
1 1 1 -9 2.1 55
3 635 2 -9 5 72
1 257 2 -9 1.78 54
1 380 2 -9 1.14 47
1 1 2 -9 3.47 61
1 1 2 -9 3.78 63
1 1 2 -9 2.24 57
1 216 1 -9 2.78 60
1 215 2 -9 2.68 60
1 1 1 -9 2.86 57
3 827 2 -9 3.58 68
3 775 1 -9 3 66
2 738 1 -9 6 81
1 65 2 -9 4.05 64
1 288 1 -9 11.6 85
1 349 1 -9 5 68
1 398 2 -9 2.3 60
2 911 2 -9 4.4 65
1 1 1 -9 5 72
1 1 1 -9 6.53 84
1 1 2 -9 1.84 53
1 1 2 -9 2.6 62
1 1 1 -9 2.04 56
1 1 1 -9 2.65 59
1 1 2 -9 4.69 71
1 1 1 -9 4.69 72
1 1 1 -9 1.63 56
2 866 2 -9 2.3 54
1 1 2 -9 2 56
1 244 2 -9 3.5 62
1 252 2 -9 4.19 65
1 1 1 -9 6.53 75
1 1 2 -9 4.29 63
2 783 2 -9 3.8 63
1 1 2 -9 4.1 67
1 311 1 -9 4.8 71
3 779 2 -9 5.6 74
2 794 2 -9 2.4 60
3 611 1 -9 -9 65
1 21 2 -9 5.4 73
2 737 2 -9 2.3 55
1 1 1 -9 3.98 63
1 125 2 -9 3 58
1 415 2 -9 3.8 65
1 1 2 -9 3.78 60
1 1 1 -9 6.73 74
1 328 2 -9 6.3 81
1 1 1 -9 9.8 86
1 1 2 -9 2.45 60
1 1 2 -9 2.24 59
1 1 1 -9 2.24 56
2 717 2 -9 1.98 57
1 1 1 -9 1.32 50
1 1 2 -9 4.18 68
2 901 1 -9 4.34 70
1 1 2 -9 3.16 61
1 1 2 -9 5.31 72
2 691 2 -9 2.94 64
2 949 2 -9 3.18 66
3 628 2 -9 3.12 63
1 393 2 -9 1.82 52
1 1 2 -9 3.47 60
1 1 1 -9 5.41 73
1 1 1 -9 3.57 66
1 1 1 -9 1.84 56
1 1 2 -9 3.67 70
3 795 2 -9 4.1 65
1 44 1 -9 1.8 44
1 1 2 -9 2.55 57
3 706 2 -9 1.5 52
1 1 1 -9 3.88 64
3 662 1 -9 2.4 59
3 497 2 -9 2.8 61
1 1 2 -9 6.73 78
1 1 2 -9 11.94 93
1 1 2 -9 3.57 69
1 1 2 -9 2.96 60
1 1 1 -9 1.84 51
1 1 1 -9 2.96 64
1 1 1 -9 5.46 74
1 1 2 -9 5.51 78
1 1 2 -9 3.37 63
1 1 1 -9 4.69 69
1 1 1 -9 3.27 65
1 185 1 -9 2.2 56
2 935 1 -9 1.42 49
1 409 2 -9 1.3 55
2 633 1 -9 6.94 82
2 614 2 -9 1.84 54
3 482 1 -9 2.34 58
2 496 2 -9 6.71 80
1 295 2 -9 1.05 47
3 641 1 -9 2.9 64
1 383 1 -9 4.43 67
1 1 1 -9 7.35 73
1 1 2 -9 2.45 59
1 392 1 -9 4.15 72
1 1 1 -9 6.73 80
1 1 1 -9 7.55 80
1 1 1 -9 5.82 75
1 1 2 -9 1.53 52
1 1 2 -9 4.8 72
1 1 2 -9 3.47 63
1 1 2 -9 8.16 91
1 227 1 -9 4.2 70
3 518 2 -9 2 56
1 140 1 -9 1.45 50
1 282 2 -9 3.2 62
1 1 2 -9 2.04 53
1 1 2 -9 4.59 68
1 1 1 -9 3.37 65
1 1 2 -9 6.02 79
1 35 1 -9 3.8 70
1 1 2 -9 6.53 79
1 1 2 -9 6.38 78
1 1 1 -9 6.63 78
1 1 2 -9 2.14 55
1 1 1 -9 4.08 66
1 1 1 -9 2.35 59
3 756 1 -9 4.32 74
1 160 2 -9 1.45 50
1 1 2 -9 1.66 52
3 819 1 -9 5.8 84
3 798 2 -9 1.75 54
3 622 1 -9 3 63
1 134 2 -9 4.2 66
1 368 1 -9 5.89 67
1 1 2 -9 2.5 56
1 1 2 -9 3.6 65
2 559 2 -9 2.32 60
2 562 2 -9 2.05 55
1 1 1 -9 11 83
1 170 2 -9 6 75
1 34 1 -9 2.9 66
1 1 2 -9 2.65 60
1 1 2 -9 2.96 63
1 1 2 -9 2.86 61
3 582 2 -9 4.8 77
1 1 2 -9 4.8 76
1 311 2 -9 4.3 73
2 600 2 -9 1.4 49
3 556 2 -9 2.8 52
1 1 2 -9 2.45 58
1 1 1 -9 5.2 75
1 360 1 -9 4.6 79
3 850 1 -9 1.05 45
1 232 1 -9 0.4 34
2 769 2 -9 3.9 66
1 397 2 -9 2.3 57
2 657 1 -9 5.2 54
1 1 1 -9 6.38 78
1 1 2 -9 8.3 85
1 1 2 -9 1.94 58
1 1 2 -9 2.19 57
1 1 1 -9 7.86 83
3 922 1 -9 5.1 71
1 1 1 -9 7.35 83
1 1 2 -9 2.04 54
1 1 1 -9 7.24 79
3 688 2 -9 3.52 66
2 848 1 -9 2.91 63
3 824 1 -9 2.9 61
1 1 1 -9 4.7 70
1 1 2 -9 6.1 77
1 1 1 -9 6.33 80
1 255 2 -9 1.35 52
1 1 2 -9 1.53 51
1 1 1 -9 6.22 74
1 1 2 -9 1.94 54
1 1 1 -9 4.39 73
1 1 2 -9 1.53 50
1 1 2 -9 6.53 77
1 190 1 -9 3.8 45
1 214 2 -9 2.2 58
3 570 1 -9 2.8 59
1 1 2 -9 2.04 57
1 1 1 -9 2.24 57
1 1 2 -9 3.06 65
1 346 1 -9 5.6 70
1 147 1 -9 0.55 36
1 347 1 -9 2.6 59
1 1 2 -9 1.1 46
2 913 1 -9 1.4 52
3 663 2 -9 2.6 61
1 1 1 -9 2.55 60
1 1 1 -9 4.23 67
1 1 1 -9 2.04 55
1 1 1 -9 5.05 73
2 685 2 -9 3.34 65
1 369 1 -9 13.69 100
2 949 2 -9 2.33 61
3 820 2 -9 5.8 77
2 616 1 -9 2.34 59
1 1 2 -9 3.2 61
1 1 1 -9 4.79 71
3 585 1 -9 11 102
1 1 1 -9 7.45 81
1 1 1 -9 4.8 69
3 556 2 -9 2 45
3 507 1 -9 6.24 83
1 1 2 -9 2.35 60
3 774 1 -9 4.2 71
3 744 2 -9 2.8 63
1 15 2 -9 6.4 77
1 1 2 -9 1.3 49
1 27 1 -9 -9 88
1 1 1 -9 4.8 71
1 1 1 -9 2.04 60
1 1 2 -9 1.79 56
1 1 1 -9 3.06 65
1 1 1 -9 2.55 58
1 1 2 -9 3.98 62
1 1 1 -9 4.54 71
1 1 1 -9 5.1 72
1 1 2 -9 2.14 63
1 1 2 -9 4.59 71
1 1 2 -9 2.3 58
1 1 2 -9 6.84 77
3 907 1 -9 2.8 55
2 687 2 -9 0.9 45
3 788 1 -9 1.8 57
2 840 1 -9 2 55
3 952 2 -9 2.4 57
1 166 2 -9 4.55 74
1 244 2 -9 4.1 69
3 647 1 -9 3.2 62
1 1 1 -9 8.78 83
1 1 2 -9 6.02 75
1 1 2 -9 3.98 64
1 1 1 -9 5.31 70
3 568 1 -9 2.2 62
1 1 1 -9 3.78 68
3 550 1 -9 3.8 75
1 1 2 -9 5.41 76
1 374 2 -9 1.81 55
2 610 2 -9 -9 61
3 654 2 -9 10.5 86
1 23 1 -9 2.4 65
3 895 1 -9 6.25 78
1 1 1 -9 1.79 52
1 1 2 -9 5.51 72
1 1 1 -9 2.45 60
2 903 2 -9 4.7 71
1 158 1 -9 3.9 68
1 1 1 -9 6.02 79
1 1 2 -9 2.55 61
1 1 2 -9 6.45 79
1 1 1 -9 6.7 77
1 16 1 -9 1.02 53
1 1 2 -9 2.65 59
1 1 1 -9 7.35 80
1 452 2 -9 2.2 58
1 1 1 -9 2.35 57
1 1 1 -9 2.24 57
1 419 1 -9 6.49 83
1 1 2 -9 3.88 68
1 114 2 -9 3.6 66
2 872 1 -9 3 62
1 90 1 -9 2.8 54
2 745 1 -9 1.6 55
1 99 2 -9 2 62
2 890 1 -9 4.58 71
1 1 1 -9 1.12 48
1 1 1 -9 2.35 60
1 1 1 -9 5.92 77
1 1 1 -9 3.67 67
1 1 2 -9 8.57 86
1 1 2 -9 2.35 58
1 76 2 -9 2.39 56
3 918 2 -9 2.4 61
3 922 2 -9 4.3 67
1 1 2 -9 2.65 58
1 1 2 -9 7.14 81
1 1 1 -9 3.37 63
1 181 1 -9 4.5 75
1 1 2 -9 6.5 82
2 689 1 -9 3.64 66
3 816 1 -9 2.4 59
2 730 1 -9 6.1 79
2 731 2 -9 2.9 59
2 533 2 -9 3.5 64
1 1 2 -9 2.4 56
1 1 1 -9 9.29 82
1 58 1 -9 4.1 71
1 459 2 -9 2.06 58
1 212 2 -9 2.52 59
3 570 1 -9 2.7 60
1 1 2 -9 4.69 72
2 739 2 -9 2.5 59
1 15 2 -9 5.4 71
1 285 1 -9 2 55
1 320 2 -9 1.2 49
3 702 1 -9 8.7 86
3 666 2 -9 0.8 38
1 105 1 -9 2.7 60
1 1 1 -9 4.9 73
1 1 2 -9 6.22 75
1 1 1 -9 2.04 58
1 1 1 -9 1.94 53
1 1 2 -9 3.88 67
1 1 2 -9 2.96 58
1 179 2 -9 2.4 57
3 877 2 -9 2.81 64
3 803 2 -9 3.06 63
2 727 1 -9 5.6 77
1 439 2 -9 0.84 43
1 332 2 -9 4.7 73
1 1 1 -9 3.1 61
1 1 1 -9 4.3 68
1 1 1 -9 2.65 59
1 1 2 -9 5.92 75
1 1 2 -9 3.37 63
3 555 2 -9 2 45
1 1 2 -9 6.12 75
1 1 2 -9 3.78 68
3 867 2 -9 4 67
1 361 1 -9 2.2 56
2 511 2 -9 4.38 70
3 516 2 -9 4.56 71
1 189 2 -9 3.2 47
1 301 2 -9 3.5 62
1 1 2 -9 2.91 60
1 1 2 -9 5.31 76
1 1 2 -9 5.2 73
1 1 1 -9 6.73 73
1 1 2 -9 5.51 73
2 753 2 -9 5.26 78
3 758 1 -9 3.3 68
1 121 1 -9 11.2 88
1 151 2 -9 5.5 70
2 840 2 -9 1.66 55
1 1 2 -9 2.35 57
3 508 1 -9 8 85
1 1 2 -9 6.63 77
1 1 1 -9 2.04 59
1 1 1 -9 2.63 60
1 1 2 -9 4.59 67
3 484 2 -9 3.19 67
1 1 2 -9 5.92 72
1 81 1 -9 5.4 75
1 218 2 -9 5.3 74
2 748 2 -9 4.5 69
1 23 1 -9 1.6 55
1 32 1 -9 11.5 93
2 940 1 -9 3 65
1 414 1 -9 5 71
1 1 1 -9 2.35 55
3 458 1 -9 0.65 40
1 1 1 -9 6.22 76
1 1 1 -9 1.84 55
1 1 2 -9 2.35 60
1 1 2 -9 1.43 50
1 1 2 -9 5.41 72
2 681 1 -9 2.64 61
2 682 2 -9 2.1 57
2 687 2 -9 2.84 51
3 790 1 -9 1.9 55
1 314 2 -9 2.48 62
2 634 1 -9 2.9 65
2 626 2 -9 3.41 64
2 632 1 -9 6.1 78
1 1 2 -9 3 60
1 1 2 -9 3.7 63
2 560 2 -9 2.88 63
1 1 2 -9 3.5 65
1 1 1 -9 2.96 64
1 1 1 -9 1.9 54
1 242 1 -9 2.1 53
1 1 2 -9 4.08 67
1 1 1 -9 8.47 84
1 1 1 -9 4.18 66
1 1 1 -9 1.84 56
1 1 1 -9 3.37 66
1 384 2 -9 1.36 51
1 1 2 -9 7.96 82
1 1 2 -9 8.47 86
1 221 1 -9 16.3 97
1 416 2 -9 0.7 41
1 148 1 -9 7.5 83
2 750 2 -9 1.85 56
1 61 2 -9 3.55 65
3 607 1 -9 5.6 67
1 41 1 -9 2.7 60
1 1 2 -9 4.08 66
1 300 1 -9 5 72
1 1 2 -9 2.24 60
1 1 1 -9 3.16 64
1 1 1 -9 4.8 70
1 1 2 -9 4.9 72
1 1 1 -9 6.63 79
1 111 1 -9 6.56 88
3 815 2 -9 1.4 44
3 953 2 -9 4 66
3 854 2 -9 2.4 59
3 627 2 -9 1.14 47
1 474 1 -9 1.22 46
1 1 1 -9 2.9 58
1 1 1 -9 2.04 54
1 395 2 -9 1.15 45
1 384 1 -9 2.33 57
1 1 1 -9 3.57 63
3 555 2 -9 2.8 52
1 1 1 -9 7.04 80
1 1 2 -9 6.33 78
1 1 1 -9 4.39 71
1 1 1 -9 4.18 73
3 807 2 -9 6.38 76
3 518 1 -9 2.87 62
1 287 2 -9 4 67
1 223 1 -9 4.8 70
1 124 1 -9 3.2 70
1 1 2 -9 2.04 53
1 36 1 -9 8.4 81
3 661 1 -9 1.2 44
1 1 2 -9 3.57 62
1 1 1 -9 7.24 78
2 713 1 -9 4.47 71
1 1 1 -9 3.57 65
1 1 1 -9 2.19 58
1 1 2 -9 3.57 64
1 1 1 -9 3.7 68
1 1 2 -9 2.86 61
1 1 2 -9 3.06 62
1 1 2 -9 2.35 60
1 1 1 -9 7.4 81
1 1 1 -9 2.65 60
1 202 2 -9 3 63
1 1 1 -9 6.4 77
3 888 1 -9 8.3 81
3 489 1 -9 1.84 54
3 492 2 -9 4.61 74
1 19 2 -9 4.6 68
1 256 1 -9 2.41 62
3 584 2 -9 2.5 66
1 1 2 -9 6.22 79
1 1 1 -9 5.31 75
1 1 2 -9 6.63 75
1 1 1 -9 3.67 68
1 1 2 -9 3.67 61
1 1 1 -9 7.55 84
2 537 2 -9 3.44 66
2 869 1 -9 2.7 61
1 324 2 -9 4.5 71
2 740 2 -9 5.2 70
1 52 2 -9 2.2 59
1 275 1 -9 2.2 57
3 655 2 -9 3.7 66
1 349 1 -9 3.8 58
1 208 1 -9 6.2 81
3 704 1 -9 6.9 80
1 198 2 -9 3.96 68
2 898 1 -9 2.91 62
1 1 1 -9 2.55 58
1 1 1 -9 7.65 77
1 1 1 -9 8.57 79
1 1 2 -9 4.69 69
1 1 2 -9 3.93 70
1 1 2 -9 4.69 75
1 1 1 -9 5.61 74
3 764 1 -9 11.14 91
2 928 1 -9 3.32 67
1 1 1 -9 2.6 59
1 1 2 -9 2.65 59
3 667 2 -9 3.24 67
1 315 2 -9 1.57 53
3 481 1 -9 1.91 56
1 1 1 -9 1.4 49
1 1 1 -9 5.1 71
1 1 2 -9 2.45 57
1 1 1 -9 1.43 50
1 1 1 -9 5.31 75
1 1 1 -9 2.24 54
1 1 2 -9 3.27 68
3 573 2 -9 2.6 59
1 1 1 -9 11.53 90
1 1 2 -9 3.47 69
1 6 1 -9 2.6 57
1 416 2 -9 1.2 55
1 1 2 -9 3.16 61
3 592 1 -9 2.9 60
2 771 1 -9 2.8 64
1 1 1 -9 3.78 66
1 352 1 -9 1.6 49
1 301 1 -9 2.3 59
1 1 1 -9 2.45 59
1 1 2 -9 1.53 50
2 752 1 -9 4.98 76
1 326 1 -9 1.55 52
2 905 2 -9 2.99 63
2 680 2 -9 2.36 58
2 948 2 -9 2.39 59
3 818 2 -9 2.2 55
3 804 2 -9 2.6 57
1 441 2 -9 1.87 55
3 823 1 -9 3.1 62
1 1 2 -9 7.4 82
3 542 2 -9 3.18 64
3 577 1 -9 4.2 71
1 1 2 -9 2.35 58
1 1 1 -9 3.78 69
1 216 2 -9 2.08 58
1 1 1 -9 3.87 69
1 1 2 -9 7.04 77
3 830 1 -9 2.74 61
2 869 1 -9 4.4 70
1 98 2 -9 1.7 56
2 750 1 -9 8.5 85
1 399 1 -9 5.7 84
1 224 2 -9 2 55
2 893 1 -9 3.79 68
1 1 2 -9 4.08 70
2 715 2 -9 4.78 73
1 1 1 -9 3.37 65
1 1 2 -9 2.76 59
1 1 1 -9 5.41 74
1 1 1 -9 6.02 77
2 955 1 -9 6.2 81
1 438 2 -9 1.86 56
1 1 1 -9 2.8 59
3 636 1 -9 2.5 62
1 329 2 -9 7.5 80
1 1 1 -9 2.45 56
1 1 1 -9 3.37 64
1 1 2 -9 4.29 66
1 51 1 -9 1.5 50
1 353 2 -9 4.3 57
1 1 1 -9 4.39 68
3 697 2 -9 1.9 57
1 364 2 -9 2.7 65
1 126 1 -9 2.5 59
1 128 2 -9 4.2 66
2 838 1 -9 2.2 60
1 1 1 -9 2.91 59
1 1 2 -9 1.53 48
1 1 1 -9 1.73 52
1 1 1 -9 2.35 54
1 1 2 -9 3.67 64
1 1 2 -9 5.31 74
1 1 2 -9 4.49 74
1 1 1 -9 3.06 60
1 80 2 -9 6.8 80
2 690 1 -9 2.58 61
2 685 1 -9 3.7 70
3 649 1 -9 1.75 54
1 245 1 -9 1.5 52
1 262 2 -9 1.7 53
1 436 1 -9 1.94 58
3 854 1 -9 3 63
3 481 1 -9 3.93 69
1 473 1 -9 10.12 94
1 1 1 -9 1.6 52
1 1 1 -9 4.1 70
1 1 1 -9 5.6 74
1 258 2 -9 1.62 51
1 1 1 -9 3.88 63
1 1 1 -9 8.37 81
1 1 1 -9 1.94 53
1 394 1 -9 5.35 79
1 1 1 -9 7.45 76
1 1 1 -9 2.96 61
1 1 2 -9 3.06 62
1 1 2 -9 8.16 84
1 69 2 -9 6.5 78
1 1 1 -9 2.24 59
1 360 1 -9 1.4 47
1 403 1 -9 2.18 49
1 54 1 -9 2.84 63
1 1 1 -9 3.7 62
1 120 1 -9 5.4 74
1 207 1 -9 -9 46
3 595 2 -9 2.3 58
2 894 1 -9 2.83 55
2 941 1 -9 3.05 62
1 101 2 -9 2.2 55
1 1 2 -9 3.78 70
1 1 2 -9 2.76 65
1 325 2 -9 0.82 46
1 1 1 -9 8.06 81
1 1 1 -9 2.96 60
3 906 2 -9 1.3 51
3 650 1 -9 0.8 42
2 932 2 -9 3.07 58
1 366 2 -9 1.12 48
2 841 2 -9 1.33 50
2 451 1 -9 4.58 71
1 220 1 -9 2.36 61
1 1 1 -9 1.7 53
1 1 1 -9 2.4 62
1 1 1 -9 5.1 74
1 1 1 -9 4.7 70
1 1 2 -9 2.86 61
1 1 2 -9 3.4 67
3 639 2 -9 1.4 51
1 387 1 -9 1.08 47
1 1 2 -9 2.55 58
1 1 1 -9 4.59 73
3 486 2 -9 5.65 77
3 574 2 -9 5.2 68
3 575 2 -9 1.4 49
3 785 2 -9 4.2 68
1 1 2 -9 3.27 65
3 611 1 -9 -9 63
1 90 1 -9 5.8 78
3 513 1 -9 7.3 80
1 26 1 -9 4 71
3 698 2 -9 2.9 63
2 769 2 -9 2.7 59
2 912 2 -9 1.2 49
2 881 2 -9 2.41 57
1 305 2 -9 7 82
1 1 2 -9 1.68 53
1 1 1 -9 1.12 44
1 1 1 -9 5.1 76
1 1 1 -9 4.29 70
1 1 2 -9 5.4 74
1 1 2 -9 5.85 75
2 674 2 -9 3.52 65
1 366 1 -9 0.71 40
1 444 2 -9 4.26 69
1 468 1 -9 3.76 64
1 1 1 -9 1.5 51
1 1 1 -9 2.5 61
1 1 1 -9 3.8 65
3 508 1 -9 6.5 79
1 1 2 -9 6.02 76
1 1 2 -9 2.86 59
1 1 2 -9 2.86 59
1 1 1 -9 3.47 65
1 1 1 -9 3.16 61
2 782 1 -9 3.6 64
1 1 1 -9 9.69 85
1 1 2 -9 2.96 60
2 601 1 -9 4.55 69
1 1 2 -9 2.35 61
1 1 2 -9 3.57 68
3 774 2 -9 2.6 63
1 1 1 -9 7.14 81
1 196 1 -9 2.28 49
2 896 1 -9 1.3 48
1 1 1 -9 2.55 61
1 123 1 -9 6.2 75
1 122 1 -9 3.3 60
3 659 2 -9 1.8 52
1 260 1 -9 2.1 57
1 424 2 -9 2.02 56
3 504 2 -9 2.6 63
1 1 1 -9 1.99 55
1 1 2 -9 3.06 61
1 1 2 -9 6.43 75
1 1 1 -9 5.1 71
1 78 1 -9 4.24 72
1 1 1 -9 3.16 59
2 691 2 -9 1.38 52
2 451 2 -9 2.79 61
3 824 2 -9 2.1 56
1 1 1 -9 4.8 71
1 1 2 -9 2.86 59
1 1 2 -9 1.7 53
1 1 1 -9 7.04 77
1 1 2 -9 5.2 71
1 1 2 -9 2.04 55
1 1 2 -9 4.59 72
1 385 2 -9 1.41 47
3 572 1 -9 3.2 65
2 870 1 -9 1.8 55
1 95 1 -9 1.75 56
1 176 1 -9 2.1 58
3 593 1 -9 2.3 57
2 891 1 -9 3.76 67
3 660 2 -9 1.8 52
1 1 2 -9 3.47 66
1 1 2 -9 3.37 64
1 299 1 -9 10 89
1 412 1 -9 4.5 71
1 1 1 -9 4.8 74
1 1 2 -9 2.65 64
1 1 2 -9 3.27 64
1 1 2 -9 3.78 66
1 1 2 -9 3.88 68
3 921 1 -9 3.6 65
3 923 2 -9 4.4 69
1 157 2 -9 1.35 47
1 1 1 -9 5.1 74
1 202 1 -9 3.4 66
1 172 2 -9 7 75
1 436 1 -9 1.48 52
2 618 1 -9 5.98 80
2 630 1 -9 3.41 65
3 493 2 -9 2.38 57
1 1 1 -9 1.5 57
1 1 1 -9 1.7 51
1 1 1 -9 2.2 58
1 1 2 -9 5.71 73
1 1 2 -9 3.47 66
1 1 2 -9 5.1 70
1 1 1 -9 6.33 71
1 1 1 -9 3.67 65
1 1 2 -9 4.49 71
1 1 2 -9 7.24 80
1 1 2 -9 5.31 73
1 1 2 -9 7.55 81
1 431 2 -9 4.87 78
1 1 1 -9 3.93 67
1 1 2 -9 3.88 66
2 673 2 -9 3.64 67
3 521 1 -9 2.9 61
3 886 2 -9 3.5 60
2 726 2 -9 3.4 64
3 951 2 -9 2.6 60
1 1 2 -9 1.53 51
1 170 2 -9 7.5 83
1 379 2 -9 1.98 57
1 1 2 -9 4.39 70
1 1 2 -9 2.96 58
1 1 1 -9 3.98 66
1 1 1 -9 7.76 78
1 1 2 -9 3.47 69
1 1 2 -9 11.63 90
3 777 1 -9 2.8 65
2 871 1 -9 3.3 66
1 107 1 -9 2.6 61
2 741 2 -9 2.9 59
3 747 2 -9 2.8 65
1 341 1 -9 5.6 71
1 144 2 -9 2.7 67
1 1 1 -9 5.6 74
2 837 1 -9 3 64
3 498 2 -9 3.2 68
1 1 2 -9 3.47 70
2 718 1 -9 3.44 67
1 1 2 -9 5.61 76
1 1 2 -9 2.81 61
1 1 1 -9 1.63 50
1 106 1 -9 5.3 72
1 1 2 -9 4.08 66
1 1 2 -9 4.18 68
3 528 1 -9 3.2 66
3 822 2 -9 1.4 51
3 875 2 -9 0.79 42
2 619 2 -9 2.51 61
1 1 2 -9 1.7 51
1 1 1 -9 1.1 53
1 1 1 -9 2.7 60
1 240 1 -9 -9 44
3 540 1 -9 11.83 96
1 257 1 -9 1.69 53
1 307 2 -9 1.7 51
1 1 1 -9 4.29 74
1 1 1 -9 3.88 66
1 1 1 -9 4.59 70
1 71 2 -9 3.7 68
2 597 1 -9 3.95 70
1 406 1 -9 1.62 54
1 1 2 -9 2.65 60
1 227 1 -9 1.5 50
1 3 1 -9 2.7 59
3 828 2 -9 1.55 51
3 775 1 -9 2.6 63
1 95 1 -9 5.3 76
1 335 2 -9 1.7 50
3 908 2 -9 0.9 43
3 607 1 -9 3.6 66
3 706 1 -9 0.9 45
1 260 2 -9 1.1 48
1 1 2 -9 4.29 72
1 1 1 -9 2.76 62
1 1 2 -9 7.45 79
1 1 1 -9 4.39 71
1 1 1 -9 4.85 71
1 1 1 -9 5.2 71
1 1 1 -9 2.76 62
1 1 1 -9 3.67 66
1 1 2 -9 2.14 59
1 1 2 -9 5.71 78
3 761 2 -9 9.68 86
1 1 1 -9 2.14 57
1 1 1 -9 2.96 63
1 1 2 -9 5.2 70
1 1 2 -9 3.5 68
2 694 2 -9 3.34 66
1 1 1 -9 3.67 65
1 1 2 -9 4.39 70
1 1 2 -9 1.73 50
2 782 2 -9 4.2 63
1 97 1 -9 2.5 66
1 66 2 -9 5.3 74
1 53 2 -9 3.5 65
1 344 1 -9 2.8 61
1 298 2 -9 1.6 51
1 1 1 -9 2.86 61
1 1 2 -9 2.86 61
2 858 1 -9 9.6 87
1 1 2 -9 1.22 47
3 763 1 -9 6.5 82
1 1 2 -9 5.31 73
1 1 2 -9 2.04 56
1 1 1 -9 5.51 71
1 370 2 -9 2.9 62
1 378 1 -9 2.32 59
1 137 1 -9 4.72 67
1 1 1 -9 2.1 57
1 1 2 -9 4.2 69
1 1 2 -9 1.28 49
1 1 2 -9 1.79 55
1 1 1 -9 1.3 50
1 1 2 -9 3.37 65
1 1 1 -9 5.1 70
1 1 2 -9 1.43 50
1 1 1 -9 2.45 57
1 1 1 -9 3.67 66
1 460 1 -9 5.06 76
1 407 1 -9 1.62 53
3 829 2 -9 2.8 64
3 868 2 -9 1.1 49
1 12 2 -9 6.2 80
3 606 1 -9 3.6 66
1 1 2 -9 2.55 58
1 1 2 -9 2.45 56
2 915 2 -9 2.32 60
2 838 2 -9 6.2 77
1 297 1 -9 3 73
2 711 1 -9 2.46 59
1 1 1 -9 3.16 62
2 710 1 -9 3.97 67
1 1 2 -9 2.65 59
1 1 2 -9 3.2 63
1 1 2 -9 4.18 73
1 86 1 -9 3.5 65
1 1 1 -9 2.7 61
1 1 2 -9 4.08 69
1 113 2 -9 1.79 54
2 943 2 -9 3.58 70
2 947 2 -9 2.73 64
1 1 2 -9 1.6 51
1 1 1 -9 2.4 55
1 1 2 -9 4.8 70
1 1 2 -9 2.4 57
3 540 1 -9 6.42 84
1 1 1 -9 2.86 59
1 1 1 -9 1.94 54
1 1 2 -9 3.27 61
1 1 1 -9 5.82 73
1 1 2 -9 4.18 66
3 550 1 -9 6.7 77
3 785 2 -9 3.3 70
1 10 1 -9 4.4 72
1 119 1 -9 2 55
1 39 1 -9 3.5 67
1 33 1 -9 5.5 73
1 191 1 -9 3.45 59
1 1 1 -9 3.57 66
3 498 2 -9 3.5 66
1 1 1 -9 1.58 54
1 1 1 -9 2.04 54
1 1 1 -9 2.14 54
1 1 1 -9 4.49 69
1 1 2 -9 4.69 69
1 1 2 -9 2.96 62
1 1 2 -9 4.8 71
1 1 1 -9 4.49 69
1 372 1 -9 10.1 100
1 162 2 -9 2.3 58
1 1 1 -9 1.84 57
1 1 1 -9 5.51 74
3 521 1 -9 7.4 88
2 813 1 -9 2.2 57
2 625 2 -9 2.57 60
1 1 1 -9 3.5 66
1 165 1 -9 3.45 67
1 1 1 -9 5.2 75
1 1 1 -9 2.14 54
1 1 1 -9 8.57 80
1 1 2 -9 3.78 65
1 1 2 -9 8.88 83
1 1 2 -9 2.55 60
1 1 2 -9 2.35 59
3 653 2 -9 1.8 51
1 177 1 -9 1.82 56
1 120 2 -9 3.8 64
2 897 2 -9 4.53 69
1 103 1 -9 2.65 62
1 132 1 -9 3.6 64
2 917 1 -9 8.84 87
1 238 2 -9 3.55 71
1 1 1 -9 5.31 74
1 1 1 -9 3.11 65
1 1 2 -9 3.21 60
1 1 2 -9 8.27 80
2 903 1 -9 4.85 73
1 86 1 -9 3.5 59
1 1 1 -9 1.94 53
1 1 2 -9 11.4 88
3 846 2 -9 4.61 71
1 263 2 -9 1.9 51
3 821 1 -9 2 58
1 271 2 -9 2 55
3 950 1 -9 1.6 52
2 620 1 -9 2.19 58
1 138 2 -9 3.13 62
1 1 2 -9 2.4 56
1 167 2 -9 3.4 62
1 1 2 -9 2.76 59
1 1 1 -9 3.98 67
1 1 2 -9 4.08 70
1 1 2 -9 3.67 66
1 1 2 -9 3.57 64
1 1 1 -9 4.08 65
1 1 2 -9 7.96 78
1 456 2 -9 1.95 57
1 1 1 -9 8.11 83
1 30 1 -9 5 71
3 701 1 -9 1.3 50
1 422 1 -9 4.78 70
1 1 2 -9 6.33 78
1 325 2 -9 3.5 74
1 1 2 -9 2.76 61
1 1 2 -9 2.14 56
1 273 1 -9 2 49
3 951 2 -9 2.6 60
1 1 1 -9 2.4 60
1 167 1 -9 5.4 70
1 1 1 -9 3.5 64
1 1 1 -9 3.06 64
1 242 1 -9 3.9 65
1 382 2 -9 1.5 51
1 1 2 -9 5.82 76
1 1 1 -9 4.18 69
1 1 1 -9 3.37 64
1 1 2 -9 6.22 77
1 1 1 -9 4.8 70
1 1 1 -9 7.55 83
1 1 1 -9 4.8 70
1 1 1 -9 1.33 47
1 1 2 -9 4.08 65
3 567 2 -9 2.4 55
1 1 2 -9 2.24 54
1 1 1 -9 2.35 58
1 229 1 -9 1 49
1 148 2 -9 3.6 65
2 511 1 -9 3 56
1 205 1 -9 6 70
1 1 1 -9 1.28 50
1 1 1 -9 4.03 67
1 1 2 -9 3.52 62
1 1 2 -9 5.92 72
1 1 1 -9 7.35 80
1 1 1 -9 2.14 60
1 1 1 -9 3.78 70
2 904 1 -9 3.59 67
1 155 2 -9 2.5 60
1 1 1 -9 7.96 81
1 111 1 -9 4.55 78
3 884 1 -9 6.5 73
1 226 2 -9 3.9 69
1 245 1 -9 7.5 81
2 634 1 -9 2.8 65
2 624 1 -9 1.78 52
3 490 1 -9 4.91 73
1 1 1 -9 4.9 71
1 1 2 -9 2.65 61
1 1 2 -9 4.49 71
1 1 2 -9 3.47 64
1 1 2 -9 2.86 63
1 1 2 -9 2.76 62
1 1 2 -9 1.94 54
1 394 1 -9 4.1 73
1 1 2 -9 7.55 80
1 405 2 -9 3.33 66
1 1 2 -9 5.82 72
1 1 1 -9 5.1 77
1 230 2 -9 1 45
1 350 1 -9 8.8 82
1 198 2 -9 0.85 56
