year type stratum sex age value 
2009 N 1 1 1 17.4022
2009 N 1 1 2 2658.82
2009 N 1 1 3 529.964
2009 N 1 1 4 1756.8
2009 N 1 1 5 709.541
2009 N 1 1 6 874.294
2009 N 1 1 7 3057.21
2009 N 1 1 8 1964.88
2009 N 1 1 9 2955.51
2009 N 1 1 10 451.244
2009 N 1 1 11 28.6114
2009 N 1 1 12 0
2009 N 1 1 13 0
2009 N 1 1 14 0
2009 N 1 1 15 0
2009 Biomass 1 1 1 3.92009
2009 Biomass 1 1 2 1524.88
2009 Biomass 1 1 3 435.44
2009 Biomass 1 1 4 1420.54
2009 Biomass 1 1 5 566.766
2009 Biomass 1 1 6 782.608
2009 Biomass 1 1 7 2720.9
2009 Biomass 1 1 8 1855.54
2009 Biomass 1 1 9 2795.59
2009 Biomass 1 1 10 419.098
2009 Biomass 1 1 11 33.0303
2009 Biomass 1 1 12 0
2009 Biomass 1 1 13 0
2009 Biomass 1 1 14 0
2009 Biomass 1 1 15 0
2009 N_Kimura   1 1 1 17.1433
2009 N_Kimura   1 1 2 2619.27
2009 N_Kimura   1 1 3 522.079
2009 N_Kimura   1 1 4 1730.67
2009 N_Kimura   1 1 5 698.984
2009 N_Kimura   1 1 6 861.286
2009 N_Kimura   1 1 7 3011.73
2009 N_Kimura   1 1 8 1935.65
2009 N_Kimura   1 1 9 2911.54
2009 N_Kimura   1 1 10 444.531
2009 N_Kimura   1 1 11 28.1858
2009 N_Kimura   1 1 12 0
2009 N_Kimura   1 1 13 0
2009 N_Kimura   1 1 14 0
2009 N_Kimura   1 1 15 0
2009 avg_wt_age 1 1 1 0.225264
2009 avg_wt_age 1 1 2 0.573517
2009 avg_wt_age 1 1 3 0.821642
2009 avg_wt_age 1 1 4 0.808596
2009 avg_wt_age 1 1 5 0.798779
2009 avg_wt_age 1 1 6 0.895132
2009 avg_wt_age 1 1 7 0.889992
2009 avg_wt_age 1 1 8 0.94435
2009 avg_wt_age 1 1 9 0.945893
2009 avg_wt_age 1 1 10 0.928761
2009 avg_wt_age 1 1 11 1.15444
2009 avg_wt_age 1 1 12 0
2009 avg_wt_age 1 1 13 0
2009 avg_wt_age 1 1 14 0
2009 avg_wt_age 1 1 15 0
2009 N 1 2 1 17.0682
2009 N 1 2 2 2565.45
2009 N 1 2 3 407.263
2009 N 1 2 4 2430.36
2009 N 1 2 5 1346.24
2009 N 1 2 6 1729.55
2009 N 1 2 7 3264.98
2009 N 1 2 8 1509.51
2009 N 1 2 9 1278.49
2009 N 1 2 10 254.637
2009 N 1 2 11 163.6
2009 N 1 2 12 0
2009 N 1 2 13 37.1577
2009 N 1 2 14 0
2009 N 1 2 15 0
2009 Biomass 1 2 1 4.19177
2009 Biomass 1 2 2 1597.34
2009 Biomass 1 2 3 337.073
2009 Biomass 1 2 4 2220.11
2009 Biomass 1 2 5 1264.88
2009 Biomass 1 2 6 1681.87
2009 Biomass 1 2 7 3208.81
2009 Biomass 1 2 8 1580.11
2009 Biomass 1 2 9 1409.66
2009 Biomass 1 2 10 300.849
2009 Biomass 1 2 11 157.922
2009 Biomass 1 2 12 0
2009 Biomass 1 2 13 95.8669
2009 Biomass 1 2 14 0
2009 Biomass 1 2 15 0
2009 N_Kimura   1 2 1 16.8938
2009 N_Kimura   1 2 2 2539.24
2009 N_Kimura   1 2 3 403.103
2009 N_Kimura   1 2 4 2405.53
2009 N_Kimura   1 2 5 1332.49
2009 N_Kimura   1 2 6 1711.89
2009 N_Kimura   1 2 7 3231.63
2009 N_Kimura   1 2 8 1494.09
2009 N_Kimura   1 2 9 1265.43
2009 N_Kimura   1 2 10 252.036
2009 N_Kimura   1 2 11 161.929
2009 N_Kimura   1 2 12 0
2009 N_Kimura   1 2 13 36.7782
2009 N_Kimura   1 2 14 0
2009 N_Kimura   1 2 15 0
2009 avg_wt_age 1 2 1 0.24559
2009 avg_wt_age 1 2 2 0.622636
2009 avg_wt_age 1 2 3 0.827656
2009 avg_wt_age 1 2 4 0.913489
2009 avg_wt_age 1 2 5 0.93957
2009 avg_wt_age 1 2 6 0.972434
2009 avg_wt_age 1 2 7 0.982797
2009 avg_wt_age 1 2 8 1.04677
2009 avg_wt_age 1 2 9 1.1026
2009 avg_wt_age 1 2 10 1.18149
2009 avg_wt_age 1 2 11 0.965294
2009 avg_wt_age 1 2 12 0
2009 avg_wt_age 1 2 13 2.58
2009 avg_wt_age 1 2 14 0
2009 avg_wt_age 1 2 15 0
2009 p 1 1 1 0.000579908
2009 p 1 1 2 0.0886021
2009 p 1 1 3 0.0176604
2009 p 1 1 4 0.0585434
2009 p 1 1 5 0.0236446
2009 p 1 1 6 0.0291348
2009 p 1 1 7 0.101878
2009 p 1 1 8 0.0654774
2009 p 1 1 9 0.0984888
2009 p 1 1 10 0.0150372
2009 p 1 1 11 0.000953442
2009 p 1 1 12 0
2009 p 1 1 13 0
2009 p 1 1 14 0
2009 p 1 1 15 0
2009 p 1 2 1 0.000568776
2009 p 1 2 2 0.0854905
2009 p 1 2 3 0.0135715
2009 p 1 2 4 0.0809888
2009 p 1 2 5 0.0448618
2009 p 1 2 6 0.0576352
2009 p 1 2 7 0.108801
2009 p 1 2 8 0.0503025
2009 p 1 2 9 0.042604
2009 p 1 2 10 0.00848546
2009 p 1 2 11 0.00545178
2009 p 1 2 12 0
2009 p 1 2 13 0.00123824
2009 p 1 2 14 0
2009 p 1 2 15 0
2009 N 2 1 1 1018.7
2009 N 2 1 2 7791.15
2009 N 2 1 3 5275.33
2009 N 2 1 4 6589.21
2009 N 2 1 5 2042.47
2009 N 2 1 6 1126.34
2009 N 2 1 7 3494.17
2009 N 2 1 8 1508.87
2009 N 2 1 9 2151.2
2009 N 2 1 10 190.575
2009 N 2 1 11 0
2009 N 2 1 12 0
2009 N 2 1 13 0
2009 N 2 1 14 0
2009 N 2 1 15 0
2009 Biomass 2 1 1 187.271
2009 Biomass 2 1 2 2522.66
2009 Biomass 2 1 3 2210.3
2009 Biomass 2 1 4 3209.01
2009 Biomass 2 1 5 1109.38
2009 Biomass 2 1 6 626.516
2009 Biomass 2 1 7 1959.62
2009 Biomass 2 1 8 843.043
2009 Biomass 2 1 9 1393.87
2009 Biomass 2 1 10 105.274
2009 Biomass 2 1 11 0
2009 Biomass 2 1 12 0
2009 Biomass 2 1 13 0
2009 Biomass 2 1 14 0
2009 Biomass 2 1 15 0
2009 N_Kimura   2 1 1 1062.56
2009 N_Kimura   2 1 2 8126.57
2009 N_Kimura   2 1 3 5502.44
2009 N_Kimura   2 1 4 6872.89
2009 N_Kimura   2 1 5 2130.4
2009 N_Kimura   2 1 6 1174.83
2009 N_Kimura   2 1 7 3644.6
2009 N_Kimura   2 1 8 1573.83
2009 N_Kimura   2 1 9 2243.81
2009 N_Kimura   2 1 10 198.78
2009 N_Kimura   2 1 11 0
2009 N_Kimura   2 1 12 0
2009 N_Kimura   2 1 13 0
2009 N_Kimura   2 1 14 0
2009 N_Kimura   2 1 15 0
2009 avg_wt_age 2 1 1 0.183833
2009 avg_wt_age 2 1 2 0.323785
2009 avg_wt_age 2 1 3 0.418989
2009 avg_wt_age 2 1 4 0.48701
2009 avg_wt_age 2 1 5 0.543155
2009 avg_wt_age 2 1 6 0.556239
2009 avg_wt_age 2 1 7 0.560827
2009 avg_wt_age 2 1 8 0.558724
2009 avg_wt_age 2 1 9 0.64795
2009 avg_wt_age 2 1 10 0.552403
2009 avg_wt_age 2 1 11 0
2009 avg_wt_age 2 1 12 0
2009 avg_wt_age 2 1 13 0
2009 avg_wt_age 2 1 14 0
2009 avg_wt_age 2 1 15 0
2009 N 2 2 1 873.469
2009 N 2 2 2 9531.96
2009 N 2 2 3 5438.47
2009 N 2 2 4 5504.2
2009 N 2 2 5 1612.53
2009 N 2 2 6 2749.31
2009 N 2 2 7 3685.42
2009 N 2 2 8 1055
2009 N 2 2 9 737.639
2009 N 2 2 10 0
2009 N 2 2 11 0
2009 N 2 2 12 0
2009 N 2 2 13 0
2009 N 2 2 14 0
2009 N 2 2 15 0
2009 Biomass 2 2 1 155.15
2009 Biomass 2 2 2 3422.25
2009 Biomass 2 2 3 2638.76
2009 Biomass 2 2 4 3080.87
2009 Biomass 2 2 5 1024.05
2009 Biomass 2 2 6 1782.53
2009 Biomass 2 2 7 2490.75
2009 Biomass 2 2 8 755.331
2009 Biomass 2 2 9 535.463
2009 Biomass 2 2 10 0
2009 Biomass 2 2 11 0
2009 Biomass 2 2 12 0
2009 Biomass 2 2 13 0
2009 Biomass 2 2 14 0
2009 Biomass 2 2 15 0
2009 N_Kimura   2 2 1 793.729
2009 N_Kimura   2 2 2 8661.78
2009 N_Kimura   2 2 3 4941.99
2009 N_Kimura   2 2 4 5001.72
2009 N_Kimura   2 2 5 1465.32
2009 N_Kimura   2 2 6 2498.32
2009 N_Kimura   2 2 7 3348.98
2009 N_Kimura   2 2 8 958.689
2009 N_Kimura   2 2 9 670.3
2009 N_Kimura   2 2 10 0
2009 N_Kimura   2 2 11 0
2009 N_Kimura   2 2 12 0
2009 N_Kimura   2 2 13 0
2009 N_Kimura   2 2 14 0
2009 N_Kimura   2 2 15 0
2009 avg_wt_age 2 2 1 0.177625
2009 avg_wt_age 2 2 2 0.359029
2009 avg_wt_age 2 2 3 0.485203
2009 avg_wt_age 2 2 4 0.55973
2009 avg_wt_age 2 2 5 0.635058
2009 avg_wt_age 2 2 6 0.648357
2009 avg_wt_age 2 2 7 0.675839
2009 avg_wt_age 2 2 8 0.715952
2009 avg_wt_age 2 2 9 0.725915
2009 avg_wt_age 2 2 10 0
2009 avg_wt_age 2 2 11 0
2009 avg_wt_age 2 2 12 0
2009 avg_wt_age 2 2 13 0
2009 avg_wt_age 2 2 14 0
2009 avg_wt_age 2 2 15 0
2009 p 2 1 1 0.0163316
2009 p 2 1 2 0.124906
2009 p 2 1 3 0.084573
2009 p 2 1 4 0.105637
2009 p 2 1 5 0.0327445
2009 p 2 1 6 0.0180573
2009 p 2 1 7 0.0560179
2009 p 2 1 8 0.02419
2009 p 2 1 9 0.0344875
2009 p 2 1 10 0.00305526
2009 p 2 1 11 0
2009 p 2 1 12 0
2009 p 2 1 13 0
2009 p 2 1 14 0
2009 p 2 1 15 0
2009 p 2 2 1 0.0140033
2009 p 2 2 2 0.152815
2009 p 2 2 3 0.0871885
2009 p 2 2 4 0.0882422
2009 p 2 2 5 0.0258518
2009 p 2 2 6 0.0440764
2009 p 2 2 7 0.059084
2009 p 2 2 8 0.0169136
2009 p 2 2 9 0.0118257
2009 p 2 2 10 0
2009 p 2 2 11 0
2009 p 2 2 12 0
2009 p 2 2 13 0
2009 p 2 2 14 0
2009 p 2 2 15 0
2009 N 3 1 1 1485.37
2009 N 3 1 2 4928.67
2009 N 3 1 3 1511.6
2009 N 3 1 4 1982.19
2009 N 3 1 5 1545.22
2009 N 3 1 6 507.22
2009 N 3 1 7 1727.67
2009 N 3 1 8 1189.09
2009 N 3 1 9 1191.46
2009 N 3 1 10 227.712
2009 N 3 1 11 46.0732
2009 N 3 1 12 0
2009 N 3 1 13 0
2009 N 3 1 14 0
2009 N 3 1 15 0
2009 Biomass 3 1 1 320.742
2009 Biomass 3 1 2 1818.46
2009 Biomass 3 1 3 726.138
2009 Biomass 3 1 4 1069.32
2009 Biomass 3 1 5 870.596
2009 Biomass 3 1 6 283.25
2009 Biomass 3 1 7 1045.5
2009 Biomass 3 1 8 677.098
2009 Biomass 3 1 9 727.791
2009 Biomass 3 1 10 123.781
2009 Biomass 3 1 11 32.712
2009 Biomass 3 1 12 0
2009 Biomass 3 1 13 0
2009 Biomass 3 1 14 0
2009 Biomass 3 1 15 0
2009 N_Kimura   3 1 1 1492.44
2009 N_Kimura   3 1 2 4952.13
2009 N_Kimura   3 1 3 1518.8
2009 N_Kimura   3 1 4 1991.63
2009 N_Kimura   3 1 5 1552.57
2009 N_Kimura   3 1 6 509.634
2009 N_Kimura   3 1 7 1735.9
2009 N_Kimura   3 1 8 1194.75
2009 N_Kimura   3 1 9 1197.13
2009 N_Kimura   3 1 10 228.796
2009 N_Kimura   3 1 11 46.2925
2009 N_Kimura   3 1 12 0
2009 N_Kimura   3 1 13 0
2009 N_Kimura   3 1 14 0
2009 N_Kimura   3 1 15 0
2009 avg_wt_age 3 1 1 0.215934
2009 avg_wt_age 3 1 2 0.368955
2009 avg_wt_age 3 1 3 0.480376
2009 avg_wt_age 3 1 4 0.539461
2009 avg_wt_age 3 1 5 0.563412
2009 avg_wt_age 3 1 6 0.558436
2009 avg_wt_age 3 1 7 0.605149
2009 avg_wt_age 3 1 8 0.569425
2009 avg_wt_age 3 1 9 0.610841
2009 avg_wt_age 3 1 10 0.543587
2009 avg_wt_age 3 1 11 0.71
2009 avg_wt_age 3 1 12 0
2009 avg_wt_age 3 1 13 0
2009 avg_wt_age 3 1 14 0
2009 avg_wt_age 3 1 15 0
2009 N 3 2 1 1378.85
2009 N 3 2 2 4578.93
2009 N 3 2 3 2833.5
2009 N 3 2 4 1701.63
2009 N 3 2 5 1446.16
2009 N 3 2 6 1505.91
2009 N 3 2 7 1095.1
2009 N 3 2 8 1039.61
2009 N 3 2 9 589.525
2009 N 3 2 10 173.086
2009 N 3 2 11 0
2009 N 3 2 12 0
2009 N 3 2 13 0
2009 N 3 2 14 0
2009 N 3 2 15 0
2009 Biomass 3 2 1 327.692
2009 Biomass 3 2 2 1775.98
2009 Biomass 3 2 3 1470.38
2009 Biomass 3 2 4 1049.43
2009 Biomass 3 2 5 949.324
2009 Biomass 3 2 6 1052.03
2009 Biomass 3 2 7 778.922
2009 Biomass 3 2 8 657.801
2009 Biomass 3 2 9 440.863
2009 Biomass 3 2 10 117.997
2009 Biomass 3 2 11 0
2009 Biomass 3 2 12 0
2009 Biomass 3 2 13 0
2009 Biomass 3 2 14 0
2009 Biomass 3 2 15 0
2009 N_Kimura   3 2 1 1368.62
2009 N_Kimura   3 2 2 4544.95
2009 N_Kimura   3 2 3 2812.47
2009 N_Kimura   3 2 4 1689
2009 N_Kimura   3 2 5 1435.42
2009 N_Kimura   3 2 6 1494.74
2009 N_Kimura   3 2 7 1086.97
2009 N_Kimura   3 2 8 1031.89
2009 N_Kimura   3 2 9 585.15
2009 N_Kimura   3 2 10 171.801
2009 N_Kimura   3 2 11 0
2009 N_Kimura   3 2 12 0
2009 N_Kimura   3 2 13 0
2009 N_Kimura   3 2 14 0
2009 N_Kimura   3 2 15 0
2009 avg_wt_age 3 2 1 0.237656
2009 avg_wt_age 3 2 2 0.38786
2009 avg_wt_age 3 2 3 0.518928
2009 avg_wt_age 3 2 4 0.616722
2009 avg_wt_age 3 2 5 0.656446
2009 avg_wt_age 3 2 6 0.698602
2009 avg_wt_age 3 2 7 0.71128
2009 avg_wt_age 3 2 8 0.63274
2009 avg_wt_age 3 2 9 0.747828
2009 avg_wt_age 3 2 10 0.681724
2009 avg_wt_age 3 2 11 0
2009 avg_wt_age 3 2 12 0
2009 avg_wt_age 3 2 13 0
2009 avg_wt_age 3 2 14 0
2009 avg_wt_age 3 2 15 0
2009 p 3 1 1 0.0454456
2009 p 3 1 2 0.150795
2009 p 3 1 3 0.0462483
2009 p 3 1 4 0.0606461
2009 p 3 1 5 0.0472767
2009 p 3 1 6 0.0155186
2009 p 3 1 7 0.052859
2009 p 3 1 8 0.0363808
2009 p 3 1 9 0.0364532
2009 p 3 1 10 0.00696696
2009 p 3 1 11 0.00140963
2009 p 3 1 12 0
2009 p 3 1 13 0
2009 p 3 1 14 0
2009 p 3 1 15 0
2009 p 3 2 1 0.0421866
2009 p 3 2 2 0.140094
2009 p 3 2 3 0.0866921
2009 p 3 2 4 0.0520621
2009 p 3 2 5 0.0442458
2009 p 3 2 6 0.0460741
2009 p 3 2 7 0.0335051
2009 p 3 2 8 0.0318073
2009 p 3 2 9 0.0180368
2009 p 3 2 10 0.00529564
2009 p 3 2 11 0
2009 p 3 2 12 0
2009 p 3 2 13 0
2009 p 3 2 14 0
2009 p 3 2 15 0
2009 N  1 99 1 34.4704
2009 N  1 99 2 5224.27
2009 N  1 99 3 937.226
2009 N  1 99 4 4187.16
2009 N  1 99 5 2055.78
2009 N  1 99 6 2603.84
2009 N  1 99 7 6322.19
2009 N  1 99 8 3474.39
2009 N  1 99 9 4233.99
2009 N  1 99 10 705.881
2009 N  1 99 11 192.212
2009 N  1 99 12 0
2009 N  1 99 13 37.1577
2009 N  1 99 14 0
2009 N  1 99 15 0
2009 a  1 99 1 0.235328
2009 a  1 99 2 0.597637
2009 a  1 99 3 0.824255
2009 a  1 99 4 0.869479
2009 a  1 99 5 0.890976
2009 a  1 99 6 0.946478
2009 a  1 99 7 0.937919
2009 a  1 99 8 0.988849
2009 a  1 99 9 0.993212
2009 a  1 99 10 1.01993
2009 a  1 99 11 0.99345
2009 a  1 99 12 0
2009 a  1 99 13 2.58
2009 a  1 99 14 0
2009 a  1 99 15 0
2009 N  2 99 1 1892.17
2009 N  2 99 2 17323.1
2009 N  2 99 3 10713.8
2009 N  2 99 4 12093.4
2009 N  2 99 5 3655
2009 N  2 99 6 3875.65
2009 N  2 99 7 7179.59
2009 N  2 99 8 2563.87
2009 N  2 99 9 2888.83
2009 N  2 99 10 190.575
2009 N  2 99 11 0
2009 N  2 99 12 0
2009 N  2 99 13 0
2009 N  2 99 14 0
2009 N  2 99 15 0
2009 a  2 99 1 0.180968
2009 a  2 99 2 0.343178
2009 a  2 99 3 0.4526
2009 a  2 99 4 0.520108
2009 a  2 99 5 0.583701
2009 a  2 99 6 0.621585
2009 a  2 99 7 0.619865
2009 a  2 99 8 0.623421
2009 a  2 99 9 0.667857
2009 a  2 99 10 0.552403
2009 a  2 99 11 0
2009 a  2 99 12 0
2009 a  2 99 13 0
2009 a  2 99 14 0
2009 a  2 99 15 0
2009 N  3 99 1 2864.22
2009 N  3 99 2 9507.6
2009 N  3 99 3 4345.1
2009 N  3 99 4 3683.82
2009 N  3 99 5 2991.38
2009 N  3 99 6 2013.13
2009 N  3 99 7 2822.77
2009 N  3 99 8 2228.7
2009 N  3 99 9 1780.98
2009 N  3 99 10 400.798
2009 N  3 99 11 46.0732
2009 N  3 99 12 0
2009 N  3 99 13 0
2009 N  3 99 14 0
2009 N  3 99 15 0
2009 a  3 99 1 0.226391
2009 a  3 99 2 0.37806
2009 a  3 99 3 0.505516
2009 a  3 99 4 0.57515
2009 a  3 99 5 0.608389
2009 a  3 99 6 0.663286
2009 a  3 99 7 0.646322
2009 a  3 99 8 0.598959
2009 a  3 99 9 0.656185
2009 a  3 99 10 0.603242
2009 a  3 99 11 0.71
2009 a  3 99 12 0
2009 a  3 99 13 0
2009 a  3 99 14 0
2009 a  3 99 15 0
2009 N 99 1 1 2521.48
2009 N 99 1 2 15378.6
2009 N 99 1 3 7316.9
2009 N 99 1 4 10328.2
2009 N 99 1 5 4297.23
2009 N 99 1 6 2507.86
2009 N 99 1 7 8279.06
2009 N 99 1 8 4662.85
2009 N 99 1 9 6298.16
2009 N 99 1 10 869.532
2009 N 99 1 11 74.6847
2009 N 99 1 12 0
2009 N 99 1 13 0
2009 N 99 1 14 0
2009 N 99 1 15 0
2009 a 99 1 1 0.203029
2009 a 99 1 2 0.381438
2009 a 99 1 3 0.460835
2009 a 99 1 4 0.551778
2009 a 99 1 5 0.592646
2009 a 99 1 6 0.674829
2009 a 99 1 7 0.691627
2009 a 99 1 8 0.723952
2009 a 99 1 9 0.780744
2009 a 99 1 10 0.745405
2009 a 99 1 11 0.880265
2009 a 99 1 12 0
2009 a 99 1 13 0
2009 a 99 1 14 0
2009 a 99 1 15 0
2009 N 99 2 1 2269.39
2009 N 99 2 2 16676.3
2009 N 99 2 3 8679.23
2009 N 99 2 4 9636.19
2009 N 99 2 5 4404.93
2009 N 99 2 6 5984.77
2009 N 99 2 7 8045.5
2009 N 99 2 8 3604.11
2009 N 99 2 9 2605.65
2009 N 99 2 10 427.722
2009 N 99 2 11 163.6
2009 N 99 2 12 0
2009 N 99 2 13 37.1577
2009 N 99 2 14 0
2009 N 99 2 15 0
2009 a 99 2 1 0.21461
2009 a 99 2 2 0.407498
2009 a 99 2 3 0.512282
2009 a 99 2 4 0.659016
2009 a 99 2 5 0.735145
2009 a 99 2 6 0.754655
2009 a 99 2 7 0.805231
2009 a 99 2 8 0.830506
2009 a 99 2 9 0.915698
2009 a 99 2 10 0.979248
2009 a 99 2 11 0.965294
2009 a 99 2 12 0
2009 a 99 2 13 2.58
2009 a 99 2 14 0
2009 a 99 2 15 0
2009 N 99 99 1 4790.86
2009 N 99 99 2 32055
2009 N 99 99 3 15996.1
2009 N 99 99 4 19964.4
2009 N 99 99 5 8702.16
2009 N 99 99 6 8492.63
2009 N 99 99 7 16324.6
2009 N 99 99 8 8266.96
2009 N 99 99 9 8903.81
2009 N 99 99 10 1297.25
2009 N 99 99 11 238.285
2009 N 99 99 12 0
2009 N 99 99 13 37.1577
2009 N 99 99 14 0
2009 N 99 99 15 0
2009 a 99 99 1 0.208515
2009 a 99 99 2 0.394995
2009 a 99 99 3 0.48875
2009 a 99 99 4 0.603538
2009 a 99 99 5 0.664778
2009 a 99 99 6 0.731083
2009 a 99 99 7 0.747616
2009 a 99 99 8 0.770406
2009 a 99 99 9 0.820237
2009 a 99 99 10 0.822506
2009 a 99 99 11 0.938644
2009 a 99 99 12 0
2009 a 99 99 13 2.58
2009 a 99 99 14 0
2009 a 99 99 15 0
