1 1 1991 1  0 0 0 0 0 0 0 0 0 0 0 0 0.105014 0 0 0 0 0 1.5752 1.89024 0 5.35569 4.83062 7.87601 8.19105 8.61111 13.0217 17.2222 20.4776 19.9526 26.0434 23.523 28.6687 30.0339 35.0745 39.17 71.1992 81.7005 114.15 134.942 180.728 204.776 229.98 258.648 258.333 271.985 277.446 282.276 282.486 268.625 316.511 322.812 346.755 379.729 389.705 410.708 433.706 435.071 429.715 418.479 420.684 387.08 368.492 368.282 328.587 310.42 302.754 281.016 256.023 234.39 237.436 207.507 189.444 183.984 162.246 156.68 147.544 134.942 121.396 112.049 110.054 94.3021 77.395 75.7147 67.5237 57.2324 59.6477 43.6856 37.3848 36.1246 29.8238 25.3083 17.7473 15.227 12.8116 8.19105 7.35095 4.72561 2.62534 2.62534 1.26016 0.735095 0.105014 0 0 0 0 0 0 0 0 0
1 1 1991 2  0 0 0 0 0 0 0 0 0 0 0 0 0 0 0 0 0 0 0 0 0 0 7.81235 0 7.81235 0 7.81235 15.6247 31.2494 23.437 46.8741 31.2494 62.4988 46.8741 46.8741 54.6864 78.1235 39.0617 31.2494 0 23.437 7.81235 15.6247 7.81235 0 0 0 0 0 0 0 0 0 0 0 0 0 0 0 0 0 0 0 0 0 0 0 0 0 0 0 0 0 0 0 0 0 0 0 0 0 0 0 0 0 0 0 0 0 0 0 0 0 0 0 0 0 0 0 0 0 0 0 0 0 0 0 0 0 0 0 0
1 1 1991 3  0 0 0 0 0 0 0 0 0 0 0 0 0 0 0 0 0 0 0 0 0 0 0 0 0 0 0 0 0 0 0 0 0 0 0 0 0 0 0 0 4.99658 2.49829 4.99658 2.49829 0 2.49829 2.49829 14.9897 2.49829 7.49486 9.99315 2.49829 9.99315 7.49486 9.99315 7.49486 7.49486 12.4914 29.9795 7.49486 2.49829 4.99658 22.4846 17.488 9.99315 14.9897 9.99315 9.99315 12.4914 19.9863 7.49486 4.99658 2.49829 0 4.99658 2.49829 7.49486 2.49829 7.49486 0 4.99658 2.49829 0 2.49829 2.49829 0 0 2.49829 0 0 0 0 0 0 0 0 0 0 0 0 0 0 0 0 0 0 0 0 0 0 0 0
1 1 1991 4  0 0 0 0 0 0 0 0 0 0 0 0 0 0 0 0 0 0 0 0 0 0 0.136383 0 0.136383 0.136383 0.136383 0.272766 0.272766 0.818297 1.22745 2.18213 4.36425 3.54595 9.00127 9.27403 13.5019 12.1381 21.5485 25.64 35.3232 40.7785 40.3693 41.8695 46.0974 46.7793 49.2342 58.6446 54.0076 59.4629 67.3731 69.4189 76.238 86.4667 77.8746 84.2846 89.058 85.3757 79.5112 73.7831 78.6929 71.0555 64.3727 57.4172 47.734 49.3706 39.0055 37.2325 33.4138 26.3219 22.6396 21.4121 16.3659 14.3202 10.7742 10.5015 9.27403 8.18297 7.91021 5.72808 4.7734 5.45531 2.86404 3.81872 2.86404 3.00042 2.18213 2.59127 1.22745 0.681914 0.545531 0 0.545531 1.09106 1.09106 0.681914 0.95468 0.272766 0.818297 0 0.136383 0.818297 0.136383 0 0.272766 0 0 0 0 0 0 0
1 1 1991 5  0 0 0 0 0 0 0 0 0 0 0 0 0 0 0 0 0 0 0 0 0 0 0 0 0 0 0 0 0 0 0 0 0 0 0 0 0 0 0 0 0 0 0 0 0 0.678155 2.03446 0.678155 2.03446 3.39077 2.71262 0 6.10339 4.06893 6.10339 7.4597 9.49416 6.10339 7.4597 4.74708 6.78155 6.10339 3.39077 0.678155 2.03446 3.39077 2.71262 2.03446 0.678155 2.03446 0.678155 2.03446 0 0.678155 0 0 0 0.678155 0.678155 0 0 0 0 0 0 0 0 0 0 0 0 0 0 0 0 0 0 0 0 0 0 0 0 0 0 0 0 0 0 0 0 0
1 1 1991 6  0 0 0 0 0 0 0 0 0 0 0 0 0 0 0 0 0 0 0 0 0 0 0 0 0 0 0 0 0 0 0 0 0 0 0 0 0 0 0 0 0 0 0 0 0 0 0 0 0 0 0 0 0 0 0 0 0 0 0 0 0 0 0 0 0 0 0 0 0 0 0 0 0 0 0 0 0 0 0 0 0 0 0 0 0 0 0 0 0 0 0 0 0 0 0 0 0 0 0 0 0 0 0 0 0 0 0 0 0 0 0 0
1 1 1991 7  0 0 0 0 0 0 0 0 0 0 0 0 0 0 0 0 0 0 0 0 0 0 0.0551771 0 0.0551771 0 0.0551771 0.38624 0.165531 0.275886 0.717303 0.662126 1.26907 0.882834 2.70368 3.03474 5.68324 5.68324 11.9734 10.8699 15.4496 20.5259 21.8501 28.8576 29.4646 34.7064 38.3481 48.0593 58.2119 60.8052 79.0688 92.8631 105.664 128.839 131.432 147.157 153.999 161.007 156.482 145.557 133.087 126.245 116.479 103.236 83.6485 75.0961 64.8331 51.5906 44.3624 34.0995 29.3542 24.4435 16.7738 16.0014 11.7527 10.1526 8.71799 7.17303 5.35218 3.36581 3.47616 2.31744 2.6485 1.60014 1.71049 1.48978 1.10354 0.551771 0.606948 0.220709 0.441417 0.110354 0.0551771 0.165531 0.110354 0 0 0.0551771 0 0 0 0 0 0 0 0 0 0 0 0 0 0
1 1 1991 8  0 0 0 0 0 0 0 0 0 0 0 0 0 0 0 0 0 0 0 0 0 0 0 0 0 0 0 0 0 0 0 0 0 0 0 0 0 0 0 0 0 0 0 0 0 0 0 0 0 0 0 0 0 0 0 0 0 0 0 0 0 0 0 0 0 0 0 0 0 0 0 0 0 0 0 0 0 0 0 0 0 0 0 0 0 0 0 0 0 0 0 0 0 0 0 0 0 0 0 0 0 0 0 0 0 0 0 0 0 0 0 0
1 1 1991 9  0 0 0 0 0 0 0 0 0 0 0 0 0 0 0 0 0 0 0 0 0 0 0 0 0 0 0 0 0 0 0 0 0 0 0 0 0 0 0 0 0 0 0 0 0 0 0 0 0 0 0 0 0 0 0 0 0 0 0 0 0 0 0 0 0 0 0 0 0 0 0 0 0 0 0 0 0 0 0 0 0 0 0 0 0 0 0 0 0 0 0 0 0 0 0 0 0 0 0 0 0 0 0 0 0 0 0 0 0 0 0 0
1 1 1992 1  0 0 0 0 0 0 0 0 0 0 0 0 0.377638 0 0 0 0 0 1.51055 0.881155 0 3.6505 3.14698 8.30803 11.8326 18.2525 24.1688 32.9804 42.2954 54.1281 61.9326 70.4924 73.8911 78.2969 74.8981 70.3665 73.1358 84.8426 88.7448 99.1928 117.319 135.446 143.754 176.357 186.049 202.54 228.093 262.962 294.935 329.426 368.952 386.449 416.912 438.563 428.367 413.387 393.247 381.54 339.622 333.076 323.635 285.62 266.612 273.41 255.661 252.514 251.758 226.457 218.526 197.253 210.47 193.099 182.902 167.419 157.727 143.754 135.698 120.592 117.697 109.011 100.703 97.3046 84.0873 82.4509 70.2406 65.9607 60.0444 50.4776 47.8341 44.4354 35.1203 24.4206 22.0289 17.3713 18.8819 14.9796 9.31506 7.55275 6.92336 4.90929 2.76934 1.51055 0.881155 0 0 0 0 0 0 0 0 0
1 1 1992 2  0 0 0 0 0 0 0 0 0 0 0 0 0 0 0 0 0 0 0 0 0 0 0 0 0 0 0 0 0 0 0 0 0 0 0 0 0 0 0 0 0 0 0 0 0 0 0 0 0 0 0 0 0 0 0 0 0 0 0 0 0 0 0 0 0 0 0 0 0 0 0 0 0 0 0 0 0 0 0 0 0 0 0 0 0 0 0 0 0 0 0 0 0 0 0 0 0 0 0 0 0 0 0 0 0 0 0 0 0 0 0 0
1 1 1992 3  0 0 0 0 0 0 0 0 0 0 0 0 0 0 0 0 0 0 0.431749 1.07937 0 1.727 1.727 2.37462 2.37462 1.51112 1.07937 0.863498 0.647624 0.647624 3.45399 6.69211 11.4414 15.543 23.9621 30.8701 34.9717 25.6891 28.2796 31.0859 30.8701 31.3018 29.3589 30.6542 16.4065 18.997 28.2796 15.9747 31.9494 12.9525 15.7588 11.8731 9.06673 19.4287 14.4636 10.7937 12.9525 9.71436 10.1461 10.7937 7.98736 7.55561 7.55561 6.04449 4.10162 4.74924 7.55561 4.10162 4.53337 2.80637 4.31749 4.53337 1.727 3.02224 1.29525 1.94287 0 0.863498 0.647624 0.431749 0.215875 0 0.431749 0.215875 0.215875 0.215875 0.215875 0 0 0 0 0 0 0 0 0 0 0 0 0 0 0 0 0 0 0 0 0 0 0 0 0
1 1 1992 4  0 0 0 0 0 0 0 0 0 0 0 0 0 0 0 0 0 0 0.233885 0 0 0.233885 0.116942 0.584711 0.467769 0.701654 0.818596 0.935538 1.87108 1.63719 3.15744 3.15744 6.54877 8.77067 10.6417 11.8112 13.7992 16.138 21.1665 23.1546 25.4934 36.6029 39.4095 48.648 54.2612 60.9269 62.0963 76.0125 81.9765 100.336 110.16 121.035 130.975 136.939 124.076 139.512 126.298 113.434 118.463 106.651 103.26 96.7112 87.2389 86.7712 86.5373 81.9765 68.4112 59.6405 59.6405 56.1323 53.3257 44.4381 38.2401 39.5265 32.1591 30.6389 24.324 23.2715 22.4529 17.4244 17.5413 17.0736 11.4603 14.267 13.4484 11.3434 8.41984 8.53678 5.14546 6.54877 7.01654 2.10496 2.33885 2.92356 3.0405 1.87108 1.40331 1.40331 0.818596 0.350827 0.233885 0.116942 0.350827 0 0.233885 0 0 0 0 0 0 0
1 1 1992 5  0 0 0 0 0 0 0 0 0 0 0 0 0 0 0 0 0 0 0 0 0 0 0 0 0.552659 0 0 0 0 1.10532 2.21063 1.10532 0 3.31595 0.552659 0.552659 1.65798 1.10532 1.65798 0 1.65798 5.52659 5.52659 7.18456 4.42127 3.31595 5.52659 4.97393 2.76329 6.6319 6.6319 6.07925 6.07925 8.28988 7.73722 11.0532 12.7111 14.3691 7.73722 9.94786 9.94786 9.3952 6.07925 7.73722 4.97393 3.86861 5.52659 3.86861 3.86861 4.42127 3.86861 3.86861 3.31595 1.65798 3.31595 1.65798 2.76329 1.65798 0 1.10532 1.10532 1.10532 1.10532 0 0 0 0.552659 0 0 0 0 0 0 0 0 0 0 0 0 0 0 0 0 0 0 0 0 0 0 0 0 0
1 1 1992 6  0 0 0 0 0 0 0 0 0 0 0 0 0 0 0 0 0 0 0 0 0 0 0 0.187934 0 0.187934 0.187934 0 0 0 0.93967 0.375868 0.751736 0 0.751736 0.751736 1.50347 1.50347 2.81901 4.32248 5.26215 4.88629 6.76563 7.89323 10.5243 9.96051 11.464 15.7865 16.3503 24.8073 26.1228 33.0764 29.6936 47.3594 36.4592 45.4801 49.8025 49.4267 45.2921 39.2782 32.7005 31.0091 22.74 18.9813 17.8537 12.2157 10.5243 6.57769 3.57075 3.57075 3.57075 2.25521 2.44314 1.1276 1.31554 1.1276 0.93967 0.93967 0.93967 0 0.187934 0 0 0 0.187934 0 0.187934 0.187934 0 0 0 0 0 0 0 0.375868 0 0 0 0 0 0 0 0 0 0 0 0 0 0 0 0
1 1 1992 7  0 0 0 0 0 0 0 0 0 0 0 0 0 0 0 0 0 0 0 0 0 0 0 0.0826217 0.165243 0.0826217 0.578352 0.660973 0.660973 1.07408 0.826217 1.65243 2.23079 2.14816 4.04846 5.28779 5.86614 7.51857 10.1625 10.7408 15.5329 19.4161 21.8947 30.7353 35.2795 45.855 48.2511 66.6757 80.6388 97.2457 117.653 127.32 143.596 149.05 150.454 143.266 152.52 147.81 128.725 129.303 113.44 96.8326 92.5363 83.3653 72.6245 60.066 54.0346 44.3678 41.724 33.0487 29.9917 26.852 21.2338 16.607 16.607 14.7893 11.7323 9.74936 7.10547 5.78352 5.53565 3.63535 3.22225 3.55273 2.47865 2.47865 1.40457 1.1567 0.743595 0.49573 0.0826217 0.413108 0.330487 0 0 0.247865 0.0826217 0 0 0 0.0826217 0 0 0 0 0 0 0 0 0 0 0
1 1 1992 8  0 0 0 0 0 0 0 0 0 0 0 0 0 0 0 0 0 0 0 0 0 0 0 0 0 0 0 0 0 0.00678793 0.0135759 0.0135759 0.0203638 0.0271517 0.00678793 0.0407276 0.0339397 0.0814552 0.0543034 0.0610914 0.0543034 0.0543034 0.115395 0.149334 0.0610914 0.115395 0.0814552 0.122183 0.16291 0.122183 0.135759 0.108607 0.135759 0.16291 0.135759 0.149334 0.169698 0.128971 0.149334 0.190062 0.190062 0.16291 0.156122 0.108607 0.101819 0.108607 0.101819 0.108607 0.0882431 0.0339397 0.0678793 0.0407276 0.0407276 0.0475155 0.00678793 0.0271517 0.0203638 0.0203638 0.00678793 0.00678793 0.00678793 0 0 0.00678793 0.00678793 0.00678793 0.00678793 0 0.00678793 0 0.00678793 0 0 0 0 0 0 0 0 0 0 0 0 0 0 0 0 0 0 0 0 0
1 1 1992 9  0 0 0 0 0 0 0 0 0 0 0 0 0 0 0 0 0 0 0 0 0 0 0 0 0 0 0 0.0237204 0 0 0 0.0474407 0.118602 0.166042 0.166042 0.237204 0.332085 0.498127 0.450687 0.474407 0.426966 0.711611 0.877653 0.853933 1.18602 1.01998 1.13858 1.99251 2.4432 3.10737 3.8427 4.34082 4.15106 5.66916 6.28589 6.54682 7.42447 5.69288 8.06492 6.26217 6.7603 5.40824 4.53059 5.07616 4.38826 3.62921 3.60549 3.32085 3.36829 2.37204 2.18227 1.73159 1.13858 1.0437 1.06742 0.68789 0.616729 0.545568 0.521848 0.474407 0.237204 0.426966 0.118602 0.142322 0.0948814 0.0711611 0.118602 0.0237204 0.0948814 0.0711611 0.0237204 0.0237204 0 0 0 0 0 0 0 0 0 0 0 0 0 0 0 0 0 0 0 0
1 1 1993 1  0 0 0 0 0 0 0 0 0 0 0 0 0 0 0 0 0 0 0 0.36051 0 1.32187 3.00425 6.12867 8.65224 13.5792 22.3516 23.6735 29.8022 37.3729 36.2914 45.0638 43.5016 42.0595 47.4672 54.0765 68.9776 84.119 108.874 140.479 168.839 181.937 209.577 212.581 223.276 213.302 216.667 219.551 223.036 222.915 245.507 264.014 287.447 313.884 324.099 335.515 342.485 333.111 326.142 288.889 269.181 266.056 217.748 205.491 181.817 164.993 161.268 128.582 114.282 106.831 111.398 104.428 86.2821 83.6384 81.235 70.0591 65.8532 53.8362 61.4069 46.9865 46.1453 42.7805 34.9695 25.9567 25.9567 22.2315 24.5147 20.4289 18.8667 18.1457 14.3002 12.9784 12.3775 8.65224 9.25309 6.84969 5.28748 3.24459 3.48493 1.68238 2.04289 0.84119 0.36051 0 0.36051 0 0 0 0 0 0 0
1 1 1993 2  0 0 0 0 0 0 0 0 0 0 0 0 0 0 0 0 0 0 0 0 0 0 0 0 0 0 0 0 0 0 0 0 0 0 0 0 0 0 0 110.225 0 220.451 0 110.225 110.225 0 0 220.451 0 0 0 110.225 0 0 0 110.225 110.225 0 0 0 0 0 0 0 0 0 0 0 0 0 0 0 0 0 0 0 0 0 0 0 0 0 0 0 0 0 0 0 0 0 0 0 0 0 0 0 0 0 0 0 0 0 0 0 0 0 0 0 0 0 0 0
1 1 1993 3  0 0 0 0 0 0 0 0 0 0 0 0 0 0 0 0 0 0 0 0 0 0 0 0 0 0 0 0 0 0 0 0 0 0 0 0 0 0 0 0 0 0 0 0 0 0 0 0 0 0 0 0 0 0 0 0 0 0 0 0 0 0 0 0 0 0 0 0 0 0 0 0 0 0 0 0 0 0 0 0 0 0 0 0 0 0 0 0 0 0 0 0 0 0 0 0 0 0 0 0 0 0 0 0 0 0 0 0 0 0 0 0
1 1 1993 4  0 0 0 0 0 0 0 0 0 0 0 0 0.326535 0 0 0 0 0 0.65307 0.163268 0 0 0.489803 0.326535 0.489803 0 0.816338 0.163268 0.979605 1.79594 1.95921 2.28575 2.93882 4.24496 3.59189 4.40822 6.69397 7.83684 9.46952 15.0206 18.939 20.5717 25.1432 27.5922 39.1842 36.7352 46.6945 44.0822 48.817 51.1027 59.9192 61.5518 68.0825 73.6336 67.5927 70.205 70.6948 71.5112 67.2662 61.2253 58.2865 42.6128 43.7557 42.4496 37.7148 35.9189 36.8985 34.776 30.531 33.4698 35.1025 31.0208 30.6943 32.4902 30.531 29.0616 28.7351 30.0412 31.6739 26.2861 23.6738 18.286 15.3471 13.0614 12.2451 8.97971 6.20417 6.0409 6.20417 5.06129 3.42862 4.57149 1.46941 1.95921 1.95921 2.44901 1.30614 1.14287 1.46941 0.65307 0.979605 0.816338 0.163268 0 0.816338 0 0 0 0 0 0 0
1 1 1993 5  0 0 0 0 0 0 0 0 0 0 0 0 0 0 0 0 0 0 0 0 0 0 0 0 0 0 0 0 0 0 0 0 0 0 0 0 0 0 0 0 0 0 0 0 0 0 0 0 0 0 0 0 0 0 0 0 0 0 0 0 0 0 0 0 0 0 0 0 0 0 0 0 0 0 0 0 0 0 0 0 0 0 0 0 0 0 0 0 0 0 0 0 0 0 0 0 0 0 0 0 0 0 0 0 0 0 0 0 0 0 0 0
1 1 1993 6  0 0 0 0 0 0 0 0 0 0 0 0 0 0 0 0 0 0 0 0 0 0 0 0 0 0 0 0 0 0 0 0 0 0 0 0 0 0 0 0 0 0 0 0 0 0 0 0 0 0 0 0 0 0 0 0 0 0 0 0 0 0 0 0 0 0 0 0 0 0 0 0 0 0 0 0 0 0 0 0 0 0 0 0 0 0 0 0 0 0 0 0 0 0 0 0 0 0 0 0 0 0 0 0 0 0 0 0 0 0 0 0
1 1 1993 7  0 0 0 0 0 0 0 0 0 0 0 0 0 0 0 0 0 0 0 0 0 0 0 0 0 0 0 0 0 0 0.361235 0.361235 0.842882 1.20412 2.40824 2.52865 3.01029 4.81647 5.41853 11.3187 12.8841 17.5801 20.47 31.0662 32.752 43.2278 47.4422 50.9342 63.457 73.3308 87.4189 106.805 116.077 118.846 144.494 150.515 156.656 157.739 167.613 154.488 146.541 122.459 114.632 99.8213 83.6862 71.2838 54.4261 48.6463 38.7726 36.7256 25.6477 23.6007 18.3026 13.1249 12.0412 7.58594 6.98388 6.50223 4.57565 4.81647 3.61235 3.37153 2.88988 1.08371 1.68576 1.08371 0.602059 1.20412 0.722471 0.722471 0.120412 0.361235 0.120412 0.361235 0 0 0.120412 0.120412 0 0 0 0 0 0 0 0 0 0 0 0 0 0
1 1 1993 8  0 0 0 0 0 0 0 0 0 0 0 0 0 0 0 0 0 0 0 0 0 0 0 0 0 0 0 0 0 0 0 0 0 0 0 0 0 0 0 0 0 0 0 0 0 0 0 0 0 0 0 0 0 0 0 0 0 0 0 0 0 0 0 0 0 0 0 0 0 0 0 0 0 0 0 0 0 0 0 0 0 0 0 0 0 0 0 0 0 0 0 0 0 0 0 0 0 0 0 0 0 0 0 0 0 0 0 0 0 0 0 0
1 1 1993 9  0 0 0 0 0 0 0 0 0 0 0 0 0 0 0 0 0 0 0 0 0 0 0 0 0 0 0 0 0 0 0 0 0 0 0 0 0 0 0 0 0 0 0 0 0 0 0 0 0 0 0 0 0 0 0 0 0 0 0 0 0 0 0 0 0 0 0 0 0 0 0 0 0 0 0 0 0 0 0 0 0 0 0 0 0 0 0 0 0 0 0 0 0 0 0 0 0 0 0 0 0 0 0 0 0 0 0 0 0 0 0 0
1 1 1994 1  0 0 0 0 0 0 0 0 0 0 0 0 0 0 0 0 0 0 0.421997 0 0 1.47699 3.79797 3.16498 5.27497 5.06397 8.43994 10.9719 14.9809 14.7699 16.0359 15.1919 14.1369 20.8889 16.0359 22.5769 28.0628 34.6038 49.7957 62.2446 78.7025 83.1335 107.398 130.397 146.855 161.203 180.826 197.284 231.043 256.574 281.894 297.297 331.479 336.332 356.377 372.624 350.891 326.204 315.654 296.031 288.224 248.556 225.136 206.779 172.808 154.24 145.378 123.012 101.912 92.6284 86.2984 76.5925 62.6666 59.5016 57.8136 48.3187 42.4107 44.9427 37.3468 33.5488 33.3378 25.5308 23.4208 18.1459 17.3019 13.5039 12.6599 10.3389 11.8159 6.96295 4.85297 5.69696 6.11896 3.58698 3.79797 4.21997 3.58698 1.47699 1.89899 2.74298 0.843994 0.210999 1.05499 0 0.421997 0 0 0 0 0 0 0
1 1 1994 2  0 0 0 0 0 0 0 0 0 0 0 0 0 0 0 0 0 0 0 0 0 0 0 0 0 0 0 0 0 0 0 48.9162 19.5665 0 9.78325 0 0 9.78325 29.3497 48.9162 9.78325 39.133 29.3497 9.78325 29.3497 48.9162 19.5665 68.4827 29.3497 39.133 19.5665 29.3497 0 9.78325 9.78325 19.5665 0 0 0 0 19.5665 9.78325 0 0 0 0 0 0 0 9.78325 0 9.78325 0 0 0 0 0 0 0 0 0 0 0 0 0 0 0 0 0 0 0 0 0 0 0 0 0 0 0 0 0 0 0 0 0 0 0 0 0 0 0 0
1 1 1994 3  0 0 0 0 0 0 0 0 0 0 0 0 0 0 0 0 0 0 0 0 0 0 0 0 0 4.24002 0 0 0 0 0 0 0 0 4.24002 0 0 0 4.24002 4.24002 8.48003 0 4.24002 8.48003 4.24002 4.24002 0 16.9601 4.24002 0 4.24002 4.24002 12.72 0 12.72 16.9601 8.48003 8.48003 16.9601 4.24002 0 8.48003 12.72 4.24002 16.9601 0 8.48003 4.24002 0 8.48003 0 0 8.48003 0 0 4.24002 0 0 0 0 8.48003 0 0 0 0 0 0 0 0 0 0 0 0 0 0 0 0 0 0 0 0 0 0 0 0 0 0 0 0 0 0 0
1 1 1994 4  0 0 0 0 0 0 0 0 0 0 0 0 0 0 0 0 0 0 0 0 0 0 0 0 0 0 0 0 0 0.213986 0.427973 0.213986 0.213986 0.641959 2.99581 0.855945 2.99581 3.63777 6.2056 8.55945 16.6909 18.4028 21.1846 24.6084 34.2378 35.3077 36.3777 43.2252 55.6365 61.2001 67.1917 72.5414 89.0183 92.0141 88.3764 84.7386 81.3148 80.2449 81.9568 72.5414 63.9819 57.9903 55.6365 50.9288 38.0896 45.5791 32.5259 29.3161 26.3203 21.8266 18.6168 12.6252 14.979 11.9832 10.9133 10.2713 7.27554 10.6993 10.4853 8.13148 3.63777 7.27554 4.7077 3.85175 2.56784 3.42378 3.85175 2.56784 1.71189 3.2098 1.92588 1.4979 1.4979 1.71189 0.641959 0.427973 0.855945 0.427973 0 0.641959 0.641959 0.427973 0.213986 0 0 0 0 0 0 0 0 0
1 1 1994 5  0 0 0 0 0 0 0 0 0 0 0 0 0 0 0 0 0 0 0 0 0 0 0 0 0 0 0 0 0 0 0 0 0 0 0 0 0 0 0 0 0 0 0 0 0 0 0 0 0 0 0 0 0 0 0 0 0 0 0 0 0 0 0 0 0 0 0 0 0 0 0 0 0 0 0 0 0 0 0 0 0 0 0 0 0 0 0 0 0 0 0 0 0 0 0 0 0 0 0 0 0 0 0 0 0 0 0 0 0 0 0 0
1 1 1994 6  0 0 0 0 0 0 0 0 0 0 0 0 0 0 0 0 0 0 0 0 0 0 0 0 0 0 0 0 0 0 0 0 1.79025 0 1.79025 1.79025 1.79025 0 3.58049 1.79025 5.37074 3.58049 1.79025 3.58049 7.16099 5.37074 3.58049 5.37074 3.58049 1.79025 3.58049 1.79025 1.79025 0 3.58049 0 0 1.79025 0 0 0 1.79025 0 0 0 0 0 0 0 0 0 0 0 0 0 0 0 0 0 0 0 0 0 0 0 0 0 0 0 0 0 0 0 0 0 0 0 0 0 0 0 0 0 0 0 0 0 0 0 0 0 0
1 1 1994 7  0 0 0 0 0 0 0 0 0 0 0 0 0 0 0 0 0 0 0 0 0 0 0 0 0 0 0 0 0 0 0.32601 0 0.163005 0.978029 1.79305 1.46704 1.30404 2.28207 5.37916 8.80226 13.8554 17.4415 24.4507 27.8738 37.0021 38.1431 43.8483 53.4656 67.647 82.1545 96.6619 111.006 117.038 129.915 131.219 133.338 133.501 142.629 127.959 127.307 116.059 108.072 91.6087 87.0446 77.1013 61.6158 52.9766 44.6633 34.394 28.6889 26.5698 14.3444 16.9525 12.8774 11.4103 6.6832 5.21616 6.03118 4.40113 5.37916 3.58611 2.77108 2.44507 1.79305 1.63005 0.815024 0.978029 1.14103 0.978029 0.65202 0 0.815024 0.163005 0.815024 0 0.163005 0 0 0 0 0 0 0 0 0 0 0 0 0 0 0 0
1 1 1994 8  0 0 0 0 0 0 0 0 0 0 0 0 0 0 0 0 0 0 0 0 0 0 0 0 0 0 0 0 0 0 0 0 0 0 0 0 0 0 0 0 0 0 0 0 0 0 0 0 0 0 0 0 0 0 0 0 0 0 0 0 0 0 0 0 0 0 0 0 0 0 0 0 0 0 0 0 0 0 0 0 0 0 0 0 0 0 0 0 0 0 0 0 0 0 0 0 0 0 0 0 0 0 0 0 0 0 0 0 0 0 0 0
1 1 1994 9  0 0 0 0 0 0 0 0 0 0 0 0 0 0 0 0 0 0 0 0 0 0 0 0 0 0 0 0 0 0 0 0 0 0 0.153417 0.46025 0.46025 0.9205 1.07392 2.14783 4.14225 3.52858 4.44908 7.364 8.59133 6.75033 9.205 9.51183 6.90375 9.51183 7.05717 10.8926 6.59692 5.21617 5.21617 4.44908 5.523 4.90933 2.45467 2.91492 3.22175 2.30125 1.53417 3.22175 1.53417 2.14783 1.99442 1.68758 0.9205 1.07392 0.306833 0.613667 0.613667 1.22733 0.613667 0 0.306833 0 0 0 0.306833 0 0.46025 0.153417 0.306833 0 0.153417 0 0 0.153417 0 0.153417 0 0 0.153417 0 0 0 0 0 0 0 0 0 0 0 0 0 0 0 0 0
1 1 1995 1  0 0 0 0 0 0 0 0 0 0 0 0 0 0 0 0 0 0 0 0.146261 0 0.146261 0.877563 0.292521 1.90139 2.77895 5.26538 4.8266 5.70416 8.92189 12.7247 16.0887 17.8438 27.2045 18.7214 22.0853 32.7624 36.7114 57.0416 67.4261 91.2666 106.624 139.971 145.383 176.244 191.748 206.812 214.564 237.235 261.221 279.065 317.97 309.487 348.393 381.886 399.291 416.989 435.271 452.823 450.483 420.499 414.941 336.399 305.246 274.677 253.323 213.102 185.605 161.618 146.992 126.223 120.226 106.478 84.3923 74.1541 71.0826 57.1879 50.1674 45.487 38.9053 35.5413 31.0072 30.5685 24.718 18.7214 19.4527 19.3064 11.9934 11.2621 10.8233 10.2382 7.45929 6.2892 5.85042 5.26538 5.41164 3.65651 3.21773 3.94903 1.60887 1.46261 1.90139 1.31634 0 1.02382 0 0 0 0 0 0 0
1 1 1995 2  0 0 0 0 0 0 0 0 0 0 0 0 0 0 0 0 0 0 0 2.52132 0 0 0 0 0 0 0 0 2.52132 0 0 2.52132 0 10.0853 2.52132 10.0853 10.0853 20.1705 7.56395 20.1705 7.56395 7.56395 12.6066 7.56395 7.56395 2.52132 2.52132 17.6492 7.56395 10.0853 12.6066 7.56395 10.0853 7.56395 7.56395 15.1279 20.1705 5.04263 10.0853 7.56395 5.04263 7.56395 0 0 5.04263 2.52132 0 0 0 5.04263 2.52132 0 0 0 0 0 0 0 0 0 0 0 0 0 0 0 0 0 0 0 0 0 0 0 0 0 0 0 0 0 0 0 0 0 0 0 0 0 0 0 0 0
1 1 1995 3  0 0 0 0 0 0 0 0 0 0 0 0 0 0 0 0 0 0 0.680252 0.272101 0 0.13605 0.544202 1.3605 0.408151 1.63261 0.680252 1.0884 1.0884 0.544202 0.816303 1.0884 0.272101 0.544202 0.13605 0.544202 1.63261 2.04076 4.08151 4.76177 6.66647 6.66647 10.4759 11.9724 12.5166 11.2922 15.1016 14.8295 14.5574 21.3599 26.6659 31.8358 38.6383 42.7198 41.7675 40.407 46.3932 43.9443 43.5361 35.101 33.7405 37.686 34.1487 29.2509 21.632 15.1016 15.1016 10.2038 7.61883 6.25832 3.40126 4.89782 2.58496 2.04076 1.0884 0.952353 0.544202 0.272101 0.408151 0 0.408151 0.272101 0 0 0.13605 0.272101 0.13605 0 0 0 0 0 0 0 0 0 0 0 0 0 0 0 0 0 0 0 0 0 0 0 0 0
1 1 1995 4  0 0 0 0 0 0 0 0 0 0 0 0 0.091972 0 0 0 0 0 0 0.091972 0 0.091972 0 0.091972 0 0.091972 0.183944 0.45986 0.551832 1.28761 2.39127 1.93141 4.96649 4.41465 5.15043 6.80592 7.35776 9.28917 10.2089 16.279 19.1302 23.6368 25.8441 29.523 35.6851 32.2822 37.2486 44.5144 46.5378 50.1247 58.2182 70.3585 73.3936 88.477 98.9618 99.5137 119.104 110.366 120.759 119.38 113.769 101.813 93.7194 91.788 88.0172 75.7849 68.979 57.6664 56.5628 48.2853 49.205 42.491 33.8457 30.0748 31.5464 24.7405 20.1419 19.8659 17.5666 15.0834 12.6002 10.8527 9.74903 6.16212 7.35776 5.79423 4.96649 5.51832 4.13874 2.75916 2.2993 2.57521 2.48324 2.11535 1.47155 2.02338 1.37958 1.28761 0.643804 0.275916 0.735776 0.367888 0.551832 0 0.091972 0 0 0 0 0 0 0
1 1 1995 5  0 0 0 0 0 0 0 0 0 0 0 0 0 0 0 0 0 0 0 0 0 0 0 0 0 0 0 0 0 0 0 0 0 0 0 0 0 0 0 0 0 0 0 0 0 0 0 0 0 0 0 0 0 0 0 0 0 0 0 0 0 0 0 0 0 0 0 0 0 0 0 0 0 0 0 0 0 0 0 0 0 0 0 0 0 0 0 0 0 0 0 0 0 0 0 0 0 0 0 0 0 0 0 0 0 0 0 0 0 0 0 0
1 1 1995 6  0 0 0 0 0 0 0 0 0 0 0 0 0 0 0 0 0 0 0 0 0 0 0 0 0 0 0 0 0 0 0 0 0 0 0 0 0 0.20224 0 0 0 0 0 0.606721 0.20224 0.606721 0.20224 0.606721 0.40448 0.40448 0.40448 0.606721 0.606721 0.40448 1.61792 1.41568 0.808961 0.606721 1.61792 0.606721 0.808961 2.22464 1.61792 2.0224 0.606721 1.0112 0.808961 1.0112 1.0112 1.41568 1.41568 1.21344 1.0112 1.41568 1.41568 0.808961 1.41568 0.20224 0.808961 1.0112 0.808961 0.606721 0.40448 0.20224 0.808961 0.808961 1.21344 0 0.40448 0.40448 0.20224 0 0.40448 0.20224 0 0 0 0 0 0 0 0 0 0 0 0 0 0 0 0 0 0
1 1 1995 7  0 0 0 0 0 0 0 0 0 0 0 0 0 0 0 0 0 0 0 0 0 0 0.156504 0.156504 0.0782522 0.0782522 0 0.234757 0.0782522 0.156504 0.234757 0.156504 0.860775 0.70427 0.860775 1.7998 3.83436 4.92989 8.8425 14.4767 20.2673 26.997 32.0052 36.9351 45.7776 53.9158 62.367 66.1231 78.8 89.8336 100.241 121.134 133.89 160.261 185.693 202.752 218.324 224.662 227.01 230.218 209.481 197.352 168.79 153.061 133.342 113.466 102.589 88.0338 78.174 67.1404 60.0977 49.6119 39.8304 37.3263 30.9879 26.058 24.3364 17.5285 16.5895 14.7897 12.2856 9.70328 6.72969 6.18193 6.26018 4.69513 3.4431 3.05184 3.75611 2.34757 1.87805 1.72155 1.40854 0.547766 0.626018 0.391261 0.626018 0.547766 0.0782522 0.0782522 0.156504 0.0782522 0.313009 0 0 0 0 0 0 0 0 0
1 1 1995 8  0 0 0 0 0 0 0 0 0 0 0 0 0 0 0 0 0 0 0 0 0 0 0 0 0 0 0 0 0 0 0 0 0 0 0 0 0 0 0 0 0 0 0 0 0 0 0 0 0 0 0 0 0 0 0 0 0 0 0 0 0 0 0 0 0 0 0 0 0 0 0 0 0 0 0 0 0 0 0 0 0 0 0 0 0 0 0 0 0 0 0 0 0 0 0 0 0 0 0 0 0 0 0 0 0 0 0 0 0 0 0 0
1 1 1995 9  0 0 0 0 0 0 0 0 0 0 0 0 0 0 0 0 0 0 0 0 0 0 0 0 0 0 0 0 0 0 0 0 0 0 0 0 0.286286 0.143143 0.286286 0.143143 0.286286 1.14514 0.858858 1.28829 1.86086 2.14715 1.86086 3.43543 5.86887 8.58858 8.87487 12.7397 11.5946 10.5926 12.4534 9.01801 8.15915 8.87487 9.73373 7.15715 5.29629 6.87087 4.86686 3.006 2.86286 4.15115 2.71972 1.71772 1.43143 2.43343 2.29029 1.71772 1.86086 1.002 1.002 0.286286 0.715715 0.715715 0.572572 1.002 0.715715 0.286286 0.286286 0.429429 0 0.143143 0.143143 0.143143 0.286286 0 0 0.286286 0 0 0 0 0 0 0 0 0 0 0 0 0 0 0 0 0 0 0 0
1 1 1996 1  0 0 0 0 0 0 0 0 0 0 0 0 0.216555 0 0 0 0 0 3.03176 3.46487 0 5.19731 5.84697 9.31184 10.8277 12.9933 20.5727 22.5217 25.1203 29.4514 37.4639 33.1328 35.5149 37.4639 34.6487 29.4514 27.0693 25.1203 24.4707 21.872 29.4514 39.846 52.6227 70.5968 95.9336 123.653 137.079 163.715 193.6 218.287 245.14 288.884 318.985 353.417 378.97 410.587 462.127 428.561 423.364 418.383 409.288 388.066 351.685 337.392 304.043 250.77 244.923 217.854 202.045 175.626 151.155 141.194 132.531 113.691 105.895 96.1502 88.5708 74.9279 71.6795 59.3359 58.6863 48.0751 46.1261 42.0116 33.9991 29.8845 26.6362 18.4071 16.4581 16.8913 11.2608 9.09529 7.57941 6.71319 5.63042 5.41386 4.33109 3.24832 2.3821 2.3821 1.08277 0.866218 0.866218 0 0.216555 0 0 0 0 0 0 0
1 1 1996 2  0 0 0 0 0 0 0 0 0 0 0 0 0 0 0 0 0 0 0 0 0 0 0 0 0 0 0 0 0 0 0 0 0 0 0 0 0 0 0 0 0 0 0 0 0 0 0 0 0 0 0 0 0 0 0 0 0 0 0 0 0 0 0 0 0 0 0 0 0 0 0 0 0 0 0 0 0 0 0 0 0 0 0 0 0 0 0 0 0 0 0 0 0 0 0 0 0 0 0 0 0 0 0 0 0 0 0 0 0 0 0 0
1 1 1996 3  0 0 0 0 0 0 0 0 0 0 0 0 0 0 0 0 0 0 0 0 0 0 0 0 0 0 0 0 0 0 0 0 0 0 0 0 0 0 0 0 0 0 0 0 0 0 0 0 0 0 0 0 0 0 0 0 0 0 0 0 0 0 0 0 0 0 0 0 0 0 0 0 0 0 0 0 0 0 0 0 0 0 0 0 0 0 0 0 0 0 0 0 0 0 0 0 0 0 0 0 0 0 0 0 0 0 0 0 0 0 0 0
1 1 1996 4  0 0 0 0 0 0 0 0 0 0 0 0 0 0 0 0 0 0 0 0.166912 0 0 0 0.667646 0.834558 1.33529 1.16838 1.5022 2.50367 2.8375 2.50367 4.00588 2.67059 2.67059 4.67353 6.17573 7.51102 6.00882 9.01323 9.01323 10.5154 10.6823 14.3544 15.8566 19.6956 22.5331 29.0426 29.3764 40.2257 48.9051 62.0911 71.2713 79.9507 92.3021 103.485 117.84 130.024 131.526 128.355 133.696 134.197 140.873 118.507 106.657 94.9727 81.4529 79.1161 66.5977 51.075 44.0647 37.0544 27.7073 19.6956 20.3632 15.189 15.6897 11.5169 10.0147 6.84338 7.67793 8.6794 5.84191 4.17279 3.00441 3.00441 2.50367 2.67059 2.00294 2.00294 0.834558 0.667646 1.00147 0.834558 0.667646 1.00147 0.834558 0.166912 0.667646 0 0 0 0 0 0 0 0 0 0 0 0 0 0
1 1 1996 5  0 0 0 0 0 0 0 0 0 0 0 0 0 0 0 0 0 0 0 0 0 0 0 0 0 0 0 0 0 0 0 0 0 0 0 0 0 0 0 0 0 0 0 0 0 0 0 0 0 0 0 0 0 0 0 0 0 0 0 0 0 0 0 0 0 0 0 0 0 0 0 0 0 0 0 0 0 0 0 0 0 0 0 0 0 0 0 0 0 0 0 0 0 0 0 0 0 0 0 0 0 0 0 0 0 0 0 0 0 0 0 0
1 1 1996 6  0 0 0 0 0 0 0 0 0 0 0 0 0 0 0 0 0 0 0 0 0 0 0 0 0 0 0 0 0 0 0 0 0 0 0 0 0 0 0 0 0 0 0 0 0 0 0 0 0 1.85593 3.71185 0 0 0 1.85593 1.85593 3.71185 1.85593 1.85593 5.56778 1.85593 5.56778 1.85593 0 0 0 0 0 0 0 0 0 0 0 0 0 0 0 0 0 0 0 0 0 0 0 0 0 0 0 0 0 0 0 0 0 0 0 0 0 0 0 0 0 0 0 0 0 0 0 0 0
1 1 1996 7  0 0 0 0 0 0 0 0 0 0 0 0 0 0 0 0 0 0 0 0 0 0.0853169 0.0853169 0.0853169 0 0.0853169 0.255951 0 0.255951 0.426584 0.170634 0.0853169 0.341267 0.767852 0.938485 0.597218 1.62102 2.21824 2.13292 4.52179 6.39876 9.81144 12.2003 15.4424 21.4145 29.5196 39.7577 48.5453 56.6504 67.2297 79.0034 95.8962 101.1 122.003 132.156 145.124 162.785 174.729 178.056 173.961 167.562 175.156 168.842 148.195 125.075 117.823 100.333 80.9657 64.4142 51.2754 44.7914 37.2835 28.1546 23.8887 20.9026 16.3808 15.357 9.1289 8.19042 6.5694 5.5456 5.46028 3.49799 3.24204 2.55951 1.62102 2.0476 1.19444 1.36507 0.938485 0.426584 0.511901 0.341267 0.170634 0.170634 0.255951 0.0853169 0 0.0853169 0.341267 0 0 0 0 0 0 0 0 0 0 0 0
1 1 1996 8  0 0 0 0 0 0 0 0 0 0 0 0 0 0 0 0 0 0 0 0 0 0 0 0 0 0 0 0 0 0 0 0 0 0 0 0 0 0.0189985 0.0759941 0.0189985 0.0189985 0.0569956 0.0949927 0.0189985 0.0949927 0.189985 0.227982 0.284978 0.227982 0.322975 0.797938 0.360972 0.493962 0.607953 0.51296 0.341974 0.246981 0.227982 0.227982 0.13299 0.151988 0.265979 0.0949927 0.0949927 0.0569956 0.13299 0.113991 0.151988 0.151988 0.0759941 0.0759941 0.113991 0.0759941 0.0569956 0.0569956 0.0569956 0.0569956 0.0379971 0.0189985 0.0569956 0.0189985 0 0.0759941 0.0379971 0.0379971 0.0189985 0.0189985 0 0 0 0 0 0 0 0 0.0189985 0 0 0 0 0 0 0 0 0 0 0 0 0 0 0 0
1 1 1996 9  0 0 0 0 0 0 0 0 0 0 0 0 0 0 0 0 0 0 0 0 0 0 0 0 0 0 0 0 0 0 0 0 0 0 0 0 0 0 0 0 0 0 0 0 0 0 0 0 0 0 0 0 0 0 0 0 0 0 0 0 0 0 0 0 0 0 0 0 0 0 0 0 0 0 0 0 0 0 0 0 0 0 0 0 0 0 0 0 0 0 0 0 0 0 0 0 0 0 0 0 0 0 0 0 0 0 0 0 0 0 0 0
1 1 1997 1  0 0 0 0 0 0 0 0 0 0 0 0 0.580186 0 0 0 0 0 0.193395 0.193395 0 1.74056 4.0613 6.38204 8.316 13.3443 19.7263 28.8159 32.1036 33.264 39.2592 36.9385 29.5895 27.2687 29.0093 29.0093 29.0093 38.6791 52.9903 71.1695 97.0844 112.556 158.197 169.414 197.843 227.046 226.659 223.952 207.513 219.697 221.824 215.249 239.423 268.819 279.65 314.074 349.272 370.932 393.559 396.074 413.092 408.838 364.744 338.055 330.899 296.862 264.371 233.041 195.329 189.914 152.782 147.561 127.061 113.716 102.693 101.919 87.0279 73.877 64.4006 57.4384 55.3111 51.8299 37.5187 29.7829 28.4291 21.2735 22.0471 17.9858 18.3726 11.4103 12.7641 9.08958 5.60846 5.80186 5.99525 2.90093 2.32074 1.74056 1.35377 0.966977 0.580186 0.386791 0.193395 0 0.773581 0 0 0 0 0 0 0
1 1 1997 2  0 0 0 0 0 0 0 0 0 0 0 0 0 0 0 0 0 0 0 0 0 0 0 0 0 0 0 0 0 0 0 0 0 0 0 0 0 0 0 1.57866 0 0 0 0 0 0 0 4.73598 1.57866 0 7.89331 1.57866 9.47197 7.89331 12.6293 12.6293 11.0506 15.7866 25.2586 17.3653 15.7866 22.1013 28.4159 26.8372 18.9439 26.8372 29.9946 20.5226 11.0506 9.47197 1.57866 3.15732 4.73598 1.57866 3.15732 0 1.57866 0 0 0 0 0 0 0 0 0 0 0 0 0 0 0 0 0 0 0 0 0 0 0 0 0 0 0 0 0 0 0 0 0 0 0
1 1 1997 3  0 0 0 0 0 0 0 0 0 0 0 0 0.213976 0 0 0 0 0 1.92578 2.56771 0 4.70747 2.35373 4.92144 8.77301 7.91711 9.84289 7.27518 7.0612 9.62891 6.41928 8.13108 13.6945 11.7687 20.7557 28.6728 36.8038 35.9479 46.6467 46.0048 52.2101 43.2231 46.8607 38.9436 41.7253 34.6641 43.4371 45.5769 54.7778 62.053 77.2453 74.2496 92.4376 102.066 84.3065 90.9397 70.612 75.7475 58.2014 48.3585 46.0048 38.3017 33.5942 35.306 33.3802 39.7995 40.8694 29.5287 27.3889 28.2448 22.2535 19.4718 13.2665 11.3407 8.55903 6.84723 5.99132 3.63759 2.78169 2.78169 4.27952 2.99566 1.06988 0.427952 0.213976 0.213976 0.213976 0 0 0 0.213976 0 0 0 0 0 0 0 0 0 0 0.213976 0 0 0 0 0 0 0 0 0 0
1 1 1997 4  0 0 0 0 0 0 0 0 0 0 0 0 0 0 0 0 0 0 0 0 0 0 0 0 0 0.665193 0.332597 0 0.332597 0.665193 0.665193 0.99779 1.99558 0.99779 1.99558 1.99558 4.98895 8.98011 11.6409 16.6298 25.9425 29.6011 36.5856 45.2331 52.2177 67.8497 62.8608 68.5149 72.5061 75.4994 82.1514 82.8166 86.1425 86.8077 91.1315 95.1226 97.7834 106.098 113.415 111.42 121.73 118.737 119.07 110.755 99.779 92.1293 85.8099 63.8586 60.2 49.8895 40.5768 35.9204 31.5967 23.6144 15.9646 18.6254 17.6276 6.65193 8.31492 8.64751 4.65635 5.98674 3.65856 4.32376 2.32818 2.32818 3.32597 1.66298 0.99779 0.332597 0.665193 0.665193 1.33039 0 0 0.332597 0 0 0 0 0.332597 0 0 0 0 0 0 0 0 0 0 0
1 1 1997 5  0 0 0 0 0 0 0 0 0 0 0 0 0 0 0 0 0 0 0 0 0 0 0 0 0 0 0 0 0 0 0 0 0 0 0 0 0 0 0 0 0 0 0 0 0 0 0 0 0 0 0 0 0 0 0 0 0 0 0 0 0 0 0 0 0 0 0 0 0 0 0 0 0 0 0 0 0 0 0 0 0 0 0 0 0 0 0 0 0 0 0 0 0 0 0 0 0 0 0 0 0 0 0 0 0 0 0 0 0 0 0 0
1 1 1997 6  0 0 0 0 0 0 0 0 0 0 0 0 0 0 0 0 0 0 0 0 0 0 0 0 0 0 1.07249 0 0 0 0 0 1.07249 1.07249 3.21746 3.21746 2.14497 4.28994 7.5074 11.7973 10.7249 4.28994 4.28994 4.28994 4.28994 1.07249 5.36243 4.28994 5.36243 5.36243 11.7973 7.5074 7.5074 15.0148 10.7249 3.21746 4.28994 5.36243 1.07249 1.07249 1.07249 0 1.07249 2.14497 2.14497 0 4.28994 1.07249 0 0 0 0 0 0 1.07249 0 0 0 0 0 0 0 0 0 0 0 0 0 0 0 0 0 0 0 0 0 0 0 0 0 0 0 0 0 0 0 0 0 0 0 0 0
1 1 1997 7  0 0 0 0 0 0 0 0 0 0 0 0 0.0968539 0 0 0 0 0 0.581123 0.193708 0 0.193708 0.677977 0.871685 1.54966 0.871685 1.74337 1.2591 1.35595 1.84022 2.32449 0.774831 1.35595 1.93708 2.13079 2.03393 2.90562 4.35842 6.87663 7.84516 10.0728 14.6249 18.4022 22.8575 27.9908 37.1919 43.1968 47.5553 55.7878 63.633 73.8995 84.5534 91.6238 103.634 113.997 121.552 126.491 125.716 124.748 131.043 125.426 120.68 111.091 99.4689 85.8125 76.8051 70.8002 54.1413 49.0081 37.1919 30.7995 24.4072 19.5645 14.3344 13.4627 9.00741 7.65146 6.2955 3.87416 3.87416 3.48674 4.26157 2.90562 1.64652 2.32449 1.45281 0.968539 1.45281 0.581123 0.774831 0.0968539 0.0968539 0.193708 0.290562 0.193708 0.193708 0.0968539 0 0 0.0968539 0.0968539 0 0 0 0 0 0 0 0 0 0 0
1 1 1997 8  0 0 0 0 0 0 0 0 0 0 0 0 0 0 0 0 0 0 0 0 0 0 0 0 0 0 0 0 0 0 0 0 0 0 0 0 0 0 0 0 0 0 0 0 0 0 0 0 0 0 0 0 0 0 0 0 0 0 0 0 0 0 0 0 0 0 0 0 0 0 0 0 0 0 0 0 0 0 0 0 0 0 0 0 0 0 0 0 0 0 0 0 0 0 0 0 0 0 0 0 0 0 0 0 0 0 0 0 0 0 0 0
1 1 1997 9  0 0 0 0 0 0 0 0 0 0 0 0 0 0 0 0 0 0 0 0 0 0 0 0 0 0 0 0 0 0 0 0 0 0.0190785 0.0190785 0 0.0381571 0.0190785 0.0190785 0.0763142 0.0763142 0.0572356 0.0763142 0.152628 0.248021 0.190785 0.209864 0.343414 0.343414 0.228943 0.343414 0.476964 0.553278 0.724985 0.953927 1.25918 1.31642 1.48813 1.48813 1.79338 1.52628 1.69799 1.64076 1.29734 1.03024 1.14471 0.820378 0.78222 0.877613 0.476964 0.362492 0.324335 0.228943 0.152628 0.0953927 0.209864 0.13355 0.0572356 0.13355 0.13355 0.0572356 0.171707 0.0381571 0.0381571 0.0572356 0 0.0190785 0.0381571 0 0.0190785 0.0190785 0 0 0 0 0.0190785 0 0 0 0 0 0 0 0 0 0 0 0 0 0 0 0
1 1 1998 1  0 0 0 0 0 0 0 0 0 0 0 0 0.171238 0 0 0 0 0 0 0.513714 0 1.88362 4.28095 4.10971 7.87694 15.9251 28.5967 34.9325 44.3506 55.8236 59.5908 58.0496 59.5908 51.0289 44.1794 51.5426 46.2342 53.255 65.2416 80.8243 111.818 126.202 144.525 152.915 172.608 179.115 195.554 186.649 191.101 207.883 220.041 247.61 289.563 332.373 344.702 374.155 370.73 366.963 356.004 341.448 341.791 334.941 288.022 283.056 251.72 236.651 222.438 195.554 173.122 150.518 129.627 110.106 94.5233 83.0504 73.4611 62.8443 59.9333 44.8643 44.0081 34.9325 31.1653 28.083 26.3706 19.3499 17.8087 15.7539 15.7539 11.8154 8.56189 8.90437 7.87694 5.82209 3.76723 3.93847 3.25352 2.91104 1.54114 0.513714 0.513714 1.02743 1.02743 0.342476 0.684952 0 0 0 0 0 0 0 0 0
1 1 1998 2  0 0 0 0 0 0 0 0 0 0 0 0 0 0 0 0 0 0 0 0.306142 0 0.306142 0 0 0 0 0 0 0.306142 0.306142 0 1.83685 2.143 4.89828 6.12285 3.97985 11.0211 9.79655 12.5518 13.4703 13.1641 13.4703 17.7563 17.144 21.7361 24.7975 31.8388 33.3695 38.8801 49.9012 46.8398 51.4319 50.2073 53.5749 55.1056 51.1258 48.9828 46.5336 45.0029 45.6152 34.2879 33.9818 26.9405 26.3282 20.5115 20.5115 10.4088 12.2457 11.0211 4.89828 6.73513 3.97985 5.20442 4.59213 3.06142 2.143 3.97985 1.53071 1.53071 0.612285 0.306142 0 0.306142 0 0.306142 0 0 0 0 0 0 0 0 0 0 0 0 0 0 0 0 0 0 0 0 0 0 0 0 0 0 0
1 1 1998 3  0 0 0 0 0 0 0 0 0 0 0 0 0.655818 0 0 0 0 0 5.24654 4.80933 0 7.4326 6.55818 10.4931 12.2419 13.1164 14.2094 15.3024 14.6466 17.2699 13.7722 8.96284 12.8978 12.4605 13.5536 21.8606 25.3583 30.6048 36.5072 36.9444 47.2189 44.377 46.7817 41.0979 44.8142 43.284 36.5072 34.977 32.1351 37.8188 40.2235 41.5351 41.5351 40.4421 40.4421 43.5026 38.4746 31.2606 30.8234 27.5443 26.2327 27.9816 19.6745 16.8327 16.3954 13.5536 9.40006 8.74424 8.74424 7.4326 6.12097 7.4326 6.33957 4.15351 2.18606 2.18606 3.27909 1.74885 0.874424 0.218606 0.655818 0.655818 0.218606 0 0.218606 0 0 0.218606 0 0 0 0 0 0.218606 0 0 0 0 0 0 0 0.218606 0 0 0 0 0 0 0 0 0 0
1 1 1998 4  0 0 0 0 0 0 0 0 0 0 0 0 0 0 0 0 0 0 0 0 0 0 0 0 0 0.434781 0 0.217391 0.217391 1.73913 1.73913 1.73913 3.47825 5.43477 4.78259 5.86955 7.39128 9.13041 16.5217 18.2608 25.2173 30.2173 39.1303 47.3912 52.3911 55.652 58.2607 57.3911 59.1303 69.9998 68.4781 70.652 82.3911 88.9128 97.6084 104.13 99.1301 95.6519 94.9997 94.9997 87.6084 86.7389 73.478 69.1302 72.6085 63.0433 69.3476 54.7824 47.8259 51.0868 44.9999 35.2173 33.2608 32.826 26.5217 22.6086 23.6956 22.6086 16.3043 11.5217 8.47824 5.86955 6.08694 3.69564 4.34781 2.3913 2.3913 3.47825 1.52173 0.869563 1.30434 0.652172 0.434781 0.434781 0 0.652172 0 0 0 0 0.217391 0 0 0 0 0 0 0 0 0 0 0
1 1 1998 5  0 0 0 0 0 0 0 0 0 0 0 0 0 0 0 0 0 0 0 0 0 0 0 0 0 0 0 0 0 0 0 0 0 0 0 0 0 0 0.22599 0.22599 0.451979 0.22599 1.12995 0.451979 1.12995 2.03391 2.2599 1.12995 0.22599 1.35594 0.903958 1.58193 3.38984 0.903958 2.03391 4.06781 2.48588 3.61583 2.71187 2.71187 3.84182 3.16385 3.16385 2.2599 1.80792 0.903958 1.58193 1.58193 1.12995 0.451979 1.12995 0 0 0.22599 0.903958 0 0 0 0.451979 0 0.22599 0.22599 0.22599 0 0 0 0 0 0 0 0 0 0 0 0 0 0 0 0 0 0 0 0 0 0 0 0 0 0 0 0 0
1 1 1998 6  0 0 0 0 0 0 0 0 0 0 0 0 0 0 0 0 0 0 0 0 0 0 0 0 0 0 0 0 0 0 0 0.862991 0 0 0 0 0 0 0 0 0 0 0.862991 0 1.72598 0 0 1.72598 2.58897 2.58897 2.58897 2.58897 2.58897 1.72598 3.45196 4.31496 6.04094 1.72598 6.04094 1.72598 6.04094 6.04094 2.58897 2.58897 3.45196 3.45196 1.72598 0 1.72598 1.72598 0 0 0 0 0 0 0 0 0 0 0 0 0 0 0 0 0 0 0 0 0 0 0 0 0 0 0 0 0 0 0 0 0 0 0 0 0 0 0 0 0 0
1 1 1998 7  0 0 0 0 0 0 0 0 0 0 0 0 0 0 0 0 0 0 0 0 0 0 0 0.161858 0 0 0.0809292 0.0809292 0.161858 0 0.242788 0.728363 0.242788 0.485575 0.647434 0.809292 1.9423 2.58974 4.53204 7.93106 10.1971 13.0296 16.9142 20.637 22.3365 26.302 27.6778 33.5856 39.7363 50.2571 61.5062 76.4781 93.2305 100.433 114.191 123.336 131.105 130.701 134.909 125.602 125.359 119.613 109.659 108.526 106.908 96.9532 91.45 80.2009 72.1889 61.5871 56.5695 42.2451 40.9502 31.5624 24.7643 18.4519 17.157 13.2724 12.8677 7.60735 6.15062 5.34133 3.80367 4.45111 4.04646 3.39903 2.34695 1.78044 1.29487 0.809292 0.890222 0.485575 0.566505 0.242788 0.161858 0.242788 0.242788 0 0.0809292 0.0809292 0.0809292 0.0809292 0 0 0 0 0 0 0 0 0 0
1 1 1998 8  0 0 0 0 0 0 0 0 0 0 0 0 0 0 0 0 0 0 0 0 0 0 0 0 0 0 0 0 0 0 0 0 0 0 0 0 0 0 0 0 0 0 0 0 0 0 0 0 0 0 0 0 0 0 0 0 0 0 0 0 0 0 0 0 0 0 0 0 0 0 0 0 0 0 0 0 0 0 0 0 0 0 0 0 0 0 0 0 0 0 0 0 0 0 0 0 0 0 0 0 0 0 0 0 0 0 0 0 0 0 0 0
1 1 1998 9  0 0 0 0 0 0 0 0 0 0 0 0 0 0 0 0 0 0 0 0 0 0 0 0 0 0 0 0 0 0 0 0 0 0 0 0 0 0 0 0 0 0 0 0 0 0 0 0 0 0 0 0 0 0 0 0 0 0 0 0 0 0 0 0 0 0 0 0 0 0 0 0 0 0 0 0 0 0 0 0 0 0 0 0 0 0 0 0 0 0 0 0 0 0 0 0 0 0 0 0 0 0 0 0 0 0 0 0 0 0 0 0
1 1 1999 1  0 0 0 0 0 0 0 0 0 0 0 0 0.682679 0 0 0 0 0 0 0.682679 0 4.09608 2.73072 7.50947 11.6055 17.067 24.5765 26.6245 43.6915 32.0859 40.2781 55.9797 38.23 55.9797 57.3451 48.4702 50.5183 50.5183 56.6624 77.1428 90.7963 103.085 130.392 161.795 192.516 195.929 229.38 229.38 279.898 262.832 303.11 288.091 328.369 322.225 347.484 321.542 358.407 334.513 351.58 315.398 294.917 309.254 258.735 229.38 232.794 197.977 175.449 156.334 116.738 88.0656 109.229 86.7003 81.2388 55.9797 47.1049 39.5954 36.182 37.5474 27.9898 22.5284 19.115 22.5284 7.50947 6.14411 6.14411 6.14411 3.4134 6.82679 7.50947 2.73072 1.36536 2.04804 1.36536 3.4134 1.36536 1.36536 0 1.36536 0 1.36536 0 0 0 0 0 0 0 0 0 0 0 0
1 1 1999 2  0 0 0 0 0 0 0 0 0 0 0 0 0 0 0 0 0 0 0 0 0 0 0 0 0 0 0 0 0 0 0 0 0 0 0 1.30597 0 1.30597 2.61193 1.30597 1.30597 3.9179 2.61193 2.61193 2.61193 3.9179 6.52983 13.0597 14.3656 19.5895 15.6716 19.5895 14.3656 26.1193 14.3656 7.83579 24.8133 26.1193 19.5895 18.2835 24.8133 14.3656 11.7537 16.9776 9.14176 6.52983 10.4477 2.61193 5.22386 7.83579 5.22386 2.61193 0 0 2.61193 2.61193 0 1.30597 1.30597 0 0 0 0 0 0 0 0 0 0 0 0 0 0 0 0 0 0 0 0 0 0 0 0 0 0 0 0 0 0 0 0 0
1 1 1999 3  0 0 0 0 0 0 0 0 0 0 0 0 0 0 0 0 0 0 0 0 0 0 2.4915 0 0 3.73725 0 4.983 1.24575 1.24575 0 2.4915 0 2.4915 3.73725 6.22875 1.24575 2.4915 6.22875 3.73725 4.983 8.72025 8.72025 7.4745 8.72025 7.4745 8.72025 11.2117 11.2117 24.915 23.6692 54.813 64.779 72.2535 80.9737 77.2365 103.397 79.728 72.2535 44.847 62.2875 58.5502 58.5502 46.0927 57.3045 52.3215 34.881 43.6012 22.4235 36.1267 17.4405 17.4405 18.6862 8.72025 13.7032 8.72025 11.2117 6.22875 2.4915 2.4915 1.24575 1.24575 1.24575 6.22875 2.4915 1.24575 1.24575 0 0 1.24575 0 0 0 0 0 0 0 0 0 0 0 0 0 0 0 0 0 0 0 0 0 0
1 1 1999 4  0 0 0 0 0 0 0 0 0 0 0 0 0 0 0 0 0 0 0 0 0 0 0 0 0.659112 0.329556 0 0 0.659112 1.31822 1.64778 0.988668 3.95467 4.94334 5.60245 9.22757 6.59112 16.1482 16.4778 23.0689 21.7507 33.6147 36.5807 55.3654 48.4447 63.2747 65.2521 87.9914 100.844 101.833 120.288 123.913 123.913 131.493 119.629 127.538 126.549 117.981 114.356 117.981 106.447 94.9121 92.2757 88.6506 80.4117 73.8205 78.1048 69.5363 49.1038 55.0358 46.7969 42.1832 35.9216 27.6827 25.7054 26.694 21.7507 26.3645 16.1482 14.1709 10.5458 11.5345 8.89801 6.26156 9.22757 7.57979 5.60245 4.94334 4.28423 3.62512 1.97734 2.966 0.988668 0.988668 1.64778 0.659112 1.64778 0.659112 0 0.329556 0.329556 0.329556 0.988668 0 0.329556 0 0 0 0 0 0 0
1 1 1999 5  0 0 0 0 0 0 0 0 0 0 0 0 0 0 0 0 0 0 0 0 0 0 0 0 0 0 0 0 0 0 0 0 0 0 0 0 0 0 0 0 0 0 9.44935 0 0 0 9.44935 0 0 0 9.44935 0 9.44935 9.44935 0 0 0 9.44935 9.44935 0 9.44935 18.8987 0 0 0 0 0 0 0 0 0 0 0 0 0 0 0 0 0 0 0 0 0 0 0 0 0 0 0 0 0 0 0 0 0 0 0 0 0 0 0 0 0 0 0 0 0 0 0 0 0 0
1 1 1999 6  0 0 0 0 0 0 0 0 0 0 0 0 0 0 0 0 0 0 0 0 0 0 0 0 0 0 0 0 0 0 0 0 0 0 0 0.118875 0.118875 0.237751 0.356626 0.475502 0.832128 0.118875 0.356626 1.18875 0.356626 1.06988 0.832128 1.4265 0.832128 1.78313 2.02088 1.66426 0.951003 1.66426 1.54538 2.13976 2.61526 1.18875 3.09076 2.97188 1.90201 1.18875 1.30763 1.30763 1.4265 1.06988 1.54538 1.4265 0.713252 1.30763 0.713252 0.475502 0.356626 0.118875 0.237751 0.237751 0.356626 0.356626 0.237751 0.118875 0 0.118875 0 0 0 0 0 0.118875 0.118875 0.118875 0 0 0 0.237751 0 0 0 0 0 0 0 0 0 0 0 0 0 0 0 0 0 0
1 1 1999 7  0 0 0 0 0 0 0 0 0 0 0 0 0 0 0 0 0 0 0 0 0 0 0 0 0 0 0.156747 0 0 0.47024 0.313493 0.47024 1.41072 1.88096 1.72421 3.29168 4.54565 4.54565 9.24805 13.1667 16.1449 23.6687 28.2144 40.5974 48.1212 52.1966 62.2284 79.157 88.5618 105.334 124.457 129.629 145.618 155.336 169.757 170.54 188.096 180.259 195.933 188.723 189.507 190.917 161.606 149.066 136.056 114.268 101.102 79.3138 65.9903 58.3097 55.1748 45.6132 39.5001 38.0894 21.7878 23.9822 22.885 17.5556 16.1449 12.0695 9.40479 9.40479 6.26986 5.48613 5.01589 3.60517 3.29168 3.91866 1.88096 0.940479 0.940479 2.66469 1.25397 0.783733 0.47024 0.783733 0.626986 0.47024 0.626986 0.313493 0.156747 0 0 0 0 0 0 0 0 0 0 0
1 1 1999 8  0 0 0 0 0 0 0 0 0 0 0 0 0 0 0 0 0 0 0 0 0 0 0 0 0 0 0 0 0 0 0 0 0 0 0 0 0 0 0.340794 0.681587 0.681587 0.681587 0.681587 2.04476 3.06714 5.79349 6.81587 11.587 12.9502 16.6989 19.766 34.4202 33.057 33.3978 29.9898 27.2635 25.5595 31.6938 37.8281 37.1465 29.6491 49.4151 36.4649 42.5992 36.4649 37.8281 27.9451 36.4649 28.9675 22.8332 20.7884 19.4252 9.88302 10.5646 6.81587 7.15667 6.13429 3.74873 1.70397 2.38556 1.70397 1.70397 0.340794 0.681587 0.681587 0 0.681587 0 0 0 0 0 0 0 0 0 0 0 0 0 0 0 0 0 0 0 0 0 0 0 0 0
1 1 1999 9  0 0 0 0 0 0 0 0 0 0 0 0 0 0 0 0 0 0 0 0 0 0 0 0.131954 0 0 0 0 0 0.131954 0 0 0 0.527817 0 0.263909 0.659771 0.659771 1.71541 1.97931 1.58345 2.37518 3.1669 3.03495 5.14622 4.88231 5.27817 7.7853 7.12553 9.76461 10.0285 13.7232 13.4593 16.4943 16.4943 16.8901 16.0984 14.9108 16.0984 19.7931 12.7996 16.2304 14.6469 12.6676 10.4244 10.8202 9.89657 7.38944 6.20185 6.0699 5.01426 4.22254 4.35449 3.1669 2.90299 2.11127 2.37518 1.84736 1.84736 1.31954 0.92368 1.31954 1.58345 1.18759 1.18759 0.527817 0.395863 0.659771 0.92368 0.395863 0.791726 0.131954 0 0.395863 0.131954 0 0.263909 0 0 0 0 0 0 0 0 0 0 0 0 0 0 0
1 1 2000 1  0 0 0 0 0 0 0 0 0 0 0 0 0 0 0 0 0 0 0 0 0 0 3.32567 4.9885 3.32567 10.8084 9.977 15.7969 21.6168 23.2797 23.2797 24.9425 21.6168 27.4367 26.6053 29.0996 27.4367 23.2797 35.7509 42.4022 78.9846 90.6244 115.567 139.678 128.038 187.069 162.958 186.237 193.72 217 202.866 231.965 270.21 316.77 281.019 290.164 278.525 263.559 244.436 255.245 221.157 191.226 161.295 125.544 132.195 123.05 103.096 82.3102 100.601 64.0191 55.7049 55.7049 38.2452 45.7279 33.2567 31.5938 28.2682 34.0881 29.0996 24.9425 19.954 19.1226 9.977 14.9655 13.3027 4.9885 6.65133 3.32567 4.15708 1.66283 0.831416 2.49425 1.66283 0 0.831416 0 0 0 0 0 0 0 0 0 0 0 0 0 0 0 0 0
1 1 2000 2  0 0 0 0 0 0 0 0 0 0 0 0 0 0 0 0 0 0 0 0 0 0 0 3.41698 1.13899 0 0 0 0 0 1.13899 5.69496 4.55597 5.69496 11.3899 7.97294 6.83395 5.69496 11.3899 4.55597 7.97294 10.2509 7.97294 4.55597 12.5289 4.55597 12.5289 7.97294 11.3899 26.1968 30.7528 19.3629 34.1698 33.0308 50.1156 44.4207 34.1698 44.4207 31.8918 38.7257 33.0308 30.7528 13.6679 21.6408 11.3899 12.5289 11.3899 6.83395 3.41698 2.27798 4.55597 5.69496 6.83395 3.41698 1.13899 0 0 2.27798 2.27798 0 0 0 0 0 1.13899 0 0 0 0 0 0 0 0 0 0 0 0 0 0 0 0 0 0 0 0 0 0 0 0 0 0 0
1 1 2000 3  0 0 0 0 0 0 0 0 0 0 0 0 0 0 0 0 0 0 0 0 0 0 0 0 0 0 0 0 0 0 0 0 8.16866 8.16866 12.253 4.08433 8.16866 12.253 12.253 16.3373 4.08433 8.16866 4.08433 12.253 12.253 8.16866 4.08433 12.253 0 4.08433 8.16866 4.08433 4.08433 4.08433 4.08433 8.16866 8.16866 4.08433 8.16866 12.253 4.08433 12.253 12.253 8.16866 0 4.08433 4.08433 12.253 0 0 4.08433 0 0 4.08433 0 0 0 0 0 0 0 0 0 0 0 0 0 0 0 0 0 0 0 0 0 0 0 0 0 0 0 0 0 0 0 0 0 0 0 0 0 0
1 1 2000 4  0 0 0 0 0 0 0 0 0 0 0 0 0 0 0 0 0 0 0 0 0 0 0 0.256322 0.768966 0 0 0.256322 0 0.512644 0 0.256322 0.256322 1.53793 3.33218 2.3069 6.15173 6.15173 11.0218 12.3035 17.9425 23.5816 30.7586 44.3437 52.8023 60.2356 76.8966 81.5104 86.8931 98.9402 104.323 116.114 124.829 133.287 138.67 166.609 153.28 158.151 147.385 143.028 134.056 115.089 95.6081 93.5575 85.0989 80.7414 65.8747 55.3655 56.9035 44.0874 34.0908 31.0149 27.9391 19.7368 17.1736 18.7115 12.3035 10.7655 10.7655 7.94598 6.40805 8.45862 8.71494 3.07586 3.33218 3.33218 3.58851 2.05058 1.53793 1.02529 1.79425 0.256322 0.768966 1.28161 0.512644 0 0.256322 0 0 0.256322 0.256322 0 0 0 0 0 0 0 0 0 0 0
1 1 2000 5  0 0 0 0 0 0 0 0 0 0 0 0 0 0 0 0 0 0 0 0 0 0 0 0 0 0 0 0 0 0 0 0 0 0 0 0 0 0 0 0 0 0 0 0 0 6.09366 0 0 0 0 6.09366 0 0 0 12.1873 0 0 0 0 6.09366 0 0 0 0 0 6.09366 0 0 0 0 0 0 0 0 0 0 0 0 0 0 0 0 0 0 0 0 0 0 0 0 0 0 0 0 0 0 0 0 0 0 0 0 0 0 0 0 0 0 0 0 0 0
1 1 2000 6  0 0 0 0 0 0 0 0 0 0 0 0 0 0 0 0 0 0 0 0 0 0 0 0 0 0 0 0 0 0 0 0 0 0 0 0 0 2.10363 0 0 0 0 0 0 0 0 0 4.20727 6.3109 2.10363 2.10363 4.20727 8.41454 4.20727 2.10363 2.10363 2.10363 0 2.10363 0 0 0 0 0 0 0 0 0 0 0 0 0 0 0 0 0 0 0 0 0 0 0 0 0 0 0 0 0 0 0 0 0 0 0 0 0 0 0 0 0 0 0 0 0 0 0 0 0 0 0 0 0
1 1 2000 7  0 0 0 0 0 0 0 0 0 0 0 0 0 0 0 0 0 0 0.151343 0 0 0 0 0 0 0.302686 0.302686 0 0.151343 0 0 0.605372 0.908058 1.96746 1.81612 3.02686 4.99432 9.8373 11.1994 19.0692 27.3931 36.171 39.3492 58.7211 77.7903 79.0011 98.6757 116.231 125.312 148.77 154.975 196.746 205.373 228.528 254.408 237.76 248.657 241.998 246.235 222.172 200.378 206.281 160.575 155.429 146.197 119.258 99.7351 87.1736 71.1312 64.7748 51.608 47.8244 41.014 34.0522 30.1173 24.6689 20.8853 18.9179 16.4964 12.5615 10.7454 12.4101 9.08058 4.54029 3.78358 4.08626 3.32955 3.48089 1.81612 2.27015 0.756715 1.0594 1.21074 0.605372 0.454029 0.605372 0.454029 0.151343 0.605372 0 0 0.302686 0 0 0 0 0 0 0 0 0 0
1 1 2000 8  0 0 0 0 0 0 0 0 0 0 0 0 0 0 0 0 0 0 0 0 0 0 0 0 0 0 0 0 0 0 0 0 0 0 0 0 0 0 0 0 0 0 0 0 4.74542 0 0 0 2.37271 0 0 2.37271 7.11813 2.37271 2.37271 0 7.11813 2.37271 4.74542 2.37271 0 0 0 2.37271 0 0 0 0 0 0 0 0 0 0 0 0 0 0 0 0 0 0 0 0 0 0 0 0 0 0 0 0 0 0 0 0 0 0 0 0 0 0 0 0 0 0 0 0 0 0 0 0
1 1 2000 9  0 0 0 0 0 0 0 0 0 0 0 0 0 0 0 0 0 0 0 0 0 0 0 0 0 0 0 0 0 0 0 0 0 0 0 0 0 0 0.136265 0.136265 0.136265 0.136265 0.136265 0.136265 0.136265 0.408796 0.681327 0.272531 0.545061 0.272531 0.953857 0.817592 1.90771 2.86157 2.99784 2.99784 2.86157 3.95169 3.81543 2.72531 2.99784 2.45278 2.99784 1.63518 1.36265 0.681327 0.408796 0.817592 0.272531 0.408796 0.136265 0.272531 0 0 0.136265 0 0.136265 0 0 0 0 0 0 0 0.136265 0 0 0 0 0 0 0 0 0 0 0 0 0 0 0 0 0 0 0 0 0 0 0 0 0 0 0
1 1 2001 1  0 0 0 0 0 0 0 0 0 0 0 0 0 0 0 0 0 0 1.32931 3.32326 0 1.99396 1.99396 3.32326 5.98187 8.64048 10.6344 17.281 21.2689 28.5801 31.2387 36.5559 39.8792 33.2326 31.9033 39.2145 39.8792 41.8731 48.5196 44.5317 50.5136 73.7764 90.3928 95.0453 118.973 140.906 134.924 127.613 144.23 164.169 152.205 166.828 166.163 182.115 210.03 187.432 179.456 168.822 190.091 168.822 182.115 160.846 144.894 107.009 101.027 88.3988 76.4351 55.8308 49.8489 35.8912 37.2205 35.8912 21.9335 25.2568 21.2689 13.9577 15.287 14.6224 15.287 5.98187 5.98187 9.30514 2.65861 7.31118 2.65861 1.32931 2.65861 1.32931 0 1.99396 0.664653 1.32931 0 1.32931 0.664653 0.664653 0 0 0 0.664653 0 0.664653 0.664653 0 0 0 0 0 0 0 0 0
1 1 2001 2  0 0 0 0 0 0 0 0 0 0 0 0 0 0 0 0 0 0 0 0 0 0 0.967663 0 0 0 0 0 0.967663 0.967663 0.967663 2.90299 1.93533 0.967663 1.93533 7.7413 9.67663 3.87065 4.83831 6.77364 6.77364 7.7413 8.70897 6.77364 3.87065 6.77364 2.90299 10.6443 3.87065 15.4826 16.4503 20.3209 21.2886 22.2562 27.0946 18.3856 25.1592 35.8035 17.4179 29.0299 19.3533 21.2886 19.3533 15.4826 18.3856 14.5149 7.7413 7.7413 5.80598 4.83831 2.90299 1.93533 7.7413 1.93533 3.87065 1.93533 4.83831 1.93533 3.87065 0.967663 1.93533 0 1.93533 2.90299 0.967663 0 0 0 0 0 0 0 0 0 0 0 0 0 0 0 0 0 0 0 0 0 0 0 0 0 0 0
1 1 2001 3  0 0 0 0 0 0 0 0 0 0 0 0 0 0 0 0 0 0 0 1.54266 0 4.62798 6.68486 12.3413 14.9124 19.5404 19.0261 28.7963 24.1683 28.2821 26.2252 23.1399 14.9124 10.2844 14.9124 16.455 16.9693 28.7963 22.6257 37.0238 50.3935 57.5926 61.1922 77.133 63.7633 75.0761 70.9623 69.4197 84.8463 67.877 72.505 76.1045 84.332 87.9316 95.6449 81.7609 80.7325 75.0761 69.9339 71.9908 64.2775 68.9055 51.9362 41.6518 45.2513 50.9078 48.8509 40.1091 32.9101 17.4835 17.9977 19.0261 14.9124 10.7986 8.74174 10.2844 6.17064 6.68486 4.62798 5.1422 2.05688 5.1422 1.54266 0 0 0.51422 0 0.51422 0.51422 0.51422 0 0 0 0 0 0 0 0 0 0 0 0 0 0 0 0 0 0 0 0 0 0
1 1 2001 4  0 0 0 0 0 0 0 0 0 0 0 0 0 0 0 0 0 0 0 0.207744 0 0 0.207744 0 0.207744 0.207744 0.207744 0.207744 0.207744 0.830978 1.03872 2.90842 3.11617 5.19361 6.85557 6.02459 8.30978 12.4647 8.93301 13.7111 19.1125 21.1899 31.5772 36.9785 51.9361 57.1297 72.9183 81.6436 86.8372 89.5379 94.7315 106.573 119.661 115.921 134.618 139.812 132.333 139.812 137.527 132.956 117.168 110.312 89.9534 75.2035 71.4641 60.2459 55.26 38.6405 38.6405 33.6546 25.5526 20.1512 18.697 14.3344 13.9189 10.1795 4.98587 8.10203 5.40136 5.40136 2.70068 2.90842 3.11617 2.70068 2.49293 1.24647 1.66196 1.66196 1.03872 1.24647 1.45421 0.415489 0.415489 0.207744 0 0.207744 0 0.623233 0 0 0 0 0 0 0 0 0 0 0 0 0 0
1 1 2001 5  0 0 0 0 0 0 0 0 0 0 0 0 0 0 0 0 0 0 0 0 0 0 0 0 0 0 0 0 0 0 0 0 0 0 0 0 0 0 0 0 0 0 0 0 0 0 0 0 0 0 0 0 0 0 0 0 0 0 0 0 0 0 0 0 0 0 0 0 0 0 0 0 0 0 0 0 0 0 0 0 0 0 0 0 0 0 0 0 0 0 0 0 0 0 0 0 0 0 0 0 0 0 0 0 0 0 0 0 0 0 0 0
1 1 2001 6  0 0 0 0 0 0 0 0 0 0 0 0 0 0 0 0 0 0 0 0 0 0 0 0 0 0 0 0 0 0 0 0 0 0 0 0 0 0 0 0 0.546256 0.546256 1.63877 1.09251 1.63877 2.18502 0.546256 0.546256 2.18502 1.09251 2.73128 2.73128 0.546256 1.63877 4.37005 5.46256 4.37005 4.37005 4.91631 2.73128 2.73128 3.27754 3.27754 1.63877 4.37005 2.73128 3.27754 1.63877 3.27754 1.09251 0.546256 1.09251 0.546256 0 0 0 0 0 0 0.546256 0 0.546256 0 0 0 0 0 0 0.546256 0 0 0 0 0 0 0 0 0 0 0 0 0 0 0 0 0 0 0 0 0 0 0
1 1 2001 7  0 0 0 0 0 0 0 0 0 0 0 0 0 0 0 0 0 0 0 0 0 0 0 0 0 0 0 0 0.304678 0.101559 0 0.507796 0.507796 0.710915 1.82807 2.43742 2.43742 3.14834 3.75769 6.29668 7.61695 10.9684 14.1167 21.5306 25.5929 31.5849 38.3894 41.7409 51.4906 64.6933 65.0995 77.1851 83.1771 89.9815 90.0831 97.1922 98.1063 94.5517 86.0207 79.0131 74.9508 61.7481 56.6701 44.5845 39.405 30.7725 20.9212 22.0384 15.8433 9.54657 10.0544 10.9684 8.83566 6.39824 5.38264 3.55458 3.96081 4.46861 2.7421 2.7421 1.82807 1.62495 1.62495 0.914034 1.52339 0.812474 0.609356 0.812474 0.406237 0.507796 0.304678 0.507796 0 0.203119 0.101559 0.101559 0.101559 0 0 0.101559 0.101559 0.101559 0 0 0 0 0 0 0 0 0 0
1 1 2001 8  0 0 0 0 0 0 0 0 0 0 0 0 0 0 0 0 0 0 0 0 0 0 0 0 0 0 0 0 0 0 0 0 0 0 0 0 0 0 0 0 0 0 0 0 0 0 0 0 0 0 0 0 0 0 0 0 0 0 0 0 0 0 0 0 0 0 0 0 0 0 0 0 0 0 0 0 0 0 0 0 0 0 0 0 0 0 0 0 0 0 0 0 0 0 0 0 0 0 0 0 0 0 0 0 0 0 0 0 0 0 0 0
1 1 2001 9  0 0 0 0 0 0 0 0 0 0 0 0 0 0 0 0 0 0 0 0 0 0 0 0 0 0 0 0 0 0 0.293168 0.146584 0 0.146584 0.732919 0.586335 1.75901 1.61242 2.49192 4.5441 4.10435 5.86335 10.9938 10.9938 11.5801 15.5379 17.5901 20.9615 21.1081 21.5478 23.8932 26.2385 26.8248 25.5056 29.7565 29.9031 27.7043 29.4633 28.2907 28.2907 23.3068 26.2385 16.564 13.6323 13.1925 9.52794 7.1826 4.69068 3.95776 1.61242 1.61242 1.31925 1.75901 2.19876 2.34534 0.586335 1.02609 1.31925 0.293168 0.732919 0.439751 0.293168 0 0.146584 0 0 0.293168 0.146584 0.146584 0 0 0 0 0 0.146584 0 0.146584 0.146584 0 0 0 0 0 0 0 0 0 0 0 0 0 0
1 1 2002 1  0 0 0 0 0 0 0 0 0 0 0 0 0 0 0 0 0 0 1.44557 1.44557 0 0 2.16836 2.89114 4.33671 5.0595 15.9013 14.4557 30.357 38.3076 52.0405 60.714 56.3773 58.5456 83.8431 73.0013 73.0013 76.6153 67.219 75.1697 60.714 54.9317 55.6545 66.4963 67.219 75.1697 75.8925 109.863 121.428 118.537 133.715 140.22 138.052 152.508 143.834 166.963 172.746 170.577 189.37 153.953 179.974 194.429 132.27 143.834 127.21 114.2 99.7444 86.0115 72.2785 79.5064 43.3671 48.4266 41.1988 28.9114 24.5747 20.238 18.0696 10.8418 13.7329 8.67342 7.95064 7.22785 3.61393 5.78228 0 9.39621 2.16836 1.44557 0.722785 0.722785 0 1.44557 0 0 0.722785 1.44557 0 1.44557 0 0 0 0 0 0 0 0 0 0 0 0 0 0
1 1 2002 2  0 0 0 0 0 0 0 0 0 0 0 0 0 0 0 0 0 0 0 0 0 0 0 1.20833 1.20833 1.20833 1.20833 0 0 1.20833 1.20833 0 4.83333 4.83333 13.2917 10.875 25.375 29 29 35.0417 56.7917 49.5417 50.75 50.75 45.9167 38.6667 24.1667 25.375 22.9583 25.375 24.1667 22.9583 27.7917 32.625 35.0417 19.3333 30.2083 31.4167 31.4167 29 19.3333 16.9167 16.9167 14.5 9.66666 8.45833 6.04167 7.25 4.83333 7.25 3.625 9.66666 7.25 2.41667 2.41667 1.20833 1.20833 0 1.20833 1.20833 0 0 0 1.20833 0 0 0 0 0 0 0 0 0 0 0 0 0 0 0 0 0 0 0 0 0 0 0 0 0 0 0 0
1 1 2002 3  0 0 0 0 0 0 0 0 0 0 0 0 0 0 0 0 0 0 0 0 0 0 3.56636 2.37758 3.56636 1.18879 0 2.37758 1.18879 3.56636 3.56636 7.13273 4.75515 3.56636 5.94394 7.13273 8.32152 9.51031 5.94394 14.2655 9.51031 14.2655 13.0767 11.8879 11.8879 21.3982 21.3982 21.3982 10.6991 16.643 8.32152 17.8318 11.8879 16.643 14.2655 19.0206 15.4542 20.2094 8.32152 19.0206 9.51031 13.0767 3.56636 3.56636 4.75515 3.56636 9.51031 1.18879 1.18879 5.94394 3.56636 5.94394 3.56636 0 1.18879 2.37758 2.37758 0 0 2.37758 1.18879 1.18879 0 0 1.18879 0 0 0 0 0 0 0 0 0 0 0 0 0 0 0 0 0 0 0 0 0 0 0 0 0 0 0
1 1 2002 4  0 0 0 0 0 0 0 0 0 0 0 0 0 0 0 0 0 0 0 0 0 0.292879 0.292879 0.878636 0 0.292879 0.585758 0.585758 2.34303 0.878636 2.05015 2.34303 4.97894 4.68606 9.07924 8.78636 11.7152 14.3511 12.8867 14.9368 18.7442 23.1374 24.0161 33.0953 41.8817 47.7392 60.6259 70.5838 82.0061 91.9639 94.307 120.373 115.394 118.323 115.101 134.724 140.582 143.218 145.561 152.297 129.452 144.389 120.666 89.0352 100.457 85.8135 70.2909 56.5256 57.4042 50.9609 52.4253 36.9027 35.1455 24.6018 19.6229 17.2798 10.5436 11.4223 11.7152 9.07924 5.27182 6.15045 6.15045 5.27182 1.46439 2.05015 1.46439 0.878636 1.17152 1.17152 1.46439 0.878636 0 0.878636 0 0.292879 0.292879 0 0 0 0 0 0 0 0 0 0 0 0 0 0 0
1 1 2002 5  0 0 0 0 0 0 0 0 0 0 0 0 0 0 0 0 0 0 0 0 0 0 0 0 0 0 0 0 0 0 0 0 0 0 0 0.37188 0.18594 0 0 0.18594 0 0 0 0.557821 0.37188 0.557821 0.37188 0.37188 1.11564 0.743761 1.11564 0.929701 0.929701 0.929701 0.743761 0.37188 0.37188 0.557821 1.30158 0.929701 0.37188 0.37188 0.743761 1.30158 0.743761 1.11564 0.929701 1.11564 0.37188 0.929701 0.743761 0.37188 0.557821 0.18594 0 0.557821 0.18594 0 0.18594 0 0 0 0.18594 0 0 0.18594 0 0 0 0 0 0 0 0 0 0 0 0 0 0 0 0 0 0 0 0 0 0 0 0 0 0
1 1 2002 6  0 0 0 0 0 0 0 0 0 0 0 0 0 0 0 0 0 0 1.00239 1.33652 0 1.00239 3.3413 3.67542 0.668259 2.33891 2.33891 2.00478 1.33652 2.00478 3.00717 1.33652 1.67065 6.68259 4.34368 1.67065 4.34368 6.01433 6.34846 8.68737 9.0215 10.0239 15.7041 20.0478 24.3915 24.7256 28.401 22.7208 24.7256 30.4058 36.4201 29.7375 38.0908 49.4512 42.7686 48.4488 43.1027 44.4392 44.4392 44.7734 33.0788 37.0884 31.074 30.0717 26.3962 23.7232 27.7328 21.0502 16.0382 14.3676 9.68976 11.0263 8.68737 4.34368 4.34368 3.67542 3.00717 3.3413 1.33652 0.33413 2.33891 0.668259 0.668259 0.33413 0.668259 0.33413 0 0 0 0 0 0.33413 0.33413 0 0 0 0 0 0 0 0 0 0 0 0 0 0 0 0 0 0 0
1 1 2002 7  0 0 0 0 0 0 0 0 0 0 0 0 0 0 0 0 0 0 0 0 0 0 0 0 0 0 0 0 0 0 0.476686 0.357515 0.953372 0.595858 1.6684 1.90674 2.5026 4.05183 5.24355 7.86532 8.10366 12.0363 16.0882 20.0208 24.7877 27.8861 32.5338 38.3732 44.2126 48.8603 50.8862 53.2697 58.5132 63.8759 74.6014 69.1195 73.5288 72.6946 72.218 68.0469 66.6169 64.8293 57.3215 46.8344 41.5909 33.9639 29.6737 24.7877 22.0467 15.3731 12.3938 10.1296 7.86532 5.0052 4.52852 5.83941 4.171 2.86012 1.43006 1.31089 1.6684 1.43006 1.54923 0.834201 0.595858 0.476686 0.476686 0.595858 0.119172 0.357515 0.238343 0.238343 0 0.238343 0.119172 0 0 0 0 0 0 0 0 0 0 0 0 0 0 0 0 0
1 1 2002 8  0 0 0 0 0 0 0 0 0 0 0 0 0 0 0 0 0 0 0 0 0 0 0 0 0 0 0 0 0 0 0 0 0 0 0 0 0 0 0 0 0 0 0 0 0 0 0 0 0 0 0 0 0 0 0 0 0 0 0 0 0 0 0 0 0 0 0 0 0 0 0 0 0 0 0 0 0 0 0 0 0 0 0 0 0 0 0 0 0 0 0 0 0 0 0 0 0 0 0 0 0 0 0 0 0 0 0 0 0 0 0 0
1 1 2002 9  0 0 0 0 0 0 0 0 0 0 0 0 0 0 0 0 0 0 0 0 0 0 0 0.168269 0 0 0 0 0.168269 0.168269 0 0 0.336538 0.841344 1.00961 0.841344 3.02884 3.53365 4.54326 4.8798 6.56249 6.73075 9.59132 9.75959 11.6106 13.798 15.1442 14.3029 19.5192 21.3701 23.3894 27.0913 32.3076 27.0913 33.149 33.9903 31.1297 30.9615 29.447 34.6634 37.524 39.7114 23.0528 27.7644 24.7355 27.0913 22.3798 18.8461 14.1346 13.125 11.9471 10.4327 8.41344 6.89902 7.06729 4.20672 4.20672 3.36538 2.86057 3.70191 3.70191 2.1875 2.01923 1.51442 2.01923 1.17788 1.00961 0.504807 0.504807 0.336538 0.336538 0.336538 0.673075 0 0 0 0 0 0 0 0 0.168269 0 0 0 0 0 0 0 0 0 0
1 1 2003 1  0 0 0 0 0 0 0 0 0 0 0 0 0 0 0 0 0 0 0.87458 2.62374 0 5.24748 2.62374 6.99664 7.87122 11.3695 13.1187 30.6103 31.4849 33.234 48.1019 52.4748 35.8578 40.2307 34.9832 41.9798 34.1086 29.7357 36.7323 40.2307 49.851 85.7088 90.0817 101.451 127.689 139.058 167.045 168.794 178.414 177.54 167.045 164.421 125.939 91.8309 115.445 72.5901 82.2105 76.0884 79.5867 78.7122 71.7155 81.3359 79.5867 50.7256 48.9765 56.8477 54.2239 44.6036 36.7323 34.9832 23.6136 33.234 18.3662 27.9865 16.617 20.1153 24.4882 11.3695 13.9933 13.9933 10.495 5.24748 2.62374 5.24748 2.62374 1.74916 1.74916 2.62374 0 0.87458 3.49832 1.74916 1.74916 0.87458 0 0.87458 0.87458 0 0 0 0 0 0 0 0 0 0 0 0 0 0 0
1 1 2003 2  0 0 0 0 0 0 0 0 0 0 0 0 0 0 0 0 0 0 1.55479 3.88697 0 0 3.10958 3.10958 1.55479 3.10958 0.777395 0.777395 2.33218 8.55134 1.55479 3.88697 14.7705 17.1027 10.8835 16.3253 20.2123 28.7636 31.8732 35.7602 29.541 24.8766 28.7636 23.3218 31.8732 22.5445 20.2123 16.3253 20.9897 27.2088 37.315 39.6471 34.9828 37.315 34.2054 24.0992 30.3184 24.8766 20.2123 14.7705 15.5479 23.3218 15.5479 10.8835 17.1027 11.6609 6.99655 5.44176 3.10958 10.8835 2.33218 3.10958 5.44176 2.33218 3.88697 4.66437 0.777395 0 0 2.33218 0.777395 0.777395 0 0 0 0 0 0.777395 0 0 0 0 0 0 0 0 0 0 0 0 0 0 0 0 0 0 0 0 0 0 0 0
1 1 2003 3  0 0 0 0 0 0 0 0 0 0 0 0 0 0 0 0 0 0 2.16625 2.16625 0 1.08312 2.16625 2.16625 5.41562 3.24937 1.08312 1.08312 6.49875 4.3325 2.16625 3.24937 7.58187 8.665 15.1637 22.7456 31.4106 40.0756 54.1562 42.2419 46.5744 70.4031 57.4056 67.1537 71.4862 67.1537 62.8212 76.9019 53.0731 56.3225 74.7356 102.897 88.8162 102.897 84.4837 73.6525 89.8993 61.7381 50.9069 32.4937 43.325 44.4081 29.2444 27.0781 24.9119 25.995 17.33 12.9975 10.8312 6.49875 9.74812 7.58187 7.58187 3.24937 5.41562 4.3325 2.16625 3.24937 2.16625 1.08312 0 1.08312 1.08312 1.08312 1.08312 0 0 0 0 0 1.08312 0 0 0 0 0 0 0 0 0 0 0 0 0 0 0 0 0 0 0 0 0
1 1 2003 4  0 0 0 0 0 0 0 0 0 0 0 0 0 0 0 0 0 0 0 0 0 0 0 0 0 1.19855 0.799033 0 1.19855 1.59807 1.99758 5.99275 5.19372 8.38985 10.3874 17.9782 19.5763 21.1744 35.1575 38.7531 43.5473 41.9492 59.1285 65.9202 76.7072 89.8912 96.683 104.673 109.468 124.25 127.446 113.862 103.475 126.247 125.848 119.855 131.041 129.044 129.443 117.058 124.649 108.669 106.271 85.097 77.5062 73.9106 64.7217 56.3318 49.9396 43.5473 40.3512 41.9492 34.3584 28.3657 28.7652 21.9734 17.1792 10.7869 13.5836 5.99275 12.7845 6.79178 3.99517 3.19613 4.7942 4.39468 3.99517 1.99758 1.19855 1.59807 1.59807 1.19855 0.799033 0.399517 0.799033 0.399517 0 0 0 0 0 0 0 0 0 0 0 0 0 0 0 0
1 1 2003 5  0 0 0 0 0 0 0 0 0 0 0 0 0 0 0 0 0 0 0 0 0 0 0 0 0 0 0 0 0 0.286962 0.286962 0 0.573924 0 0 0.286962 0 0.286962 0.286962 0.286962 0.573924 0.573924 1.14785 0.286962 1.72177 1.43481 3.44355 1.72177 2.2957 3.15658 2.86962 2.2957 1.43481 4.59139 4.01747 1.14785 5.73924 3.73051 2.2957 4.87836 5.16532 3.15658 3.44355 3.73051 2.86962 4.01747 1.72177 2.58266 2.58266 3.44355 2.58266 2.2957 2.00873 3.44355 1.43481 1.43481 2.00873 1.43481 2.00873 1.43481 0.860886 1.14785 0.286962 0.286962 0.286962 0 0 0 0 0 0 0.286962 0 0 0 0 0 0 0 0 0 0 0 0 0 0 0 0 0 0 0 0
1 1 2003 6  0 0 0 0 0 0 0 0 0 0 0 0 0 0 0 0 0 0 0 0 0 0 0 0 0 0 0 0 0 0 0 0.0944774 0.188955 0.188955 0.755819 0.566864 0.566864 0.661341 0.661341 0.850296 1.79507 3.21223 3.59014 3.59014 5.19625 5.95207 6.04655 6.99132 8.50296 7.65267 8.12505 8.78639 10.0146 9.73117 10.3925 11.5262 10.9594 8.31401 9.63669 9.82564 9.25878 7.65267 6.42446 6.14103 5.19625 4.157 4.62939 3.49566 3.02328 3.02328 3.96805 2.45641 2.0785 1.32268 2.64537 2.0785 0.944774 1.51164 1.70059 0.661341 0.944774 1.32268 0.188955 0.377909 0.472387 0.472387 0.188955 0.0944774 0.472387 0.188955 0.188955 0.188955 0.188955 0 0 0 0.0944774 0 0 0 0 0 0 0 0 0 0 0 0 0 0 0
1 1 2003 7  0 0 0 0 0 0 0 0 0 0 0 0 0 0 0 0 0 0 0 0 0 0 0.709167 1.41833 0.709167 1.41833 0 0 2.1275 3.54583 4.255 9.92833 19.1475 12.765 27.6575 15.6017 20.5658 26.2392 43.9683 46.0958 63.825 85.1 117.013 125.523 126.941 145.379 156.017 178.71 167.363 205.658 212.75 211.332 220.551 207.786 238.989 223.388 226.224 182.965 218.423 191.475 178.71 186.511 152.471 164.527 121.977 108.503 98.5742 102.12 77.2992 73.0442 63.825 47.5142 40.4225 31.2033 29.0758 23.4025 20.5658 13.4742 12.765 11.3467 7.09167 4.255 7.09167 4.96417 2.83667 4.96417 5.67333 4.96417 2.1275 2.83667 2.1275 1.41833 0.709167 0 0 1.41833 0 0.709167 0 0 0 0 0 0 0 0 0 0 0 0 0 0
1 1 2003 8  0 0 0 0 0 0 0 0 0 0 0 0 0 0 0 0 0 0 0 0 0 0 0 0 0 0 0 0 0 0 0 0 0 0 0 0 0 0 0 0 0 0 0 0 0 0 0 0 0 0 0 0 0 0 0 0 0 0 0 0 0 0 0 0 0 0 0 0 0 0 0 0 0 0 0 0 0 0 0 0 0 0 0 0 0 0 0 0 0 0 0 0 0 0 0 0 0 0 0 0 0 0 0 0 0 0 0 0 0 0 0 0
1 1 2003 9  0 0 0 0 0 0 0 0 0 0 0 0 0 0 0 0 0 0 0 0 0 0 0 0 0 0 0 0 0 0 0 0.27469 0 0.137345 0.961413 1.37345 2.19752 2.88424 5.90582 7.41662 11.949 14.2839 15.7946 23.3486 27.6063 32.8254 35.0229 36.1217 40.654 38.3192 41.6155 45.8731 43.9503 43.5383 47.796 47.9333 38.5939 35.7096 36.8084 35.1603 31.7266 31.0399 29.3918 26.6449 21.1511 17.5801 16.0693 14.4212 11.8116 11.3996 8.92741 7.00458 6.18051 7.14193 4.12034 4.39503 3.15893 2.60955 2.19752 1.37345 1.64814 1.64814 0.961413 1.64814 1.09876 0 0.27469 0.549379 0.27469 0 0 0 0 0 0 0 0 0 0.137345 0 0 0 0 0 0 0 0 0 0 0 0 0
1 1 2004 1  0 0 0 0 0 0 0 0 0 0 0 0 1.24872 0 0 0 0 0 0 0 0 0 4.99486 2.49743 7.49229 9.98972 12.4872 23.7256 18.7307 22.4769 24.9743 22.4769 33.7153 28.7204 24.9743 38.7102 29.9692 43.705 48.6999 46.2025 57.4409 86.1613 117.379 93.6536 124.872 129.866 159.836 141.105 124.872 131.115 113.633 138.607 126.12 136.11 133.613 127.369 122.374 122.374 117.379 97.3998 72.4255 62.4358 47.4512 39.9589 34.964 33.7153 37.4615 23.7256 18.7307 16.2333 17.482 8.74101 13.7359 7.49229 7.49229 7.49229 3.74615 1.24872 3.74615 2.49743 2.49743 2.49743 0 1.24872 1.24872 0 1.24872 0 1.24872 0 0 0 0 0 0 0 0 0 0 0 0 0 0 0 0 0 0 0 0 0 0 0
1 1 2004 2  0 0 0 0 0 0 0 0 0 0 0 0 0 0 0 0 0 0 0 0 0 0 1.22066 1.22066 0 0 0 0 0 0 0 1.22066 0 3.66197 1.22066 2.44131 1.22066 2.44131 2.44131 3.66197 1.22066 3.66197 3.66197 3.66197 8.54459 8.54459 13.4272 19.5305 23.1925 19.5305 19.5305 28.0751 25.6338 32.9577 20.7512 36.6197 17.0892 24.4131 29.2957 32.9577 19.5305 24.4131 13.4272 12.2066 15.8685 8.54459 7.32394 7.32394 8.54459 6.10328 7.32394 3.66197 2.44131 8.54459 2.44131 2.44131 3.66197 0 1.22066 1.22066 0 0 0 0 2.44131 0 1.22066 0 0 0 0 0 0 0 0 0 0 0 0 0 0 0 0 0 0 0 0 0 0 0 0 0
1 1 2004 3  0 0 0 0 0 0 0 0 0 0 0 0 0 0 0 0 0 0 0.746245 0.746245 0 2.23873 1.49249 2.98498 2.23873 1.49249 1.49249 0.746245 0 0 0.746245 1.49249 0.746245 5.22371 3.73122 13.4324 14.9249 17.1636 20.1486 34.3273 29.8498 35.8197 49.2521 46.2672 36.566 47.7597 52.9834 51.4909 63.4308 65.6695 57.4608 67.9083 60.4458 72.3857 79.8482 72.3857 73.132 84.3256 88.0569 80.5944 72.3857 70.8932 61.9383 61.9383 53.7296 54.4759 41.7897 32.8348 21.6411 20.1486 11.1937 18.6561 12.6862 6.7162 10.4474 5.22371 5.96996 2.98498 2.23873 2.98498 2.98498 0 2.98498 1.49249 1.49249 0.746245 0 0 0 0 0 0 0 0 0 0 0 0 0 0 0 0 0 0 0 0 0 0 0 0 0 0
1 1 2004 4  0 0 0 0 0 0 0 0 0 0 0 0 0 0 0 0 0 0 0 0 0 0 0 0 0 0 0 0 0 0.423859 0.423859 0.847717 0.423859 0.423859 4.66245 1.69543 5.51016 5.93402 10.1726 13.1396 29.6701 39.8427 42.3859 57.2209 64.4265 81.3809 78.4139 102.998 123.343 109.779 115.29 129.277 140.721 150.046 156.404 150.046 150.47 140.297 128.853 112.323 123.767 102.15 82.2286 75.023 69.5128 65.2742 53.4062 50.863 43.6574 41.5382 29.6701 28.8224 30.9417 22.8884 26.7031 21.1929 14.8351 15.6828 10.5965 9.74875 11.4442 5.51016 7.2056 4.23859 4.23859 2.96701 2.11929 2.96701 1.69543 1.27158 0.423859 0.423859 1.27158 0.423859 0.423859 0.847717 0.423859 0 0 0 0 0 0 0 0 0 0 0 0 0 0 0
1 1 2004 5  0 0 0 0 0 0 0 0 0 0 0 0 0 0 0 0 0 0 0 0 0 0 0 0 0 0 0 0 0.0790251 0 0 0.0790251 0 0 0.15805 0.0790251 0 0.15805 0.47415 0.237075 0.0790251 0.3161 0.395125 0.869276 0.790251 0.869276 0.553175 0.948301 1.73855 1.10635 1.65953 1.73855 1.42245 1.5805 1.73855 1.50148 1.50148 1.50148 1.50148 1.2644 1.8966 0.948301 0.47415 0.790251 0.6322 0.711226 0.6322 0.395125 0.790251 0.6322 0.553175 0.395125 0.3161 0.47415 0 0.0790251 0 0.237075 0 0.15805 0.0790251 0 0 0 0 0.0790251 0 0 0.0790251 0.0790251 0 0 0.0790251 0 0 0 0 0 0 0 0.0790251 0 0 0 0 0 0 0 0 0 0 0
1 1 2004 6  0 0 0 0 0 0 0 0 0 0 0 0 0 0 0 0 0 0 0 0 0 0 0 0 0 0 0 0 0 0 0.200656 0 0.601967 0.200656 0 0.601967 0.802623 0.802623 1.20393 2.00656 2.00656 6.62164 5.61836 7.62491 11.0361 11.2367 16.0525 14.6479 24.48 20.8682 29.8977 27.6905 25.4833 25.2826 33.5095 35.1147 26.0852 26.6872 31.7036 25.4833 23.4767 18.059 21.6708 18.8616 15.0492 13.4439 12.842 9.43081 10.6347 10.4341 5.81901 3.81246 4.61508 5.01639 2.60852 4.41442 2.80918 3.81246 3.00983 1.8059 1.60525 1.8059 1.40459 1.20393 0.601967 0.601967 0.200656 0.401311 0.401311 0.601967 0.401311 0 0 0.401311 0 0.200656 0.200656 0 0 0 0 0 0 0 0 0 0 0 0 0 0 0
1 1 2004 7  0 0 0 0 0 0 0 0 0 0 0 0 0 0 0 0 0 0 0 0 0 0 0 0 0 0 0 0.401018 0.401018 0.401018 0 0.401018 0.401018 1.20305 2.40611 6.01527 6.01527 14.8377 24.0611 34.0865 43.3099 62.9598 80.6046 97.8484 129.529 147.976 170.032 188.879 212.941 233.392 247.829 264.672 269.083 269.083 295.951 296.352 295.951 270.286 265.875 241.413 249.032 202.514 168.428 153.991 155.194 124.717 107.874 111.483 84.6148 81.8077 60.5537 65.7669 46.9191 38.8987 40.5028 30.4774 29.6753 22.457 26.0662 26.0662 15.6397 13.6346 14.8377 10.8275 8.42138 7.21832 5.21323 2.80713 3.20814 5.61425 2.00509 4.4112 0 0 2.00509 1.60407 0 0 0 0 0 0 0 0 0 0 0 0 0 0 0 0
1 1 2004 8  0 0 0 0 0 0 0 0 0 0 0 0 0 0 0 0 0 0 0 0 0 0 0 0 0 0 0 0 0 0 0 0 0 0 0 0 0 0 0 0 0 0 0 0 0 0 0 0 0 0 0 0 0 0 0 0 0 0 0 0 0 0 0 0 0 0 0 0 0 0 0 0 0 0 0 0 0 0 0 0 0 0 0 0 0 0 0 0 0 0 0 0 0 0 0 0 0 0 0 0 0 0 0 0 0 0 0 0 0 0 0 0
1 1 2004 9  0 0 0 0 0 0 0 0 0 0 0 0 0 0 0 0 0 0 0 0 0 0 0 0 0 0 0 0 0 0 0 0.826469 0.826469 0.55098 1.10196 1.65294 3.85686 3.85686 6.33627 12.397 10.4686 19.2843 21.7637 21.7637 38.5686 41.048 56.7509 59.7813 73.0048 62.8117 73.8313 73.0048 76.8617 62.8117 61.7097 56.4754 54.2715 57.3019 46.2823 44.6293 36.3647 42.1499 33.3343 23.9676 25.0696 20.1108 19.8353 17.3559 15.7029 14.3255 12.1216 12.1216 12.1216 8.81567 6.06078 5.78529 4.13235 5.23431 6.06078 4.95882 3.30588 3.30588 3.03039 1.65294 1.65294 1.37745 2.47941 1.37745 0.826469 0.27549 0 1.10196 0.27549 0.27549 0.27549 0.55098 0 0 0 0 0 0.55098 0 0 0 0 0 0 0 0 0 0
1 1 2005 1  0 0 0 0 0 0 0 0 0 0 0 0 0 0 0 0 0 0 0 0 0 0 1.16165 1.16165 0 1.16165 4.64658 3.48494 2.32329 2.32329 11.6165 9.29316 9.29316 6.96987 9.29316 11.6165 5.80823 6.96987 15.1014 24.3946 15.1014 13.9397 18.5863 23.2329 29.0411 32.5261 29.0411 37.1726 52.274 61.5672 72.022 72.022 81.3152 88.285 96.4166 97.5782 137.074 108.033 118.488 115.003 108.033 99.9015 74.3453 78.9919 78.9919 63.8905 55.759 33.6877 44.1425 38.3343 27.8795 25.5562 17.4247 26.7178 25.5562 12.7781 20.9096 13.9397 8.13152 15.1014 11.6165 5.80823 8.13152 3.48494 4.64658 6.96987 4.64658 3.48494 1.16165 3.48494 0 3.48494 0 3.48494 1.16165 1.16165 1.16165 0 0 0 1.16165 0 0 0 0 0 0 0 0 0 0 0
1 1 2005 2  0 0 0 0 0 0 0 0 0 0 0 0 0.885304 0 0 0 0 0 0.885304 0 0 0.885304 0.885304 0 0 2.65591 0 0.885304 0 0.885304 0.885304 0.885304 1.77061 0.885304 1.77061 2.65591 0.885304 0 0 0 0 0.885304 0 0 0.885304 3.54121 0.885304 4.42652 7.08243 7.96773 23.9032 23.0179 23.0179 21.2473 23.0179 30.9856 27.4444 30.9856 28.3297 22.1326 19.4767 15.0502 14.1649 15.9355 17.7061 11.5089 11.5089 5.31182 7.96773 6.19713 1.77061 2.65591 6.19713 2.65591 2.65591 0.885304 1.77061 0 0.885304 1.77061 2.65591 1.77061 0 0 0 0 0 0 0 0 0 0 0 0.885304 0 0 0 0 0 0 0 0 0 0 0 0 0 0 0 0 0 0
1 1 2005 3  0 0 0 0 0 0 0 0 0 0 0 0 0 0 0 0 0 0 0 0 0 0 0 0.838112 0.838112 1.25717 0 0.838112 0.419056 0.838112 2.51434 2.09528 3.35245 5.02867 4.60962 7.96207 6.28584 3.35245 5.02867 2.93339 2.93339 1.67622 2.09528 2.51434 2.09528 0.419056 1.25717 3.35245 5.02867 6.7049 8.80018 10.0573 23.4671 25.9815 29.753 27.2386 36.0388 38.9722 43.5818 44.4199 40.6484 44.0009 41.0675 31.8483 31.8483 31.8483 25.5624 23.0481 22.629 12.5717 13.8289 9.63829 14.667 6.28584 8.80018 8.38112 6.28584 2.93339 4.19056 2.93339 2.51434 2.09528 2.09528 1.25717 0.419056 0.419056 0.838112 0.419056 0.419056 0 0 0 0 0 0 0 0 0 0 0 0 0 0 0 0 0 0 0 0 0 0 0
1 1 2005 4  0 0 0 0 0 0 0 0 0 0 0 0 0 0 0 0 0 0 0 0 0 0 0 0 0 0 0 0.216463 0 0 0.216463 0 0.649388 0.649388 0.216463 1.08231 1.51524 1.7317 3.89633 5.1951 8.65851 12.1219 16.2347 22.5121 26.6249 31.1706 36.3657 48.0547 52.384 56.2803 65.5882 77.4936 85.5027 89.6155 95.46 87.018 100.222 93.5119 77.9265 79.8747 66.0211 64.0729 54.5486 46.323 42.4267 36.7986 31.1706 24.0274 25.9755 21.2133 17.317 16.8841 11.9054 15.8018 14.503 10.8231 10.1737 12.3384 7.35973 6.9268 7.79265 6.27742 4.76218 4.11279 2.81401 3.03048 1.7317 1.51524 1.08231 1.29878 1.7317 0.432925 0 0 0 0 0 0 0 0 0 0 0 0 0 0 0 0 0 0 0 0
1 1 2005 5  0 0 0 0 0 0 0 0 0 0 0 0 0 0 0 0 0 0 0 0 0 0 0 0 0 0 0 0 0 0 0 0 0 0 0 0 0 0.106714 0 0 0.106714 0.106714 0.106714 0 0.53357 0.426856 0.106714 1.28057 1.06714 0.746998 0.426856 0.853712 1.70742 1.494 2.02756 1.60071 1.28057 1.28057 1.06714 1.17385 0.640284 0.640284 0.746998 0.853712 0.213428 0.640284 0.640284 0.53357 0.426856 0.213428 0.320142 0.426856 0.213428 0.213428 0.426856 0.213428 0.320142 0.106714 0.106714 0.106714 0.106714 0.106714 0.640284 0.426856 0.213428 0.106714 0 0.426856 0.106714 0.320142 0.213428 0.320142 0 0.106714 0 0 0 0 0 0 0 0 0 0 0 0 0 0 0 0 0 0
1 1 2005 6  0 0 0 0 0 0 0 0 0 0 0 0 0 0 0 0 0 0 0 0 0 0 0 0 0 0 0 0 0.143346 0.143346 0.286692 0 0 0.143346 0.716731 0.286692 0.430038 0.716731 1.00342 1.43346 2.00685 1.72015 3.01027 3.87035 5.30381 8.74411 7.59734 9.89088 13.0445 14.1913 13.6179 17.4882 19.3517 19.2084 24.2255 27.0924 25.2289 27.0924 28.9559 25.8023 20.7852 22.9354 19.3517 15.7681 13.1878 12.4711 9.74754 8.45742 7.454 4.44373 6.16388 4.44373 6.02054 5.01711 3.29696 3.01027 3.29696 3.44031 2.43688 2.00685 1.72015 2.72358 1.14677 2.15019 1.57681 1.8635 1.72015 1.57681 0.860077 1.8635 1.29012 1.14677 0 0 0.430038 0.286692 0.286692 0.143346 0 0.143346 0 0 0 0 0 0 0 0 0 0 0 0
1 1 2005 7  0 0 0 0 0 0 0 0 0 0 0 0 0 0 0 0 0 0 0 0 0 0 0 0 0 0 0 0 0.304079 0 0.608159 0.608159 1.21632 0.912238 0.912238 3.34487 6.08159 9.12238 14.8999 21.2856 30.4079 45.916 56.8628 86.3585 96.6972 133.187 138.356 184.576 192.786 224.411 266.374 284.618 292.22 311.377 306.512 299.518 292.22 267.894 237.486 225.627 194.307 187.009 148.999 138.66 116.462 100.65 75.4117 70.2423 72.0668 48.0445 43.1793 46.8282 37.7058 30.712 32.8406 32.5365 23.11 20.3733 18.2448 16.1162 18.8529 18.8529 13.3795 11.8591 12.1632 10.0346 8.21014 4.56119 3.34487 6.08159 3.04079 1.82448 1.82448 1.21632 1.21632 1.21632 0.912238 0.304079 0.608159 0.304079 0 0.304079 0 0 0 0 0 0 0 0 0 0
1 1 2005 8  0 0 0 0 0 0 0 0 0 0 0 0 0 0 0 0 0 0 0 0 0 0 0 0 0 0 0 0 0 0 0 0 0 0 0 0 0 0 0 0 0 0 0 0 0 0 0 0 0 0 0 0 0 0 0 0 0 0 0 0 0 0 0 0 0 0 0 0 0 0 0 0 0 0 0 0 0 0 0 0 0 0 0 0 0 0 0 0 0 0 0 0 0 0 0 0 0 0 0 0 0 0 0 0 0 0 0 0 0 0 0 0
1 1 2005 9  0 0 0 0 0 0 0 0 0 0 0 0 0 0 0 0 0 0 0 0.180758 0 0 0 0 0 0.180758 0 0.180758 0 0.903789 0.542273 1.2653 1.08455 1.62682 1.08455 0.903789 1.08455 1.44606 2.16909 4.33819 7.77258 7.77258 13.3761 13.5568 18.7988 26.5714 36.5131 42.8396 51.5159 56.7579 69.0494 68.8687 80.6179 75.376 83.1485 78.8104 74.8337 69.411 66.6996 62.3614 58.204 51.5159 36.8746 39.0437 29.102 26.7521 22.7755 20.9679 19.7026 18.4373 15.3644 14.0991 11.7493 12.4723 10.1224 9.94167 9.21864 8.49561 5.78425 6.86879 7.23031 7.41107 3.97667 3.4344 2.53061 2.53061 2.71137 1.80758 1.44606 2.16909 0.903789 0.723031 0.542273 0.542273 0.180758 0.180758 0.180758 0 0 0 0 0 0 0 0 0 0 0 0 0 0 0
1 1 2006 1  0 0 0 0 0 0 0 0 0 0 0 0 0 0 0 0 0 0 0 0 0 0 0 1.10901 1.10901 1.10901 1.10901 4.43603 4.43603 6.65405 12.1991 16.6351 18.8531 11.0901 12.1991 6.65405 11.0901 9.98107 22.1802 13.3081 22.1802 28.8342 46.5783 54.3414 34.3793 53.2324 48.7964 52.1234 52.1234 53.2324 52.1234 78.7396 75.4126 87.6117 102.029 106.465 109.792 95.3747 102.029 102.029 75.4126 78.7396 86.5026 67.6495 79.8486 75.4126 63.2135 46.5783 53.2324 39.9243 31.0522 44.3603 29.9432 28.8342 19.9621 16.6351 9.98107 15.5261 16.6351 13.3081 14.4171 8.87207 3.32702 13.3081 6.65405 6.65405 8.87207 5.54504 3.32702 6.65405 3.32702 3.32702 2.21802 1.10901 2.21802 3.32702 1.10901 2.21802 0 0 0 0 0 0 0 0 0 0 0 0 0 0
1 1 2006 2  0 0 0 0 0 0 0 0 0 0 0 0 0 0 0 0 0 0 0 0 0 0 0 6.19333 18.58 6.19333 6.19333 6.19333 6.19333 0 0 0 0 6.19333 0 0 6.19333 6.19333 30.9666 12.3867 0 0 0 0 12.3867 0 6.19333 6.19333 6.19333 12.3867 6.19333 24.7733 24.7733 6.19333 12.3867 12.3867 18.58 6.19333 6.19333 30.9666 0 12.3867 12.3867 12.3867 6.19333 18.58 6.19333 6.19333 18.58 6.19333 6.19333 0 0 6.19333 12.3867 12.3867 0 0 0 0 0 0 0 0 0 0 0 0 0 0 0 0 0 0 0 0 0 0 0 0 0 0 0 0 0 0 0 0 0 0 0 0
1 1 2006 3  0 0 0 0 0 0 0 0 0 0 0 0 0 0 0 0 0 0 0 0 0 0 0 0 0 0 0 0 0 0 0 2.08375 0 0 2.08375 2.08375 1.04188 4.16751 4.16751 5.20938 6.25126 9.37689 5.20938 4.16751 1.04188 1.04188 0 7.29313 3.12563 3.12563 4.16751 9.37689 9.37689 4.16751 11.4606 15.6281 11.4606 21.8794 19.7957 28.1307 42.7169 27.0888 16.67 11.4606 15.6281 12.5025 8.33501 6.25126 4.16751 7.29313 2.08375 5.20938 3.12563 2.08375 2.08375 1.04188 0 2.08375 3.12563 0 0 1.04188 2.08375 0 1.04188 0 0 0 0 0 0 0 0 0 0 0 0 0 0 0 0 0 0 0 0 0 0 0 0 0 0 0
1 1 2006 4  0 0 0 0 0 0 0 0 0 0 0 0 0 0 0 0 0 0 0 0 0 0 0 0 0.227806 0 0.227806 0.227806 0.911225 0.227806 0.911225 0.683419 2.27806 0.911225 2.27806 2.96148 2.73368 5.01174 6.37858 9.11225 12.3015 19.8191 23.464 25.7421 27.5646 33.7153 38.2715 39.8661 43.2832 42.372 55.8125 64.0136 69.7087 83.8327 81.5547 86.5664 86.1108 92.0337 90.6669 85.883 75.1761 71.5312 61.9633 55.5847 44.4222 36.6768 32.8041 23.6919 27.1089 22.0972 16.4021 16.4021 12.985 10.2513 8.88445 8.20103 11.6181 10.7069 7.74541 5.69516 6.60638 5.92296 3.6449 4.10051 4.55613 5.46735 5.23954 2.96148 2.96148 2.27806 2.27806 2.73368 1.36684 2.05026 0.455613 1.36684 0.227806 1.13903 0.911225 0 0.227806 0 0 0 0 0 0 0 0 0 0 0
1 1 2006 5  0 0 0 0 0 0 0 0 0 0 0 0 0 0 0 0 0 0 0 0 0 0 0 0 0 0 0 0 0 0 0 0 0 0 0 0 0 0 0 0 0 0 0 0 0.444086 0.444086 0 0 0 0 0 0 0.888172 0.444086 1.77634 1.77634 1.77634 3.55269 1.77634 2.66452 3.1086 2.22043 0.888172 2.22043 2.22043 1.77634 1.33226 0.888172 2.22043 0.444086 0.444086 0 0.444086 0.888172 0 0 0 0.888172 0 0 0 0.444086 0.888172 0 0.888172 0.444086 0 0 0.444086 0 0 0 0 0 0 0 0 0 0 0 0 0 0 0 0 0 0 0 0 0 0 0
1 1 2006 6  0 0 0 0 0 0 0 0 0 0 0 0 0 0 0 0 0 0 0 0 0 0 0 0 0.119359 0 0.358077 0 0.119359 0.358077 0.238718 0.238718 0.477436 1.19359 1.07423 2.38718 2.0291 4.17756 3.93885 6.32603 8.23577 11.8165 14.0844 18.2619 19.4555 24.8267 27.93 31.7495 40.1046 38.553 44.7596 48.3404 55.1438 58.3665 61.2312 67.4378 61.3505 63.9764 60.515 53.3535 49.4146 45.1177 39.5078 34.1367 29.243 23.8718 19.3362 16.4715 12.294 7.04218 7.51962 7.75833 6.56474 4.53564 4.53564 3.93885 3.10333 2.98397 2.86462 2.14846 2.38718 1.79038 2.6259 2.38718 2.74526 1.67103 0.835513 1.67103 0.835513 1.79038 0.596795 1.43231 0.716154 0.358077 0.716154 0.477436 0.238718 0.238718 0 0 0 0 0 0 0 0 0 0 0 0 0 0
1 1 2006 7  0 0 0 0 0 0 0 0 0 0 0 0 0 0 0 0 0 0 0 0 0 0 0 0 0 0 0 0 0 0 0.748443 0.374222 0.748443 0.374222 0.748443 4.86488 4.86488 5.2391 11.6009 17.9626 26.5697 37.0479 49.023 72.599 84.9483 100.291 117.131 124.616 150.811 171.019 212.558 220.791 252.974 259.71 291.893 286.28 271.311 289.273 278.047 274.304 249.606 264.949 208.441 181.497 153.431 133.971 116.383 101.04 83.0772 76.7154 56.1332 53.1395 47.5261 35.9253 35.9253 32.5573 27.6924 24.6986 20.5822 21.3306 18.7111 20.208 16.84 16.4658 18.3369 16.0915 11.9751 8.6071 7.48443 8.98132 10.104 5.98755 5.2391 4.49066 1.12266 1.87111 2.99377 0.374222 0.748443 0 0 0.374222 0 0 0 0 0 0 0 0 0 0
1 1 2006 8  0 0 0 0 0 0 0 0 0 0 0 0 0 0 0 0 0 0 0 0 0 0 0 0 0 0 0 0 0 0 0 0 0 0 0 0 0 0 0 0 0 0 0 0 0 0 0 0 0 0 0 0 0 0 0 0 0 0 0 0 0 0 0 0 0 0 0 0 0 0 0 0 0 0 0 0 0 0 0 0 0 0 0 0 0 0 0 0 0 0 0 0 0 0 0 0 0 0 0 0 0 0 0 0 0 0 0 0 0 0 0 0
1 1 2006 9  0 0 0 0 0 0 0 0 0 0 0 0 0 0 0 0 0 0 0 0 0 0 0 0 0 0 0 0 0 0 0.284429 0.142214 0.426643 0.995501 0.426643 1.56436 1.27993 3.55536 4.12422 7.82179 10.2394 8.95951 10.9505 15.7858 12.5149 18.9145 17.7768 19.7678 17.3502 24.7453 27.3052 31.5716 31.0027 38.6823 33.847 43.091 36.9758 36.2647 32.8515 33.2782 31.2872 29.0117 21.901 20.1944 17.919 18.6301 7.82179 10.2394 7.25294 6.82629 5.40415 3.982 4.12422 2.9865 2.41765 2.41765 1.42214 1.991 2.27543 1.27993 2.55986 0.711072 1.56436 0.284429 1.27993 1.70657 0.284429 0.426643 0.568858 0.853287 0.142214 0.142214 0 0.284429 0.426643 0.142214 0 0.142214 0 0 0 0 0 0 0 0 0 0 0 0 0 0
1 1 2007 1  0 0 0 0 0 0 0 0 0 0 0 0 10.2157 0 0 0 0 0 2.7861 1.8574 0 1.8574 0 1.8574 0.928699 2.7861 7.42959 6.50089 12.0731 24.1462 32.5045 52.0071 68.7237 72.4385 74.2959 71.5098 67.795 51.0784 39.0053 61.2941 35.2906 42.7201 54.7932 87.2977 58.508 108.658 114.23 117.945 104.943 100.299 99.3708 115.159 91.9412 100.299 68.7237 78.0107 69.6524 65.9376 98.4421 86.369 88.2264 91.0125 80.7968 60.3654 62.2228 64.0802 54.7932 38.0766 24.1462 36.2193 22.2888 20.4314 21.3601 19.5027 14.8592 15.7879 10.2157 12.0731 14.8592 8.35829 7.42959 10.2157 9.28699 8.35829 7.42959 8.35829 4.64349 1.8574 7.42959 2.7861 0.928699 3.7148 2.7861 1.8574 2.7861 1.8574 0.928699 0 0 0 0 0 0 0 0 0 0 0 0 0 0 0
1 1 2007 2  0 0 0 0 0 0 0 0 0 0 0 0 0 0 0 0 0 0 6.28299 4.71224 0 3.14149 2.35612 3.92687 2.35612 1.57075 0.785374 1.57075 0 0.785374 1.57075 1.57075 2.35612 3.92687 5.49762 8.63911 9.42448 15.7075 14.9221 18.849 15.7075 25.132 20.4197 25.132 14.9221 12.566 10.2099 14.1367 9.42448 5.49762 9.42448 16.4928 11.7806 15.7075 13.3514 14.9221 20.4197 22.7758 14.1367 10.9952 9.42448 16.4928 10.2099 10.2099 12.566 7.06836 10.2099 6.28299 9.42448 3.92687 3.92687 2.35612 1.57075 0 0.785374 3.14149 1.57075 0 0 0 0.785374 0 0 0 0 0 0 0 0 0 0 0 0 0 0 0 0 0 0 0 0 0 0 0 0 0 0 0 0 0 0 0
1 1 2007 3  0 0 0 0 0 0 0 0 0 0 0 0 0 0 0 0 0 0 0 0 0 0 0 0 0 0 0 0 0 0 0 0 0 0 0 0 0 3.42559 0 3.42559 6.85118 6.85118 6.85118 10.2768 27.4047 47.9582 34.2559 27.4047 27.4047 23.9791 17.1279 17.1279 6.85118 6.85118 23.9791 23.9791 13.7024 34.2559 37.6815 13.7024 10.2768 3.42559 3.42559 3.42559 3.42559 13.7024 3.42559 3.42559 6.85118 0 3.42559 3.42559 0 10.2768 0 0 0 0 0 0 0 0 0 0 0 0 0 0 0 0 0 0 0 0 0 0 0 0 0 0 0 0 0 0 0 0 0 0 0 0 0 0
1 1 2007 4  0 0 0 0 0 0 0 0 0 0 0 0 0 0 0 0 0 0 0 0 0 0 0.251501 0 0 0 0 0.251501 0.251501 1.00601 0.754504 2.01201 1.76051 2.51501 3.26952 4.27552 3.26952 4.27552 7.54504 6.53904 10.5631 18.6111 22.6351 25.6531 30.1802 43.0067 51.3063 53.0668 62.1208 63.3784 70.6719 77.9654 83.4985 76.4564 96.828 80.4804 80.4804 77.2109 77.2109 75.4504 66.1449 73.9414 59.3543 56.8393 50.0488 42.2522 38.9827 28.4197 25.1501 26.4076 16.5991 17.1021 12.8266 7.54504 5.78453 10.0601 8.04804 6.03603 4.27552 4.02402 3.52102 4.77853 4.27552 4.77853 4.02402 3.77252 2.51501 4.27552 3.52102 3.26952 3.52102 2.76652 0.251501 0.251501 0 1.25751 0.251501 0 0.251501 0.251501 0.251501 0.251501 0 0 0.251501 0 0 0 0 0 0 0
1 1 2007 5  0 0 0 0 0 0 0 0 0 0 0 0 0 0 0 0 0 0 0 0 0 0 0 0.122285 0 0 0 0 0.366854 0.24457 0.366854 0.855993 0.24457 0.366854 0.489139 0.611424 0.978278 0.489139 0.24457 0.855993 1.10056 0.733709 1.10056 0.489139 0.611424 0.733709 0.489139 0.489139 0.366854 0.978278 1.34513 1.71199 1.5897 2.69026 0.978278 2.32341 2.81255 2.69026 1.83427 2.56798 1.71199 2.81255 1.22285 1.22285 0.855993 2.07884 1.83427 1.34513 0.733709 0.611424 0.611424 0.366854 0.611424 0.24457 0.366854 0.366854 0.122285 0.366854 0.489139 0 0.122285 0.122285 0.24457 0.122285 0.24457 0 0 0 0 0 0 0 0 0 0 0 0 0 0 0 0 0 0 0 0 0 0 0 0 0 0 0
1 1 2007 6  0 0 0 0 0 0 0 0 0 0 0 0 0 0 0 0 0 0 0 0 0 0 0 0 0 0 0 0 0 0 0 0 0.864152 0.864152 1.7283 3.45661 6.91322 3.45661 11.234 13.8264 21.6038 22.468 24.1963 34.5661 29.3812 32.8378 31.1095 21.6038 41.4793 42.3435 42.3435 54.4416 55.3057 55.3057 63.9473 53.5774 72.5888 51.8491 51.8491 56.1699 44.9359 47.5284 41.4793 40.6152 19.8755 20.7397 20.7397 29.3812 18.1472 11.234 10.3698 6.04907 2.59246 3.45661 5.18491 6.04907 1.7283 2.59246 3.45661 2.59246 1.7283 1.7283 0 0.864152 0.864152 0 0.864152 0 0 0 0 1.7283 0 0 0 0 0 0 0 0 0 0 0 0 0 0 0 0 0 0 0 0
1 1 2007 7  0 0 0 0 0 0 0 0 0 0 0 0 0 0 0 0 0 0 0 0 0 0 0 1.23505 0.411683 0.411683 0 0.411683 0.411683 0.823365 0 1.23505 2.4701 2.05841 4.11683 4.52851 9.4687 11.5271 11.5271 20.9958 23.8776 41.5799 61.7524 75.7496 94.687 117.33 148.617 164.261 210.37 201.313 193.903 231.366 240.011 247.01 274.592 271.299 244.951 263.889 271.711 255.243 231.777 230.131 211.193 201.724 167.143 148.617 130.092 98.3921 89.3351 56.8122 55.5772 53.5187 42.815 35.4047 32.1112 30.8762 30.0528 19.3491 18.5257 20.5841 23.8776 16.0556 16.879 12.3505 14.4089 15.6439 13.5855 10.7037 9.4687 12.3505 11.1154 5.76356 6.9986 2.4701 4.52851 3.70514 2.05841 0.823365 0.411683 0.823365 0.823365 0.411683 0.411683 0 0 0 0 0 0 0 0 0
1 1 2007 8  0 0 0 0 0 0 0 0 0 0 0 0 0 0 0 0 0 0 0 0 0 0 0 0 0 0 0 0 0 0 0 0 0 0 0 0 0 0 0 0 0 0 0 0 0 0 0 0 0 0 0 0 0 0 0 0 0 0 0 0 0 0 0 0 0 0 0 0 0 0 0 0 0 0 0 0 0 0 0 0 0 0 0 0 0 0 0 0 0 0 0 0 0 0 0 0 0 0 0 0 0 0 0 0 0 0 0 0 0 0 0 0
1 1 2007 9  0 0 0 0 0 0 0 0 0 0 0 0 0 0 0 0 0 0 0 0 0 0 0 0 0 0 0 0 0 0 0 0 1.69113 1.69113 1.69113 1.69113 0 0 1.69113 1.69113 0 5.07339 5.07339 8.45564 3.38226 10.1468 11.8379 11.8379 21.9847 21.9847 28.7492 28.7492 42.2782 38.896 49.0427 40.5871 37.2048 32.1314 43.9693 32.1314 27.0581 18.6024 18.6024 18.6024 16.9113 18.6024 11.8379 10.1468 6.76451 11.8379 11.8379 1.69113 3.38226 5.07339 5.07339 3.38226 1.69113 1.69113 3.38226 0 1.69113 3.38226 0 0 1.69113 0 0 3.38226 1.69113 0 0 1.69113 0 0 0 0 0 0 0 0 0 0 0 0 0 0 0 0 0 0 0 0
