year stratum sex length freq prop avg_wt nwt_samples nlen_samples naged
1991 1 1 9 0 0 0 0 0 0
1991 2 1 9 0 0 0 0 0 0
1991 3 1 9 0 0 0 0 0 0
1991 4 1 9 0 0 0 0 0 0
1991 5 1 9 0 0 0 0 0 0
1991 6 1 9 0 2.91338e-307 0 0 0 0
1991 7 1 9 0 0 0 0 0 0
1991 8 1 9 0 0 0 0 0 0
1991 9 1 9 0 2.91338e-307 0 0 0 0
1991 1 2 9 0 0 0 0 0 0
1991 2 2 9 0 0 0 0 0 0
1991 3 2 9 0 0 0 0 0 0
1991 4 2 9 0 0 0 0 0 0
1991 5 2 9 0 0 0 0 0 0
1991 6 2 9 0 2.91338e-307 0 0 0 0
1991 7 2 9 0 0 0 0 0 0
1991 8 2 9 0 0 0 0 0 0
1991 9 2 9 0 2.91338e-307 0 0 0 0
1991 1 1 10 0 0 0 0 0 0
1991 2 1 10 0 0 0 0 0 0
1991 3 1 10 0 0 0 0 0 0
1991 4 1 10 0 0 0 0 0 0
1991 5 1 10 0 0 0 0 0 0
1991 6 1 10 0 0 0 0 0 0
1991 7 1 10 0 0 0 0 0 0
1991 8 1 10 0 0 0 0 0 0
1991 9 1 10 0 0 0 0 0 0
1991 1 2 10 0 0 0 0 0 0
1991 2 2 10 0 0 0 0 0 0
1991 3 2 10 0 0 0 0 0 0
1991 4 2 10 0 0 0 0 0 0
1991 5 2 10 0 0 0 0 0 0
1991 6 2 10 0 0 0 0 0 0
1991 7 2 10 0 0 0 0 0 0
1991 8 2 10 0 0 0 0 0 0
1991 9 2 10 0 0 0 0 0 0
1991 1 1 11 0 0 0 0 0 0
1991 2 1 11 0 0 0 0 0 0
1991 3 1 11 0 0 0 0 0 0
1991 4 1 11 0 0 0 0 0 0
1991 5 1 11 0 0 0 0 0 0
1991 6 1 11 0 0 0 0 0 0
1991 7 1 11 0 0 0 0 0 0
1991 8 1 11 0 0 0 0 0 0
1991 9 1 11 0 0 0 0 0 0
1991 1 2 11 0 0 0 0 0 0
1991 2 2 11 0 0 0 0 0 0
1991 3 2 11 0 0 0 0 0 0
1991 4 2 11 0 0 0 0 0 0
1991 5 2 11 0 0 0 0 0 0
1991 6 2 11 0 0 0 0 0 0
1991 7 2 11 0 0 0 0 0 0
1991 8 2 11 0 0 0 0 0 0
1991 9 2 11 0 0 0 0 0 0
1991 1 1 12 0 1.23093e-05 0 0 1.5 0
1991 2 1 12 0 0 0 0 0 0
1991 3 1 12 0 0 0 0 0 0
1991 4 1 12 0 0 0 0 0 0
1991 5 1 12 0 0 0 0 0 0
1991 6 1 12 0 0 0 0 0 0
1991 7 1 12 0 0 0 0 0 0
1991 8 1 12 0 0 0 0 0 0
1991 9 1 12 0 0 0 0 0 0
1991 1 2 12 0 4.1031e-06 0 0 0.5 0
1991 2 2 12 0 0 0 0 0 0
1991 3 2 12 0 0 0 0 0 0
1991 4 2 12 0 0 0 0 0 0
1991 5 2 12 0 0 0 0 0 0
1991 6 2 12 0 0 0 0 0 0
1991 7 2 12 0 0 0 0 0 0
1991 8 2 12 0 0 0 0 0 0
1991 9 2 12 0 0 0 0 0 0
1991 1 1 13 0 0 0 0 0 0
1991 2 1 13 0 0 0 0 0 0
1991 3 1 13 0 0 0 0 0 0
1991 4 1 13 0 0 0 0 0 0
1991 5 1 13 0 0 0 0 0 0
1991 6 1 13 0 0 0 0 0 0
1991 7 1 13 0 0 0 0 0 0
1991 8 1 13 0 0 0 0 0 0
1991 9 1 13 0 0 0 0 0 0
1991 1 2 13 0 0 0 0 0 0
1991 2 2 13 0 0 0 0 0 0
1991 3 2 13 0 0 0 0 0 0
1991 4 2 13 0 0 0 0 0 0
1991 5 2 13 0 0 0 0 0 0
1991 6 2 13 0 0 0 0 0 0
1991 7 2 13 0 0 0 0 0 0
1991 8 2 13 0 0 0 0 0 0
1991 9 2 13 0 0 0 0 0 0
1991 1 1 14 0 0 0 0 0 0
1991 2 1 14 0 0 0 0 0 0
1991 3 1 14 0 0 0 0 0 0
1991 4 1 14 0 0 0 0 0 0
1991 5 1 14 0 0 0 0 0 0
1991 6 1 14 0 0 0 0 0 0
1991 7 1 14 0 0 0 0 0 0
1991 8 1 14 0 0 0 0 0 0
1991 9 1 14 0 0 0 0 0 0
1991 1 2 14 0 0 0 0 0 0
1991 2 2 14 0 0 0 0 0 0
1991 3 2 14 0 0 0 0 0 0
1991 4 2 14 0 0 0 0 0 0
1991 5 2 14 0 0 0 0 0 0
1991 6 2 14 0 0 0 0 0 0
1991 7 2 14 0 0 0 0 0 0
1991 8 2 14 0 0 0 0 0 0
1991 9 2 14 0 0 0 0 0 0
1991 1 1 15 0 0 0 0 0 0
1991 2 1 15 0 0 0 0 0 0
1991 3 1 15 0 0 0 0 0 0
1991 4 1 15 0 0 0 0 0 0
1991 5 1 15 0 0 0 0 0 0
1991 6 1 15 0 0 0 0 0 0
1991 7 1 15 0 0 0 0 0 0
1991 8 1 15 0 0 0 0 0 0
1991 9 1 15 0 0 0 0 0 0
1991 1 2 15 0 0 0 0 0 0
1991 2 2 15 0 0 0 0 0 0
1991 3 2 15 0 0 0 0 0 0
1991 4 2 15 0 0 0 0 0 0
1991 5 2 15 0 0 0 0 0 0
1991 6 2 15 0 0 0 0 0 0
1991 7 2 15 0 0 0 0 0 0
1991 8 2 15 0 0 0 0 0 0
1991 9 2 15 0 0 0 0 0 0
1991 1 1 16 0 4.1031e-06 0 0 0.5 0
1991 2 1 16 0 0 0 0 0 0
1991 3 1 16 0 0 0 0 0 0
1991 4 1 16 0 0 0 0 0 0
1991 5 1 16 0 0 0 0 0 0
1991 6 1 16 0 0 0 0 0 0
1991 7 1 16 0 0 0 0 0 0
1991 8 1 16 0 0 0 0 0 0
1991 9 1 16 0 0 0 0 0 0
1991 1 2 16 0 4.1031e-06 0 0 0.5 0
1991 2 2 16 0 0 0 0 0 0
1991 3 2 16 0 0 0 0 0 0
1991 4 2 16 0 0 0 0 0 0
1991 5 2 16 0 0 0 0 0 0
1991 6 2 16 0 0 0 0 0 0
1991 7 2 16 0 0 0 0 0 0
1991 8 2 16 0 0 0 0 0 0
1991 9 2 16 0 0 0 0 0 0
1991 1 1 17 0 4.1031e-06 0 0 0.5 0
1991 2 1 17 0 0 0 0 0 0
1991 3 1 17 0 0 0 0 0 0
1991 4 1 17 0 0 0 0 0 0
1991 5 1 17 0 0 0 0 0 0
1991 6 1 17 0 0 0 0 0 0
1991 7 1 17 0 0 0 0 0 0
1991 8 1 17 0 0 0 0 0 0
1991 9 1 17 0 0 0 0 0 0
1991 1 2 17 0 4.1031e-06 0 0 0.5 0
1991 2 2 17 0 0 0 0 0 0
1991 3 2 17 0 0 0 0 0 0
1991 4 2 17 0 0 0 0 0 0
1991 5 2 17 0 0 0 0 0 0
1991 6 2 17 0 0 0 0 0 0
1991 7 2 17 0 0 0 0 0 0
1991 8 2 17 0 0 0 0 0 0
1991 9 2 17 0 0 0 0 0 0
1991 1 1 18 0 0 0 0 0 0
1991 2 1 18 0 0 0 0 0 0
1991 3 1 18 0 0 0 0 0 0
1991 4 1 18 0 0 0 0 0 0
1991 5 1 18 0 0 0 0 0 0
1991 6 1 18 0 0 0 0 0 0
1991 7 1 18 0 0 0 0 0 0
1991 8 1 18 0 0 0 0 0 0
1991 9 1 18 0 0 0 0 0 0
1991 1 2 18 0 0 0 0 0 0
1991 2 2 18 0 0 0 0 0 0
1991 3 2 18 0 0 0 0 0 0
1991 4 2 18 0 0 0 0 0 0
1991 5 2 18 0 0 0 0 0 0
1991 6 2 18 0 0 0 0 0 0
1991 7 2 18 0 0 0 0 0 0
1991 8 2 18 0 0 0 0 0 0
1991 9 2 18 0 0 0 0 0 0
1991 1 1 19 0 1.23093e-05 0 0 1.5 0
1991 2 1 19 0 0 0 0 0 0
1991 3 1 19 0 0 0 0 0 0
1991 4 1 19 0 0 0 0 0 0
1991 5 1 19 0 0 0 0 0 0
1991 6 1 19 0 0 0 0 0 0
1991 7 1 19 0 0 0 0 0 0
1991 8 1 19 0 0 0 0 0 0
1991 9 1 19 0 0 0 0 0 0
1991 1 2 19 0 1.23093e-05 0 0 1.5 0
1991 2 2 19 0 0 0 0 0 0
1991 3 2 19 0 0 0 0 0 0
1991 4 2 19 0 0 0 0 0 0
1991 5 2 19 0 0 0 0 0 0
1991 6 2 19 0 0 0 0 0 0
1991 7 2 19 0 0 0 0 0 0
1991 8 2 19 0 0 0 0 0 0
1991 9 2 19 0 0 0 0 0 0
1991 1 1 20 0 0 0 0 0 0
1991 2 1 20 0 0 0 0 0 0
1991 3 1 20 0 0 0 0 0 0
1991 4 1 20 0 0 0 0 0 0
1991 5 1 20 0 0 0 0 0 0
1991 6 1 20 0 0 0 0 0 0
1991 7 1 20 0 0 0 0 0 0
1991 8 1 20 0 0 0 0 0 0
1991 9 1 20 0 0 0 0 0 0
1991 1 2 20 0 0 0 0 0 0
1991 2 2 20 0 0 0 0 0 0
1991 3 2 20 0 0 0 0 0 0
1991 4 2 20 0 0 0 0 0 0
1991 5 2 20 0 0 0 0 0 0
1991 6 2 20 0 0 0 0 0 0
1991 7 2 20 0 0 0 0 0 0
1991 8 2 20 0 0 0 0 0 0
1991 9 2 20 0 0 0 0 0 0
1991 1 1 21 0.0525068 4.1031e-06 0.75 0 0.5 0
1991 2 1 21 0 0 0.75 0 0 0
1991 3 1 21 0 0 0.75 0 0 0
1991 4 1 21 0 0 0.75 0 0 0
1991 5 1 21 0 0 0.75 0 0 0
1991 6 1 21 0 0 0.75 0 0 0
1991 7 1 21 0 0 0.75 0 0 0
1991 8 1 21 0 0 0.75 0 0 0
1991 9 1 21 0 0 0.75 0 0 0
1991 1 2 21 0.0525068 4.1031e-06 0.75 1 0.5 0
1991 2 2 21 0 0 0.75 0 0 0
1991 3 2 21 0 0 0.75 0 0 0
1991 4 2 21 0 0 0.75 0 0 0
1991 5 2 21 0 0 0.75 0 0 0
1991 6 2 21 0 0 0.75 0 0 0
1991 7 2 21 0 0 0.75 0 0 0
1991 8 2 21 0 0 0.75 0 0 0
1991 9 2 21 0 0 0.75 0 0 0
1991 1 1 22 0 8.20621e-06 0 0 1 0
1991 2 1 22 0 0 0 0 0 0
1991 3 1 22 0 0 0 0 0 0
1991 4 1 22 0 0 0 0 0 0
1991 5 1 22 0 0 0 0 0 0
1991 6 1 22 0 0 0 0 0 0
1991 7 1 22 0 0 0 0 0 0
1991 8 1 22 0 0 0 0 0 0
1991 9 1 22 0 0 0 0 0 0
1991 1 2 22 0 0 0 0 0 0
1991 2 2 22 0 0 0 0 0 0
1991 3 2 22 0 0 0 0 0 0
1991 4 2 22 0 0 0 0 0 0
1991 5 2 22 0 0 0 0 0 0
1991 6 2 22 0 0 0 0 0 0
1991 7 2 22 0 0 0 0 0 0
1991 8 2 22 0 0 0 0 0 0
1991 9 2 22 0 0 0 0 0 0
1991 1 1 23 0 0 0 0 0 0
1991 2 1 23 0 0 0 0 0 0
1991 3 1 23 0 0 0 0 0 0
1991 4 1 23 0 0 0 0 0 0
1991 5 1 23 0 0 0 0 0 0
1991 6 1 23 0 0 0 0 0 0
1991 7 1 23 0 0 0 0 0 0
1991 8 1 23 0 0 0 0 0 0
1991 9 1 23 0 0 0 0 0 0
1991 1 2 23 0 0 0 0 0 0
1991 2 2 23 0 0 0 0 0 0
1991 3 2 23 0 0 0 0 0 0
1991 4 2 23 0 0 0 0 0 0
1991 5 2 23 0 0 0 0 0 0
1991 6 2 23 0 0 0 0 0 0
1991 7 2 23 0 0 0 0 0 0
1991 8 2 23 0 0 0 0 0 0
1991 9 2 23 0 0 0 0 0 0
1991 1 1 24 0 4.1031e-06 0 0 0.5 0
1991 2 1 24 0 0 0 0 0 0
1991 3 1 24 0 0 0 0 0 0
1991 4 1 24 0 0 0 0 0 0
1991 5 1 24 0 0 0 0 0 0
1991 6 1 24 0 0 0 0 0 0
1991 7 1 24 0 0 0 0 0 0
1991 8 1 24 0 0 0 0 0 0
1991 9 1 24 0 0 0 0 0 0
1991 1 2 24 0 4.1031e-06 0 0 0.5 0
1991 2 2 24 0 0 0 0 0 0
1991 3 2 24 0 0 0 0 0 0
1991 4 2 24 0 0 0 0 0 0
1991 5 2 24 0 0 0 0 0 0
1991 6 2 24 0 0 0 0 0 0
1991 7 2 24 0 0 0 0 0 0
1991 8 2 24 0 0 0 0 0 0
1991 9 2 24 0 0 0 0 0 0
1991 1 1 25 0 2.05155e-05 0 0 2.5 0
1991 2 1 25 0 0 0 0 0 0
1991 3 1 25 0 0 0 0 0 0
1991 4 1 25 0 0 0 0 0 0
1991 5 1 25 0 0 0 0 0 0
1991 6 1 25 0 0 0 0 0 0
1991 7 1 25 0 0 0 0 0 0
1991 8 1 25 0 0 0 0 0 0
1991 9 1 25 0 0 0 0 0 0
1991 1 2 25 0 1.23093e-05 0 0 1.5 0
1991 2 2 25 0 0 0 0 0 0
1991 3 2 25 0 0 0 0 0 0
1991 4 2 25 0 0 0 0 0 0
1991 5 2 25 0 0 0 0 0 0
1991 6 2 25 0 0 0 0 0 0
1991 7 2 25 0 0 0 0 0 0
1991 8 2 25 0 0 0 0 0 0
1991 9 2 25 0 0 0 0 0 0
1991 1 1 26 0 1.23093e-05 0 0 1.5 0
1991 2 1 26 0 0 0 0 0 0
1991 3 1 26 0 0 0 0 0 0
1991 4 1 26 0 0 0 0 0 0
1991 5 1 26 0 0 0 0 0 0
1991 6 1 26 0 0 0 0 0 0
1991 7 1 26 0 0 0 0 0 0
1991 8 1 26 0 0 0 0 0 0
1991 9 1 26 0 0 0 0 0 0
1991 1 2 26 0 1.23093e-05 0 0 1.5 0
1991 2 2 26 0 0 0 0 0 0
1991 3 2 26 0 0 0 0 0 0
1991 4 2 26 0 0 0 0 0 0
1991 5 2 26 0 0 0 0 0 0
1991 6 2 26 0 0 0 0 0 0
1991 7 2 26 0 0 0 0 0 0
1991 8 2 26 0 0 0 0 0 0
1991 9 2 26 0 0 0 0 0 0
1991 1 1 27 0.787601 6.15465e-05 0.2 1 7.5 0
1991 2 1 27 0 0 0.2 0 0 0
1991 3 1 27 0 0 0.2 0 0 0
1991 4 1 27 0 0 0.2 0 0 0
1991 5 1 27 0 0 0.2 0 0 0
1991 6 1 27 0 0 0.2 0 0 0
1991 7 1 27 0 0 0.2 0 0 0
1991 8 1 27 0 0 0.2 0 0 0
1991 9 1 27 0 0 0.2 0 0 0
1991 1 2 27 0.787601 6.15465e-05 0.2 1 7.5 0
1991 2 2 27 0 0 0.2 0 0 0
1991 3 2 27 0 0 0.2 1 0 0
1991 4 2 27 0 0 0.2 0 0 0
1991 5 2 27 0 0 0.2 0 0 0
1991 6 2 27 0 0 0.2 0 0 0
1991 7 2 27 0 0 0.2 0 0 0
1991 8 2 27 0 0 0.2 0 0 0
1991 9 2 27 0 0 0.2 0 0 0
1991 1 1 28 0.945122 7.38558e-05 0.2 1 9 0
1991 2 1 28 0 0 0.2 0 0 0
1991 3 1 28 0 0 0.2 0 0 0
1991 4 1 28 0 0 0.2 0 0 0
1991 5 1 28 0 0 0.2 0 0 0
1991 6 1 28 0 0 0.2 0 0 0
1991 7 1 28 0 0 0.2 0 0 0
1991 8 1 28 0 0 0.2 0 0 0
1991 9 1 28 0 0 0.2 0 0 0
1991 1 2 28 0.945122 7.38558e-05 0.2 0 9 0
1991 2 2 28 0 0 0.2 0 0 0
1991 3 2 28 0 0 0.2 0 0 0
1991 4 2 28 0 0 0.2 0 0 0
1991 5 2 28 0 0 0.2 0 0 0
1991 6 2 28 0 0 0.2 0 0 0
1991 7 2 28 0 0 0.2 0 0 0
1991 8 2 28 0 0 0.2 0 0 0
1991 9 2 28 0 0 0.2 0 0 0
1991 1 1 29 0 0.000139505 0 0 17 0
1991 2 1 29 0 0 0 0 0 0
1991 3 1 29 0 0 0 0 0 0
1991 4 1 29 0 0 0 0 0 0
1991 5 1 29 0 0 0 0 0 0
1991 6 1 29 0 0 0 0 0 0
1991 7 1 29 0 0 0 0 0 0
1991 8 1 29 0 0 0 0 0 0
1991 9 1 29 0 0 0 0 0 0
1991 1 2 29 0 0.000147712 0 0 18 0
1991 2 2 29 0 0 0 0 0 0
1991 3 2 29 0 0 0 0 0 0
1991 4 2 29 0 0 0 0 0 0
1991 5 2 29 0 0 0 0 0 0
1991 6 2 29 0 0 0 0 0 0
1991 7 2 29 0 0 0 0 0 0
1991 8 2 29 0 0 0 0 0 0
1991 9 2 29 0 0 0 0 0 0
1991 1 1 30 2.78286 0.000217464 0.26 3 26.5 0
1991 2 1 30 0 0 0.3 0 0 0
1991 3 1 30 0 0 0.3 0 0 0
1991 4 1 30 0 0 0.3 0 0 0
1991 5 1 30 0 0 0.3 0 0 0
1991 6 1 30 0 0 0.3 0 0 0
1991 7 1 30 0 0 0.3 0 0 0
1991 8 1 30 0 0 0.3 0 0 0
1991 9 1 30 0 0 0.3 0 0 0
1991 1 2 30 2.57283 0.000201052 0.24 2 24.5 0
1991 2 2 30 0 0 0.26 0 0 0
1991 3 2 30 0 0 0.26 0 0 0
1991 4 2 30 0 0 0.26 0 0 0
1991 5 2 30 0 0 0.26 0 0 0
1991 6 2 30 0 0 0.26 0 0 0
1991 7 2 30 0 0 0.26 0 0 0
1991 8 2 30 0 0 0.26 0 0 0
1991 9 2 30 0 0 0.26 0 0 0
1991 1 1 31 2.57283 0.000201052 0.465 4 24.5 0
1991 2 1 31 3.90617 0.00666667 0.775 0 0.5 0
1991 3 1 31 0 0 0.775 0 0 0
1991 4 1 31 0.0681914 3.34986e-05 0.775 0 0.5 0
1991 5 1 31 0 0 0.775 0 0 0
1991 6 1 31 0 0 0.775 0 0 0
1991 7 1 31 0.0275886 1.02741e-05 1.5 1 0.5 0
1991 8 1 31 0 0 0.775 0 0 0
1991 9 1 31 0 0 0.775 0 0 0
1991 1 2 31 2.25779 0.000176433 0.313333 6 21.5 0
1991 2 2 31 3.90617 0.00666667 0.324 0 0.5 0
1991 3 2 31 0 0 0.324 0 0 0
1991 4 2 31 0.0681914 3.34986e-05 0.324 0 0.5 0
1991 5 2 31 0 0 0.324 0 0 0
1991 6 2 31 0 0 0.324 0 0 0
1991 7 2 31 0.0275886 1.02741e-05 0.324 0 0.5 0
1991 8 2 31 0 0 0.324 0 0 0
1991 9 2 31 0 0 0.324 0 0 0
1991 1 1 32 4.41057 0.000344661 0.247143 7 42 0
1991 2 1 32 0 0 0.33 0 0 0
1991 3 1 32 0 0 0.33 0 0 0
1991 4 1 32 0 0 0.33 0 0 0
1991 5 1 32 0 0 0.33 0 0 0
1991 6 1 32 0 0 0.33 0 0 0
1991 7 1 32 0 0 0.33 0 0 0
1991 8 1 32 0 0 0.33 0 0 0
1991 9 1 32 0 0 0.33 0 0 0
1991 1 2 32 3.46545 0.000270805 0.297 10 33 0
1991 2 2 32 0 0 0.6275 0 0 0
1991 3 2 32 0 0 0.6275 0 0 0
1991 4 2 32 0 0 0.85 1 0 0
1991 5 2 32 0 0 0.6275 0 0 0
1991 6 2 32 0 0 0.6275 0 0 0
1991 7 2 32 0 0 1.94 1 0 0
1991 8 2 32 0 0 0.6275 0 0 0
1991 9 2 32 0 0 0.6275 0 0 0
1991 1 1 33 4.51558 0.000352867 0.4 12 43 0
1991 2 1 33 3.90617 0.00666667 0.687273 0 0.5 0
1991 3 1 33 0 0 0.687273 0 0 0
1991 4 1 33 0 0 0.687273 0 0 0
1991 5 1 33 0 0 0.687273 0 0 0
1991 6 1 33 0 0 0.687273 0 0 0
1991 7 1 33 0.0275886 1.02741e-05 1.765 2 0.5 0
1991 8 1 33 0 0 0.687273 0 0 0
1991 9 1 33 0 0 0.687273 0 0 0
1991 1 2 33 3.67547 0.000287217 0.353333 9 35 0
1991 2 2 33 3.90617 0.00666667 1.16111 0 0.5 0
1991 3 2 33 0 0 1.65 1 0 0
1991 4 2 33 0.136383 6.69972e-05 3.195 2 1 0
1991 5 2 33 0 0 1.16111 0 0 0
1991 6 2 33 0 0 1.16111 0 0 0
1991 7 2 33 0.0275886 1.02741e-05 1.16111 0 0.5 0
1991 8 2 33 0 0 1.16111 0 0 0
1991 9 2 33 0 0 1.16111 0 0 0
1991 1 1 34 3.99051 0.000311836 0.322222 9 38 0
1991 2 1 34 0 0 0.354 0 0 0
1991 3 1 34 0 0 0.354 0 0 0
1991 4 1 34 0 0 0.354 0 0 0
1991 5 1 34 0 0 0.354 0 0 0
1991 6 1 34 0 0 0.354 0 0 0
1991 7 1 34 0 0 0.354 0 0 0
1991 8 1 34 0 0 0.354 0 0 0
1991 9 1 34 0 0 0.354 0 0 0
1991 1 2 34 4.62059 0.000361073 0.433333 15 44 0
1991 2 2 34 0 0 0.488182 0 0 0
1991 3 2 34 0 0 0.488182 0 0 0
1991 4 2 34 0.136383 6.69972e-05 0.488182 0 1 0
1991 5 2 34 0 0 0.488182 0 0 0
1991 6 2 34 0 0 0.488182 0 0 0
1991 7 2 34 0 0 0.488182 0 0 0
1991 8 2 34 0 0 0.488182 0 0 0
1991 9 2 34 0 0 0.488182 0 0 0
1991 1 1 35 6.82588 0.000533403 0.419231 13 65 0
1991 2 1 35 3.90617 0.00666667 0.439091 0 0.5 0
1991 3 1 35 0 0 0.439091 0 0 0
1991 4 1 35 0 0 0.439091 0 0 0
1991 5 1 35 0 0 0.439091 0 0 0
1991 6 1 35 0 0 0.439091 0 0 0
1991 7 1 35 0.0275886 1.02741e-05 0.439091 0 0.5 0
1991 8 1 35 0 0 0.439091 0 0 0
1991 9 1 35 0 0 0.439091 0 0 0
1991 1 2 35 6.1958 0.000484166 0.485333 15 59 0
1991 2 2 35 3.90617 0.00666667 0.512308 0 0.5 0
1991 3 2 35 0 0 0.512308 0 0 0
1991 4 2 35 0.136383 6.69972e-05 0.512308 0 1 0
1991 5 2 35 0 0 0.512308 0 0 0
1991 6 2 35 0 0 0.512308 0 0 0
1991 7 2 35 0.0275886 1.02741e-05 0.512308 0 0.5 0
1991 8 2 35 0 0 0.512308 0 0 0
1991 9 2 35 0 0 0.512308 0 0 0
1991 1 1 36 8.97866 0.000701631 0.557368 19 85.5 0
1991 2 1 36 7.81235 0.0133333 0.5575 0 1 0
1991 3 1 36 0 0 0.536667 3 0 0
1991 4 1 36 0.0681914 3.34986e-05 0.51 1 0.5 0
1991 5 1 36 0 0 0.5575 0 0 0
1991 6 1 36 0 0 0.5575 0 0 0
1991 7 1 36 0.0275886 1.02741e-05 0.5575 0 0.5 0
1991 8 1 36 0 0 0.5575 0 0 0
1991 9 1 36 0 0 0.5575 0 0 0
1991 1 2 36 8.24356 0.000644187 0.4575 16 78.5 0
1991 2 2 36 7.81235 0.0133333 0.546111 0 1 0
1991 3 2 36 0 0 0.63 1 0 0
1991 4 2 36 0.204574 0.000100496 0.546111 0 1.5 0
1991 5 2 36 0 0 0.546111 0 0 0
1991 6 2 36 0 0 0.546111 0 0 0
1991 7 2 36 0.358651 0.000133563 0.86 4 6.5 0
1991 8 2 36 0 0 0.546111 0 0 0
1991 9 2 36 0 0 0.546111 0 0 0
1991 1 1 37 9.55623 0.000746765 0.505 16 91 0
1991 2 1 37 15.6247 0.0266667 0.85 1 2 0
1991 3 1 37 0 0 0.72 1 0 0
1991 4 1 37 0.136383 6.69972e-05 0.551111 0 1 0
1991 5 1 37 0 0 0.551111 0 0 0
1991 6 1 37 0 0 0.551111 0 0 0
1991 7 1 37 0.0275886 1.02741e-05 0.61 1 0.5 0
1991 8 1 37 0 0 0.551111 0 0 0
1991 9 1 37 0 0 0.551111 0 0 0
1991 1 2 37 10.9214 0.000853445 0.619048 21 104 0
1991 2 2 37 15.6247 0.0266667 0.658333 0 2 0
1991 3 2 37 0 0 0.6 1 0 0
1991 4 2 37 0.136383 6.69972e-05 0.66 2 1 0
1991 5 2 37 0 0 0.658333 0 0 0
1991 6 2 37 0 0 0.658333 0 0 0
1991 7 2 37 0.137943 5.13706e-05 1.22 1 2.5 0
1991 8 2 37 0 0 0.658333 0 0 0
1991 9 2 37 0 0 0.658333 0 0 0
1991 1 1 38 9.39871 0.000734455 0.595625 16 89.5 0
1991 2 1 38 11.7185 0.02 0.724091 0 1.5 0
1991 3 1 38 0 0 0.616667 3 0 0
1991 4 1 38 0.204574 0.000100496 1.03667 3 1.5 0
1991 5 1 38 0 0 0.724091 0 0 0
1991 6 1 38 0 0 0.724091 0 0 0
1991 7 1 38 0.275886 0.000102741 0.926667 3 5 0
1991 8 1 38 0 0 0.724091 0 0 0
1991 9 1 38 0 0 0.724091 0 0 0
1991 1 2 38 10.5539 0.000824724 0.628077 26 100.5 0
1991 2 2 38 11.7185 0.02 0.708846 0 1.5 0
1991 3 2 38 0 0 0.708846 0 0 0
1991 4 2 38 0.613723 0.000301487 0.55 2 4.5 0
1991 5 2 38 0 0 0.708846 0 0 0
1991 6 2 38 0 0 0.708846 0 0 0
1991 7 2 38 0 0 2.34 1 0 0
1991 8 2 38 0 0 0.708846 0 0 0
1991 9 2 38 0 0 0.708846 0 0 0
1991 1 1 39 13.8618 0.00108322 0.696875 32 132 0
1991 2 1 39 23.437 0.04 0.9 1 3 0
1991 3 1 39 0 0 0.754054 0 0 0
1991 4 1 39 1.02287 0.000502479 0.81 1 7.5 0
1991 5 1 39 0 0 0.754054 0 0 0
1991 6 1 39 0 0 0.754054 0 0 0
1991 7 1 39 0.38624 0.000143838 1.29667 3 7 0
1991 8 1 39 0 0 0.754054 0 0 0
1991 9 1 39 0 0 0.754054 0 0 0
1991 1 2 39 12.1816 0.00095192 0.703913 23 116 0
1991 2 2 39 23.437 0.04 0.794828 0 3 0
1991 3 2 39 0 0 0.75 1 0 0
1991 4 2 39 0.204574 0.000100496 0.92 1 1.5 0
1991 5 2 39 0 0 0.794828 0 0 0
1991 6 2 39 0 0 0.794828 0 0 0
1991 7 2 39 0.331063 0.000123289 1.2975 4 6 0
1991 8 2 39 0 0 0.794828 0 0 0
1991 9 2 39 0 0 0.794828 0 0 0
1991 1 1 40 10.8164 0.000845239 0.769565 23 103 0
1991 2 1 40 15.6247 0.0266667 0.847333 0 2 0
1991 3 1 40 0 0 0.766667 3 0 0
1991 4 1 40 0.613723 0.000301487 1.57333 3 4.5 0
1991 5 1 40 0 0 0.847333 0 0 0
1991 6 1 40 0 0 0.847333 0 0 0
1991 7 1 40 0.275886 0.000102741 0.7 1 5 0
1991 8 1 40 0 0 0.847333 0 0 0
1991 9 1 40 0 0 0.847333 0 0 0
1991 1 2 40 12.7066 0.000992951 0.816667 15 121 1
1991 2 2 40 15.6247 0.0266667 1.02963 0 2 0
1991 3 2 40 0 0 0.85 2 0 0
1991 4 2 40 1.5684 0.000770468 1.27143 7 11.5 0
1991 5 2 40 0 0 1.02963 0 0 0
1991 6 2 40 0 0 1.02963 0 0 0
1991 7 2 40 0.38624 0.000143838 1.65 3 7 0
1991 8 2 40 0 0 1.02963 0 0 0
1991 9 2 40 0 0 1.02963 0 0 0
1991 1 1 41 15.647 0.00122272 0.787647 17 149 0
1991 2 1 41 31.2494 0.0533333 0.867576 0 4 0
1991 3 1 41 0 0 0.95 4 0 0
1991 4 1 41 2.18213 0.00107195 0.93625 8 16 0
1991 5 1 41 0 0 0.867576 0 0 0
1991 6 1 41 0 0 0.867576 0 0 0
1991 7 1 41 0.551771 0.000205482 0.9875 4 10 0
1991 8 1 41 0 0 0.867576 0 0 0
1991 9 1 41 0 0 0.867576 0 0 0
1991 1 2 41 13.0217 0.00101757 0.787407 27 124 0
1991 2 2 41 31.2494 0.0533333 0.75 1 4 0
1991 3 2 41 0 0 0.792857 7 0 0
1991 4 2 41 2.18213 0.00107195 0.91 11 16 0
1991 5 2 41 0 0 0.815 0 0 0
1991 6 2 41 0 0 0.815 0 0 0
1991 7 2 41 0.717303 0.000267127 0.775 2 13 0
1991 8 2 41 0 0 0.815 0 0 0
1991 9 2 41 0 0 0.815 0 0 0
1991 1 1 42 15.1745 0.0011858 0.890556 36 144.5 0
1991 2 1 42 23.437 0.04 1 2 3 0
1991 3 1 42 0 0 0.825 4 0 0
1991 4 1 42 1.97755 0.000971459 0.871429 7 14.5 0
1991 5 1 42 0 0 0.912931 0 0 0
1991 6 1 42 0 0 0.912931 0 0 0
1991 7 1 42 0.331063 0.000123289 1.12 7 6 0
1991 8 1 42 0 0 0.912931 0 0 0
1991 9 1 42 0 0 0.825 2 0 0
1991 1 2 42 14.8594 0.00116118 0.864828 29 141.5 0
1991 2 2 42 23.437 0.04 0.911364 0 3 0
1991 3 2 42 0 0 1.025 4 0 0
1991 4 2 42 1.5684 0.000770468 0.931429 7 11.5 0
1991 5 2 42 0 0 0.911364 0 0 0
1991 6 2 42 0 0 0.911364 0 0 0
1991 7 2 42 0.551771 0.000205482 1.1 4 10 0
1991 8 2 42 0 0 0.911364 0 0 0
1991 9 2 42 0 0 0.911364 0 0 0
1991 1 1 43 18.9024 0.00147712 0.933947 38 180 0
1991 2 1 43 23.437 0.04 1.15 1 3 0
1991 3 1 43 0 0 1.01462 13 0 0
1991 4 1 43 4.97797 0.0024454 0.99 13 36.5 0
1991 5 1 43 0 0 0.88 1 0 0
1991 6 1 43 0 0 0.988 0 0 0
1991 7 1 43 1.51737 0.000565076 1.15778 9 27.5 0
1991 8 1 43 0 0 0.988 0 0 0
1991 9 1 43 0 0 0.92 1 0 0
1991 1 2 43 16.1721 0.00126376 1.05342 38 154 0
1991 2 2 43 23.437 0.04 1.1075 0 3 0
1991 3 2 43 0 0 0.866667 3 0 0
1991 4 2 43 4.02329 0.00197642 1.286 10 29.5 0
1991 5 2 43 0 0 1.1075 0 0 0
1991 6 2 43 0 0 1.9 1 0 0
1991 7 2 43 1.18631 0.000441787 1.149 10 21.5 0
1991 8 2 43 0 0 1.1075 0 0 0
1991 9 2 43 0 0 0.94 3 0 0
1991 1 1 44 18.6924 0.0014607 0.988333 24 178 0
1991 2 1 44 27.3432 0.0466667 1.1125 4 3.5 0
1991 3 1 44 0 0 1.06071 14 0 0
1991 4 1 44 5.86446 0.00288088 1.04071 14 43 0
1991 5 1 44 0 0 1.06667 0 0 0
1991 6 1 44 0 0 1.06667 0 0 0
1991 7 1 44 1.54496 0.00057535 1.1775 16 28 0
1991 8 1 44 0 0 1.06667 0 0 0
1991 9 1 44 0 0 1.12833 6 0 0
1991 1 2 44 20.4776 0.00160021 1.03641 39 195 1
1991 2 2 44 27.3432 0.0466667 1.01667 3 3.5 0
1991 3 2 44 0 0 1.12125 8 0 0
1991 4 2 44 3.40957 0.00167493 1.21 9 25 1
1991 5 2 44 0 0 1.10947 0 0 0
1991 6 2 44 0 0 1.10947 0 0 0
1991 7 2 44 1.48978 0.000554802 1.17833 12 27 0
1991 8 2 44 0 0 1.10947 0 0 0
1991 9 2 44 0 0 1.37 5 0 0
1991 1 1 45 37.3848 0.00292141 1.10681 47 356 0
1991 2 1 45 39.0617 0.0666667 1.23333 3 5 0
1991 3 1 45 0 0 1.1 18 0 0
1991 4 1 45 6.27361 0.00308187 1.27667 9 46 0
1991 5 1 45 0 0 1 1 0 0
1991 6 1 45 0 0 1.18604 0 0 0
1991 7 1 45 2.84162 0.00105823 1.3855 20 51.5 0
1991 8 1 45 0 0 1.18604 0 0 0
1991 9 1 45 0 0 1.35667 3 0 0
1991 1 2 45 33.8144 0.0026424 1.08675 40 322 2
1991 2 2 45 39.0617 0.0666667 1.10833 6 5 0
1991 3 2 45 0 0 1.17 10 0 0
1991 4 2 45 7.22829 0.00355085 1.15 14 53 0
1991 5 2 45 0 0 1.12731 0 0 0
1991 6 2 45 0 0 1.28 1 0 0
1991 7 2 45 2.84162 0.00105823 1.181 20 51.5 0
1991 8 2 45 0 0 1.12731 0 0 0
1991 9 2 45 0 0 1.01 2 0 0
1991 1 1 46 41.9004 0.00327428 1.24679 56 399 4
1991 2 1 46 19.5309 0.0333333 1.4875 4 2.5 0
1991 3 1 46 0 0 1.17077 13 0 0
1991 4 1 46 5.45531 0.00267989 1.16 11 40 1
1991 5 1 46 0 0 1.30156 0 0 0
1991 6 1 46 0 0 1.02 1 0 0
1991 7 1 46 3.03474 0.00113015 1.5063 27 55 0
1991 8 1 46 0 0 1.30156 0 0 0
1991 9 1 46 0 0 1.335 10 0 0
1991 1 2 46 39.8001 0.00311015 1.16732 41 379 0
1991 2 2 46 19.5309 0.0333333 1.19743 0 2.5 0
1991 3 2 46 0 0 1.21636 22 0 0
1991 4 2 46 6.68276 0.00328286 1.33154 13 49 0
1991 5 2 46 0 0 1.19743 0 0 0
1991 6 2 46 0 0 1.19743 0 0 0
1991 7 2 46 2.6485 0.000986315 1.16871 31 48 0
1991 8 2 46 0 0 1.19743 0 0 0
1991 9 2 46 0 0 1.19167 6 0 0
1991 1 1 47 60.0152 0.00468985 1.27044 68 571.5 3
1991 2 1 47 15.6247 0.0266667 1.725 2 2 0
1991 3 1 47 0 0 1.25882 17 0 0
1991 4 1 47 11.6607 0.00572826 1.39 22 85.5 0
1991 5 1 47 0 0 1.315 0 0 0
1991 6 1 47 0 0 1.43 1 0 0
1991 7 1 47 5.49012 0.00204455 1.32689 45 99.5 0
1991 8 1 47 0 0 1.315 0 0 0
1991 9 1 47 0 0 1.488 5 0 0
1991 1 2 47 54.1345 0.0042303 1.21784 51 515.5 2
1991 2 2 47 15.6247 0.0266667 1.68 5 2 0
1991 3 2 47 0 0 1.26786 14 0 0
1991 4 2 47 9.88776 0.0048573 1.32296 27 72.5 1
1991 5 2 47 0 0 1.31 1 0 0
1991 6 2 47 0 0 1.28692 0 0 0
1991 7 2 47 6.48331 0.00241442 1.32211 38 117.5 0
1991 8 2 47 0 0 1.28692 0 0 0
1991 9 2 47 0 0 1.236 10 0 0
1991 1 1 48 70.254 0.00548995 1.3332 97 669 2
1991 2 1 48 0 0 1.48333 3 0 0
1991 3 1 48 0 0 1.28615 13 0 0
1991 4 1 48 13.5701 0.00666622 1.37054 37 99.5 0
1991 5 1 48 0 0 1.38448 0 0 0
1991 6 1 48 0 0 1.17 1 0 0
1991 7 1 48 5.57289 0.00207537 1.51716 67 101 0
1991 8 1 48 0 0 1.38448 0 0 0
1991 9 1 48 0 0 1.23333 15 0 0
1991 1 2 48 64.6883 0.00505502 1.34919 62 616 1
1991 2 2 48 0 0 1.925 2 0 0
1991 3 2 48 0 0 1.32682 22 0 0
1991 4 2 48 12.0699 0.00592925 1.41893 28 88.5 1
1991 5 2 48 0 0 1.20333 3 0 0
1991 6 2 48 0 0 1.375 2 0 0
1991 7 2 48 5.297 0.00197263 1.40212 66 96 0
1991 8 2 48 0 0.00714286 1.37696 0 1 0
1991 9 2 48 0 0 1.28571 7 0 0
1991 1 1 49 94.2496 0.00736507 1.42079 114 897.5 2
1991 2 1 49 11.7185 0.02 1.55 1 1.5 0
1991 3 1 49 0 0 1.43273 22 0 0
1991 4 1 49 17.3206 0.00850864 1.49732 41 127 0
1991 5 1 49 0 0 1.4125 4 0 0
1991 6 1 49 0 0 1.37571 7 0 0
1991 7 1 49 7.4765 0.00278428 1.44844 77 135.5 0
1991 8 1 49 0 0 1.43978 0 0 0
1991 9 1 49 0 0 1.42 13 0 0
1991 1 2 49 86.4786 0.00675781 1.44191 89 823.5 2
1991 2 2 49 11.7185 0.02 1.9 4 1.5 0
1991 3 2 49 4.99658 0.0151515 1.33857 14 2 0
1991 4 2 49 18.0025 0.00884363 1.4893 43 132 3
1991 5 2 49 0 0 1.33 1 0 0
1991 6 2 49 0 0 1.572 5 0 0
1991 7 2 49 7.9731 0.00296922 1.44846 78 144.5 0
1991 8 2 49 0 0 1.45563 0 0 0
1991 9 2 49 0 0 1.43182 11 0 0
1991 1 1 50 106.116 0.00829237 1.54562 128 1010.5 2
1991 2 1 50 3.90617 0.00666667 1.75833 6 0.5 0
1991 3 1 50 0 0 1.48455 11 0 0
1991 4 1 50 20.662 0.0101501 1.59897 58 151.5 1
1991 5 1 50 0 0 1.55429 0 0 0
1991 6 1 50 0 0 1.56333 6 0 0
1991 7 1 50 10.4837 0.00390416 1.52488 129 190 0
1991 8 1 50 0 0 1.55429 0 0 0
1991 9 1 50 0 0 1.70417 12 0 0
1991 1 2 50 98.6602 0.00770973 1.46667 108 939.5 6
1991 2 2 50 3.90617 0.00666667 1.43 5 0.5 0
1991 3 2 50 2.49829 0.00757576 1.46286 21 1 0
1991 4 2 50 20.1165 0.00988208 1.59186 70 147.5 2
1991 5 2 50 0 0 1.56 1 0 0
1991 6 2 50 0 0 1.59333 3 0 0
1991 7 2 50 10.0422 0.00373978 1.55592 120 182 0
1991 8 2 50 0 0 1.52794 0 0 0
1991 9 2 50 0 0 1.56545 11 0 0
1991 1 1 51 119.243 0.00931815 1.66095 158 1135.5 7
1991 2 1 51 7.81235 0.0133333 2.05 6 1 0
1991 3 1 51 2.49829 0.00757576 1.54917 12 1 0
1991 4 1 51 20.4574 0.0100496 1.72611 95 150 2
1991 5 1 51 0 0 1.51143 7 0 0
1991 6 1 51 0 0 1.95556 9 0 0
1991 7 1 51 10.4561 0.00389389 1.62275 153 189.5 0
1991 8 1 51 0 0 1.66205 0 0 0
1991 9 1 51 0 0 1.55522 23 0 0
1991 1 2 51 110.737 0.00865344 1.5697 133 1054.5 7
1991 2 2 51 7.81235 0.0133333 1.4 1 1 0
1991 3 2 51 2.49829 0.00757576 1.56437 16 1 0
1991 4 2 51 19.9119 0.00978159 1.66615 78 146 0
1991 5 2 51 0 0 1.46 2 0 0
1991 6 2 51 0 0 1.61182 11 0 0
1991 7 2 51 11.3941 0.00424321 1.62268 112 206.5 1
1991 8 2 51 0 0.0214286 1.60779 0 3 0
1991 9 2 51 0 0 1.60783 23 0 0
1991 1 1 52 134.837 0.0105368 1.74549 164 1284 8
1991 2 1 52 3.90617 0.00666667 2 2 0.5 0
1991 3 1 52 2.49829 0.00757576 1.61208 24 1 0
1991 4 1 52 20.1165 0.00988208 1.74299 97 147.5 2
1991 5 1 52 0 0 1.58 2 0 0
1991 6 1 52 0 0 1.65 11 0 0
1991 7 1 52 14.7323 0.00548638 1.74984 182 267 2
1991 8 1 52 0 0 1.73398 0 0 0
1991 9 1 52 0 0 1.66757 37 0 0
1991 1 2 52 123.811 0.00967512 1.69025 162 1179 4
1991 2 2 52 3.90617 0.00666667 1.76667 3 0.5 0
1991 3 2 52 0 0 1.7725 12 0 0
1991 4 2 52 21.7531 0.0106861 1.74886 79 159.5 0
1991 5 2 52 0 0 1.63 4 0 0
1991 6 2 52 0 0 1.65 6 0 0
1991 7 2 52 14.1253 0.00526035 1.68632 144 256 0
1991 8 2 52 0 0 1.69773 0 0 0
1991 9 2 52 0 0 1.62903 31 0 0
1991 1 1 53 141.768 0.0110784 1.83609 179 1350 12
1991 2 1 53 0 0 1.9375 4 0 0
1991 3 1 53 0 0 1.71 8 0 0
1991 4 1 53 24.2761 0.0119255 1.8239 118 178 5
1991 5 1 53 0 0 1.69 1 0 0
1991 6 1 53 0 0 1.85727 11 0 0
1991 7 1 53 15.2013 0.00566104 1.81474 251 275.5 1
1991 8 1 53 0 0.00714286 1.715 2 1 0
1991 9 1 53 0 0 1.74349 43 0 0
1991 1 2 53 116.565 0.00910889 1.81294 160 1110 8
1991 2 2 53 0 0 1.825 4 0 0
1991 3 2 53 0 0 1.822 10 0 0
1991 4 2 53 21.8213 0.0107195 1.889 100 160 2
1991 5 2 53 0 0 2.14 1 0 0
1991 6 2 53 0 0 1.78833 12 0 0
1991 7 2 53 14.2633 0.00531172 1.82904 240 258.5 1
1991 8 2 53 0 0.00714286 1.83291 0 1 0
1991 9 2 53 0 0 1.80194 36 0 0
1991 1 1 54 150.222 0.011739 1.88505 202 1430.5 9
1991 2 1 54 0 0 2 2 0 0
1991 3 1 54 2.49829 0.00757576 1.83571 7 1 0
1991 4 1 54 23.0487 0.0113225 2.0276 154 169 4
1991 5 1 54 0.678155 0.00694444 1.97667 3 1 0
1991 6 1 54 0 0 1.99 10 0 0
1991 7 1 54 18.2636 0.00680146 1.91967 301 331 1
1991 8 1 54 0 0.0214286 1.92709 0 3 0
1991 9 1 54 0 0 1.83019 52 0 0
1991 1 2 54 121.763 0.0095151 1.87421 152 1159.5 9
1991 2 2 54 0 0 2.075 4 0 0
1991 3 2 54 0 0 1.862 10 0 0
1991 4 2 54 23.7306 0.0116575 2.00096 125 174 2
1991 5 2 54 0 0 2.12667 3 0 0
1991 6 2 54 0 0 1.84619 21 0 0
1991 7 2 54 16.4428 0.00612337 1.91962 260 298 0
1991 8 2 54 0 0 1.73 1 0 0
1991 9 2 54 0 0 1.72676 37 0 0
1991 1 1 55 150.537 0.0117636 2.01147 211 1433.5 11
1991 2 1 55 0 0 2.01667 3 0 0
1991 3 1 55 0 0 2.08667 9 0 0
1991 4 1 55 26.1855 0.0128635 2.23956 158 192 3
1991 5 1 55 0.678155 0.00694444 1.875 2 1 0
1991 6 1 55 0 0 2.03444 18 0 0
1991 7 1 55 21.795 0.00811655 2.03072 345 395 3
1991 8 1 55 0 0.0142857 2.0597 0 2 0
1991 9 1 55 0 0 1.90698 53 0 0
1991 1 2 55 126.909 0.0099172 2.01639 158 1208.5 10
1991 2 2 55 0 0 2.9 4 0 0
1991 3 2 55 2.49829 0.00757576 1.97647 17 1 0
1991 4 2 55 23.0487 0.0113225 2.06893 169 169 1
1991 5 2 55 1.35631 0.0138889 2.05 4 2 0
1991 6 2 55 0 0 1.8455 20 0 0
1991 7 2 55 16.5531 0.00616447 2.00143 287 300 0
1991 8 2 55 0 0.00714286 2.01445 0 1 0
1991 9 2 55 0 0 1.89042 48 0 0
1991 1 1 56 152.69 0.0119318 2.16706 238 1454 14
1991 2 1 56 0 0 2.23333 6 0 0
1991 3 1 56 4.99658 0.0151515 1.98063 16 2 0
1991 4 1 56 31.2999 0.0153759 2.23206 180 229.5 3
1991 5 1 56 0 0 2.15 2 0 0
1991 6 1 56 0 0 2.07333 12 0 0
1991 7 1 56 25.7125 0.00957547 2.11596 394 466 3
1991 8 1 56 0 0.0142857 1.63 1 2 0
1991 9 1 56 0 0 2.00348 66 0 0
1991 1 2 56 129.587 0.0101265 2.18201 159 1234 12
1991 2 2 56 0 0 2.5 1 0 0
1991 3 2 56 9.99315 0.030303 2.13692 13 4 0
1991 4 2 56 27.3448 0.0134329 2.15533 169 200.5 0
1991 5 2 56 0.678155 0.00694444 1.73333 3 1 0
1991 6 2 56 0 0 2.22667 15 0 0
1991 7 2 56 22.3467 0.00832203 2.15239 368 405 2
1991 8 2 56 0 0.00714286 2.15182 0 1 0
1991 9 2 56 0 0 2.01463 41 0 0
1991 1 1 57 159.621 0.0124734 2.30801 216 1520 6
1991 2 1 57 0 0 2.16 5 0 0
1991 3 1 57 0 0 2.50333 15 0 0
1991 4 1 57 26.6628 0.0130979 2.33912 194 195.5 3
1991 5 1 57 2.03446 0.0208333 1.995 8 3 0
1991 6 1 57 0 0 2.28654 26 0 0
1991 7 1 57 32.3062 0.012031 2.22152 473 585.5 5
1991 8 1 57 0 0.0142857 1.89 2 2 0
1991 9 1 57 0 0 2.14231 65 0 0
1991 1 2 57 122.866 0.00960126 2.26626 190 1170 7
1991 2 2 57 0 0 2.78333 3 0 0
1991 3 2 57 2.49829 0.00757576 2.30563 16 1 0
1991 4 2 57 27.3448 0.0134329 2.3055 211 200.5 1
1991 5 2 57 0 0 2.12 4 0 0
1991 6 2 57 0 0 2.2352 25 0 0
1991 7 2 57 25.9057 0.00964739 2.21643 392 469.5 3
1991 8 2 57 0 0.00714286 2.24255 0 1 0
1991 9 2 57 0 0 2.04458 48 0 0
1991 1 1 58 150.327 0.0117472 2.45313 243 1431.5 9
1991 2 1 58 0 0 2.25 3 0 0
1991 3 1 58 2.49829 0.00757576 2.3624 25 1 0
1991 4 1 58 30.4134 0.0149404 2.50584 238 223 5
1991 5 1 58 2.03446 0.0208333 2.3 1 3 0
1991 6 1 58 0 0 2.235 18 0 0
1991 7 1 58 34.7616 0.0129454 2.31061 559 630 6
1991 8 1 58 0 0 1.94 1 0 0
1991 9 1 58 0 0 2.15333 72 0 0
1991 1 2 58 118.298 0.00924429 2.28831 172 1126.5 6
1991 2 2 58 0 0 2.72 5 0 0
1991 3 2 58 4.99658 0.0151515 2.38063 16 2 0
1991 4 2 58 29.0495 0.0142704 2.42865 192 213 5
1991 5 2 58 1.35631 0.0138889 2.22667 3 2 0
1991 6 2 58 0 0 2.3775 24 0 0
1991 7 2 58 26.0436 0.00969876 2.37421 416 472 3
1991 8 2 58 0 0.00714286 2.3 1 1 0
1991 9 2 58 0 0 2.24511 47 0 0
1991 1 1 59 183.826 0.014365 2.57415 248 1750.5 13
1991 2 1 59 0 0 2.85 5 0 0
1991 3 1 59 4.99658 0.0151515 2.42174 23 2 0
1991 4 1 59 32.8001 0.0161128 2.56123 228 240.5 6
1991 5 1 59 2.03446 0.0208333 2.31 4 3 0
1991 6 1 59 0 0 2.33733 30 0 0
1991 7 1 59 41.7139 0.0155345 2.44044 572 756 4
1991 8 1 59 0 0.00714286 2.04 1 1 0
1991 9 1 59 0 0 2.40535 71 0 0
1991 1 2 59 132.685 0.0103685 2.50343 172 1263.5 7
1991 2 2 59 0 0 2.96429 7 0 0
1991 3 2 59 4.99658 0.0151515 2.4292 25 2 0
1991 4 2 59 34.5731 0.0169838 2.57961 204 253.5 6
1991 5 2 59 0.678155 0.00694444 2.29 6 1 0
1991 6 2 59 0 0 2.5 20 0 0
1991 7 2 59 37.3549 0.0139111 2.46974 498 677 6
1991 8 2 59 0 0 2.65 1 0 0
1991 9 2 59 0 0 2.36839 62 0 0
1991 1 1 60 181.726 0.0142008 2.70651 281 1730.5 18
1991 2 1 60 0 0 2.66 5 0 0
1991 3 1 60 0 0 2.58944 18 0 0
1991 4 1 60 35.5959 0.0174863 2.7747 249 261 2
1991 5 1 60 0 0 2.325 2 0 0
1991 6 1 60 0 0 2.45667 33 0 0
1991 7 1 60 51.2596 0.0190893 2.55516 630 929 4
1991 8 1 60 0 0.0214286 2.62324 0 3 0
1991 9 1 60 0 0 2.46069 72 0 0
1991 1 2 60 141.086 0.011025 2.60481 210 1343.5 12
1991 2 2 60 0 0 2.88333 6 0 0
1991 3 2 60 2.49829 0.00757576 2.69615 13 1 0
1991 4 2 60 33.8229 0.0166153 2.67763 236 248 2
1991 5 2 60 0 0 2.37333 6 0 0
1991 6 2 60 0 0 2.5213 23 0 0
1991 7 2 60 41.6036 0.0154934 2.58384 567 754 3
1991 8 2 60 0 0.0142857 2.575 2 2 0
1991 9 2 60 0 0 2.44047 64 0 0
1991 1 1 61 201.521 0.0157477 2.8422 282 1919 13
1991 2 1 61 0 0 3.21 5 0 0
1991 3 1 61 2.49829 0.00757576 2.80786 28 1 0
1991 4 1 61 33.6184 0.0165148 2.90664 271 246.5 7
1991 5 1 61 2.71262 0.0277778 2.28125 8 4 0
1991 6 1 61 0 0 2.72818 33 0 0
1991 7 1 61 56.0048 0.0208565 2.65562 649 1015 3
1991 8 1 61 0 0.00714286 2.345 2 1 0
1991 9 1 61 0 0 2.5685 80 0 0
1991 1 2 61 145.234 0.0113492 2.86252 226 1383 11
1991 2 2 61 0 0 3.11667 3 0 0
1991 3 2 61 7.49486 0.0227273 2.83207 29 3 0
1991 4 2 61 42.6196 0.0209366 2.86423 239 312.5 4
1991 5 2 61 3.39077 0.0347222 2.52818 11 5 0
1991 6 2 61 0 0 2.65911 45 0 0
1991 7 2 61 49.6594 0.0184934 2.74129 605 900 1
1991 8 2 61 0 0 2.5 2 0 0
1991 9 2 61 0 0 2.49176 51 0 0
1991 1 1 62 216.223 0.0168966 2.94107 327 2059 16
1991 2 1 62 0 0 3.05 7 0 0
1991 3 1 62 4.99658 0.0151515 2.92647 34 2 0
1991 4 1 62 42.9606 0.0211041 2.99546 315 315 6
1991 5 1 62 2.03446 0.0208333 2.59 4 3 0
1991 6 1 62 0 0 2.75022 45 0 0
1991 7 1 62 70.7095 0.0263326 2.84277 621 1281.5 5
1991 8 1 62 0 0.0357143 2.3 1 5 0
1991 9 1 62 0 0 2.6936 89 0 0
1991 1 2 62 163.506 0.0127771 2.96612 224 1557 11
1991 2 2 62 0 0 3.03 5 0 0
1991 3 2 62 2.49829 0.00757576 2.88846 26 1 0
1991 4 2 62 43.5061 0.0213721 2.99373 284 319 7
1991 5 2 62 2.03446 0.0208333 2.674 5 3 0
1991 6 2 62 0 0 2.80625 32 0 0
1991 7 2 62 58.1291 0.0216476 2.85303 621 1053.5 1
1991 8 2 62 0 0 2.45 3 0 0
1991 9 2 62 0 0 2.64162 74 0 0
1991 1 1 63 218.638 0.0170853 3.09365 299 2082 16
1991 2 1 63 0 0 3.86 5 0 0
1991 3 1 63 2.49829 0.00757576 2.99029 35 1 0
1991 4 1 63 35.8005 0.0175868 3.17765 307 262.5 6
1991 5 1 63 4.74708 0.0486111 2.635 6 7 0
1991 6 1 63 0 0 2.77408 49 0 0
1991 7 1 63 67.3989 0.0250997 2.91721 730 1221.5 4
1991 8 1 63 0 0.0142857 2.96 1 2 0
1991 9 1 63 0 0 2.82247 77 0 0
1991 1 2 63 171.067 0.0133679 3.18281 231 1629 12
1991 2 2 63 0 0 3.525 2 0 0
1991 3 2 63 7.49486 0.0227273 3.145 22 3 0
1991 4 2 63 42.0741 0.0206686 3.07793 275 308.5 5
1991 5 2 63 1.35631 0.0138889 2.67556 9 2 0
1991 6 2 63 0 0 2.99523 44 0 0
1991 7 2 63 64.0331 0.0238462 2.98918 661 1160.5 6
1991 8 2 63 0 0.0142857 2.65 2 2 0
1991 9 2 63 0 0 2.85218 78 0 0
1991 1 1 64 231.187 0.018066 3.31709 289 2201.5 10
1991 2 1 64 0 0 4.1375 4 0 0
1991 3 1 64 0 0 3.33515 33 0 0
1991 4 1 64 39.6192 0.0194627 3.29321 293 290.5 5
1991 5 1 64 4.74708 0.0486111 2.99 4 7 0
1991 6 1 64 0 0 3.00673 55 0 0
1991 7 1 64 77.5515 0.0288805 3.06519 734 1405.5 8
1991 8 1 64 0 0.0142857 2.04 1 2 0
1991 9 1 64 0 0 2.99816 87 0 0
1991 1 2 64 179.521 0.0140285 3.25726 237 1709.5 12
1991 2 2 64 0 0 3.625 2 0 0
1991 3 2 64 7.49486 0.0227273 3.15692 26 3 0
1991 4 2 64 44.6654 0.0219416 3.25924 341 327.5 6
1991 5 2 64 2.71262 0.0277778 3.02667 6 4 0
1991 6 2 64 0 0 2.9774 50 0 0
1991 7 2 64 69.606 0.0259216 3.14824 712 1261.5 7
1991 8 2 64 0 0.0428571 3.17383 0 6 0
1991 9 2 64 0 0 2.95638 94 0 0
1991 1 1 65 234.285 0.018308 3.39488 291 2231 16
1991 2 1 65 0 0 4.03333 6 0 0
1991 3 1 65 7.49486 0.0227273 3.32286 28 3 0
1991 4 1 65 42.0741 0.0206686 3.50653 331 308.5 4
1991 5 1 65 4.74708 0.0486111 2.76143 7 7 0
1991 6 1 65 0 0 3.23444 63 0 0
1991 7 1 65 78.6274 0.0292812 3.20063 709 1425 5
1991 8 1 65 0 0.0357143 3.4 2 5 0
1991 9 1 65 0 0 3.06918 61 0 0
1991 1 2 65 199.421 0.0155836 3.52263 247 1899 8
1991 2 2 65 0 0 3.5 3 0 0
1991 3 2 65 0 0 3.48 29 0 0
1991 4 2 65 46.9839 0.0230805 3.39964 333 344.5 5
1991 5 2 65 4.74708 0.0486111 2.904 10 7 0
1991 6 2 65 0 0 3.24904 52 0 0
1991 7 2 65 75.372 0.0280689 3.27475 682 1366 6
1991 8 2 65 0 0.00714286 3.27 2 1 0
1991 9 2 65 0 0 3.165 80 0 0
1991 1 1 66 241.741 0.0188907 3.55934 287 2302 14
1991 2 1 66 0 0 4.25 3 0 0
1991 3 1 66 7.49486 0.0227273 3.52143 28 3 0
1991 4 1 66 38.6645 0.0189937 3.61867 323 283.5 3
1991 5 1 66 3.39077 0.0347222 3.426 5 5 0
1991 6 1 66 0 0 3.2364 50 0 0
1991 7 1 66 77.8825 0.0290038 3.35775 658 1411.5 4
1991 8 1 66 0 0 3.45636 0 0 0
1991 9 1 66 0 0 3.30721 68 0 0
1991 1 2 66 193.33 0.0151076 3.66658 231 1841 13
1991 2 2 66 0 0 4.6625 4 0 0
1991 3 2 66 4.99658 0.0151515 3.55833 24 2 0
1991 4 2 66 46.7111 0.0229465 3.55879 346 342.5 5
1991 5 2 66 2.71262 0.0277778 3.04 7 4 0
1991 6 2 66 0 0 3.30467 60 0 0
1991 7 2 66 83.1244 0.0309559 3.4164 695 1506.5 3
1991 8 2 66 0 0.00714286 3.3 1 1 0
1991 9 2 66 0 0 3.21477 65 0 0
1991 1 1 67 231.607 0.0180988 3.75898 275 2205.5 23
1991 2 1 67 0 0 4.56167 6 0 0
1991 3 1 67 9.99315 0.030303 3.74321 28 4 0
1991 4 1 67 33.8911 0.0166488 3.75885 279 248.5 1
1991 5 1 67 4.74708 0.0486111 3.59143 7 7 0
1991 6 1 67 0 0 3.48194 62 0 0
1991 7 1 67 73.0821 0.0272161 3.46702 644 1324.5 6
1991 8 1 67 0 0.0357143 3.335 2 5 0
1991 9 1 67 0 0 3.36443 70 0 0
1991 1 2 67 198.108 0.015481 3.73783 253 1886.5 14
1991 2 2 67 0 0 4.33 5 0 0
1991 3 2 67 19.9863 0.0606061 3.5456 25 8 0
1991 4 2 67 45.6201 0.0224106 3.74432 333 334.5 3
1991 5 2 67 2.71262 0.0277778 3.16889 9 4 0
1991 6 2 67 0 0 3.3668 75 0 0
1991 7 2 67 83.4002 0.0310586 3.5699 705 1511.5 3
1991 8 2 67 0 0.0357143 3.3325 4 5 0
1991 9 2 67 0 0 3.31586 70 0 0
1991 1 1 68 221.316 0.0172946 3.8272 254 2107.5 15
1991 2 1 68 0 0 3.74054 0 0 0
1991 3 1 68 4.99658 0.0151515 3.90333 12 2 0
1991 4 1 68 31.2317 0.0153424 3.94324 275 229 3
1991 5 1 68 2.03446 0.0208333 3.53222 9 3 0
1991 6 1 68 0 0 3.648 60 0 0
1991 7 1 68 67.3437 0.0250791 3.63498 600 1220.5 7
1991 8 1 68 0 0.0214286 3.52 2 3 0
1991 9 1 68 0 0 3.57373 51 0 0
1991 1 2 68 197.163 0.0154072 3.96636 239 1877.5 12
1991 2 2 68 0 0 4.86667 3 0 0
1991 3 2 68 2.49829 0.00757576 3.83625 16 1 0
1991 4 2 68 42.5515 0.0209031 3.85067 371 312 2
1991 5 2 68 2.71262 0.0277778 3.4875 8 4 0
1991 6 2 68 0 0 3.55857 42 0 0
1991 7 2 68 78.2136 0.0291271 3.7476 680 1417.5 3
1991 8 2 68 0 0.0142857 3.705 4 2 0
1991 9 2 68 0 0 3.54015 68 0 0
1991 1 1 69 217.851 0.0170238 4.03573 246 2074.5 15
1991 2 1 69 0 0 4.8 1 0 0
1991 3 1 69 0 0 3.979 10 0 0
1991 4 1 69 31.2999 0.0153759 4.02378 249 229.5 3
1991 5 1 69 2.71262 0.0277778 3.5675 4 4 0
1991 6 1 69 0 0 3.788 40 0 0
1991 7 1 69 58.9568 0.0219558 3.76492 559 1068.5 7
1991 8 1 69 0 0.05 3.87858 0 7 0
1991 9 1 69 0 0 3.70128 47 0 0
1991 1 2 69 202.834 0.0158503 4.15412 255 1931.5 11
1991 2 2 69 0 0 4.6 3 0 0
1991 3 2 69 2.49829 0.00757576 3.818 25 1 0
1991 4 2 69 47.393 0.0232815 4.0711 326 347.5 4
1991 5 2 69 4.06893 0.0416667 3.762 5 6 0
1991 6 2 69 0 0 3.83175 40 0 0
1991 7 2 69 74.1305 0.0276065 3.87883 650 1343.5 5
1991 8 2 69 0 0.0142857 3.44333 3 2 0
1991 9 2 69 0 0 3.72922 64 0 0
1991 1 1 70 198.108 0.015481 4.28726 234 1886.5 14
1991 2 1 70 0 0 4.7 2 0 0
1991 3 1 70 4.99658 0.0151515 4.22273 11 2 0
1991 4 1 70 29.7997 0.0146389 4.31781 242 218.5 5
1991 5 1 70 2.71262 0.0277778 3.785 6 4 0
1991 6 1 70 0 0 3.95116 43 0 0
1991 7 1 70 54.3495 0.02024 3.97662 524 985 7
1991 8 1 70 0 0.0357143 3.93 2 5 0
1991 9 1 70 0 0 4.03795 44 0 0
1991 1 2 70 188.972 0.0147671 4.40439 244 1799.5 11
1991 2 2 70 0 0 4.95 2 0 0
1991 3 2 70 0 0 4.17625 16 0 0
1991 4 2 70 41.2558 0.0202666 4.24988 322 302.5 4
1991 5 2 70 3.39077 0.0347222 3.56833 6 5 0
1991 6 2 70 0 0 3.945 52 0 0
1991 7 2 70 71.8958 0.0267743 4.07071 630 1303 4
1991 8 2 70 0 0.05 3.67 1 7 0
1991 9 2 70 0 0 3.93043 70 0 0
1991 1 1 71 185.034 0.0144593 4.44922 230 1762 17
1991 2 1 71 0 0 4.28431 0 0 0
1991 3 1 71 14.9897 0.0454545 4.52273 11 6 0
1991 4 1 71 27.6175 0.0135669 4.42725 222 202.5 1
1991 5 1 71 1.35631 0.0138889 3.83 5 2 0
1991 6 1 71 0 0 4.14294 34 0 0
1991 7 1 71 47.5075 0.017692 4.16201 442 861 4
1991 8 1 71 0 0.05 4 2 7 0
1991 9 1 71 0 0 3.99838 37 0 0
1991 1 2 71 183.459 0.0143362 4.54118 237 1747 16
1991 2 2 71 0 0 5.3 1 0 0
1991 3 2 71 7.49486 0.0227273 4.50941 17 3 0
1991 4 2 71 36.7552 0.0180557 4.47201 288 269.5 2
1991 5 2 71 2.03446 0.0208333 3.73333 9 3 0
1991 6 2 71 0 0 4.22809 47 0 0
1991 7 2 71 68.9714 0.0256853 4.2706 582 1250 6
1991 8 2 71 0 0.0214286 4 1 3 0
1991 9 2 71 0 0 4.17122 49 0 0
1991 1 1 72 185.244 0.0144757 4.64014 218 1764 16
1991 2 1 72 0 0 4.43644 0 0 0
1991 3 1 72 9.99315 0.030303 4.52438 16 4 0
1991 4 1 72 22.2304 0.0109205 4.54494 164 163 1
1991 5 1 72 0 0 3.84 4 0 0
1991 6 1 72 0 0 4.17969 32 0 0
1991 7 1 72 41.8519 0.0155858 4.30789 384 758.5 3
1991 8 1 72 0 0.0285714 4.43644 0 4 0
1991 9 1 72 0 0 4.31903 31 0 0
1991 1 2 72 183.039 0.0143034 4.83394 231 1743 14
1991 2 2 72 0 0 4.9 1 0 0
1991 3 2 72 7.49486 0.0227273 4.47 13 3 0
1991 4 2 72 35.1868 0.0172853 4.66771 236 258 3
1991 5 2 72 0.678155 0.00694444 4.1575 8 1 0
1991 6 2 72 0 0 4.34292 48 0 0
1991 7 2 72 61.3846 0.0228599 4.47325 493 1112.5 2
1991 8 2 72 0 0.0285714 4.02333 3 4 0
1991 9 2 72 0 0 4.19349 43 0 0
1991 1 1 73 161.563 0.0126252 4.84544 195 1538.5 17
1991 2 1 73 0 0 4.60972 0 0 0
1991 3 1 73 4.99658 0.0151515 4.91364 11 2 0
1991 4 1 73 18.4117 0.00904462 4.69719 139 135 3
1991 5 1 73 1.35631 0.0138889 4.95 2 2 0
1991 6 1 73 0 0 4.3896 25 0 0
1991 7 1 73 34.0167 0.012668 4.46289 315 616.5 2
1991 8 1 73 0 0.0214286 4.60972 0 3 0
1991 9 1 73 0 0 4.30412 34 0 0
1991 1 2 73 167.024 0.013052 5.01065 215 1590.5 13
1991 2 2 73 0 0 4.74144 0 0 0
1991 3 2 73 4.99658 0.0151515 4.64143 7 2 0
1991 4 2 73 29.3223 0.0144044 4.78634 227 215 6
1991 5 2 73 0.678155 0.00694444 4.31 8 1 0
1991 6 2 73 0 0 4.61129 31 0 0
1991 7 2 73 49.6318 0.0184831 4.64012 493 899.5 3
1991 8 2 73 0 0.0285714 4.39 2 4 0
1991 9 2 73 0 0 4.45281 32 0 0
1991 1 1 74 149.329 0.0116692 5.11652 181 1422 20
1991 2 1 74 0 0 4.87713 0 0 0
1991 3 1 74 7.49486 0.0227273 4.16 3 3 0
1991 4 1 74 20.5938 0.0101166 5.04192 130 151 4
1991 5 1 74 0 0 4.445 4 0 0
1991 6 1 74 0 0 4.52938 16 0 0
1991 7 1 74 28.9956 0.0107981 4.68767 262 525.5 2
1991 8 1 74 0 0.0357143 4.87713 0 5 0
1991 9 1 74 0 0 4.64083 24 0 0
1991 1 2 74 161.091 0.0125883 5.19263 198 1534 10
1991 2 2 74 0 0 4.93744 0 0 0
1991 3 2 74 7.49486 0.0227273 4.96125 8 3 0
1991 4 2 74 28.7768 0.0141364 5.0045 191 211 2
1991 5 2 74 3.39077 0.0347222 4.596 10 5 0
1991 6 2 74 0 0 4.53971 34 0 0
1991 7 2 74 46.1005 0.017168 4.87261 383 835.5 2
1991 8 2 74 0 0.0214286 4.93744 0 3 0
1991 9 2 74 0 0 4.41929 42 0 0
1991 1 1 75 145.654 0.011382 5.25613 155 1387 17
1991 2 1 75 0 0 5.02682 0 0 0
1991 3 1 75 2.49829 0.00757576 4.99167 6 1 0
1991 4 1 75 15.684 0.00770468 5.16933 105 115 2
1991 5 1 75 0 0 4.69 1 0 0
1991 6 1 75 0 0 4.65412 17 0 0
1991 7 1 75 23.3951 0.00871245 4.86162 247 424 3
1991 8 1 75 0 0.0142857 5.02682 0 2 0
1991 9 1 75 0 0 4.89864 22 0 0
1991 1 2 75 157.1 0.0122765 5.47137 160 1496 12
1991 2 2 75 0 0 5.13185 0 0 0
1991 3 2 75 7.49486 0.0227273 4.93333 9 3 0
1991 4 2 75 23.3215 0.0114565 5.18159 170 171 2
1991 5 2 75 2.71262 0.0277778 4.96857 7 4 0
1991 6 2 75 0 0 4.81406 32 0 0
1991 7 2 75 41.438 0.0154317 5.03572 367 751 7
1991 8 2 75 0 0 4.4 1 0 0
1991 9 2 75 0 0 4.64357 28 0 0
1991 1 1 76 132.422 0.010348 5.4007 128 1261 12
1991 2 1 76 0 0 5.20558 0 0 0
1991 3 1 76 0 0 5.17857 7 0 0
1991 4 1 76 13.0246 0.00639823 5.35439 82 95.5 1
1991 5 1 76 2.03446 0.0208333 4.7 6 3 0
1991 6 1 76 0 0 5.282 10 0 0
1991 7 1 76 18.0705 0.00672954 5.0403 202 327.5 2
1991 8 1 76 0 0.00714286 5.20558 0 1 0
1991 9 1 76 0 0 5.12706 17 0 0
1991 1 2 76 148.594 0.0116118 5.67157 166 1415 17
1991 2 2 76 0 0 5.38339 0 0 0
1991 3 2 76 9.99315 0.030303 5.30833 6 4 0
1991 4 2 76 24.208 0.011892 5.38466 133 177.5 0
1991 5 2 76 0 0 5.005 2 0 0
1991 6 2 76 0 0 5.04688 16 0 0
1991 7 2 76 33.5201 0.012483 5.25664 301 607.5 2
1991 8 2 76 0 0 6.7 1 0 0
1991 9 2 76 0 0 5.25257 35 0 0
1991 1 1 77 117.93 0.00921557 5.74453 137 1123 11
1991 2 1 77 0 0 5.46633 0 0 0
1991 3 1 77 4.99658 0.0151515 6.11 5 2 0
1991 4 1 77 12.8882 0.00633123 5.58982 56 94.5 2
1991 5 1 77 0.678155 0.00694444 4.975 2 1 0
1991 6 1 77 0 0 4.86778 18 0 0
1991 7 1 77 14.7047 0.0054761 5.26137 153 266.5 1
1991 8 1 77 0 0.00714286 5.46633 0 1 0
1991 9 1 77 0 0 4.953 10 0 0
1991 1 2 77 138.093 0.0107912 6.06985 132 1315 13
1991 2 2 77 0 0 6 1 0 0
1991 3 2 77 7.49486 0.0227273 5.72 8 3 0
1991 4 2 77 20.5256 0.0100831 5.65569 137 150.5 1
1991 5 2 77 0 0 4.83714 7 0 0
1991 6 2 77 0 0 5.61889 18 0 0
1991 7 2 77 29.6577 0.0110447 5.46667 285 537.5 8
1991 8 2 77 0 0.0142857 5.62131 0 2 0
1991 9 2 77 0 0 4.91773 22 0 0
1991 1 1 78 103.123 0.00805849 5.96302 126 982 11
1991 2 1 78 0 0 5.71649 0 0 0
1991 3 1 78 4.99658 0.0151515 6.165 2 2 0
1991 4 1 78 9.13765 0.00448881 5.73833 48 67 0
1991 5 1 78 0.678155 0.00694444 4.9 2 1 0
1991 6 1 78 0 0 5.5 12 0 0
1991 7 1 78 10.8699 0.004048 5.48558 113 197 1
1991 8 1 78 0 0.00714286 5.71649 0 1 0
1991 9 1 78 0 0 5.448 10 0 0
1991 1 2 78 131.267 0.0102578 6.33561 148 1250 10
1991 2 2 78 0 0 5.82358 0 0 0
1991 3 2 78 14.9897 0.0454545 5.775 6 6 0
1991 4 2 78 17.1842 0.00844165 5.65417 115 126 1
1991 5 2 78 1.35631 0.0138889 5.27 6 2 0
1991 6 2 78 0 0 5.54214 14 0 0
1991 7 2 78 23.2296 0.0086508 5.63845 226 421 2
1991 8 2 78 0 0.0142857 5.82358 0 2 0
1991 9 2 78 0 0 5.44 18 0 0
1991 1 1 79 107.849 0.00842777 6.35391 115 1027 16
1991 2 1 79 0 0 5.975 0 0 0
1991 3 1 79 7.49486 0.0227273 5.01667 3 3 0
1991 4 1 79 7.02372 0.00345036 6.00263 38 51.5 1
1991 5 1 79 0.678155 0.00694444 4.69 1 1 0
1991 6 1 79 0 0 5.562 5 0 0
1991 7 1 79 9.84912 0.00366786 5.67425 106 178.5 1
1991 8 1 79 0 0 6.22 1 0 0
1991 9 1 79 0 0 5.22333 9 0 0
1991 1 2 79 129.587 0.0101265 6.53468 139 1234 12
1991 2 2 79 0 0 6.03316 0 0 0
1991 3 2 79 0 0 6.2 3 0 0
1991 4 2 79 15.6158 0.00767118 5.9799 104 114.5 3
1991 5 2 79 0 0 6.025 4 0 0
1991 6 2 79 0 0 5.678 10 0 0
1991 7 2 79 19.5051 0.0072638 5.7851 206 353.5 3
1991 8 2 79 0 0.0142857 6.03316 0 2 0
1991 9 2 79 0 0 5.67643 28 0 0
1991 1 1 80 96.2974 0.00752509 6.5832 103 917 13
1991 2 1 80 0 0 6.33229 0 0 0
1991 3 1 80 2.49829 0.00757576 6.33229 0 1 0
1991 4 1 80 7.02372 0.00345036 6.58333 36 51.5 0
1991 5 1 80 0 0 6.33229 0 0 0
1991 6 1 80 0 0 6.184 5 0 0
1991 7 1 80 7.64203 0.00284593 5.98678 87 138.5 2
1991 8 1 80 0 0 6.33229 0 0 0
1991 9 1 80 0 0 6.04071 14 0 0
1991 1 2 80 111.209 0.00869037 6.83492 132 1059 18
1991 2 2 80 0 0 6.38746 0 0 0
1991 3 2 80 2.49829 0.00757576 6.73333 3 1 0
1991 4 2 80 14.3884 0.0070682 6.54084 83 105.5 1
1991 5 2 80 2.03446 0.0208333 5.856 5 3 0
1991 6 2 80 0 0 5.67077 13 0 0
1991 7 2 80 16.8014 0.00625694 6.13049 206 304.5 1
1991 8 2 80 0 0.00714286 6.38746 0 1 0
1991 9 2 80 0 0 5.94722 18 0 0
1991 1 1 81 84.6409 0.0066142 7.00177 96 806 14
1991 2 1 81 0 0 6.63177 0 0 0
1991 3 1 81 2.49829 0.00757576 6.315 4 1 0
1991 4 1 81 5.25074 0.00257939 6.79469 32 38.5 0
1991 5 1 81 0 0 5.175 2 0 0
1991 6 1 81 0 0 5.97 3 0 0
1991 7 1 81 4.88318 0.00181852 5.9364 50 88.5 0
1991 8 1 81 0 0 6.63177 0 0 0
1991 9 1 81 0 0 6.672 5 0 0
1991 1 2 81 104.803 0.00818979 7.0569 100 998 15
1991 2 2 81 0 0 6.67109 0 0 0
1991 3 2 81 0 0 6.085 2 0 0
1991 4 2 81 11.1152 0.00546027 6.65031 65 81.5 0
1991 5 2 81 0 0 5.75 2 0 0
1991 6 2 81 0 0 6.25 9 0 0
1991 7 2 81 11.8907 0.00442814 6.547 160 215.5 5
1991 8 2 81 0 0.00714286 6.67109 0 1 0
1991 9 2 81 0 0 6.1425 20 0 0
1991 1 1 82 80.1253 0.00626133 7.14808 73 763 14
1991 2 1 82 0 0 6.86335 0 0 0
1991 3 1 82 0 0 7.1 1 0 0
1991 4 1 82 4.7734 0.0023449 7.09696 23 35 1
1991 5 1 82 0.678155 0.00694444 6.86335 0 1 0
1991 6 1 82 0 0 6.624 5 0 0
1991 7 1 82 4.13829 0.00154112 6.38979 47 75 2
1991 8 1 82 0 0.00714286 6.86335 0 1 0
1991 9 1 82 0 0 6.37333 6 0 0
1991 1 2 82 103.858 0.00811594 7.33839 118 989 12
1991 2 2 82 0 0 6.93088 0 0 0
1991 3 2 82 0 0 7.4 5 0 0
1991 4 2 82 9.5468 0.0046898 6.85733 45 70 1
1991 5 2 82 0 0 6 2 0 0
1991 6 2 82 0 0 6.33091 11 0 0
1991 7 2 82 11.8631 0.00441787 6.75737 133 215 1
1991 8 2 82 0 0.00714286 6.93088 0 1 0
1991 9 2 82 0 0 5.81786 14 0 0
1991 1 1 83 71.6717 0.00560074 7.31047 85 682.5 14
1991 2 1 83 0 0 7.00455 0 0 0
1991 3 1 83 2.49829 0.00757576 7.00455 0 1 0
1991 4 1 83 3.54595 0.00174193 6.92 17 26 0
1991 5 1 83 0 0 7.00455 0 0 0
1991 6 1 83 0 0 7.00455 0 0 0
1991 7 1 83 3.17269 0.00118152 6.4425 48 57.5 0
1991 8 1 83 0 0.00714286 7.00455 0 1 0
1991 9 1 83 0 0 7.40667 6 0 0
1991 1 2 83 90.5742 0.00707785 7.78292 106 862.5 13
1991 2 2 83 0 0 7.30742 0 0 0
1991 3 2 83 2.49829 0.00757576 8 2 1 0
1991 4 2 83 7.22829 0.00355085 7.075 52 53 0
1991 5 2 83 0 0 7.30742 0 0 0
1991 6 2 83 0 0 6.90375 8 0 0
1991 7 2 83 8.58004 0.00319525 7.07031 131 155.5 1
1991 8 2 83 0 0 7.30742 0 0 0
1991 9 2 83 0 0 6.81545 11 0 0
1991 1 1 84 71.4092 0.00558022 7.65526 76 680 18
1991 2 1 84 0 0 7.35594 0 0 0
1991 3 1 84 0 0 6.3 1 0 0
1991 4 1 84 4.09149 0.00200992 7.045 12 30 0
1991 5 1 84 0 0 7.35594 0 0 0
1991 6 1 84 0 0 7.26 4 0 0
1991 7 1 84 2.48297 0.00092467 6.92385 39 45 2
1991 8 1 84 0 0 7.35594 0 0 0
1991 9 1 84 0 0 6.63 1 0 0
1991 1 2 84 85.271 0.00666344 8.09634 82 812 11
1991 2 2 84 0 0 7.43707 0 0 0
1991 3 2 84 2.49829 0.00757576 8.7 1 1 0
1991 4 2 84 6.40999 0.00314887 7.07463 41 47 0
1991 5 2 84 0 0 6.58333 3 0 0
1991 6 2 84 0 0 6.73667 6 0 0
1991 7 2 84 7.66962 0.0028562 7.14317 104 139 1
1991 8 2 84 0 0.00714286 7.43707 0 1 0
1991 9 2 84 0 0 7.17583 12 0 0
1991 1 1 85 62.7456 0.00490321 8.06718 71 597.5 13
1991 2 1 85 0 0 7.58203 0 0 0
1991 3 1 85 2.49829 0.00757576 7.58203 0 1 0
1991 4 1 85 3.06861 0.00150744 6.50308 13 22.5 0
1991 5 1 85 0 0 7.58203 0 0 0
1991 6 1 85 0 0 6.2 2 0 0
1991 7 1 85 1.98638 0.000739736 7.12872 39 36 1
1991 8 1 85 0 0 7.58203 0 0 0
1991 9 1 85 0 0 7.59 3 0 0
1991 1 2 85 84.7984 0.00662651 8.25485 101 807.5 12
1991 2 2 85 0 0 7.76333 0 0 0
1991 3 2 85 4.99658 0.0151515 8.775 2 2 0
1991 4 2 85 6.20542 0.00304837 7.51737 38 45.5 0
1991 5 2 85 0 0 7.52 4 0 0
1991 6 2 85 0 0 6.69818 11 0 0
1991 7 2 85 6.73161 0.00250688 7.45628 86 122 2
1991 8 2 85 0 0 7.76333 0 0 0
1991 9 2 85 0 0 7.30286 7 0 0
1991 1 1 86 59.9102 0.00468164 8.40018 57 570.5 9
1991 2 1 86 0 0 7.95161 0 0 0
1991 3 1 86 0 0 7.95161 0 0 0
1991 4 1 86 2.79585 0.00137344 7.59875 8 20.5 1
1991 5 1 86 0.678155 0.00694444 7.4 1 1 0
1991 6 1 86 0 0 7.95161 0 0 0
1991 7 1 86 2.31744 0.000863026 7.07667 24 42 1
1991 8 1 86 0 0 7.95161 0 0 0
1991 9 1 86 0 0 7.55333 3 0 0
1991 1 2 86 75.0322 0.00586333 8.68037 82 714.5 10
1991 2 2 86 0 0 8.12689 0 0 0
1991 3 2 86 2.49829 0.00757576 7.8 1 1 0
1991 4 2 86 5.38712 0.00264639 8.15297 37 39.5 1
1991 5 2 86 0 0 7.65 1 0 0
1991 6 2 86 0 0 7.59167 6 0 0
1991 7 2 86 4.85559 0.00180824 7.73362 69 88 0
1991 8 2 86 0 0.00714286 8.12689 0 1 0
1991 9 2 86 0 0 6.95769 13 0 0
1991 1 1 87 52.1392 0.00407438 8.71209 43 496.5 8
1991 2 1 87 0 0 8.29077 0 0 0
1991 3 1 87 2.49829 0.00757576 8.29077 0 1 0
1991 4 1 87 2.25032 0.00110545 7.32091 11 16.5 0
1991 5 1 87 0 0 7.5 2 0 0
1991 6 1 87 0 0 7.35 1 0 0
1991 7 1 87 1.24149 0.000462335 8.05619 21 22.5 1
1991 8 1 87 0 0 8.29077 0 0 0
1991 9 1 87 0 0 8.29077 0 0 0
1991 1 2 87 69.2564 0.00541199 9.08211 76 659.5 13
1991 2 2 87 0 0 8.46668 0 0 0
1991 3 2 87 4.99658 0.0151515 8.6 2 2 0
1991 4 2 87 5.65989 0.00278038 8.31219 32 41.5 1
1991 5 2 87 0.678155 0.00694444 6.53333 3 1 0
1991 6 2 87 0 0 7.295 10 0 0
1991 7 2 87 4.1107 0.00153084 8.24828 64 74.5 2
1991 8 2 87 0 0 5.71 1 0 0
1991 9 2 87 0 0 7.48625 8 0 0
1991 1 1 88 49.3564 0.00385692 9.10717 53 470 9
1991 2 1 88 0 0 8.7304 0 0 0
1991 3 1 88 0 0 8.4 1 0 0
1991 4 1 88 1.43202 0.00070347 8.842 5 10.5 1
1991 5 1 88 0 0 8.7304 0 0 0
1991 6 1 88 0 0 7.4 1 0 0
1991 7 1 88 0.882834 0.000328772 7.48143 14 16 1
1991 8 1 88 0 0.00714286 8.7304 0 1 0
1991 9 1 88 0 0 7.35 1 0 0
1991 1 2 88 62.6931 0.0048991 9.45307 75 597 13
1991 2 2 88 0 0 8.73528 0 0 0
1991 3 2 88 0 0 9.8 1 0 0
1991 4 2 88 4.29606 0.00211041 8.53389 18 31.5 0
1991 5 2 88 0 0 8.37 1 0 0
1991 6 2 88 0 0 8.17 4 0 0
1991 7 2 88 2.48297 0.00092467 8.16 69 45 1
1991 8 2 88 0 0 8.73528 0 0 0
1991 9 2 88 0 0 7.61625 8 0 0
1991 1 1 89 47.7811 0.00373382 9.27712 52 455 9
1991 2 1 89 0 0 8.90973 0 0 0
1991 3 1 89 0 0 8.90973 0 0 0
1991 4 1 89 1.70479 0.000837465 8.29 4 12.5 0
1991 5 1 89 0 0 8.90973 0 0 0
1991 6 1 89 0 0 7.5 1 0 0
1991 7 1 89 1.07595 0.00040069 7.7 14 19.5 1
1991 8 1 89 0 0 8.90973 0 0 0
1991 9 1 89 0 0 9.77 2 0 0
1991 1 2 89 62.273 0.00486628 10.1965 63 593 9
1991 2 2 89 0 0 9.2269 0 0 0
1991 3 2 89 4.99658 0.0151515 9.2269 0 2 0
1991 4 2 89 3.06861 0.00150744 8.47722 18 22.5 0
1991 5 2 89 0 0 5.51 1 0 0
1991 6 2 89 0 0 10.46 1 0 0
1991 7 2 89 2.40021 0.000893848 8.57283 53 43.5 0
1991 8 2 89 0 0 9.2269 0 0 0
1991 9 2 89 0 0 8.06667 9 0 0
1991 1 1 90 37.4898 0.00292962 9.71667 33 357 9
1991 2 1 90 0 0 9.14642 0 0 0
1991 3 1 90 0 0 9.14642 0 0 0
1991 4 1 90 1.77298 0.000870963 9.2075 4 13 0
1991 5 1 90 0 0 9.14642 0 0 0
1991 6 1 90 0 0 8.225 4 0 0
1991 7 1 90 0.744891 0.000277401 7.78 11 13.5 0
1991 8 1 90 0 0 9.14642 0 0 0
1991 9 1 90 0 0 8.8 1 0 0
1991 1 2 90 56.8123 0.00443956 10.3244 70 541 12
1991 2 2 90 0 0 9.53845 0 0 0
1991 3 2 90 2.49829 0.00757576 10.5 1 1 0
1991 4 2 90 3.68234 0.00180892 8.845 14 27 1
1991 5 2 90 0 0 10.72 2 0 0
1991 6 2 90 0 0 8.47 1 0 0
1991 7 2 90 1.57255 0.000585624 8.83731 52 28.5 2
1991 8 2 90 0 0.00714286 9.53845 0 1 0
1991 9 2 90 0 0 8.15 8 0 0
1991 1 1 91 29.8238 0.00233056 10.1657 30 284 7
1991 2 1 91 0 0 9.69111 0 0 0
1991 3 1 91 0 0 9.69111 0 0 0
1991 4 1 91 0.818297 0.000401983 8.2075 4 6 0
1991 5 1 91 0 0 9.15 1 0 0
1991 6 1 91 0 0 10.2 2 0 0
1991 7 1 91 0.496594 0.000184934 9.07 16 9 0
1991 8 1 91 0 0 9.69111 0 0 0
1991 9 1 91 0 0 10.85 1 0 0
1991 1 2 91 47.5711 0.00371741 10.7082 55 453 12
1991 2 2 91 0 0 9.91614 0 0 0
1991 3 2 91 0 0 9.91614 0 0 0
1991 4 2 91 2.04574 0.00100496 9.39067 15 15 0
1991 5 2 91 0 0 9.25 2 0 0
1991 6 2 91 0 0 8.57 1 0 0
1991 7 2 91 2.15191 0.000801381 9.38604 48 39 0
1991 8 2 91 0 0 9.91614 0 0 0
1991 9 2 91 0 0 8.65667 6 0 0
1991 1 1 92 29.6663 0.00231825 10.2432 38 282.5 11
1991 2 1 92 0 0 10.0056 0 0 0
1991 3 1 92 2.49829 0.00757576 10.0056 0 1 0
1991 4 1 92 0.886489 0.000435482 11.73 1 6.5 0
1991 5 1 92 0 0 10.0056 0 0 0
1991 6 1 92 0 0 8.88 1 0 0
1991 7 1 92 0.358651 0.000133563 8.90333 9 6.5 0
1991 8 1 92 0 0 10.0056 0 0 0
1991 9 1 92 0 0 10.3 1 0 0
1991 1 2 92 46.0484 0.00359842 11.0743 42 438.5 8
1991 2 2 92 0 0 10.1734 0 0 0
1991 3 2 92 0 0 10.1734 0 0 0
1991 4 2 92 2.93223 0.00144044 9.50364 11 21.5 0
1991 5 2 92 0 0 10.1734 0 0 0
1991 6 2 92 0 0 8.8775 4 0 0
1991 7 2 92 1.24149 0.000462335 9.63091 33 22.5 0
1991 8 2 92 0 0 10.1734 0 0 0
1991 9 2 92 0 0 6.48 2 0 0
1991 1 1 93 24.3631 0.00190384 10.5674 27 232 7
1991 2 1 93 0 0 10.2116 0 0 0
1991 3 1 93 0 0 10.2116 0 0 0
1991 4 1 93 0.681914 0.000334986 6.99 1 5 0
1991 5 1 93 0 0 10.2116 0 0 0
1991 6 1 93 0 0 10.2116 0 0 0
1991 7 1 93 0.331063 0.000123289 9.87467 15 6 1
1991 8 1 93 0 0 10.2116 0 0 0
1991 9 1 93 0 0 8.88 1 0 0
1991 1 2 93 43.1606 0.00337275 11.5455 51 411 15
1991 2 2 93 0 0 10.8292 0 0 0
1991 3 2 93 2.49829 0.00757576 10.8292 0 1 0
1991 4 2 93 2.18213 0.00107195 9.74 12 16 0
1991 5 2 93 0 0 9.6 1 0 0
1991 6 2 93 0 0 9.5 1 0 0
1991 7 2 93 1.37943 0.000513706 10.2119 27 25 0
1991 8 2 93 0 0 10.8292 0 0 0
1991 9 2 93 0 0 9.982 5 0 0
1991 1 1 94 20.6352 0.00161252 10.6538 24 196.5 9
1991 2 1 94 0 0 10.0734 0 0 0
1991 3 1 94 0 0 9 1 0 0
1991 4 1 94 0.886489 0.000435482 10.0734 0 6.5 0
1991 5 1 94 0 0 10.0734 0 0 0
1991 6 1 94 0 0 10.0734 0 0 0
1991 7 1 94 0.248297 9.2467e-05 8.788 10 4.5 1
1991 8 1 94 0 0 10.0734 0 0 0
1991 9 1 94 0 0 10.0734 0 0 0
1991 1 2 94 36.5972 0.00285986 11.7495 43 348.5 9
1991 2 2 94 0 0 11.1597 0 0 0
1991 3 2 94 0 0 11.1597 0 0 0
1991 4 2 94 2.11393 0.00103846 11.1822 9 15.5 0
1991 5 2 94 0 0 11.1597 0 0 0
1991 6 2 94 0 0 9.49 1 0 0
1991 7 2 94 1.24149 0.000462335 10.1642 24 22.5 0
1991 8 2 94 0 0 11.1597 0 0 0
1991 9 2 94 0 0 11.1597 0 0 0
1991 1 1 95 24.1006 0.00188332 11.1361 23 229.5 7
1991 2 1 95 0 0 11.07 0 0 0
1991 3 1 95 0 0 11.07 0 0 0
1991 4 1 95 0.545531 0.000267989 11.07 0 4 0
1991 5 1 95 0 0 11.07 0 0 0
1991 6 1 95 0 0 9.8 1 0 0
1991 7 1 95 0.303474 0.000113015 10.945 2 5.5 0
1991 8 1 95 0 0 11.07 0 0 0
1991 9 1 95 0 0 11.07 0 0 0
1991 1 2 95 35.5471 0.0027778 12.1386 37 338.5 9
1991 2 2 95 0 0 11.2665 0 0 0
1991 3 2 95 0 0 11.2665 0 0 0
1991 4 2 95 1.63659 0.000803966 10.7157 7 12 0
1991 5 2 95 0 0 9.21 2 0 0
1991 6 2 95 0 0 11.2665 0 0 0
1991 7 2 95 0.800068 0.000297949 10.3055 22 14.5 0
1991 8 2 95 0 0 11.2665 0 0 0
1991 9 2 95 0 0 10.2133 3 0 0
1991 1 1 96 15.3845 0.00120221 11.3673 22 146.5 9
1991 2 1 96 0 0 11.2211 0 0 0
1991 3 1 96 0 0 11.2211 0 0 0
1991 4 1 96 1.15925 0.000569476 11.2211 0 8.5 0
1991 5 1 96 0 0 11.2211 0 0 0
1991 6 1 96 0 0 11.2211 0 0 0
1991 7 1 96 0.248297 9.2467e-05 10.7567 3 4.5 1
1991 8 1 96 0 0 11.2211 0 0 0
1991 9 1 96 0 0 10.31 2 0 0
1991 1 2 96 28.3011 0.00221157 12.4559 32 269.5 9
1991 2 2 96 0 0 11.7376 0 0 0
1991 3 2 96 2.49829 0.00757576 11.7376 0 1 0
1991 4 2 96 1.43202 0.00070347 11.1989 9 10.5 0
1991 5 2 96 0 0 11.7376 0 0 0
1991 6 2 96 0 0 11.7376 0 0 0
1991 7 2 96 0.303474 0.000113015 10.7762 16 5.5 1
1991 8 2 96 0 0 11.7376 0 0 0
1991 9 2 96 0 0 8.98 1 0 0
1991 1 1 97 12.7066 0.000992951 11.6362 16 121 7
1991 2 1 97 0 0 11.6359 0 0 0
1991 3 1 97 0 0 11.6359 0 0 0
1991 4 1 97 0.409149 0.000200992 11.6359 0 3 0
1991 5 1 97 0 0 11.6359 0 0 0
1991 6 1 97 0 0 11.6359 0 0 0
1991 7 1 97 0.0827657 3.08223e-05 11.808 5 1.5 0
1991 8 1 97 0 0 11.6359 0 0 0
1991 9 1 97 0 0 10.77 1 0 0
1991 1 2 97 24.6782 0.00192846 13.047 43 235 10
1991 2 2 97 0 0 12.4019 0 0 0
1991 3 2 97 0 0 12.4019 0 0 0
1991 4 2 97 0.818297 0.000401983 11.288 5 6 0
1991 5 2 97 0 0 12.4019 0 0 0
1991 6 2 97 0 0 10.15 1 0 0
1991 7 2 97 0.524183 0.000195208 11.2956 18 9.5 0
1991 8 2 97 0 0 12.4019 0 0 0
1991 9 2 97 0 0 12.4019 0 0 0
1991 1 1 98 10.6589 0.00083293 12.6232 19 101.5 7
1991 2 1 98 0 0 12.3952 0 0 0
1991 3 1 98 0 0 12.3952 0 0 0
1991 4 1 98 0.340957 0.000167493 10.43 1 2.5 0
1991 5 1 98 0 0 12.3952 0 0 0
1991 6 1 98 0 0 12.3952 0 0 0
1991 7 1 98 0.0551771 2.05482e-05 11.6067 3 1 0
1991 8 1 98 0 0 12.3952 0 0 0
1991 9 1 98 0 0 12.3952 0 0 0
1991 1 2 98 25.4658 0.00199 13.4104 27 242.5 6
1991 2 2 98 0 0 12.3612 0 0 0
1991 3 2 98 0 0 12.3612 0 0 0
1991 4 2 98 0.340957 0.000167493 9.49 1 2.5 0
1991 5 2 98 0 0 12.3612 0 0 0
1991 6 2 98 0 0 11.43 1 0 0
1991 7 2 98 0.165531 6.16447e-05 10.6715 13 3 0
1991 8 2 98 0 0 12.3612 0 0 0
1991 9 2 98 0 0 9.8 1 0 0
1991 1 1 99 7.98103 0.000623672 11.5992 12 76 7
1991 2 1 99 0 0 11.3433 0 0 0
1991 3 1 99 0 0 11.3433 0 0 0
1991 4 1 99 0.272766 0.000133994 10.2 1 2 0
1991 5 1 99 0 0 11.3433 0 0 0
1991 6 1 99 0 0 12.76 1 0 0
1991 7 1 99 0.19312 7.19188e-05 10.5075 4 3.5 0
1991 8 1 99 0 0 11.3433 0 0 0
1991 9 1 99 0 0 11.3433 0 0 0
1991 1 2 99 21.8428 0.00170689 13.5333 30 208 8
1991 2 2 99 0 0 13.3545 0 0 0
1991 3 2 99 0 0 13.3545 0 0 0
1991 4 2 99 0.272766 0.000133994 13.6075 4 2 1
1991 5 2 99 0 0 13.3545 0 0 0
1991 6 2 99 0 0 13.3545 0 0 0
1991 7 2 99 0.248297 9.2467e-05 12.76 5 4.5 0
1991 8 2 99 0 0 13.3545 0 0 0
1991 9 2 99 0 0 9.95 1 0 0
1991 1 1 100 6.51084 0.000508785 12.8493 15 62 5
1991 2 1 100 0 0 12.7622 0 0 0
1991 3 1 100 0 0 12.7622 0 0 0
1991 4 1 100 0 0 13.1 1 0 0
1991 5 1 100 0 0 12.7622 0 0 0
1991 6 1 100 0 0 12.7622 0 0 0
1991 7 1 100 0.0275886 1.02741e-05 11.94 2 0.5 0
1991 8 1 100 0 0 12.7622 0 0 0
1991 9 1 100 0 0 12.7622 0 0 0
1991 1 2 100 18.7974 0.00146891 14.1312 26 179 9
1991 2 2 100 0 0 13.6041 0 0 0
1991 3 2 100 0 0 13.6041 0 0 0
1991 4 2 100 0 0 10.2 1 0 0
1991 5 2 100 0 0 10.7 1 0 0
1991 6 2 100 0 0 11.84 1 0 0
1991 7 2 100 0.0827657 3.08223e-05 13.0671 7 1.5 0
1991 8 2 100 0 0 13.6041 0 0 0
1991 9 2 100 0 0 11.73 1 0 0
1991 1 1 101 4.6731 0.000365176 13.7686 7 44.5 0
1991 2 1 101 0 0 13.36 0 0 0
1991 3 1 101 0 0 13.36 0 0 0
1991 4 1 101 0.136383 6.69972e-05 13.36 0 1 0
1991 5 1 101 0 0 13.36 0 0 0
1991 6 1 101 0 0 13.36 0 0 0
1991 7 1 101 0 0 10.5 1 0 0
1991 8 1 101 0 0 13.36 0 0 0
1991 9 1 101 0 0 13.36 0 0 0
1991 1 2 101 13.0742 0.00102167 15.0691 22 124.5 8
1991 2 2 101 0 0 14.2925 0 0 0
1991 3 2 101 0 0 14.2925 0 0 0
1991 4 2 101 0.409149 0.000200992 14.2925 0 3 0
1991 5 2 101 0 0 14.2925 0 0 0
1991 6 2 101 0 0 14.2925 0 0 0
1991 7 2 101 0.0551771 2.05482e-05 12.584 10 1 0
1991 8 2 101 0 0.00714286 14.2925 0 1 0
1991 9 2 101 0 0 14.2925 0 0 0
1991 1 1 102 3.25542 0.000254392 11.775 2 31 1
1991 2 1 102 0 0 11.76 0 0 0
1991 3 1 102 0 0 11.76 0 0 0
1991 4 1 102 0.47734 0.00023449 11.73 1 3.5 0
1991 5 1 102 0 0 11.76 0 0 0
1991 6 1 102 0 0 11.76 0 0 0
1991 7 1 102 0 0 11.76 0 0 0
1991 8 1 102 0 0 11.76 0 0 0
1991 9 1 102 0 0 11.76 0 0 0
1991 1 2 102 11.9715 0.000935507 14.6223 22 114 8
1991 2 2 102 0 0 14.4433 0 0 0
1991 3 2 102 0 0 14.4433 0 0 0
1991 4 2 102 0.613723 0.000301487 14.35 2 4.5 0
1991 5 2 102 0 0 14.4433 0 0 0
1991 6 2 102 0 0 14.4433 0 0 0
1991 7 2 102 0.165531 6.16447e-05 13.055 2 3 0
1991 8 2 102 0 0 14.4433 0 0 0
1991 9 2 102 0 0 13.47 1 0 0
1991 1 1 103 2.88787 0.000225671 14.4917 6 27.5 2
1991 2 1 103 0 0 14.0243 0 0 0
1991 3 1 103 0 0 14.0243 0 0 0
1991 4 1 103 0.204574 0.000100496 14.0243 0 1.5 0
1991 5 1 103 0 0 14.0243 0 0 0
1991 6 1 103 0 0 14.0243 0 0 0
1991 7 1 103 0.0275886 1.02741e-05 11.22 1 0.5 0
1991 8 1 103 0 0 14.0243 0 0 0
1991 9 1 103 0 0 14.0243 0 0 0
1991 1 2 103 9.92378 0.000775486 15.8867 15 94.5 6
1991 2 2 103 0 0 15.4547 0 0 0
1991 3 2 103 0 0 15.4547 0 0 0
1991 4 2 103 0.886489 0.000435482 15.4547 0 6.5 0
1991 5 2 103 0 0 15.4547 0 0 0
1991 6 2 103 0 0 15.4547 0 0 0
1991 7 2 103 0.0827657 3.08223e-05 13.835 4 1.5 0
1991 8 2 103 0 0 15.4547 0 0 0
1991 9 2 103 0 0 15.4547 0 0 0
1991 1 1 104 1.83774 0.000143609 13.67 1 17.5 0
1991 2 1 104 0 0 13.47 0 0 0
1991 3 1 104 0 0 13.47 0 0 0
1991 4 1 104 0 0 13.47 0 0 0
1991 5 1 104 0 0 13.47 0 0 0
1991 6 1 104 0 0 13.47 0 0 0
1991 7 1 104 0 0 13.27 1 0 0
1991 8 1 104 0 0 13.47 0 0 0
1991 9 1 104 0 0 13.47 0 0 0
1991 1 2 104 6.35332 0.000496475 15.207 10 60.5 2
1991 2 2 104 0 0 14.351 0 0 0
1991 3 2 104 0 0 14.351 0 0 0
1991 4 2 104 0.681914 0.000334986 13.06 1 5 0
1991 5 2 104 0 0 10 1 0 0
1991 6 2 104 0 0 11.43 1 0 0
1991 7 2 104 0 0 14.3514 7 0 0
1991 8 2 104 0 0 14.351 0 0 0
1991 9 2 104 0 0 14.351 0 0 0
1991 1 1 105 1.78523 0.000139505 13.3 1 17 1
1991 2 1 105 0 0 12.62 0 0 0
1991 3 1 105 0 0 12.62 0 0 0
1991 4 1 105 0.272766 0.000133994 12.62 0 2 0
1991 5 1 105 0 0 12.62 0 0 0
1991 6 1 105 0 0 11.94 1 0 0
1991 7 1 105 0 0 12.62 0 0 0
1991 8 1 105 0 0 12.62 0 0 0
1991 9 1 105 0 0 12.62 0 0 0
1991 1 2 105 5.56572 0.000434929 15.3722 9 53 3
1991 2 2 105 0 0 15.2277 0 0 0
1991 3 2 105 0 0 15.2277 0 0 0
1991 4 2 105 0.681914 0.000334986 15.2277 0 5 0
1991 5 2 105 0 0 15.2277 0 0 0
1991 6 2 105 0 0 15.2277 0 0 0
1991 7 2 105 0 0 15.8033 3 0 0
1991 8 2 105 0 0 12.2 1 0 0
1991 9 2 105 0 0 15.2277 0 0 0
1991 1 1 106 0.525068 4.1031e-05 16.28 0 5 0
1991 2 1 106 0 0 16.28 0 0 0
1991 3 1 106 0 0 16.28 0 0 0
1991 4 1 106 0 0 16.28 0 0 0
1991 5 1 106 0 0 16.28 0 0 0
1991 6 1 106 0 0 16.28 0 0 0
1991 7 1 106 0.0551771 2.05482e-05 16.28 0 1 0
1991 8 1 106 0 0 16.28 0 0 0
1991 9 1 106 0 0 16.28 0 0 0
1991 1 2 106 4.20054 0.000328248 16.3444 9 40 6
1991 2 2 106 0 0 16.28 0 0 0
1991 3 2 106 0 0 16.28 0 0 0
1991 4 2 106 0.272766 0.000133994 16.28 0 2 0
1991 5 2 106 0 0 16.28 0 0 0
1991 6 2 106 0 0 16.28 0 0 0
1991 7 2 106 0 0 15.7 1 0 0
1991 8 2 106 0 0 16.28 0 0 0
1991 9 2 106 0 0 16.28 0 0 0
1991 1 1 107 1.05014 8.20621e-05 16.3 1 10 0
1991 2 1 107 0 0 16.3 0 0 0
1991 3 1 107 0 0 16.3 0 0 0
1991 4 1 107 0 0 16.3 0 0 0
1991 5 1 107 0 0 16.3 0 0 0
1991 6 1 107 0 0 16.3 0 0 0
1991 7 1 107 0 0 16.3 0 0 0
1991 8 1 107 0 0 16.3 0 0 0
1991 9 1 107 0 0 16.3 0 0 0
1991 1 2 107 1.5752 0.000123093 16.2429 7 15 3
1991 2 2 107 0 0 15.8325 0 0 0
1991 3 2 107 0 0 15.8325 0 0 0
1991 4 2 107 0.818297 0.000401983 15.8325 0 6 0
1991 5 2 107 0 0 15.8325 0 0 0
1991 6 2 107 0 0 15.8325 0 0 0
1991 7 2 107 0 0 12.96 1 0 0
1991 8 2 107 0 0 15.8325 0 0 0
1991 9 2 107 0 0 15.8325 0 0 0
1991 1 1 108 0.472561 3.69279e-05 15.82 1 4.5 0
1991 2 1 108 0 0 15.82 0 0 0
1991 3 1 108 0 0 15.82 0 0 0
1991 4 1 108 0 0 15.82 0 0 0
1991 5 1 108 0 0 15.82 0 0 0
1991 6 1 108 0 0 15.82 0 0 0
1991 7 1 108 0 0 15.82 0 0 0
1991 8 1 108 0 0 15.82 0 0 0
1991 9 1 108 0 0 15.82 0 0 0
1991 1 2 108 2.15278 0.000168227 15.366 5 20.5 1
1991 2 2 108 0 0 15.6617 0 0 0
1991 3 2 108 0 0 15.6617 0 0 0
1991 4 2 108 0 0 15.6617 0 0 0
1991 5 2 108 0 0 15.6617 0 0 0
1991 6 2 108 0 0 15.6617 0 0 0
1991 7 2 108 0 0 17.14 1 0 0
1991 8 2 108 0 0 15.6617 0 0 0
1991 9 2 108 0 0 15.6617 0 0 0
1991 1 1 109 0.15752 1.23093e-05 14.5 1 1.5 0
1991 2 1 109 0 0 14.5 0 0 0
1991 3 1 109 0 0 14.5 0 0 0
1991 4 1 109 0 0 14.5 0 0 0
1991 5 1 109 0 0 14.5 0 0 0
1991 6 1 109 0 0 14.5 0 0 0
1991 7 1 109 0 0 14.5 0 0 0
1991 8 1 109 0 0 14.5 0 0 0
1991 9 1 109 0 0 14.5 0 0 0
1991 1 2 109 1.10264 8.61652e-05 16.0971 7 10.5 4
1991 2 2 109 0 0 15.8538 0 0 0
1991 3 2 109 0 0 15.8538 0 0 0
1991 4 2 109 0.136383 6.69972e-05 15.8538 0 1 0
1991 5 2 109 0 0 14.15 1 0 0
1991 6 2 109 0 0 15.8538 0 0 0
1991 7 2 109 0 0 15.8538 0 0 0
1991 8 2 109 0 0 15.8538 0 0 0
1991 9 2 109 0 0 15.8538 0 0 0
1991 1 1 110 0.367547 2.87217e-05 16.754 0 3.5 0
1991 2 1 110 0 0 16.754 0 0 0
1991 3 1 110 0 0 16.754 0 0 0
1991 4 1 110 0 0 16.754 0 0 0
1991 5 1 110 0 0 16.754 0 0 0
1991 6 1 110 0 0 16.754 0 0 0
1991 7 1 110 0 0 16.754 0 0 0
1991 8 1 110 0 0 16.754 0 0 0
1991 9 1 110 0 0 16.754 0 0 0
1991 1 2 110 0.367547 2.87217e-05 16.9833 3 3.5 1
1991 2 2 110 0 0 16.754 0 0 0
1991 3 2 110 0 0 16.754 0 0 0
1991 4 2 110 0.818297 0.000401983 16.754 0 6 0
1991 5 2 110 0 0 16.754 0 0 0
1991 6 2 110 0 0 16.754 0 0 0
1991 7 2 110 0 0 16.41 2 0 0
1991 8 2 110 0 0 16.754 0 0 0
1991 9 2 110 0 0 16.754 0 0 0
1991 1 1 111 0 0 18 0 0 0
1991 2 1 111 0 0 18 0 0 0
1991 3 1 111 0 0 18 0 0 0
1991 4 1 111 0 0 18 0 0 0
1991 5 1 111 0 0 18 0 0 0
1991 6 1 111 0 0 18 0 0 0
1991 7 1 111 0 0 18 0 0 0
1991 8 1 111 0 0 18 0 0 0
1991 9 1 111 0 0 18 0 0 0
1991 1 2 111 0.105014 8.20621e-06 18 1 1 0
1991 2 2 111 0 0 18 0 0 0
1991 3 2 111 0 0 18 0 0 0
1991 4 2 111 0.136383 6.69972e-05 18 0 1 0
1991 5 2 111 0 0 18 0 0 0
1991 6 2 111 0 0 18 0 0 0
1991 7 2 111 0 0 18 0 0 0
1991 8 2 111 0 0 18 0 0 0
1991 9 2 111 0 0 18 0 0 0
1991 1 1 112 0 0 0 0 0 0
1991 2 1 112 0 0 0 0 0 0
1991 3 1 112 0 0 0 0 0 0
1991 4 1 112 0 6.69972e-05 0 0 1 0
1991 5 1 112 0 0 0 0 0 0
1991 6 1 112 0 0 0 0 0 0
1991 7 1 112 0 0 0 0 0 0
1991 8 1 112 0 0 0 0 0 0
1991 9 1 112 0 0 0 0 0 0
1991 1 2 112 0 8.20621e-06 0 0 1 0
1991 2 2 112 0 0 0 0 0 0
1991 3 2 112 0 0 0 0 0 0
1991 4 2 112 0 6.69972e-05 0 0 1 0
1991 5 2 112 0 0 0 0 0 0
1991 6 2 112 0 0 0 0 0 0
1991 7 2 112 0 0 0 0 0 0
1991 8 2 112 0 0 0 0 0 0
1991 9 2 112 0 0 0 0 0 0
1991 1 1 113 0 0 14.49 0 0 0
1991 2 1 113 0 0 14.49 0 0 0
1991 3 1 113 0 0 14.49 0 0 0
1991 4 1 113 0 0 14.49 0 0 0
1991 5 1 113 0 0 14.49 0 0 0
1991 6 1 113 0 0 14.49 0 0 0
1991 7 1 113 0 0 14.49 0 0 0
1991 8 1 113 0 0 14.49 0 0 0
1991 9 1 113 0 0 14.49 0 0 0
1991 1 2 113 0 0 14.49 0 0 0
1991 2 2 113 0 0 14.49 0 0 0
1991 3 2 113 0 0 14.49 0 0 0
1991 4 2 113 0.272766 0.000133994 14.49 1 2 0
1991 5 2 113 0 0 14.49 0 0 0
1991 6 2 113 0 0 14.49 0 0 0
1991 7 2 113 0 0 14.49 0 0 0
1991 8 2 113 0 0 14.49 0 0 0
1991 9 2 113 0 0 14.49 0 0 0
1991 1 1 114 0 8.20621e-06 0 0 1 0
1991 2 1 114 0 0 0 0 0 0
1991 3 1 114 0 0 0 0 0 0
1991 4 1 114 0 0 0 0 0 0
1991 5 1 114 0 0 0 0 0 0
1991 6 1 114 0 0 0 0 0 0
1991 7 1 114 0 0 0 0 0 0
1991 8 1 114 0 0 0 0 0 0
1991 9 1 114 0 0 0 0 0 0
1991 1 2 114 0 1.64124e-05 0 0 2 0
1991 2 2 114 0 0 0 0 0 0
1991 3 2 114 0 0 0 0 0 0
1991 4 2 114 0 0.000133994 0 0 2 0
1991 5 2 114 0 0 0 0 0 0
1991 6 2 114 0 0 0 0 0 0
1991 7 2 114 0 0 0 0 0 0
1991 8 2 114 0 0 0 0 0 0
1991 9 2 114 0 0 0 0 0 0
1991 1 1 115 0 0 0 0 0 0
1991 2 1 115 0 0 0 0 0 0
1991 3 1 115 0 0 0 0 0 0
1991 4 1 115 0 0 0 0 0 0
1991 5 1 115 0 0 0 0 0 0
1991 6 1 115 0 0 0 0 0 0
1991 7 1 115 0 0 0 0 0 0
1991 8 1 115 0 0 0 0 0 0
1991 9 1 115 0 0 0 0 0 0
1991 1 2 115 0 1.64124e-05 0 0 2 0
1991 2 2 115 0 0 0 0 0 0
1991 3 2 115 0 0 0 0 0 0
1991 4 2 115 0 6.69972e-05 0 0 1 0
1991 5 2 115 0 0 0 0 0 0
1991 6 2 115 0 0 0 0 0 0
1991 7 2 115 0 0 0 0 0 0
1991 8 2 115 0 0 0 0 0 0
1991 9 2 115 0 0 0 0 0 0
1991 1 1 116 0 8.20621e-06 0 0 1 0
1991 2 1 116 0 0 0 0 0 0
1991 3 1 116 0 0 0 0 0 0
1991 4 1 116 0 0 0 0 0 0
1991 5 1 116 0 0 0 0 0 0
1991 6 1 116 0 0 0 0 0 0
1991 7 1 116 0 0 0 0 0 0
1991 8 1 116 0 0 0 0 0 0
1991 9 1 116 0 0 0 0 0 0
1991 1 2 116 0 8.20621e-06 0 0 1 0
1991 2 2 116 0 0 0 0 0 0
1991 3 2 116 0 0 0 0 0 0
1991 4 2 116 0 0 0 0 0 0
1991 5 2 116 0 0 0 0 0 0
1991 6 2 116 0 0 0 0 0 0
1991 7 2 116 0 0 0 0 0 0
1991 8 2 116 0 0 0 0 0 0
1991 9 2 116 0 0 0 0 0 0
1991 1 1 117 0 0 0 0 0 0
1991 2 1 117 0 0 0 0 0 0
1991 3 1 117 0 0 0 0 0 0
1991 4 1 117 0 0 0 0 0 0
1991 5 1 117 0 0 0 0 0 0
1991 6 1 117 0 0 0 0 0 0
1991 7 1 117 0 0 0 0 0 0
1991 8 1 117 0 0 0 0 0 0
1991 9 1 117 0 0 0 0 0 0
1991 1 2 117 0 0 0 0 0 0
1991 2 2 117 0 0 0 0 0 0
1991 3 2 117 0 0 0 0 0 0
1991 4 2 117 0 0 0 0 0 0
1991 5 2 117 0 0 0 0 0 0
1991 6 2 117 0 0 0 0 0 0
1991 7 2 117 0 0 0 0 0 0
1991 8 2 117 0 0 0 0 0 0
1991 9 2 117 0 0 0 0 0 0
1991 1 1 118 0 0 0 0 0 0
1991 2 1 118 0 0 0 0 0 0
1991 3 1 118 0 0 0 0 0 0
1991 4 1 118 0 0 0 0 0 0
1991 5 1 118 0 0 0 0 0 0
1991 6 1 118 0 0 0 0 0 0
1991 7 1 118 0 0 0 0 0 0
1991 8 1 118 0 0 0 0 0 0
1991 9 1 118 0 0 0 0 0 0
1991 1 2 118 0 0 0 0 0 0
1991 2 2 118 0 0 0 0 0 0
1991 3 2 118 0 0 0 0 0 0
1991 4 2 118 0 0 0 0 0 0
1991 5 2 118 0 0 0 0 0 0
1991 6 2 118 0 0 0 0 0 0
1991 7 2 118 0 0 0 0 0 0
1991 8 2 118 0 0 0 0 0 0
1991 9 2 118 0 0 0 0 0 0
1991 1 1 119 0 0 0 0 0 0
1991 2 1 119 0 0 0 0 0 0
1991 3 1 119 0 0 0 0 0 0
1991 4 1 119 0 0 0 0 0 0
1991 5 1 119 0 0 0 0 0 0
1991 6 1 119 0 0 0 0 0 0
1991 7 1 119 0 0 0 0 0 0
1991 8 1 119 0 0 0 0 0 0
1991 9 1 119 0 0 0 0 0 0
1991 1 2 119 0 0 0 0 0 0
1991 2 2 119 0 0 0 0 0 0
1991 3 2 119 0 0 0 0 0 0
1991 4 2 119 0 0 0 0 0 0
1991 5 2 119 0 0 0 0 0 0
1991 6 2 119 0 0 0 0 0 0
1991 7 2 119 0 0 0 0 0 0
1991 8 2 119 0 0 0 0 0 0
1991 9 2 119 0 0 0 0 0 0
1991 1 1 120 0 0 0 0 0 0
1991 2 1 120 0 0 0 0 0 0
1991 3 1 120 0 0 0 0 0 0
1991 4 1 120 0 0 0 0 0 0
1991 5 1 120 0 0 0 0 0 0
1991 6 1 120 0 0 0 0 0 0
1991 7 1 120 0 0 0 0 0 0
1991 8 1 120 0 0 0 0 0 0
1991 9 1 120 0 0 0 0 0 0
1991 1 2 120 0 0 0 0 0 0
1991 2 2 120 0 0 0 0 0 0
1991 3 2 120 0 0 0 0 0 0
1991 4 2 120 0 6.69972e-05 0 0 1 0
1991 5 2 120 0 0 0 0 0 0
1991 6 2 120 0 0 0 0 0 0
1991 7 2 120 0 0 0 0 0 0
1991 8 2 120 0 0 0 0 0 0
1991 9 2 120 0 0 0 0 0 0
