year stratum sex length freq prop avg_wt nwt_samples nlen_samples naged
1996 1 1 9 0 0 0 0 0 0
1996 2 1 9 0 2.91338e-307 0 0 0 0
1996 3 1 9 0 2.91338e-307 0 0 0 0
1996 4 1 9 0 0 0 0 0 0
1996 5 1 9 0 2.91338e-307 0 0 0 0
1996 6 1 9 0 0 0 0 0 0
1996 7 1 9 0 0 0 0 0 0
1996 8 1 9 0 0 0 0 0 0
1996 9 1 9 0 2.91338e-307 0 0 0 0
1996 1 2 9 0 0 0 0 0 0
1996 2 2 9 0 2.91338e-307 0 0 0 0
1996 3 2 9 0 1.71757e-305 0 0 0 0
1996 4 2 9 0 0 0 0 0 0
1996 5 2 9 0 2.91338e-307 0 0 0 0
1996 6 2 9 0 0 0 0 0 0
1996 7 2 9 0 0 0 0 0 0
1996 8 2 9 0 0 0 0 0 0
1996 9 2 9 0 2.91338e-307 0 0 0 0
1996 1 1 10 0 0 0 0 0 0
1996 2 1 10 0 0 0 0 0 0
1996 3 1 10 0 0 0 0 0 0
1996 4 1 10 0 0 0 0 0 0
1996 5 1 10 0 0 0 0 0 0
1996 6 1 10 0 0 0 0 0 0
1996 7 1 10 0 0 0 0 0 0
1996 8 1 10 0 0 0 0 0 0
1996 9 1 10 0 0 0 0 0 0
1996 1 2 10 0 0 0 0 0 0
1996 2 2 10 0 0 0 0 0 0
1996 3 2 10 0 0 0 0 0 0
1996 4 2 10 0 0 0 0 0 0
1996 5 2 10 0 0 0 0 0 0
1996 6 2 10 0 0 0 0 0 0
1996 7 2 10 0 0 0 0 0 0
1996 8 2 10 0 0 0 0 0 0
1996 9 2 10 0 0 0 0 0 0
1996 1 1 11 0 0 0 0 0 0
1996 2 1 11 0 0 0 0 0 0
1996 3 1 11 0 0 0 0 0 0
1996 4 1 11 0 0 0 0 0 0
1996 5 1 11 0 0 0 0 0 0
1996 6 1 11 0 0 0 0 0 0
1996 7 1 11 0 0 0 0 0 0
1996 8 1 11 0 0 0 0 0 0
1996 9 1 11 0 0 0 0 0 0
1996 1 2 11 0 0 0 0 0 0
1996 2 2 11 0 0 0 0 0 0
1996 3 2 11 0 0 0 0 0 0
1996 4 2 11 0 0 0 0 0 0
1996 5 2 11 0 0 0 0 0 0
1996 6 2 11 0 0 0 0 0 0
1996 7 2 11 0 0 0 0 0 0
1996 8 2 11 0 0 0 0 0 0
1996 9 2 11 0 0 0 0 0 0
1996 1 1 12 0 0 0 0 0 0
1996 2 1 12 0 0 0 0 0 0
1996 3 1 12 0 0 0 0 0 0
1996 4 1 12 0 0 0 0 0 0
1996 5 1 12 0 0 0 0 0 0
1996 6 1 12 0 0 0 0 0 0
1996 7 1 12 0 0 0 0 0 0
1996 8 1 12 0 0 0 0 0 0
1996 9 1 12 0 0 0 0 0 0
1996 1 2 12 0 0 0 0 0 0
1996 2 2 12 0 0 0 0 0 0
1996 3 2 12 0 0 0 0 0 0
1996 4 2 12 0 0 0 0 0 0
1996 5 2 12 0 0 0 0 0 0
1996 6 2 12 0 0 0 0 0 0
1996 7 2 12 0 0 0 0 0 0
1996 8 2 12 0 0 0 0 0 0
1996 9 2 12 0 0 0 0 0 0
1996 1 1 13 0 0 0 0 0 0
1996 2 1 13 0 0 0 0 0 0
1996 3 1 13 0 0 0 0 0 0
1996 4 1 13 0 0 0 0 0 0
1996 5 1 13 0 0 0 0 0 0
1996 6 1 13 0 0 0 0 0 0
1996 7 1 13 0 0 0 0 0 0
1996 8 1 13 0 0 0 0 0 0
1996 9 1 13 0 0 0 0 0 0
1996 1 2 13 0 0 0 0 0 0
1996 2 2 13 0 0 0 0 0 0
1996 3 2 13 0 0 0 0 0 0
1996 4 2 13 0 0 0 0 0 0
1996 5 2 13 0 0 0 0 0 0
1996 6 2 13 0 0 0 0 0 0
1996 7 2 13 0 0 0 0 0 0
1996 8 2 13 0 0 0 0 0 0
1996 9 2 13 0 0 0 0 0 0
1996 1 1 14 0 0 0 0 0 0
1996 2 1 14 0 0 0 0 0 0
1996 3 1 14 0 0 0 0 0 0
1996 4 1 14 0 0 0 0 0 0
1996 5 1 14 0 0 0 0 0 0
1996 6 1 14 0 0 0 0 0 0
1996 7 1 14 0 0 0 0 0 0
1996 8 1 14 0 0 0 0 0 0
1996 9 1 14 0 0 0 0 0 0
1996 1 2 14 0 0 0 0 0 0
1996 2 2 14 0 0 0 0 0 0
1996 3 2 14 0 0 0 0 0 0
1996 4 2 14 0 0 0 0 0 0
1996 5 2 14 0 0 0 0 0 0
1996 6 2 14 0 0 0 0 0 0
1996 7 2 14 0 0 0 0 0 0
1996 8 2 14 0 0 0 0 0 0
1996 9 2 14 0 0 0 0 0 0
1996 1 1 15 0 0 0 0 0 0
1996 2 1 15 0 0 0 0 0 0
1996 3 1 15 0 0 0 0 0 0
1996 4 1 15 0 0 0 0 0 0
1996 5 1 15 0 0 0 0 0 0
1996 6 1 15 0 0 0 0 0 0
1996 7 1 15 0 0 0 0 0 0
1996 8 1 15 0 0 0 0 0 0
1996 9 1 15 0 0 0 0 0 0
1996 1 2 15 0 0 0 0 0 0
1996 2 2 15 0 0 0 0 0 0
1996 3 2 15 0 0 0 0 0 0
1996 4 2 15 0 0 0 0 0 0
1996 5 2 15 0 0 0 0 0 0
1996 6 2 15 0 0 0 0 0 0
1996 7 2 15 0 0 0 0 0 0
1996 8 2 15 0 0 0 0 0 0
1996 9 2 15 0 0 0 0 0 0
1996 1 1 16 0 0 0 0 0 0
1996 2 1 16 0 0 0 0 0 0
1996 3 1 16 0 0 0 0 0 0
1996 4 1 16 0 0 0 0 0 0
1996 5 1 16 0 0 0 0 0 0
1996 6 1 16 0 0 0 0 0 0
1996 7 1 16 0 0 0 0 0 0
1996 8 1 16 0 0 0 0 0 0
1996 9 1 16 0 0 0 0 0 0
1996 1 2 16 0 0 0 0 0 0
1996 2 2 16 0 0 0 0 0 0
1996 3 2 16 0 0 0 0 0 0
1996 4 2 16 0 0 0 0 0 0
1996 5 2 16 0 0 0 0 0 0
1996 6 2 16 0 0 0 0 0 0
1996 7 2 16 0 0 0 0 0 0
1996 8 2 16 0 0 0 0 0 0
1996 9 2 16 0 0 0 0 0 0
1996 1 1 17 0 0 0 0 0 0
1996 2 1 17 0 0 0 0 0 0
1996 3 1 17 0 0 0 0 0 0
1996 4 1 17 0 0 0 0 0 0
1996 5 1 17 0 0 0 0 0 0
1996 6 1 17 0 0 0 0 0 0
1996 7 1 17 0 0 0 0 0 0
1996 8 1 17 0 0 0 0 0 0
1996 9 1 17 0 0 0 0 0 0
1996 1 2 17 0 0 0 0 0 0
1996 2 2 17 0 0 0 0 0 0
1996 3 2 17 0 0 0 0 0 0
1996 4 2 17 0 0 0 0 0 0
1996 5 2 17 0 0 0 0 0 0
1996 6 2 17 0 0 0 0 0 0
1996 7 2 17 0 0 0 0 0 0
1996 8 2 17 0 0 0 0 0 0
1996 9 2 17 0 0 0 0 0 0
1996 1 1 18 0 1.12387e-05 0 0 0.5 0
1996 2 1 18 0 0 0 0 0 0
1996 3 1 18 0 0 0 0 0 0
1996 4 1 18 0 0 0 0 0 0
1996 5 1 18 0 0 0 0 0 0
1996 6 1 18 0 0 0 0 0 0
1996 7 1 18 0 0 0 0 0 0
1996 8 1 18 0 0 0 0 0 0
1996 9 1 18 0 0 0 0 0 0
1996 1 2 18 0 1.12387e-05 0 0 0.5 0
1996 2 2 18 0 0 0 0 0 0
1996 3 2 18 0 0 0 0 0 0
1996 4 2 18 0 0 0 0 0 0
1996 5 2 18 0 0 0 0 0 0
1996 6 2 18 0 0 0 0 0 0
1996 7 2 18 0 0 0 0 0 0
1996 8 2 18 0 0 0 0 0 0
1996 9 2 18 0 0 0 0 0 0
1996 1 1 19 0 0 0 0 0 0
1996 2 1 19 0 0 0 0 0 0
1996 3 1 19 0 0 0 0 0 0
1996 4 1 19 0 0 0 0 0 0
1996 5 1 19 0 0 0 0 0 0
1996 6 1 19 0 0 0 0 0 0
1996 7 1 19 0 0 0 0 0 0
1996 8 1 19 0 0 0 0 0 0
1996 9 1 19 0 0 0 0 0 0
1996 1 2 19 0 2.24775e-05 0 0 1 0
1996 2 2 19 0 0 0 0 0 0
1996 3 2 19 0 0 0 0 0 0
1996 4 2 19 0 0 0 0 0 0
1996 5 2 19 0 0 0 0 0 0
1996 6 2 19 0 0 0 0 0 0
1996 7 2 19 0 0 0 0 0 0
1996 8 2 19 0 0 0 0 0 0
1996 9 2 19 0 0 0 0 0 0
1996 1 1 20 0 0 0 0 0 0
1996 2 1 20 0 0 0 0 0 0
1996 3 1 20 0 0 0 0 0 0
1996 4 1 20 0 0 0 0 0 0
1996 5 1 20 0 0 0 0 0 0
1996 6 1 20 0 0 0 0 0 0
1996 7 1 20 0 0 0 0 0 0
1996 8 1 20 0 0 0 0 0 0
1996 9 1 20 0 0 0 0 0 0
1996 1 2 20 0 0 0 0 0 0
1996 2 2 20 0 0 0 0 0 0
1996 3 2 20 0 0 0 0 0 0
1996 4 2 20 0 0 0 0 0 0
1996 5 2 20 0 0 0 0 0 0
1996 6 2 20 0 0 0 0 0 0
1996 7 2 20 0 0 0 0 0 0
1996 8 2 20 0 0 0 0 0 0
1996 9 2 20 0 0 0 0 0 0
1996 1 1 21 0.216555 2.24775e-05 0.75 0 1 0
1996 2 1 21 0 0 0.75 0 0 0
1996 3 1 21 0 0 0.75 0 0 0
1996 4 1 21 0 0 0.75 0 0 0
1996 5 1 21 0 0 0.75 0 0 0
1996 6 1 21 0 0 0.75 0 0 0
1996 7 1 21 0 0 0.75 0 0 0
1996 8 1 21 0 0 0.75 0 0 0
1996 9 1 21 0 0 0.75 0 0 0
1996 1 2 21 0 0 0.75 1 0 0
1996 2 2 21 0 0 0.75 0 0 0
1996 3 2 21 0 0 0.75 0 0 0
1996 4 2 21 0 0 0.75 0 0 0
1996 5 2 21 0 0 0.75 0 0 0
1996 6 2 21 0 0 0.75 0 0 0
1996 7 2 21 0 0 0.75 0 0 0
1996 8 2 21 0 0 0.75 0 0 0
1996 9 2 21 0 0 0.75 0 0 0
1996 1 1 22 0 2.24775e-05 0 0 1 0
1996 2 1 22 0 0 0 0 0 0
1996 3 1 22 0 0 0 0 0 0
1996 4 1 22 0 0 0 0 0 0
1996 5 1 22 0 0 0 0 0 0
1996 6 1 22 0 0 0 0 0 0
1996 7 1 22 0 0 0 0 0 0
1996 8 1 22 0 0 0 0 0 0
1996 9 1 22 0 0 0 0 0 0
1996 1 2 22 0 2.24775e-05 0 0 1 0
1996 2 2 22 0 0 0 0 0 0
1996 3 2 22 0 0 0 0 0 0
1996 4 2 22 0 0 0 0 0 0
1996 5 2 22 0 0 0 0 0 0
1996 6 2 22 0 0 0 0 0 0
1996 7 2 22 0 0 0 0 0 0
1996 8 2 22 0 0 0 0 0 0
1996 9 2 22 0 0 0 0 0 0
1996 1 1 23 0 2.24775e-05 0 0 1 0
1996 2 1 23 0 0 0 0 0 0
1996 3 1 23 0 0 0 0 0 0
1996 4 1 23 0 0 0 0 0 0
1996 5 1 23 0 0 0 0 0 0
1996 6 1 23 0 0 0 0 0 0
1996 7 1 23 0 0 0 0 0 0
1996 8 1 23 0 0 0 0 0 0
1996 9 1 23 0 0 0 0 0 0
1996 1 2 23 0 6.74324e-05 0 0 3 0
1996 2 2 23 0 0 0 0 0 0
1996 3 2 23 0 0 0 0 0 0
1996 4 2 23 0 0 0 0 0 0
1996 5 2 23 0 0 0 0 0 0
1996 6 2 23 0 0 0 0 0 0
1996 7 2 23 0 0 0 0 0 0
1996 8 2 23 0 0 0 0 0 0
1996 9 2 23 0 0 0 0 0 0
1996 1 1 24 0 6.74324e-05 0 0 3 0
1996 2 1 24 0 0 0 0 0 0
1996 3 1 24 0 0 0 0 0 0
1996 4 1 24 0 0 0 0 0 0
1996 5 1 24 0 0 0 0 0 0
1996 6 1 24 0 0 0 0 0 0
1996 7 1 24 0 0 0 0 0 0
1996 8 1 24 0 0 0 0 0 0
1996 9 1 24 0 0 0 0 0 0
1996 1 2 24 0 2.24775e-05 0 0 1 0
1996 2 2 24 0 0 0 0 0 0
1996 3 2 24 0 0 0 0 0 0
1996 4 2 24 0 0 0 0 0 0
1996 5 2 24 0 0 0 0 0 0
1996 6 2 24 0 0 0 0 0 0
1996 7 2 24 0 0 0 0 0 0
1996 8 2 24 0 0 0 0 0 0
1996 9 2 24 0 0 0 0 0 0
1996 1 1 25 0 0.000112387 0 0 5 0
1996 2 1 25 0 0 0 0 0 0
1996 3 1 25 0 0 0 0 0 0
1996 4 1 25 0 0 0 0 0 0
1996 5 1 25 0 0 0 0 0 0
1996 6 1 25 0 0 0 0 0 0
1996 7 1 25 0 0 0 0 0 0
1996 8 1 25 0 0 0 0 0 0
1996 9 1 25 0 0 0 0 0 0
1996 1 2 25 0 6.74324e-05 0 0 3 0
1996 2 2 25 0 0 0 0 0 0
1996 3 2 25 0 0 0 0 0 0
1996 4 2 25 0 0 0 0 0 0
1996 5 2 25 0 0 0 0 0 0
1996 6 2 25 0 0 0 0 0 0
1996 7 2 25 0 0 0 0 0 0
1996 8 2 25 0 0 0 0 0 0
1996 9 2 25 0 0 0 0 0 0
1996 1 1 26 0 0.000202297 0 0 9 0
1996 2 1 26 0 0 0 0 0 0
1996 3 1 26 0 0 0 0 0 0
1996 4 1 26 0 0 0 0 0 0
1996 5 1 26 0 0 0 0 0 0
1996 6 1 26 0 0 0 0 0 0
1996 7 1 26 0 0 0 0 0 0
1996 8 1 26 0 0 0 0 0 0
1996 9 1 26 0 0 0 0 0 0
1996 1 2 26 0 0.000157342 0 0 7 0
1996 2 2 26 0 0 0 0 0 0
1996 3 2 26 0 0 0 0 0 0
1996 4 2 26 0 0 0 0 0 0
1996 5 2 26 0 0 0 0 0 0
1996 6 2 26 0 0 0 0 0 0
1996 7 2 26 0 0 0 0 0 0
1996 8 2 26 0 0 0 0 0 0
1996 9 2 26 0 0 0 0 0 0
1996 1 1 27 1.51588 0.000157342 0.2 1 7 0
1996 2 1 27 0 0 0.2 0 0 0
1996 3 1 27 0 0 0.2 0 0 0
1996 4 1 27 0 0 0.2 0 0 0
1996 5 1 27 0 0 0.2 0 0 0
1996 6 1 27 0 0 0.2 0 0 0
1996 7 1 27 0 0 0.2 0 0 0
1996 8 1 27 0 0 0.2 0 0 0
1996 9 1 27 0 0 0.2 0 0 0
1996 1 2 27 1.51588 0.000157342 0.2 1 7 0
1996 2 2 27 0 0 0.2 0 0 0
1996 3 2 27 0 0 0.2 1 0 0
1996 4 2 27 0 0 0.2 0 0 0
1996 5 2 27 0 0 0.2 0 0 0
1996 6 2 27 0 0 0.2 0 0 0
1996 7 2 27 0 0 0.2 0 0 0
1996 8 2 27 0 0 0.2 0 0 0
1996 9 2 27 0 0 0.2 0 0 0
1996 1 1 28 0.974495 0.000101149 0.2 1 4.5 0
1996 2 1 28 0 0 0.2 0 0 0
1996 3 1 28 0 0 0.2 0 0 0
1996 4 1 28 0 0 0.2 0 0 0
1996 5 1 28 0 0 0.2 0 0 0
1996 6 1 28 0 0 0.2 0 0 0
1996 7 1 28 0 0 0.2 0 0 0
1996 8 1 28 0 0 0.2 0 0 0
1996 9 1 28 0 0 0.2 0 0 0
1996 1 2 28 2.49038 0.000258491 0.2 0 11.5 0
1996 2 2 28 0 0 0.2 0 0 0
1996 3 2 28 0 0 0.2 0 0 0
1996 4 2 28 0.166912 6.71141e-05 0.2 0 1 0
1996 5 2 28 0 0 0.2 0 0 0
1996 6 2 28 0 0 0.2 0 0 0
1996 7 2 28 0 0 0.2 0 0 0
1996 8 2 28 0 0 0.2 0 0 0
1996 9 2 28 0 0 0.2 0 0 0
1996 1 1 29 0 7.86711e-05 0 0 3.5 0
1996 2 1 29 0 0 0 0 0 0
1996 3 1 29 0 0 0 0 0 0
1996 4 1 29 0 0 0 0 0 0
1996 5 1 29 0 0 0 0 0 0
1996 6 1 29 0 0 0 0 0 0
1996 7 1 29 0 0 0 0 0 0
1996 8 1 29 0 0 0 0 0 0
1996 9 1 29 0 0 0 0 0 0
1996 1 2 29 0 0.000213536 0 0 9.5 0
1996 2 2 29 0 0 0 0 0 0
1996 3 2 29 0 0 0 0 0 0
1996 4 2 29 0 0 0 0 0 0
1996 5 2 29 0 0 0 0 0 0
1996 6 2 29 0 0 0 0 0 0
1996 7 2 29 0 0 0 0 0 0
1996 8 2 29 0 0 0 0 0 0
1996 9 2 29 0 0 0 0 0 0
1996 1 1 30 2.3821 0.000247252 0.26 3 11 0
1996 2 1 30 0 0 0.3 0 0 0
1996 3 1 30 0 0 0.3 0 0 0
1996 4 1 30 0 0 0.3 0 0 0
1996 5 1 30 0 0 0.3 0 0 0
1996 6 1 30 0 0 0.3 0 0 0
1996 7 1 30 0.0426584 1.36437e-05 0.3 0 0.5 0
1996 8 1 30 0 0 0.3 0 0 0
1996 9 1 30 0 0 0.3 0 0 0
1996 1 2 30 2.81521 0.000292207 0.24 2 13 0
1996 2 2 30 0 0 0.26 0 0 0
1996 3 2 30 0 0 0.26 0 0 0
1996 4 2 30 0 0 0.26 0 0 0
1996 5 2 30 0 0 0.26 0 0 0
1996 6 2 30 0 0 0.26 0 0 0
1996 7 2 30 0.0426584 1.36437e-05 0.26 0 0.5 0
1996 8 2 30 0 0 0.26 0 0 0
1996 9 2 30 0 0 0.26 0 0 0
1996 1 1 31 3.35659 0.000348401 0.465 4 15.5 0
1996 2 1 31 0 0 0.775 0 0 0
1996 3 1 31 0 0 0.775 0 0 0
1996 4 1 31 0 0 0.775 0 0 0
1996 5 1 31 0 0 0.775 0 0 0
1996 6 1 31 0 0 0.775 0 0 0
1996 7 1 31 0 0 1.5 1 0 0
1996 8 1 31 0 0 0.775 0 0 0
1996 9 1 31 0 0 0.775 0 0 0
1996 1 2 31 2.49038 0.000258491 0.313333 6 11.5 0
1996 2 2 31 0 0 0.324 0 0 0
1996 3 2 31 0 0 0.324 0 0 0
1996 4 2 31 0 0 0.324 0 0 0
1996 5 2 31 0 0 0.324 0 0 0
1996 6 2 31 0 0 0.324 0 0 0
1996 7 2 31 0.0853169 2.72874e-05 0.324 0 1 0
1996 8 2 31 0 0 0.324 0 0 0
1996 9 2 31 0 0 0.324 0 0 0
1996 1 1 32 4.33109 0.000449549 0.247143 7 20 0
1996 2 1 32 0 0 0.33 0 0 0
1996 3 1 32 0 0 0.33 0 0 0
1996 4 1 32 0.667646 0.000268456 0.33 0 4 0
1996 5 1 32 0 0 0.33 0 0 0
1996 6 1 32 0 0 0.33 0 0 0
1996 7 1 32 0.0426584 1.36437e-05 0.33 0 0.5 0
1996 8 1 32 0 0 0.33 0 0 0
1996 9 1 32 0 0 0.33 0 0 0
1996 1 2 32 4.98075 0.000516982 0.297 10 23 0
1996 2 2 32 0 0 0.6275 0 0 0
1996 3 2 32 0 0 0.6275 0 0 0
1996 4 2 32 0 0 0.85 1 0 0
1996 5 2 32 0 0 0.6275 0 0 0
1996 6 2 32 0 0 0.6275 0 0 0
1996 7 2 32 0.0426584 1.36437e-05 1.94 1 0.5 0
1996 8 2 32 0 0 0.6275 0 0 0
1996 9 2 32 0 0 0.6275 0 0 0
1996 1 1 33 3.7897 0.000393356 0.4 12 17.5 0
1996 2 1 33 0 0 0.687273 0 0 0
1996 3 1 33 0 0 0.687273 0 0 0
1996 4 1 33 0.584191 0.000234899 0.687273 0 3.5 0
1996 5 1 33 0 0 0.687273 0 0 0
1996 6 1 33 0 0 0.687273 0 0 0
1996 7 1 33 0 0 1.765 2 0 0
1996 8 1 33 0 0 0.687273 0 0 0
1996 9 1 33 0 0 0.687273 0 0 0
1996 1 2 33 7.03802 0.000730518 0.353333 9 32.5 0
1996 2 2 33 0 0 1.16111 0 0 0
1996 3 2 33 0 0 1.65 1 0 0
1996 4 2 33 0.250367 0.000100671 3.195 2 1.5 0
1996 5 2 33 0 0 1.16111 0 0 0
1996 6 2 33 0 0 1.16111 0 0 0
1996 7 2 33 0 0 1.16111 0 0 0
1996 8 2 33 0 0 1.16111 0 0 0
1996 9 2 33 0 0 1.16111 0 0 0
1996 1 1 34 6.92974 0.000719279 0.322222 9 32 0
1996 2 1 34 0 0 0.354 0 0 0
1996 3 1 34 0 0 0.354 0 0 0
1996 4 1 34 0.500735 0.000201342 0.354 0 3 0
1996 5 1 34 0 0 0.354 0 0 0
1996 6 1 34 0 0 0.354 0 0 0
1996 7 1 34 0.0853169 2.72874e-05 0.354 0 1 0
1996 8 1 34 0 0 0.354 0 0 0
1996 9 1 34 0 0 0.354 0 0 0
1996 1 2 34 6.06353 0.000629369 0.433333 15 28 0
1996 2 2 34 0 0 0.488182 0 0 0
1996 3 2 34 0 0 0.488182 0 0 0
1996 4 2 34 0.834558 0.00033557 0.488182 0 5 0
1996 5 2 34 0 0 0.488182 0 0 0
1996 6 2 34 0 0 0.488182 0 0 0
1996 7 2 34 0 0 0.488182 0 0 0
1996 8 2 34 0 0 0.488182 0 0 0
1996 9 2 34 0 0 0.488182 0 0 0
1996 1 1 35 9.31184 0.000966531 0.419231 13 43 0
1996 2 1 35 0 0 0.439091 0 0 0
1996 3 1 35 0 0 0.439091 0 0 0
1996 4 1 35 0.500735 0.000201342 0.439091 0 3 0
1996 5 1 35 0 0 0.439091 0 0 0
1996 6 1 35 0 0 0.439091 0 0 0
1996 7 1 35 0.255951 8.18621e-05 0.439091 0 3 0
1996 8 1 35 0 0 0.439091 0 0 0
1996 9 1 35 0 0 0.439091 0 0 0
1996 1 2 35 11.2608 0.00116883 0.485333 15 52 0
1996 2 2 35 0 0 0.512308 0 0 0
1996 3 2 35 0 0 0.512308 0 0 0
1996 4 2 35 0.667646 0.000268456 0.512308 0 4 0
1996 5 2 35 0 0 0.512308 0 0 0
1996 6 2 35 0 0 0.512308 0 0 0
1996 7 2 35 0 0 0.512308 0 0 0
1996 8 2 35 0 0 0.512308 0 0 0
1996 9 2 35 0 0 0.512308 0 0 0
1996 1 1 36 11.5857 0.00120254 0.557368 19 53.5 0
1996 2 1 36 0 0 0.5575 0 0 0
1996 3 1 36 0 0 0.536667 3 0 0
1996 4 1 36 0.751102 0.000302013 0.51 1 4.5 0
1996 5 1 36 0 0 0.5575 0 0 0
1996 6 1 36 0 0 0.5575 0 0 0
1996 7 1 36 0 0 0.5575 0 0 0
1996 8 1 36 0 0 0.5575 0 0 0
1996 9 1 36 0 0 0.5575 0 0 0
1996 1 2 36 10.936 0.00113511 0.4575 16 50.5 0
1996 2 2 36 0 0 0.546111 0 0 0
1996 3 2 36 0 0 0.63 1 0 0
1996 4 2 36 0.751102 0.000302013 0.546111 0 4.5 0
1996 5 2 36 0 0 0.546111 0 0 0
1996 6 2 36 0 0 0.546111 0 0 0
1996 7 2 36 0 0 0.86 4 0 0
1996 8 2 36 0 0 0.546111 0 0 0
1996 9 2 36 0 0 0.546111 0 0 0
1996 1 1 37 12.1271 0.00125874 0.505 16 56 0
1996 2 1 37 0 0 0.85 1 0 0
1996 3 1 37 0 0 0.72 1 0 0
1996 4 1 37 0.751102 0.000302013 0.551111 0 4.5 0
1996 5 1 37 0 0 0.551111 0 0 0
1996 6 1 37 0 0 0.551111 0 0 0
1996 7 1 37 0.170634 5.45747e-05 0.61 1 2 0
1996 8 1 37 0 0 0.551111 0 0 0
1996 9 1 37 0 0 0.551111 0 0 0
1996 1 2 37 12.9933 0.00134865 0.619048 21 60 0
1996 2 2 37 0 0 0.658333 0 0 0
1996 3 2 37 0 0 0.6 1 0 0
1996 4 2 37 1.75257 0.000704698 0.66 2 10.5 0
1996 5 2 37 0 0 0.658333 0 0 0
1996 6 2 37 0 0 0.658333 0 0 0
1996 7 2 37 0.0853169 2.72874e-05 1.22 1 1 0
1996 8 2 37 0 0 0.658333 0 0 0
1996 9 2 37 0 0 0.658333 0 0 0
1996 1 1 38 15.3754 0.0015959 0.595625 16 71 0
1996 2 1 38 0 0 0.724091 0 0 0
1996 3 1 38 0 0 0.616667 3 0 0
1996 4 1 38 1.33529 0.000536913 1.03667 3 8 0
1996 5 1 38 0 0 0.724091 0 0 0
1996 6 1 38 0 0 0.724091 0 0 0
1996 7 1 38 0.298609 9.55058e-05 0.926667 3 3.5 0
1996 8 1 38 0 0 0.724091 0 0 0
1996 9 1 38 0 0 0.724091 0 0 0
1996 1 2 38 14.076 0.00146104 0.628077 26 65 0
1996 2 2 38 0 0 0.708846 0 0 0
1996 3 2 38 0 0 0.708846 0 0 0
1996 4 2 38 1.5022 0.000604027 0.55 2 9 0
1996 5 2 38 0 0 0.708846 0 0 0
1996 6 2 38 0 0 0.708846 0 0 0
1996 7 2 38 0.127975 4.0931e-05 2.34 1 1.5 0
1996 8 2 38 0 0 0.708846 0 0 0
1996 9 2 38 0 0 0.708846 0 0 0
1996 1 1 39 15.9168 0.00165209 0.696875 32 73.5 0
1996 2 1 39 0 0 0.9 1 0 0
1996 3 1 39 0 0 0.754054 0 0 0
1996 4 1 39 1.25184 0.000503356 0.81 1 7.5 0
1996 5 1 39 0 0 0.754054 0 0 0
1996 6 1 39 0 0 0.754054 0 0 0
1996 7 1 39 0.127975 4.0931e-05 1.29667 3 1.5 0
1996 8 1 39 0 0 0.754054 0 0 0
1996 9 1 39 0 0 0.754054 0 0 0
1996 1 2 39 21.5472 0.00223651 0.703913 23 99.5 0
1996 2 2 39 0 0 0.794828 0 0 0
1996 3 2 39 0 0 0.75 1 0 0
1996 4 2 39 1.25184 0.000503356 0.92 1 7.5 0
1996 5 2 39 0 0 0.794828 0 0 0
1996 6 2 39 0 0 0.794828 0 0 0
1996 7 2 39 0.0426584 1.36437e-05 1.2975 4 0.5 0
1996 8 2 39 0 0 0.794828 0 0 0
1996 9 2 39 0 0 0.794828 0 0 0
1996 1 1 40 15.8085 0.00164086 0.769565 23 73 0
1996 2 1 40 0 0 0.847333 0 0 0
1996 3 1 40 0 0 0.766667 3 0 0
1996 4 1 40 2.0864 0.000838926 1.57333 3 12.5 0
1996 5 1 40 0 0 0.847333 0 0 0
1996 6 1 40 0 0 0.847333 0 0 0
1996 7 1 40 0 0 0.7 1 0 0
1996 8 1 40 0 0 0.847333 0 0 0
1996 9 1 40 0 0 0.847333 0 0 0
1996 1 2 40 17.3244 0.0017982 0.816667 15 80 1
1996 2 2 40 0 0 1.02963 0 0 0
1996 3 2 40 0 0 0.85 2 0 0
1996 4 2 40 1.91948 0.000771812 1.27143 7 11.5 0
1996 5 2 40 0 0 1.02963 0 0 0
1996 6 2 40 0 0 1.02963 0 0 0
1996 7 2 40 0.0853169 2.72874e-05 1.65 3 1 0
1996 8 2 40 0 0 1.02963 0 0 0
1996 9 2 40 0 0 1.02963 0 0 0
1996 1 1 41 17.6492 0.00183191 0.787647 17 81.5 0
1996 2 1 41 0 0 0.867576 0 0 0
1996 3 1 41 0 0 0.95 4 0 0
1996 4 1 41 0.584191 0.000234899 0.93625 8 3.5 0
1996 5 1 41 0 0 0.867576 0 0 0
1996 6 1 41 0 0 0.867576 0 0 0
1996 7 1 41 0.213292 6.82184e-05 0.9875 4 2.5 0
1996 8 1 41 0 0 0.867576 0 0 0
1996 9 1 41 0 0 0.867576 0 0 0
1996 1 2 41 17.8657 0.00185439 0.787407 27 82.5 0
1996 2 2 41 0 0 0.75 1 0 0
1996 3 2 41 0 0 0.792857 7 0 0
1996 4 2 41 2.0864 0.000838926 0.91 11 12.5 0
1996 5 2 41 0 0 0.815 0 0 0
1996 6 2 41 0 0 0.815 0 0 0
1996 7 2 41 0.127975 4.0931e-05 0.775 2 1.5 0
1996 8 2 41 0 0 0.815 0 0 0
1996 9 2 41 0 0 0.815 0 0 0
1996 1 1 42 17.7575 0.00184315 0.890556 36 82 0
1996 2 1 42 0 0 1 2 0 0
1996 3 1 42 0 0 0.825 4 0 0
1996 4 1 42 1.25184 0.000503356 0.871429 7 7.5 0
1996 5 1 42 0 0 0.912931 0 0 0
1996 6 1 42 0 0 0.912931 0 0 0
1996 7 1 42 0.55456 0.000177368 1.12 7 6.5 0
1996 8 1 42 0 0 0.912931 0 0 0
1996 9 1 42 0 0 0.825 2 0 0
1996 1 2 42 19.7065 0.00204545 0.864828 29 91 0
1996 2 2 42 0 0 0.911364 0 0 0
1996 3 2 42 0 0 1.025 4 0 0
1996 4 2 42 1.41875 0.00057047 0.931429 7 8.5 0
1996 5 2 42 0 0 0.911364 0 0 0
1996 6 2 42 0 0 0.911364 0 0 0
1996 7 2 42 0.213292 6.82184e-05 1.1 4 2.5 0
1996 8 2 42 0 0 0.911364 0 0 0
1996 9 2 42 0 0 0.911364 0 0 0
1996 1 1 43 18.5154 0.00192182 0.933947 38 85.5 0
1996 2 1 43 0 0 1.15 1 0 0
1996 3 1 43 0 0 1.01462 13 0 0
1996 4 1 43 2.0864 0.000838926 0.99 13 12.5 0
1996 5 1 43 0 0 0.88 1 0 0
1996 6 1 43 0 0 0.988 0 0 0
1996 7 1 43 0.639876 0.000204655 1.15778 9 7.5 0
1996 8 1 43 0 0 0.988 0 0 0
1996 9 1 43 0 0 0.92 1 0 0
1996 1 2 43 16.1333 0.00167457 1.05342 38 74.5 0
1996 2 2 43 0 0 1.1075 0 0 0
1996 3 2 43 0 0 0.866667 3 0 0
1996 4 2 43 2.58713 0.00104027 1.286 10 15.5 0
1996 5 2 43 0 0 1.1075 0 0 0
1996 6 2 43 0 0 1.9 1 0 0
1996 7 2 43 0.298609 9.55058e-05 1.149 10 3.5 0
1996 8 2 43 0 0 1.1075 0 0 0
1996 9 2 43 0 0 0.94 3 0 0
1996 1 1 44 13.7512 0.00142732 0.988333 24 63.5 0
1996 2 1 44 0 0 1.1125 4 0 0
1996 3 1 44 0 0 1.06071 14 0 0
1996 4 1 44 2.8375 0.00114094 1.04071 14 17 0
1996 5 1 44 0 0 1.06667 0 0 0
1996 6 1 44 0 0 1.06667 0 0 0
1996 7 1 44 0.383926 0.000122793 1.1775 16 4.5 0
1996 8 1 44 0 0 1.06667 0 0 0
1996 9 1 44 0 0 1.12833 6 0 0
1996 1 2 44 15.7002 0.00162962 1.03641 39 72.5 1
1996 2 2 44 0 0 1.01667 3 0 0
1996 3 2 44 0 0 1.12125 8 0 0
1996 4 2 44 3.33823 0.00134228 1.21 9 20 1
1996 5 2 44 0 0 1.10947 0 0 0
1996 6 2 44 0 0 1.10947 0 0 0
1996 7 2 44 0.213292 6.82184e-05 1.17833 12 2.5 0
1996 8 2 44 0 0 1.10947 0 0 0
1996 9 2 44 0 0 1.37 5 0 0
1996 1 1 45 13.8595 0.00143856 1.10681 47 64 0
1996 2 1 45 0 0 1.23333 3 0 0
1996 3 1 45 0 0 1.1 18 0 0
1996 4 1 45 2.8375 0.00114094 1.27667 9 17 0
1996 5 1 45 0 0 1 1 0 0
1996 6 1 45 0 0 1.18604 0 0 0
1996 7 1 45 1.0238 0.000327448 1.3855 20 12 0
1996 8 1 45 0 0 1.18604 0 0 0
1996 9 1 45 0 0 1.35667 3 0 0
1996 1 2 45 13.2098 0.00137113 1.08675 40 61 2
1996 2 2 45 0 0 1.10833 6 0 0
1996 3 2 45 0 0 1.17 10 0 0
1996 4 2 45 4.67353 0.00187919 1.15 14 28 0
1996 5 2 45 0 0 1.12731 0 0 0
1996 6 2 45 0 0 1.28 1 0 0
1996 7 2 45 0.597218 0.000191012 1.181 20 7 0
1996 8 2 45 0 0 1.12731 0 0 0
1996 9 2 45 0 0 1.01 2 0 0
1996 1 1 46 13.3181 0.00138236 1.24679 56 61.5 4
1996 2 1 46 0 0 1.4875 4 0 0
1996 3 1 46 0 0 1.17077 13 0 0
1996 4 1 46 2.8375 0.00114094 1.16 11 17 1
1996 5 1 46 0 0 1.30156 0 0 0
1996 6 1 46 0 0 1.02 1 0 0
1996 7 1 46 1.40773 0.000450241 1.5063 27 16.5 0
1996 8 1 46 0.00949927 0.0012285 1.30156 0 0.5 0
1996 9 1 46 0 0 1.335 10 0 0
1996 1 2 46 11.8022 0.00122502 1.16732 41 54.5 0
1996 2 2 46 0 0 1.19743 0 0 0
1996 3 2 46 0 0 1.21636 22 0 0
1996 4 2 46 3.17132 0.00127517 1.33154 13 19 0
1996 5 2 46 0 0 1.19743 0 0 0
1996 6 2 46 0 0 1.19743 0 0 0
1996 7 2 46 0.81051 0.00025923 1.16871 31 9.5 0
1996 8 2 46 0.00949927 0.0012285 1.19743 0 0.5 0
1996 9 2 46 0 0 1.19167 6 0 0
1996 1 1 47 13.1015 0.00135989 1.27044 68 60.5 3
1996 2 1 47 0 0 1.725 2 0 0
1996 3 1 47 0 0 1.25882 17 0 0
1996 4 1 47 4.08933 0.0016443 1.39 22 24.5 0
1996 5 1 47 0 0 1.315 0 0 0
1996 6 1 47 0 0 1.43 1 0 0
1996 7 1 47 1.0238 0.000327448 1.32689 45 12 0
1996 8 1 47 0.0379971 0.004914 1.315 0 2 0
1996 9 1 47 0 0 1.488 5 0 0
1996 1 2 47 11.3691 0.00118007 1.21784 51 52.5 2
1996 2 2 47 0 0 1.68 5 0 0
1996 3 2 47 0 0 1.26786 14 0 0
1996 4 2 47 4.92389 0.00197987 1.32296 27 29.5 1
1996 5 2 47 0 0 1.31 1 0 0
1996 6 2 47 0 0 1.28692 0 0 0
1996 7 2 47 1.10912 0.000354736 1.32211 38 13 0
1996 8 2 47 0.0379971 0.004914 1.28692 0 2 0
1996 9 2 47 0 0 1.236 10 0 0
1996 1 1 48 12.6684 0.00131493 1.3332 97 58.5 2
1996 2 1 48 0 0 1.48333 3 0 0
1996 3 1 48 0 0 1.28615 13 0 0
1996 4 1 48 4.59007 0.00184564 1.37054 37 27.5 0
1996 5 1 48 0 0 1.38448 0 0 0
1996 6 1 48 0 0 1.17 1 0 0
1996 7 1 48 2.68748 0.000859552 1.51716 67 31.5 0
1996 8 1 48 0 0 1.38448 0 0 0
1996 9 1 48 0 0 1.23333 15 0 0
1996 1 2 48 9.20357 0.000955292 1.34919 62 42.5 1
1996 2 2 48 0 0 1.925 2 0 0
1996 3 2 48 0 0 1.32682 22 0 0
1996 4 2 48 4.42316 0.00177852 1.41893 28 26.5 1
1996 5 2 48 0 0 1.20333 3 0 0
1996 6 2 48 0 0 1.375 2 0 0
1996 7 2 48 1.83431 0.000586678 1.40212 66 21.5 0
1996 8 2 48 0.0189985 0.002457 1.37696 0 1 0
1996 9 2 48 0 0 1.28571 7 0 0
1996 1 1 49 18.1906 0.00188811 1.42079 114 84 2
1996 2 1 49 0 0 1.55 1 0 0
1996 3 1 49 0 0 1.43273 22 0 0
1996 4 1 49 4.50661 0.00181208 1.49732 41 27 0
1996 5 1 49 0 0 1.4125 4 0 0
1996 6 1 49 0 0 1.37571 7 0 0
1996 7 1 49 3.07141 0.000982345 1.44844 77 36 0
1996 8 1 49 0.00949927 0.0012285 1.43978 0 0.5 0
1996 9 1 49 0 0 1.42 13 0 0
1996 1 2 49 11.2608 0.00116883 1.44191 89 52 2
1996 2 2 49 0 0 1.9 4 0 0
1996 3 2 49 0 0 1.33857 14 0 0
1996 4 2 49 6.00882 0.00241611 1.4893 43 36 3
1996 5 2 49 0 0 1.33 1 0 0
1996 6 2 49 0 0 1.572 5 0 0
1996 7 2 49 3.32736 0.00106421 1.44846 78 39 0
1996 8 2 49 0.00949927 0.0012285 1.45563 0 0.5 0
1996 9 2 49 0 0 1.43182 11 0 0
1996 1 1 50 23.2796 0.00241633 1.54562 128 107.5 2
1996 2 1 50 0 0 1.75833 6 0 0
1996 3 1 50 0 0 1.48455 11 0 0
1996 4 1 50 4.08933 0.0016443 1.59897 58 24.5 1
1996 5 1 50 0 0 1.55429 0 0 0
1996 6 1 50 0 0 1.56333 6 0 0
1996 7 1 50 5.92952 0.00189647 1.52488 129 69.5 0
1996 8 1 50 0.00949927 0.0012285 1.55429 0 0.5 0
1996 9 1 50 0 0 1.70417 12 0 0
1996 1 2 50 16.5664 0.00171953 1.46667 108 76.5 6
1996 2 2 50 0 0 1.43 5 0 0
1996 3 2 50 0 0 1.46286 21 0 0
1996 4 2 50 6.59301 0.00265101 1.59186 70 39.5 2
1996 5 2 50 0 0 1.56 1 0 0
1996 6 2 50 0 0 1.59333 3 0 0
1996 7 2 50 3.88192 0.00124158 1.55592 120 45.5 0
1996 8 2 50 0.0474963 0.00614251 1.52794 0 2.5 0
1996 9 2 50 0 0 1.56545 11 0 0
1996 1 1 51 31.8335 0.00330419 1.66095 158 147 7
1996 2 1 51 0 0 2.05 6 0 0
1996 3 1 51 0 0 1.54917 12 0 0
1996 4 1 51 6.84338 0.00275168 1.72611 95 41 2
1996 5 1 51 0 0 1.51143 7 0 0
1996 6 1 51 0 0 1.95556 9 0 0
1996 7 1 51 6.86801 0.00219663 1.62275 153 80.5 0
1996 8 1 51 0.0569956 0.00737101 1.66205 0 3 0
1996 9 1 51 0 0 1.55522 23 0 0
1996 1 2 51 20.7892 0.00215784 1.5697 133 96 7
1996 2 2 51 0 0 1.4 1 0 0
1996 3 2 51 0 0 1.56437 16 0 0
1996 4 2 51 7.51102 0.00302013 1.66615 78 45 0
1996 5 2 51 0 0 1.46 2 0 0
1996 6 2 51 0 0 1.61182 11 0 0
1996 7 2 51 5.3323 0.00170546 1.62268 112 62.5 1
1996 8 2 51 0.0379971 0.004914 1.60779 0 2 0
1996 9 2 51 0 0 1.60783 23 0 0
1996 1 1 52 42.4447 0.00440558 1.74549 164 196 8
1996 2 1 52 0 0 2 2 0 0
1996 3 1 52 0 0 1.61208 24 0 0
1996 4 1 52 7.9283 0.00318792 1.74299 97 47.5 2
1996 5 1 52 0 0 1.58 2 0 0
1996 6 1 52 0 0 1.65 11 0 0
1996 7 1 52 7.93447 0.00253772 1.74984 182 93 2
1996 8 1 52 0.00949927 0.0012285 1.73398 0 0.5 0
1996 9 1 52 0 0 1.66757 37 0 0
1996 1 2 52 28.1521 0.00292207 1.69025 162 130 4
1996 2 2 52 0 0 1.76667 3 0 0
1996 3 2 52 0 0 1.7725 12 0 0
1996 4 2 52 7.9283 0.00318792 1.74886 79 47.5 0
1996 5 2 52 0 0 1.63 4 0 0
1996 6 2 52 0 0 1.65 6 0 0
1996 7 2 52 7.50788 0.00240129 1.68632 144 88 0
1996 8 2 52 0.00949927 0.0012285 1.69773 0 0.5 0
1996 9 2 52 0 0 1.62903 31 0 0
1996 1 1 53 58.6863 0.00609139 1.83609 179 271 12
1996 2 1 53 0 0 1.9375 4 0 0
1996 3 1 53 0 0 1.71 8 0 0
1996 4 1 53 8.84632 0.00355705 1.8239 118 53 5
1996 5 1 53 0 0 1.69 1 0 0
1996 6 1 53 0 0 1.85727 11 0 0
1996 7 1 53 11.6031 0.00371108 1.81474 251 136 1
1996 8 1 53 0.0474963 0.00614251 1.715 2 2.5 0
1996 9 1 53 0 0 1.74349 43 0 0
1996 1 2 53 37.2474 0.00386612 1.81294 160 172 8
1996 2 2 53 0 0 1.825 4 0 0
1996 3 2 53 0 0 1.822 10 0 0
1996 4 2 53 10.8493 0.00436242 1.889 100 65 2
1996 5 2 53 0 0 2.14 1 0 0
1996 6 2 53 0 0 1.78833 12 0 0
1996 7 2 53 9.81144 0.00313805 1.82904 240 115 1
1996 8 2 53 0.0474963 0.00614251 1.83291 0 2.5 0
1996 9 2 53 0 0 1.80194 36 0 0
1996 1 1 54 72.1127 0.007485 1.88505 202 333 9
1996 2 1 54 0 0 2 2 0 0
1996 3 1 54 0 0 1.83571 7 0 0
1996 4 1 54 11.2665 0.0045302 2.0276 154 67.5 4
1996 5 1 54 0 0 1.97667 3 0 0
1996 6 1 54 0 0 1.99 10 0 0
1996 7 1 54 16.4235 0.00525282 1.91967 301 192.5 1
1996 8 1 54 0.0949927 0.012285 1.92709 0 5 0
1996 9 1 54 0 0 1.83019 52 0 0
1996 1 2 54 51.54 0.00534964 1.87421 152 238 9
1996 2 2 54 0 0 2.075 4 0 0
1996 3 2 54 0 0 1.862 10 0 0
1996 4 2 54 11.2665 0.0045302 2.00096 125 67.5 2
1996 5 2 54 0 0 2.12667 3 0 0
1996 6 2 54 0 0 1.84619 21 0 0
1996 7 2 54 13.0961 0.00418861 1.91962 260 153.5 0
1996 8 2 54 0.0949927 0.012285 1.73 1 5 0
1996 9 2 54 0 0 1.72676 37 0 0
1996 1 1 55 82.399 0.00855268 2.01147 211 380.5 11
1996 2 1 55 0 0 2.01667 3 0 0
1996 3 1 55 0 0 2.08667 9 0 0
1996 4 1 55 14.104 0.00567114 2.23956 158 84.5 3
1996 5 1 55 0 0 1.875 2 0 0
1996 6 1 55 0 0 2.03444 18 0 0
1996 7 1 55 21.2866 0.0068082 2.03072 345 249.5 3
1996 8 1 55 0.104492 0.0135135 2.0597 0 5.5 0
1996 9 1 55 0 0 1.90698 53 0 0
1996 1 2 55 54.68 0.00567556 2.01639 158 252.5 10
1996 2 2 55 0 0 2.9 4 0 0
1996 3 2 55 0 0 1.97647 17 0 0
1996 4 2 55 14.9386 0.00600671 2.06893 169 89.5 1
1996 5 2 55 0 0 2.05 4 0 0
1996 6 2 55 0 0 1.8455 20 0 0
1996 7 2 55 18.4711 0.00590771 2.00143 287 216.5 0
1996 8 2 55 0.12349 0.0159705 2.01445 0 6.5 0
1996 9 2 55 0 0 1.89042 48 0 0
1996 1 1 56 99.3985 0.0103172 2.16706 238 459 14
1996 2 1 56 0 0 2.23333 6 0 0
1996 3 1 56 0 0 1.98063 16 0 0
1996 4 1 56 14.6048 0.00587248 2.23206 180 87.5 3
1996 5 1 56 0 0 2.15 2 0 0
1996 6 1 56 0 0 2.07333 12 0 0
1996 7 1 56 26.0643 0.00833629 2.11596 394 305.5 3
1996 8 1 56 0.13299 0.017199 1.63 1 7 0
1996 9 1 56 0 0 2.00348 66 0 0
1996 1 2 56 64.3167 0.00667581 2.18201 159 297 12
1996 2 2 56 0 0 2.5 1 0 0
1996 3 2 56 0 0 2.13692 13 0 0
1996 4 2 56 14.7717 0.0059396 2.15533 169 88.5 0
1996 5 2 56 0 0 1.73333 3 0 0
1996 6 2 56 0 0 2.22667 15 0 0
1996 7 2 56 22.481 0.00719022 2.15239 368 263.5 2
1996 8 2 56 0.151988 0.019656 2.15182 0 8 0
1996 9 2 56 0 0 2.01463 41 0 0
1996 1 1 57 112.175 0.0116433 2.30801 216 518 6
1996 2 1 57 0 0 2.16 5 0 0
1996 3 1 57 0 0 2.50333 15 0 0
1996 4 1 57 19.4452 0.00781879 2.33912 194 116.5 3
1996 5 1 57 0 0 1.995 8 0 0
1996 6 1 57 0 0 2.28654 26 0 0
1996 7 1 57 29.3917 0.0094005 2.22152 473 344.5 5
1996 8 1 57 0.0949927 0.012285 1.89 2 5 0
1996 9 1 57 0 0 2.14231 65 0 0
1996 1 2 57 81.4245 0.00845153 2.26626 190 376 7
1996 2 2 57 0 0 2.78333 3 0 0
1996 3 2 57 0 0 2.30563 16 0 0
1996 4 2 57 20.7805 0.0083557 2.3055 211 124.5 1
1996 5 2 57 0 0 2.12 4 0 0
1996 6 2 57 0 0 2.2352 25 0 0
1996 7 2 57 27.2587 0.00871831 2.21643 392 319.5 3
1996 8 2 57 0.13299 0.017199 2.24255 0 7 0
1996 9 2 57 0 0 2.04458 48 0 0
1996 1 1 58 126.468 0.0131268 2.45313 243 584 9
1996 2 1 58 0 0 2.25 3 0 0
1996 3 1 58 0 0 2.3624 25 0 0
1996 4 1 58 22.3662 0.00899329 2.50584 238 134 5
1996 5 1 58 0 0 2.3 1 0 0
1996 6 1 58 0.927963 0.0294118 2.235 18 0.5 0
1996 7 1 58 35.4918 0.0113515 2.31061 559 416 6
1996 8 1 58 0.199485 0.0257985 1.94 1 10.5 0
1996 9 1 58 0 0 2.15333 72 0 0
1996 1 2 58 91.8191 0.00953045 2.28831 172 424 6
1996 2 2 58 0 0 2.72 5 0 0
1996 3 2 58 0 0 2.38063 16 0 0
1996 4 2 58 26.5389 0.0106711 2.42865 192 159 5
1996 5 2 58 0 0 2.22667 3 0 0
1996 6 2 58 0.927963 0.0294118 2.3775 24 0.5 0
1996 7 2 58 31.7379 0.0101509 2.37421 416 372 3
1996 8 2 58 0.12349 0.0159705 2.3 1 6.5 0
1996 9 2 58 0 0 2.24511 47 0 0
1996 1 1 59 148.448 0.0154083 2.57415 248 685.5 13
1996 2 1 59 0 0 2.85 5 0 0
1996 3 1 59 0 0 2.42174 23 0 0
1996 4 1 59 31.5463 0.0126846 2.56123 228 189 6
1996 5 1 59 0 0 2.31 4 0 0
1996 6 1 59 1.85593 0.0588235 2.33733 30 1 0
1996 7 1 59 41.0374 0.0131252 2.44044 572 481 4
1996 8 1 59 0.341974 0.044226 2.04 1 18 0
1996 9 1 59 0 0 2.40535 71 0 0
1996 1 2 59 96.6916 0.0100362 2.50343 172 446.5 7
1996 2 2 59 0 0 2.96429 7 0 0
1996 3 2 59 0 0 2.4292 25 0 0
1996 4 2 59 30.5448 0.0122819 2.57961 204 183 6
1996 5 2 59 0 0 2.29 6 0 0
1996 6 2 59 1.85593 0.0588235 2.5 20 1 0
1996 7 2 59 37.966 0.0121429 2.46974 498 445 6
1996 8 2 59 0.455965 0.0589681 2.65 1 24 0
1996 9 2 59 0 0 2.36839 62 0 0
1996 1 1 60 164.473 0.0170716 2.70651 281 759.5 18
1996 2 1 60 0 0 2.66 5 0 0
1996 3 1 60 0 0 2.58944 18 0 0
1996 4 1 60 34.3838 0.0138255 2.7747 249 206 2
1996 5 1 60 0 0 2.325 2 0 0
1996 6 1 60 0 0 2.45667 33 0 0
1996 7 1 60 48.8866 0.0156357 2.55516 630 573 4
1996 8 1 60 0.161488 0.0208845 2.62324 0 8.5 0
1996 9 1 60 0 0 2.46069 72 0 0
1996 1 2 60 124.411 0.0129133 2.60481 210 574.5 12
1996 2 2 60 0 0 2.88333 6 0 0
1996 3 2 60 0 0 2.69615 13 0 0
1996 4 2 60 36.8875 0.0148322 2.67763 236 221 2
1996 5 2 60 0 0 2.37333 6 0 0
1996 6 2 60 0 0 2.5213 23 0 0
1996 7 2 60 47.0096 0.0150353 2.58384 567 551 3
1996 8 2 60 0.199485 0.0257985 2.575 2 10.5 0
1996 9 2 60 0 0 2.44047 64 0 0
1996 1 1 61 190.676 0.0197914 2.8422 282 880.5 13
1996 2 1 61 0 0 3.21 5 0 0
1996 3 1 61 0 0 2.80786 28 0 0
1996 4 1 61 41.0603 0.0165101 2.90664 271 246 7
1996 5 1 61 0 0 2.28125 8 0 0
1996 6 1 61 0 0 2.72818 33 0 0
1996 7 1 61 50.2516 0.0160723 2.65562 649 589 3
1996 8 1 61 0.25648 0.0331695 2.345 2 13.5 0
1996 9 1 61 0 0 2.5685 80 0 0
1996 1 2 61 128.309 0.0133179 2.86252 226 592.5 11
1996 2 2 61 0 0 3.11667 3 0 0
1996 3 2 61 0 0 2.83207 29 0 0
1996 4 2 61 38.8904 0.0156376 2.86423 239 233 4
1996 5 2 61 0 0 2.52818 11 0 0
1996 6 2 61 0 0 2.65911 45 0 0
1996 7 2 61 50.8488 0.0162633 2.74129 605 596 1
1996 8 2 61 0.237482 0.0307125 2.5 2 12.5 0
1996 9 2 61 0 0 2.49176 51 0 0
1996 1 1 62 209.083 0.021702 2.94107 327 965.5 16
1996 2 1 62 0 0 3.05 7 0 0
1996 3 1 62 0 0 2.92647 34 0 0
1996 4 1 62 41.8114 0.0168121 2.99546 315 250.5 6
1996 5 1 62 0 0 2.59 4 0 0
1996 6 1 62 0 0 2.75022 45 0 0
1996 7 1 62 63.817 0.0204109 2.84277 621 748 5
1996 8 1 62 0.284978 0.036855 2.3 1 15 0
1996 9 1 62 0 0 2.6936 89 0 0
1996 1 2 62 144.334 0.0149812 2.96612 224 666.5 11
1996 2 2 62 0 0 3.03 5 0 0
1996 3 2 62 0 0 2.88846 26 0 0
1996 4 2 62 50.4908 0.020302 2.99373 284 302.5 7
1996 5 2 62 0 0 2.674 5 0 0
1996 6 2 62 0 0 2.80625 32 0 0
1996 7 2 62 58.1861 0.01861 2.85303 621 682 1
1996 8 2 62 0.322975 0.041769 2.45 3 17 0
1996 9 2 62 0 0 2.64162 74 0 0
1996 1 1 63 218.07 0.0226348 3.09365 299 1007 16
1996 2 1 63 0 0 3.86 5 0 0
1996 3 1 63 0 0 2.99029 35 0 0
1996 4 1 63 47.9871 0.0192953 3.17765 307 287.5 6
1996 5 1 63 0 0 2.635 6 0 0
1996 6 1 63 0.927963 0.0294118 2.77408 49 0.5 0
1996 7 1 63 69.1493 0.0221164 2.91721 730 810.5 4
1996 8 1 63 0.275479 0.0356265 2.96 1 14.5 0
1996 9 1 63 0 0 2.82247 77 0 0
1996 1 2 63 160.9 0.0167008 3.18281 231 743 12
1996 2 2 63 0 0 3.525 2 0 0
1996 3 2 63 0 0 3.145 22 0 0
1996 4 2 63 55.4981 0.0223154 3.07793 275 332.5 5
1996 5 2 63 0 0 2.67556 9 0 0
1996 6 2 63 0.927963 0.0294118 2.99523 44 0.5 0
1996 7 2 63 63.0065 0.0201517 2.98918 661 738.5 6
1996 8 2 63 0.237482 0.0307125 2.65 2 12.5 0
1996 9 2 63 0 0 2.85218 78 0 0
1996 1 1 64 230.739 0.0239497 3.31709 289 1065.5 10
1996 2 1 64 0 0 4.1375 4 0 0
1996 3 1 64 0 0 3.33515 33 0 0
1996 4 1 64 59.504 0.0239262 3.29321 293 356.5 5
1996 5 1 64 0 0 2.99 4 0 0
1996 6 1 64 0.927963 0.0294118 3.00673 55 0.5 0
1996 7 1 64 73.5858 0.0235354 3.06519 734 862.5 8
1996 8 1 64 0.180486 0.0233415 2.04 1 9.5 0
1996 9 1 64 0 0 2.99816 87 0 0
1996 1 2 64 179.849 0.0186675 3.25726 237 830.5 12
1996 2 2 64 0 0 3.625 2 0 0
1996 3 2 64 0 0 3.15692 26 0 0
1996 4 2 64 58.3356 0.0234564 3.25924 341 349.5 6
1996 5 2 64 0 0 3.02667 6 0 0
1996 6 2 64 0.927963 0.0294118 2.9774 50 0.5 0
1996 7 2 64 71.5382 0.0228805 3.14824 712 838.5 7
1996 8 2 64 0.161488 0.0208845 3.17383 0 8.5 0
1996 9 2 64 0 0 2.95638 94 0 0
1996 1 1 65 256.292 0.0266021 3.39488 291 1183.5 16
1996 2 1 65 0 0 4.03333 6 0 0
1996 3 1 65 0 0 3.32286 28 0 0
1996 4 1 65 67.7661 0.0272483 3.50653 331 406 4
1996 5 1 65 0 0 2.76143 7 0 0
1996 6 1 65 1.85593 0.0588235 3.23444 63 1 0
1996 7 1 65 80.6244 0.0257866 3.20063 709 945 5
1996 8 1 65 0.113991 0.014742 3.4 2 6 0
1996 9 1 65 0 0 3.06918 61 0 0
1996 1 2 65 205.835 0.0213648 3.52263 247 950.5 8
1996 2 2 65 0 0 3.5 3 0 0
1996 3 2 65 0 0 3.48 29 0 0
1996 4 2 65 62.258 0.0250336 3.39964 333 373 5
1996 5 2 65 0 0 2.904 10 0 0
1996 6 2 65 1.85593 0.0588235 3.24904 52 1 0
1996 7 2 65 82.1601 0.0262777 3.27475 682 963 6
1996 8 2 65 0.13299 0.017199 3.27 2 7 0
1996 9 2 65 0 0 3.165 80 0 0
1996 1 1 66 231.713 0.0240509 3.55934 287 1070 14
1996 2 1 66 0 0 4.25 3 0 0
1996 3 1 66 0 0 3.52143 28 0 0
1996 4 1 66 65.0955 0.0261745 3.61867 323 390 3
1996 5 1 66 0 0 3.426 5 0 0
1996 6 1 66 0.927963 0.0294118 3.2364 50 0.5 0
1996 7 1 66 84.7196 0.0270964 3.35775 658 993 4
1996 8 1 66 0.12349 0.0159705 3.45636 0 6.5 0
1996 9 1 66 0 0 3.30721 68 0 0
1996 1 2 66 196.848 0.020432 3.66658 231 909 13
1996 2 2 66 0 0 4.6625 4 0 0
1996 3 2 66 0 0 3.55833 24 0 0
1996 4 2 66 66.4308 0.0267114 3.55879 346 398 5
1996 5 2 66 0 0 3.04 7 0 0
1996 6 2 66 0.927963 0.0294118 3.30467 60 0.5 0
1996 7 2 66 90.0093 0.0287882 3.4164 695 1055 3
1996 8 2 66 0.104492 0.0135135 3.3 1 5.5 0
1996 9 2 66 0 0 3.21477 65 0 0
1996 1 1 67 223.051 0.0231518 3.75898 275 1030 23
1996 2 1 67 0 0 4.56167 6 0 0
1996 3 1 67 0 0 3.74321 28 0 0
1996 4 1 67 64.3444 0.0258725 3.75885 279 385.5 1
1996 5 1 67 0 0 3.59143 7 0 0
1996 6 1 67 0.927963 0.0294118 3.48194 62 0.5 0
1996 7 1 67 82.8427 0.026496 3.46702 644 971 6
1996 8 1 67 0.0854934 0.0110565 3.335 2 4.5 0
1996 9 1 67 0 0 3.36443 70 0 0
1996 1 2 67 200.313 0.0207917 3.73783 253 925 14
1996 2 2 67 0 0 4.33 5 0 0
1996 3 2 67 0 0 3.5456 25 0 0
1996 4 2 67 64.0106 0.0257383 3.74432 333 383.5 3
1996 5 2 67 0 0 3.16889 9 0 0
1996 6 2 67 0.927963 0.0294118 3.3668 75 0.5 0
1996 7 2 67 95.2136 0.0304527 3.5699 705 1116 3
1996 8 2 67 0.142489 0.0184275 3.3325 4 7.5 0
1996 9 2 67 0 0 3.31586 70 0 0
1996 1 1 68 218.937 0.0227247 3.8272 254 1011 15
1996 2 1 68 0 0 3.74054 0 0 0
1996 3 1 68 0 0 3.90333 12 0 0
1996 4 1 68 66.5977 0.0267785 3.94324 275 399 3
1996 5 1 68 0 0 3.53222 9 0 0
1996 6 1 68 2.78389 0.0882353 3.648 60 1.5 0
1996 7 1 68 84.677 0.0270827 3.63498 600 992.5 7
1996 8 1 68 0.0474963 0.00614251 3.52 2 2.5 0
1996 9 1 68 0 0 3.57373 51 0 0
1996 1 2 68 199.447 0.0207017 3.96636 239 921 12
1996 2 2 68 0 0 4.86667 3 0 0
1996 3 2 68 0 0 3.83625 16 0 0
1996 4 2 68 67.0985 0.0269799 3.85067 371 402 2
1996 5 2 68 0 0 3.4875 8 0 0
1996 6 2 68 2.78389 0.0882353 3.55857 42 1.5 0
1996 7 2 68 89.2841 0.0285562 3.7476 680 1046.5 3
1996 8 2 68 0.0854934 0.0110565 3.705 4 4.5 0
1996 9 2 68 0 0 3.54015 68 0 0
1996 1 1 69 216.879 0.0225112 4.03573 246 1001.5 15
1996 2 1 69 0 0 4.8 1 0 0
1996 3 1 69 0 0 3.979 10 0 0
1996 4 1 69 67.0985 0.0269799 4.02378 249 402 3
1996 5 1 69 0 0 3.5675 4 0 0
1996 6 1 69 0.927963 0.0294118 3.788 40 0.5 0
1996 7 1 69 80.7524 0.0258275 3.76492 559 946.5 7
1996 8 1 69 0.0949927 0.012285 3.87858 0 5 0
1996 9 1 69 0 0 3.70128 47 0 0
1996 1 2 69 192.409 0.0199712 4.15412 255 888.5 11
1996 2 2 69 0 0 4.6 3 0 0
1996 3 2 69 0 0 3.818 25 0 0
1996 4 2 69 67.0985 0.0269799 4.0711 326 402 4
1996 5 2 69 0 0 3.762 5 0 0
1996 6 2 69 0.927963 0.0294118 3.83175 40 0.5 0
1996 7 2 69 86.8099 0.0277649 3.87883 650 1017.5 5
1996 8 2 69 0.0569956 0.00737101 3.44333 3 3 0
1996 9 2 69 0 0 3.72922 64 0 0
1996 1 1 70 209.083 0.021702 4.28726 234 965.5 14
1996 2 1 70 0 0 4.7 2 0 0
1996 3 1 70 0 0 4.22273 11 0 0
1996 4 1 70 69.4352 0.0279195 4.31781 242 416 5
1996 5 1 70 0 0 3.785 6 0 0
1996 6 1 70 2.78389 0.0882353 3.95116 43 1.5 0
1996 7 1 70 79.2594 0.02535 3.97662 524 929 7
1996 8 1 70 0.104492 0.0135135 3.93 2 5.5 0
1996 9 1 70 0 0 4.03795 44 0 0
1996 1 2 70 178.982 0.0185776 4.40439 244 826.5 11
1996 2 2 70 0 0 4.95 2 0 0
1996 3 2 70 0 0 4.17625 16 0 0
1996 4 2 70 71.4382 0.0287248 4.24988 322 428 4
1996 5 2 70 0 0 3.56833 6 0 0
1996 6 2 70 2.78389 0.0882353 3.945 52 1.5 0
1996 7 2 70 95.8962 0.030671 4.07071 630 1124 4
1996 8 2 70 0.161488 0.0208845 3.67 1 8.5 0
1996 9 2 70 0 0 3.93043 70 0 0
1996 1 1 71 178.333 0.0185102 4.44922 230 823.5 17
1996 2 1 71 0 0 4.28431 0 0 0
1996 3 1 71 0 0 4.52273 11 0 0
1996 4 1 71 57.4176 0.0230872 4.42725 222 344 1
1996 5 1 71 0 0 3.83 5 0 0
1996 6 1 71 0.927963 0.0294118 4.14294 34 0.5 0
1996 7 1 71 73.2445 0.0234262 4.16201 442 858.5 4
1996 8 1 71 0.0474963 0.00614251 4 2 2.5 0
1996 9 1 71 0 0 3.99838 37 0 0
1996 1 2 71 173.352 0.0179932 4.54118 237 800.5 16
1996 2 2 71 0 0 5.3 1 0 0
1996 3 2 71 0 0 4.50941 17 0 0
1996 4 2 71 61.0897 0.0245638 4.47201 288 366 2
1996 5 2 71 0 0 3.73333 9 0 0
1996 6 2 71 0.927963 0.0294118 4.22809 47 0.5 0
1996 7 2 71 95.5975 0.0305755 4.2706 582 1120.5 6
1996 8 2 71 0.0474963 0.00614251 4 1 2.5 0
1996 9 2 71 0 0 4.17122 49 0 0
1996 1 1 72 171.295 0.0177797 4.64014 218 791 16
1996 2 1 72 0 0 4.43644 0 0 0
1996 3 1 72 0 0 4.52438 16 0 0
1996 4 1 72 51.8261 0.0208389 4.54494 164 310.5 1
1996 5 1 72 0 0 3.84 4 0 0
1996 6 1 72 0 0 4.17969 32 0 0
1996 7 1 72 62.9638 0.0201381 4.30789 384 738 3
1996 8 1 72 0.00949927 0.0012285 4.43644 0 0.5 0
1996 9 1 72 0 0 4.31903 31 0 0
1996 1 2 72 166.097 0.0172402 4.83394 231 767 14
1996 2 2 72 0 0 4.9 1 0 0
1996 3 2 72 0 0 4.47 13 0 0
1996 4 2 72 54.8305 0.022047 4.66771 236 328.5 3
1996 5 2 72 0 0 4.1575 8 0 0
1996 6 2 72 0 0 4.34292 48 0 0
1996 7 2 72 85.2315 0.0272601 4.47325 493 999 2
1996 8 2 72 0.0854934 0.0110565 4.02333 3 4.5 0
1996 9 2 72 0 0 4.19349 43 0 0
1996 1 1 73 152.671 0.0158466 4.84544 195 705 17
1996 2 1 73 0 0 4.60972 0 0 0
1996 3 1 73 0 0 4.91364 11 0 0
1996 4 1 73 44.6489 0.017953 4.69719 139 267.5 3
1996 5 1 73 0 0 4.95 2 0 0
1996 6 1 73 0 0 4.3896 25 0 0
1996 7 1 73 53.7496 0.017191 4.46289 315 630 2
1996 8 1 73 0.0379971 0.004914 4.60972 0 2 0
1996 9 1 73 0 0 4.30412 34 0 0
1996 1 2 73 151.372 0.0157117 5.01065 215 699 13
1996 2 2 73 0 0 4.74144 0 0 0
1996 3 2 73 0 0 4.64143 7 0 0
1996 4 2 73 50.3239 0.0202349 4.78634 227 301.5 6
1996 5 2 73 0 0 4.31 8 0 0
1996 6 2 73 0 0 4.61129 31 0 0
1996 7 2 73 71.3249 0.0228122 4.64012 493 836 3
1996 8 2 73 0.0189985 0.002457 4.39 2 1 0
1996 9 2 73 0 0 4.45281 32 0 0
1996 1 1 74 119.105 0.0123626 5.11652 181 550 20
1996 2 1 74 0 0 4.87713 0 0 0
1996 3 1 74 0 0 4.16 3 0 0
1996 4 1 74 36.9709 0.0148658 5.04192 130 221.5 4
1996 5 1 74 0 0 4.445 4 0 0
1996 6 1 74 0 0 4.52938 16 0 0
1996 7 1 74 48.1187 0.0153901 4.68767 262 564 2
1996 8 1 74 0.0569956 0.00737101 4.87713 0 3 0
1996 9 1 74 0 0 4.64083 24 0 0
1996 1 2 74 131.665 0.0136663 5.19263 198 608 10
1996 2 2 74 0 0 4.93744 0 0 0
1996 3 2 74 0 0 4.96125 8 0 0
1996 4 2 74 44.4819 0.0178859 5.0045 191 266.5 2
1996 5 2 74 0 0 4.596 10 0 0
1996 6 2 74 0 0 4.53971 34 0 0
1996 7 2 74 69.7039 0.0222938 4.87261 383 817 2
1996 8 2 74 0.0759941 0.00982801 4.93744 0 4 0
1996 9 2 74 0 0 4.41929 42 0 0
1996 1 1 75 119.646 0.0124188 5.25613 155 552.5 17
1996 2 1 75 0 0 5.02682 0 0 0
1996 3 1 75 0 0 4.99167 6 0 0
1996 4 1 75 35.1349 0.0141275 5.16933 105 210.5 2
1996 5 1 75 0 0 4.69 1 0 0
1996 6 1 75 0 0 4.65412 17 0 0
1996 7 1 75 37.0275 0.0118427 4.86162 247 434 3
1996 8 1 75 0.0379971 0.004914 5.02682 0 2 0
1996 9 1 75 0 0 4.89864 22 0 0
1996 1 2 75 125.277 0.0130032 5.47137 160 578.5 12
1996 2 2 75 0 0 5.13185 0 0 0
1996 3 2 75 0 0 4.93333 9 0 0
1996 4 2 75 43.9812 0.0176846 5.18159 170 263.5 2
1996 5 2 75 0 0 4.96857 7 0 0
1996 6 2 75 0 0 4.81406 32 0 0
1996 7 2 75 63.3051 0.0202472 5.03572 367 742 7
1996 8 2 75 0.0759941 0.00982801 4.4 1 4 0
1996 9 2 75 0 0 4.64357 28 0 0
1996 1 1 76 104.596 0.0108566 5.4007 128 483 12
1996 2 1 76 0 0 5.20558 0 0 0
1996 3 1 76 0 0 5.17857 7 0 0
1996 4 1 76 28.7088 0.0115436 5.35439 82 172 1
1996 5 1 76 0 0 4.7 6 0 0
1996 6 1 76 0 0 5.282 10 0 0
1996 7 1 76 31.1407 0.00995989 5.0403 202 365 2
1996 8 1 76 0.0569956 0.00737101 5.20558 0 3 0
1996 9 1 76 0 0 5.12706 17 0 0
1996 1 2 76 113.258 0.0117557 5.67157 166 523 17
1996 2 2 76 0 0 5.38339 0 0 0
1996 3 2 76 0 0 5.30833 6 0 0
1996 4 2 76 37.8889 0.0152349 5.38466 133 227 0
1996 5 2 76 0 0 5.005 2 0 0
1996 6 2 76 0 0 5.04688 16 0 0
1996 7 2 76 49.825 0.0159358 5.25664 301 584 2
1996 8 2 76 0.0949927 0.012285 6.7 1 5 0
1996 9 2 76 0 0 5.25257 35 0 0
1996 1 1 77 92.9019 0.00964283 5.74453 137 429 11
1996 2 1 77 0 0 5.46633 0 0 0
1996 3 1 77 0 0 6.11 5 0 0
1996 4 1 77 21.9489 0.0088255 5.58982 56 131.5 2
1996 5 1 77 0 0 4.975 2 0 0
1996 6 1 77 0 0 4.86778 18 0 0
1996 7 1 77 21.7558 0.00695828 5.26137 153 255 1
1996 8 1 77 0.0759941 0.00982801 5.46633 0 4 0
1996 9 1 77 0 0 4.953 10 0 0
1996 1 2 77 109.143 0.0113286 6.06985 132 504 13
1996 2 2 77 0 0 6 1 0 0
1996 3 2 77 0 0 5.72 8 0 0
1996 4 2 77 29.1261 0.0117114 5.65569 137 174.5 1
1996 5 2 77 0 0 4.83714 7 0 0
1996 6 2 77 0 0 5.61889 18 0 0
1996 7 2 77 42.6584 0.0136437 5.46667 285 500 8
1996 8 2 77 0.0759941 0.00982801 5.62131 0 4 0
1996 9 2 77 0 0 4.91773 22 0 0
1996 1 1 78 80.45 0.00835038 5.96302 126 371.5 11
1996 2 1 78 0 0 5.71649 0 0 0
1996 3 1 78 0 0 6.165 2 0 0
1996 4 1 78 18.1099 0.00728188 5.73833 48 108.5 0
1996 5 1 78 0 0 4.9 2 0 0
1996 6 1 78 0 0 5.5 12 0 0
1996 7 1 78 17.9592 0.00574399 5.48558 113 210.5 1
1996 8 1 78 0.0379971 0.004914 5.71649 0 2 0
1996 9 1 78 0 0 5.448 10 0 0
1996 1 2 78 95.1757 0.00987885 6.33561 148 439.5 10
1996 2 2 78 0 0 5.82358 0 0 0
1996 3 2 78 0 0 5.775 6 0 0
1996 4 2 78 25.9548 0.0104362 5.65417 115 155.5 1
1996 5 2 78 0 0 5.27 6 0 0
1996 6 2 78 0 0 5.54214 14 0 0
1996 7 2 78 33.3162 0.0106557 5.63845 226 390.5 2
1996 8 2 78 0.0379971 0.004914 5.82358 0 2 0
1996 9 2 78 0 0 5.44 18 0 0
1996 1 1 79 70.3802 0.00730518 6.35391 115 325 16
1996 2 1 79 0 0 5.975 0 0 0
1996 3 1 79 0 0 5.01667 3 0 0
1996 4 1 79 14.7717 0.0059396 6.00263 38 88.5 1
1996 5 1 79 0 0 4.69 1 0 0
1996 6 1 79 0 0 5.562 5 0 0
1996 7 1 79 16.2529 0.00519824 5.67425 106 190.5 1
1996 8 1 79 0.0189985 0.002457 6.22 1 1 0
1996 9 1 79 0 0 5.22333 9 0 0
1996 1 2 79 80.7748 0.00838409 6.53468 139 373 12
1996 2 2 79 0 0 6.03316 0 0 0
1996 3 2 79 0 0 6.2 3 0 0
1996 4 2 79 22.2827 0.00895973 5.9799 104 133.5 3
1996 5 2 79 0 0 6.025 4 0 0
1996 6 2 79 0 0 5.678 10 0 0
1996 7 2 79 28.5385 0.00912762 5.7851 206 334.5 3
1996 8 2 79 0.0569956 0.00737101 6.03316 0 3 0
1996 9 2 79 0 0 5.67643 28 0 0
1996 1 1 80 65.8326 0.00683315 6.5832 103 304 13
1996 2 1 80 0 0 6.33229 0 0 0
1996 3 1 80 0 0 6.33229 0 0 0
1996 4 1 80 10.2651 0.00412752 6.58333 36 61.5 0
1996 5 1 80 0 0 6.33229 0 0 0
1996 6 1 80 0 0 6.184 5 0 0
1996 7 1 80 12.7549 0.00407946 5.98678 87 149.5 2
1996 8 1 80 0.0189985 0.002457 6.33229 0 1 0
1996 9 1 80 0 0 6.04071 14 0 0
1996 1 2 80 75.361 0.00782216 6.83492 132 348 18
1996 2 2 80 0 0 6.38746 0 0 0
1996 3 2 80 0 0 6.73333 3 0 0
1996 4 2 80 17.4423 0.00701342 6.54084 83 104.5 1
1996 5 2 80 0 0 5.856 5 0 0
1996 6 2 80 0 0 5.67077 13 0 0
1996 7 2 80 24.5286 0.00784512 6.13049 206 287.5 1
1996 8 2 80 0.0949927 0.012285 6.38746 0 5 0
1996 9 2 80 0 0 5.94722 18 0 0
1996 1 1 81 59.5525 0.0061813 7.00177 96 275 14
1996 2 1 81 0 0 6.63177 0 0 0
1996 3 1 81 0 0 6.315 4 0 0
1996 4 1 81 7.09374 0.00285235 6.79469 32 42.5 0
1996 5 1 81 0 0 5.175 2 0 0
1996 6 1 81 0 0 5.97 3 0 0
1996 7 1 81 9.29954 0.00297432 5.9364 50 109 0
1996 8 1 81 0.0189985 0.002457 6.63177 0 1 0
1996 9 1 81 0 0 6.672 5 0 0
1996 1 2 81 72.9789 0.00757491 7.0569 100 337 15
1996 2 2 81 0 0 6.67109 0 0 0
1996 3 2 81 0 0 6.085 2 0 0
1996 4 2 81 12.6018 0.00506711 6.65031 65 75.5 0
1996 5 2 81 0 0 5.75 2 0 0
1996 6 2 81 0 0 6.25 9 0 0
1996 7 2 81 18.855 0.00603051 6.547 160 221 5
1996 8 2 81 0.0569956 0.00737101 6.67109 0 3 0
1996 9 2 81 0 0 6.1425 20 0 0
1996 1 1 82 52.2979 0.00542831 7.14808 73 241.5 14
1996 2 1 82 0 0 6.86335 0 0 0
1996 3 1 82 0 0 7.1 1 0 0
1996 4 1 82 7.76139 0.00312081 7.09696 23 46.5 1
1996 5 1 82 0 0 6.86335 0 0 0
1996 6 1 82 0 0 6.624 5 0 0
1996 7 1 82 7.5932 0.00242858 6.38979 47 89 2
1996 8 1 82 0 0 6.86335 0 0 0
1996 9 1 82 0 0 6.37333 6 0 0
1996 1 2 82 61.3932 0.00637236 7.33839 118 283.5 12
1996 2 2 82 0 0 6.93088 0 0 0
1996 3 2 82 0 0 7.4 5 0 0
1996 4 2 82 12.6018 0.00506711 6.85733 45 75.5 1
1996 5 2 82 0 0 6 2 0 0
1996 6 2 82 0 0 6.33091 11 0 0
1996 7 2 82 16.2955 0.00521189 6.75737 133 191 1
1996 8 2 82 0.0569956 0.00737101 6.93088 0 3 0
1996 9 2 82 0 0 5.81786 14 0 0
1996 1 1 83 41.5785 0.00431567 7.31047 85 192 14
1996 2 1 83 0 0 7.00455 0 0 0
1996 3 1 83 0 0 7.00455 0 0 0
1996 4 1 83 6.75992 0.00271812 6.92 17 40.5 0
1996 5 1 83 0 0 7.00455 0 0 0
1996 6 1 83 0 0 7.00455 0 0 0
1996 7 1 83 6.35611 0.00203291 6.4425 48 74.5 0
1996 8 1 83 0.0189985 0.002457 7.00455 0 1 0
1996 9 1 83 0 0 7.40667 6 0 0
1996 1 2 83 64.3167 0.00667581 7.78292 106 297 13
1996 2 2 83 0 0 7.30742 0 0 0
1996 3 2 83 0 0 8 2 0 0
1996 4 2 83 8.42904 0.00338926 7.075 52 50.5 0
1996 5 2 83 0 0 7.30742 0 0 0
1996 6 2 83 0 0 6.90375 8 0 0
1996 7 2 83 14.5465 0.0046525 7.07031 131 170.5 1
1996 8 2 83 0.0379971 0.004914 7.30742 0 2 0
1996 9 2 83 0 0 6.81545 11 0 0
1996 1 1 84 34.3239 0.00356268 7.65526 76 158.5 18
1996 2 1 84 0 0 7.35594 0 0 0
1996 3 1 84 0 0 6.3 1 0 0
1996 4 1 84 6.09227 0.00244966 7.045 12 36.5 0
1996 5 1 84 0 0 7.35594 0 0 0
1996 6 1 84 0 0 7.26 4 0 0
1996 7 1 84 5.63091 0.00180097 6.92385 39 66 2
1996 8 1 84 0.0189985 0.002457 7.35594 0 1 0
1996 9 1 84 0 0 6.63 1 0 0
1996 1 2 84 61.8263 0.00641732 8.09634 82 285.5 11
1996 2 2 84 0 0 7.43707 0 0 0
1996 3 2 84 0 0 8.7 1 0 0
1996 4 2 84 9.59742 0.00385906 7.07463 41 57.5 0
1996 5 2 84 0 0 6.58333 3 0 0
1996 6 2 84 0 0 6.73667 6 0 0
1996 7 2 84 10.7499 0.00343821 7.14317 104 126 1
1996 8 2 84 0.0379971 0.004914 7.43707 0 2 0
1996 9 2 84 0 0 7.17583 12 0 0
1996 1 1 85 29.8845 0.00310189 8.06718 71 138 13
1996 2 1 85 0 0 7.58203 0 0 0
1996 3 1 85 0 0 7.58203 0 0 0
1996 4 1 85 3.83897 0.00154362 6.50308 13 23 0
1996 5 1 85 0 0 7.58203 0 0 0
1996 6 1 85 0 0 6.2 2 0 0
1996 7 1 85 5.75889 0.0018419 7.12872 39 67.5 1
1996 8 1 85 0 0 7.58203 0 0 0
1996 9 1 85 0 0 7.59 3 0 0
1996 1 2 85 58.6863 0.00609139 8.25485 101 271 12
1996 2 2 85 0 0 7.76333 0 0 0
1996 3 2 85 0 0 8.775 2 0 0
1996 4 2 85 7.67793 0.00308725 7.51737 38 46 0
1996 5 2 85 0 0 7.52 4 0 0
1996 6 2 85 0 0 6.69818 11 0 0
1996 7 2 85 9.59815 0.00306983 7.45628 86 112.5 2
1996 8 2 85 0.0569956 0.00737101 7.76333 0 3 0
1996 9 2 85 0 0 7.30286 7 0 0
1996 1 1 86 29.1266 0.00302322 8.40018 57 134.5 9
1996 2 1 86 0 0 7.95161 0 0 0
1996 3 1 86 0 0 7.95161 0 0 0
1996 4 1 86 4.25625 0.00171141 7.59875 8 25.5 1
1996 5 1 86 0 0 7.4 1 0 0
1996 6 1 86 0 0 7.95161 0 0 0
1996 7 1 86 2.55951 0.000818621 7.07667 24 30 1
1996 8 1 86 0 0 7.95161 0 0 0
1996 9 1 86 0 0 7.55333 3 0 0
1996 1 2 86 45.8013 0.00475398 8.68037 82 211.5 10
1996 2 2 86 0 0 8.12689 0 0 0
1996 3 2 86 0 0 7.8 1 0 0
1996 4 2 86 5.75845 0.00231544 8.15297 37 34.5 1
1996 5 2 86 0 0 7.65 1 0 0
1996 6 2 86 0 0 7.59167 6 0 0
1996 7 2 86 6.5694 0.00210113 7.73362 69 77 0
1996 8 2 86 0.0379971 0.004914 8.12689 0 2 0
1996 9 2 86 0 0 6.95769 13 0 0
1996 1 1 87 27.2859 0.00283216 8.71209 43 126 8
1996 2 1 87 0 0 8.29077 0 0 0
1996 3 1 87 0 0 8.29077 0 0 0
1996 4 1 87 2.58713 0.00104027 7.32091 11 15.5 0
1996 5 1 87 0 0 7.5 2 0 0
1996 6 1 87 0 0 7.35 1 0 0
1996 7 1 87 2.7728 0.000886839 8.05619 21 32.5 1
1996 8 1 87 0.0189985 0.002457 8.29077 0 1 0
1996 9 1 87 0 0 8.29077 0 0 0
1996 1 2 87 44.3937 0.00460788 9.08211 76 205 13
1996 2 2 87 0 0 8.46668 0 0 0
1996 3 2 87 0 0 8.6 2 0 0
1996 4 2 87 4.25625 0.00171141 8.31219 32 25.5 1
1996 5 2 87 0 0 6.53333 3 0 0
1996 6 2 87 0 0 7.295 10 0 0
1996 7 2 87 5.41762 0.00173275 8.24828 64 63.5 2
1996 8 2 87 0 0 5.71 1 0 0
1996 9 2 87 0 0 7.48625 8 0 0
1996 1 1 88 27.8273 0.00288835 9.10717 53 128.5 9
1996 2 1 88 0 0 8.7304 0 0 0
1996 3 1 88 0 0 8.4 1 0 0
1996 4 1 88 2.42022 0.000973154 8.842 5 14.5 1
1996 5 1 88 0 0 8.7304 0 0 0
1996 6 1 88 0 0 7.4 1 0 0
1996 7 1 88 1.62102 0.00051846 7.48143 14 19 1
1996 8 1 88 0 0 8.7304 0 0 0
1996 9 1 88 0 0 7.35 1 0 0
1996 1 2 88 31.5087 0.00327047 9.45307 75 145.5 13
1996 2 2 88 0 0 8.73528 0 0 0
1996 3 2 88 0 0 9.8 1 0 0
1996 4 2 88 5.25772 0.00211409 8.53389 18 31.5 0
1996 5 2 88 0 0 8.37 1 0 0
1996 6 2 88 0 0 8.17 4 0 0
1996 7 2 88 4.94838 0.00158267 8.16 69 58 1
1996 8 2 88 0.0569956 0.00737101 8.73528 0 3 0
1996 9 2 88 0 0 7.61625 8 0 0
1996 1 1 89 20.3561 0.00211288 9.27712 52 94 9
1996 2 1 89 0 0 8.90973 0 0 0
1996 3 1 89 0 0 8.90973 0 0 0
1996 4 1 89 3.08786 0.00124161 8.29 4 18.5 0
1996 5 1 89 0 0 8.90973 0 0 0
1996 6 1 89 0 0 7.5 1 0 0
1996 7 1 89 1.87697 0.000600322 7.7 14 22 1
1996 8 1 89 0 0 8.90973 0 0 0
1996 9 1 89 0 0 9.77 2 0 0
1996 1 2 89 38.3301 0.00397851 10.1965 63 177 9
1996 2 2 89 0 0 9.2269 0 0 0
1996 3 2 89 0 0 9.2269 0 0 0
1996 4 2 89 5.59154 0.00224832 8.47722 18 33.5 0
1996 5 2 89 0 0 5.51 1 0 0
1996 6 2 89 0 0 10.46 1 0 0
1996 7 2 89 3.66863 0.00117336 8.57283 53 43 0
1996 8 2 89 0.0189985 0.002457 9.2269 0 1 0
1996 9 2 89 0 0 8.06667 9 0 0
1996 1 1 90 14.9423 0.00155095 9.71667 33 69 9
1996 2 1 90 0 0 9.14642 0 0 0
1996 3 1 90 0 0 9.14642 0 0 0
1996 4 1 90 1.91948 0.000771812 9.2075 4 11.5 0
1996 5 1 90 0 0 9.14642 0 0 0
1996 6 1 90 0 0 8.225 4 0 0
1996 7 1 90 1.5357 0.000491173 7.78 11 18 0
1996 8 1 90 0 0 9.14642 0 0 0
1996 9 1 90 0 0 8.8 1 0 0
1996 1 2 90 33.1328 0.00343905 10.3244 70 153 12
1996 2 2 90 0 0 9.53845 0 0 0
1996 3 2 90 0 0 10.5 1 0 0
1996 4 2 90 3.92242 0.00157718 8.845 14 23.5 1
1996 5 2 90 0 0 10.72 2 0 0
1996 6 2 90 0 0 8.47 1 0 0
1996 7 2 90 3.92458 0.00125522 8.83731 52 46 2
1996 8 2 90 0 0 9.53845 0 0 0
1996 9 2 90 0 0 8.15 8 0 0
1996 1 1 91 15.5919 0.00161838 10.1657 30 72 7
1996 2 1 91 0 0 9.69111 0 0 0
1996 3 1 91 0 0 9.69111 0 0 0
1996 4 1 91 1.33529 0.000536913 8.2075 4 8 0
1996 5 1 91 0 0 9.15 1 0 0
1996 6 1 91 0 0 10.2 2 0 0
1996 7 1 91 0.767852 0.000245586 9.07 16 9 0
1996 8 1 91 0.0189985 0.002457 9.69111 0 1 0
1996 9 1 91 0 0 10.85 1 0 0
1996 1 2 91 30.5342 0.00316932 10.7082 55 141 12
1996 2 2 91 0 0 9.91614 0 0 0
1996 3 2 91 0 0 9.91614 0 0 0
1996 4 2 91 2.8375 0.00114094 9.39067 15 17 0
1996 5 2 91 0 0 9.25 2 0 0
1996 6 2 91 0 0 8.57 1 0 0
1996 7 2 91 2.73014 0.000873196 9.38604 48 32 0
1996 8 2 91 0.0569956 0.00737101 9.91614 0 3 0
1996 9 2 91 0 0 8.65667 6 0 0
1996 1 1 92 12.1271 0.00125874 10.2432 38 56 11
1996 2 1 92 0 0 10.0056 0 0 0
1996 3 1 92 0 0 10.0056 0 0 0
1996 4 1 92 0.918014 0.000369128 11.73 1 5.5 0
1996 5 1 92 0 0 10.0056 0 0 0
1996 6 1 92 0 0 8.88 1 0 0
1996 7 1 92 0.725193 0.000231943 8.90333 9 8.5 0
1996 8 1 92 0 0 10.0056 0 0 0
1996 9 1 92 0 0 10.3 1 0 0
1996 1 2 92 29.8845 0.00310189 11.0743 42 138 8
1996 2 2 92 0 0 10.1734 0 0 0
1996 3 2 92 0 0 10.1734 0 0 0
1996 4 2 92 2.0864 0.000838926 9.50364 11 12.5 0
1996 5 2 92 0 0 10.1734 0 0 0
1996 6 2 92 0 0 8.8775 4 0 0
1996 7 2 92 2.51685 0.000804977 9.63091 33 29.5 0
1996 8 2 92 0.0379971 0.004914 10.1734 0 2 0
1996 9 2 92 0 0 6.48 2 0 0
1996 1 1 93 9.20357 0.000955292 10.5674 27 42.5 7
1996 2 1 93 0 0 10.2116 0 0 0
1996 3 1 93 0 0 10.2116 0 0 0
1996 4 1 93 0.834558 0.00033557 6.99 1 5 0
1996 5 1 93 0 0 10.2116 0 0 0
1996 6 1 93 0 0 10.2116 0 0 0
1996 7 1 93 0.767852 0.000245586 9.87467 15 9 1
1996 8 1 93 0 0 10.2116 0 0 0
1996 9 1 93 0 0 8.88 1 0 0
1996 1 2 93 24.7955 0.00257367 11.5455 51 114.5 15
1996 2 2 93 0 0 10.8292 0 0 0
1996 3 2 93 0 0 10.8292 0 0 0
1996 4 2 93 2.16985 0.000872483 9.74 12 13 0
1996 5 2 93 0 0 9.6 1 0 0
1996 6 2 93 0 0 9.5 1 0 0
1996 7 2 93 1.79165 0.000573035 10.2119 27 21 0
1996 8 2 93 0.0379971 0.004914 10.8292 0 2 0
1996 9 2 93 0 0 9.982 5 0 0
1996 1 1 94 7.79596 0.000809189 10.6538 24 36 9
1996 2 1 94 0 0 10.0734 0 0 0
1996 3 1 94 0 0 9 1 0 0
1996 4 1 94 0.834558 0.00033557 10.0734 0 5 0
1996 5 1 94 0 0 10.0734 0 0 0
1996 6 1 94 0 0 10.0734 0 0 0
1996 7 1 94 0.639876 0.000204655 8.788 10 7.5 1
1996 8 1 94 0 0 10.0734 0 0 0
1996 9 1 94 0 0 10.0734 0 0 0
1996 1 2 94 22.0886 0.0022927 11.7495 43 102 9
1996 2 2 94 0 0 11.1597 0 0 0
1996 3 2 94 0 0 11.1597 0 0 0
1996 4 2 94 1.66912 0.000671141 11.1822 9 10 0
1996 5 2 94 0 0 11.1597 0 0 0
1996 6 2 94 0 0 9.49 1 0 0
1996 7 2 94 0.981144 0.000313805 10.1642 24 11.5 0
1996 8 2 94 0.0189985 0.002457 11.1597 0 1 0
1996 9 2 94 0 0 11.1597 0 0 0
1996 1 1 95 8.87873 0.000921576 11.1361 23 41 7
1996 2 1 95 0 0 11.07 0 0 0
1996 3 1 95 0 0 11.07 0 0 0
1996 4 1 95 0.584191 0.000234899 11.07 0 3.5 0
1996 5 1 95 0 0 11.07 0 0 0
1996 6 1 95 0 0 9.8 1 0 0
1996 7 1 95 0.597218 0.000191012 10.945 2 7 0
1996 8 1 95 0 0 11.07 0 0 0
1996 9 1 95 0 0 11.07 0 0 0
1996 1 2 95 17.7575 0.00184315 12.1386 37 82 9
1996 2 2 95 0 0 11.2665 0 0 0
1996 3 2 95 0 0 11.2665 0 0 0
1996 4 2 95 2.0864 0.000838926 10.7157 7 12.5 0
1996 5 2 95 0 0 9.21 2 0 0
1996 6 2 95 0 0 11.2665 0 0 0
1996 7 2 95 1.45039 0.000463885 10.3055 22 17 0
1996 8 2 95 0.0189985 0.002457 11.2665 0 1 0
1996 9 2 95 0 0 10.2133 3 0 0
1996 1 1 96 5.41386 0.000561937 11.3673 22 25 9
1996 2 1 96 0 0 11.2211 0 0 0
1996 3 1 96 0 0 11.2211 0 0 0
1996 4 1 96 0.500735 0.000201342 11.2211 0 3 0
1996 5 1 96 0 0 11.2211 0 0 0
1996 6 1 96 0 0 11.2211 0 0 0
1996 7 1 96 0.341267 0.000109149 10.7567 3 4 1
1996 8 1 96 0 0 11.2211 0 0 0
1996 9 1 96 0 0 10.31 2 0 0
1996 1 2 96 12.9933 0.00134865 12.4559 32 60 9
1996 2 2 96 0 0 11.7376 0 0 0
1996 3 2 96 0 0 11.7376 0 0 0
1996 4 2 96 1.5022 0.000604027 11.1989 9 9 0
1996 5 2 96 0 0 11.7376 0 0 0
1996 6 2 96 0 0 11.7376 0 0 0
1996 7 2 96 0.853169 0.000272874 10.7762 16 10 1
1996 8 2 96 0 0 11.7376 0 0 0
1996 9 2 96 0 0 8.98 1 0 0
1996 1 1 97 4.98075 0.000516982 11.6362 16 23 7
1996 2 1 97 0 0 11.6359 0 0 0
1996 3 1 97 0 0 11.6359 0 0 0
1996 4 1 97 0.0834558 3.3557e-05 11.6359 0 0.5 0
1996 5 1 97 0 0 11.6359 0 0 0
1996 6 1 97 0 0 11.6359 0 0 0
1996 7 1 97 0.469243 0.00015008 11.808 5 5.5 0
1996 8 1 97 0 0 11.6359 0 0 0
1996 9 1 97 0 0 10.77 1 0 0
1996 1 2 97 11.4774 0.00119131 13.047 43 53 10
1996 2 2 97 0 0 12.4019 0 0 0
1996 3 2 97 0 0 12.4019 0 0 0
1996 4 2 97 1.91948 0.000771812 11.288 5 11.5 0
1996 5 2 97 0 0 12.4019 0 0 0
1996 6 2 97 0 0 10.15 1 0 0
1996 7 2 97 0.895827 0.000286517 11.2956 18 10.5 0
1996 8 2 97 0 0 12.4019 0 0 0
1996 9 2 97 0 0 12.4019 0 0 0
1996 1 1 98 4.65592 0.000483266 12.6232 19 21.5 7
1996 2 1 98 0 0 12.3952 0 0 0
1996 3 1 98 0 0 12.3952 0 0 0
1996 4 1 98 0.333823 0.000134228 10.43 1 2 0
1996 5 1 98 0 0 12.3952 0 0 0
1996 6 1 98 0 0 12.3952 0 0 0
1996 7 1 98 0 0 11.6067 3 0 0
1996 8 1 98 0 0 12.3952 0 0 0
1996 9 1 98 0 0 12.3952 0 0 0
1996 1 2 98 12.2353 0.00126998 13.4104 27 56.5 6
1996 2 2 98 0 0 12.3612 0 0 0
1996 3 2 98 0 0 12.3612 0 0 0
1996 4 2 98 0.500735 0.000201342 9.49 1 3 0
1996 5 2 98 0 0 12.3612 0 0 0
1996 6 2 98 0 0 11.43 1 0 0
1996 7 2 98 0.938485 0.000300161 10.6715 13 11 0
1996 8 2 98 0 0 12.3612 0 0 0
1996 9 2 98 0 0 9.8 1 0 0
1996 1 1 99 3.57315 0.000370878 11.5992 12 16.5 7
1996 2 1 99 0 0 11.3433 0 0 0
1996 3 1 99 0 0 11.3433 0 0 0
1996 4 1 99 0.333823 0.000134228 10.2 1 2 0
1996 5 1 99 0 0 11.3433 0 0 0
1996 6 1 99 0 0 12.76 1 0 0
1996 7 1 99 0.127975 4.0931e-05 10.5075 4 1.5 0
1996 8 1 99 0 0 11.3433 0 0 0
1996 9 1 99 0 0 11.3433 0 0 0
1996 1 2 99 7.68769 0.00079795 13.5333 30 35.5 8
1996 2 2 99 0 0 13.3545 0 0 0
1996 3 2 99 0 0 13.3545 0 0 0
1996 4 2 99 0.333823 0.000134228 13.6075 4 2 1
1996 5 2 99 0 0 13.3545 0 0 0
1996 6 2 99 0 0 13.3545 0 0 0
1996 7 2 99 0.298609 9.55058e-05 12.76 5 3.5 0
1996 8 2 99 0 0 13.3545 0 0 0
1996 9 2 99 0 0 9.95 1 0 0
1996 1 1 100 2.59865 0.00026973 12.8493 15 12 5
1996 2 1 100 0 0 12.7622 0 0 0
1996 3 1 100 0 0 12.7622 0 0 0
1996 4 1 100 0 0 13.1 1 0 0
1996 5 1 100 0 0 12.7622 0 0 0
1996 6 1 100 0 0 12.7622 0 0 0
1996 7 1 100 0.0853169 2.72874e-05 11.94 2 1 0
1996 8 1 100 0 0 12.7622 0 0 0
1996 9 1 100 0 0 12.7622 0 0 0
1996 1 2 100 6.49664 0.000674324 14.1312 26 30 9
1996 2 2 100 0 0 13.6041 0 0 0
1996 3 2 100 0 0 13.6041 0 0 0
1996 4 2 100 1.00147 0.000402685 10.2 1 6 0
1996 5 2 100 0 0 10.7 1 0 0
1996 6 2 100 0 0 11.84 1 0 0
1996 7 2 100 0.426584 0.000136437 13.0671 7 5 0
1996 8 2 100 0 0 13.6041 0 0 0
1996 9 2 100 0 0 11.73 1 0 0
1996 1 1 101 1.4076 0.000146104 13.7686 7 6.5 0
1996 2 1 101 0 0 13.36 0 0 0
1996 3 1 101 0 0 13.36 0 0 0
1996 4 1 101 0.417279 0.000167785 13.36 0 2.5 0
1996 5 1 101 0 0 13.36 0 0 0
1996 6 1 101 0 0 13.36 0 0 0
1996 7 1 101 0.0853169 2.72874e-05 10.5 1 1 0
1996 8 1 101 0 0 13.36 0 0 0
1996 9 1 101 0 0 13.36 0 0 0
1996 1 2 101 6.1718 0.000640608 15.0691 22 28.5 8
1996 2 2 101 0 0 14.2925 0 0 0
1996 3 2 101 0 0 14.2925 0 0 0
1996 4 2 101 0.417279 0.000167785 14.2925 0 2.5 0
1996 5 2 101 0 0 14.2925 0 0 0
1996 6 2 101 0 0 14.2925 0 0 0
1996 7 2 101 0.255951 8.18621e-05 12.584 10 3 0
1996 8 2 101 0 0 14.2925 0 0 0
1996 9 2 101 0 0 14.2925 0 0 0
1996 1 1 102 1.29933 0.000134865 11.775 2 6 1
1996 2 1 102 0 0 11.76 0 0 0
1996 3 1 102 0 0 11.76 0 0 0
1996 4 1 102 0.0834558 3.3557e-05 11.73 1 0.5 0
1996 5 1 102 0 0 11.76 0 0 0
1996 6 1 102 0 0 11.76 0 0 0
1996 7 1 102 0.0853169 2.72874e-05 11.76 0 1 0
1996 8 1 102 0 0 11.76 0 0 0
1996 9 1 102 0 0 11.76 0 0 0
1996 1 2 102 5.41386 0.000561937 14.6223 22 25 8
1996 2 2 102 0 0 14.4433 0 0 0
1996 3 2 102 0 0 14.4433 0 0 0
1996 4 2 102 0.584191 0.000234899 14.35 2 3.5 0
1996 5 2 102 0 0 14.4433 0 0 0
1996 6 2 102 0 0 14.4433 0 0 0
1996 7 2 102 0.0853169 2.72874e-05 13.055 2 1 0
1996 8 2 102 0 0 14.4433 0 0 0
1996 9 2 102 0 0 13.47 1 0 0
1996 1 1 103 1.08277 0.000112387 14.4917 6 5 2
1996 2 1 103 0 0 14.0243 0 0 0
1996 3 1 103 0 0 14.0243 0 0 0
1996 4 1 103 0 0 14.0243 0 0 0
1996 5 1 103 0 0 14.0243 0 0 0
1996 6 1 103 0 0 14.0243 0 0 0
1996 7 1 103 0 0 11.22 1 0 0
1996 8 1 103 0 0 14.0243 0 0 0
1996 9 1 103 0 0 14.0243 0 0 0
1996 1 2 103 4.54764 0.000472027 15.8867 15 21 6
1996 2 2 103 0 0 15.4547 0 0 0
1996 3 2 103 0 0 15.4547 0 0 0
1996 4 2 103 1.00147 0.000402685 15.4547 0 6 0
1996 5 2 103 0 0 15.4547 0 0 0
1996 6 2 103 0 0 15.4547 0 0 0
1996 7 2 103 0.170634 5.45747e-05 13.835 4 2 0
1996 8 2 103 0 0 15.4547 0 0 0
1996 9 2 103 0 0 15.4547 0 0 0
1996 1 1 104 1.73244 0.00017982 13.67 1 8 0
1996 2 1 104 0 0 13.47 0 0 0
1996 3 1 104 0 0 13.47 0 0 0
1996 4 1 104 0.0834558 3.3557e-05 13.47 0 0.5 0
1996 5 1 104 0 0 13.47 0 0 0
1996 6 1 104 0 0 13.47 0 0 0
1996 7 1 104 0 0 13.27 1 0 0
1996 8 1 104 0 0 13.47 0 0 0
1996 9 1 104 0 0 13.47 0 0 0
1996 1 2 104 3.68143 0.000382117 15.207 10 17 2
1996 2 2 104 0 0 14.351 0 0 0
1996 3 2 104 0 0 14.351 0 0 0
1996 4 2 104 0.751102 0.000302013 13.06 1 4.5 0
1996 5 2 104 0 0 10 1 0 0
1996 6 2 104 0 0 11.43 1 0 0
1996 7 2 104 0.255951 8.18621e-05 14.3514 7 3 0
1996 8 2 104 0.0189985 0.002457 14.351 0 1 0
1996 9 2 104 0 0 14.351 0 0 0
1996 1 1 105 0.757941 7.86711e-05 13.3 1 3.5 1
1996 2 1 105 0 0 12.62 0 0 0
1996 3 1 105 0 0 12.62 0 0 0
1996 4 1 105 0 0 12.62 0 0 0
1996 5 1 105 0 0 12.62 0 0 0
1996 6 1 105 0 0 11.94 1 0 0
1996 7 1 105 0 0 12.62 0 0 0
1996 8 1 105 0 0 12.62 0 0 0
1996 9 1 105 0 0 12.62 0 0 0
1996 1 2 105 3.57315 0.000370878 15.3722 9 16.5 3
1996 2 2 105 0 0 15.2277 0 0 0
1996 3 2 105 0 0 15.2277 0 0 0
1996 4 2 105 0.166912 6.71141e-05 15.2277 0 1 0
1996 5 2 105 0 0 15.2277 0 0 0
1996 6 2 105 0 0 15.2277 0 0 0
1996 7 2 105 0.0853169 2.72874e-05 15.8033 3 1 0
1996 8 2 105 0 0 12.2 1 0 0
1996 9 2 105 0 0 15.2277 0 0 0
1996 1 1 106 0.433109 4.49549e-05 16.28 0 2 0
1996 2 1 106 0 0 16.28 0 0 0
1996 3 1 106 0 0 16.28 0 0 0
1996 4 1 106 0.166912 6.71141e-05 16.28 0 1 0
1996 5 1 106 0 0 16.28 0 0 0
1996 6 1 106 0 0 16.28 0 0 0
1996 7 1 106 0 0 16.28 0 0 0
1996 8 1 106 0 0 16.28 0 0 0
1996 9 1 106 0 0 16.28 0 0 0
1996 1 2 106 2.81521 0.000292207 16.3444 9 13 6
1996 2 2 106 0 0 16.28 0 0 0
1996 3 2 106 0 0 16.28 0 0 0
1996 4 2 106 0.500735 0.000201342 16.28 0 3 0
1996 5 2 106 0 0 16.28 0 0 0
1996 6 2 106 0 0 16.28 0 0 0
1996 7 2 106 0 0 15.7 1 0 0
1996 8 2 106 0 0 16.28 0 0 0
1996 9 2 106 0 0 16.28 0 0 0
1996 1 1 107 0.216555 2.24775e-05 16.3 1 1 0
1996 2 1 107 0 0 16.3 0 0 0
1996 3 1 107 0 0 16.3 0 0 0
1996 4 1 107 0 0 16.3 0 0 0
1996 5 1 107 0 0 16.3 0 0 0
1996 6 1 107 0 0 16.3 0 0 0
1996 7 1 107 0.0426584 1.36437e-05 16.3 0 0.5 0
1996 8 1 107 0 0 16.3 0 0 0
1996 9 1 107 0 0 16.3 0 0 0
1996 1 2 107 2.16555 0.000224775 16.2429 7 10 3
1996 2 2 107 0 0 15.8325 0 0 0
1996 3 2 107 0 0 15.8325 0 0 0
1996 4 2 107 0 0 15.8325 0 0 0
1996 5 2 107 0 0 15.8325 0 0 0
1996 6 2 107 0 0 15.8325 0 0 0
1996 7 2 107 0.0426584 1.36437e-05 12.96 1 0.5 0
1996 8 2 107 0 0 15.8325 0 0 0
1996 9 2 107 0 0 15.8325 0 0 0
1996 1 1 108 0 0 15.82 1 0 0
1996 2 1 108 0 0 15.82 0 0 0
1996 3 1 108 0 0 15.82 0 0 0
1996 4 1 108 0 0 15.82 0 0 0
1996 5 1 108 0 0 15.82 0 0 0
1996 6 1 108 0 0 15.82 0 0 0
1996 7 1 108 0 0 15.82 0 0 0
1996 8 1 108 0 0 15.82 0 0 0
1996 9 1 108 0 0 15.82 0 0 0
1996 1 2 108 2.3821 0.000247252 15.366 5 11 1
1996 2 2 108 0 0 15.6617 0 0 0
1996 3 2 108 0 0 15.6617 0 0 0
1996 4 2 108 0 0 15.6617 0 0 0
1996 5 2 108 0 0 15.6617 0 0 0
1996 6 2 108 0 0 15.6617 0 0 0
1996 7 2 108 0.341267 0.000109149 17.14 1 4 0
1996 8 2 108 0 0 15.6617 0 0 0
1996 9 2 108 0 0 15.6617 0 0 0
1996 1 1 109 0.108277 1.12387e-05 14.5 1 0.5 0
1996 2 1 109 0 0 14.5 0 0 0
1996 3 1 109 0 0 14.5 0 0 0
1996 4 1 109 0 0 14.5 0 0 0
1996 5 1 109 0 0 14.5 0 0 0
1996 6 1 109 0 0 14.5 0 0 0
1996 7 1 109 0 0 14.5 0 0 0
1996 8 1 109 0 0 14.5 0 0 0
1996 9 1 109 0 0 14.5 0 0 0
1996 1 2 109 0.974495 0.000101149 16.0971 7 4.5 4
1996 2 2 109 0 0 15.8538 0 0 0
1996 3 2 109 0 0 15.8538 0 0 0
1996 4 2 109 0 0 15.8538 0 0 0
1996 5 2 109 0 0 14.15 1 0 0
1996 6 2 109 0 0 15.8538 0 0 0
1996 7 2 109 0 0 15.8538 0 0 0
1996 8 2 109 0 0 15.8538 0 0 0
1996 9 2 109 0 0 15.8538 0 0 0
1996 1 1 110 0.108277 1.12387e-05 16.754 0 0.5 0
1996 2 1 110 0 0 16.754 0 0 0
1996 3 1 110 0 0 16.754 0 0 0
1996 4 1 110 0 0 16.754 0 0 0
1996 5 1 110 0 0 16.754 0 0 0
1996 6 1 110 0 0 16.754 0 0 0
1996 7 1 110 0 0 16.754 0 0 0
1996 8 1 110 0 0 16.754 0 0 0
1996 9 1 110 0 0 16.754 0 0 0
1996 1 2 110 0.757941 7.86711e-05 16.9833 3 3.5 1
1996 2 2 110 0 0 16.754 0 0 0
1996 3 2 110 0 0 16.754 0 0 0
1996 4 2 110 0 0 16.754 0 0 0
1996 5 2 110 0 0 16.754 0 0 0
1996 6 2 110 0 0 16.754 0 0 0
1996 7 2 110 0 0 16.41 2 0 0
1996 8 2 110 0 0 16.754 0 0 0
1996 9 2 110 0 0 16.754 0 0 0
1996 1 1 111 0 0 18 0 0 0
1996 2 1 111 0 0 18 0 0 0
1996 3 1 111 0 0 18 0 0 0
1996 4 1 111 0 0 18 0 0 0
1996 5 1 111 0 0 18 0 0 0
1996 6 1 111 0 0 18 0 0 0
1996 7 1 111 0 0 18 0 0 0
1996 8 1 111 0 0 18 0 0 0
1996 9 1 111 0 0 18 0 0 0
1996 1 2 111 0.866218 8.99099e-05 18 1 4 0
1996 2 2 111 0 0 18 0 0 0
1996 3 2 111 0 0 18 0 0 0
1996 4 2 111 0 0 18 0 0 0
1996 5 2 111 0 0 18 0 0 0
1996 6 2 111 0 0 18 0 0 0
1996 7 2 111 0 0 18 0 0 0
1996 8 2 111 0 0 18 0 0 0
1996 9 2 111 0 0 18 0 0 0
1996 1 1 112 0 2.24775e-05 0 0 1 0
1996 2 1 112 0 0 0 0 0 0
1996 3 1 112 0 0 0 0 0 0
1996 4 1 112 0 0 0 0 0 0
1996 5 1 112 0 0 0 0 0 0
1996 6 1 112 0 0 0 0 0 0
1996 7 1 112 0 0 0 0 0 0
1996 8 1 112 0 0 0 0 0 0
1996 9 1 112 0 0 0 0 0 0
1996 1 2 112 0 2.24775e-05 0 0 1 0
1996 2 2 112 0 0 0 0 0 0
1996 3 2 112 0 0 0 0 0 0
1996 4 2 112 0 0 0 0 0 0
1996 5 2 112 0 0 0 0 0 0
1996 6 2 112 0 0 0 0 0 0
1996 7 2 112 0 0 0 0 0 0
1996 8 2 112 0 0 0 0 0 0
1996 9 2 112 0 0 0 0 0 0
1996 1 1 113 0 0 14.49 0 0 0
1996 2 1 113 0 0 14.49 0 0 0
1996 3 1 113 0 0 14.49 0 0 0
1996 4 1 113 0 0 14.49 0 0 0
1996 5 1 113 0 0 14.49 0 0 0
1996 6 1 113 0 0 14.49 0 0 0
1996 7 1 113 0 0 14.49 0 0 0
1996 8 1 113 0 0 14.49 0 0 0
1996 9 1 113 0 0 14.49 0 0 0
1996 1 2 113 0.216555 2.24775e-05 14.49 0 1 0
1996 2 2 113 0 0 14.49 0 0 0
1996 3 2 113 0 0 14.49 0 0 0
1996 4 2 113 0 0 14.49 1 0 0
1996 5 2 113 0 0 14.49 0 0 0
1996 6 2 113 0 0 14.49 0 0 0
1996 7 2 113 0 0 14.49 0 0 0
1996 8 2 113 0 0 14.49 0 0 0
1996 9 2 113 0 0 14.49 0 0 0
1996 1 1 114 0 1.12387e-05 0 0 0.5 0
1996 2 1 114 0 0 0 0 0 0
1996 3 1 114 0 0 0 0 0 0
1996 4 1 114 0 0 0 0 0 0
1996 5 1 114 0 0 0 0 0 0
1996 6 1 114 0 0 0 0 0 0
1996 7 1 114 0 0 0 0 0 0
1996 8 1 114 0 0 0 0 0 0
1996 9 1 114 0 0 0 0 0 0
1996 1 2 114 0 1.12387e-05 0 0 0.5 0
1996 2 2 114 0 0 0 0 0 0
1996 3 2 114 0 0 0 0 0 0
1996 4 2 114 0 0 0 0 0 0
1996 5 2 114 0 0 0 0 0 0
1996 6 2 114 0 0 0 0 0 0
1996 7 2 114 0 0 0 0 0 0
1996 8 2 114 0 0 0 0 0 0
1996 9 2 114 0 0 0 0 0 0
1996 1 1 115 0 0 0 0 0 0
1996 2 1 115 0 0 0 0 0 0
1996 3 1 115 0 0 0 0 0 0
1996 4 1 115 0 3.3557e-05 0 0 0.5 0
1996 5 1 115 0 0 0 0 0 0
1996 6 1 115 0 0 0 0 0 0
1996 7 1 115 0 0 0 0 0 0
1996 8 1 115 0 0 0 0 0 0
1996 9 1 115 0 0 0 0 0 0
1996 1 2 115 0 0 0 0 0 0
1996 2 2 115 0 0 0 0 0 0
1996 3 2 115 0 0 0 0 0 0
1996 4 2 115 0 3.3557e-05 0 0 0.5 0
1996 5 2 115 0 0 0 0 0 0
1996 6 2 115 0 0 0 0 0 0
1996 7 2 115 0 0 0 0 0 0
1996 8 2 115 0 0 0 0 0 0
1996 9 2 115 0 0 0 0 0 0
1996 1 1 116 0 0 0 0 0 0
1996 2 1 116 0 0 0 0 0 0
1996 3 1 116 0 0 0 0 0 0
1996 4 1 116 0 0 0 0 0 0
1996 5 1 116 0 0 0 0 0 0
1996 6 1 116 0 0 0 0 0 0
1996 7 1 116 0 0 0 0 0 0
1996 8 1 116 0 0 0 0 0 0
1996 9 1 116 0 0 0 0 0 0
1996 1 2 116 0 0 0 0 0 0
1996 2 2 116 0 0 0 0 0 0
1996 3 2 116 0 0 0 0 0 0
1996 4 2 116 0 0 0 0 0 0
1996 5 2 116 0 0 0 0 0 0
1996 6 2 116 0 0 0 0 0 0
1996 7 2 116 0 0 0 0 0 0
1996 8 2 116 0 0 0 0 0 0
1996 9 2 116 0 0 0 0 0 0
1996 1 1 117 0 0 0 0 0 0
1996 2 1 117 0 0 0 0 0 0
1996 3 1 117 0 0 0 0 0 0
1996 4 1 117 0 0 0 0 0 0
1996 5 1 117 0 0 0 0 0 0
1996 6 1 117 0 0 0 0 0 0
1996 7 1 117 0 0 0 0 0 0
1996 8 1 117 0 0 0 0 0 0
1996 9 1 117 0 0 0 0 0 0
1996 1 2 117 0 0 0 0 0 0
1996 2 2 117 0 0 0 0 0 0
1996 3 2 117 0 0 0 0 0 0
1996 4 2 117 0 0 0 0 0 0
1996 5 2 117 0 0 0 0 0 0
1996 6 2 117 0 0 0 0 0 0
1996 7 2 117 0 0 0 0 0 0
1996 8 2 117 0 0 0 0 0 0
1996 9 2 117 0 0 0 0 0 0
1996 1 1 118 0 0 0 0 0 0
1996 2 1 118 0 0 0 0 0 0
1996 3 1 118 0 0 0 0 0 0
1996 4 1 118 0 0 0 0 0 0
1996 5 1 118 0 0 0 0 0 0
1996 6 1 118 0 0 0 0 0 0
1996 7 1 118 0 0 0 0 0 0
1996 8 1 118 0 0 0 0 0 0
1996 9 1 118 0 0 0 0 0 0
1996 1 2 118 0 0 0 0 0 0
1996 2 2 118 0 0 0 0 0 0
1996 3 2 118 0 0 0 0 0 0
1996 4 2 118 0 0 0 0 0 0
1996 5 2 118 0 0 0 0 0 0
1996 6 2 118 0 0 0 0 0 0
1996 7 2 118 0 0 0 0 0 0
1996 8 2 118 0 0 0 0 0 0
1996 9 2 118 0 0 0 0 0 0
1996 1 1 119 0 0 0 0 0 0
1996 2 1 119 0 0 0 0 0 0
1996 3 1 119 0 0 0 0 0 0
1996 4 1 119 0 0 0 0 0 0
1996 5 1 119 0 0 0 0 0 0
1996 6 1 119 0 0 0 0 0 0
1996 7 1 119 0 0 0 0 0 0
1996 8 1 119 0 0 0 0 0 0
1996 9 1 119 0 0 0 0 0 0
1996 1 2 119 0 0 0 0 0 0
1996 2 2 119 0 0 0 0 0 0
1996 3 2 119 0 0 0 0 0 0
1996 4 2 119 0 0 0 0 0 0
1996 5 2 119 0 0 0 0 0 0
1996 6 2 119 0 0 0 0 0 0
1996 7 2 119 0 0 0 0 0 0
1996 8 2 119 0 0 0 0 0 0
1996 9 2 119 0 0 0 0 0 0
1996 1 1 120 0 0 0 0 0 0
1996 2 1 120 0 0 0 0 0 0
1996 3 1 120 0 0 0 0 0 0
1996 4 1 120 0 0 0 0 0 0
1996 5 1 120 0 0 0 0 0 0
1996 6 1 120 0 0 0 0 0 0
1996 7 1 120 0 0 0 0 0 0
1996 8 1 120 0 0 0 0 0 0
1996 9 1 120 0 0 0 0 0 0
1996 1 2 120 0 0 0 0 0 0
1996 2 2 120 0 0 0 0 0 0
1996 3 2 120 0 0 0 0 0 0
1996 4 2 120 0 0 0 0 0 0
1996 5 2 120 0 0 0 0 0 0
1996 6 2 120 0 0 0 0 0 0
1996 7 2 120 0 0 0 0 0 0
1996 8 2 120 0 0 0 0 0 0
1996 9 2 120 0 0 0 0 0 0
