year stratum sex length freq prop avg_wt nwt_samples nlen_samples naged
1999 1 1 9 0 0 0 0 0 0
1999 2 1 9 0 0 0 0 0 0
1999 3 1 9 0 0 0 0 0 0
1999 4 1 9 0 0 0 0 0 0
1999 5 1 9 0 0 0 0 0 0
1999 6 1 9 0 0 0 0 0 0
1999 7 1 9 0 0 0 0 0 0
1999 8 1 9 0 0 0 0 0 0
1999 9 1 9 0 0 0 0 0 0
1999 1 2 9 0 0 0 0 0 0
1999 2 2 9 0 0 0 0 0 0
1999 3 2 9 0 0 0 0 0 0
1999 4 2 9 0 0 0 0 0 0
1999 5 2 9 0 0 0 0 0 0
1999 6 2 9 0 0 0 0 0 0
1999 7 2 9 0 0 0 0 0 0
1999 8 2 9 0 0 0 0 0 0
1999 9 2 9 0 0 0 0 0 0
1999 1 1 10 0 0 0 0 0 0
1999 2 1 10 0 0 0 0 0 0
1999 3 1 10 0 0 0 0 0 0
1999 4 1 10 0 0 0 0 0 0
1999 5 1 10 0 0 0 0 0 0
1999 6 1 10 0 0 0 0 0 0
1999 7 1 10 0 0 0 0 0 0
1999 8 1 10 0 0 0 0 0 0
1999 9 1 10 0 0 0 0 0 0
1999 1 2 10 0 0 0 0 0 0
1999 2 2 10 0 0 0 0 0 0
1999 3 2 10 0 0 0 0 0 0
1999 4 2 10 0 0 0 0 0 0
1999 5 2 10 0 0 0 0 0 0
1999 6 2 10 0 0 0 0 0 0
1999 7 2 10 0 0 0 0 0 0
1999 8 2 10 0 0 0 0 0 0
1999 9 2 10 0 0 0 0 0 0
1999 1 1 11 0 0 0 0 0 0
1999 2 1 11 0 0 0 0 0 0
1999 3 1 11 0 0 0 0 0 0
1999 4 1 11 0 0 0 0 0 0
1999 5 1 11 0 0 0 0 0 0
1999 6 1 11 0 0 0 0 0 0
1999 7 1 11 0 0 0 0 0 0
1999 8 1 11 0 0 0 0 0 0
1999 9 1 11 0 0 0 0 0 0
1999 1 2 11 0 0 0 0 0 0
1999 2 2 11 0 0 0 0 0 0
1999 3 2 11 0 0 0 0 0 0
1999 4 2 11 0 0 0 0 0 0
1999 5 2 11 0 0 0 0 0 0
1999 6 2 11 0 0 0 0 0 0
1999 7 2 11 0 0 0 0 0 0
1999 8 2 11 0 0 0 0 0 0
1999 9 2 11 0 0 0 0 0 0
1999 1 1 12 0 0 0 0 0 0
1999 2 1 12 0 0 0 0 0 0
1999 3 1 12 0 0 0 0 0 0
1999 4 1 12 0 0 0 0 0 0
1999 5 1 12 0 0 0 0 0 0
1999 6 1 12 0 0 0 0 0 0
1999 7 1 12 0 0 0 0 0 0
1999 8 1 12 0 0 0 0 0 0
1999 9 1 12 0 0 0 0 0 0
1999 1 2 12 0 0 0 0 0 0
1999 2 2 12 0 0 0 0 0 0
1999 3 2 12 0 0 0 0 0 0
1999 4 2 12 0 0 0 0 0 0
1999 5 2 12 0 0 0 0 0 0
1999 6 2 12 0 0 0 0 0 0
1999 7 2 12 0 0 0 0 0 0
1999 8 2 12 0 0 0 0 0 0
1999 9 2 12 0 0 0 0 0 0
1999 1 1 13 0 0 0 0 0 0
1999 2 1 13 0 0 0 0 0 0
1999 3 1 13 0 0 0 0 0 0
1999 4 1 13 0 0 0 0 0 0
1999 5 1 13 0 0 0 0 0 0
1999 6 1 13 0 0 0 0 0 0
1999 7 1 13 0 0 0 0 0 0
1999 8 1 13 0 0 0 0 0 0
1999 9 1 13 0 0 0 0 0 0
1999 1 2 13 0 0 0 0 0 0
1999 2 2 13 0 0 0 0 0 0
1999 3 2 13 0 0 0 0 0 0
1999 4 2 13 0 0 0 0 0 0
1999 5 2 13 0 0 0 0 0 0
1999 6 2 13 0 0 0 0 0 0
1999 7 2 13 0 0 0 0 0 0
1999 8 2 13 0 0 0 0 0 0
1999 9 2 13 0 0 0 0 0 0
1999 1 1 14 0 0 0 0 0 0
1999 2 1 14 0 0 0 0 0 0
1999 3 1 14 0 0 0 0 0 0
1999 4 1 14 0 0 0 0 0 0
1999 5 1 14 0 0 0 0 0 0
1999 6 1 14 0 0 0 0 0 0
1999 7 1 14 0 0 0 0 0 0
1999 8 1 14 0 0 0 0 0 0
1999 9 1 14 0 0 0 0 0 0
1999 1 2 14 0 0 0 0 0 0
1999 2 2 14 0 0 0 0 0 0
1999 3 2 14 0 0 0 0 0 0
1999 4 2 14 0 0 0 0 0 0
1999 5 2 14 0 0 0 0 0 0
1999 6 2 14 0 0 0 0 0 0
1999 7 2 14 0 0 0 0 0 0
1999 8 2 14 0 0 0 0 0 0
1999 9 2 14 0 0 0 0 0 0
1999 1 1 15 0 0 0 0 0 0
1999 2 1 15 0 0 0 0 0 0
1999 3 1 15 0 0 0 0 0 0
1999 4 1 15 0 0 0 0 0 0
1999 5 1 15 0 0 0 0 0 0
1999 6 1 15 0 0 0 0 0 0
1999 7 1 15 0 0 0 0 0 0
1999 8 1 15 0 0 0 0 0 0
1999 9 1 15 0 0 0 0 0 0
1999 1 2 15 0 0 0 0 0 0
1999 2 2 15 0 0 0 0 0 0
1999 3 2 15 0 0 0 0 0 0
1999 4 2 15 0 0 0 0 0 0
1999 5 2 15 0 0 0 0 0 0
1999 6 2 15 0 0 0 0 0 0
1999 7 2 15 0 0 0 0 0 0
1999 8 2 15 0 0 0 0 0 0
1999 9 2 15 0 0 0 0 0 0
1999 1 1 16 0 3.98533e-05 0 0 0.5 0
1999 2 1 16 0 0 0 0 0 0
1999 3 1 16 0 0 0 0 0 0
1999 4 1 16 0 0 0 0 0 0
1999 5 1 16 0 0 0 0 0 0
1999 6 1 16 0 0 0 0 0 0
1999 7 1 16 0 0 0 0 0 0
1999 8 1 16 0 0 0 0 0 0
1999 9 1 16 0 0 0 0 0 0
1999 1 2 16 0 3.98533e-05 0 0 0.5 0
1999 2 2 16 0 0 0 0 0 0
1999 3 2 16 0 0 0 0 0 0
1999 4 2 16 0 0 0 0 0 0
1999 5 2 16 0 0 0 0 0 0
1999 6 2 16 0 0 0 0 0 0
1999 7 2 16 0 0 0 0 0 0
1999 8 2 16 0 0 0 0 0 0
1999 9 2 16 0 0 0 0 0 0
1999 1 1 17 0 0 0 0 0 0
1999 2 1 17 0 0 0 0 0 0
1999 3 1 17 0 0 0 0 0 0
1999 4 1 17 0 0 0 0 0 0
1999 5 1 17 0 0 0 0 0 0
1999 6 1 17 0 0 0 0 0 0
1999 7 1 17 0 0 0 0 0 0
1999 8 1 17 0 0 0 0 0 0
1999 9 1 17 0 0 0 0 0 0
1999 1 2 17 0 0 0 0 0 0
1999 2 2 17 0 0 0 0 0 0
1999 3 2 17 0 0 0 0 0 0
1999 4 2 17 0 0 0 0 0 0
1999 5 2 17 0 0 0 0 0 0
1999 6 2 17 0 0 0 0 0 0
1999 7 2 17 0 0 0 0 0 0
1999 8 2 17 0 0 0 0 0 0
1999 9 2 17 0 0 0 0 0 0
1999 1 1 18 0 0 0 0 0 0
1999 2 1 18 0 0 0 0 0 0
1999 3 1 18 0 0 0 0 0 0
1999 4 1 18 0 0 0 0 0 0
1999 5 1 18 0 0 0 0 0 0
1999 6 1 18 0 0 0 0 0 0
1999 7 1 18 0 0 0 0 0 0
1999 8 1 18 0 0 0 0 0 0
1999 9 1 18 0 0 0 0 0 0
1999 1 2 18 0 0 0 0 0 0
1999 2 2 18 0 0 0 0 0 0
1999 3 2 18 0 0 0 0 0 0
1999 4 2 18 0 0 0 0 0 0
1999 5 2 18 0 0 0 0 0 0
1999 6 2 18 0 0 0 0 0 0
1999 7 2 18 0 0 0 0 0 0
1999 8 2 18 0 0 0 0 0 0
1999 9 2 18 0 0 0 0 0 0
1999 1 1 19 0 3.98533e-05 0 0 0.5 0
1999 2 1 19 0 0 0 0 0 0
1999 3 1 19 0 0 0 0 0 0
1999 4 1 19 0 0 0 0 0 0
1999 5 1 19 0 0 0 0 0 0
1999 6 1 19 0 0 0 0 0 0
1999 7 1 19 0 0 0 0 0 0
1999 8 1 19 0 0 0 0 0 0
1999 9 1 19 0 0 0 0 0 0
1999 1 2 19 0 3.98533e-05 0 0 0.5 0
1999 2 2 19 0 0 0 0 0 0
1999 3 2 19 0 0 0 0 0 0
1999 4 2 19 0 0 0 0 0 0
1999 5 2 19 0 0 0 0 0 0
1999 6 2 19 0 0 0 0 0 0
1999 7 2 19 0 0 0 0 0 0
1999 8 2 19 0 0 0 0 0 0
1999 9 2 19 0 0 0 0 0 0
1999 1 1 20 0 0.00011956 0 0 1.5 0
1999 2 1 20 0 0 0 0 0 0
1999 3 1 20 0 0 0 0 0 0
1999 4 1 20 0 0 0 0 0 0
1999 5 1 20 0 0 0 0 0 0
1999 6 1 20 0 0 0 0 0 0
1999 7 1 20 0 0 0 0 0 0
1999 8 1 20 0 0 0 0 0 0
1999 9 1 20 0 0.00036914 0 0 1 0
1999 1 2 20 0 0.00011956 0 0 1.5 0
1999 2 2 20 0 0 0 0 0 0
1999 3 2 20 0 0 0 0 0 0
1999 4 2 20 0 0 0 0 0 0
1999 5 2 20 0 0 0 0 0 0
1999 6 2 20 0 0 0 0 0 0
1999 7 2 20 0 0 0 0 0 0
1999 8 2 20 0 0 0 0 0 0
1999 9 2 20 0 0 0 0 0 0
1999 1 1 21 0.34134 3.98533e-05 0.75 0 0.5 0
1999 2 1 21 0 0 0.75 0 0 0
1999 3 1 21 0 0 0.75 0 0 0
1999 4 1 21 0 0 0.75 0 0 0
1999 5 1 21 0 0 0.75 0 0 0
1999 6 1 21 0 0 0.75 0 0 0
1999 7 1 21 0 0 0.75 0 0 0
1999 8 1 21 0 0 0.75 0 0 0
1999 9 1 21 0 0 0.75 0 0 0
1999 1 2 21 0.34134 3.98533e-05 0.75 1 0.5 0
1999 2 2 21 0 0 0.75 0 0 0
1999 3 2 21 0 0 0.75 0 0 0
1999 4 2 21 0 0 0.75 0 0 0
1999 5 2 21 0 0 0.75 0 0 0
1999 6 2 21 0 0 0.75 0 0 0
1999 7 2 21 0 0 0.75 0 0 0
1999 8 2 21 0 0 0.75 0 0 0
1999 9 2 21 0 0 0.75 0 0 0
1999 1 1 22 0 0 0 0 0 0
1999 2 1 22 0 0 0 0 0 0
1999 3 1 22 0 0 0 0 0 0
1999 4 1 22 0 0 0 0 0 0
1999 5 1 22 0 0 0 0 0 0
1999 6 1 22 0 0 0 0 0 0
1999 7 1 22 0 0 0 0 0 0
1999 8 1 22 0 0 0 0 0 0
1999 9 1 22 0 0 0 0 0 0
1999 1 2 22 0 0 0 0 0 0
1999 2 2 22 0 0 0 0 0 0
1999 3 2 22 0 0 0 0 0 0
1999 4 2 22 0 0 0 0 0 0
1999 5 2 22 0 0 0 0 0 0
1999 6 2 22 0 0 0 0 0 0
1999 7 2 22 0 0 0 0 0 0
1999 8 2 22 0 0 0 0 0 0
1999 9 2 22 0 0 0 0 0 0
1999 1 1 23 0 0.000159413 0 0 2 0
1999 2 1 23 0 0 0 0 0 0
1999 3 1 23 0 0 0 0 0 0
1999 4 1 23 0 0 0 0 0 0
1999 5 1 23 0 0 0 0 0 0
1999 6 1 23 0 0 0 0 0 0
1999 7 1 23 0 0 0 0 0 0
1999 8 1 23 0 0 0 0 0 0
1999 9 1 23 0 0 0 0 0 0
1999 1 2 23 0 7.97067e-05 0 0 1 0
1999 2 2 23 0 0 0 0 0 0
1999 3 2 23 0 0 0 0 0 0
1999 4 2 23 0 0 0 0 0 0
1999 5 2 23 0 0 0 0 0 0
1999 6 2 23 0 0 0 0 0 0
1999 7 2 23 0 0 0 0 0 0
1999 8 2 23 0 0 0 0 0 0
1999 9 2 23 0 0 0 0 0 0
1999 1 1 24 0 0 0 0 0 0
1999 2 1 24 0 0 0 0 0 0
1999 3 1 24 0 0 0 0 0 0
1999 4 1 24 0 0 0 0 0 0
1999 5 1 24 0 0 0 0 0 0
1999 6 1 24 0 0 0 0 0 0
1999 7 1 24 0 0 0 0 0 0
1999 8 1 24 0 0 0 0 0 0
1999 9 1 24 0 0 0 0 0 0
1999 1 2 24 0 7.97067e-05 0 0 1 0
1999 2 2 24 0 0 0 0 0 0
1999 3 2 24 0 0 0 0 0 0
1999 4 2 24 0 0 0 0 0 0
1999 5 2 24 0 0 0 0 0 0
1999 6 2 24 0 0 0 0 0 0
1999 7 2 24 0 0 0 0 0 0
1999 8 2 24 0 0 0 0 0 0
1999 9 2 24 0 0 0 0 0 0
1999 1 1 25 0 0 0 0 0 0
1999 2 1 25 0 0.0115512 0 0 3.5 0
1999 3 1 25 0 0 0 0 0 0
1999 4 1 25 0 0 0 0 0 0
1999 5 1 25 0 0 0 0 0 0
1999 6 1 25 0 0 0 0 0 0
1999 7 1 25 0 0 0 0 0 0
1999 8 1 25 0 0 0 0 0 0
1999 9 1 25 0 0 0 0 0 0
1999 1 2 25 0 7.97067e-05 0 0 1 0
1999 2 2 25 0 0.0049505 0 0 1.5 0
1999 3 2 25 0 0 0 0 0 0
1999 4 2 25 0 0 0 0 0 0
1999 5 2 25 0 0 0 0 0 0
1999 6 2 25 0 0 0 0 0 0
1999 7 2 25 0 0 0 0 0 0
1999 8 2 25 0 0 0 0 0 0
1999 9 2 25 0 0 0 0 0 0
1999 1 1 26 0 0.000159413 0 0 2 0
1999 2 1 26 0 0 0 0 0 0
1999 3 1 26 0 0 0 0 0 0
1999 4 1 26 0 0 0 0 0 0
1999 5 1 26 0 0 0 0 0 0
1999 6 1 26 0 0 0 0 0 0
1999 7 1 26 0 0 0 0 0 0
1999 8 1 26 0 0 0 0 0 0
1999 9 1 26 0 0 0 0 0 0
1999 1 2 26 0 0 0 0 0 0
1999 2 2 26 0 0 0 0 0 0
1999 3 2 26 0 0.000880282 0 0 1 0
1999 4 2 26 0 0 0 0 0 0
1999 5 2 26 0 0 0 0 0 0
1999 6 2 26 0 0 0 0 0 0
1999 7 2 26 0 0 0 0 0 0
1999 8 2 26 0 0 0 0 0 0
1999 9 2 26 0 0 0 0 0 0
1999 1 1 27 0 0 0.2 1 0 0
1999 2 1 27 0 0 0.2 0 0 0
1999 3 1 27 0 0 0.2 0 0 0
1999 4 1 27 0 0 0.2 0 0 0
1999 5 1 27 0 0 0.2 0 0 0
1999 6 1 27 0 0 0.2 0 0 0
1999 7 1 27 0 0 0.2 0 0 0
1999 8 1 27 0 0 0.2 0 0 0
1999 9 1 27 0 0 0.2 0 0 0
1999 1 2 27 0 0 0.2 1 0 0
1999 2 2 27 0 0 0.2 0 0 0
1999 3 2 27 0 0 0.2 1 0 0
1999 4 2 27 0 0 0.2 0 0 0
1999 5 2 27 0 0 0.2 0 0 0
1999 6 2 27 0 0 0.2 0 0 0
1999 7 2 27 0 0 0.2 0 0 0
1999 8 2 27 0 0 0.2 0 0 0
1999 9 2 27 0 0 0.2 0 0 0
1999 1 1 28 0.682679 7.97067e-05 0.2 1 1 0
1999 2 1 28 0 0 0.2 0 0 0
1999 3 1 28 0 0 0.2 0 0 0
1999 4 1 28 0 0 0.2 0 0 0
1999 5 1 28 0 0 0.2 0 0 0
1999 6 1 28 0 0 0.2 0 0 0
1999 7 1 28 0 0 0.2 0 0 0
1999 8 1 28 0 0 0.2 0 0 0
1999 9 1 28 0 0 0.2 0 0 0
1999 1 2 28 0 0 0.2 0 0 0
1999 2 2 28 0 0 0.2 0 0 0
1999 3 2 28 0 0 0.2 0 0 0
1999 4 2 28 0 0 0.2 0 0 0
1999 5 2 28 0 0 0.2 0 0 0
1999 6 2 28 0 0 0.2 0 0 0
1999 7 2 28 0 0 0.2 0 0 0
1999 8 2 28 0 0 0.2 0 0 0
1999 9 2 28 0 0 0.2 0 0 0
1999 1 1 29 0 7.97067e-05 0 0 1 0
1999 2 1 29 0 0 0 0 0 0
1999 3 1 29 0 0 0 0 0 0
1999 4 1 29 0 0 0 0 0 0
1999 5 1 29 0 0 0 0 0 0
1999 6 1 29 0 0 0 0 0 0
1999 7 1 29 0 0 0 0 0 0
1999 8 1 29 0 0 0 0 0 0
1999 9 1 29 0 0 0 0 0 0
1999 1 2 29 0 0.000159413 0 0 2 0
1999 2 2 29 0 0 0 0 0 0
1999 3 2 29 0 0 0 0 0 0
1999 4 2 29 0 0 0 0 0 0
1999 5 2 29 0 0 0 0 0 0
1999 6 2 29 0 0 0 0 0 0
1999 7 2 29 0 0 0 0 0 0
1999 8 2 29 0 0 0 0 0 0
1999 9 2 29 0 0 0 0 0 0
1999 1 1 30 2.73072 0.000318827 0.26 3 4 0
1999 2 1 30 0 0 0.3 0 0 0
1999 3 1 30 0 0 0.3 0 0 0
1999 4 1 30 0 0 0.3 0 0 0
1999 5 1 30 0 0 0.3 0 0 0
1999 6 1 30 0 0 0.3 0 0 0
1999 7 1 30 0 0 0.3 0 0 0
1999 8 1 30 0 0 0.3 0 0 0
1999 9 1 30 0 0 0.3 0 0 0
1999 1 2 30 1.36536 0.000159413 0.24 2 2 0
1999 2 2 30 0 0 0.26 0 0 0
1999 3 2 30 0 0 0.26 0 0 0
1999 4 2 30 0 0 0.26 0 0 0
1999 5 2 30 0 0 0.26 0 0 0
1999 6 2 30 0 0 0.26 0 0 0
1999 7 2 30 0 0 0.26 0 0 0
1999 8 2 30 0 0 0.26 0 0 0
1999 9 2 30 0 0 0.26 0 0 0
1999 1 1 31 0 0 0.465 4 0 0
1999 2 1 31 0 0 0.775 0 0 0
1999 3 1 31 2.4915 0.00176056 0.775 0 2 0
1999 4 1 31 0 0 0.775 0 0 0
1999 5 1 31 0 0 0.775 0 0 0
1999 6 1 31 0 0 0.775 0 0 0
1999 7 1 31 0 0 1.5 1 0 0
1999 8 1 31 0 0 0.775 0 0 0
1999 9 1 31 0 0 0.775 0 0 0
1999 1 2 31 2.73072 0.000318827 0.313333 6 4 0
1999 2 2 31 0 0 0.324 0 0 0
1999 3 2 31 0 0 0.324 0 0 0
1999 4 2 31 0 0 0.324 0 0 0
1999 5 2 31 0 0 0.324 0 0 0
1999 6 2 31 0 0 0.324 0 0 0
1999 7 2 31 0 0 0.324 0 0 0
1999 8 2 31 0 0 0.324 0 0 0
1999 9 2 31 0 0 0.324 0 0 0
1999 1 1 32 1.36536 0.000159413 0.247143 7 2 0
1999 2 1 32 0 0 0.33 0 0 0
1999 3 1 32 0 0 0.33 0 0 0
1999 4 1 32 0 0 0.33 0 0 0
1999 5 1 32 0 0 0.33 0 0 0
1999 6 1 32 0 0 0.33 0 0 0
1999 7 1 32 0 0 0.33 0 0 0
1999 8 1 32 0 0 0.33 0 0 0
1999 9 1 32 0.131954 0.00036914 0.33 0 1 0
1999 1 2 32 6.14411 0.00071736 0.297 10 9 0
1999 2 2 32 0 0 0.6275 0 0 0
1999 3 2 32 0 0 0.6275 0 0 0
1999 4 2 32 0 0 0.85 1 0 0
1999 5 2 32 0 0 0.6275 0 0 0
1999 6 2 32 0 0 0.6275 0 0 0
1999 7 2 32 0 0 1.94 1 0 0
1999 8 2 32 0 0 0.6275 0 0 0
1999 9 2 32 0 0 0.6275 0 0 0
1999 1 1 33 7.50947 0.000876773 0.4 12 11 0
1999 2 1 33 0 0 0.687273 0 0 0
1999 3 1 33 0 0 0.687273 0 0 0
1999 4 1 33 0.329556 0.000106701 0.687273 0 1 0
1999 5 1 33 0 0 0.687273 0 0 0
1999 6 1 33 0 0 0.687273 0 0 0
1999 7 1 33 0 0 1.765 2 0 0
1999 8 1 33 0 0 0.687273 0 0 0
1999 9 1 33 0 0 0.687273 0 0 0
1999 1 2 33 4.09608 0.00047824 0.353333 9 6 0
1999 2 2 33 0 0 1.16111 0 0 0
1999 3 2 33 0 0 1.65 1 0 0
1999 4 2 33 0.329556 0.000106701 3.195 2 1 0
1999 5 2 33 0 0 1.16111 0 0 0
1999 6 2 33 0 0 1.16111 0 0 0
1999 7 2 33 0 0 1.16111 0 0 0
1999 8 2 33 0 0 1.16111 0 0 0
1999 9 2 33 0 0 1.16111 0 0 0
1999 1 1 34 4.09608 0.00047824 0.322222 9 6 0
1999 2 1 34 0 0 0.354 0 0 0
1999 3 1 34 0 0 0.354 0 0 0
1999 4 1 34 0.164778 5.33504e-05 0.354 0 0.5 0
1999 5 1 34 0 0 0.354 0 0 0
1999 6 1 34 0 0 0.354 0 0 0
1999 7 1 34 0 0 0.354 0 0 0
1999 8 1 34 0 0 0.354 0 0 0
1999 9 1 34 0 0 0.354 0 0 0
1999 1 2 34 12.9709 0.00151443 0.433333 15 19 0
1999 2 2 34 0 0 0.488182 0 0 0
1999 3 2 34 3.73725 0.00264085 0.488182 0 3 0
1999 4 2 34 0.164778 5.33504e-05 0.488182 0 0.5 0
1999 5 2 34 0 0 0.488182 0 0 0
1999 6 2 34 0 0 0.488182 0 0 0
1999 7 2 34 0 0 0.488182 0 0 0
1999 8 2 34 0 0 0.488182 0 0 0
1999 9 2 34 0 0 0.488182 0 0 0
1999 1 1 35 9.55751 0.00111589 0.419231 13 14 0
1999 2 1 35 0 0 0.439091 0 0 0
1999 3 1 35 0 0 0.439091 0 0 0
1999 4 1 35 0 0 0.439091 0 0 0
1999 5 1 35 0 0 0.439091 0 0 0
1999 6 1 35 0 0 0.439091 0 0 0
1999 7 1 35 0 0 0.439091 0 0 0
1999 8 1 35 0 0 0.439091 0 0 0
1999 9 1 35 0 0 0.439091 0 0 0
1999 1 2 35 15.0189 0.00175355 0.485333 15 22 0
1999 2 2 35 0 0 0.512308 0 0 0
1999 3 2 35 0 0 0.512308 0 0 0
1999 4 2 35 0 0 0.512308 0 0 0
1999 5 2 35 0 0 0.512308 0 0 0
1999 6 2 35 0 0 0.512308 0 0 0
1999 7 2 35 0.156747 4.09132e-05 0.512308 0 1 0
1999 8 2 35 0 0 0.512308 0 0 0
1999 9 2 35 0 0 0.512308 0 0 0
1999 1 1 36 13.6536 0.00159413 0.557368 19 20 0
1999 2 1 36 0 0 0.5575 0 0 0
1999 3 1 36 1.24575 0.000880282 0.536667 3 1 0
1999 4 1 36 0 0 0.51 1 0 0
1999 5 1 36 0 0 0.5575 0 0 0
1999 6 1 36 0 0 0.5575 0 0 0
1999 7 1 36 0 0 0.5575 0 0 0
1999 8 1 36 0 0 0.5575 0 0 0
1999 9 1 36 0 0 0.5575 0 0 0
1999 1 2 36 12.9709 0.00151443 0.4575 16 19 0
1999 2 2 36 0 0 0.546111 0 0 0
1999 3 2 36 3.73725 0.00264085 0.63 1 3 0
1999 4 2 36 0 0 0.546111 0 0 0
1999 5 2 36 0 0 0.546111 0 0 0
1999 6 2 36 0 0 0.546111 0 0 0
1999 7 2 36 0 0 0.86 4 0 0
1999 8 2 36 0 0 0.546111 0 0 0
1999 9 2 36 0 0 0.546111 0 0 0
1999 1 1 37 21.1631 0.00247091 0.505 16 31 0
1999 2 1 37 0 0 0.85 1 0 0
1999 3 1 37 0 0 0.72 1 0 0
1999 4 1 37 0 0 0.551111 0 0 0
1999 5 1 37 0 0 0.551111 0 0 0
1999 6 1 37 0 0 0.551111 0 0 0
1999 7 1 37 0 0 0.61 1 0 0
1999 8 1 37 0 0 0.551111 0 0 0
1999 9 1 37 0 0 0.551111 0 0 0
1999 1 2 37 22.5284 0.00263032 0.619048 21 33 0
1999 2 2 37 0 0 0.658333 0 0 0
1999 3 2 37 1.24575 0.000880282 0.6 1 1 0
1999 4 2 37 0.659112 0.000213402 0.66 2 2 0
1999 5 2 37 0 0 0.658333 0 0 0
1999 6 2 37 0 0 0.658333 0 0 0
1999 7 2 37 0 0 1.22 1 0 0
1999 8 2 37 0 0 0.658333 0 0 0
1999 9 2 37 0 0 0.658333 0 0 0
1999 1 1 38 14.6776 0.00171369 0.595625 16 21.5 0
1999 2 1 38 0 0 0.724091 0 0 0
1999 3 1 38 1.24575 0.000880282 0.616667 3 1 0
1999 4 1 38 0.659112 0.000213402 1.03667 3 2 0
1999 5 1 38 0 0 0.724091 0 0 0
1999 6 1 38 0 0 0.724091 0 0 0
1999 7 1 38 0.313493 8.18264e-05 0.926667 3 2 0
1999 8 1 38 0 0 0.724091 0 0 0
1999 9 1 38 0.131954 0.00036914 0.724091 0 1 0
1999 1 2 38 17.4083 0.00203252 0.628077 26 25.5 0
1999 2 2 38 0 0 0.708846 0 0 0
1999 3 2 38 0 0 0.708846 0 0 0
1999 4 2 38 0.659112 0.000213402 0.55 2 2 0
1999 5 2 38 0 0 0.708846 0 0 0
1999 6 2 38 0 0 0.708846 0 0 0
1999 7 2 38 0.156747 4.09132e-05 2.34 1 1 0
1999 8 2 38 0 0 0.708846 0 0 0
1999 9 2 38 0 0 0.708846 0 0 0
1999 1 1 39 17.7497 0.00207237 0.696875 32 26 0
1999 2 1 39 0 0 0.9 1 0 0
1999 3 1 39 0 0 0.754054 0 0 0
1999 4 1 39 0.988668 0.000320102 0.81 1 3 0
1999 5 1 39 0 0 0.754054 0 0 0
1999 6 1 39 0 0 0.754054 0 0 0
1999 7 1 39 0.313493 8.18264e-05 1.29667 3 2 0
1999 8 1 39 0 0 0.754054 0 0 0
1999 9 1 39 0 0 0.754054 0 0 0
1999 1 2 39 22.5284 0.00263032 0.703913 23 33 0
1999 2 2 39 0 0 0.794828 0 0 0
1999 3 2 39 0 0 0.75 1 0 0
1999 4 2 39 0.659112 0.000213402 0.92 1 2 0
1999 5 2 39 0 0 0.794828 0 0 0
1999 6 2 39 0 0 0.794828 0 0 0
1999 7 2 39 0 0 1.2975 4 0 0
1999 8 2 39 0 0 0.794828 0 0 0
1999 9 2 39 0 0 0.794828 0 0 0
1999 1 1 40 19.7977 0.00231149 0.769565 23 29 0
1999 2 1 40 0 0 0.847333 0 0 0
1999 3 1 40 2.4915 0.00176056 0.766667 3 2 0
1999 4 1 40 0.82389 0.000266752 1.57333 3 2.5 0
1999 5 1 40 0 0 0.847333 0 0 0
1999 6 1 40 0 0 0.847333 0 0 0
1999 7 1 40 0.47024 0.00012274 0.7 1 3 0
1999 8 1 40 0 0 0.847333 0 0 0
1999 9 1 40 0 0 0.847333 0 0 0
1999 1 2 40 36.182 0.00422445 0.816667 15 53 1
1999 2 2 40 0 0 1.02963 0 0 0
1999 3 2 40 0 0 0.85 2 0 0
1999 4 2 40 0.164778 5.33504e-05 1.27143 7 0.5 0
1999 5 2 40 0 0 1.02963 0 0 0
1999 6 2 40 0 0 1.02963 0 0 0
1999 7 2 40 0 0 1.65 3 0 0
1999 8 2 40 0 0 1.02963 0 0 0
1999 9 2 40 0 0 1.02963 0 0 0
1999 1 1 41 13.3122 0.00155428 0.787647 17 19.5 0
1999 2 1 41 0 0 0.867576 0 0 0
1999 3 1 41 0 0 0.95 4 0 0
1999 4 1 41 2.47167 0.000800256 0.93625 8 7.5 0
1999 5 1 41 0 0 0.867576 0 0 0
1999 6 1 41 0 0 0.867576 0 0 0
1999 7 1 41 1.09723 0.000286392 0.9875 4 7 0
1999 8 1 41 0 0 0.867576 0 0 0
1999 9 1 41 0 0 0.867576 0 0 0
1999 1 2 41 24.9178 0.00290929 0.787407 27 36.5 0
1999 2 2 41 0 0 0.75 1 0 0
1999 3 2 41 0 0 0.792857 7 0 0
1999 4 2 41 1.483 0.000480154 0.91 11 4.5 0
1999 5 2 41 0 0 0.815 0 0 0
1999 6 2 41 0 0 0.815 0 0 0
1999 7 2 41 0.313493 8.18264e-05 0.775 2 2 0
1999 8 2 41 0 0 0.815 0 0 0
1999 9 2 41 0 0 0.815 0 0 0
1999 1 1 42 21.8457 0.00255061 0.890556 36 32 0
1999 2 1 42 0 0 1 2 0 0
1999 3 1 42 0.622875 0.000440141 0.825 4 0.5 0
1999 4 1 42 1.81256 0.000586854 0.871429 7 5.5 0
1999 5 1 42 0 0 0.912931 0 0 0
1999 6 1 42 0 0 0.912931 0 0 0
1999 7 1 42 1.09723 0.000286392 1.12 7 7 0
1999 8 1 42 0 0 0.912931 0 0 0
1999 9 1 42 0.395863 0.00110742 0.825 2 3 0
1999 1 2 42 34.134 0.00398533 0.864828 29 50 0
1999 2 2 42 0 0 0.911364 0 0 0
1999 3 2 42 1.86862 0.00132042 1.025 4 1.5 0
1999 4 2 42 3.13078 0.00101366 0.931429 7 9.5 0
1999 5 2 42 0 0 0.911364 0 0 0
1999 6 2 42 0 0 0.911364 0 0 0
1999 7 2 42 0.783733 0.000204566 1.1 4 5 0
1999 8 2 42 0 0 0.911364 0 0 0
1999 9 2 42 0.131954 0.00036914 0.911364 0 1 0
1999 1 1 43 29.0139 0.00338753 0.933947 38 42.5 0
1999 2 1 43 0 0 1.15 1 0 0
1999 3 1 43 2.4915 0.00176056 1.01462 13 2 0
1999 4 1 43 2.63645 0.000853606 0.99 13 8 0
1999 5 1 43 0 0 0.88 1 0 0
1999 6 1 43 0 0 0.988 0 0 0
1999 7 1 43 1.09723 0.000286392 1.15778 9 7 0
1999 8 1 43 0 0 0.988 0 0 0
1999 9 1 43 0 0 0.92 1 0 0
1999 1 2 43 28.3312 0.00330783 1.05342 38 41.5 0
1999 2 2 43 0 0 1.1075 0 0 0
1999 3 2 43 1.24575 0.000880282 0.866667 3 1 0
1999 4 2 43 2.966 0.000960307 1.286 10 9 0
1999 5 2 43 0 0 1.1075 0 0 0
1999 6 2 43 0 0 1.9 1 0 0
1999 7 2 43 0.626986 0.000163653 1.149 10 4 0
1999 8 2 43 0 0 1.1075 0 0 0
1999 9 2 43 0 0 0.94 3 0 0
1999 1 1 44 20.8217 0.00243105 0.988333 24 30.5 0
1999 2 1 44 0 0 1.1125 4 0 0
1999 3 1 44 4.983 0.00352113 1.06071 14 4 0
1999 4 1 44 5.43767 0.00176056 1.04071 14 16.5 0
1999 5 1 44 0 0 1.06667 0 0 0
1999 6 1 44 0.118875 0.00252525 1.06667 0 1 0
1999 7 1 44 1.80259 0.000470502 1.1775 16 11.5 0
1999 8 1 44 0 0 1.06667 0 0 0
1999 9 1 44 0 0 1.12833 6 0 0
1999 1 2 44 27.6485 0.00322812 1.03641 39 40.5 1
1999 2 2 44 1.30597 0.00330033 1.01667 3 1 0
1999 3 2 44 1.24575 0.000880282 1.12125 8 1 0
1999 4 2 44 3.78989 0.00122706 1.21 9 11.5 1
1999 5 2 44 0 0 1.10947 0 0 0
1999 6 2 44 0 0 1.10947 0 0 0
1999 7 2 44 1.48909 0.000388675 1.17833 12 9.5 0
1999 8 2 44 0 0 1.10947 0 0 0
1999 9 2 44 0.263909 0.00073828 1.37 5 2 0
1999 1 1 45 22.5284 0.00263032 1.10681 47 33 0
1999 2 1 45 0 0 1.23333 3 0 0
1999 3 1 45 0 0 1.1 18 0 0
1999 4 1 45 3.29556 0.00106701 1.27667 9 10 0
1999 5 1 45 0 0 1 1 0 0
1999 6 1 45 0 0 1.18604 0 0 0
1999 7 1 45 1.88096 0.000490958 1.3855 20 12 0
1999 8 1 45 0 0 1.18604 0 0 0
1999 9 1 45 0.131954 0.00036914 1.35667 3 1 0
1999 1 2 45 27.9898 0.00326797 1.08675 40 41 2
1999 2 2 45 0 0 1.10833 6 0 0
1999 3 2 45 1.24575 0.000880282 1.17 10 1 0
1999 4 2 45 3.29556 0.00106701 1.15 14 10 0
1999 5 2 45 0 0 1.12731 0 0 0
1999 6 2 45 0.118875 0.00252525 1.28 1 1 0
1999 7 2 45 2.66469 0.000695524 1.181 20 17 0
1999 8 2 45 0 0 1.12731 0 0 0
1999 9 2 45 0.527817 0.00147656 1.01 2 4 0
1999 1 1 46 23.8938 0.00278973 1.24679 56 35 4
1999 2 1 46 1.30597 0.00330033 1.4875 4 1 0
1999 3 1 46 1.24575 0.000880282 1.17077 13 1 0
1999 4 1 46 9.55712 0.00309432 1.16 11 29 1
1999 5 1 46 0 0 1.30156 0 0 0
1999 6 1 46 0 0 1.02 1 0 0
1999 7 1 46 3.44842 0.00090009 1.5063 27 22 0
1999 8 1 46 0 0 1.30156 0 0 0
1999 9 1 46 0.131954 0.00036914 1.335 10 1 0
1999 1 2 46 26.6245 0.00310856 1.16732 41 39 0
1999 2 2 46 0 0 1.19743 0 0 0
1999 3 2 46 1.24575 0.000880282 1.21636 22 1 0
1999 4 2 46 6.59112 0.00213402 1.33154 13 20 0
1999 5 2 46 0 0 1.19743 0 0 0
1999 6 2 46 0.237751 0.00505051 1.19743 0 2 0
1999 7 2 46 1.09723 0.000286392 1.16871 31 7 0
1999 8 2 46 0 0 1.19743 0 0 0
1999 9 2 46 0.527817 0.00147656 1.19167 6 4 0
1999 1 1 47 29.0139 0.00338753 1.27044 68 42.5 3
1999 2 1 47 1.30597 0.00330033 1.725 2 1 0
1999 3 1 47 3.11437 0.0022007 1.25882 17 2.5 0
1999 4 1 47 8.56845 0.00277422 1.39 22 26 0
1999 5 1 47 0 0 1.315 0 0 0
1999 6 1 47 0 0 1.43 1 0 0
1999 7 1 47 4.85914 0.00126831 1.32689 45 31 0
1999 8 1 47 0 0 1.315 0 0 0
1999 9 1 47 0.527817 0.00147656 1.488 5 4 0
1999 1 2 47 27.6485 0.00322812 1.21784 51 40.5 2
1999 2 2 47 1.30597 0.00330033 1.68 5 1 0
1999 3 2 47 3.11437 0.0022007 1.26786 14 2.5 0
1999 4 2 47 7.90934 0.00256082 1.32296 27 24 1
1999 5 2 47 0 0 1.31 1 0 0
1999 6 2 47 0.356626 0.00757576 1.28692 0 3 0
1999 7 2 47 4.3889 0.00114557 1.32211 38 28 0
1999 8 2 47 0.340794 0.00041806 1.28692 0 1 0
1999 9 2 47 1.18759 0.00332226 1.236 10 9 0
1999 1 1 48 37.8887 0.00442372 1.3332 97 55.5 2
1999 2 1 48 1.30597 0.00330033 1.48333 3 1 0
1999 3 1 48 3.11437 0.0022007 1.28615 13 2.5 0
1999 4 1 48 12.8527 0.00416133 1.37054 37 39 0
1999 5 1 48 0 0 1.38448 0 0 0
1999 6 1 48 0.475502 0.010101 1.17 1 4 0
1999 7 1 48 7.21034 0.00188201 1.51716 67 46 0
1999 8 1 48 0.340794 0.00041806 1.38448 0 1 0
1999 9 1 48 1.18759 0.00332226 1.23333 15 9 0
1999 1 2 48 39.2541 0.00458313 1.34919 62 57.5 1
1999 2 2 48 0 0 1.925 2 0 0
1999 3 2 48 0.622875 0.000440141 1.32682 22 0.5 0
1999 4 2 48 10.2162 0.00330773 1.41893 28 31 1
1999 5 2 48 0 0 1.20333 3 0 0
1999 6 2 48 0 0 1.375 2 0 0
1999 7 2 48 5.95637 0.0015547 1.40212 66 38 0
1999 8 2 48 0.340794 0.00041806 1.37696 0 1 0
1999 9 2 48 0.791726 0.00221484 1.28571 7 6 0
1999 1 1 49 40.2781 0.00470269 1.42079 114 59 2
1999 2 1 49 0 0 1.55 1 0 0
1999 3 1 49 4.36012 0.00308099 1.43273 22 3.5 0
1999 4 1 49 11.3697 0.00368118 1.49732 41 34.5 0
1999 5 1 49 0 0 1.4125 4 0 0
1999 6 1 49 0.594377 0.0126263 1.37571 7 5 0
1999 7 1 49 8.85618 0.00231159 1.44844 77 56.5 0
1999 8 1 49 0.340794 0.00041806 1.43978 0 1 0
1999 9 1 49 0.791726 0.00221484 1.42 13 6 0
1999 1 2 49 50.5183 0.00589829 1.44191 89 74 2
1999 2 2 49 1.30597 0.00330033 1.9 4 1 0
1999 3 2 49 0.622875 0.000440141 1.33857 14 0.5 0
1999 4 2 49 10.381 0.00336108 1.4893 43 31.5 3
1999 5 2 49 0 0 1.33 1 0 0
1999 6 2 49 0.237751 0.00505051 1.572 5 2 0
1999 7 2 49 7.28872 0.00190246 1.44846 78 46.5 0
1999 8 2 49 0.340794 0.00041806 1.45563 0 1 0
1999 9 2 49 0.791726 0.00221484 1.43182 11 6 0
1999 1 1 50 44.7155 0.00522079 1.54562 128 65.5 2
1999 2 1 50 2.61193 0.00660066 1.75833 6 2 0
1999 3 1 50 3.11437 0.0022007 1.48455 11 2.5 0
1999 4 1 50 14.1709 0.00458813 1.59897 58 43 1
1999 5 1 50 0 0 1.55429 0 0 0
1999 6 1 50 0.118875 0.00252525 1.56333 6 1 0
1999 7 1 50 13.01 0.00339579 1.52488 129 83 0
1999 8 1 50 0.340794 0.00041806 1.55429 0 1 0
1999 9 1 50 1.58345 0.00442968 1.70417 12 12 0
1999 1 2 50 58.3691 0.00681492 1.46667 108 85.5 6
1999 2 2 50 1.30597 0.00330033 1.43 5 1 0
1999 3 2 50 5.60587 0.00396127 1.46286 21 4.5 0
1999 4 2 50 19.4438 0.00629535 1.59186 70 59 2
1999 5 2 50 0 0 1.56 1 0 0
1999 6 2 50 0 0 1.59333 3 0 0
1999 7 2 50 10.6588 0.0027821 1.55592 120 68 0
1999 8 2 50 0.340794 0.00041806 1.52794 0 1 0
1999 9 2 50 0.791726 0.00221484 1.56545 11 6 0
1999 1 1 51 62.1238 0.00725331 1.66095 158 91 7
1999 2 1 51 1.30597 0.00330033 2.05 6 1 0
1999 3 1 51 2.4915 0.00176056 1.54917 12 2 0
1999 4 1 51 18.1256 0.00586854 1.72611 95 55 2
1999 5 1 51 9.44935 0.1 1.51143 7 1 0
1999 6 1 51 0 0 1.95556 9 0 0
1999 7 1 51 15.6747 0.00409132 1.62275 153 100 0
1999 8 1 51 0 0 1.66205 0 0 0
1999 9 1 51 1.4515 0.00406054 1.55522 23 11 0
1999 1 2 51 68.2679 0.00797067 1.5697 133 100 7
1999 2 2 51 1.30597 0.00330033 1.4 1 1 0
1999 3 2 51 6.22875 0.00440141 1.56437 16 5 0
1999 4 2 51 18.4551 0.00597525 1.66615 78 56 0
1999 5 2 51 0 0 1.46 2 0 0
1999 6 2 51 0.356626 0.00757576 1.61182 11 3 0
1999 7 2 51 12.5397 0.00327305 1.62268 112 80 1
1999 8 2 51 0.681587 0.00083612 1.60779 0 2 0
1999 9 2 51 1.71541 0.00479882 1.60783 23 13 0
1999 1 1 52 84.6522 0.00988363 1.74549 164 124 8
1999 2 1 52 2.61193 0.00660066 2 2 2 0
1999 3 1 52 4.983 0.00352113 1.61208 24 4 0
1999 4 1 52 29.8248 0.00965642 1.74299 97 90.5 2
1999 5 1 52 0 0 1.58 2 0 0
1999 6 1 52 0.594377 0.0126263 1.65 11 5 0
1999 7 1 52 23.9039 0.00623926 1.74984 182 152.5 2
1999 8 1 52 1.53357 0.00188127 1.73398 0 4.5 0
1999 9 1 52 1.71541 0.00479882 1.66757 37 13 0
1999 1 2 52 77.1428 0.00900685 1.69025 162 113 4
1999 2 2 52 0 0 1.76667 3 0 0
1999 3 2 52 2.4915 0.00176056 1.7725 12 2 0
1999 4 2 52 25.5406 0.00826931 1.74886 79 77.5 0
1999 5 2 52 0 0 1.63 4 0 0
1999 6 2 52 0.594377 0.0126263 1.65 6 5 0
1999 7 2 52 16.6935 0.00435725 1.68632 144 106.5 0
1999 8 2 52 0.511191 0.00062709 1.69773 0 1.5 0
1999 9 2 52 1.31954 0.0036914 1.62903 31 10 0
1999 1 1 53 101.378 0.0118364 1.83609 179 148.5 12
1999 2 1 53 1.30597 0.00330033 1.9375 4 1 0
1999 3 1 53 4.36012 0.00308099 1.71 8 3.5 0
1999 4 1 53 24.2224 0.00784251 1.8239 118 73.5 5
1999 5 1 53 0 0 1.69 1 0 0
1999 6 1 53 0.237751 0.00505051 1.85727 11 2 0
1999 7 1 53 26.0983 0.00681204 1.81474 251 166.5 1
1999 8 1 53 1.87437 0.00229933 1.715 2 5.5 0
1999 9 1 53 2.77104 0.00775194 1.74349 43 21 0
1999 1 2 53 91.1377 0.0106408 1.81294 160 133.5 8
1999 2 2 53 1.30597 0.00330033 1.825 4 1 0
1999 3 2 53 4.36012 0.00308099 1.822 10 3.5 0
1999 4 2 53 24.2224 0.00784251 1.889 100 73.5 2
1999 5 2 53 0 0 2.14 1 0 0
1999 6 2 53 0.118875 0.00252525 1.78833 12 1 0
1999 7 2 53 22.0229 0.0057483 1.82904 240 140.5 1
1999 8 2 53 1.19278 0.00146321 1.83291 0 3.5 0
1999 9 2 53 2.37518 0.00664452 1.80194 36 18 0
1999 1 1 54 90.7963 0.010601 1.88505 202 133 9
1999 2 1 54 2.61193 0.00660066 2 2 2 0
1999 3 1 54 2.4915 0.00176056 1.83571 7 2 0
1999 4 1 54 32.4613 0.01051 2.0276 154 98.5 4
1999 5 1 54 0 0 1.97667 3 0 0
1999 6 1 54 0.356626 0.00757576 1.99 10 3 0
1999 7 1 54 27.8225 0.00726209 1.91967 301 177.5 1
1999 8 1 54 3.74873 0.00459866 1.92709 0 11 0
1999 9 1 54 2.17725 0.00609081 1.83019 52 16.5 0
1999 1 2 54 105.133 0.0122748 1.87421 152 154 9
1999 2 2 54 1.30597 0.00330033 2.075 4 1 0
1999 3 2 54 4.983 0.00352113 1.862 10 4 0
1999 4 2 54 30.8135 0.00997653 2.00096 125 93.5 2
1999 5 2 54 0 0 2.12667 3 0 0
1999 6 2 54 0.713252 0.0151515 1.84619 21 6 0
1999 7 2 54 24.3741 0.006362 1.91962 260 155.5 0
1999 8 2 54 2.04476 0.00250836 1.73 1 6 0
1999 9 2 54 2.70506 0.00756737 1.72676 37 20.5 0
1999 1 1 55 112.642 0.0131516 2.01147 211 165 11
1999 2 1 55 2.61193 0.00660066 2.01667 3 2 0
1999 3 1 55 4.36012 0.00308099 2.08667 9 3.5 0
1999 4 1 55 36.7455 0.0118971 2.23956 158 111.5 3
1999 5 1 55 9.44935 0.1 1.875 2 1 0
1999 6 1 55 0.356626 0.00757576 2.03444 18 3 0
1999 7 1 55 34.4842 0.0090009 2.03072 345 220 3
1999 8 1 55 3.91913 0.00480769 2.0597 0 11.5 0
1999 9 1 55 2.96897 0.00830565 1.90698 53 22.5 0
1999 1 2 55 116.738 0.0136298 2.01639 158 171 10
1999 2 2 55 3.9179 0.00990099 2.9 4 3 0
1999 3 2 55 4.36012 0.00308099 1.97647 17 3.5 0
1999 4 2 55 28.5066 0.00922962 2.06893 169 86.5 1
1999 5 2 55 0 0 2.05 4 0 0
1999 6 2 55 0.475502 0.010101 1.8455 20 4 0
1999 7 2 55 27.7441 0.00724163 2.00143 287 177 0
1999 8 2 55 2.89675 0.00355351 2.01445 0 8.5 0
1999 9 2 55 2.3092 0.00645995 1.89042 48 17.5 0
1999 1 1 56 123.906 0.0144668 2.16706 238 181.5 14
1999 2 1 56 9.14176 0.0231023 2.23333 6 7 0
1999 3 1 56 8.09737 0.00572183 1.98063 16 6.5 0
1999 4 1 56 48.2799 0.0156317 2.23206 180 146.5 3
1999 5 1 56 0 0 2.15 2 0 0
1999 6 1 56 0.713252 0.0151515 2.07333 12 6 0
1999 7 1 56 47.4158 0.0123762 2.11596 394 302.5 3
1999 8 1 56 6.13429 0.00752508 1.63 1 18 0
1999 9 1 56 3.7607 0.0105205 2.00348 66 28.5 0
1999 1 2 56 105.474 0.0123147 2.18201 159 154.5 12
1999 2 2 56 3.9179 0.00990099 2.5 1 3 0
1999 3 2 56 3.11437 0.0022007 2.13692 13 2.5 0
1999 4 2 56 39.7115 0.0128574 2.15533 169 120.5 0
1999 5 2 56 0 0 1.73333 3 0 0
1999 6 2 56 0.713252 0.0151515 2.22667 15 6 0
1999 7 2 56 31.7412 0.00828492 2.15239 368 202.5 2
1999 8 2 56 5.4527 0.00668896 2.15182 0 16 0
1999 9 2 56 4.0246 0.0112588 2.01463 41 30.5 0
1999 1 1 57 158.04 0.0184521 2.30801 216 231.5 6
1999 2 1 57 10.4477 0.0264026 2.16 5 8 0
1999 3 1 57 7.4745 0.00528169 2.50333 15 6 0
1999 4 1 57 53.7176 0.0173922 2.33912 194 163 3
1999 5 1 57 0 0 1.995 8 0 0
1999 6 1 57 0.713252 0.0151515 2.28654 26 6 0
1999 7 1 57 48.9049 0.0127649 2.22152 473 312 5
1999 8 1 57 8.17905 0.0100334 1.89 2 24 0
1999 9 1 57 3.03495 0.00849022 2.14231 65 23 0
1999 1 2 57 121.858 0.0142276 2.26626 190 178.5 7
1999 2 2 57 3.9179 0.00990099 2.78333 3 3 0
1999 3 2 57 3.73725 0.00264085 2.30563 16 3 0
1999 4 2 57 47.1265 0.0152582 2.3055 211 143 1
1999 5 2 57 0 0 2.12 4 0 0
1999 6 2 57 0.118875 0.00252525 2.2352 25 1 0
1999 7 2 57 39.6569 0.010351 2.21643 392 253 3
1999 8 2 57 4.77111 0.00585284 2.24255 0 14 0
1999 9 2 57 4.09058 0.0114433 2.04458 48 31 0
1999 1 1 58 151.213 0.017655 2.45313 243 221.5 9
1999 2 1 58 11.7537 0.029703 2.25 3 9 0
1999 3 1 58 12.4575 0.00880282 2.3624 25 10 0
1999 4 1 58 53.0585 0.0171788 2.50584 238 161 5
1999 5 1 58 0 0 2.3 1 0 0
1999 6 1 58 0.713252 0.0151515 2.235 18 6 0
1999 7 1 58 59.6421 0.0155675 2.31061 559 380.5 6
1999 8 1 58 8.86064 0.0108696 1.94 1 26 0
1999 9 1 58 4.81633 0.0134736 2.15333 72 36.5 0
1999 1 2 58 111.618 0.013032 2.28831 172 163.5 6
1999 2 2 58 7.83579 0.019802 2.72 5 6 0
1999 3 2 58 12.4575 0.00880282 2.38063 16 10 0
1999 4 2 58 48.7743 0.0157917 2.42865 192 148 5
1999 5 2 58 0 0 2.22667 3 0 0
1999 6 2 58 1.06988 0.0227273 2.3775 24 9 0
1999 7 2 58 45.6916 0.0119262 2.37421 416 291.5 3
1999 8 2 58 7.83826 0.00961538 2.3 1 23 0
1999 9 2 58 4.94828 0.0138427 2.24511 47 37.5 0
1999 1 1 59 172.035 0.0200861 2.57415 248 252 13
1999 2 1 59 7.83579 0.019802 2.85 5 6 0
1999 3 1 59 14.3261 0.0101232 2.42174 23 11.5 0
1999 4 1 59 62.6156 0.0202732 2.56123 228 190 6
1999 5 1 59 9.44935 0.1 2.31 4 1 0
1999 6 1 59 1.06988 0.0227273 2.33733 30 9 0
1999 7 1 59 71.3981 0.018636 2.44044 572 455.5 4
1999 8 1 59 9.20143 0.0112876 2.04 1 27 0
1999 9 1 59 6.00392 0.0167959 2.40535 71 45.5 0
1999 1 2 59 131.074 0.0153037 2.50343 172 192 7
1999 2 2 59 7.83579 0.019802 2.96429 7 6 0
1999 3 2 59 9.34312 0.00660211 2.4292 25 7.5 0
1999 4 2 59 57.6723 0.0186726 2.57961 204 175 6
1999 5 2 59 0 0 2.29 6 0 0
1999 6 2 59 0.951003 0.020202 2.5 20 8 0
1999 7 2 59 53.0587 0.0138491 2.46974 498 338.5 6
1999 8 2 59 10.5646 0.0129599 2.65 1 31 0
1999 9 2 59 4.0246 0.0112588 2.36839 62 30.5 0
1999 1 1 60 154.968 0.0180934 2.70651 281 227 18
1999 2 1 60 10.4477 0.0264026 2.66 5 8 0
1999 3 1 60 25.5379 0.0180458 2.58944 18 20.5 0
1999 4 1 60 60.3087 0.0195262 2.7747 249 183 2
1999 5 1 60 0 0 2.325 2 0 0
1999 6 1 60 0.951003 0.020202 2.45667 33 8 0
1999 7 1 60 72.5737 0.0189428 2.55516 630 463 4
1999 8 1 60 15.5061 0.0190217 2.62324 0 45.5 0
1999 9 1 60 7.19151 0.0201181 2.46069 72 54.5 0
1999 1 2 60 133.122 0.0155428 2.60481 210 195 12
1999 2 2 60 9.14176 0.0231023 2.88333 6 7 0
1999 3 2 60 29.2751 0.0206866 2.69615 13 23.5 0
1999 4 2 60 63.6043 0.0205933 2.67763 236 193 2
1999 5 2 60 0 0 2.37333 6 0 0
1999 6 2 60 0.713252 0.0151515 2.5213 23 6 0
1999 7 2 60 57.0557 0.0148924 2.58384 567 364 3
1999 8 2 60 18.9141 0.0232023 2.575 2 55.5 0
1999 9 2 60 6.53174 0.0182724 2.44047 64 49.5 0
1999 1 1 61 180.569 0.0210824 2.8422 282 264.5 13
1999 2 1 61 11.7537 0.029703 3.21 5 9 0
1999 3 1 61 41.7326 0.0294894 2.80786 28 33.5 0
1999 4 1 61 61.9565 0.0200598 2.90664 271 188 7
1999 5 1 61 0 0 2.28125 8 0 0
1999 6 1 61 0.237751 0.00505051 2.72818 33 2 0
1999 7 1 61 82.5271 0.0215408 2.65562 649 526.5 3
1999 8 1 61 16.6989 0.0204849 2.345 2 49 0
1999 9 1 61 7.32346 0.0204873 2.5685 80 55.5 0
1999 1 2 61 147.8 0.0172565 2.86252 226 216.5 11
1999 2 2 61 2.61193 0.00660066 3.11667 3 2 0
1999 3 2 61 23.0464 0.0162852 2.83207 29 18.5 0
1999 4 2 61 61.9565 0.0200598 2.86423 239 188 4
1999 5 2 61 9.44935 0.1 2.52818 11 1 0
1999 6 2 61 0.713252 0.0151515 2.65911 45 6 0
1999 7 2 61 63.0905 0.0164676 2.74129 605 402.5 1
1999 8 2 61 16.3581 0.0200669 2.5 2 48 0
1999 9 2 61 6.13587 0.017165 2.49176 51 46.5 0
1999 1 1 62 190.468 0.0222382 2.94107 327 279 16
1999 2 1 62 14.3656 0.0363036 3.05 7 11 0
1999 3 1 62 43.6012 0.0308099 2.92647 34 35 0
1999 4 1 62 61.7917 0.0200064 2.99546 315 187.5 6
1999 5 1 62 9.44935 0.1 2.59 4 1 0
1999 6 1 62 0.713252 0.0151515 2.75022 45 6 0
1999 7 1 62 81.9785 0.0213976 2.84277 621 523 5
1999 8 1 62 20.2772 0.0248746 2.3 1 59.5 0
1999 9 1 62 7.12553 0.0199336 2.6936 89 54 0
1999 1 2 62 131.757 0.0153834 2.96612 224 193 11
1999 2 2 62 11.7537 0.029703 3.03 5 9 0
1999 3 2 62 28.6522 0.0202465 2.88846 26 23 0
1999 4 2 62 69.7011 0.0225672 2.99373 284 211.5 7
1999 5 2 62 0 0 2.674 5 0 0
1999 6 2 62 0.951003 0.020202 2.80625 32 8 0
1999 7 2 62 73.3574 0.0191474 2.85303 621 468 1
1999 8 2 62 13.1206 0.0160953 2.45 3 38.5 0
1999 9 2 62 9.36875 0.0262089 2.64162 74 71 0
1999 1 1 63 189.443 0.0221186 3.09365 299 277.5 16
1999 2 1 63 7.83579 0.019802 3.86 5 6 0
1999 3 1 63 44.847 0.0316901 2.99029 35 36 0
1999 4 1 63 59.9792 0.0194195 3.17765 307 182 6
1999 5 1 63 0 0 2.635 6 0 0
1999 6 1 63 0.832128 0.0176768 2.77408 49 7 0
1999 7 1 63 94.2047 0.0245888 2.91721 730 601 4
1999 8 1 63 12.9502 0.0158863 2.96 1 38 0
1999 9 1 63 8.44507 0.023625 2.82247 77 64 0
1999 1 2 63 158.04 0.0184521 3.18281 231 231.5 12
1999 2 2 63 6.52983 0.0165017 3.525 2 5 0
1999 3 2 63 36.1267 0.0255282 3.145 22 29 0
1999 4 2 63 59.6496 0.0193128 3.07793 275 181 5
1999 5 2 63 0 0 2.67556 9 0 0
1999 6 2 63 0.713252 0.0151515 2.99523 44 6 0
1999 7 2 63 75.5518 0.0197202 2.98918 661 482 6
1999 8 2 63 17.0397 0.020903 2.65 2 50 0
1999 9 2 63 8.04921 0.0225175 2.85218 78 61 0
1999 1 1 64 184.323 0.0215208 3.31709 289 270 10
1999 2 1 64 5.22386 0.0132013 4.1375 4 4 0
1999 3 1 64 41.7326 0.0294894 3.33515 33 33.5 0
1999 4 1 64 56.6836 0.0183525 3.29321 293 172 5
1999 5 1 64 0 0 2.99 4 0 0
1999 6 1 64 1.30763 0.0277778 3.00673 55 11 0
1999 7 1 64 94.6749 0.0247116 3.06519 734 604 8
1999 8 1 64 13.1206 0.0160953 2.04 1 38.5 0
1999 9 1 64 7.52139 0.021041 2.99816 87 57 0
1999 1 2 64 137.219 0.016021 3.25726 237 201 12
1999 2 2 64 2.61193 0.00660066 3.625 2 2 0
1999 3 2 64 35.5039 0.025088 3.15692 26 28.5 0
1999 4 2 64 70.8545 0.0229407 3.25924 341 215 6
1999 5 2 64 0 0 3.02667 6 0 0
1999 6 2 64 0.832128 0.0176768 2.9774 50 7 0
1999 7 2 64 75.8653 0.019802 3.14824 712 484 7
1999 8 2 64 14.1429 0.0173495 3.17383 0 41.5 0
1999 9 2 64 9.36875 0.0262089 2.95638 94 71 0
1999 1 1 65 198.66 0.0231946 3.39488 291 291 16
1999 2 1 65 14.3656 0.0363036 4.03333 6 11 0
1999 3 1 65 51.6986 0.0365317 3.32286 28 41.5 0
1999 4 1 65 63.4395 0.0205399 3.50653 331 192.5 4
1999 5 1 65 0 0 2.76143 7 0 0
1999 6 1 65 1.30763 0.0277778 3.23444 63 11 0
1999 7 1 65 103.531 0.0270232 3.20063 709 660.5 5
1999 8 1 65 14.9949 0.0183946 3.4 2 44 0
1999 9 1 65 7.65335 0.0214101 3.06918 61 58 0
1999 1 2 65 159.747 0.0186514 3.52263 247 234 8
1999 2 2 65 10.4477 0.0264026 3.5 3 8 0
1999 3 2 65 51.6986 0.0365317 3.48 29 41.5 0
1999 4 2 65 63.11 0.0204332 3.39964 333 191.5 5
1999 5 2 65 0 0 2.904 10 0 0
1999 6 2 65 1.30763 0.0277778 3.24904 52 11 0
1999 7 2 65 84.5648 0.0220727 3.27475 682 539.5 6
1999 8 2 65 10.5646 0.0129599 3.27 2 31 0
1999 9 2 65 8.44507 0.023625 3.165 80 64 0
1999 1 1 66 186.03 0.0217201 3.55934 287 272.5 14
1999 2 1 66 13.0597 0.0330033 4.25 3 10 0
1999 3 1 66 47.3385 0.0334507 3.52143 28 38 0
1999 4 1 66 51.7403 0.016752 3.61867 323 157 3
1999 5 1 66 0 0 3.426 5 0 0
1999 6 1 66 0.237751 0.00505051 3.2364 50 2 0
1999 7 1 66 93.1075 0.0243024 3.35775 658 594 4
1999 8 1 66 18.7437 0.0229933 3.45636 0 55 0
1999 9 1 66 7.25748 0.0203027 3.30721 68 55 0
1999 1 2 66 148.483 0.0173362 3.66658 231 217.5 13
1999 2 2 66 13.0597 0.0330033 4.6625 4 10 0
1999 3 2 66 32.3895 0.0228873 3.55833 24 26 0
1999 4 2 66 66.2407 0.0214469 3.55879 346 201 5
1999 5 2 66 9.44935 0.1 3.04 7 1 0
1999 6 2 66 0.951003 0.020202 3.30467 60 8 0
1999 7 2 66 87.1511 0.0227477 3.4164 695 556 3
1999 8 2 66 12.9502 0.0158863 3.3 1 38 0
1999 9 2 66 7.65335 0.0214101 3.21477 65 58 0
1999 1 1 67 184.323 0.0215208 3.75898 275 270 23
1999 2 1 67 7.83579 0.019802 4.56167 6 6 0
1999 3 1 67 46.7156 0.0330106 3.74321 28 37.5 0
1999 4 1 67 52.8937 0.0171255 3.75885 279 160.5 1
1999 5 1 67 0 0 3.59143 7 0 0
1999 6 1 67 1.78313 0.0378788 3.48194 62 15 0
1999 7 1 67 102.042 0.0266345 3.46702 644 651 6
1999 8 1 67 19.766 0.0242475 3.335 2 58 0
1999 9 1 67 8.11519 0.0227021 3.36443 70 61.5 0
1999 1 2 67 167.256 0.0195281 3.73783 253 245 14
1999 2 2 67 11.7537 0.029703 4.33 5 9 0
1999 3 2 67 25.5379 0.0180458 3.5456 25 20.5 0
1999 4 2 67 61.4622 0.0198997 3.74432 333 186.5 3
1999 5 2 67 9.44935 0.1 3.16889 9 1 0
1999 6 2 67 1.30763 0.0277778 3.3668 75 11 0
1999 7 2 67 93.8912 0.024507 3.5699 705 599 3
1999 8 2 67 18.0621 0.0221572 3.3325 4 53 0
1999 9 2 67 7.98323 0.022333 3.31586 70 60.5 0
1999 1 1 68 163.843 0.0191296 3.8272 254 240 15
1999 2 1 68 10.4477 0.0264026 3.74054 0 8 0
1999 3 1 68 21.1777 0.0149648 3.90333 12 17 0
1999 4 1 68 52.729 0.0170721 3.94324 275 160 3
1999 5 1 68 0 0 3.53222 9 0 0
1999 6 1 68 2.02088 0.0429293 3.648 60 17 0
1999 7 1 68 95.8505 0.0250184 3.63498 600 611.5 7
1999 8 1 68 22.1516 0.0271739 3.52 2 65 0
1999 9 1 68 9.89657 0.0276855 3.57373 51 75 0
1999 1 2 68 151.555 0.0176949 3.96636 239 222 12
1999 2 2 68 7.83579 0.019802 4.86667 3 6 0
1999 3 2 68 23.6692 0.0167254 3.83625 16 19 0
1999 4 2 68 65.2521 0.0211268 3.85067 371 198 2
1999 5 2 68 0 0 3.4875 8 0 0
1999 6 2 68 0.951003 0.020202 3.55857 42 8 0
1999 7 2 68 92.8723 0.0242411 3.7476 680 592.5 3
1999 8 2 68 14.9949 0.0183946 3.705 4 44 0
1999 9 2 68 9.89657 0.0276855 3.54015 68 75 0
1999 1 1 69 156.334 0.0182528 4.03573 246 229 15
1999 2 1 69 13.0597 0.0330033 4.8 1 10 0
1999 3 1 69 30.5209 0.0215669 3.979 10 24.5 0
1999 4 1 69 50.7516 0.0164319 4.02378 249 154 3
1999 5 1 69 0 0 3.5675 4 0 0
1999 6 1 69 0.713252 0.0151515 3.788 40 6 0
1999 7 1 69 98.045 0.0255912 3.76492 559 625.5 7
1999 8 1 69 20.1068 0.0246656 3.87858 0 59 0
1999 9 1 69 5.34415 0.0149502 3.70128 47 40.5 0
1999 1 2 69 138.584 0.0161805 4.15412 255 203 11
1999 2 2 69 11.7537 0.029703 4.6 3 9 0
1999 3 2 69 31.7666 0.0224472 3.818 25 25.5 0
1999 4 2 69 55.695 0.0180324 4.0711 326 169 4
1999 5 2 69 9.44935 0.1 3.762 5 1 0
1999 6 2 69 1.18875 0.0252525 3.83175 40 10 0
1999 7 2 69 91.4616 0.0238728 3.87883 650 583.5 5
1999 8 2 69 9.54222 0.0117057 3.44333 3 28 0
1999 9 2 69 7.45542 0.0208564 3.72922 64 56.5 0
1999 1 1 70 167.598 0.019568 4.28726 234 245.5 14
1999 2 1 70 5.22386 0.0132013 4.7 2 4 0
1999 3 1 70 33.6352 0.0237676 4.22273 11 27 0
1999 4 1 70 43.8309 0.0141912 4.31781 242 133 5
1999 5 1 70 18.8987 0.2 3.785 6 2 0
1999 6 1 70 0.475502 0.010101 3.95116 43 4 0
1999 7 1 70 85.5836 0.0223386 3.97662 524 546 7
1999 8 1 70 30.3306 0.0372074 3.93 2 89 0
1999 9 1 70 7.52139 0.021041 4.03795 44 57 0
1999 1 2 70 141.656 0.0165391 4.40439 244 207.5 11
1999 2 2 70 9.14176 0.0231023 4.95 2 7 0
1999 3 2 70 24.915 0.0176056 4.17625 16 20 0
1999 4 2 70 51.0812 0.0165386 4.24988 322 155 4
1999 5 2 70 0 0 3.56833 6 0 0
1999 6 2 70 0.713252 0.0151515 3.945 52 6 0
1999 7 2 70 105.334 0.0274937 4.07071 630 672 4
1999 8 2 70 19.0844 0.0234114 3.67 1 56 0
1999 9 2 70 8.70898 0.0243632 3.93043 70 66 0
1999 1 1 71 136.536 0.0159413 4.44922 230 200 17
1999 2 1 71 5.22386 0.0132013 4.28431 0 4 0
1999 3 1 71 31.1437 0.022007 4.52273 11 25 0
1999 4 1 71 35.7568 0.011577 4.42725 222 108.5 1
1999 5 1 71 0 0 3.83 5 0 0
1999 6 1 71 0.356626 0.00757576 4.14294 34 3 0
1999 7 1 71 72.4169 0.0189019 4.16201 442 462 4
1999 8 1 71 21.47 0.0263378 4 2 63 0
1999 9 1 71 7.12553 0.0199336 3.99838 37 54 0
1999 1 2 71 122.2 0.0142675 4.54118 237 179 16
1999 2 2 71 6.52983 0.0165017 5.3 1 5 0
1999 3 2 71 27.4065 0.0193662 4.50941 17 22 0
1999 4 2 71 56.5188 0.0182992 4.47201 288 171.5 2
1999 5 2 71 0 0 3.73333 9 0 0
1999 6 2 71 0.951003 0.020202 4.22809 47 8 0
1999 7 2 71 89.1888 0.0232796 4.2706 582 569 6
1999 8 2 71 14.9949 0.0183946 4 1 44 0
1999 9 2 71 7.52139 0.021041 4.17122 49 57 0
1999 1 1 72 115.714 0.0135103 4.64014 218 169.5 16
1999 2 1 72 7.83579 0.019802 4.43644 0 6 0
1999 3 1 72 21.8006 0.0154049 4.52438 16 17.5 0
1999 4 1 72 34.6034 0.0112036 4.54494 164 105 1
1999 5 1 72 0 0 3.84 4 0 0
1999 6 1 72 0.832128 0.0176768 4.17969 32 7 0
1999 7 1 72 66.0687 0.0172449 4.30789 384 421.5 3
1999 8 1 72 25.9003 0.0317726 4.43644 0 76 0
1999 9 1 72 5.67403 0.015873 4.31903 31 43 0
1999 1 2 72 113.666 0.0132712 4.83394 231 166.5 14
1999 2 2 72 9.14176 0.0231023 4.9 1 7 0
1999 3 2 72 24.2921 0.0171655 4.47 13 19.5 0
1999 4 2 72 54.0472 0.0174989 4.66771 236 164 3
1999 5 2 72 0 0 4.1575 8 0 0
1999 6 2 72 0.475502 0.010101 4.34292 48 4 0
1999 7 2 72 82.9973 0.0216635 4.47325 493 529.5 2
1999 8 2 72 16.6989 0.0204849 4.02333 3 49 0
1999 9 2 72 6.99358 0.0195644 4.19349 43 53 0
1999 1 1 73 113.666 0.0132712 4.84544 195 166.5 17
1999 2 1 73 2.61193 0.00660066 4.60972 0 2 0
1999 3 1 73 26.7836 0.0189261 4.91364 11 21.5 0
1999 4 1 73 29.8248 0.00965642 4.69719 139 90.5 3
1999 5 1 73 0 0 4.95 2 0 0
1999 6 1 73 0.594377 0.0126263 4.3896 25 5 0
1999 7 1 73 57.6044 0.0150356 4.46289 315 367.5 2
1999 8 1 73 23.5148 0.0288462 4.60972 0 69 0
1999 9 1 73 3.89265 0.0108896 4.30412 34 29.5 0
1999 1 2 73 119.128 0.0139088 5.01065 215 174.5 13
1999 2 2 73 6.52983 0.0165017 4.74144 0 5 0
1999 3 2 73 30.5209 0.0215669 4.64143 7 24.5 0
1999 4 2 73 50.5868 0.0163786 4.78634 227 153.5 6
1999 5 2 73 0 0 4.31 8 0 0
1999 6 2 73 0.832128 0.0176768 4.61129 31 7 0
1999 7 2 73 78.4517 0.020477 4.64012 493 500.5 3
1999 8 2 73 12.9502 0.0158863 4.39 2 38 0
1999 9 2 73 6.53174 0.0182724 4.45281 32 49.5 0
1999 1 1 74 109.229 0.0127531 5.11652 181 160 20
1999 2 1 74 2.61193 0.00660066 4.87713 0 2 0
1999 3 1 74 22.4235 0.0158451 4.16 3 18 0
1999 4 1 74 27.3531 0.00885617 5.04192 130 83 4
1999 5 1 74 0 0 4.445 4 0 0
1999 6 1 74 0.594377 0.0126263 4.52938 16 5 0
1999 7 1 74 48.1212 0.0125603 4.68767 262 307 2
1999 8 1 74 22.4924 0.027592 4.87713 0 66 0
1999 9 1 74 4.88231 0.0136582 4.64083 24 37 0
1999 1 2 74 88.7483 0.0103619 5.19263 198 130 10
1999 2 2 74 3.9179 0.00990099 4.93744 0 3 0
1999 3 2 74 29.898 0.0211268 4.96125 8 24 0
1999 4 2 74 46.4674 0.0150448 5.0045 191 141 2
1999 5 2 74 0 0 4.596 10 0 0
1999 6 2 74 0.475502 0.010101 4.53971 34 4 0
1999 7 2 74 66.147 0.0172654 4.87261 383 422 2
1999 8 2 74 15.3357 0.0188127 4.93744 0 45 0
1999 9 2 74 5.93794 0.0166113 4.41929 42 45 0
1999 1 1 75 67.5852 0.00789096 5.25613 155 99 17
1999 2 1 75 1.30597 0.00330033 5.02682 0 1 0
1999 3 1 75 18.6862 0.0132042 4.99167 6 15 0
1999 4 1 75 29.66 0.00960307 5.16933 105 90 2
1999 5 1 75 0 0 4.69 1 0 0
1999 6 1 75 0.356626 0.00757576 4.65412 17 3 0
1999 7 1 75 42.9486 0.0112102 4.86162 247 274 3
1999 8 1 75 12.2686 0.0150502 5.02682 0 36 0
1999 9 1 75 5.01426 0.0140273 4.89864 22 38 0
1999 1 2 75 107.863 0.0125937 5.47137 160 158 12
1999 2 2 75 9.14176 0.0231023 5.13185 0 7 0
1999 3 2 75 16.1947 0.0114437 4.93333 9 13 0
1999 4 2 75 48.4447 0.015685 5.18159 170 147 2
1999 5 2 75 0 0 4.96857 7 0 0
1999 6 2 75 1.18875 0.0252525 4.81406 32 10 0
1999 7 2 75 58.153 0.0151788 5.03572 367 371 7
1999 8 2 75 15.6765 0.0192308 4.4 1 46 0
1999 9 2 75 4.88231 0.0136582 4.64357 28 37 0
1999 1 1 76 64.8545 0.00757213 5.4007 128 95 12
1999 2 1 76 1.30597 0.00330033 5.20558 0 1 0
1999 3 1 76 22.4235 0.0158451 5.17857 7 18 0
1999 4 1 76 25.8701 0.00837601 5.35439 82 78.5 1
1999 5 1 76 0 0 4.7 6 0 0
1999 6 1 76 0.594377 0.0126263 5.282 10 5 0
1999 7 1 76 29.7035 0.00775305 5.0403 202 189.5 2
1999 8 1 76 18.5733 0.0227843 5.20558 0 54.5 0
1999 9 1 76 3.56276 0.00996678 5.12706 17 27 0
1999 1 2 76 91.479 0.0106807 5.67157 166 134 17
1999 2 2 76 1.30597 0.00330033 5.38339 0 1 0
1999 3 2 76 21.1777 0.0149648 5.30833 6 17 0
1999 4 2 76 43.6662 0.0141379 5.38466 133 132.5 0
1999 5 2 76 0 0 5.005 2 0 0
1999 6 2 76 0.832128 0.0176768 5.04688 16 7 0
1999 7 2 76 49.6103 0.012949 5.25664 301 316.5 2
1999 8 2 76 17.8917 0.0219482 6.7 1 52.5 0
1999 9 2 76 3.82667 0.0107051 5.25257 35 29 0
1999 1 1 77 38.23 0.00446357 5.74453 137 56 11
1999 2 1 77 3.9179 0.00990099 5.46633 0 3 0
1999 3 1 77 10.5889 0.00748239 6.11 5 8.5 0
1999 4 1 77 18.7847 0.00608195 5.58982 56 57 2
1999 5 1 77 0 0 4.975 2 0 0
1999 6 1 77 0.237751 0.00505051 4.86778 18 2 0
1999 7 1 77 26.0983 0.00681204 5.26137 153 166.5 1
1999 8 1 77 13.9725 0.0171405 5.46633 0 41 0
1999 9 1 77 2.24322 0.00627538 4.953 10 17 0
1999 1 2 77 78.5081 0.00916627 6.06985 132 115 13
1999 2 2 77 1.30597 0.00330033 6 1 1 0
1999 3 2 77 11.8346 0.00836268 5.72 8 9.5 0
1999 4 2 77 30.3191 0.00981647 5.65569 137 92 1
1999 5 2 77 0 0 4.83714 7 0 0
1999 6 2 77 0.475502 0.010101 5.61889 18 4 0
1999 7 2 77 39.892 0.0104124 5.46667 285 254.5 8
1999 8 2 77 14.9949 0.0183946 5.62131 0 44 0
1999 9 2 77 3.95863 0.0110742 4.91773 22 30 0
1999 1 1 78 34.8166 0.00406504 5.96302 126 51 11
1999 2 1 78 6.52983 0.0165017 5.71649 0 5 0
1999 3 1 78 21.1777 0.0149648 6.165 2 17 0
1999 4 1 78 18.9495 0.0061353 5.73833 48 57.5 0
1999 5 1 78 0 0 4.9 2 0 0
1999 6 1 78 0.832128 0.0176768 5.5 12 7 0
1999 7 1 78 22.4148 0.00585059 5.48558 113 143 1
1999 8 1 78 9.88302 0.0121237 5.71649 0 29 0
1999 9 1 78 3.29886 0.0092285 5.448 10 25 0
1999 1 2 78 53.249 0.00621712 6.33561 148 78 10
1999 2 2 78 1.30597 0.00330033 5.82358 0 1 0
1999 3 2 78 14.949 0.0105634 5.775 6 12 0
1999 4 2 78 36.0864 0.0116837 5.65417 115 109.5 1
1999 5 2 78 0 0 5.27 6 0 0
1999 6 2 78 0.475502 0.010101 5.54214 14 4 0
1999 7 2 78 35.895 0.00936912 5.63845 226 229 2
1999 8 2 78 12.9502 0.0158863 5.82358 0 38 0
1999 9 2 78 2.77104 0.00775194 5.44 18 21 0
1999 1 1 79 44.0328 0.00514108 6.35391 115 64.5 16
1999 2 1 79 2.61193 0.00660066 5.975 0 2 0
1999 3 1 79 5.60587 0.00396127 5.01667 3 4.5 0
1999 4 1 79 16.4778 0.00533504 6.00263 38 50 1
1999 5 1 79 0 0 4.69 1 0 0
1999 6 1 79 0.118875 0.00252525 5.562 5 1 0
1999 7 1 79 21.5527 0.00562556 5.67425 106 137.5 1
1999 8 1 79 9.54222 0.0117057 6.22 1 28 0
1999 9 1 79 1.97931 0.0055371 5.22333 9 15 0
1999 1 2 79 65.1959 0.00761199 6.53468 139 95.5 12
1999 2 2 79 2.61193 0.00660066 6.03316 0 2 0
1999 3 2 79 11.8346 0.00836268 6.2 3 9.5 0
1999 4 2 79 30.3191 0.00981647 5.9799 104 92 3
1999 5 2 79 0 0 6.025 4 0 0
1999 6 2 79 0.594377 0.0126263 5.678 10 5 0
1999 7 2 79 33.6221 0.00877588 5.7851 206 214.5 3
1999 8 2 79 11.2462 0.013796 6.03316 0 33 0
1999 9 2 79 3.03495 0.00849022 5.67643 28 23 0
1999 1 1 80 30.0379 0.00350709 6.5832 103 44 13
1999 2 1 80 0 0 6.33229 0 0 0
1999 3 1 80 6.85162 0.00484155 6.33229 0 5.5 0
1999 4 1 80 15.1596 0.00490824 6.58333 36 46 0
1999 5 1 80 0 0 6.33229 0 0 0
1999 6 1 80 0.237751 0.00505051 6.184 5 2 0
1999 7 1 80 15.5179 0.00405041 5.98678 87 99 2
1999 8 1 80 9.20143 0.0112876 6.33229 0 27 0
1999 9 1 80 1.05563 0.00295312 6.04071 14 8 0
1999 1 2 80 56.6624 0.00661565 6.83492 132 83 18
1999 2 2 80 2.61193 0.00660066 6.38746 0 2 0
1999 3 2 80 10.5889 0.00748239 6.73333 3 8.5 0
1999 4 2 80 27.0236 0.00874947 6.54084 83 82 1
1999 5 2 80 0 0 5.856 5 0 0
1999 6 2 80 0.237751 0.00505051 5.67077 13 2 0
1999 7 2 80 30.0953 0.00785533 6.13049 206 192 1
1999 8 2 80 10.2238 0.0125418 6.38746 0 30 0
1999 9 2 80 3.1669 0.00885936 5.94722 18 24 0
1999 1 1 81 32.7686 0.00382592 7.00177 96 48 14
1999 2 1 81 0 0 6.63177 0 0 0
1999 3 1 81 7.4745 0.00528169 6.315 4 6 0
1999 4 1 81 14.5005 0.00469484 6.79469 32 44 0
1999 5 1 81 0 0 5.175 2 0 0
1999 6 1 81 0.118875 0.00252525 5.97 3 1 0
1999 7 1 81 11.9127 0.0031094 5.9364 50 76 0
1999 8 1 81 3.40794 0.0041806 6.63177 0 10 0
1999 9 1 81 2.37518 0.00664452 6.672 5 18 0
1999 1 2 81 48.4702 0.00565917 7.0569 100 71 15
1999 2 2 81 0 0 6.67109 0 0 0
1999 3 2 81 11.2117 0.00792254 6.085 2 9 0
1999 4 2 81 21.4211 0.00693555 6.65031 65 65 0
1999 5 2 81 0 0 5.75 2 0 0
1999 6 2 81 0.237751 0.00505051 6.25 9 2 0
1999 7 2 81 27.5874 0.00720072 6.547 160 176 5
1999 8 2 81 6.47508 0.00794314 6.67109 0 19 0
1999 9 2 81 1.97931 0.0055371 6.1425 20 15 0
1999 1 1 82 18.7737 0.00219193 7.14808 73 27.5 14
1999 2 1 82 0 0 6.86335 0 0 0
1999 3 1 82 3.73725 0.00264085 7.1 1 3 0
1999 4 1 82 9.39234 0.00304097 7.09696 23 28.5 1
1999 5 1 82 0 0 6.86335 0 0 0
1999 6 1 82 0 0 6.624 5 0 0
1999 7 1 82 11.2858 0.00294575 6.38979 47 72 2
1999 8 1 82 3.40794 0.0041806 6.86335 0 10 0
1999 9 1 82 0.659771 0.0018457 6.37333 6 5 0
1999 1 2 82 37.206 0.00434401 7.33839 118 54.5 12
1999 2 2 82 0 0 6.93088 0 0 0
1999 3 2 82 4.983 0.00352113 7.4 5 4 0
1999 4 2 82 18.2904 0.0059219 6.85733 45 55.5 1
1999 5 2 82 0 0 6 2 0 0
1999 6 2 82 0.118875 0.00252525 6.33091 11 1 0
1999 7 2 82 26.8037 0.00699615 6.75737 133 171 1
1999 8 2 82 7.15667 0.00877926 6.93088 0 21 0
1999 9 2 82 2.50713 0.00701366 5.81786 14 19 0
1999 1 1 83 19.7977 0.00231149 7.31047 85 29 14
1999 2 1 83 0 0 7.00455 0 0 0
1999 3 1 83 6.22875 0.00440141 7.00455 0 5 0
1999 4 1 83 8.40368 0.00272087 6.92 17 25.5 0
1999 5 1 83 0 0 7.00455 0 0 0
1999 6 1 83 0 0 7.00455 0 0 0
1999 7 1 83 7.9157 0.00206612 6.4425 48 50.5 0
1999 8 1 83 2.04476 0.00250836 7.00455 0 6 0
1999 9 1 83 1.05563 0.00295312 7.40667 6 8 0
1999 1 2 83 27.3072 0.00318827 7.78292 106 40 13
1999 2 2 83 2.61193 0.00660066 7.30742 0 2 0
1999 3 2 83 7.4745 0.00528169 8 2 6 0
1999 4 2 83 17.3017 0.00560179 7.075 52 52.5 0
1999 5 2 83 0 0 7.30742 0 0 0
1999 6 2 83 0.237751 0.00505051 6.90375 8 2 0
1999 7 2 83 13.8721 0.00362082 7.07031 131 88.5 1
1999 8 2 83 4.77111 0.00585284 7.30742 0 14 0
1999 9 2 83 1.84736 0.00516796 6.81545 11 14 0
1999 1 1 84 12.9709 0.00151443 7.65526 76 19 18
1999 2 1 84 1.30597 0.00330033 7.35594 0 1 0
1999 3 1 84 6.22875 0.00440141 6.3 1 5 0
1999 4 1 84 11.2049 0.00362783 7.045 12 34 0
1999 5 1 84 0 0 7.35594 0 0 0
1999 6 1 84 0 0 7.26 4 0 0
1999 7 1 84 8.30757 0.0021684 6.92385 39 53 2
1999 8 1 84 1.53357 0.00188127 7.35594 0 4.5 0
1999 9 1 84 1.18759 0.00332226 6.63 1 9 0
1999 1 2 84 26.6245 0.00310856 8.09634 82 39 11
1999 2 2 84 1.30597 0.00330033 7.43707 0 1 0
1999 3 2 84 2.4915 0.00176056 8.7 1 2 0
1999 4 2 84 15.4891 0.00501494 7.07463 41 47 0
1999 5 2 84 0 0 6.58333 3 0 0
1999 6 2 84 0.237751 0.00505051 6.73667 6 2 0
1999 7 2 84 15.6747 0.00409132 7.14317 104 100 1
1999 8 2 84 5.6231 0.00689799 7.43707 0 16.5 0
1999 9 2 84 0.92368 0.00258398 7.17583 12 7 0
1999 1 1 85 15.7016 0.00183325 8.06718 71 23 13
1999 2 1 85 0 0 7.58203 0 0 0
1999 3 1 85 6.22875 0.00440141 7.58203 0 5 0
1999 4 1 85 7.25023 0.00234742 6.50308 13 22 0
1999 5 1 85 0 0 7.58203 0 0 0
1999 6 1 85 0.118875 0.00252525 6.2 2 1 0
1999 7 1 85 7.60221 0.00198429 7.12872 39 48.5 1
1999 8 1 85 0.340794 0.00041806 7.58203 0 1 0
1999 9 1 85 0.527817 0.00147656 7.59 3 4 0
1999 1 2 85 20.4804 0.0023912 8.25485 101 30 12
1999 2 2 85 0 0 7.76333 0 0 0
1999 3 2 85 4.983 0.00352113 8.775 2 4 0
1999 4 2 85 14.5005 0.00469484 7.51737 38 44 0
1999 5 2 85 0 0 7.52 4 0 0
1999 6 2 85 0.237751 0.00505051 6.69818 11 2 0
1999 7 2 85 15.2828 0.00398904 7.45628 86 97.5 2
1999 8 2 85 5.79349 0.00710702 7.76333 0 17 0
1999 9 2 85 1.84736 0.00516796 7.30286 7 14 0
1999 1 1 86 10.2402 0.0011956 8.40018 57 15 9
1999 2 1 86 1.30597 0.00330033 7.95161 0 1 0
1999 3 1 86 1.24575 0.000880282 7.95161 0 1 0
1999 4 1 86 7.25023 0.00234742 7.59875 8 22 1
1999 5 1 86 0 0 7.4 1 0 0
1999 6 1 86 0.118875 0.00252525 7.95161 0 1 0
1999 7 1 86 5.01589 0.00130922 7.07667 24 32 1
1999 8 1 86 1.02238 0.00125418 7.95161 0 3 0
1999 9 1 86 0.791726 0.00221484 7.55333 3 6 0
1999 1 2 86 27.3072 0.00318827 8.68037 82 40 10
1999 2 2 86 0 0 8.12689 0 0 0
1999 3 2 86 4.983 0.00352113 7.8 1 4 0
1999 4 2 86 19.1142 0.00618865 8.15297 37 58 1
1999 5 2 86 0 0 7.65 1 0 0
1999 6 2 86 0.237751 0.00505051 7.59167 6 2 0
1999 7 2 86 12.5397 0.00327305 7.73362 69 80 0
1999 8 2 86 2.72635 0.00334448 8.12689 0 8 0
1999 9 2 86 1.05563 0.00295312 6.95769 13 8 0
1999 1 1 87 7.16813 0.00083692 8.71209 43 10.5 8
1999 2 1 87 0 0 8.29077 0 0 0
1999 3 1 87 2.4915 0.00176056 8.29077 0 2 0
1999 4 1 87 5.10812 0.00165386 7.32091 11 15.5 0
1999 5 1 87 0 0 7.5 2 0 0
1999 6 1 87 0.118875 0.00252525 7.35 1 1 0
1999 7 1 87 3.37005 0.000879633 8.05619 21 21.5 1
1999 8 1 87 0.681587 0.00083612 8.29077 0 2 0
1999 9 1 87 0.659771 0.0018457 8.29077 0 5 0
1999 1 2 87 20.8217 0.00243105 9.08211 76 30.5 13
1999 2 2 87 1.30597 0.00330033 8.46668 0 1 0
1999 3 2 87 0 0 8.6 2 0 0
1999 4 2 87 11.0401 0.00357448 8.31219 32 33.5 1
1999 5 2 87 0 0 6.53333 3 0 0
1999 6 2 87 0.118875 0.00252525 7.295 10 1 0
1999 7 2 87 12.7748 0.00333442 8.24828 64 81.5 2
1999 8 2 87 1.02238 0.00125418 5.71 1 3 0
1999 9 2 87 1.18759 0.00332226 7.48625 8 9 0
1999 1 1 88 4.77875 0.000557947 9.10717 53 7 9
1999 2 1 88 0 0 8.7304 0 0 0
1999 3 1 88 0 0 8.4 1 0 0
1999 4 1 88 2.80123 0.000906957 8.842 5 8.5 1
1999 5 1 88 0 0 8.7304 0 0 0
1999 6 1 88 0 0 7.4 1 0 0
1999 7 1 88 4.54565 0.00118648 7.48143 14 29 1
1999 8 1 88 0.681587 0.00083612 8.7304 0 2 0
1999 9 1 88 0.395863 0.00110742 7.35 1 3 0
1999 1 2 88 17.7497 0.00207237 9.45307 75 26 13
1999 2 2 88 0 0 8.73528 0 0 0
1999 3 2 88 2.4915 0.00176056 9.8 1 2 0
1999 4 2 88 11.3697 0.00368118 8.53389 18 34.5 0
1999 5 2 88 0 0 8.37 1 0 0
1999 6 2 88 0.118875 0.00252525 8.17 4 1 0
1999 7 2 88 7.52383 0.00196383 8.16 69 48 1
1999 8 2 88 1.70397 0.0020903 8.73528 0 5 0
1999 9 2 88 0.92368 0.00258398 7.61625 8 7 0
1999 1 1 89 6.14411 0.00071736 9.27712 52 9 9
1999 2 1 89 0 0 8.90973 0 0 0
1999 3 1 89 0 0 8.90973 0 0 0
1999 4 1 89 1.31822 0.000426803 8.29 4 4 0
1999 5 1 89 0 0 8.90973 0 0 0
1999 6 1 89 0 0 7.5 1 0 0
1999 7 1 89 1.72421 0.000450045 7.7 14 11 1
1999 8 1 89 0 0 8.90973 0 0 0
1999 9 1 89 0.395863 0.00110742 9.77 2 3 0
1999 1 2 89 12.9709 0.00151443 10.1965 63 19 9
1999 2 2 89 0 0 9.2269 0 0 0
1999 3 2 89 1.24575 0.000880282 9.2269 0 1 0
1999 4 2 89 9.22757 0.00298762 8.47722 18 28 0
1999 5 2 89 0 0 5.51 1 0 0
1999 6 2 89 0 0 10.46 1 0 0
1999 7 2 89 7.68058 0.00200475 8.57283 53 49 0
1999 8 2 89 1.70397 0.0020903 9.2269 0 5 0
1999 9 2 89 0.527817 0.00147656 8.06667 9 4 0
1999 1 1 90 4.09608 0.00047824 9.71667 33 6 9
1999 2 1 90 0 0 9.14642 0 0 0
1999 3 1 90 0 0 9.14642 0 0 0
1999 4 1 90 3.29556 0.00106701 9.2075 4 10 0
1999 5 1 90 0 0 9.14642 0 0 0
1999 6 1 90 0.118875 0.00252525 8.225 4 1 0
1999 7 1 90 2.19445 0.000572785 7.78 11 14 0
1999 8 1 90 0 0 9.14642 0 0 0
1999 9 1 90 0.791726 0.00221484 8.8 1 6 0
1999 1 2 90 18.4323 0.00215208 10.3244 70 27 12
1999 2 2 90 0 0 9.53845 0 0 0
1999 3 2 90 1.24575 0.000880282 10.5 1 1 0
1999 4 2 90 8.2389 0.00266752 8.845 14 25 1
1999 5 2 90 0 0 10.72 2 0 0
1999 6 2 90 0 0 8.47 1 0 0
1999 7 2 90 7.21034 0.00188201 8.83731 52 46 2
1999 8 2 90 1.70397 0.0020903 9.53845 0 5 0
1999 9 2 90 0.527817 0.00147656 8.15 8 4 0
1999 1 1 91 0.682679 7.97067e-05 10.1657 30 1 7
1999 2 1 91 0 0 9.69111 0 0 0
1999 3 1 91 0 0 9.69111 0 0 0
1999 4 1 91 1.81256 0.000586854 8.2075 4 5.5 0
1999 5 1 91 0 0 9.15 1 0 0
1999 6 1 91 0 0 10.2 2 0 0
1999 7 1 91 1.01885 0.000265936 9.07 16 6.5 0
1999 8 1 91 0 0 9.69111 0 0 0
1999 9 1 91 0.659771 0.0018457 10.85 1 5 0
1999 1 2 91 6.82679 0.000797067 10.7082 55 10 12
1999 2 2 91 0 0 9.91614 0 0 0
1999 3 2 91 1.24575 0.000880282 9.91614 0 1 0
1999 4 2 91 7.08545 0.00229407 9.39067 15 21.5 0
1999 5 2 91 0 0 9.25 2 0 0
1999 6 2 91 0 0 8.57 1 0 0
1999 7 2 91 5.25101 0.00137059 9.38604 48 33.5 0
1999 8 2 91 0.340794 0.00041806 9.91614 0 1 0
1999 9 2 91 0.92368 0.00258398 8.65667 6 7 0
1999 1 1 92 2.73072 0.000318827 10.2432 38 4 11
1999 2 1 92 0 0 10.0056 0 0 0
1999 3 1 92 3.11437 0.0022007 10.0056 0 2.5 0
1999 4 1 92 1.97734 0.000640205 11.73 1 6 0
1999 5 1 92 0 0 10.0056 0 0 0
1999 6 1 92 0 0 8.88 1 0 0
1999 7 1 92 0.940479 0.000245479 8.90333 9 6 0
1999 8 1 92 0 0 10.0056 0 0 0
1999 9 1 92 0.395863 0.00110742 10.3 1 3 0
1999 1 2 92 3.4134 0.000398533 11.0743 42 5 8
1999 2 2 92 0 0 10.1734 0 0 0
1999 3 2 92 3.11437 0.0022007 10.1734 0 2.5 0
1999 4 2 92 4.28423 0.00138711 9.50364 11 13 0
1999 5 2 92 0 0 10.1734 0 0 0
1999 6 2 92 0 0 8.8775 4 0 0
1999 7 2 92 4.54565 0.00118648 9.63091 33 29 0
1999 8 2 92 0.681587 0.00083612 10.1734 0 2 0
1999 9 2 92 0.791726 0.00221484 6.48 2 6 0
1999 1 1 93 2.04804 0.00023912 10.5674 27 3 7
1999 2 1 93 0 0 10.2116 0 0 0
1999 3 1 93 0 0 10.2116 0 0 0
1999 4 1 93 2.30689 0.000746906 6.99 1 7 0
1999 5 1 93 0 0 10.2116 0 0 0
1999 6 1 93 0 0 10.2116 0 0 0
1999 7 1 93 0.940479 0.000245479 9.87467 15 6 1
1999 8 1 93 0 0 10.2116 0 0 0
1999 9 1 93 0.395863 0.00110742 8.88 1 3 0
1999 1 2 93 4.09608 0.00047824 11.5455 51 6 15
1999 2 2 93 0 0 10.8292 0 0 0
1999 3 2 93 2.4915 0.00176056 10.8292 0 2 0
1999 4 2 93 6.92067 0.00224072 9.74 12 21 0
1999 5 2 93 0 0 9.6 1 0 0
1999 6 2 93 0 0 9.5 1 0 0
1999 7 2 93 4.07541 0.00106374 10.2119 27 26 0
1999 8 2 93 0.681587 0.00083612 10.8292 0 2 0
1999 9 2 93 0.791726 0.00221484 9.982 5 6 0
1999 1 1 94 0.682679 7.97067e-05 10.6538 24 1 9
1999 2 1 94 0 0 10.0734 0 0 0
1999 3 1 94 0 0 9 1 0 0
1999 4 1 94 1.31822 0.000426803 10.0734 0 4 0
1999 5 1 94 0 0 10.0734 0 0 0
1999 6 1 94 0 0 10.0734 0 0 0
1999 7 1 94 0.783733 0.000204566 8.788 10 5 1
1999 8 1 94 0 0 10.0734 0 0 0
1999 9 1 94 0 0 10.0734 0 0 0
1999 1 2 94 5.46143 0.000637653 11.7495 43 8 9
1999 2 2 94 0 0 11.1597 0 0 0
1999 3 2 94 1.24575 0.000880282 11.1597 0 1 0
1999 4 2 94 6.26156 0.00202732 11.1822 9 19 0
1999 5 2 94 0 0 11.1597 0 0 0
1999 6 2 94 0 0 9.49 1 0 0
1999 7 2 94 2.82144 0.000736437 10.1642 24 18 0
1999 8 2 94 0 0 11.1597 0 0 0
1999 9 2 94 0.527817 0.00147656 11.1597 0 4 0
1999 1 1 95 0.682679 7.97067e-05 11.1361 23 1 7
1999 2 1 95 0 0 11.07 0 0 0
1999 3 1 95 1.24575 0.000880282 11.07 0 1 0
1999 4 1 95 1.97734 0.000640205 11.07 0 6 0
1999 5 1 95 0 0 11.07 0 0 0
1999 6 1 95 0 0 9.8 1 0 0
1999 7 1 95 0.783733 0.000204566 10.945 2 5 0
1999 8 1 95 0 0 11.07 0 0 0
1999 9 1 95 0.131954 0.00036914 11.07 0 1 0
1999 1 2 95 2.73072 0.000318827 12.1386 37 4 9
1999 2 2 95 0 0 11.2665 0 0 0
1999 3 2 95 0 0 11.2665 0 0 0
1999 4 2 95 3.62512 0.00117371 10.7157 7 11 0
1999 5 2 95 0 0 9.21 2 0 0
1999 6 2 95 0 0 11.2665 0 0 0
1999 7 2 95 2.50794 0.000654611 10.3055 22 16 0
1999 8 2 95 0.681587 0.00083612 11.2665 0 2 0
1999 9 2 95 0.263909 0.00073828 10.2133 3 2 0
1999 1 1 96 2.73072 0.000318827 11.3673 22 4 9
1999 2 1 96 0 0 11.2211 0 0 0
1999 3 1 96 0 0 11.2211 0 0 0
1999 4 1 96 0.659112 0.000213402 11.2211 0 2 0
1999 5 1 96 0 0 11.2211 0 0 0
1999 6 1 96 0.118875 0.00252525 11.2211 0 1 0
1999 7 1 96 1.41072 0.000368219 10.7567 3 9 1
1999 8 1 96 0 0 11.2211 0 0 0
1999 9 1 96 0.131954 0.00036914 10.31 2 1 0
1999 1 2 96 4.09608 0.00047824 12.4559 32 6 9
1999 2 2 96 0 0 11.7376 0 0 0
1999 3 2 96 0 0 11.7376 0 0 0
1999 4 2 96 4.28423 0.00138711 11.1989 9 13 0
1999 5 2 96 0 0 11.7376 0 0 0
1999 6 2 96 0 0 11.7376 0 0 0
1999 7 2 96 2.50794 0.000654611 10.7762 16 16 1
1999 8 2 96 0 0 11.7376 0 0 0
1999 9 2 96 0.527817 0.00147656 8.98 1 4 0
1999 1 1 97 1.36536 0.000159413 11.6362 16 2 7
1999 2 1 97 0 0 11.6359 0 0 0
1999 3 1 97 0 0 11.6359 0 0 0
1999 4 1 97 0.329556 0.000106701 11.6359 0 1 0
1999 5 1 97 0 0 11.6359 0 0 0
1999 6 1 97 0 0 11.6359 0 0 0
1999 7 1 97 0.313493 8.18264e-05 11.808 5 2 0
1999 8 1 97 0 0 11.6359 0 0 0
1999 9 1 97 0.263909 0.00073828 10.77 1 2 0
1999 1 2 97 6.14411 0.00071736 13.047 43 9 10
1999 2 2 97 0 0 12.4019 0 0 0
1999 3 2 97 0 0 12.4019 0 0 0
1999 4 2 97 3.95467 0.00128041 11.288 5 12 0
1999 5 2 97 0 0 12.4019 0 0 0
1999 6 2 97 0.118875 0.00252525 10.15 1 1 0
1999 7 2 97 1.56747 0.000409132 11.2956 18 10 0
1999 8 2 97 0 0 12.4019 0 0 0
1999 9 2 97 0.659771 0.0018457 12.4019 0 5 0
1999 1 1 98 0.34134 3.98533e-05 12.6232 19 0.5 7
1999 2 1 98 0 0 12.3952 0 0 0
1999 3 1 98 0 0 12.3952 0 0 0
1999 4 1 98 1.64778 0.000533504 10.43 1 5 0
1999 5 1 98 0 0 12.3952 0 0 0
1999 6 1 98 0 0 12.3952 0 0 0
1999 7 1 98 0.156747 4.09132e-05 11.6067 3 1 0
1999 8 1 98 0 0 12.3952 0 0 0
1999 9 1 98 0 0 12.3952 0 0 0
1999 1 2 98 2.38938 0.000278973 13.4104 27 3.5 6
1999 2 2 98 0 0 12.3612 0 0 0
1999 3 2 98 1.24575 0.000880282 12.3612 0 1 0
1999 4 2 98 1.97734 0.000640205 9.49 1 6 0
1999 5 2 98 0 0 12.3612 0 0 0
1999 6 2 98 0.118875 0.00252525 11.43 1 1 0
1999 7 2 98 0.783733 0.000204566 10.6715 13 5 0
1999 8 2 98 0 0 12.3612 0 0 0
1999 9 2 98 0.395863 0.00110742 9.8 1 3 0
1999 1 1 99 0 0 11.5992 12 0 7
1999 2 1 99 0 0 11.3433 0 0 0
1999 3 1 99 0 0 11.3433 0 0 0
1999 4 1 99 0 0 10.2 1 0 0
1999 5 1 99 0 0 11.3433 0 0 0
1999 6 1 99 0 0 12.76 1 0 0
1999 7 1 99 0 0 10.5075 4 0 0
1999 8 1 99 0 0 11.3433 0 0 0
1999 9 1 99 0.395863 0.00110742 11.3433 0 3 0
1999 1 2 99 1.36536 0.000159413 13.5333 30 2 8
1999 2 2 99 0 0 13.3545 0 0 0
1999 3 2 99 0 0 13.3545 0 0 0
1999 4 2 99 1.97734 0.000640205 13.6075 4 6 1
1999 5 2 99 0 0 13.3545 0 0 0
1999 6 2 99 0 0 13.3545 0 0 0
1999 7 2 99 0.940479 0.000245479 12.76 5 6 0
1999 8 2 99 0 0 13.3545 0 0 0
1999 9 2 99 0.395863 0.00110742 9.95 1 3 0
1999 1 1 100 0 0 12.8493 15 0 5
1999 2 1 100 0 0 12.7622 0 0 0
1999 3 1 100 0 0 12.7622 0 0 0
1999 4 1 100 0.659112 0.000213402 13.1 1 2 0
1999 5 1 100 0 0 12.7622 0 0 0
1999 6 1 100 0 0 12.7622 0 0 0
1999 7 1 100 0.940479 0.000245479 11.94 2 6 0
1999 8 1 100 0 0 12.7622 0 0 0
1999 9 1 100 0 0 12.7622 0 0 0
1999 1 2 100 2.04804 0.00023912 14.1312 26 3 9
1999 2 2 100 0 0 13.6041 0 0 0
1999 3 2 100 0 0 13.6041 0 0 0
1999 4 2 100 2.30689 0.000746906 10.2 1 7 0
1999 5 2 100 0 0 10.7 1 0 0
1999 6 2 100 0 0 11.84 1 0 0
1999 7 2 100 1.72421 0.000450045 13.0671 7 11 0
1999 8 2 100 0 0 13.6041 0 0 0
1999 9 2 100 0.131954 0.00036914 11.73 1 1 0
1999 1 1 101 0 0 13.7686 7 0 0
1999 2 1 101 0 0 13.36 0 0 0
1999 3 1 101 0 0 13.36 0 0 0
1999 4 1 101 0 0 13.36 0 0 0
1999 5 1 101 0 0 13.36 0 0 0
1999 6 1 101 0 0 13.36 0 0 0
1999 7 1 101 0.313493 8.18264e-05 10.5 1 2 0
1999 8 1 101 0 0 13.36 0 0 0
1999 9 1 101 0 0 13.36 0 0 0
1999 1 2 101 1.36536 0.000159413 15.0691 22 2 8
1999 2 2 101 0 0 14.2925 0 0 0
1999 3 2 101 0 0 14.2925 0 0 0
1999 4 2 101 0.988668 0.000320102 14.2925 0 3 0
1999 5 2 101 0 0 14.2925 0 0 0
1999 6 2 101 0 0 14.2925 0 0 0
1999 7 2 101 0.940479 0.000245479 12.584 10 6 0
1999 8 2 101 0 0 14.2925 0 0 0
1999 9 2 101 0 0 14.2925 0 0 0
1999 1 1 102 0 0 11.775 2 0 1
1999 2 1 102 0 0 11.76 0 0 0
1999 3 1 102 0 0 11.76 0 0 0
1999 4 1 102 0 0 11.73 1 0 0
1999 5 1 102 0 0 11.76 0 0 0
1999 6 1 102 0.118875 0.00252525 11.76 0 1 0
1999 7 1 102 0.313493 8.18264e-05 11.76 0 2 0
1999 8 1 102 0 0 11.76 0 0 0
1999 9 1 102 0.131954 0.00036914 11.76 0 1 0
1999 1 2 102 3.4134 0.000398533 14.6223 22 5 8
1999 2 2 102 0 0 14.4433 0 0 0
1999 3 2 102 0 0 14.4433 0 0 0
1999 4 2 102 0.988668 0.000320102 14.35 2 3 0
1999 5 2 102 0 0 14.4433 0 0 0
1999 6 2 102 0.118875 0.00252525 14.4433 0 1 0
1999 7 2 102 0.47024 0.00012274 13.055 2 3 0
1999 8 2 102 0 0 14.4433 0 0 0
1999 9 2 102 0.263909 0.00073828 13.47 1 2 0
1999 1 1 103 0.682679 7.97067e-05 14.4917 6 1 2
1999 2 1 103 0 0 14.0243 0 0 0
1999 3 1 103 0 0 14.0243 0 0 0
1999 4 1 103 0.329556 0.000106701 14.0243 0 1 0
1999 5 1 103 0 0 14.0243 0 0 0
1999 6 1 103 0 0 14.0243 0 0 0
1999 7 1 103 0.156747 4.09132e-05 11.22 1 1 0
1999 8 1 103 0 0 14.0243 0 0 0
1999 9 1 103 0.131954 0.00036914 14.0243 0 1 0
1999 1 2 103 0.682679 7.97067e-05 15.8867 15 1 6
1999 2 2 103 0 0 15.4547 0 0 0
1999 3 2 103 0 0 15.4547 0 0 0
1999 4 2 103 1.31822 0.000426803 15.4547 0 4 0
1999 5 2 103 0 0 15.4547 0 0 0
1999 6 2 103 0 0 15.4547 0 0 0
1999 7 2 103 0.313493 8.18264e-05 13.835 4 2 0
1999 8 2 103 0 0 15.4547 0 0 0
1999 9 2 103 0 0 15.4547 0 0 0
1999 1 1 104 0 0 13.67 1 0 0
1999 2 1 104 0 0 13.47 0 0 0
1999 3 1 104 0 0 13.47 0 0 0
1999 4 1 104 0 0 13.47 0 0 0
1999 5 1 104 0 0 13.47 0 0 0
1999 6 1 104 0 0 13.47 0 0 0
1999 7 1 104 0 0 13.27 1 0 0
1999 8 1 104 0 0 13.47 0 0 0
1999 9 1 104 0 0 13.47 0 0 0
1999 1 2 104 1.36536 0.000159413 15.207 10 2 2
1999 2 2 104 0 0 14.351 0 0 0
1999 3 2 104 0 0 14.351 0 0 0
1999 4 2 104 0.659112 0.000213402 13.06 1 2 0
1999 5 2 104 0 0 10 1 0 0
1999 6 2 104 0 0 11.43 1 0 0
1999 7 2 104 0.783733 0.000204566 14.3514 7 5 0
1999 8 2 104 0 0 14.351 0 0 0
1999 9 2 104 0 0 14.351 0 0 0
1999 1 1 105 0 0 13.3 1 0 1
1999 2 1 105 0 0 12.62 0 0 0
1999 3 1 105 0 0 12.62 0 0 0
1999 4 1 105 0.329556 0.000106701 12.62 0 1 0
1999 5 1 105 0 0 12.62 0 0 0
1999 6 1 105 0 0 11.94 1 0 0
1999 7 1 105 0 0 12.62 0 0 0
1999 8 1 105 0 0 12.62 0 0 0
1999 9 1 105 0.131954 0.00036914 12.62 0 1 0
1999 1 2 105 0 0 15.3722 9 0 3
1999 2 2 105 0 0 15.2277 0 0 0
1999 3 2 105 0 0 15.2277 0 0 0
1999 4 2 105 1.31822 0.000426803 15.2277 0 4 0
1999 5 2 105 0 0 15.2277 0 0 0
1999 6 2 105 0 0 15.2277 0 0 0
1999 7 2 105 0.626986 0.000163653 15.8033 3 4 0
1999 8 2 105 0 0 12.2 1 0 0
1999 9 2 105 0.131954 0.00036914 15.2277 0 1 0
1999 1 1 106 0 0 16.28 0 0 0
1999 2 1 106 0 0 16.28 0 0 0
1999 3 1 106 0 0 16.28 0 0 0
1999 4 1 106 0 0 16.28 0 0 0
1999 5 1 106 0 0 16.28 0 0 0
1999 6 1 106 0 0 16.28 0 0 0
1999 7 1 106 0 0 16.28 0 0 0
1999 8 1 106 0 0 16.28 0 0 0
1999 9 1 106 0 0 16.28 0 0 0
1999 1 2 106 1.36536 0.000159413 16.3444 9 2 6
1999 2 2 106 0 0 16.28 0 0 0
1999 3 2 106 0 0 16.28 0 0 0
1999 4 2 106 0.659112 0.000213402 16.28 0 2 0
1999 5 2 106 0 0 16.28 0 0 0
1999 6 2 106 0 0 16.28 0 0 0
1999 7 2 106 0.47024 0.00012274 15.7 1 3 0
1999 8 2 106 0 0 16.28 0 0 0
1999 9 2 106 0 0 16.28 0 0 0
1999 1 1 107 0 0 16.3 1 0 0
1999 2 1 107 0 0 16.3 0 0 0
1999 3 1 107 0 0 16.3 0 0 0
1999 4 1 107 0 0 16.3 0 0 0
1999 5 1 107 0 0 16.3 0 0 0
1999 6 1 107 0 0 16.3 0 0 0
1999 7 1 107 0.23512 6.13698e-05 16.3 0 1.5 0
1999 8 1 107 0 0 16.3 0 0 0
1999 9 1 107 0 0 16.3 0 0 0
1999 1 2 107 0 0 16.2429 7 0 3
1999 2 2 107 0 0 15.8325 0 0 0
1999 3 2 107 0 0 15.8325 0 0 0
1999 4 2 107 0 0 15.8325 0 0 0
1999 5 2 107 0 0 15.8325 0 0 0
1999 6 2 107 0 0 15.8325 0 0 0
1999 7 2 107 0.391866 0.000102283 12.96 1 2.5 0
1999 8 2 107 0 0 15.8325 0 0 0
1999 9 2 107 0 0 15.8325 0 0 0
1999 1 1 108 0 0 15.82 1 0 0
1999 2 1 108 0 0 15.82 0 0 0
1999 3 1 108 0 0 15.82 0 0 0
1999 4 1 108 0 0 15.82 0 0 0
1999 5 1 108 0 0 15.82 0 0 0
1999 6 1 108 0 0 15.82 0 0 0
1999 7 1 108 0.156747 4.09132e-05 15.82 0 1 0
1999 8 1 108 0 0 15.82 0 0 0
1999 9 1 108 0 0 15.82 0 0 0
1999 1 2 108 1.36536 0.000159413 15.366 5 2 1
1999 2 2 108 0 0 15.6617 0 0 0
1999 3 2 108 0 0 15.6617 0 0 0
1999 4 2 108 0.329556 0.000106701 15.6617 0 1 0
1999 5 2 108 0 0 15.6617 0 0 0
1999 6 2 108 0 0 15.6617 0 0 0
1999 7 2 108 0.156747 4.09132e-05 17.14 1 1 0
1999 8 2 108 0 0 15.6617 0 0 0
1999 9 2 108 0 0 15.6617 0 0 0
1999 1 1 109 0 0 14.5 1 0 0
1999 2 1 109 0 0 14.5 0 0 0
1999 3 1 109 0 0 14.5 0 0 0
1999 4 1 109 0 0 14.5 0 0 0
1999 5 1 109 0 0 14.5 0 0 0
1999 6 1 109 0 0 14.5 0 0 0
1999 7 1 109 0 0 14.5 0 0 0
1999 8 1 109 0 0 14.5 0 0 0
1999 9 1 109 0 0 14.5 0 0 0
1999 1 2 109 0 0 16.0971 7 0 4
1999 2 2 109 0 0 15.8538 0 0 0
1999 3 2 109 0 0 15.8538 0 0 0
1999 4 2 109 0.329556 0.000106701 15.8538 0 1 0
1999 5 2 109 0 0 14.15 1 0 0
1999 6 2 109 0 0 15.8538 0 0 0
1999 7 2 109 0.156747 4.09132e-05 15.8538 0 1 0
1999 8 2 109 0 0 15.8538 0 0 0
1999 9 2 109 0 0 15.8538 0 0 0
1999 1 1 110 0 0 16.754 0 0 0
1999 2 1 110 0 0 16.754 0 0 0
1999 3 1 110 0 0 16.754 0 0 0
1999 4 1 110 0 0 16.754 0 0 0
1999 5 1 110 0 0 16.754 0 0 0
1999 6 1 110 0 0 16.754 0 0 0
1999 7 1 110 0 0 16.754 0 0 0
1999 8 1 110 0 0 16.754 0 0 0
1999 9 1 110 0 0 16.754 0 0 0
1999 1 2 110 0 0 16.9833 3 0 1
1999 2 2 110 0 0 16.754 0 0 0
1999 3 2 110 0 0 16.754 0 0 0
1999 4 2 110 0.329556 0.000106701 16.754 0 1 0
1999 5 2 110 0 0 16.754 0 0 0
1999 6 2 110 0 0 16.754 0 0 0
1999 7 2 110 0 0 16.41 2 0 0
1999 8 2 110 0 0 16.754 0 0 0
1999 9 2 110 0 0 16.754 0 0 0
1999 1 1 111 0 0 18 0 0 0
1999 2 1 111 0 0 18 0 0 0
1999 3 1 111 0 0 18 0 0 0
1999 4 1 111 0 0 18 0 0 0
1999 5 1 111 0 0 18 0 0 0
1999 6 1 111 0 0 18 0 0 0
1999 7 1 111 0 0 18 0 0 0
1999 8 1 111 0 0 18 0 0 0
1999 9 1 111 0 0 18 0 0 0
1999 1 2 111 0 0 18 1 0 0
1999 2 2 111 0 0 18 0 0 0
1999 3 2 111 0 0 18 0 0 0
1999 4 2 111 0.988668 0.000320102 18 0 3 0
1999 5 2 111 0 0 18 0 0 0
1999 6 2 111 0 0 18 0 0 0
1999 7 2 111 0 0 18 0 0 0
1999 8 2 111 0 0 18 0 0 0
1999 9 2 111 0 0 18 0 0 0
1999 1 1 112 0 0 0 0 0 0
1999 2 1 112 0 0 0 0 0 0
1999 3 1 112 0 0 0 0 0 0
1999 4 1 112 0 0 0 0 0 0
1999 5 1 112 0 0 0 0 0 0
1999 6 1 112 0 0 0 0 0 0
1999 7 1 112 0 0 0 0 0 0
1999 8 1 112 0 0 0 0 0 0
1999 9 1 112 0 0 0 0 0 0
1999 1 2 112 0 0 0 0 0 0
1999 2 2 112 0 0 0 0 0 0
1999 3 2 112 0 0 0 0 0 0
1999 4 2 112 0 0 0 0 0 0
1999 5 2 112 0 0 0 0 0 0
1999 6 2 112 0 0 0 0 0 0
1999 7 2 112 0 4.09132e-05 0 0 1 0
1999 8 2 112 0 0 0 0 0 0
1999 9 2 112 0 0 0 0 0 0
1999 1 1 113 0 0 14.49 0 0 0
1999 2 1 113 0 0 14.49 0 0 0
1999 3 1 113 0 0 14.49 0 0 0
1999 4 1 113 0 0 14.49 0 0 0
1999 5 1 113 0 0 14.49 0 0 0
1999 6 1 113 0 0 14.49 0 0 0
1999 7 1 113 0 0 14.49 0 0 0
1999 8 1 113 0 0 14.49 0 0 0
1999 9 1 113 0 0 14.49 0 0 0
1999 1 2 113 0 0 14.49 0 0 0
1999 2 2 113 0 0 14.49 0 0 0
1999 3 2 113 0 0 14.49 0 0 0
1999 4 2 113 0.329556 0.000106701 14.49 1 1 0
1999 5 2 113 0 0 14.49 0 0 0
1999 6 2 113 0 0 14.49 0 0 0
1999 7 2 113 0 0 14.49 0 0 0
1999 8 2 113 0 0 14.49 0 0 0
1999 9 2 113 0 0 14.49 0 0 0
1999 1 1 114 0 0 0 0 0 0
1999 2 1 114 0 0 0 0 0 0
1999 3 1 114 0 0 0 0 0 0
1999 4 1 114 0 0 0 0 0 0
1999 5 1 114 0 0 0 0 0 0
1999 6 1 114 0 0 0 0 0 0
1999 7 1 114 0 0 0 0 0 0
1999 8 1 114 0 0 0 0 0 0
1999 9 1 114 0 0 0 0 0 0
1999 1 2 114 0 0 0 0 0 0
1999 2 2 114 0 0 0 0 0 0
1999 3 2 114 0 0 0 0 0 0
1999 4 2 114 0 0.000106701 0 0 1 0
1999 5 2 114 0 0 0 0 0 0
1999 6 2 114 0 0 0 0 0 0
1999 7 2 114 0 0 0 0 0 0
1999 8 2 114 0 0 0 0 0 0
1999 9 2 114 0 0 0 0 0 0
1999 1 1 115 0 0 0 0 0 0
1999 2 1 115 0 0 0 0 0 0
1999 3 1 115 0 0 0 0 0 0
1999 4 1 115 0 0 0 0 0 0
1999 5 1 115 0 0 0 0 0 0
1999 6 1 115 0 0 0 0 0 0
1999 7 1 115 0 0 0 0 0 0
1999 8 1 115 0 0 0 0 0 0
1999 9 1 115 0 0 0 0 0 0
1999 1 2 115 0 0 0 0 0 0
1999 2 2 115 0 0 0 0 0 0
1999 3 2 115 0 0 0 0 0 0
1999 4 2 115 0 0 0 0 0 0
1999 5 2 115 0 0 0 0 0 0
1999 6 2 115 0 0 0 0 0 0
1999 7 2 115 0 0 0 0 0 0
1999 8 2 115 0 0 0 0 0 0
1999 9 2 115 0 0 0 0 0 0
1999 1 1 116 0 0 0 0 0 0
1999 2 1 116 0 0 0 0 0 0
1999 3 1 116 0 0 0 0 0 0
1999 4 1 116 0 0 0 0 0 0
1999 5 1 116 0 0 0 0 0 0
1999 6 1 116 0 0 0 0 0 0
1999 7 1 116 0 0 0 0 0 0
1999 8 1 116 0 0 0 0 0 0
1999 9 1 116 0 0 0 0 0 0
1999 1 2 116 0 0 0 0 0 0
1999 2 2 116 0 0 0 0 0 0
1999 3 2 116 0 0 0 0 0 0
1999 4 2 116 0 0 0 0 0 0
1999 5 2 116 0 0 0 0 0 0
1999 6 2 116 0 0 0 0 0 0
1999 7 2 116 0 0 0 0 0 0
1999 8 2 116 0 0 0 0 0 0
1999 9 2 116 0 0 0 0 0 0
1999 1 1 117 0 0 0 0 0 0
1999 2 1 117 0 0 0 0 0 0
1999 3 1 117 0 0 0 0 0 0
1999 4 1 117 0 0 0 0 0 0
1999 5 1 117 0 0 0 0 0 0
1999 6 1 117 0 0 0 0 0 0
1999 7 1 117 0 0 0 0 0 0
1999 8 1 117 0 0 0 0 0 0
1999 9 1 117 0 0 0 0 0 0
1999 1 2 117 0 0 0 0 0 0
1999 2 2 117 0 0 0 0 0 0
1999 3 2 117 0 0 0 0 0 0
1999 4 2 117 0 0 0 0 0 0
1999 5 2 117 0 0 0 0 0 0
1999 6 2 117 0 0 0 0 0 0
1999 7 2 117 0 0 0 0 0 0
1999 8 2 117 0 0 0 0 0 0
1999 9 2 117 0 0 0 0 0 0
1999 1 1 118 0 0 0 0 0 0
1999 2 1 118 0 0 0 0 0 0
1999 3 1 118 0 0 0 0 0 0
1999 4 1 118 0 0 0 0 0 0
1999 5 1 118 0 0 0 0 0 0
1999 6 1 118 0 0 0 0 0 0
1999 7 1 118 0 0 0 0 0 0
1999 8 1 118 0 0 0 0 0 0
1999 9 1 118 0 0 0 0 0 0
1999 1 2 118 0 0 0 0 0 0
1999 2 2 118 0 0 0 0 0 0
1999 3 2 118 0 0 0 0 0 0
1999 4 2 118 0 0 0 0 0 0
1999 5 2 118 0 0 0 0 0 0
1999 6 2 118 0 0 0 0 0 0
1999 7 2 118 0 0 0 0 0 0
1999 8 2 118 0 0 0 0 0 0
1999 9 2 118 0 0 0 0 0 0
1999 1 1 119 0 0 0 0 0 0
1999 2 1 119 0 0 0 0 0 0
1999 3 1 119 0 0 0 0 0 0
1999 4 1 119 0 0 0 0 0 0
1999 5 1 119 0 0 0 0 0 0
1999 6 1 119 0 0 0 0 0 0
1999 7 1 119 0 0 0 0 0 0
1999 8 1 119 0 0 0 0 0 0
1999 9 1 119 0 0 0 0 0 0
1999 1 2 119 0 0 0 0 0 0
1999 2 2 119 0 0 0 0 0 0
1999 3 2 119 0 0 0 0 0 0
1999 4 2 119 0 0 0 0 0 0
1999 5 2 119 0 0 0 0 0 0
1999 6 2 119 0 0 0 0 0 0
1999 7 2 119 0 0 0 0 0 0
1999 8 2 119 0 0 0 0 0 0
1999 9 2 119 0 0 0 0 0 0
1999 1 1 120 0 0 0 0 0 0
1999 2 1 120 0 0 0 0 0 0
1999 3 1 120 0 0 0 0 0 0
1999 4 1 120 0 0 0 0 0 0
1999 5 1 120 0 0 0 0 0 0
1999 6 1 120 0 0 0 0 0 0
1999 7 1 120 0 0 0 0 0 0
1999 8 1 120 0 0 0 0 0 0
1999 9 1 120 0 0 0 0 0 0
1999 1 2 120 0 0 0 0 0 0
1999 2 2 120 0 0 0 0 0 0
1999 3 2 120 0 0 0 0 0 0
1999 4 2 120 0 0 0 0 0 0
1999 5 2 120 0 0 0 0 0 0
1999 6 2 120 0 0 0 0 0 0
1999 7 2 120 0 0 0 0 0 0
1999 8 2 120 0 0 0 0 0 0
1999 9 2 120 0 0 0 0 0 0
