year stratum sex length freq prop avg_wt nwt_samples nlen_samples naged
1995 1 1 9 0 0 0 0 0 0
1995 2 1 9 0 0 0 0 0 0
1995 3 1 9 0 0 0 0 0 0
1995 4 1 9 0 0 0 0 0 0
1995 5 1 9 0 2.91338e-307 0 0 0 0
1995 6 1 9 0 0 0 0 0 0
1995 7 1 9 0 0 0 0 0 0
1995 8 1 9 0 2.91338e-307 0 0 0 0
1995 9 1 9 0 0 0 0 0 0
1995 1 2 9 0 0 0 0 0 0
1995 2 2 9 0 0 0 0 0 0
1995 3 2 9 0 0 0 0 0 0
1995 4 2 9 0 0 0 0 0 0
1995 5 2 9 0 2.91338e-307 0 0 0 0
1995 6 2 9 0 0 0 0 0 0
1995 7 2 9 0 0 0 0 0 0
1995 8 2 9 0 2.91338e-307 0 0 0 0
1995 9 2 9 0 0 0 0 0 0
1995 1 1 10 0 0 0 0 0 0
1995 2 1 10 0 0 0 0 0 0
1995 3 1 10 0 0 0 0 0 0
1995 4 1 10 0 0 0 0 0 0
1995 5 1 10 0 0 0 0 0 0
1995 6 1 10 0 0 0 0 0 0
1995 7 1 10 0 0 0 0 0 0
1995 8 1 10 0 0 0 0 0 0
1995 9 1 10 0 0 0 0 0 0
1995 1 2 10 0 0 0 0 0 0
1995 2 2 10 0 0 0 0 0 0
1995 3 2 10 0 0 0 0 0 0
1995 4 2 10 0 0 0 0 0 0
1995 5 2 10 0 0 0 0 0 0
1995 6 2 10 0 0 0 0 0 0
1995 7 2 10 0 0 0 0 0 0
1995 8 2 10 0 0 0 0 0 0
1995 9 2 10 0 0 0 0 0 0
1995 1 1 11 0 0 0 0 0 0
1995 2 1 11 0 0 0 0 0 0
1995 3 1 11 0 0 0 0 0 0
1995 4 1 11 0 0 0 0 0 0
1995 5 1 11 0 0 0 0 0 0
1995 6 1 11 0 0 0 0 0 0
1995 7 1 11 0 0 0 0 0 0
1995 8 1 11 0 0 0 0 0 0
1995 9 1 11 0 0 0 0 0 0
1995 1 2 11 0 0 0 0 0 0
1995 2 2 11 0 0 0 0 0 0
1995 3 2 11 0 0 0 0 0 0
1995 4 2 11 0 0 0 0 0 0
1995 5 2 11 0 0 0 0 0 0
1995 6 2 11 0 0 0 0 0 0
1995 7 2 11 0 0 0 0 0 0
1995 8 2 11 0 0 0 0 0 0
1995 9 2 11 0 0 0 0 0 0
1995 1 1 12 0 0 0 0 0 0
1995 2 1 12 0 0 0 0 0 0
1995 3 1 12 0 0 0 0 0 0
1995 4 1 12 0 0 0 0 0 0
1995 5 1 12 0 0 0 0 0 0
1995 6 1 12 0 0 0 0 0 0
1995 7 1 12 0 0 0 0 0 0
1995 8 1 12 0 0 0 0 0 0
1995 9 1 12 0 0 0 0 0 0
1995 1 2 12 0 0 0 0 0 0
1995 2 2 12 0 0 0 0 0 0
1995 3 2 12 0 0 0 0 0 0
1995 4 2 12 0 0 0 0 0 0
1995 5 2 12 0 0 0 0 0 0
1995 6 2 12 0 0 0 0 0 0
1995 7 2 12 0 0 0 0 0 0
1995 8 2 12 0 0 0 0 0 0
1995 9 2 12 0 0 0 0 0 0
1995 1 1 13 0 0 0 0 0 0
1995 2 1 13 0 0 0 0 0 0
1995 3 1 13 0 0 0 0 0 0
1995 4 1 13 0 0 0 0 0 0
1995 5 1 13 0 0 0 0 0 0
1995 6 1 13 0 0 0 0 0 0
1995 7 1 13 0 0 0 0 0 0
1995 8 1 13 0 0 0 0 0 0
1995 9 1 13 0 0 0 0 0 0
1995 1 2 13 0 0 0 0 0 0
1995 2 2 13 0 0 0 0 0 0
1995 3 2 13 0 0 0 0 0 0
1995 4 2 13 0 0 0 0 0 0
1995 5 2 13 0 0 0 0 0 0
1995 6 2 13 0 0 0 0 0 0
1995 7 2 13 0 0 0 0 0 0
1995 8 2 13 0 0 0 0 0 0
1995 9 2 13 0 0 0 0 0 0
1995 1 1 14 0 0 0 0 0 0
1995 2 1 14 0 0 0 0 0 0
1995 3 1 14 0 0 0 0 0 0
1995 4 1 14 0 0 0 0 0 0
1995 5 1 14 0 0 0 0 0 0
1995 6 1 14 0 0 0 0 0 0
1995 7 1 14 0 0 0 0 0 0
1995 8 1 14 0 0 0 0 0 0
1995 9 1 14 0 0 0 0 0 0
1995 1 2 14 0 0 0 0 0 0
1995 2 2 14 0 0 0 0 0 0
1995 3 2 14 0 0 0 0 0 0
1995 4 2 14 0 0 0 0 0 0
1995 5 2 14 0 0 0 0 0 0
1995 6 2 14 0 0 0 0 0 0
1995 7 2 14 0 0 0 0 0 0
1995 8 2 14 0 0 0 0 0 0
1995 9 2 14 0 0 0 0 0 0
1995 1 1 15 0 0 0 0 0 0
1995 2 1 15 0 0 0 0 0 0
1995 3 1 15 0 0 0 0 0 0
1995 4 1 15 0 0 0 0 0 0
1995 5 1 15 0 0 0 0 0 0
1995 6 1 15 0 0 0 0 0 0
1995 7 1 15 0 0 0 0 0 0
1995 8 1 15 0 0 0 0 0 0
1995 9 1 15 0 0 0 0 0 0
1995 1 2 15 0 0 0 0 0 0
1995 2 2 15 0 0 0 0 0 0
1995 3 2 15 0 0 0 0 0 0
1995 4 2 15 0 0 0 0 0 0
1995 5 2 15 0 0 0 0 0 0
1995 6 2 15 0 0 0 0 0 0
1995 7 2 15 0 0 0 0 0 0
1995 8 2 15 0 0 0 0 0 0
1995 9 2 15 0 0 0 0 0 0
1995 1 1 16 0 0 0 0 0 0
1995 2 1 16 0 0 0 0 0 0
1995 3 1 16 0 0 0 0 0 0
1995 4 1 16 0 0 0 0 0 0
1995 5 1 16 0 0 0 0 0 0
1995 6 1 16 0 0 0 0 0 0
1995 7 1 16 0 0 0 0 0 0
1995 8 1 16 0 0 0 0 0 0
1995 9 1 16 0 0 0 0 0 0
1995 1 2 16 0 0 0 0 0 0
1995 2 2 16 0 0 0 0 0 0
1995 3 2 16 0 0 0 0 0 0
1995 4 2 16 0 0 0 0 0 0
1995 5 2 16 0 0 0 0 0 0
1995 6 2 16 0 0 0 0 0 0
1995 7 2 16 0 0 0 0 0 0
1995 8 2 16 0 0 0 0 0 0
1995 9 2 16 0 0 0 0 0 0
1995 1 1 17 0 0 0 0 0 0
1995 2 1 17 0 0 0 0 0 0
1995 3 1 17 0 0 0 0 0 0
1995 4 1 17 0 0 0 0 0 0
1995 5 1 17 0 0 0 0 0 0
1995 6 1 17 0 0 0 0 0 0
1995 7 1 17 0 0 0 0 0 0
1995 8 1 17 0 0 0 0 0 0
1995 9 1 17 0 0 0 0 0 0
1995 1 2 17 0 0 0 0 0 0
1995 2 2 17 0 0 0 0 0 0
1995 3 2 17 0 0 0 0 0 0
1995 4 2 17 0 0 0 0 0 0
1995 5 2 17 0 0 0 0 0 0
1995 6 2 17 0 0 0 0 0 0
1995 7 2 17 0 0 0 0 0 0
1995 8 2 17 0 0 0 0 0 0
1995 9 2 17 0 0 0 0 0 0
1995 1 1 18 0 0 0 0 0 0
1995 2 1 18 0 0 0 0 0 0
1995 3 1 18 0 0 0 0 0 0
1995 4 1 18 0 0 0 0 0 0
1995 5 1 18 0 0 0 0 0 0
1995 6 1 18 0 0 0 0 0 0
1995 7 1 18 0 0 0 0 0 0
1995 8 1 18 0 0 0 0 0 0
1995 9 1 18 0 0 0 0 0 0
1995 1 2 18 0 0 0 0 0 0
1995 2 2 18 0 0 0 0 0 0
1995 3 2 18 0 0 0 0 0 0
1995 4 2 18 0 0 0 0 0 0
1995 5 2 18 0 0 0 0 0 0
1995 6 2 18 0 0 0 0 0 0
1995 7 2 18 0 0 0 0 0 0
1995 8 2 18 0 0 0 0 0 0
1995 9 2 18 0 0 0 0 0 0
1995 1 1 19 0 7.56681e-06 0 0 0.5 0
1995 2 1 19 0 0 0 0 0 0
1995 3 1 19 0 0 0 0 0 0
1995 4 1 19 0 0 0 0 0 0
1995 5 1 19 0 0 0 0 0 0
1995 6 1 19 0 0 0 0 0 0
1995 7 1 19 0 0 0 0 0 0
1995 8 1 19 0 0 0 0 0 0
1995 9 1 19 0 0 0 0 0 0
1995 1 2 19 0 7.56681e-06 0 0 0.5 0
1995 2 2 19 0 0 0 0 0 0
1995 3 2 19 0 0 0 0 0 0
1995 4 2 19 0 0 0 0 0 0
1995 5 2 19 0 0 0 0 0 0
1995 6 2 19 0 0 0 0 0 0
1995 7 2 19 0 0 0 0 0 0
1995 8 2 19 0 0 0 0 0 0
1995 9 2 19 0 0 0 0 0 0
1995 1 1 20 0 0 0 0 0 0
1995 2 1 20 0 0 0 0 0 0
1995 3 1 20 0 0 0 0 0 0
1995 4 1 20 0 0 0 0 0 0
1995 5 1 20 0 0 0 0 0 0
1995 6 1 20 0 0 0 0 0 0
1995 7 1 20 0 0 0 0 0 0
1995 8 1 20 0 0 0 0 0 0
1995 9 1 20 0 0 0 0 0 0
1995 1 2 20 0 0 0 0 0 0
1995 2 2 20 0 0 0 0 0 0
1995 3 2 20 0 0 0 0 0 0
1995 4 2 20 0 0 0 0 0 0
1995 5 2 20 0 0 0 0 0 0
1995 6 2 20 0 0 0 0 0 0
1995 7 2 20 0 0 0 0 0 0
1995 8 2 20 0 0 0 0 0 0
1995 9 2 20 0 0 0 0 0 0
1995 1 1 21 0 0 0.75 0 0 0
1995 2 1 21 0 0 0.75 0 0 0
1995 3 1 21 0 0 0.75 0 0 0
1995 4 1 21 0.045986 1.80734e-05 0.75 0 0.5 0
1995 5 1 21 0 0 0.75 0 0 0
1995 6 1 21 0 0 0.75 0 0 0
1995 7 1 21 0 0 0.75 0 0 0
1995 8 1 21 0 0 0.75 0 0 0
1995 9 1 21 0 0 0.75 0 0 0
1995 1 2 21 0 0 0.75 1 0 0
1995 2 2 21 0 0 0.75 0 0 0
1995 3 2 21 0 0 0.75 0 0 0
1995 4 2 21 0.045986 1.80734e-05 0.75 0 0.5 0
1995 5 2 21 0 0 0.75 0 0 0
1995 6 2 21 0 0 0.75 0 0 0
1995 7 2 21 0 0 0.75 0 0 0
1995 8 2 21 0 0 0.75 0 0 0
1995 9 2 21 0 0 0.75 0 0 0
1995 1 1 22 0 0 0 0 0 0
1995 2 1 22 0 0 0 0 0 0
1995 3 1 22 0 0 0 0 0 0
1995 4 1 22 0 0 0 0 0 0
1995 5 1 22 0 0 0 0 0 0
1995 6 1 22 0 0 0 0 0 0
1995 7 1 22 0 0 0 0 0 0
1995 8 1 22 0 0 0 0 0 0
1995 9 1 22 0 0 0 0 0 0
1995 1 2 22 0 0 0 0 0 0
1995 2 2 22 0 0 0 0 0 0
1995 3 2 22 0 0 0 0 0 0
1995 4 2 22 0 0 0 0 0 0
1995 5 2 22 0 0 0 0 0 0
1995 6 2 22 0 0 0 0 0 0
1995 7 2 22 0 0 0 0 0 0
1995 8 2 22 0 0 0 0 0 0
1995 9 2 22 0 0 0 0 0 0
1995 1 1 23 0 0 0 0 0 0
1995 2 1 23 0 0 0 0 0 0
1995 3 1 23 0 0 0 0 0 0
1995 4 1 23 0 0 0 0 0 0
1995 5 1 23 0 0 0 0 0 0
1995 6 1 23 0 0 0 0 0 0
1995 7 1 23 0 0 0 0 0 0
1995 8 1 23 0 0 0 0 0 0
1995 9 1 23 0 0 0 0 0 0
1995 1 2 23 0 0 0 0 0 0
1995 2 2 23 0 0 0 0 0 0
1995 3 2 23 0 0 0 0 0 0
1995 4 2 23 0 0 0 0 0 0
1995 5 2 23 0 0 0 0 0 0
1995 6 2 23 0 0 0 0 0 0
1995 7 2 23 0 0 0 0 0 0
1995 8 2 23 0 0 0 0 0 0
1995 9 2 23 0 0 0 0 0 0
1995 1 1 24 0 1.51336e-05 0 0 1 0
1995 2 1 24 0 0 0 0 0 0
1995 3 1 24 0 8.82924e-05 0 0 0.5 0
1995 4 1 24 0 0 0 0 0 0
1995 5 1 24 0 0 0 0 0 0
1995 6 1 24 0 0 0 0 0 0
1995 7 1 24 0 0 0 0 0 0
1995 8 1 24 0 0 0 0 0 0
1995 9 1 24 0 0 0 0 0 0
1995 1 2 24 0 0 0 0 0 0
1995 2 2 24 0 0 0 0 0 0
1995 3 2 24 0 8.82924e-05 0 0 0.5 0
1995 4 2 24 0 0 0 0 0 0
1995 5 2 24 0 0 0 0 0 0
1995 6 2 24 0 0 0 0 0 0
1995 7 2 24 0 0 0 0 0 0
1995 8 2 24 0 0 0 0 0 0
1995 9 2 24 0 0 0 0 0 0
1995 1 1 25 0 0 0 0 0 0
1995 2 1 25 0 0.00413223 0 0 0.5 0
1995 3 1 25 0 0 0 0 0 0
1995 4 1 25 0 0 0 0 0 0
1995 5 1 25 0 0 0 0 0 0
1995 6 1 25 0 0 0 0 0 0
1995 7 1 25 0 0 0 0 0 0
1995 8 1 25 0 0 0 0 0 0
1995 9 1 25 0 0 0 0 0 0
1995 1 2 25 0 0 0 0 0 0
1995 2 2 25 0 0.00413223 0 0 0.5 0
1995 3 2 25 0 0 0 0 0 0
1995 4 2 25 0 0 0 0 0 0
1995 5 2 25 0 0 0 0 0 0
1995 6 2 25 0 0 0 0 0 0
1995 7 2 25 0 0 0 0 0 0
1995 8 2 25 0 0 0 0 0 0
1995 9 2 25 0 0 0 0 0 0
1995 1 1 26 0 0 0 0 0 0
1995 2 1 26 0 0 0 0 0 0
1995 3 1 26 0 0 0 0 0 0
1995 4 1 26 0 0 0 0 0 0
1995 5 1 26 0 0 0 0 0 0
1995 6 1 26 0 0 0 0 0 0
1995 7 1 26 0 0 0 0 0 0
1995 8 1 26 0 0 0 0 0 0
1995 9 1 26 0 0 0 0 0 0
1995 1 2 26 0 0 0 0 0 0
1995 2 2 26 0 0 0 0 0 0
1995 3 2 26 0 0 0 0 0 0
1995 4 2 26 0 0 0 0 0 0
1995 5 2 26 0 0 0 0 0 0
1995 6 2 26 0 0 0 0 0 0
1995 7 2 26 0 0 0 0 0 0
1995 8 2 26 0 0 0 0 0 0
1995 9 2 26 0 0 0 0 0 0
1995 1 1 27 0 0 0.2 1 0 0
1995 2 1 27 0 0 0.2 0 0 0
1995 3 1 27 0.340126 0.000441462 0.2 0 2.5 0
1995 4 1 27 0 0 0.2 0 0 0
1995 5 1 27 0 0 0.2 0 0 0
1995 6 1 27 0 0 0.2 0 0 0
1995 7 1 27 0 0 0.2 0 0 0
1995 8 1 27 0 0 0.2 0 0 0
1995 9 1 27 0 0 0.2 0 0 0
1995 1 2 27 0 0 0.2 1 0 0
1995 2 2 27 0 0 0.2 0 0 0
1995 3 2 27 0.340126 0.000441462 0.2 1 2.5 0
1995 4 2 27 0 0 0.2 0 0 0
1995 5 2 27 0 0 0.2 0 0 0
1995 6 2 27 0 0 0.2 0 0 0
1995 7 2 27 0 0 0.2 0 0 0
1995 8 2 27 0 0 0.2 0 0 0
1995 9 2 27 0 0 0.2 0 0 0
1995 1 1 28 0.0731303 7.56681e-06 0.2 1 0.5 0
1995 2 1 28 1.26066 0.00413223 0.2 0 0.5 0
1995 3 1 28 0.13605 0.000176585 0.2 0 1 0
1995 4 1 28 0.045986 1.80734e-05 0.2 0 0.5 0
1995 5 1 28 0 0 0.2 0 0 0
1995 6 1 28 0 0 0.2 0 0 0
1995 7 1 28 0 0 0.2 0 0 0
1995 8 1 28 0 0 0.2 0 0 0
1995 9 1 28 0 0 0.2 0 0 0
1995 1 2 28 0.0731303 7.56681e-06 0.2 0 0.5 0
1995 2 2 28 1.26066 0.00413223 0.2 0 0.5 0
1995 3 2 28 0.13605 0.000176585 0.2 0 1 0
1995 4 2 28 0.045986 1.80734e-05 0.2 0 0.5 0
1995 5 2 28 0 0 0.2 0 0 0
1995 6 2 28 0 0 0.2 0 0 0
1995 7 2 28 0 0 0.2 0 0 0
1995 8 2 28 0 0 0.2 0 0 0
1995 9 2 28 0 0 0.2 0 0 0
1995 1 1 29 0 0 0 0 0 0
1995 2 1 29 0 0 0 0 0 0
1995 3 1 29 0 0.000971217 0 0 5.5 0
1995 4 1 29 0 5.42201e-05 0 0 1.5 0
1995 5 1 29 0 0 0 0 0 0
1995 6 1 29 0 0 0 0 0 0
1995 7 1 29 0 0 0 0 0 0
1995 8 1 29 0 0 0 0 0 0
1995 9 1 29 0 0 0 0 0 0
1995 1 2 29 0 0 0 0 0 0
1995 2 2 29 0 0 0 0 0 0
1995 3 2 29 0 0.000794632 0 0 4.5 0
1995 4 2 29 0 1.80734e-05 0 0 0.5 0
1995 5 2 29 0 0 0 0 0 0
1995 6 2 29 0 0 0 0 0 0
1995 7 2 29 0 0 0 0 0 0
1995 8 2 29 0 0 0 0 0 0
1995 9 2 29 0 0 0 0 0 0
1995 1 1 30 0 0 0.26 3 0 0
1995 2 1 30 0 0 0.3 0 0 0
1995 3 1 30 0.0680252 8.82924e-05 0.3 0 0.5 0
1995 4 1 30 0.091972 3.61468e-05 0.3 0 1 0
1995 5 1 30 0 0 0.3 0 0 0
1995 6 1 30 0 0 0.3 0 0 0
1995 7 1 30 0 0 0.3 0 0 0
1995 8 1 30 0 0 0.3 0 0 0
1995 9 1 30 0 0 0.3 0 0 0
1995 1 2 30 0.146261 1.51336e-05 0.24 2 1 0
1995 2 2 30 0 0 0.26 0 0 0
1995 3 2 30 0.0680252 8.82924e-05 0.26 0 0.5 0
1995 4 2 30 0 0 0.26 0 0 0
1995 5 2 30 0 0 0.26 0 0 0
1995 6 2 30 0 0 0.26 0 0 0
1995 7 2 30 0 0 0.26 0 0 0
1995 8 2 30 0 0 0.26 0 0 0
1995 9 2 30 0 0 0.26 0 0 0
1995 1 1 31 0.438782 4.54009e-05 0.465 4 3 0
1995 2 1 31 0 0 0.775 0 0 0
1995 3 1 31 0.13605 0.000176585 0.775 0 1 0
1995 4 1 31 0 0 0.775 0 0 0
1995 5 1 31 0 0 0.775 0 0 0
1995 6 1 31 0 0 0.775 0 0 0
1995 7 1 31 0.156504 3.86384e-05 1.5 1 2 0
1995 8 1 31 0 0 0.775 0 0 0
1995 9 1 31 0 0 0.775 0 0 0
1995 1 2 31 0.438782 4.54009e-05 0.313333 6 3 0
1995 2 2 31 0 0 0.324 0 0 0
1995 3 2 31 0.408151 0.000529755 0.324 0 3 0
1995 4 2 31 0 0 0.324 0 0 0
1995 5 2 31 0 0 0.324 0 0 0
1995 6 2 31 0 0 0.324 0 0 0
1995 7 2 31 0 0 0.324 0 0 0
1995 8 2 31 0 0 0.324 0 0 0
1995 9 2 31 0 0 0.324 0 0 0
1995 1 1 32 0.146261 1.51336e-05 0.247143 7 1 0
1995 2 1 32 0 0 0.33 0 0 0
1995 3 1 32 0.680252 0.000882924 0.33 0 5 0
1995 4 1 32 0.045986 1.80734e-05 0.33 0 0.5 0
1995 5 1 32 0 0 0.33 0 0 0
1995 6 1 32 0 0 0.33 0 0 0
1995 7 1 32 0.0782522 1.93192e-05 0.33 0 1 0
1995 8 1 32 0 0 0.33 0 0 0
1995 9 1 32 0 0 0.33 0 0 0
1995 1 2 32 0.146261 1.51336e-05 0.297 10 1 0
1995 2 2 32 0 0 0.6275 0 0 0
1995 3 2 32 0.680252 0.000882924 0.6275 0 5 0
1995 4 2 32 0.045986 1.80734e-05 0.85 1 0.5 0
1995 5 2 32 0 0 0.6275 0 0 0
1995 6 2 32 0 0 0.6275 0 0 0
1995 7 2 32 0.0782522 1.93192e-05 1.94 1 1 0
1995 8 2 32 0 0 0.6275 0 0 0
1995 9 2 32 0 0 0.6275 0 0 0
1995 1 1 33 1.09695 0.000113502 0.4 12 7.5 0
1995 2 1 33 0 0 0.687273 0 0 0
1995 3 1 33 0.272101 0.00035317 0.687273 0 2 0
1995 4 1 33 0 0 0.687273 0 0 0
1995 5 1 33 0 0 0.687273 0 0 0
1995 6 1 33 0 0 0.687273 0 0 0
1995 7 1 33 0.0782522 1.93192e-05 1.765 2 1 0
1995 8 1 33 0 0 0.687273 0 0 0
1995 9 1 33 0 0 0.687273 0 0 0
1995 1 2 33 0.804433 8.3235e-05 0.353333 9 5.5 0
1995 2 2 33 0 0 1.16111 0 0 0
1995 3 2 33 0.13605 0.000176585 1.65 1 1 0
1995 4 2 33 0 0 3.195 2 0 0
1995 5 2 33 0 0 1.16111 0 0 0
1995 6 2 33 0 0 1.16111 0 0 0
1995 7 2 33 0 0 1.16111 0 0 0
1995 8 2 33 0 0 1.16111 0 0 0
1995 9 2 33 0 0 1.16111 0 0 0
1995 1 1 34 0.877563 9.08018e-05 0.322222 9 6 0
1995 2 1 34 0 0 0.354 0 0 0
1995 3 1 34 0.884328 0.0011478 0.354 0 6.5 0
1995 4 1 34 0.045986 1.80734e-05 0.354 0 0.5 0
1995 5 1 34 0 0 0.354 0 0 0
1995 6 1 34 0 0 0.354 0 0 0
1995 7 1 34 0 0 0.354 0 0 0
1995 8 1 34 0 0 0.354 0 0 0
1995 9 1 34 0 0 0.354 0 0 0
1995 1 2 34 1.90139 0.000196737 0.433333 15 13 0
1995 2 2 34 0 0 0.488182 0 0 0
1995 3 2 34 0.748278 0.000971217 0.488182 0 5.5 0
1995 4 2 34 0.045986 1.80734e-05 0.488182 0 0.5 0
1995 5 2 34 0 0 0.488182 0 0 0
1995 6 2 34 0 0 0.488182 0 0 0
1995 7 2 34 0.0782522 1.93192e-05 0.488182 0 1 0
1995 8 2 34 0 0 0.488182 0 0 0
1995 9 2 34 0 0 0.488182 0 0 0
1995 1 1 35 2.55956 0.000264839 0.419231 13 17.5 0
1995 2 1 35 0 0 0.439091 0 0 0
1995 3 1 35 0.408151 0.000529755 0.439091 0 3 0
1995 4 1 35 0.091972 3.61468e-05 0.439091 0 1 0
1995 5 1 35 0 0 0.439091 0 0 0
1995 6 1 35 0 0 0.439091 0 0 0
1995 7 1 35 0 0 0.439091 0 0 0
1995 8 1 35 0 0 0.439091 0 0 0
1995 9 1 35 0 0 0.439091 0 0 0
1995 1 2 35 2.70582 0.000279972 0.485333 15 18.5 0
1995 2 2 35 0 0 0.512308 0 0 0
1995 3 2 35 0.272101 0.00035317 0.512308 0 2 0
1995 4 2 35 0.091972 3.61468e-05 0.512308 0 1 0
1995 5 2 35 0 0 0.512308 0 0 0
1995 6 2 35 0 0 0.512308 0 0 0
1995 7 2 35 0 0 0.512308 0 0 0
1995 8 2 35 0 0 0.512308 0 0 0
1995 9 2 35 0 0 0.512308 0 0 0
1995 1 1 36 2.63269 0.000272405 0.557368 19 18 0
1995 2 1 36 0 0 0.5575 0 0 0
1995 3 1 36 0.544202 0.000706339 0.536667 3 4 0
1995 4 1 36 0.275916 0.00010844 0.51 1 3 0
1995 5 1 36 0 0 0.5575 0 0 0
1995 6 1 36 0 0 0.5575 0 0 0
1995 7 1 36 0.234757 5.79576e-05 0.5575 0 3 0
1995 8 1 36 0 0 0.5575 0 0 0
1995 9 1 36 0 0 0.5575 0 0 0
1995 1 2 36 2.19391 0.000227004 0.4575 16 15 0
1995 2 2 36 0 0 0.546111 0 0 0
1995 3 2 36 0.544202 0.000706339 0.63 1 4 0
1995 4 2 36 0.183944 7.22935e-05 0.546111 0 2 0
1995 5 2 36 0 0 0.546111 0 0 0
1995 6 2 36 0 0 0.546111 0 0 0
1995 7 2 36 0 0 0.86 4 0 0
1995 8 2 36 0 0 0.546111 0 0 0
1995 9 2 36 0 0 0.546111 0 0 0
1995 1 1 37 3.36399 0.000348073 0.505 16 23 0
1995 2 1 37 1.26066 0.00413223 0.85 1 0.5 0
1995 3 1 37 0.544202 0.000706339 0.72 1 4 0
1995 4 1 37 0.22993 9.03669e-05 0.551111 0 2.5 0
1995 5 1 37 0 0 0.551111 0 0 0
1995 6 1 37 0 0 0.551111 0 0 0
1995 7 1 37 0 0 0.61 1 0 0
1995 8 1 37 0 0 0.551111 0 0 0
1995 9 1 37 0 0 0.551111 0 0 0
1995 1 2 37 2.34017 0.000242138 0.619048 21 16 0
1995 2 2 37 1.26066 0.00413223 0.658333 0 0.5 0
1995 3 2 37 0.544202 0.000706339 0.6 1 4 0
1995 4 2 37 0.321902 0.000126514 0.66 2 3.5 0
1995 5 2 37 0 0 0.658333 0 0 0
1995 6 2 37 0 0 0.658333 0 0 0
1995 7 2 37 0.0782522 1.93192e-05 1.22 1 1 0
1995 8 2 37 0 0 0.658333 0 0 0
1995 9 2 37 0 0 0.658333 0 0 0
1995 1 1 38 4.31469 0.000446442 0.595625 16 29.5 0
1995 2 1 38 0 0 0.724091 0 0 0
1995 3 1 38 0.272101 0.00035317 0.616667 3 2 0
1995 4 1 38 0.505846 0.000198807 1.03667 3 5.5 0
1995 5 1 38 0 0 0.724091 0 0 0
1995 6 1 38 0 0 0.724091 0 0 0
1995 7 1 38 0 0 0.926667 3 0 0
1995 8 1 38 0 0 0.724091 0 0 0
1995 9 1 38 0 0 0.724091 0 0 0
1995 1 2 38 4.60721 0.000476709 0.628077 26 31.5 0
1995 2 2 38 0 0 0.708846 0 0 0
1995 3 2 38 0.272101 0.00035317 0.708846 0 2 0
1995 4 2 38 0.781762 0.000307247 0.55 2 8.5 0
1995 5 2 38 0 0 0.708846 0 0 0
1995 6 2 38 0 0 0.708846 0 0 0
1995 7 2 38 0.156504 3.86384e-05 2.34 1 2 0
1995 8 2 38 0 0 0.708846 0 0 0
1995 9 2 38 0 0 0.708846 0 0 0
1995 1 1 39 6.06981 0.000628046 0.696875 32 41.5 0
1995 2 1 39 0 0 0.9 1 0 0
1995 3 1 39 0.340126 0.000441462 0.754054 0 2.5 0
1995 4 1 39 1.24162 0.000487981 0.81 1 13.5 0
1995 5 1 39 0 0 0.754054 0 0 0
1995 6 1 39 0 0 0.754054 0 0 0
1995 7 1 39 0.156504 3.86384e-05 1.29667 3 2 0
1995 8 1 39 0 0 0.754054 0 0 0
1995 9 1 39 0 0 0.754054 0 0 0
1995 1 2 39 6.65486 0.00068858 0.703913 23 45.5 0
1995 2 2 39 0 0 0.794828 0 0 0
1995 3 2 39 0.476177 0.000618047 0.75 1 3.5 0
1995 4 2 39 1.14965 0.000451834 0.92 1 12.5 0
1995 5 2 39 0 0 0.794828 0 0 0
1995 6 2 39 0 0 0.794828 0 0 0
1995 7 2 39 0.0782522 1.93192e-05 1.2975 4 1 0
1995 8 2 39 0 0 0.794828 0 0 0
1995 9 2 39 0 0 0.794828 0 0 0
1995 1 1 40 8.55624 0.000885317 0.769565 23 58.5 0
1995 2 1 40 1.26066 0.00413223 0.847333 0 0.5 0
1995 3 1 40 0.748278 0.000971217 0.766667 3 5.5 0
1995 4 1 40 0.873734 0.000343394 1.57333 3 9.5 0
1995 5 1 40 0 0 0.847333 0 0 0
1995 6 1 40 0 0 0.847333 0 0 0
1995 7 1 40 0.156504 3.86384e-05 0.7 1 2 0
1995 8 1 40 0 0 0.847333 0 0 0
1995 9 1 40 0 0 0.847333 0 0 0
1995 1 2 40 7.53242 0.000779382 0.816667 15 51.5 1
1995 2 2 40 1.26066 0.00413223 1.02963 0 0.5 0
1995 3 2 40 0.340126 0.000441462 0.85 2 2.5 0
1995 4 2 40 1.05768 0.000415688 1.27143 7 11.5 0
1995 5 2 40 0 0 1.02963 0 0 0
1995 6 2 40 0 0 1.02963 0 0 0
1995 7 2 40 0 0 1.65 3 0 0
1995 8 2 40 0 0 1.02963 0 0 0
1995 9 2 40 0 0 1.02963 0 0 0
1995 1 1 41 9.94572 0.00102909 0.787647 17 68 0
1995 2 1 41 0 0 0.867576 0 0 0
1995 3 1 41 0.204076 0.000264877 0.95 4 1.5 0
1995 4 1 41 2.39127 0.000939816 0.93625 8 26 0
1995 5 1 41 0 0 0.867576 0 0 0
1995 6 1 41 0 0 0.867576 0 0 0
1995 7 1 41 0.469513 0.000115915 0.9875 4 6 0
1995 8 1 41 0 0 0.867576 0 0 0
1995 9 1 41 0 0 0.867576 0 0 0
1995 1 2 41 7.89807 0.000817216 0.787407 27 54 0
1995 2 2 41 0 0 0.75 1 0 0
1995 3 2 41 0.0680252 8.82924e-05 0.792857 7 0.5 0
1995 4 2 41 2.57521 0.00101211 0.91 11 28 0
1995 5 2 41 0 0 0.815 0 0 0
1995 6 2 41 0 0 0.815 0 0 0
1995 7 2 41 0.391261 9.6596e-05 0.775 2 5 0
1995 8 2 41 0 0 0.815 0 0 0
1995 9 2 41 0 0 0.815 0 0 0
1995 1 1 42 14.1873 0.00146796 0.890556 36 97 0
1995 2 1 42 5.04263 0.0165289 1 2 2 0
1995 3 1 42 0.204076 0.000264877 0.825 4 1.5 0
1995 4 1 42 2.39127 0.000939816 0.871429 7 26 0
1995 5 1 42 0 0 0.912931 0 0 0
1995 6 1 42 0 0 0.912931 0 0 0
1995 7 1 42 0.156504 3.86384e-05 1.12 7 2 0
1995 8 1 42 0 0 0.912931 0 0 0
1995 9 1 42 0 0 0.825 2 0 0
1995 1 2 42 13.0172 0.00134689 0.864828 29 89 0
1995 2 2 42 5.04263 0.0165289 0.911364 0 2 0
1995 3 2 42 0.340126 0.000441462 1.025 4 2.5 0
1995 4 2 42 2.02338 0.000795229 0.931429 7 22 0
1995 5 2 42 0 0 0.911364 0 0 0
1995 6 2 42 0 0 0.911364 0 0 0
1995 7 2 42 0.547766 0.000135234 1.1 4 7 0
1995 8 2 42 0 0 0.911364 0 0 0
1995 9 2 42 0 0 0.911364 0 0 0
1995 1 1 43 10.3845 0.00107449 0.933947 38 71 0
1995 2 1 43 1.26066 0.00413223 1.15 1 0.5 0
1995 3 1 43 0.0680252 8.82924e-05 1.01462 13 0.5 0
1995 4 1 43 2.48324 0.000975962 0.99 13 27 0
1995 5 1 43 0 0 0.88 1 0 0
1995 6 1 43 0 0 0.988 0 0 0
1995 7 1 43 0.469513 0.000115915 1.15778 9 6 0
1995 8 1 43 0 0 0.988 0 0 0
1995 9 1 43 0 0 0.92 1 0 0
1995 1 2 43 8.33685 0.000862617 1.05342 38 57 0
1995 2 2 43 1.26066 0.00413223 1.1075 0 0.5 0
1995 3 2 43 0.0680252 8.82924e-05 0.866667 3 0.5 0
1995 4 2 43 2.66719 0.00104826 1.286 10 29 0
1995 5 2 43 0 0 1.1075 0 0 0
1995 6 2 43 0 0 1.9 1 0 0
1995 7 2 43 0.391261 9.6596e-05 1.149 10 5 0
1995 8 2 43 0 0 1.1075 0 0 0
1995 9 2 43 0 0 0.94 3 0 0
1995 1 1 44 10.0188 0.00103665 0.988333 24 68.5 0
1995 2 1 44 5.04263 0.0165289 1.1125 4 2 0
1995 3 1 44 0.13605 0.000176585 1.06071 14 1 0
1995 4 1 44 3.54092 0.00139165 1.04071 14 38.5 0
1995 5 1 44 0 0 1.06667 0 0 0
1995 6 1 44 0 0 1.06667 0 0 0
1995 7 1 44 0.899901 0.000222171 1.1775 16 11.5 0
1995 8 1 44 0 0 1.06667 0 0 0
1995 9 1 44 0 0 1.12833 6 0 0
1995 1 2 44 12.0665 0.00124852 1.03641 39 82.5 1
1995 2 2 44 5.04263 0.0165289 1.01667 3 2 0
1995 3 2 44 0.408151 0.000529755 1.12125 8 3 0
1995 4 2 44 3.265 0.00128321 1.21 9 35.5 1
1995 5 2 44 0 0 1.10947 0 0 0
1995 6 2 44 0 0 1.10947 0 0 0
1995 7 2 44 0.899901 0.000222171 1.17833 12 11.5 0
1995 8 2 44 0 0 1.10947 0 0 0
1995 9 2 44 0 0 1.37 5 0 0
1995 1 1 45 18.0632 0.001869 1.10681 47 123.5 0
1995 2 1 45 5.04263 0.0165289 1.23333 3 2 0
1995 3 1 45 1.02038 0.00132439 1.1 18 7.5 0
1995 4 1 45 3.58691 0.00140972 1.27667 9 39 0
1995 5 1 45 0 0 1 1 0 0
1995 6 1 45 0 0 1.18604 0 0 0
1995 7 1 45 2.03456 0.000502299 1.3855 20 26 0
1995 8 1 45 0 0 1.18604 0 0 0
1995 9 1 45 0.143143 0.000810373 1.35667 3 1 0
1995 1 2 45 14.6992 0.00152093 1.08675 40 100.5 2
1995 2 2 45 5.04263 0.0165289 1.10833 6 2 0
1995 3 2 45 0.612227 0.000794632 1.17 10 4.5 0
1995 4 2 45 3.77085 0.00148202 1.15 14 41 0
1995 5 2 45 0 0 1.12731 0 0 0
1995 6 2 45 0 0 1.28 1 0 0
1995 7 2 45 1.7998 0.000444341 1.181 20 23 0
1995 8 2 45 0 0 1.12731 0 0 0
1995 9 2 45 0.143143 0.000810373 1.01 2 1 0
1995 1 1 46 20.769 0.00214898 1.24679 56 142 4
1995 2 1 46 10.0853 0.0330579 1.4875 4 4 0
1995 3 1 46 0.748278 0.000971217 1.17077 13 5.5 0
1995 4 1 46 4.50663 0.00177119 1.16 11 49 1
1995 5 1 46 0 0 1.30156 0 0 0
1995 6 1 46 0.10112 0.00242718 1.02 1 0.5 0
1995 7 1 46 2.73883 0.000676172 1.5063 27 35 0
1995 8 1 46 0 0 1.30156 0 0 0
1995 9 1 46 0.0715715 0.000405186 1.335 10 0.5 0
1995 1 2 46 15.9424 0.00164957 1.16732 41 109 0
1995 2 2 46 10.0853 0.0330579 1.19743 0 4 0
1995 3 2 46 1.29248 0.00167756 1.21636 22 9.5 0
1995 4 2 46 4.78254 0.00187963 1.33154 13 52 0
1995 5 2 46 0 0 1.19743 0 0 0
1995 6 2 46 0.10112 0.00242718 1.19743 0 0.5 0
1995 7 2 46 2.19106 0.000540937 1.16871 31 28 0
1995 8 2 46 0 0 1.19743 0 0 0
1995 9 2 46 0.0715715 0.000405186 1.19167 6 0.5 0
1995 1 1 47 32.3967 0.0033521 1.27044 68 221.5 3
1995 2 1 47 3.78198 0.0123967 1.725 2 1.5 0
1995 3 1 47 1.97273 0.00256048 1.25882 17 14.5 0
1995 4 1 47 5.05846 0.00198807 1.39 22 55 0
1995 5 1 47 0 0 1.315 0 0 0
1995 6 1 47 0 0 1.43 1 0 0
1995 7 1 47 5.12552 0.00126541 1.32689 45 65.5 0
1995 8 1 47 0 0 1.315 0 0 0
1995 9 1 47 0.143143 0.000810373 1.488 5 1 0
1995 1 2 47 24.6449 0.00255002 1.21784 51 168.5 2
1995 2 2 47 3.78198 0.0123967 1.68 5 1.5 0
1995 3 2 47 2.10878 0.00273707 1.26786 14 15.5 0
1995 4 2 47 5.15043 0.00202422 1.32296 27 56 1
1995 5 2 47 0 0 1.31 1 0 0
1995 6 2 47 0 0 1.28692 0 0 0
1995 7 2 47 3.71698 0.000917662 1.32211 38 47.5 0
1995 8 2 47 0 0 1.28692 0 0 0
1995 9 2 47 0.143143 0.000810373 1.236 10 1 0
1995 1 1 48 38.2471 0.00395744 1.3332 97 261.5 2
1995 2 1 48 10.0853 0.0330579 1.48333 3 4 0
1995 3 1 48 2.44891 0.00317853 1.28615 13 18 0
1995 4 1 48 8.13952 0.00319899 1.37054 37 88.5 0
1995 5 1 48 0 0 1.38448 0 0 0
1995 6 1 48 0 0 1.17 1 0 0
1995 7 1 48 6.80794 0.00168077 1.51716 67 87 0
1995 8 1 48 0 0 1.38448 0 0 0
1995 9 1 48 0.0715715 0.000405186 1.23333 15 0.5 0
1995 1 2 48 29.179 0.00301916 1.34919 62 199.5 1
1995 2 2 48 10.0853 0.0330579 1.925 2 4 0
1995 3 2 48 2.31286 0.00300194 1.32682 22 17 0
1995 4 2 48 8.13952 0.00319899 1.41893 28 88.5 1
1995 5 2 48 0 0 1.20333 3 0 0
1995 6 2 48 0 0 1.375 2 0 0
1995 7 2 48 7.66872 0.00189328 1.40212 66 98 0
1995 8 2 48 0 0 1.37696 0 0 0
1995 9 2 48 0.0715715 0.000405186 1.28571 7 0.5 0
1995 1 1 49 48.1197 0.00497896 1.42079 114 329 2
1995 2 1 49 3.78198 0.0123967 1.55 1 1.5 0
1995 3 1 49 2.85706 0.00370828 1.43273 22 21 0
1995 4 1 49 10.0249 0.00394 1.49732 41 109 0
1995 5 1 49 0 0 1.4125 4 0 0
1995 6 1 49 0 0 1.37571 7 0 0
1995 7 1 49 9.89891 0.00244388 1.44844 77 126.5 0
1995 8 1 49 0 0 1.43978 0 0 0
1995 9 1 49 0.143143 0.000810373 1.42 13 1 0
1995 1 2 49 43.1469 0.00446442 1.44191 89 295 2
1995 2 2 49 3.78198 0.0123967 1.9 4 1.5 0
1995 3 2 49 3.80941 0.00494438 1.33857 14 28 0
1995 4 2 49 9.10522 0.00357853 1.4893 43 99 3
1995 5 2 49 0 0 1.33 1 0 0
1995 6 2 49 0 0 1.572 5 0 0
1995 7 2 49 10.3684 0.00255979 1.44846 78 132.5 0
1995 8 2 49 0 0 1.45563 0 0 0
1995 9 2 49 0.143143 0.000810373 1.43182 11 1 0
1995 1 1 50 59.1624 0.00612155 1.54562 128 404.5 2
1995 2 1 50 3.78198 0.0123967 1.75833 6 1.5 0
1995 3 1 50 4.21756 0.00547413 1.48455 11 31 0
1995 4 1 50 12.4622 0.00489789 1.59897 58 135.5 1
1995 5 1 50 0 0 1.55429 0 0 0
1995 6 1 50 0 0 1.56333 6 0 0
1995 7 1 50 12.9507 0.00319733 1.52488 129 165.5 0
1995 8 1 50 0 0 1.55429 0 0 0
1995 9 1 50 0.501001 0.0028363 1.70417 12 3.5 0
1995 1 2 50 47.4615 0.00491086 1.46667 108 324.5 6
1995 2 2 50 3.78198 0.0123967 1.43 5 1.5 0
1995 3 2 50 2.44891 0.00317853 1.46286 21 18 0
1995 4 2 50 11.1746 0.00439183 1.59186 70 121.5 2
1995 5 2 50 0 0 1.56 1 0 0
1995 6 2 50 0 0 1.59333 3 0 0
1995 7 2 50 14.0463 0.00346779 1.55592 120 179.5 0
1995 8 2 50 0 0 1.52794 0 0 0
1995 9 2 50 0.644144 0.00364668 1.56545 11 4.5 0
1995 1 1 51 80.1508 0.00829323 1.66095 158 548 7
1995 2 1 51 6.30329 0.0206612 2.05 6 2.5 0
1995 3 1 51 5.44202 0.00706339 1.54917 12 40 0
1995 4 1 51 14.0257 0.00551238 1.72611 95 152.5 2
1995 5 1 51 0 0 1.51143 7 0 0
1995 6 1 51 0 0 1.95556 9 0 0
1995 7 1 51 16.9807 0.00419226 1.62275 153 217 0
1995 8 1 51 0 0 1.66205 0 0 0
1995 9 1 51 0.501001 0.0028363 1.55522 23 3.5 0
1995 1 2 51 59.8206 0.00618965 1.5697 133 409 7
1995 2 2 51 6.30329 0.0206612 1.4 1 2.5 0
1995 3 2 51 5.03387 0.00653364 1.56437 16 37 0
1995 4 2 51 11.8184 0.00464486 1.66615 78 128.5 0
1995 5 2 51 0 0 1.46 2 0 0
1995 6 2 51 0 0 1.61182 11 0 0
1995 7 2 51 15.0244 0.00370928 1.62268 112 192 1
1995 8 2 51 0 0 1.60779 0 0 0
1995 9 2 51 0.357858 0.00202593 1.60783 23 2.5 0
1995 1 1 52 79.6389 0.00824026 1.74549 164 544.5 8
1995 2 1 52 3.78198 0.0123967 2 2 1.5 0
1995 3 1 52 7.34673 0.00953558 1.61208 24 54 0
1995 4 1 52 15.7272 0.0061811 1.74299 97 171 2
1995 5 1 52 0 0 1.58 2 0 0
1995 6 1 52 0.40448 0.00970874 1.65 11 2 0
1995 7 1 52 19.5631 0.0048298 1.74984 182 250 2
1995 8 1 52 0 0 1.73398 0 0 0
1995 9 1 52 0.644144 0.00364668 1.66757 37 4.5 0
1995 1 2 52 65.7441 0.00680257 1.69025 162 449.5 4
1995 2 2 52 3.78198 0.0123967 1.76667 3 1.5 0
1995 3 2 52 4.62572 0.00600388 1.7725 12 34 0
1995 4 2 52 13.7958 0.00542201 1.74886 79 150 0
1995 5 2 52 0 0 1.63 4 0 0
1995 6 2 52 0.20224 0.00485437 1.65 6 1 0
1995 7 2 52 17.372 0.00428886 1.68632 144 222 0
1995 8 2 52 0 0 1.69773 0 0 0
1995 9 2 52 0.644144 0.00364668 1.62903 31 4.5 0
1995 1 1 53 95.5081 0.00988226 1.83609 179 653 12
1995 2 1 53 3.78198 0.0123967 1.9375 4 1.5 0
1995 3 1 53 6.05425 0.00785803 1.71 8 44.5 0
1995 4 1 53 19.3601 0.00760889 1.8239 118 210.5 5
1995 5 1 53 0 0 1.69 1 0 0
1995 6 1 53 0.10112 0.00242718 1.85727 11 0.5 0
1995 7 1 53 22.0671 0.00544801 1.81474 251 282 1
1995 8 1 53 0 0 1.715 2 0 0
1995 9 1 53 1.07357 0.0060778 1.74349 43 7.5 0
1995 1 2 53 80.7358 0.00835376 1.81294 160 552 8
1995 2 2 53 3.78198 0.0123967 1.825 4 1.5 0
1995 3 2 53 6.4624 0.00838778 1.822 10 47.5 0
1995 4 2 53 16.325 0.00641605 1.889 100 177.5 2
1995 5 2 53 0 0 2.14 1 0 0
1995 6 2 53 0.10112 0.00242718 1.78833 12 0.5 0
1995 7 2 53 23.7104 0.00585372 1.82904 240 303 1
1995 8 2 53 0 0 1.83291 0 0 0
1995 9 2 53 0.787287 0.00445705 1.80194 36 5.5 0
1995 1 1 54 110.792 0.0114637 1.88505 202 757.5 9
1995 2 1 54 1.26066 0.00413223 2 2 0.5 0
1995 3 1 54 5.37399 0.0069751 1.83571 7 39.5 0
1995 4 1 54 16.1411 0.00634376 2.0276 154 175.5 4
1995 5 1 54 0 0 1.97667 3 0 0
1995 6 1 54 0.30336 0.00728155 1.99 10 1.5 0
1995 7 1 54 25.5885 0.00631738 1.91967 301 327 1
1995 8 1 54 0 0 1.92709 0 0 0
1995 9 1 54 1.002 0.00567261 1.83019 52 7 0
1995 1 2 54 80.9552 0.00837646 1.87421 152 553.5 9
1995 2 2 54 1.26066 0.00413223 2.075 4 0.5 0
1995 3 2 54 5.9182 0.00768144 1.862 10 43.5 0
1995 4 2 54 16.1411 0.00634376 2.00096 125 175.5 2
1995 5 2 54 0 0 2.12667 3 0 0
1995 6 2 54 0.30336 0.00728155 1.84619 21 1.5 0
1995 7 2 54 28.3273 0.00699355 1.91962 260 362 0
1995 8 2 54 0 0 1.73 1 0 0
1995 9 2 54 1.14514 0.00648298 1.72676 37 8 0
1995 1 1 55 121.396 0.0125609 2.01147 211 830 11
1995 2 1 55 1.26066 0.00413223 2.01667 3 0.5 0
1995 3 1 55 7.2787 0.00944729 2.08667 9 53.5 0
1995 4 1 55 19.728 0.00775348 2.23956 158 214.5 3
1995 5 1 55 0 0 1.875 2 0 0
1995 6 1 55 0.10112 0.00242718 2.03444 18 0.5 0
1995 7 1 55 29.1881 0.00720606 2.03072 345 373 3
1995 8 1 55 0 0 2.0597 0 0 0
1995 9 1 55 0.858858 0.00486224 1.90698 53 6 0
1995 1 2 55 85.4162 0.00883804 2.01639 158 584 10
1995 2 2 55 1.26066 0.00413223 2.9 4 0.5 0
1995 3 2 55 7.8229 0.0101536 1.97647 17 57.5 0
1995 4 2 55 17.5207 0.00688596 2.06893 169 190.5 1
1995 5 2 55 0 0 2.05 4 0 0
1995 6 2 55 0.10112 0.00242718 1.8455 20 0.5 0
1995 7 2 55 33.1789 0.00819134 2.00143 287 424 0
1995 8 2 55 0 0 2.01445 0 0 0
1995 9 2 55 1.002 0.00567261 1.89042 48 7 0
1995 1 1 56 126.003 0.0130376 2.16706 238 861.5 14
1995 2 1 56 8.82461 0.0289256 2.23333 6 3.5 0
1995 3 1 56 8.29908 0.0107717 1.98063 16 61 0
1995 4 1 56 23.5448 0.00925357 2.23206 180 256 3
1995 5 1 56 0 0 2.15 2 0 0
1995 6 1 56 0.40448 0.00970874 2.07333 12 2 0
1995 7 1 56 32.5529 0.00803678 2.11596 394 416 3
1995 8 1 56 0 0 1.63 1 0 0
1995 9 1 56 1.86086 0.0105348 2.00348 66 13 0
1995 1 2 56 88.5608 0.00916341 2.18201 159 605.5 12
1995 2 2 56 8.82461 0.0289256 2.5 1 3.5 0
1995 3 2 56 6.53042 0.00847607 2.13692 13 48 0
1995 4 2 56 20.9696 0.00824146 2.15533 169 228 0
1995 5 2 56 0 0 1.73333 3 0 0
1995 6 2 56 0.20224 0.00485437 2.22667 15 1 0
1995 7 2 56 33.5702 0.00828793 2.15239 368 429 2
1995 8 2 56 0 0 2.15182 0 0 0
1995 9 2 56 1.57457 0.0089141 2.01463 41 11 0
1995 1 1 57 136.022 0.0140743 2.30801 216 930 6
1995 2 1 57 3.78198 0.0123967 2.16 5 1.5 0
1995 3 1 57 8.23105 0.0106834 2.50333 15 60.5 0
1995 4 1 57 24.9244 0.00979577 2.33912 194 271 3
1995 5 1 57 0 0 1.995 8 0 0
1995 6 1 57 0.40448 0.00970874 2.28654 26 2 0
1995 7 1 57 41.5519 0.0102585 2.22152 473 531 5
1995 8 1 57 0 0 1.89 2 0 0
1995 9 1 57 3.006 0.0170178 2.14231 65 21 0
1995 1 2 57 101.212 0.0104725 2.26626 190 692 7
1995 2 2 57 3.78198 0.0123967 2.78333 3 1.5 0
1995 3 2 57 6.32635 0.0082112 2.30563 16 46.5 0
1995 4 2 57 21.6134 0.00849449 2.3055 211 235 1
1995 5 2 57 0 0 2.12 4 0 0
1995 6 2 57 0 0 2.2352 25 0 0
1995 7 2 57 37.2481 0.00919594 2.21643 392 476 3
1995 8 2 57 0 0 2.24255 0 0 0
1995 9 2 57 2.86286 0.0162075 2.04458 48 20 0
1995 1 1 58 157.303 0.0162762 2.45313 243 1075.5 9
1995 2 1 58 5.04263 0.0165289 2.25 3 2 0
1995 3 1 58 11.3602 0.0147448 2.3624 25 83.5 0
1995 4 1 58 26.5339 0.0104283 2.50584 238 288.5 5
1995 5 1 58 0 0 2.3 1 0 0
1995 6 1 58 0.30336 0.00728155 2.235 18 1.5 0
1995 7 1 58 45.3472 0.0111955 2.31061 559 579.5 6
1995 8 1 58 0 0 1.94 1 0 0
1995 9 1 58 4.36586 0.0247164 2.15333 72 30.5 0
1995 1 2 58 103.918 0.0107524 2.28831 172 710.5 6
1995 2 2 58 5.04263 0.0165289 2.72 5 2 0
1995 3 2 58 9.99971 0.012979 2.38063 16 73.5 0
1995 4 2 58 23.5908 0.00927164 2.42865 192 256.5 5
1995 5 2 58 0 0 2.22667 3 0 0
1995 6 2 58 0.10112 0.00242718 2.3775 24 0.5 0
1995 7 2 58 44.4864 0.010983 2.37421 416 568.5 3
1995 8 2 58 0 0 2.3 1 0 0
1995 9 2 58 4.22272 0.023906 2.24511 47 29.5 0
1995 1 1 59 163.446 0.0169118 2.57415 248 1117.5 13
1995 2 1 59 6.30329 0.0206612 2.85 5 2.5 0
1995 3 1 59 13.9452 0.0180999 2.42174 23 102.5 0
1995 4 1 59 31.3165 0.012308 2.56123 228 340.5 6
1995 5 1 59 0 0 2.31 4 0 0
1995 6 1 59 0.10112 0.00242718 2.33733 30 0.5 0
1995 7 1 59 51.0596 0.0126058 2.44044 572 652.5 4
1995 8 1 59 0 0 2.04 1 0 0
1995 9 1 59 4.58058 0.0259319 2.40535 71 32 0
1995 1 2 59 115.619 0.0119631 2.50343 172 790.5 7
1995 2 2 59 6.30329 0.0206612 2.96429 7 2.5 0
1995 3 2 59 12.7207 0.0165107 2.4292 25 93.5 0
1995 4 2 59 26.9018 0.0105729 2.57961 204 292.5 6
1995 5 2 59 0 0 2.29 6 0 0
1995 6 2 59 0.30336 0.00728155 2.5 20 1.5 0
1995 7 2 59 49.1815 0.0121421 2.46974 498 628.5 6
1995 8 2 59 0 0 2.65 1 0 0
1995 9 2 59 4.29429 0.0243112 2.36839 62 30 0
1995 1 1 60 187.579 0.0194089 2.70651 281 1282.5 18
1995 2 1 60 3.78198 0.0123967 2.66 5 1.5 0
1995 3 1 60 16.9383 0.0219848 2.58944 18 124.5 0
1995 4 1 60 38.3523 0.0150732 2.7747 249 417 2
1995 5 1 60 0 0 2.325 2 0 0
1995 6 1 60 0.10112 0.00242718 2.45667 33 0.5 0
1995 7 1 60 59.7847 0.0147599 2.55516 630 764 4
1995 8 1 60 0 0 2.62324 0 0 0
1995 9 1 60 6.22672 0.0352512 2.46069 72 43.5 0
1995 1 2 60 130.391 0.0134916 2.60481 210 891.5 12
1995 2 2 60 3.78198 0.0123967 2.88333 6 1.5 0
1995 3 2 60 14.8975 0.019336 2.69615 13 109.5 0
1995 4 2 60 32.0062 0.0125791 2.67763 236 348 2
1995 5 2 60 0 0 2.37333 6 0 0
1995 6 2 60 0.505601 0.0121359 2.5213 23 2.5 0
1995 7 2 60 61.3498 0.0151462 2.58384 567 784 3
1995 8 2 60 0 0 2.575 2 0 0
1995 9 2 60 6.51301 0.036872 2.44047 64 45.5 0
1995 1 1 61 183.557 0.0189927 2.8422 282 1255 13
1995 2 1 61 5.04263 0.0165289 3.21 5 2 0
1995 3 1 61 20.5436 0.0266643 2.80786 28 151 0
1995 4 1 61 38.4903 0.0151274 2.90664 271 418.5 7
1995 5 1 61 0 0 2.28125 8 0 0
1995 6 1 61 0.30336 0.00728155 2.72818 33 1.5 0
1995 7 1 61 64.7929 0.0159963 2.65562 649 828 3
1995 8 1 61 0 0 2.345 2 0 0
1995 9 1 61 5.36786 0.030389 2.5685 80 37.5 0
1995 1 2 61 125.93 0.0130301 2.86252 226 861 11
1995 2 2 61 5.04263 0.0165289 3.11667 3 2 0
1995 3 2 61 18.0947 0.0234858 2.83207 29 133 0
1995 4 2 61 34.9034 0.0137177 2.86423 239 379.5 4
1995 5 2 61 0 0 2.52818 11 0 0
1995 6 2 61 0.30336 0.00728155 2.65911 45 1.5 0
1995 7 2 61 69.0967 0.0170588 2.74129 605 883 1
1995 8 2 61 0 0 2.5 2 0 0
1995 9 2 61 6.22672 0.0352512 2.49176 51 43.5 0
1995 1 1 62 207.251 0.0214444 2.94107 327 1417 16
1995 2 1 62 3.78198 0.0123967 3.05 7 1.5 0
1995 3 1 62 21.7 0.0281653 2.92647 34 159.5 0
1995 4 1 62 44.6984 0.0175673 2.99546 315 486 6
1995 5 1 62 0 0 2.59 4 0 0
1995 6 1 62 0.20224 0.00485437 2.75022 45 1 0
1995 7 1 62 80.8346 0.0199567 2.84277 621 1033 5
1995 8 1 62 0 0 2.3 1 0 0
1995 9 1 62 5.15315 0.0291734 2.6936 89 36 0
1995 1 2 62 141.141 0.014604 2.96612 224 965 11
1995 2 2 62 3.78198 0.0123967 3.03 5 1.5 0
1995 3 2 62 21.0198 0.0272824 2.88846 26 154.5 0
1995 4 2 62 43.7786 0.0172059 2.99373 284 476 7
1995 5 2 62 0 0 2.674 5 0 0
1995 6 2 62 0.20224 0.00485437 2.80625 32 1 0
1995 7 2 62 79.426 0.019609 2.85303 621 1015 1
1995 8 2 62 0 0 2.45 3 0 0
1995 9 2 62 5.43944 0.0307942 2.64162 74 38 0
1995 1 1 63 224.437 0.0232226 3.09365 299 1534.5 16
1995 2 1 63 3.78198 0.0123967 3.86 5 1.5 0
1995 3 1 63 23.7408 0.0308141 2.99029 35 174.5 0
1995 4 1 63 48.2853 0.018977 3.17765 307 525 6
1995 5 1 63 0 0 2.635 6 0 0
1995 6 1 63 0.808961 0.0194175 2.77408 49 4 0
1995 7 1 63 89.3249 0.0220529 2.91721 730 1141.5 4
1995 8 1 63 0 0 2.96 1 0 0
1995 9 1 63 6.15515 0.034846 2.82247 77 43 0
1995 1 2 63 157.449 0.0162914 3.18281 231 1076.5 12
1995 2 2 63 3.78198 0.0123967 3.525 2 1.5 0
1995 3 2 63 18.0267 0.0233975 3.145 22 132.5 0
1995 4 2 63 50.6765 0.0199169 3.07793 275 551 5
1995 5 2 63 0 0 2.67556 9 0 0
1995 6 2 63 0.808961 0.0194175 2.99523 44 4 0
1995 7 2 63 96.3676 0.0237916 2.98918 661 1231.5 6
1995 8 2 63 0 0 2.65 2 0 0
1995 9 2 63 6.29829 0.0356564 2.85218 78 44 0
1995 1 1 64 231.969 0.0240019 3.31709 289 1586 10
1995 2 1 64 7.56395 0.0247934 4.1375 4 3 0
1995 3 1 64 22.5844 0.0293131 3.33515 33 166 0
1995 4 1 64 48.1933 0.0189409 3.29321 293 524 5
1995 5 1 64 0 0 2.99 4 0 0
1995 6 1 64 0.606721 0.0145631 3.00673 55 3 0
1995 7 1 64 99.4977 0.0245644 3.06519 734 1271.5 8
1995 8 1 64 0 0 2.04 1 0 0
1995 9 1 64 4.50901 0.0255267 2.99816 87 31.5 0
1995 1 2 64 167.322 0.0173129 3.25726 237 1144 12
1995 2 2 64 7.56395 0.0247934 3.625 2 3 0
1995 3 2 64 17.8226 0.0231326 3.15692 26 131 0
1995 4 2 64 51.3204 0.0201699 3.25924 341 558 6
1995 5 2 64 0 0 3.02667 6 0 0
1995 6 2 64 0.808961 0.0194175 2.9774 50 4 0
1995 7 2 64 103.254 0.0254917 3.14824 712 1319.5 7
1995 8 2 64 0 0 3.17383 0 0 0
1995 9 2 64 4.50901 0.0255267 2.95638 94 31.5 0
1995 1 1 65 241.769 0.0250159 3.39488 291 1653 16
1995 2 1 65 10.0853 0.0330579 4.03333 6 4 0
1995 3 1 65 26.1217 0.0339043 3.32286 28 192 0
1995 4 1 65 58.2182 0.0228809 3.50653 331 633 4
1995 5 1 65 0 0 2.76143 7 0 0
1995 6 1 65 0.505601 0.0121359 3.23444 63 2.5 0
1995 7 1 65 102.745 0.0253661 3.20063 709 1313 5
1995 8 1 65 0 0 3.4 2 0 0
1995 9 1 65 3.86486 0.0218801 3.06918 61 27 0
1995 1 2 65 175.22 0.0181301 3.52263 247 1198 8
1995 2 2 65 10.0853 0.0330579 3.5 3 4 0
1995 3 2 65 20.2715 0.0263111 3.48 29 149 0
1995 4 2 65 60.8854 0.0239292 3.39964 333 662 5
1995 5 2 65 0 0 2.904 10 0 0
1995 6 2 65 0.30336 0.00728155 3.24904 52 1.5 0
1995 7 2 65 115.579 0.0285344 3.27475 682 1477 6
1995 8 2 65 0 0 3.27 2 0 0
1995 9 2 65 4.29429 0.0243112 3.165 80 30 0
1995 1 1 66 245.06 0.0253564 3.55934 287 1675.5 14
1995 2 1 66 2.52132 0.00826446 4.25 3 1 0
1995 3 1 66 24.9653 0.0324033 3.52143 28 183.5 0
1995 4 1 66 49.205 0.0193385 3.61867 323 535 3
1995 5 1 66 0 0 3.426 5 0 0
1995 6 1 66 0.40448 0.00970874 3.2364 50 2 0
1995 7 1 66 106.071 0.0261872 3.35775 658 1355.5 4
1995 8 1 66 0 0 3.45636 0 0 0
1995 9 1 66 4.58058 0.0259319 3.30721 68 32 0
1995 1 2 66 190.212 0.0196813 3.66658 231 1300.5 13
1995 2 2 66 2.52132 0.00826446 4.6625 4 1 0
1995 3 2 66 18.979 0.0246336 3.55833 24 139.5 0
1995 4 2 66 61.1613 0.0240376 3.55879 346 665 5
1995 5 2 66 0 0 3.04 7 0 0
1995 6 2 66 0.20224 0.00485437 3.30467 60 1 0
1995 7 2 66 118.591 0.0292782 3.4164 695 1515.5 3
1995 8 2 66 0 0 3.3 1 0 0
1995 9 2 66 4.29429 0.0243112 3.21477 65 30 0
1995 1 1 67 238.332 0.0246603 3.75898 275 1629.5 23
1995 2 1 67 5.04263 0.0165289 4.56167 6 2 0
1995 3 1 67 24.4891 0.0317853 3.74321 28 180 0
1995 4 1 67 56.7467 0.0223025 3.75885 279 617 1
1995 5 1 67 0 0 3.59143 7 0 0
1995 6 1 67 0.707841 0.0169903 3.48194 62 3.5 0
1995 7 1 67 103.88 0.0256462 3.46702 644 1327.5 6
1995 8 1 67 0 0 3.335 2 0 0
1995 9 1 67 4.58058 0.0259319 3.36443 70 32 0
1995 1 2 67 214.491 0.0221935 3.73783 253 1466.5 14
1995 2 2 67 5.04263 0.0165289 4.33 5 2 0
1995 3 2 67 19.0471 0.0247219 3.5456 25 140 0
1995 4 2 67 64.0125 0.0251581 3.74432 333 696 3
1995 5 2 67 0 0 3.16889 9 0 0
1995 6 2 67 0.910081 0.0218447 3.3668 75 4.5 0
1995 7 2 67 123.13 0.0303987 3.5699 705 1573.5 3
1995 8 2 67 0 0 3.3325 4 0 0
1995 9 2 67 5.15315 0.0291734 3.31586 70 36 0
1995 1 1 68 232.627 0.02407 3.8272 254 1590.5 15
1995 2 1 68 3.78198 0.0123967 3.74054 0 1.5 0
1995 3 1 68 17.4825 0.0226912 3.90333 12 128.5 0
1995 4 1 68 51.8262 0.0203687 3.94324 275 563.5 3
1995 5 1 68 0 0 3.53222 9 0 0
1995 6 1 68 0.505601 0.0121359 3.648 60 2.5 0
1995 7 1 68 103.41 0.0255303 3.63498 600 1321.5 7
1995 8 1 68 0 0 3.52 2 0 0
1995 9 1 68 3.72172 0.0210697 3.57373 51 26 0
1995 1 2 68 217.855 0.0225415 3.96636 239 1489.5 12
1995 2 2 68 3.78198 0.0123967 4.86667 3 1.5 0
1995 3 2 68 17.6185 0.0228677 3.83625 16 129.5 0
1995 4 2 68 67.5534 0.0265498 3.85067 371 734.5 2
1995 5 2 68 0 0 3.4875 8 0 0
1995 6 2 68 0.10112 0.00242718 3.55857 42 0.5 0
1995 7 2 68 126.808 0.0313068 3.7476 680 1620.5 3
1995 8 2 68 0 0 3.705 4 0 0
1995 9 2 68 3.43543 0.0194489 3.54015 68 24 0
1995 1 1 69 213.467 0.0220875 4.03573 246 1459.5 15
1995 2 1 69 2.52132 0.00826446 4.8 1 1 0
1995 3 1 69 17.9587 0.0233092 3.979 10 132 0
1995 4 1 69 49.4349 0.0194289 4.02378 249 537.5 3
1995 5 1 69 0 0 3.5675 4 0 0
1995 6 1 69 0.20224 0.00485437 3.788 40 1 0
1995 7 1 69 90.6161 0.0223716 3.76492 559 1158 7
1995 8 1 69 0 0 3.87858 0 0 0
1995 9 1 69 2.505 0.0141815 3.70128 47 17.5 0
1995 1 2 69 207.032 0.0214217 4.15412 255 1415.5 11
1995 2 2 69 2.52132 0.00826446 4.6 3 1 0
1995 3 2 69 15.7819 0.0204838 3.818 25 116 0
1995 4 2 69 64.3344 0.0252847 4.0711 326 699.5 4
1995 5 2 69 0 0 3.762 5 0 0
1995 6 2 69 0.606721 0.0145631 3.83175 40 3 0
1995 7 2 69 118.865 0.0293459 3.87883 650 1519 5
1995 8 2 69 0 0 3.44333 3 0 0
1995 9 2 69 2.79129 0.0158023 3.72922 64 19.5 0
1995 1 1 70 205.862 0.0213006 4.28726 234 1407.5 14
1995 2 1 70 3.78198 0.0123967 4.7 2 1.5 0
1995 3 1 70 19.8634 0.0257814 4.22273 11 146 0
1995 4 1 70 45.5261 0.0178926 4.31781 242 495 5
1995 5 1 70 0 0 3.785 6 0 0
1995 6 1 70 1.31456 0.0315534 3.95116 43 6.5 0
1995 7 1 70 84.0038 0.0207392 3.97662 524 1073.5 7
1995 8 1 70 0 0 3.93 2 0 0
1995 9 1 70 3.22072 0.0182334 4.03795 44 22.5 0
1995 1 2 70 209.079 0.0216335 4.40439 244 1429.5 11
1995 2 2 70 3.78198 0.0123967 4.95 2 1.5 0
1995 3 2 70 17.8226 0.0231326 4.17625 16 131 0
1995 4 2 70 56.2868 0.0221218 4.24988 322 612 4
1995 5 2 70 0 0 3.56833 6 0 0
1995 6 2 70 0.910081 0.0218447 3.945 52 4.5 0
1995 7 2 70 113.348 0.0279838 4.07071 630 1448.5 4
1995 8 2 70 0 0 3.67 1 0 0
1995 9 2 70 3.65015 0.0206645 3.93043 70 25.5 0
1995 1 1 71 167.615 0.0173431 4.44922 230 1146 17
1995 2 1 71 0 0 4.28431 0 0 0
1995 3 1 71 16.7342 0.0217199 4.52273 11 123 0
1995 4 1 71 41.3414 0.016248 4.42725 222 449.5 1
1995 5 1 71 0 0 3.83 5 0 0
1995 6 1 71 0.910081 0.0218447 4.14294 34 4.5 0
1995 7 1 71 71.2878 0.0175998 4.16201 442 911 4
1995 8 1 71 0 0 4 2 0 0
1995 9 1 71 2.21872 0.0125608 3.99838 37 15.5 0
1995 1 2 71 168.785 0.0174642 4.54118 237 1154 16
1995 2 2 71 0 0 5.3 1 0 0
1995 3 2 71 17.4145 0.0226029 4.50941 17 128 0
1995 4 2 71 52.378 0.0205856 4.47201 288 569.5 2
1995 5 2 71 0 0 3.73333 9 0 0
1995 6 2 71 0.707841 0.0169903 4.22809 47 3.5 0
1995 7 2 71 97.5023 0.0240717 4.2706 582 1246 6
1995 8 2 71 0 0 4 1 0 0
1995 9 2 71 2.64815 0.0149919 4.17122 49 18.5 0
1995 1 1 72 142.019 0.0146948 4.64014 218 971 16
1995 2 1 72 0 0 4.43644 0 0 0
1995 3 1 72 13.1289 0.0170404 4.52438 16 96.5 0
1995 4 1 72 38.6742 0.0151997 4.54494 164 420.5 1
1995 5 1 72 0 0 3.84 4 0 0
1995 6 1 72 1.5168 0.0364078 4.17969 32 7.5 0
1995 7 1 72 65.9666 0.0162861 4.30789 384 843 3
1995 8 1 72 0 0 4.43644 0 0 0
1995 9 1 72 1.35986 0.00769854 4.31903 31 9.5 0
1995 1 2 72 163.227 0.0168891 4.83394 231 1116 14
1995 2 2 72 0 0 4.9 1 0 0
1995 3 2 72 16.122 0.0209253 4.47 13 118.5 0
1995 4 2 72 53.1138 0.0208748 4.66771 236 577.5 3
1995 5 2 72 0 0 4.1575 8 0 0
1995 6 2 72 0.505601 0.0121359 4.34292 48 2.5 0
1995 7 2 72 87.0947 0.0215023 4.47325 493 1113 2
1995 8 2 72 0 0 4.02333 3 0 0
1995 9 2 72 1.64615 0.00931929 4.19349 43 11.5 0
1995 1 1 73 125.126 0.0129468 4.84544 195 855.5 17
1995 2 1 73 2.52132 0.00826446 4.60972 0 1 0
1995 3 1 73 9.65958 0.0125375 4.91364 11 71 0
1995 4 1 73 36.6968 0.0144226 4.69719 139 399 3
1995 5 1 73 0 0 4.95 2 0 0
1995 6 1 73 0.606721 0.0145631 4.3896 25 3 0
1995 7 1 73 57.1633 0.0141127 4.46289 315 730.5 2
1995 8 1 73 0 0 4.60972 0 0 0
1995 9 1 73 1.28829 0.00729335 4.30412 34 9 0
1995 1 2 73 149.551 0.0154741 5.01065 215 1022.5 13
1995 2 2 73 2.52132 0.00826446 4.74144 0 1 0
1995 3 2 73 11.9724 0.0155395 4.64143 7 88 0
1995 4 2 73 51.3204 0.0201699 4.78634 227 558 6
1995 5 2 73 0 0 4.31 8 0 0
1995 6 2 73 0 0 4.61129 31 0 0
1995 7 2 73 76.1786 0.0188072 4.64012 493 973.5 3
1995 8 2 73 0 0 4.39 2 0 0
1995 9 2 73 1.57457 0.0089141 4.45281 32 11 0
1995 1 1 74 120.08 0.0124247 5.11652 181 821 20
1995 2 1 74 1.26066 0.00413223 4.87713 0 0.5 0
1995 3 1 74 6.4624 0.00838778 4.16 3 47.5 0
1995 4 1 74 32.2822 0.0126875 5.04192 130 351 4
1995 5 1 74 0 0 4.445 4 0 0
1995 6 1 74 0.20224 0.00485437 4.52938 16 1 0
1995 7 1 74 47.4209 0.0117074 4.68767 262 606 2
1995 8 1 74 0 0 4.87713 0 0 0
1995 9 1 74 1.78929 0.0101297 4.64083 24 12.5 0
1995 1 2 74 133.243 0.0137867 5.19263 198 911 10
1995 2 2 74 1.26066 0.00413223 4.93744 0 0.5 0
1995 3 2 74 8.6392 0.0112131 4.96125 8 63.5 0
1995 4 2 74 43.5027 0.0170974 5.0045 191 473 2
1995 5 2 74 0 0 4.596 10 0 0
1995 6 2 74 0.808961 0.0194175 4.53971 34 4 0
1995 7 2 74 66.0449 0.0163054 4.87261 383 844 2
1995 8 2 74 0 0 4.93744 0 0 0
1995 9 2 74 2.36186 0.0133712 4.41929 42 16.5 0
1995 1 1 75 98.3602 0.0101774 5.25613 155 672.5 17
1995 2 1 75 0 0 5.02682 0 0 0
1995 3 1 75 7.14265 0.0092707 4.99167 6 52.5 0
1995 4 1 75 30.2588 0.0118923 5.16933 105 329 2
1995 5 1 75 0 0 4.69 1 0 0
1995 6 1 75 0.30336 0.00728155 4.65412 17 1.5 0
1995 7 1 75 43.7821 0.0108091 4.86162 247 559.5 3
1995 8 1 75 0 0 5.02682 0 0 0
1995 9 1 75 1.21672 0.00688817 4.89864 22 8.5 0
1995 1 2 75 114.741 0.0118723 5.47137 160 784.5 12
1995 2 2 75 0 0 5.13185 0 0 0
1995 3 2 75 7.95895 0.0103302 4.93333 9 58.5 0
1995 4 2 75 38.7202 0.0152178 5.18159 170 421 2
1995 5 2 75 0 0 4.96857 7 0 0
1995 6 2 75 0.505601 0.0121359 4.81406 32 2.5 0
1995 7 2 75 58.8066 0.0145184 5.03572 367 751.5 7
1995 8 2 75 0 0 4.4 1 0 0
1995 9 2 75 1.503 0.00850891 4.64357 28 10.5 0
1995 1 1 76 83.1491 0.00860347 5.4007 128 568.5 12
1995 2 1 76 0 0 5.20558 0 0 0
1995 3 1 76 5.64609 0.00732827 5.17857 7 41.5 0
1995 4 1 76 24.0967 0.00947045 5.35439 82 262 1
1995 5 1 76 0 0 4.7 6 0 0
1995 6 1 76 0.505601 0.0121359 5.282 10 2.5 0
1995 7 1 76 35.0961 0.00866466 5.0403 202 448.5 2
1995 8 1 76 0 0 5.20558 0 0 0
1995 9 1 76 0.858858 0.00486224 5.12706 17 6 0
1995 1 2 76 102.456 0.0106011 5.67157 166 700.5 17
1995 2 2 76 0 0 5.38339 0 0 0
1995 3 2 76 4.55769 0.00591559 5.30833 6 33.5 0
1995 4 2 76 33.5698 0.0131936 5.38466 133 365 0
1995 5 2 76 0 0 5.005 2 0 0
1995 6 2 76 0.505601 0.0121359 5.04688 16 2.5 0
1995 7 2 76 52.9376 0.0130694 5.25664 301 676.5 2
1995 8 2 76 0 0 6.7 1 0 0
1995 9 2 76 0.858858 0.00486224 5.25257 35 6 0
1995 1 1 77 69.4006 0.00718091 5.74453 137 474.5 11
1995 2 1 77 0 0 5.46633 0 0 0
1995 3 1 77 3.19719 0.00414974 6.11 5 23.5 0
1995 4 1 77 25.4302 0.00999458 5.58982 56 276.5 2
1995 5 1 77 0 0 4.975 2 0 0
1995 6 1 77 0.30336 0.00728155 4.86778 18 1.5 0
1995 7 1 77 30.4792 0.00752483 5.26137 153 389.5 1
1995 8 1 77 0 0 5.46633 0 0 0
1995 9 1 77 0.715715 0.00405186 4.953 10 5 0
1995 1 2 77 92.2173 0.00954175 6.06985 132 630.5 13
1995 2 2 77 0 0 6 1 0 0
1995 3 2 77 4.42164 0.00573901 5.72 8 32.5 0
1995 4 2 77 31.1325 0.0122357 5.65569 137 338.5 1
1995 5 2 77 0 0 4.83714 7 0 0
1995 6 2 77 0.707841 0.0169903 5.61889 18 3.5 0
1995 7 2 77 47.6947 0.011775 5.46667 285 609.5 8
1995 8 2 77 0 0 5.62131 0 0 0
1995 9 2 77 0.715715 0.00405186 4.91773 22 5 0
1995 1 1 78 61.21 0.00633342 5.96302 126 418.5 11
1995 2 1 78 2.52132 0.00826446 5.71649 0 1 0
1995 3 1 78 2.31286 0.00300194 6.165 2 17 0
1995 4 1 78 19.1302 0.00751853 5.73833 48 208 0
1995 5 1 78 0 0 4.9 2 0 0
1995 6 1 78 0.505601 0.0121359 5.5 12 2.5 0
1995 7 1 78 24.7668 0.00611452 5.48558 113 316.5 1
1995 8 1 78 0 0 5.71649 0 0 0
1995 9 1 78 1.28829 0.00729335 5.448 10 9 0
1995 1 2 78 85.7818 0.00887587 6.33561 148 586.5 10
1995 2 2 78 2.52132 0.00826446 5.82358 0 1 0
1995 3 2 78 3.94546 0.00512096 5.775 6 29 0
1995 4 2 78 29.1551 0.0114585 5.65417 115 317 1
1995 5 2 78 0 0 5.27 6 0 0
1995 6 2 78 0.910081 0.0218447 5.54214 14 4.5 0
1995 7 2 78 42.3736 0.0104613 5.63845 226 541.5 2
1995 8 2 78 0 0 5.82358 0 0 0
1995 9 2 78 1.14514 0.00648298 5.44 18 8 0
1995 1 1 79 53.0195 0.00548594 6.35391 115 362.5 16
1995 2 1 79 1.26066 0.00413223 5.975 0 0.5 0
1995 3 1 79 1.0884 0.00141268 5.01667 3 8 0
1995 4 1 79 19.8659 0.0078077 6.00263 38 216 1
1995 5 1 79 0 0 4.69 1 0 0
1995 6 1 79 1.11232 0.026699 5.562 5 5.5 0
1995 7 1 79 24.1799 0.00596963 5.67425 106 309 1
1995 8 1 79 0 0 6.22 1 0 0
1995 9 1 79 1.21672 0.00688817 5.22333 9 8.5 0
1995 1 2 79 73.2034 0.00757438 6.53468 139 500.5 12
1995 2 2 79 1.26066 0.00413223 6.03316 0 0.5 0
1995 3 2 79 2.31286 0.00300194 6.2 3 17 0
1995 4 2 79 29.3391 0.0115308 5.9799 104 319 3
1995 5 2 79 0 0 6.025 4 0 0
1995 6 2 79 0.30336 0.00728155 5.678 10 1.5 0
1995 7 2 79 35.9178 0.00886751 5.7851 206 459 3
1995 8 2 79 0 0 6.03316 0 0 0
1995 9 2 79 1.07357 0.0060778 5.67643 28 7.5 0
1995 1 1 80 50.7524 0.00525137 6.5832 103 347 13
1995 2 1 80 0 0 6.33229 0 0 0
1995 3 1 80 2.17681 0.00282536 6.33229 0 16 0
1995 4 1 80 18.0725 0.00710284 6.58333 36 196.5 0
1995 5 1 80 0 0 6.33229 0 0 0
1995 6 1 80 0.40448 0.00970874 6.184 5 2 0
1995 7 1 80 16.746 0.00413431 5.98678 87 214 2
1995 8 1 80 0 0 6.33229 0 0 0
1995 9 1 80 0.858858 0.00486224 6.04071 14 6 0
1995 1 2 80 69.4738 0.00718847 6.83492 132 475 18
1995 2 2 80 0 0 6.38746 0 0 0
1995 3 2 80 2.72101 0.0035317 6.73333 3 20 0
1995 4 2 80 24.4186 0.00959696 6.54084 83 265.5 1
1995 5 2 80 0 0 5.856 5 0 0
1995 6 2 80 0.808961 0.0194175 5.67077 13 4 0
1995 7 2 80 32.8659 0.00811406 6.13049 206 420 1
1995 8 2 80 0 0 6.38746 0 0 0
1995 9 2 80 0.858858 0.00486224 5.94722 18 6 0
1995 1 1 81 40.8067 0.00422228 7.00177 96 279 14
1995 2 1 81 0 0 6.63177 0 0 0
1995 3 1 81 1.22445 0.00158926 6.315 4 9 0
1995 4 1 81 13.7038 0.00538587 6.79469 32 149 0
1995 5 1 81 0 0 5.175 2 0 0
1995 6 1 81 0.505601 0.0121359 5.97 3 2.5 0
1995 7 1 81 14.6723 0.00362235 5.9364 50 187.5 0
1995 8 1 81 0 0 6.63177 0 0 0
1995 9 1 81 1.002 0.00567261 6.672 5 7 0
1995 1 2 81 65.671 0.006795 7.0569 100 449 15
1995 2 2 81 0 0 6.67109 0 0 0
1995 3 2 81 1.3605 0.00176585 6.085 2 10 0
1995 4 2 81 20.1419 0.00791614 6.65031 65 219 0
1995 5 2 81 0 0 5.75 2 0 0
1995 6 2 81 0.505601 0.0121359 6.25 9 2.5 0
1995 7 2 81 25.1581 0.00621112 6.547 160 321.5 5
1995 8 2 81 0 0 6.67109 0 0 0
1995 9 2 81 0.858858 0.00486224 6.1425 20 6 0
1995 1 1 82 31.0072 0.00320833 7.14808 73 212 14
1995 2 1 82 0 0 6.86335 0 0 0
1995 3 1 82 1.02038 0.00132439 7.1 1 7.5 0
1995 4 1 82 11.3585 0.00446412 7.09696 23 123.5 1
1995 5 1 82 0 0 6.86335 0 0 0
1995 6 1 82 0.40448 0.00970874 6.624 5 2 0
1995 7 1 82 13.8115 0.00340984 6.38979 47 176.5 2
1995 8 1 82 0 0 6.86335 0 0 0
1995 9 1 82 0.501001 0.0028363 6.37333 6 3.5 0
1995 1 2 82 53.3851 0.00552377 7.33839 118 365 12
1995 2 2 82 0 0 6.93088 0 0 0
1995 3 2 82 1.02038 0.00132439 7.4 5 7.5 0
1995 4 2 82 18.7163 0.00735586 6.85733 45 203.5 1
1995 5 2 82 0 0 6 2 0 0
1995 6 2 82 1.0112 0.0242718 6.33091 11 5 0
1995 7 2 82 23.5148 0.00580542 6.75737 133 300.5 1
1995 8 2 82 0 0 6.93088 0 0 0
1995 9 2 82 0.501001 0.0028363 5.81786 14 3.5 0
1995 1 1 83 26.6194 0.00275432 7.31047 85 182 14
1995 2 1 83 0 0 7.00455 0 0 0
1995 3 1 83 0.340126 0.000441462 7.00455 0 2.5 0
1995 4 1 83 12.8301 0.00504247 6.92 17 139.5 0
1995 5 1 83 0 0 7.00455 0 0 0
1995 6 1 83 0.505601 0.0121359 7.00455 0 2.5 0
1995 7 1 83 10.7206 0.00264673 6.4425 48 137 0
1995 8 1 83 0 0 7.00455 0 0 0
1995 9 1 83 0.501001 0.0028363 7.40667 6 3.5 0
1995 1 2 83 47.5347 0.00491843 7.78292 106 325 13
1995 2 2 83 0 0 7.30742 0 0 0
1995 3 2 83 0.748278 0.000971217 8 2 5.5 0
1995 4 2 83 18.7163 0.00735586 7.075 52 203.5 0
1995 5 2 83 0 0 7.30742 0 0 0
1995 6 2 83 0.910081 0.0218447 6.90375 8 4.5 0
1995 7 2 83 20.2673 0.00500367 7.07031 131 259 1
1995 8 2 83 0 0 7.30742 0 0 0
1995 9 2 83 0.501001 0.0028363 6.81545 11 3.5 0
1995 1 1 84 24.7912 0.00256515 7.65526 76 169.5 18
1995 2 1 84 0 0 7.35594 0 0 0
1995 3 1 84 0.340126 0.000441462 6.3 1 2.5 0
1995 4 1 84 9.70304 0.00381348 7.045 12 105.5 0
1995 5 1 84 0 0 7.35594 0 0 0
1995 6 1 84 0.40448 0.00970874 7.26 4 2 0
1995 7 1 84 8.76425 0.00216375 6.92385 39 112 2
1995 8 1 84 0 0 7.35594 0 0 0
1995 9 1 84 0.143143 0.000810373 6.63 1 1 0
1995 1 2 84 46.2915 0.00478979 8.09634 82 316.5 11
1995 2 2 84 0 0 7.43707 0 0 0
1995 3 2 84 0.612227 0.000794632 8.7 1 4.5 0
1995 4 2 84 15.0374 0.00590999 7.07463 41 163.5 0
1995 5 2 84 0 0 6.58333 3 0 0
1995 6 2 84 0.40448 0.00970874 6.73667 6 2 0
1995 7 2 84 17.2937 0.00426954 7.14317 104 221 1
1995 8 2 84 0 0 7.43707 0 0 0
1995 9 2 84 0.143143 0.000810373 7.17583 12 1 0
1995 1 1 85 19.4527 0.00201277 8.06718 71 133 13
1995 2 1 85 0 0 7.58203 0 0 0
1995 3 1 85 0.204076 0.000264877 7.58203 0 1.5 0
1995 4 1 85 8.09353 0.00318091 6.50308 13 88 0
1995 5 1 85 0 0 7.58203 0 0 0
1995 6 1 85 0 0 6.2 2 0 0
1995 7 1 85 8.02085 0.00198022 7.12872 39 102.5 1
1995 8 1 85 0 0 7.58203 0 0 0
1995 9 1 85 0.357858 0.00202593 7.59 3 2.5 0
1995 1 2 85 37.7352 0.00390448 8.25485 101 258 12
1995 2 2 85 0 0 7.76333 0 0 0
1995 3 2 85 0.340126 0.000441462 8.775 2 2.5 0
1995 4 2 85 12.0483 0.00473523 7.51737 38 131 0
1995 5 2 85 0 0 7.52 4 0 0
1995 6 2 85 1.41568 0.0339806 6.69818 11 7 0
1995 7 2 85 16.3156 0.00402805 7.45628 86 208.5 2
1995 8 2 85 0 0 7.76333 0 0 0
1995 9 2 85 0.357858 0.00202593 7.30286 7 2.5 0
1995 1 1 86 18.9407 0.00195981 8.40018 57 129.5 9
1995 2 1 86 0 0 7.95161 0 0 0
1995 3 1 86 0.13605 0.000176585 7.95161 0 1 0
1995 4 1 86 7.08184 0.0027833 7.59875 8 77 1
1995 5 1 86 0 0 7.4 1 0 0
1995 6 1 86 0 0 7.95161 0 0 0
1995 7 1 86 5.0864 0.00125575 7.07667 24 65 1
1995 8 1 86 0 0 7.95161 0 0 0
1995 9 1 86 0.357858 0.00202593 7.55333 3 2.5 0
1995 1 2 86 31.2266 0.00323103 8.68037 82 213.5 10
1995 2 2 86 0 0 8.12689 0 0 0
1995 3 2 86 0.13605 0.000176585 7.8 1 1 0
1995 4 2 86 12.7841 0.0050244 8.15297 37 139 1
1995 5 2 86 0 0 7.65 1 0 0
1995 6 2 86 0.20224 0.00485437 7.59167 6 1 0
1995 7 2 86 12.4421 0.00307175 7.73362 69 159 0
1995 8 2 86 0 0 8.12689 0 0 0
1995 9 2 86 0.357858 0.00202593 6.95769 13 2.5 0
1995 1 1 87 16.0887 0.0016647 8.71209 43 110 8
1995 2 1 87 0 0 8.29077 0 0 0
1995 3 1 87 0 0 8.29077 0 0 0
1995 4 1 87 7.17381 0.00281945 7.32091 11 78 0
1995 5 1 87 0 0 7.5 2 0 0
1995 6 1 87 0.606721 0.0145631 7.35 1 3 0
1995 7 1 87 5.3994 0.00133302 8.05619 21 69 1
1995 8 1 87 0 0 8.29077 0 0 0
1995 9 1 87 0.286286 0.00162075 8.29077 0 2 0
1995 1 2 87 29.3984 0.00304186 9.08211 76 201 13
1995 2 2 87 0 0 8.46668 0 0 0
1995 3 2 87 0.408151 0.000529755 8.6 2 3 0
1995 4 2 87 10.3928 0.00408458 8.31219 32 113 1
1995 5 2 87 0 0 6.53333 3 0 0
1995 6 2 87 0.20224 0.00485437 7.295 10 1 0
1995 7 2 87 11.1901 0.00276264 8.24828 64 143 2
1995 8 2 87 0 0 5.71 1 0 0
1995 9 2 87 0.286286 0.00162075 7.48625 8 2 0
1995 1 1 88 14.041 0.00145283 9.10717 53 96 9
1995 2 1 88 0 0 8.7304 0 0 0
1995 3 1 88 0 0 8.4 1 0 0
1995 4 1 88 5.97818 0.00234954 8.842 5 65 1
1995 5 1 88 0 0 8.7304 0 0 0
1995 6 1 88 0.40448 0.00970874 7.4 1 2 0
1995 7 1 88 5.2429 0.00129439 7.48143 14 67 1
1995 8 1 88 0 0 8.7304 0 0 0
1995 9 1 88 0.501001 0.0028363 7.35 1 3.5 0
1995 1 2 88 24.8643 0.00257272 9.45307 75 170 13
1995 2 2 88 0 0 8.73528 0 0 0
1995 3 2 88 0 0 9.8 1 0 0
1995 4 2 88 9.10522 0.00357853 8.53389 18 99 0
1995 5 2 88 0 0 8.37 1 0 0
1995 6 2 88 0.606721 0.0145631 8.17 4 3 0
1995 7 2 88 9.54677 0.00235694 8.16 69 122 1
1995 8 2 88 0 0 8.73528 0 0 0
1995 9 2 88 0.501001 0.0028363 7.61625 8 3.5 0
1995 1 1 89 12.2859 0.00127122 9.27712 52 84 9
1995 2 1 89 0 0 8.90973 0 0 0
1995 3 1 89 0.13605 0.000176585 8.90973 0 1 0
1995 4 1 89 4.69057 0.00184348 8.29 4 51 0
1995 5 1 89 0 0 8.90973 0 0 0
1995 6 1 89 0.40448 0.00970874 7.5 1 2 0
1995 7 1 89 3.91261 0.00096596 7.7 14 50 1
1995 8 1 89 0 0 8.90973 0 0 0
1995 9 1 89 0.357858 0.00202593 9.77 2 2.5 0
1995 1 2 89 23.2554 0.00240625 10.1965 63 159 9
1995 2 2 89 0 0 9.2269 0 0 0
1995 3 2 89 0.272101 0.00035317 9.2269 0 2 0
1995 4 2 89 7.90959 0.00310862 8.47722 18 86 0
1995 5 2 89 0 0 5.51 1 0 0
1995 6 2 89 0.40448 0.00970874 10.46 1 2 0
1995 7 2 89 8.37299 0.00206715 8.57283 53 107 0
1995 8 2 89 0 0 9.2269 0 0 0
1995 9 2 89 0.357858 0.00202593 8.06667 9 2.5 0
1995 1 1 90 8.77563 0.000908018 9.71667 33 60 9
1995 2 1 90 0 0 9.14642 0 0 0
1995 3 1 90 0.0680252 8.82924e-05 9.14642 0 0.5 0
1995 4 1 90 3.63289 0.0014278 9.2075 4 39.5 0
1995 5 1 90 0 0 9.14642 0 0 0
1995 6 1 90 0.40448 0.00970874 8.225 4 2 0
1995 7 1 90 2.66058 0.000656853 7.78 11 34 0
1995 8 1 90 0 0 9.14642 0 0 0
1995 9 1 90 0.143143 0.000810373 8.8 1 1 0
1995 1 2 90 22.2316 0.00230031 10.3244 70 152 12
1995 2 2 90 0 0 9.53845 0 0 0
1995 3 2 90 0.204076 0.000264877 10.5 1 1.5 0
1995 4 2 90 7.2198 0.00283752 8.845 14 78.5 1
1995 5 2 90 0 0 10.72 2 0 0
1995 6 2 90 0.20224 0.00485437 8.47 1 1 0
1995 7 2 90 7.0427 0.00173873 8.83731 52 90 2
1995 8 2 90 0 0 9.53845 0 0 0
1995 9 2 90 0.143143 0.000810373 8.15 8 1 0
1995 1 1 91 9.28755 0.000960986 10.1657 30 63.5 7
1995 2 1 91 0 0 9.69111 0 0 0
1995 3 1 91 0 0 9.69111 0 0 0
1995 4 1 91 3.72486 0.00146394 8.2075 4 40.5 0
1995 5 1 91 0 0 9.15 1 0 0
1995 6 1 91 0 0 10.2 2 0 0
1995 7 1 91 1.76068 0.000434682 9.07 16 22.5 0
1995 8 1 91 0 0 9.69111 0 0 0
1995 9 1 91 0.143143 0.000810373 10.85 1 1 0
1995 1 2 91 21.2809 0.00220194 10.7082 55 145.5 12
1995 2 2 91 0 0 9.91614 0 0 0
1995 3 2 91 0 0 9.91614 0 0 0
1995 4 2 91 6.02416 0.00236761 9.39067 15 65.5 0
1995 5 2 91 0 0 9.25 2 0 0
1995 6 2 91 0.40448 0.00970874 8.57 1 2 0
1995 7 2 91 4.96902 0.00122677 9.38604 48 63.5 0
1995 8 2 91 0 0 9.91614 0 0 0
1995 9 2 91 0.143143 0.000810373 8.65667 6 1 0
1995 1 1 92 8.11746 0.000839916 10.2432 38 55.5 11
1995 2 1 92 0 0 10.0056 0 0 0
1995 3 1 92 0 0 10.0056 0 0 0
1995 4 1 92 2.2993 0.000903669 11.73 1 25 0
1995 5 1 92 0 0 10.0056 0 0 0
1995 6 1 92 0.20224 0.00485437 8.88 1 1 0
1995 7 1 92 1.33029 0.000328426 8.90333 9 17 0
1995 8 1 92 0 0 10.0056 0 0 0
1995 9 1 92 0.214715 0.00121556 10.3 1 1.5 0
1995 1 2 92 16.6006 0.00171767 11.0743 42 113.5 8
1995 2 2 92 0 0 10.1734 0 0 0
1995 3 2 92 0 0 10.1734 0 0 0
1995 4 2 92 3.86282 0.00151816 9.50364 11 42 0
1995 5 2 92 0 0 10.1734 0 0 0
1995 6 2 92 0 0 8.8775 4 0 0
1995 7 2 92 4.85164 0.00119779 9.63091 33 62 0
1995 8 2 92 0 0 10.1734 0 0 0
1995 9 2 92 0.214715 0.00121556 6.48 2 1.5 0
1995 1 1 93 6.36233 0.000658313 10.5674 27 43.5 7
1995 2 1 93 0 0 10.2116 0 0 0
1995 3 1 93 0 0 10.2116 0 0 0
1995 4 1 93 2.6212 0.00103018 6.99 1 28.5 0
1995 5 1 93 0 0 10.2116 0 0 0
1995 6 1 93 0.40448 0.00970874 10.2116 0 2 0
1995 7 1 93 2.19106 0.000540937 9.87467 15 28 1
1995 8 1 93 0 0 10.2116 0 0 0
1995 9 1 93 0 0 8.88 1 0 0
1995 1 2 93 12.359 0.00127879 11.5455 51 84.5 15
1995 2 2 93 0 0 10.8292 0 0 0
1995 3 2 93 0.13605 0.000176585 10.8292 0 1 0
1995 4 2 93 4.73656 0.00186156 9.74 12 51.5 0
1995 5 2 93 0 0 9.6 1 0 0
1995 6 2 93 0.40448 0.00970874 9.5 1 2 0
1995 7 2 93 4.06912 0.0010046 10.2119 27 52 0
1995 8 2 93 0 0 10.8292 0 0 0
1995 9 2 93 0 0 9.982 5 0 0
1995 1 1 94 5.70416 0.000590212 10.6538 24 39 9
1995 2 1 94 0 0 10.0734 0 0 0
1995 3 1 94 0.13605 0.000176585 9 1 1 0
1995 4 1 94 1.9774 0.000777155 10.0734 0 21.5 0
1995 5 1 94 0 0 10.0734 0 0 0
1995 6 1 94 0.40448 0.00970874 10.0734 0 2 0
1995 7 1 94 1.33029 0.000328426 8.788 10 17 1
1995 8 1 94 0 0 10.0734 0 0 0
1995 9 1 94 0.0715715 0.000405186 10.0734 0 0.5 0
1995 1 2 94 13.7485 0.00142256 11.7495 43 94 9
1995 2 2 94 0 0 11.1597 0 0 0
1995 3 2 94 0.13605 0.000176585 11.1597 0 1 0
1995 4 2 94 3.81684 0.00150009 11.1822 9 41.5 0
1995 5 2 94 0 0 11.1597 0 0 0
1995 6 2 94 0.40448 0.00970874 9.49 1 2 0
1995 7 2 94 3.36485 0.000830725 10.1642 24 43 0
1995 8 2 94 0 0 11.1597 0 0 0
1995 9 2 94 0.0715715 0.000405186 11.1597 0 0.5 0
1995 1 1 95 6.21607 0.000643179 11.1361 23 42.5 7
1995 2 1 95 0 0 11.07 0 0 0
1995 3 1 95 0 0 11.07 0 0 0
1995 4 1 95 1.93141 0.000759082 11.07 0 21 0
1995 5 1 95 0 0 11.07 0 0 0
1995 6 1 95 0.606721 0.0145631 9.8 1 3 0
1995 7 1 95 1.17378 0.000289788 10.945 2 15 0
1995 8 1 95 0 0 11.07 0 0 0
1995 9 1 95 0.0715715 0.000405186 11.07 0 0.5 0
1995 1 2 95 13.0903 0.00135446 12.1386 37 89.5 9
1995 2 2 95 0 0 11.2665 0 0 0
1995 3 2 95 0.13605 0.000176585 11.2665 0 1 0
1995 4 2 95 3.03507 0.00119284 10.7157 7 33 0
1995 5 2 95 0 0 9.21 2 0 0
1995 6 2 95 0.606721 0.0145631 11.2665 0 3 0
1995 7 2 95 2.26931 0.000560257 10.3055 22 29 0
1995 8 2 95 0 0 11.2665 0 0 0
1995 9 2 95 0.0715715 0.000405186 10.2133 3 0.5 0
1995 1 1 96 4.16843 0.000431308 11.3673 22 28.5 9
1995 2 1 96 0 0 11.2211 0 0 0
1995 3 1 96 0 0 11.2211 0 0 0
1995 4 1 96 1.9774 0.000777155 11.2211 0 21.5 0
1995 5 1 96 0 0 11.2211 0 0 0
1995 6 1 96 0 0 11.2211 0 0 0
1995 7 1 96 0.626018 0.000154554 10.7567 3 8 1
1995 8 1 96 0 0 11.2211 0 0 0
1995 9 1 96 0.0715715 0.000405186 10.31 2 0.5 0
1995 1 2 96 7.82494 0.000809649 12.4559 32 53.5 9
1995 2 2 96 0 0 11.7376 0 0 0
1995 3 2 96 0 0 11.7376 0 0 0
1995 4 2 96 3.54092 0.00139165 11.1989 9 38.5 0
1995 5 2 96 0 0 11.7376 0 0 0
1995 6 2 96 0 0 11.7376 0 0 0
1995 7 2 96 2.42582 0.000598895 10.7762 16 31 1
1995 8 2 96 0 0 11.7376 0 0 0
1995 9 2 96 0.0715715 0.000405186 8.98 1 0.5 0
1995 1 1 97 3.65651 0.000378341 11.6362 16 25 7
1995 2 1 97 0 0 11.6359 0 0 0
1995 3 1 97 0 0 11.6359 0 0 0
1995 4 1 97 1.70148 0.000668715 11.6359 0 18.5 0
1995 5 1 97 0 0 11.6359 0 0 0
1995 6 1 97 0.40448 0.00970874 11.6359 0 2 0
1995 7 1 97 0.899901 0.000222171 11.808 5 11.5 0
1995 8 1 97 0 0 11.6359 0 0 0
1995 9 1 97 0.143143 0.000810373 10.77 1 1 0
1995 1 2 97 7.60555 0.000786949 13.047 43 52 10
1995 2 2 97 0 0 12.4019 0 0 0
1995 3 2 97 0 0 12.4019 0 0 0
1995 4 2 97 2.43726 0.000957889 11.288 5 26.5 0
1995 5 2 97 0 0 12.4019 0 0 0
1995 6 2 97 0 0 10.15 1 0 0
1995 7 2 97 2.85621 0.00070515 11.2956 18 36.5 0
1995 8 2 97 0 0 12.4019 0 0 0
1995 9 2 97 0.143143 0.000810373 12.4019 0 1 0
1995 1 1 98 3.07147 0.000317806 12.6232 19 21 7
1995 2 1 98 0 0 12.3952 0 0 0
1995 3 1 98 0 0 12.3952 0 0 0
1995 4 1 98 0.965706 0.000379541 10.43 1 10.5 0
1995 5 1 98 0 0 12.3952 0 0 0
1995 6 1 98 0 0 12.3952 0 0 0
1995 7 1 98 0.352135 8.69364e-05 11.6067 3 4.5 0
1995 8 1 98 0 0 12.3952 0 0 0
1995 9 1 98 0 0 12.3952 0 0 0
1995 1 2 98 7.75181 0.000802082 13.4104 27 53 6
1995 2 2 98 0 0 12.3612 0 0 0
1995 3 2 98 0 0 12.3612 0 0 0
1995 4 2 98 1.79345 0.000704862 9.49 1 19.5 0
1995 5 2 98 0 0 12.3612 0 0 0
1995 6 2 98 0.40448 0.00970874 11.43 1 2 0
1995 7 2 98 1.99543 0.000492639 10.6715 13 25.5 0
1995 8 2 98 0 0 12.3612 0 0 0
1995 9 2 98 0 0 9.8 1 0 0
1995 1 1 99 3.65651 0.000378341 11.5992 12 25 7
1995 2 1 99 0 0 11.3433 0 0 0
1995 3 1 99 0 0 11.3433 0 0 0
1995 4 1 99 1.05768 0.000415688 10.2 1 11.5 0
1995 5 1 99 0 0 11.3433 0 0 0
1995 6 1 99 0 0 12.76 1 0 0
1995 7 1 99 0.50864 0.000125575 10.5075 4 6.5 0
1995 8 1 99 0 0 11.3433 0 0 0
1995 9 1 99 0 0 11.3433 0 0 0
1995 1 2 99 6.58172 0.000681013 13.5333 30 45 8
1995 2 2 99 0 0 13.3545 0 0 0
1995 3 2 99 0 0 13.3545 0 0 0
1995 4 2 99 1.24162 0.000487981 13.6075 4 13.5 1
1995 5 2 99 0 0 13.3545 0 0 0
1995 6 2 99 0.20224 0.00485437 13.3545 0 1 0
1995 7 2 99 1.36941 0.000338086 12.76 5 17.5 0
1995 8 2 99 0 0 13.3545 0 0 0
1995 9 2 99 0 0 9.95 1 0 0
1995 1 1 100 1.90139 0.000196737 12.8493 15 13 5
1995 2 1 100 0 0 12.7622 0 0 0
1995 3 1 100 0 0 12.7622 0 0 0
1995 4 1 100 0.781762 0.000307247 13.1 1 8.5 0
1995 5 1 100 0 0 12.7622 0 0 0
1995 6 1 100 0 0 12.7622 0 0 0
1995 7 1 100 0.234757 5.79576e-05 11.94 2 3 0
1995 8 1 100 0 0 12.7622 0 0 0
1995 9 1 100 0.143143 0.000810373 12.7622 0 1 0
1995 1 2 100 5.5579 0.000575078 14.1312 26 38 9
1995 2 2 100 0 0 13.6041 0 0 0
1995 3 2 100 0 0 13.6041 0 0 0
1995 4 2 100 1.79345 0.000704862 10.2 1 19.5 0
1995 5 2 100 0 0 10.7 1 0 0
1995 6 2 100 0 0 11.84 1 0 0
1995 7 2 100 1.48679 0.000367065 13.0671 7 19 0
1995 8 2 100 0 0 13.6041 0 0 0
1995 9 2 100 0.143143 0.000810373 11.73 1 1 0
1995 1 1 101 1.53574 0.000158903 13.7686 7 10.5 0
1995 2 1 101 0 0 13.36 0 0 0
1995 3 1 101 0 0 13.36 0 0 0
1995 4 1 101 0.827748 0.000325321 13.36 0 9 0
1995 5 1 101 0 0 13.36 0 0 0
1995 6 1 101 0.20224 0.00485437 13.36 0 1 0
1995 7 1 101 0.234757 5.79576e-05 10.5 1 3 0
1995 8 1 101 0 0 13.36 0 0 0
1995 9 1 101 0 0 13.36 0 0 0
1995 1 2 101 4.75347 0.000491843 15.0691 22 32.5 8
1995 2 2 101 0 0 14.2925 0 0 0
1995 3 2 101 0 0 14.2925 0 0 0
1995 4 2 101 1.6555 0.000650642 14.2925 0 18 0
1995 5 2 101 0 0 14.2925 0 0 0
1995 6 2 101 0.20224 0.00485437 14.2925 0 1 0
1995 7 2 101 1.17378 0.000289788 12.584 10 15 0
1995 8 2 101 0 0 14.2925 0 0 0
1995 9 2 101 0 0 14.2925 0 0 0
1995 1 1 102 1.24321 0.000128636 11.775 2 8.5 1
1995 2 1 102 0 0 11.76 0 0 0
1995 3 1 102 0 0 11.76 0 0 0
1995 4 1 102 0.68979 0.000271101 11.73 1 7.5 0
1995 5 1 102 0 0 11.76 0 0 0
1995 6 1 102 0 0 11.76 0 0 0
1995 7 1 102 0.117378 2.89788e-05 11.76 0 1.5 0
1995 8 1 102 0 0 11.76 0 0 0
1995 9 1 102 0 0 11.76 0 0 0
1995 1 2 102 4.60721 0.000476709 14.6223 22 31.5 8
1995 2 2 102 0 0 14.4433 0 0 0
1995 3 2 102 0 0 14.4433 0 0 0
1995 4 2 102 1.42557 0.000560275 14.35 2 15.5 0
1995 5 2 102 0 0 14.4433 0 0 0
1995 6 2 102 0.20224 0.00485437 14.4433 0 1 0
1995 7 2 102 0.430387 0.000106256 13.055 2 5.5 0
1995 8 2 102 0 0 14.4433 0 0 0
1995 9 2 102 0 0 13.47 1 0 0
1995 1 1 103 1.46261 0.000151336 14.4917 6 10 2
1995 2 1 103 0 0 14.0243 0 0 0
1995 3 1 103 0 0 14.0243 0 0 0
1995 4 1 103 0.643804 0.000253027 14.0243 0 7 0
1995 5 1 103 0 0 14.0243 0 0 0
1995 6 1 103 0 0 14.0243 0 0 0
1995 7 1 103 0.117378 2.89788e-05 11.22 1 1.5 0
1995 8 1 103 0 0 14.0243 0 0 0
1995 9 1 103 0 0 14.0243 0 0 0
1995 1 2 103 3.80277 0.000393474 15.8867 15 26 6
1995 2 2 103 0 0 15.4547 0 0 0
1995 3 2 103 0 0 15.4547 0 0 0
1995 4 2 103 0.827748 0.000325321 15.4547 0 9 0
1995 5 2 103 0 0 15.4547 0 0 0
1995 6 2 103 0 0 15.4547 0 0 0
1995 7 2 103 0.50864 0.000125575 13.835 4 6.5 0
1995 8 2 103 0 0 15.4547 0 0 0
1995 9 2 103 0 0 15.4547 0 0 0
1995 1 1 104 1.17008 0.000121069 13.67 1 8 0
1995 2 1 104 0 0 13.47 0 0 0
1995 3 1 104 0 0 13.47 0 0 0
1995 4 1 104 0.827748 0.000325321 13.47 0 9 0
1995 5 1 104 0 0 13.47 0 0 0
1995 6 1 104 0 0 13.47 0 0 0
1995 7 1 104 0.0782522 1.93192e-05 13.27 1 1 0
1995 8 1 104 0 0 13.47 0 0 0
1995 9 1 104 0 0 13.47 0 0 0
1995 1 2 104 4.24156 0.000438875 15.207 10 29 2
1995 2 2 104 0 0 14.351 0 0 0
1995 3 2 104 0 0 14.351 0 0 0
1995 4 2 104 1.19564 0.000469908 13.06 1 13 0
1995 5 2 104 0 0 10 1 0 0
1995 6 2 104 0 0 11.43 1 0 0
1995 7 2 104 0.313009 7.72768e-05 14.3514 7 4 0
1995 8 2 104 0 0 14.351 0 0 0
1995 9 2 104 0 0 14.351 0 0 0
1995 1 1 105 0.658172 6.81013e-05 13.3 1 4.5 1
1995 2 1 105 0 0 12.62 0 0 0
1995 3 1 105 0 0 12.62 0 0 0
1995 4 1 105 0.551832 0.000216881 12.62 0 6 0
1995 5 1 105 0 0 12.62 0 0 0
1995 6 1 105 0 0 11.94 1 0 0
1995 7 1 105 0 0 12.62 0 0 0
1995 8 1 105 0 0 12.62 0 0 0
1995 9 1 105 0 0 12.62 0 0 0
1995 1 2 105 2.99834 0.000310239 15.3722 9 20.5 3
1995 2 2 105 0 0 15.2277 0 0 0
1995 3 2 105 0 0 15.2277 0 0 0
1995 4 2 105 0.827748 0.000325321 15.2277 0 9 0
1995 5 2 105 0 0 15.2277 0 0 0
1995 6 2 105 0 0 15.2277 0 0 0
1995 7 2 105 0.626018 0.000154554 15.8033 3 8 0
1995 8 2 105 0 0 12.2 1 0 0
1995 9 2 105 0 0 15.2277 0 0 0
1995 1 1 106 1.31634 0.000136203 16.28 0 9 0
1995 2 1 106 0 0 16.28 0 0 0
1995 3 1 106 0 0 16.28 0 0 0
1995 4 1 106 0.45986 0.000180734 16.28 0 5 0
1995 5 1 106 0 0 16.28 0 0 0
1995 6 1 106 0 0 16.28 0 0 0
1995 7 1 106 0.117378 2.89788e-05 16.28 0 1.5 0
1995 8 1 106 0 0 16.28 0 0 0
1995 9 1 106 0 0 16.28 0 0 0
1995 1 2 106 1.90139 0.000196737 16.3444 9 13 6
1995 2 2 106 0 0 16.28 0 0 0
1995 3 2 106 0 0 16.28 0 0 0
1995 4 2 106 0.827748 0.000325321 16.28 0 9 0
1995 5 2 106 0 0 16.28 0 0 0
1995 6 2 106 0 0 16.28 0 0 0
1995 7 2 106 0.430387 0.000106256 15.7 1 5.5 0
1995 8 2 106 0 0 16.28 0 0 0
1995 9 2 106 0 0 16.28 0 0 0
1995 1 1 107 1.38948 0.000143769 16.3 1 9.5 0
1995 2 1 107 0 0 16.3 0 0 0
1995 3 1 107 0 0 16.3 0 0 0
1995 4 1 107 0.22993 9.03669e-05 16.3 0 2.5 0
1995 5 1 107 0 0 16.3 0 0 0
1995 6 1 107 0 0 16.3 0 0 0
1995 7 1 107 0.0782522 1.93192e-05 16.3 0 1 0
1995 8 1 107 0 0 16.3 0 0 0
1995 9 1 107 0 0 16.3 0 0 0
1995 1 2 107 2.55956 0.000264839 16.2429 7 17.5 3
1995 2 2 107 0 0 15.8325 0 0 0
1995 3 2 107 0 0 15.8325 0 0 0
1995 4 2 107 0.413874 0.00016266 15.8325 0 4.5 0
1995 5 2 107 0 0 15.8325 0 0 0
1995 6 2 107 0 0 15.8325 0 0 0
1995 7 2 107 0 0 12.96 1 0 0
1995 8 2 107 0 0 15.8325 0 0 0
1995 9 2 107 0 0 15.8325 0 0 0
1995 1 1 108 0.365651 3.78341e-05 15.82 1 2.5 0
1995 2 1 108 0 0 15.82 0 0 0
1995 3 1 108 0 0 15.82 0 0 0
1995 4 1 108 0.137958 5.42201e-05 15.82 0 1.5 0
1995 5 1 108 0 0 15.82 0 0 0
1995 6 1 108 0 0 15.82 0 0 0
1995 7 1 108 0 0 15.82 0 0 0
1995 8 1 108 0 0 15.82 0 0 0
1995 9 1 108 0 0 15.82 0 0 0
1995 1 2 108 1.24321 0.000128636 15.366 5 8.5 1
1995 2 2 108 0 0 15.6617 0 0 0
1995 3 2 108 0 0 15.6617 0 0 0
1995 4 2 108 0.137958 5.42201e-05 15.6617 0 1.5 0
1995 5 2 108 0 0 15.6617 0 0 0
1995 6 2 108 0 0 15.6617 0 0 0
1995 7 2 108 0.0782522 1.93192e-05 17.14 1 1 0
1995 8 2 108 0 0 15.6617 0 0 0
1995 9 2 108 0 0 15.6617 0 0 0
1995 1 1 109 0.511912 5.29677e-05 14.5 1 3.5 0
1995 2 1 109 0 0 14.5 0 0 0
1995 3 1 109 0 0 14.5 0 0 0
1995 4 1 109 0.413874 0.00016266 14.5 0 4.5 0
1995 5 1 109 0 0 14.5 0 0 0
1995 6 1 109 0 0 14.5 0 0 0
1995 7 1 109 0 0 14.5 0 0 0
1995 8 1 109 0 0 14.5 0 0 0
1995 9 1 109 0 0 14.5 0 0 0
1995 1 2 109 0.950694 9.83686e-05 16.0971 7 6.5 4
1995 2 2 109 0 0 15.8538 0 0 0
1995 3 2 109 0 0 15.8538 0 0 0
1995 4 2 109 0.321902 0.000126514 15.8538 0 3.5 0
1995 5 2 109 0 0 14.15 1 0 0
1995 6 2 109 0 0 15.8538 0 0 0
1995 7 2 109 0.156504 3.86384e-05 15.8538 0 2 0
1995 8 2 109 0 0 15.8538 0 0 0
1995 9 2 109 0 0 15.8538 0 0 0
1995 1 1 110 0.292521 3.02673e-05 16.754 0 2 0
1995 2 1 110 0 0 16.754 0 0 0
1995 3 1 110 0 0 16.754 0 0 0
1995 4 1 110 0.091972 3.61468e-05 16.754 0 1 0
1995 5 1 110 0 0 16.754 0 0 0
1995 6 1 110 0 0 16.754 0 0 0
1995 7 1 110 0 0 16.754 0 0 0
1995 8 1 110 0 0 16.754 0 0 0
1995 9 1 110 0 0 16.754 0 0 0
1995 1 2 110 1.60887 0.00016647 16.9833 3 11 1
1995 2 2 110 0 0 16.754 0 0 0
1995 3 2 110 0 0 16.754 0 0 0
1995 4 2 110 0.275916 0.00010844 16.754 0 3 0
1995 5 2 110 0 0 16.754 0 0 0
1995 6 2 110 0 0 16.754 0 0 0
1995 7 2 110 0.0782522 1.93192e-05 16.41 2 1 0
1995 8 2 110 0 0 16.754 0 0 0
1995 9 2 110 0 0 16.754 0 0 0
1995 1 1 111 0.511912 5.29677e-05 18 0 3.5 0
1995 2 1 111 0 0 18 0 0 0
1995 3 1 111 0 0 18 0 0 0
1995 4 1 111 0.137958 5.42201e-05 18 0 1.5 0
1995 5 1 111 0 0 18 0 0 0
1995 6 1 111 0 0 18 0 0 0
1995 7 1 111 0.156504 3.86384e-05 18 0 2 0
1995 8 1 111 0 0 18 0 0 0
1995 9 1 111 0 0 18 0 0 0
1995 1 2 111 0.804433 8.3235e-05 18 1 5.5 0
1995 2 2 111 0 0 18 0 0 0
1995 3 2 111 0 0 18 0 0 0
1995 4 2 111 0.413874 0.00016266 18 0 4.5 0
1995 5 2 111 0 0 18 0 0 0
1995 6 2 111 0 0 18 0 0 0
1995 7 2 111 0.156504 3.86384e-05 18 0 2 0
1995 8 2 111 0 0 18 0 0 0
1995 9 2 111 0 0 18 0 0 0
1995 1 1 112 0 1.51336e-05 0 0 1 0
1995 2 1 112 0 0 0 0 0 0
1995 3 1 112 0 0 0 0 0 0
1995 4 1 112 0 1.80734e-05 0 0 0.5 0
1995 5 1 112 0 0 0 0 0 0
1995 6 1 112 0 0 0 0 0 0
1995 7 1 112 0 0 0 0 0 0
1995 8 1 112 0 0 0 0 0 0
1995 9 1 112 0 0 0 0 0 0
1995 1 2 112 0 4.54009e-05 0 0 3 0
1995 2 2 112 0 0 0 0 0 0
1995 3 2 112 0 0 0 0 0 0
1995 4 2 112 0 5.42201e-05 0 0 1.5 0
1995 5 2 112 0 0 0 0 0 0
1995 6 2 112 0 0 0 0 0 0
1995 7 2 112 0 1.93192e-05 0 0 1 0
1995 8 2 112 0 0 0 0 0 0
1995 9 2 112 0 0 0 0 0 0
1995 1 1 113 0.292521 3.02673e-05 14.49 0 2 0
1995 2 1 113 0 0 14.49 0 0 0
1995 3 1 113 0 0 14.49 0 0 0
1995 4 1 113 0.045986 1.80734e-05 14.49 0 0.5 0
1995 5 1 113 0 0 14.49 0 0 0
1995 6 1 113 0 0 14.49 0 0 0
1995 7 1 113 0 0 14.49 0 0 0
1995 8 1 113 0 0 14.49 0 0 0
1995 9 1 113 0 0 14.49 0 0 0
1995 1 2 113 0.731303 7.56681e-05 14.49 0 5 0
1995 2 2 113 0 0 14.49 0 0 0
1995 3 2 113 0 0 14.49 0 0 0
1995 4 2 113 0.045986 1.80734e-05 14.49 1 0.5 0
1995 5 2 113 0 0 14.49 0 0 0
1995 6 2 113 0 0 14.49 0 0 0
1995 7 2 113 0 0 14.49 0 0 0
1995 8 2 113 0 0 14.49 0 0 0
1995 9 2 113 0 0 14.49 0 0 0
1995 1 1 114 0 2.27004e-05 0 0 1.5 0
1995 2 1 114 0 0 0 0 0 0
1995 3 1 114 0 0 0 0 0 0
1995 4 1 114 0 0 0 0 0 0
1995 5 1 114 0 0 0 0 0 0
1995 6 1 114 0 0 0 0 0 0
1995 7 1 114 0 0 0 0 0 0
1995 8 1 114 0 0 0 0 0 0
1995 9 1 114 0 0 0 0 0 0
1995 1 2 114 0 2.27004e-05 0 0 1.5 0
1995 2 2 114 0 0 0 0 0 0
1995 3 2 114 0 0 0 0 0 0
1995 4 2 114 0 0 0 0 0 0
1995 5 2 114 0 0 0 0 0 0
1995 6 2 114 0 0 0 0 0 0
1995 7 2 114 0 0 0 0 0 0
1995 8 2 114 0 0 0 0 0 0
1995 9 2 114 0 0 0 0 0 0
1995 1 1 115 0 0 0 0 0 0
1995 2 1 115 0 0 0 0 0 0
1995 3 1 115 0 0 0 0 0 0
1995 4 1 115 0 0 0 0 0 0
1995 5 1 115 0 0 0 0 0 0
1995 6 1 115 0 0 0 0 0 0
1995 7 1 115 0 0 0 0 0 0
1995 8 1 115 0 0 0 0 0 0
1995 9 1 115 0 0 0 0 0 0
1995 1 2 115 0 6.05345e-05 0 0 4 0
1995 2 2 115 0 0 0 0 0 0
1995 3 2 115 0 0 0 0 0 0
1995 4 2 115 0 0 0 0 0 0
1995 5 2 115 0 0 0 0 0 0
1995 6 2 115 0 0 0 0 0 0
1995 7 2 115 0 0 0 0 0 0
1995 8 2 115 0 0 0 0 0 0
1995 9 2 115 0 0 0 0 0 0
1995 1 1 116 0 2.27004e-05 0 0 1.5 0
1995 2 1 116 0 0 0 0 0 0
1995 3 1 116 0 0 0 0 0 0
1995 4 1 116 0 0 0 0 0 0
1995 5 1 116 0 0 0 0 0 0
1995 6 1 116 0 0 0 0 0 0
1995 7 1 116 0 0 0 0 0 0
1995 8 1 116 0 0 0 0 0 0
1995 9 1 116 0 0 0 0 0 0
1995 1 2 116 0 2.27004e-05 0 0 1.5 0
1995 2 2 116 0 0 0 0 0 0
1995 3 2 116 0 0 0 0 0 0
1995 4 2 116 0 0 0 0 0 0
1995 5 2 116 0 0 0 0 0 0
1995 6 2 116 0 0 0 0 0 0
1995 7 2 116 0 0 0 0 0 0
1995 8 2 116 0 0 0 0 0 0
1995 9 2 116 0 0 0 0 0 0
1995 1 1 117 0 3.02673e-05 0 0 2 0
1995 2 1 117 0 0 0 0 0 0
1995 3 1 117 0 0 0 0 0 0
1995 4 1 117 0 1.80734e-05 0 0 0.5 0
1995 5 1 117 0 0 0 0 0 0
1995 6 1 117 0 0 0 0 0 0
1995 7 1 117 0 0 0 0 0 0
1995 8 1 117 0 0 0 0 0 0
1995 9 1 117 0 0 0 0 0 0
1995 1 2 117 0 4.54009e-05 0 0 3 0
1995 2 2 117 0 0 0 0 0 0
1995 3 2 117 0 0 0 0 0 0
1995 4 2 117 0 1.80734e-05 0 0 0.5 0
1995 5 2 117 0 0 0 0 0 0
1995 6 2 117 0 0 0 0 0 0
1995 7 2 117 0 0 0 0 0 0
1995 8 2 117 0 0 0 0 0 0
1995 9 2 117 0 0 0 0 0 0
1995 1 1 118 0 1.51336e-05 0 0 1 0
1995 2 1 118 0 0 0 0 0 0
1995 3 1 118 0 0 0 0 0 0
1995 4 1 118 0 0 0 0 0 0
1995 5 1 118 0 0 0 0 0 0
1995 6 1 118 0 0 0 0 0 0
1995 7 1 118 0 0 0 0 0 0
1995 8 1 118 0 0 0 0 0 0
1995 9 1 118 0 0 0 0 0 0
1995 1 2 118 0 1.51336e-05 0 0 1 0
1995 2 2 118 0 0 0 0 0 0
1995 3 2 118 0 0 0 0 0 0
1995 4 2 118 0 0 0 0 0 0
1995 5 2 118 0 0 0 0 0 0
1995 6 2 118 0 0 0 0 0 0
1995 7 2 118 0 0 0 0 0 0
1995 8 2 118 0 0 0 0 0 0
1995 9 2 118 0 0 0 0 0 0
1995 1 1 119 0 7.56681e-06 0 0 0.5 0
1995 2 1 119 0 0 0 0 0 0
1995 3 1 119 0 0 0 0 0 0
1995 4 1 119 0 0 0 0 0 0
1995 5 1 119 0 0 0 0 0 0
1995 6 1 119 0 0 0 0 0 0
1995 7 1 119 0 0 0 0 0 0
1995 8 1 119 0 0 0 0 0 0
1995 9 1 119 0 0 0 0 0 0
1995 1 2 119 0 2.27004e-05 0 0 1.5 0
1995 2 2 119 0 0 0 0 0 0
1995 3 2 119 0 0 0 0 0 0
1995 4 2 119 0 0 0 0 0 0
1995 5 2 119 0 0 0 0 0 0
1995 6 2 119 0 0 0 0 0 0
1995 7 2 119 0 0 0 0 0 0
1995 8 2 119 0 0 0 0 0 0
1995 9 2 119 0 0 0 0 0 0
1995 1 1 120 0 0 0 0 0 0
1995 2 1 120 0 0 0 0 0 0
1995 3 1 120 0 0 0 0 0 0
1995 4 1 120 0 0 0 0 0 0
1995 5 1 120 0 0 0 0 0 0
1995 6 1 120 0 0 0 0 0 0
1995 7 1 120 0 9.6596e-06 0 0 0.5 0
1995 8 1 120 0 0 0 0 0 0
1995 9 1 120 0 0 0 0 0 0
1995 1 2 120 0 0 0 0 0 0
1995 2 2 120 0 0 0 0 0 0
1995 3 2 120 0 0 0 0 0 0
1995 4 2 120 0 0 0 0 0 0
1995 5 2 120 0 0 0 0 0 0
1995 6 2 120 0 0 0 0 0 0
1995 7 2 120 0 9.6596e-06 0 0 0.5 0
1995 8 2 120 0 0 0 0 0 0
1995 9 2 120 0 0 0 0 0 0
