year stratum sex length freq prop avg_wt nwt_samples nlen_samples naged
1993 1 1 9 0 0 0 0 0 0
1993 2 1 9 0 0 0 0 0 0
1993 3 1 9 0 2.91338e-307 0 0 0 0
1993 4 1 9 0 0 0 0 0 0
1993 5 1 9 0 2.91338e-307 0 0 0 0
1993 6 1 9 0 2.91338e-307 0 0 0 0
1993 7 1 9 0 0 0 0 0 0
1993 8 1 9 0 2.91338e-307 0 0 0 0
1993 9 1 9 0 2.91338e-307 0 0 0 0
1993 1 2 9 0 0 0 0 0 0
1993 2 2 9 0 0 0 0 0 0
1993 3 2 9 0 2.91338e-307 0 0 0 0
1993 4 2 9 0 0 0 0 0 0
1993 5 2 9 0 2.91338e-307 0 0 0 0
1993 6 2 9 0 2.91338e-307 0 0 0 0
1993 7 2 9 0 0 0 0 0 0
1993 8 2 9 0 2.91338e-307 0 0 0 0
1993 9 2 9 0 2.91338e-307 0 0 0 0
1993 1 1 10 0 0 0 0 0 0
1993 2 1 10 0 0 0 0 0 0
1993 3 1 10 0 0 0 0 0 0
1993 4 1 10 0 0 0 0 0 0
1993 5 1 10 0 0 0 0 0 0
1993 6 1 10 0 0 0 0 0 0
1993 7 1 10 0 0 0 0 0 0
1993 8 1 10 0 0 0 0 0 0
1993 9 1 10 0 0 0 0 0 0
1993 1 2 10 0 0 0 0 0 0
1993 2 2 10 0 0 0 0 0 0
1993 3 2 10 0 0 0 0 0 0
1993 4 2 10 0 0 0 0 0 0
1993 5 2 10 0 0 0 0 0 0
1993 6 2 10 0 0 0 0 0 0
1993 7 2 10 0 0 0 0 0 0
1993 8 2 10 0 0 0 0 0 0
1993 9 2 10 0 0 0 0 0 0
1993 1 1 11 0 0 0 0 0 0
1993 2 1 11 0 0 0 0 0 0
1993 3 1 11 0 0 0 0 0 0
1993 4 1 11 0 0 0 0 0 0
1993 5 1 11 0 0 0 0 0 0
1993 6 1 11 0 0 0 0 0 0
1993 7 1 11 0 0 0 0 0 0
1993 8 1 11 0 0 0 0 0 0
1993 9 1 11 0 0 0 0 0 0
1993 1 2 11 0 0 0 0 0 0
1993 2 2 11 0 0 0 0 0 0
1993 3 2 11 0 0 0 0 0 0
1993 4 2 11 0 0 0 0 0 0
1993 5 2 11 0 0 0 0 0 0
1993 6 2 11 0 0 0 0 0 0
1993 7 2 11 0 0 0 0 0 0
1993 8 2 11 0 0 0 0 0 0
1993 9 2 11 0 0 0 0 0 0
1993 1 1 12 0 0 0 0 0 0
1993 2 1 12 0 0 0 0 0 0
1993 3 1 12 0 0 0 0 0 0
1993 4 1 12 0 0 0 0 0 0
1993 5 1 12 0 0 0 0 0 0
1993 6 1 12 0 0 0 0 0 0
1993 7 1 12 0 0 0 0 0 0
1993 8 1 12 0 0 0 0 0 0
1993 9 1 12 0 0 0 0 0 0
1993 1 2 12 0 0 0 0 0 0
1993 2 2 12 0 0 0 0 0 0
1993 3 2 12 0 0 0 0 0 0
1993 4 2 12 0 0 0 0 0 0
1993 5 2 12 0 0 0 0 0 0
1993 6 2 12 0 0 0 0 0 0
1993 7 2 12 0 0 0 0 0 0
1993 8 2 12 0 0 0 0 0 0
1993 9 2 12 0 0 0 0 0 0
1993 1 1 13 0 0 0 0 0 0
1993 2 1 13 0 0 0 0 0 0
1993 3 1 13 0 0 0 0 0 0
1993 4 1 13 0 0 0 0 0 0
1993 5 1 13 0 0 0 0 0 0
1993 6 1 13 0 0 0 0 0 0
1993 7 1 13 0 0 0 0 0 0
1993 8 1 13 0 0 0 0 0 0
1993 9 1 13 0 0 0 0 0 0
1993 1 2 13 0 0 0 0 0 0
1993 2 2 13 0 0 0 0 0 0
1993 3 2 13 0 0 0 0 0 0
1993 4 2 13 0 0 0 0 0 0
1993 5 2 13 0 0 0 0 0 0
1993 6 2 13 0 0 0 0 0 0
1993 7 2 13 0 0 0 0 0 0
1993 8 2 13 0 0 0 0 0 0
1993 9 2 13 0 0 0 0 0 0
1993 1 1 14 0 0 0 0 0 0
1993 2 1 14 0 0 0 0 0 0
1993 3 1 14 0 0 0 0 0 0
1993 4 1 14 0 0 0 0 0 0
1993 5 1 14 0 0 0 0 0 0
1993 6 1 14 0 0 0 0 0 0
1993 7 1 14 0 0 0 0 0 0
1993 8 1 14 0 0 0 0 0 0
1993 9 1 14 0 0 0 0 0 0
1993 1 2 14 0 0 0 0 0 0
1993 2 2 14 0 0 0 0 0 0
1993 3 2 14 0 0 0 0 0 0
1993 4 2 14 0 0 0 0 0 0
1993 5 2 14 0 0 0 0 0 0
1993 6 2 14 0 0 0 0 0 0
1993 7 2 14 0 0 0 0 0 0
1993 8 2 14 0 0 0 0 0 0
1993 9 2 14 0 0 0 0 0 0
1993 1 1 15 0 0 0 0 0 0
1993 2 1 15 0 0 0 0 0 0
1993 3 1 15 0 0 0 0 0 0
1993 4 1 15 0 0 0 0 0 0
1993 5 1 15 0 0 0 0 0 0
1993 6 1 15 0 0 0 0 0 0
1993 7 1 15 0 0 0 0 0 0
1993 8 1 15 0 0 0 0 0 0
1993 9 1 15 0 0 0 0 0 0
1993 1 2 15 0 0 0 0 0 0
1993 2 2 15 0 0 0 0 0 0
1993 3 2 15 0 0 0 0 0 0
1993 4 2 15 0 0 0 0 0 0
1993 5 2 15 0 0 0 0 0 0
1993 6 2 15 0 0 0 0 0 0
1993 7 2 15 0 0 0 0 0 0
1993 8 2 15 0 0 0 0 0 0
1993 9 2 15 0 0 0 0 0 0
1993 1 1 16 0 0 0 0 0 0
1993 2 1 16 0 0 0 0 0 0
1993 3 1 16 0 0 0 0 0 0
1993 4 1 16 0 0 0 0 0 0
1993 5 1 16 0 0 0 0 0 0
1993 6 1 16 0 0 0 0 0 0
1993 7 1 16 0 0 0 0 0 0
1993 8 1 16 0 0 0 0 0 0
1993 9 1 16 0 0 0 0 0 0
1993 1 2 16 0 0 0 0 0 0
1993 2 2 16 0 0 0 0 0 0
1993 3 2 16 0 0 0 0 0 0
1993 4 2 16 0 0 0 0 0 0
1993 5 2 16 0 0 0 0 0 0
1993 6 2 16 0 0 0 0 0 0
1993 7 2 16 0 0 0 0 0 0
1993 8 2 16 0 0 0 0 0 0
1993 9 2 16 0 0 0 0 0 0
1993 1 1 17 0 0 0 0 0 0
1993 2 1 17 0 0 0 0 0 0
1993 3 1 17 0 0 0 0 0 0
1993 4 1 17 0 0 0 0 0 0
1993 5 1 17 0 0 0 0 0 0
1993 6 1 17 0 0 0 0 0 0
1993 7 1 17 0 0 0 0 0 0
1993 8 1 17 0 0 0 0 0 0
1993 9 1 17 0 0 0 0 0 0
1993 1 2 17 0 1.34782e-05 0 0 1 0
1993 2 2 17 0 0 0 0 0 0
1993 3 2 17 0 0 0 0 0 0
1993 4 2 17 0 0 0 0 0 0
1993 5 2 17 0 0 0 0 0 0
1993 6 2 17 0 0 0 0 0 0
1993 7 2 17 0 0 0 0 0 0
1993 8 2 17 0 0 0 0 0 0
1993 9 2 17 0 0 0 0 0 0
1993 1 1 18 0 0 0 0 0 0
1993 2 1 18 0 0 0 0 0 0
1993 3 1 18 0 0 0 0 0 0
1993 4 1 18 0 0 0 0 0 0
1993 5 1 18 0 0 0 0 0 0
1993 6 1 18 0 0 0 0 0 0
1993 7 1 18 0 0 0 0 0 0
1993 8 1 18 0 0 0 0 0 0
1993 9 1 18 0 0 0 0 0 0
1993 1 2 18 0 0 0 0 0 0
1993 2 2 18 0 0 0 0 0 0
1993 3 2 18 0 0 0 0 0 0
1993 4 2 18 0 0 0 0 0 0
1993 5 2 18 0 0 0 0 0 0
1993 6 2 18 0 0 0 0 0 0
1993 7 2 18 0 0 0 0 0 0
1993 8 2 18 0 0 0 0 0 0
1993 9 2 18 0 0 0 0 0 0
1993 1 1 19 0 2.02173e-05 0 0 1.5 0
1993 2 1 19 0 0 0 0 0 0
1993 3 1 19 0 0 0 0 0 0
1993 4 1 19 0 0 0 0 0 0
1993 5 1 19 0 0 0 0 0 0
1993 6 1 19 0 0 0 0 0 0
1993 7 1 19 0 0 0 0 0 0
1993 8 1 19 0 0 0 0 0 0
1993 9 1 19 0 0 0 0 0 0
1993 1 2 19 0 3.36954e-05 0 0 2.5 0
1993 2 2 19 0 0 0 0 0 0
1993 3 2 19 0 0 0 0 0 0
1993 4 2 19 0 0 0 0 0 0
1993 5 2 19 0 0 0 0 0 0
1993 6 2 19 0 0 0 0 0 0
1993 7 2 19 0 0 0 0 0 0
1993 8 2 19 0 0 0 0 0 0
1993 9 2 19 0 0 0 0 0 0
1993 1 1 20 0 6.73909e-06 0 0 0.5 0
1993 2 1 20 0 0 0 0 0 0
1993 3 1 20 0 0 0 0 0 0
1993 4 1 20 0 4.21017e-05 0 0 0.5 0
1993 5 1 20 0 0 0 0 0 0
1993 6 1 20 0 0 0 0 0 0
1993 7 1 20 0 0 0 0 0 0
1993 8 1 20 0 0 0 0 0 0
1993 9 1 20 0 0 0 0 0 0
1993 1 2 20 0 6.73909e-06 0 0 0.5 0
1993 2 2 20 0 0 0 0 0 0
1993 3 2 20 0 0 0 0 0 0
1993 4 2 20 0 4.21017e-05 0 0 0.5 0
1993 5 2 20 0 0 0 0 0 0
1993 6 2 20 0 0 0 0 0 0
1993 7 2 20 0 0 0 0 0 0
1993 8 2 20 0 0 0 0 0 0
1993 9 2 20 0 0 0 0 0 0
1993 1 1 21 0 0 0.75 0 0 0
1993 2 1 21 0 0 0.75 0 0 0
1993 3 1 21 0 0 0.75 0 0 0
1993 4 1 21 0.163268 8.42034e-05 0.75 0 1 0
1993 5 1 21 0 0 0.75 0 0 0
1993 6 1 21 0 0 0.75 0 0 0
1993 7 1 21 0 0 0.75 0 0 0
1993 8 1 21 0 0 0.75 0 0 0
1993 9 1 21 0 0 0.75 0 0 0
1993 1 2 21 0 0 0.75 1 0 0
1993 2 2 21 0 0 0.75 0 0 0
1993 3 2 21 0 0 0.75 0 0 0
1993 4 2 21 0.163268 8.42034e-05 0.75 0 1 0
1993 5 2 21 0 0 0.75 0 0 0
1993 6 2 21 0 0 0.75 0 0 0
1993 7 2 21 0 0 0.75 0 0 0
1993 8 2 21 0 0 0.75 0 0 0
1993 9 2 21 0 0 0.75 0 0 0
1993 1 1 22 0 0 0 0 0 0
1993 2 1 22 0 0 0 0 0 0
1993 3 1 22 0 0 0 0 0 0
1993 4 1 22 0 4.21017e-05 0 0 0.5 0
1993 5 1 22 0 0 0 0 0 0
1993 6 1 22 0 0 0 0 0 0
1993 7 1 22 0 0 0 0 0 0
1993 8 1 22 0 0 0 0 0 0
1993 9 1 22 0 0 0 0 0 0
1993 1 2 22 0 0 0 0 0 0
1993 2 2 22 0 0 0 0 0 0
1993 3 2 22 0 0 0 0 0 0
1993 4 2 22 0 4.21017e-05 0 0 0.5 0
1993 5 2 22 0 0 0 0 0 0
1993 6 2 22 0 0 0 0 0 0
1993 7 2 22 0 0 0 0 0 0
1993 8 2 22 0 0 0 0 0 0
1993 9 2 22 0 0 0 0 0 0
1993 1 1 23 0 6.73909e-06 0 0 0.5 0
1993 2 1 23 0 0 0 0 0 0
1993 3 1 23 0 0 0 0 0 0
1993 4 1 23 0 0 0 0 0 0
1993 5 1 23 0 0 0 0 0 0
1993 6 1 23 0 0 0 0 0 0
1993 7 1 23 0 0 0 0 0 0
1993 8 1 23 0 0 0 0 0 0
1993 9 1 23 0 0 0 0 0 0
1993 1 2 23 0 2.02173e-05 0 0 1.5 0
1993 2 2 23 0 0 0 0 0 0
1993 3 2 23 0 0 0 0 0 0
1993 4 2 23 0 0 0 0 0 0
1993 5 2 23 0 0 0 0 0 0
1993 6 2 23 0 0 0 0 0 0
1993 7 2 23 0 0 0 0 0 0
1993 8 2 23 0 0 0 0 0 0
1993 9 2 23 0 0 0 0 0 0
1993 1 1 24 0 1.34782e-05 0 0 1 0
1993 2 1 24 0 0 0 0 0 0
1993 3 1 24 0 0 0 0 0 0
1993 4 1 24 0 8.42034e-05 0 0 1 0
1993 5 1 24 0 0 0 0 0 0
1993 6 1 24 0 0 0 0 0 0
1993 7 1 24 0 0 0 0 0 0
1993 8 1 24 0 0 0 0 0 0
1993 9 1 24 0 0 0 0 0 0
1993 1 2 24 0 1.34782e-05 0 0 1 0
1993 2 2 24 0 0 0 0 0 0
1993 3 2 24 0 0 0 0 0 0
1993 4 2 24 0 8.42034e-05 0 0 1 0
1993 5 2 24 0 0 0 0 0 0
1993 6 2 24 0 0 0 0 0 0
1993 7 2 24 0 0 0 0 0 0
1993 8 2 24 0 0 0 0 0 0
1993 9 2 24 0 0 0 0 0 0
1993 1 1 25 0 1.34782e-05 0 0 1 0
1993 2 1 25 0 0 0 0 0 0
1993 3 1 25 0 0 0 0 0 0
1993 4 1 25 0 8.42034e-05 0 0 1 0
1993 5 1 25 0 0 0 0 0 0
1993 6 1 25 0 0 0 0 0 0
1993 7 1 25 0 0 0 0 0 0
1993 8 1 25 0 0 0 0 0 0
1993 9 1 25 0 0 0 0 0 0
1993 1 2 25 0 0 0 0 0 0
1993 2 2 25 0 0 0 0 0 0
1993 3 2 25 0 0 0 0 0 0
1993 4 2 25 0 8.42034e-05 0 0 1 0
1993 5 2 25 0 0 0 0 0 0
1993 6 2 25 0 0 0 0 0 0
1993 7 2 25 0 0 0 0 0 0
1993 8 2 25 0 0 0 0 0 0
1993 9 2 25 0 0 0 0 0 0
1993 1 1 26 0 1.34782e-05 0 0 1 0
1993 2 1 26 0 0 0 0 0 0
1993 3 1 26 0 0 0 0 0 0
1993 4 1 26 0 8.42034e-05 0 0 1 0
1993 5 1 26 0 0 0 0 0 0
1993 6 1 26 0 0 0 0 0 0
1993 7 1 26 0 0 0 0 0 0
1993 8 1 26 0 0 0 0 0 0
1993 9 1 26 0 0 0 0 0 0
1993 1 2 26 0 1.34782e-05 0 0 1 0
1993 2 2 26 0 0 0 0 0 0
1993 3 2 26 0 0 0 0 0 0
1993 4 2 26 0 8.42034e-05 0 0 1 0
1993 5 2 26 0 0 0 0 0 0
1993 6 2 26 0 0 0 0 0 0
1993 7 2 26 0 0 0 0 0 0
1993 8 2 26 0 0 0 0 0 0
1993 9 2 26 0 0 0 0 0 0
1993 1 1 27 0 0 0.2 1 0 0
1993 2 1 27 0 0 0.2 0 0 0
1993 3 1 27 0 0 0.2 0 0 0
1993 4 1 27 0.326535 0.000168407 0.2 0 2 0
1993 5 1 27 0 0 0.2 0 0 0
1993 6 1 27 0 0 0.2 0 0 0
1993 7 1 27 0 0 0.2 0 0 0
1993 8 1 27 0 0 0.2 0 0 0
1993 9 1 27 0 0 0.2 0 0 0
1993 1 2 27 0 0 0.2 1 0 0
1993 2 2 27 0 0 0.2 0 0 0
1993 3 2 27 0 0 0.2 1 0 0
1993 4 2 27 0.326535 0.000168407 0.2 0 2 0
1993 5 2 27 0 0 0.2 0 0 0
1993 6 2 27 0 0 0.2 0 0 0
1993 7 2 27 0 0 0.2 0 0 0
1993 8 2 27 0 0 0.2 0 0 0
1993 9 2 27 0 0 0.2 0 0 0
1993 1 1 28 0.180255 2.02173e-05 0.2 1 1.5 0
1993 2 1 28 0 0 0.2 0 0 0
1993 3 1 28 0 0 0.2 0 0 0
1993 4 1 28 0.0816338 4.21017e-05 0.2 0 0.5 0
1993 5 1 28 0 0 0.2 0 0 0
1993 6 1 28 0 0 0.2 0 0 0
1993 7 1 28 0 0 0.2 0 0 0
1993 8 1 28 0 0 0.2 0 0 0
1993 9 1 28 0 0 0.2 0 0 0
1993 1 2 28 0.180255 2.02173e-05 0.2 0 1.5 0
1993 2 2 28 0 0 0.2 0 0 0
1993 3 2 28 0 0 0.2 0 0 0
1993 4 2 28 0.0816338 4.21017e-05 0.2 0 0.5 0
1993 5 2 28 0 0 0.2 0 0 0
1993 6 2 28 0 0 0.2 0 0 0
1993 7 2 28 0 0 0.2 0 0 0
1993 8 2 28 0 0 0.2 0 0 0
1993 9 2 28 0 0 0.2 0 0 0
1993 1 1 29 0 6.73909e-06 0 0 0.5 0
1993 2 1 29 0 0 0 0 0 0
1993 3 1 29 0 0 0 0 0 0
1993 4 1 29 0 0.000168407 0 0 2 0
1993 5 1 29 0 0 0 0 0 0
1993 6 1 29 0 0 0 0 0 0
1993 7 1 29 0 0 0 0 0 0
1993 8 1 29 0 0 0 0 0 0
1993 9 1 29 0 0 0 0 0 0
1993 1 2 29 0 2.02173e-05 0 0 1.5 0
1993 2 2 29 0 0 0 0 0 0
1993 3 2 29 0 0 0 0 0 0
1993 4 2 29 0 0.000168407 0 0 2 0
1993 5 2 29 0 0 0 0 0 0
1993 6 2 29 0 0 0 0 0 0
1993 7 2 29 0 0 0 0 0 0
1993 8 2 29 0 0 0 0 0 0
1993 9 2 29 0 0 0 0 0 0
1993 1 1 30 0.96136 0.000107825 0.26 3 8 0
1993 2 1 30 0 0 0.3 0 0 0
1993 3 1 30 0 0 0.3 0 0 0
1993 4 1 30 0 0 0.3 0 0 0
1993 5 1 30 0 0 0.3 0 0 0
1993 6 1 30 0 0 0.3 0 0 0
1993 7 1 30 0 0 0.3 0 0 0
1993 8 1 30 0 0 0.3 0 0 0
1993 9 1 30 0 0 0.3 0 0 0
1993 1 2 30 0.36051 4.04345e-05 0.24 2 3 0
1993 2 2 30 0 0 0.26 0 0 0
1993 3 2 30 0 0 0.26 0 0 0
1993 4 2 30 0 0 0.26 0 0 0
1993 5 2 30 0 0 0.26 0 0 0
1993 6 2 30 0 0 0.26 0 0 0
1993 7 2 30 0 0 0.26 0 0 0
1993 8 2 30 0 0 0.26 0 0 0
1993 9 2 30 0 0 0.26 0 0 0
1993 1 1 31 1.6223 0.000181955 0.465 4 13.5 0
1993 2 1 31 0 0 0.775 0 0 0
1993 3 1 31 0 0 0.775 0 0 0
1993 4 1 31 0.244901 0.000126305 0.775 0 1.5 0
1993 5 1 31 0 0 0.775 0 0 0
1993 6 1 31 0 0 0.775 0 0 0
1993 7 1 31 0 0 1.5 1 0 0
1993 8 1 31 0 0 0.775 0 0 0
1993 9 1 31 0 0 0.775 0 0 0
1993 1 2 31 1.38196 0.000154999 0.313333 6 11.5 0
1993 2 2 31 0 0 0.324 0 0 0
1993 3 2 31 0 0 0.324 0 0 0
1993 4 2 31 0.244901 0.000126305 0.324 0 1.5 0
1993 5 2 31 0 0 0.324 0 0 0
1993 6 2 31 0 0 0.324 0 0 0
1993 7 2 31 0 0 0.324 0 0 0
1993 8 2 31 0 0 0.324 0 0 0
1993 9 2 31 0 0 0.324 0 0 0
1993 1 1 32 3.06434 0.000343694 0.247143 7 25.5 0
1993 2 1 32 0 0 0.33 0 0 0
1993 3 1 32 0 0 0.33 0 0 0
1993 4 1 32 0.163268 8.42034e-05 0.33 0 1 0
1993 5 1 32 0 0 0.33 0 0 0
1993 6 1 32 0 0 0.33 0 0 0
1993 7 1 32 0 0 0.33 0 0 0
1993 8 1 32 0 0 0.33 0 0 0
1993 9 1 32 0 0 0.33 0 0 0
1993 1 2 32 3.06434 0.000343694 0.297 10 25.5 0
1993 2 2 32 0 0 0.6275 0 0 0
1993 3 2 32 0 0 0.6275 0 0 0
1993 4 2 32 0.163268 8.42034e-05 0.85 1 1 0
1993 5 2 32 0 0 0.6275 0 0 0
1993 6 2 32 0 0 0.6275 0 0 0
1993 7 2 32 0 0 1.94 1 0 0
1993 8 2 32 0 0 0.6275 0 0 0
1993 9 2 32 0 0 0.6275 0 0 0
1993 1 1 33 3.84544 0.000431302 0.4 12 32 0
1993 2 1 33 0 0 0.687273 0 0 0
1993 3 1 33 0 0 0.687273 0 0 0
1993 4 1 33 0.244901 0.000126305 0.687273 0 1.5 0
1993 5 1 33 0 0 0.687273 0 0 0
1993 6 1 33 0 0 0.687273 0 0 0
1993 7 1 33 0 0 1.765 2 0 0
1993 8 1 33 0 0 0.687273 0 0 0
1993 9 1 33 0 0 0.687273 0 0 0
1993 1 2 33 4.8068 0.000539127 0.353333 9 40 0
1993 2 2 33 0 0 1.16111 0 0 0
1993 3 2 33 0 0 1.65 1 0 0
1993 4 2 33 0.244901 0.000126305 3.195 2 1.5 0
1993 5 2 33 0 0 1.16111 0 0 0
1993 6 2 33 0 0 1.16111 0 0 0
1993 7 2 33 0 0 1.16111 0 0 0
1993 8 2 33 0 0 1.16111 0 0 0
1993 9 2 33 0 0 1.16111 0 0 0
1993 1 1 34 6.78961 0.000761517 0.322222 9 56.5 0
1993 2 1 34 0 0 0.354 0 0 0
1993 3 1 34 0 0 0.354 0 0 0
1993 4 1 34 0 0 0.354 0 0 0
1993 5 1 34 0 0 0.354 0 0 0
1993 6 1 34 0 0 0.354 0 0 0
1993 7 1 34 0 0 0.354 0 0 0
1993 8 1 34 0 0 0.354 0 0 0
1993 9 1 34 0 0 0.354 0 0 0
1993 1 2 34 6.78961 0.000761517 0.433333 15 56.5 0
1993 2 2 34 0 0 0.488182 0 0 0
1993 3 2 34 0 0 0.488182 0 0 0
1993 4 2 34 0 0 0.488182 0 0 0
1993 5 2 34 0 0 0.488182 0 0 0
1993 6 2 34 0 0 0.488182 0 0 0
1993 7 2 34 0 0 0.488182 0 0 0
1993 8 2 34 0 0 0.488182 0 0 0
1993 9 2 34 0 0 0.488182 0 0 0
1993 1 1 35 11.296 0.00126695 0.419231 13 94 0
1993 2 1 35 0 0 0.439091 0 0 0
1993 3 1 35 0 0 0.439091 0 0 0
1993 4 1 35 0.408169 0.000210509 0.439091 0 2.5 0
1993 5 1 35 0 0 0.439091 0 0 0
1993 6 1 35 0 0 0.439091 0 0 0
1993 7 1 35 0 0 0.439091 0 0 0
1993 8 1 35 0 0 0.439091 0 0 0
1993 9 1 35 0 0 0.439091 0 0 0
1993 1 2 35 11.0556 0.00123999 0.485333 15 92 0
1993 2 2 35 0 0 0.512308 0 0 0
1993 3 2 35 0 0 0.512308 0 0 0
1993 4 2 35 0.408169 0.000210509 0.512308 0 2.5 0
1993 5 2 35 0 0 0.512308 0 0 0
1993 6 2 35 0 0 0.512308 0 0 0
1993 7 2 35 0 0 0.512308 0 0 0
1993 8 2 35 0 0 0.512308 0 0 0
1993 9 2 35 0 0 0.512308 0 0 0
1993 1 1 36 10.635 0.00119282 0.557368 19 88.5 0
1993 2 1 36 0 0 0.5575 0 0 0
1993 3 1 36 0 0 0.536667 3 0 0
1993 4 1 36 0.0816338 4.21017e-05 0.51 1 0.5 0
1993 5 1 36 0 0 0.5575 0 0 0
1993 6 1 36 0 0 0.5575 0 0 0
1993 7 1 36 0 0 0.5575 0 0 0
1993 8 1 36 0 0 0.5575 0 0 0
1993 9 1 36 0 0 0.5575 0 0 0
1993 1 2 36 13.0385 0.00146238 0.4575 16 108.5 0
1993 2 2 36 0 0 0.546111 0 0 0
1993 3 2 36 0 0 0.63 1 0 0
1993 4 2 36 0.0816338 4.21017e-05 0.546111 0 0.5 0
1993 5 2 36 0 0 0.546111 0 0 0
1993 6 2 36 0 0 0.546111 0 0 0
1993 7 2 36 0 0 0.86 4 0 0
1993 8 2 36 0 0 0.546111 0 0 0
1993 9 2 36 0 0 0.546111 0 0 0
1993 1 1 37 14.6607 0.00164434 0.505 16 122 0
1993 2 1 37 0 0 0.85 1 0 0
1993 3 1 37 0 0 0.72 1 0 0
1993 4 1 37 0.244901 0.000126305 0.551111 0 1.5 0
1993 5 1 37 0 0 0.551111 0 0 0
1993 6 1 37 0 0 0.551111 0 0 0
1993 7 1 37 0 0 0.61 1 0 0
1993 8 1 37 0 0 0.551111 0 0 0
1993 9 1 37 0 0 0.551111 0 0 0
1993 1 2 37 15.1414 0.00169825 0.619048 21 126 0
1993 2 2 37 0 0 0.658333 0 0 0
1993 3 2 37 0 0 0.6 1 0 0
1993 4 2 37 0.734704 0.000378915 0.66 2 4.5 0
1993 5 2 37 0 0 0.658333 0 0 0
1993 6 2 37 0 0 0.658333 0 0 0
1993 7 2 37 0 0 1.22 1 0 0
1993 8 2 37 0 0 0.658333 0 0 0
1993 9 2 37 0 0 0.658333 0 0 0
1993 1 1 38 17.1843 0.00192738 0.595625 16 143 0
1993 2 1 38 0 0 0.724091 0 0 0
1993 3 1 38 0 0 0.616667 3 0 0
1993 4 1 38 0.979605 0.000505221 1.03667 3 6 0
1993 5 1 38 0 0 0.724091 0 0 0
1993 6 1 38 0 0 0.724091 0 0 0
1993 7 1 38 0 0 0.926667 3 0 0
1993 8 1 38 0 0 0.724091 0 0 0
1993 9 1 38 0 0 0.724091 0 0 0
1993 1 2 38 20.1886 0.00226433 0.628077 26 168 0
1993 2 2 38 0 0 0.708846 0 0 0
1993 3 2 38 0 0 0.708846 0 0 0
1993 4 2 38 0.816338 0.000421017 0.55 2 5 0
1993 5 2 38 0 0 0.708846 0 0 0
1993 6 2 38 0 0 0.708846 0 0 0
1993 7 2 38 0 0 2.34 1 0 0
1993 8 2 38 0 0 0.708846 0 0 0
1993 9 2 38 0 0 0.708846 0 0 0
1993 1 1 39 18.6864 0.00209586 0.696875 32 155.5 0
1993 2 1 39 0 0 0.9 1 0 0
1993 3 1 39 0 0 0.754054 0 0 0
1993 4 1 39 0.816338 0.000421017 0.81 1 5 0
1993 5 1 39 0 0 0.754054 0 0 0
1993 6 1 39 0 0 0.754054 0 0 0
1993 7 1 39 0.120412 4.3875e-05 1.29667 3 1 0
1993 8 1 39 0 0 0.754054 0 0 0
1993 9 1 39 0 0 0.754054 0 0 0
1993 1 2 39 17.6049 0.00197455 0.703913 23 146.5 0
1993 2 2 39 0 0 0.794828 0 0 0
1993 3 2 39 0 0 0.75 1 0 0
1993 4 2 39 1.14287 0.000589424 0.92 1 7 0
1993 5 2 39 0 0 0.794828 0 0 0
1993 6 2 39 0 0 0.794828 0 0 0
1993 7 2 39 0.240824 8.77501e-05 1.2975 4 2 0
1993 8 2 39 0 0 0.794828 0 0 0
1993 9 2 39 0 0 0.794828 0 0 0
1993 1 1 40 22.8323 0.00256085 0.769565 23 190 0
1993 2 1 40 0 0 0.847333 0 0 0
1993 3 1 40 0 0 0.766667 3 0 0
1993 4 1 40 0.979605 0.000505221 1.57333 3 6 0
1993 5 1 40 0 0 0.847333 0 0 0
1993 6 1 40 0 0 0.847333 0 0 0
1993 7 1 40 0.120412 4.3875e-05 0.7 1 1 0
1993 8 1 40 0 0 0.847333 0 0 0
1993 9 1 40 0 0 0.847333 0 0 0
1993 1 2 40 22.2315 0.00249346 0.816667 15 185 1
1993 2 2 40 0 0 1.02963 0 0 0
1993 3 2 40 0 0 0.85 2 0 0
1993 4 2 40 1.30614 0.000673627 1.27143 7 8 0
1993 5 2 40 0 0 1.02963 0 0 0
1993 6 2 40 0 0 1.02963 0 0 0
1993 7 2 40 0.240824 8.77501e-05 1.65 3 2 0
1993 8 2 40 0 0 1.02963 0 0 0
1993 9 2 40 0 0 1.02963 0 0 0
1993 1 1 41 22.8924 0.00256759 0.787647 17 190.5 0
1993 2 1 41 0 0 0.867576 0 0 0
1993 3 1 41 0 0 0.95 4 0 0
1993 4 1 41 1.22451 0.000631526 0.93625 8 7.5 0
1993 5 1 41 0 0 0.867576 0 0 0
1993 6 1 41 0 0 0.867576 0 0 0
1993 7 1 41 0.361235 0.000131625 0.9875 4 3 0
1993 8 1 41 0 0 0.867576 0 0 0
1993 9 1 41 0 0 0.867576 0 0 0
1993 1 2 41 20.6092 0.00231151 0.787407 27 171.5 0
1993 2 2 41 0 0 0.75 1 0 0
1993 3 2 41 0 0 0.792857 7 0 0
1993 4 2 41 1.71431 0.000884136 0.91 11 10.5 0
1993 5 2 41 0 0 0.815 0 0 0
1993 6 2 41 0 0 0.815 0 0 0
1993 7 2 41 0.481647 0.0001755 0.775 2 4 0
1993 8 2 41 0 0 0.815 0 0 0
1993 9 2 41 0 0 0.815 0 0 0
1993 1 1 42 22.2315 0.00249346 0.890556 36 185 0
1993 2 1 42 0 0 1 2 0 0
1993 3 1 42 0 0 0.825 4 0 0
1993 4 1 42 2.36738 0.00122095 0.871429 7 14.5 0
1993 5 1 42 0 0 0.912931 0 0 0
1993 6 1 42 0 0 0.912931 0 0 0
1993 7 1 42 0.240824 8.77501e-05 1.12 7 2 0
1993 8 1 42 0 0 0.912931 0 0 0
1993 9 1 42 0 0 0.825 2 0 0
1993 1 2 42 19.8281 0.0022239 0.864828 29 165 0
1993 2 2 42 0 0 0.911364 0 0 0
1993 3 2 42 0 0 1.025 4 0 0
1993 4 2 42 1.87758 0.00096834 0.931429 7 11.5 0
1993 5 2 42 0 0 0.911364 0 0 0
1993 6 2 42 0 0 0.911364 0 0 0
1993 7 2 42 0.963294 0.000351 1.1 4 8 0
1993 8 2 42 0 0 0.911364 0 0 0
1993 9 2 42 0 0 0.911364 0 0 0
1993 1 1 43 23.9138 0.00268216 0.933947 38 199 0
1993 2 1 43 0 0 1.15 1 0 0
1993 3 1 43 0 0 1.01462 13 0 0
1993 4 1 43 1.79594 0.000926238 0.99 13 11 0
1993 5 1 43 0 0 0.88 1 0 0
1993 6 1 43 0 0 0.988 0 0 0
1993 7 1 43 1.0235 0.000372938 1.15778 9 8.5 0
1993 8 1 43 0 0 0.988 0 0 0
1993 9 1 43 0 0 0.92 1 0 0
1993 1 2 43 23.5533 0.00264172 1.05342 38 196 0
1993 2 2 43 0 0 1.1075 0 0 0
1993 3 2 43 0 0 0.866667 3 0 0
1993 4 2 43 1.79594 0.000926238 1.286 10 11 0
1993 5 2 43 0 0 1.1075 0 0 0
1993 6 2 43 0 0 1.9 1 0 0
1993 7 2 43 1.38474 0.000504563 1.149 10 11.5 0
1993 8 2 43 0 0 1.1075 0 0 0
1993 9 2 43 0 0 0.94 3 0 0
1993 1 1 44 27.9395 0.00313368 0.988333 24 232.5 0
1993 2 1 44 0 0 1.1125 4 0 0
1993 3 1 44 0 0 1.06071 14 0 0
1993 4 1 44 2.53065 0.00130515 1.04071 14 15.5 0
1993 5 1 44 0 0 1.06667 0 0 0
1993 6 1 44 0 0 1.06667 0 0 0
1993 7 1 44 0.903088 0.000329063 1.1775 16 7.5 0
1993 8 1 44 0 0 1.06667 0 0 0
1993 9 1 44 0 0 1.12833 6 0 0
1993 1 2 44 26.137 0.0029315 1.03641 39 217.5 1
1993 2 2 44 0 0 1.01667 3 0 0
1993 3 2 44 0 0 1.12125 8 0 0
1993 4 2 44 1.87758 0.00096834 1.21 9 11.5 1
1993 5 2 44 0 0 1.10947 0 0 0
1993 6 2 44 0 0 1.10947 0 0 0
1993 7 2 44 1.62556 0.000592313 1.17833 12 13.5 0
1993 8 2 44 0 0 1.10947 0 0 0
1993 9 2 44 0 0 1.37 5 0 0
1993 1 1 45 35.2098 0.00394911 1.10681 47 293 0
1993 2 1 45 0 0 1.23333 3 0 0
1993 3 1 45 0 0 1.1 18 0 0
1993 4 1 45 3.59189 0.00185248 1.27667 9 22 0
1993 5 1 45 0 0 1 1 0 0
1993 6 1 45 0 0 1.18604 0 0 0
1993 7 1 45 1.56535 0.000570376 1.3855 20 13 0
1993 8 1 45 0 0 1.18604 0 0 0
1993 9 1 45 0 0 1.35667 3 0 0
1993 1 2 45 33.7678 0.00378737 1.08675 40 281 2
1993 2 2 45 0 0 1.10833 6 0 0
1993 3 2 45 0 0 1.17 10 0 0
1993 4 2 45 3.10208 0.00159987 1.15 14 19 0
1993 5 2 45 0 0 1.12731 0 0 0
1993 6 2 45 0 0 1.28 1 0 0
1993 7 2 45 1.44494 0.000526501 1.181 20 12 0
1993 8 2 45 0 0 1.12731 0 0 0
1993 9 2 45 0 0 1.01 2 0 0
1993 1 1 46 44.523 0.00499367 1.24679 56 370.5 4
1993 2 1 46 0 0 1.4875 4 0 0
1993 3 1 46 0 0 1.17077 13 0 0
1993 4 1 46 3.75515 0.00193668 1.16 11 23 1
1993 5 1 46 0 0 1.30156 0 0 0
1993 6 1 46 0 0 1.02 1 0 0
1993 7 1 46 2.34803 0.000855563 1.5063 27 19.5 0
1993 8 1 46 0 0 1.30156 0 0 0
1993 9 1 46 0 0 1.335 10 0 0
1993 1 2 46 39.596 0.00444106 1.16732 41 329.5 0
1993 2 2 46 0 0 1.19743 0 0 0
1993 3 2 46 0 0 1.21636 22 0 0
1993 4 2 46 4.08169 0.00210509 1.33154 13 25 0
1993 5 2 46 0 0 1.19743 0 0 0
1993 6 2 46 0 0 1.19743 0 0 0
1993 7 2 46 2.46844 0.000899438 1.16871 31 20.5 0
1993 8 2 46 0 0 1.19743 0 0 0
1993 9 2 46 0 0 1.19167 6 0 0
1993 1 1 47 57.6215 0.00646279 1.27044 68 479.5 3
1993 2 1 47 0 0 1.725 2 0 0
1993 3 1 47 0 0 1.25882 17 0 0
1993 4 1 47 4.97966 0.0025682 1.39 22 30.5 0
1993 5 1 47 0 0 1.315 0 0 0
1993 6 1 47 0 0 1.43 1 0 0
1993 7 1 47 2.10721 0.000767813 1.32689 45 17.5 0
1993 8 1 47 0 0 1.315 0 0 0
1993 9 1 47 0 0 1.488 5 0 0
1993 1 2 47 51.2525 0.00574844 1.21784 51 426.5 2
1993 2 2 47 0 0 1.68 5 0 0
1993 3 2 47 0 0 1.26786 14 0 0
1993 4 2 47 4.48986 0.00231559 1.32296 27 27.5 1
1993 5 2 47 0 0 1.31 1 0 0
1993 6 2 47 0 0 1.28692 0 0 0
1993 7 2 47 3.31132 0.00120656 1.32211 38 27.5 0
1993 8 2 47 0 0 1.28692 0 0 0
1993 9 2 47 0 0 1.236 10 0 0
1993 1 1 48 75.587 0.00847777 1.3332 97 629 2
1993 2 1 48 55.1126 0.05 1.48333 3 0.5 0
1993 3 1 48 0 0 1.28615 13 0 0
1993 4 1 48 7.51031 0.00387336 1.37054 37 46 0
1993 5 1 48 0 0 1.38448 0 0 0
1993 6 1 48 0 0 1.17 1 0 0
1993 7 1 48 5.59915 0.00204019 1.51716 67 46.5 0
1993 8 1 48 0 0 1.38448 0 0 0
1993 9 1 48 0 0 1.23333 15 0 0
1993 1 2 48 64.8918 0.00727822 1.34919 62 540 1
1993 2 2 48 55.1126 0.05 1.925 2 0.5 0
1993 3 2 48 0 0 1.32682 22 0 0
1993 4 2 48 7.51031 0.00387336 1.41893 28 46 1
1993 5 2 48 0 0 1.20333 3 0 0
1993 6 2 48 0 0 1.375 2 0 0
1993 7 2 48 5.71956 0.00208406 1.40212 66 47.5 0
1993 8 2 48 0 0 1.37696 0 0 0
1993 9 2 48 0 0 1.28571 7 0 0
1993 1 1 49 86.943 0.00975146 1.42079 114 723.5 2
1993 2 1 49 0 0 1.55 1 0 0
1993 3 1 49 0 0 1.43273 22 0 0
1993 4 1 49 10.5308 0.00543112 1.49732 41 64.5 0
1993 5 1 49 0 0 1.4125 4 0 0
1993 6 1 49 0 0 1.37571 7 0 0
1993 7 1 49 5.35832 0.00195244 1.44844 77 44.5 0
1993 8 1 49 0 0 1.43978 0 0 0
1993 9 1 49 0 0 1.42 13 0 0
1993 1 2 49 81.8959 0.00918538 1.44191 89 681.5 2
1993 2 2 49 0 0 1.9 4 0 0
1993 3 2 49 0 0 1.33857 14 0 0
1993 4 2 49 8.40828 0.00433648 1.4893 43 51.5 3
1993 5 2 49 0 0 1.33 1 0 0
1993 6 2 49 0 0 1.572 5 0 0
1993 7 2 49 7.52573 0.00274219 1.44846 78 62.5 0
1993 8 2 49 0 0 1.45563 0 0 0
1993 9 2 49 0 0 1.43182 11 0 0
1993 1 1 50 98.7798 0.0110791 1.54562 128 822 2
1993 2 1 50 110.225 0.1 1.75833 6 1 0
1993 3 1 50 0 0 1.48455 11 0 0
1993 4 1 50 10.4491 0.00538902 1.59897 58 64 1
1993 5 1 50 0 0 1.55429 0 0 0
1993 6 1 50 0 0 1.56333 6 0 0
1993 7 1 50 8.48903 0.00309319 1.52488 129 70.5 0
1993 8 1 50 0 0 1.55429 0 0 0
1993 9 1 50 0 0 1.70417 12 0 0
1993 1 2 50 83.1577 0.0093269 1.46667 108 692 6
1993 2 2 50 110.225 0.1 1.43 5 1 0
1993 3 2 50 0 0 1.46286 21 0 0
1993 4 2 50 10.1226 0.00522061 1.59186 70 62 2
1993 5 2 50 0 0 1.56 1 0 0
1993 6 2 50 0 0 1.59333 3 0 0
1993 7 2 50 9.09109 0.00331257 1.55592 120 75.5 0
1993 8 2 50 0 0 1.52794 0 0 0
1993 9 2 50 0 0 1.56545 11 0 0
1993 1 1 51 112.119 0.0125751 1.66095 158 933 7
1993 2 1 51 0 0 2.05 6 0 0
1993 3 1 51 0 0 1.54917 12 0 0
1993 4 1 51 12.8981 0.00665207 1.72611 95 79 2
1993 5 1 51 0 0 1.51143 7 0 0
1993 6 1 51 0 0 1.95556 9 0 0
1993 7 1 51 10.5962 0.003861 1.62275 153 88 0
1993 8 1 51 0 0 1.66205 0 0 0
1993 9 1 51 0 0 1.55522 23 0 0
1993 1 2 51 97.4579 0.0109308 1.5697 133 811 7
1993 2 2 51 0 0 1.4 1 0 0
1993 3 2 51 0 0 1.56437 16 0 0
1993 4 2 51 12.2451 0.00631526 1.66615 78 75 0
1993 5 2 51 0 0 1.46 2 0 0
1993 6 2 51 0 0 1.61182 11 0 0
1993 7 2 51 9.87376 0.00359775 1.62268 112 82 1
1993 8 2 51 0 0 1.60779 0 0 0
1993 9 2 51 0 0 1.60783 23 0 0
1993 1 1 52 112.059 0.0125684 1.74549 164 932.5 8
1993 2 1 52 55.1126 0.05 2 2 0.5 0
1993 3 1 52 0 0 1.61208 24 0 0
1993 4 1 52 13.5512 0.00698889 1.74299 97 83 2
1993 5 1 52 0 0 1.58 2 0 0
1993 6 1 52 0 0 1.65 11 0 0
1993 7 1 52 13.7871 0.00502369 1.74984 182 114.5 2
1993 8 1 52 0 0 1.73398 0 0 0
1993 9 1 52 0 0 1.66757 37 0 0
1993 1 2 52 100.522 0.0112745 1.69025 162 836.5 4
1993 2 2 52 55.1126 0.05 1.76667 3 0.5 0
1993 3 2 52 0 0 1.7725 12 0 0
1993 4 2 52 14.041 0.0072415 1.74886 79 86 0
1993 5 2 52 0 0 1.63 4 0 0
1993 6 2 52 0 0 1.65 6 0 0
1993 7 2 52 17.2791 0.00629607 1.68632 144 143.5 0
1993 8 2 52 0 0 1.69773 0 0 0
1993 9 2 52 0 0 1.62903 31 0 0
1993 1 1 53 117.526 0.0131817 1.83609 179 978 12
1993 2 1 53 55.1126 0.05 1.9375 4 0.5 0
1993 3 1 53 0 0 1.71 8 0 0
1993 4 1 53 20.4084 0.0105254 1.8239 118 125 5
1993 5 1 53 0 0 1.69 1 0 0
1993 6 1 53 0 0 1.85727 11 0 0
1993 7 1 53 15.4127 0.00561601 1.81474 251 128 1
1993 8 1 53 0 0 1.715 2 0 0
1993 9 1 53 0 0 1.74349 43 0 0
1993 1 2 53 105.75 0.0118608 1.81294 160 880 8
1993 2 2 53 55.1126 0.05 1.825 4 0.5 0
1993 3 2 53 0 0 1.822 10 0 0
1993 4 2 53 18.7758 0.0096834 1.889 100 115 2
1993 5 2 53 0 0 2.14 1 0 0
1993 6 2 53 0 0 1.78833 12 0 0
1993 7 2 53 17.3393 0.00631801 1.82904 240 144 1
1993 8 2 53 0 0 1.83291 0 0 0
1993 9 2 53 0 0 1.80194 36 0 0
1993 1 1 54 116.024 0.0130132 1.88505 202 965.5 9
1993 2 1 54 0 0 2 2 0 0
1993 3 1 54 0 0 1.83571 7 0 0
1993 4 1 54 19.6737 0.0101465 2.0276 154 120.5 4
1993 5 1 54 0 0 1.97667 3 0 0
1993 6 1 54 0 0 1.99 10 0 0
1993 7 1 54 20.771 0.00756845 1.91967 301 172.5 1
1993 8 1 54 0 0 1.92709 0 0 0
1993 9 1 54 0 0 1.83019 52 0 0
1993 1 2 54 97.2777 0.0109106 1.87421 152 809.5 9
1993 2 2 54 0 0 2.075 4 0 0
1993 3 2 54 0 0 1.862 10 0 0
1993 4 2 54 17.0615 0.00879926 2.00096 125 104.5 2
1993 5 2 54 0 0 2.12667 3 0 0
1993 6 2 54 0 0 1.84619 21 0 0
1993 7 2 54 22.4568 0.0081827 1.91962 260 186.5 0
1993 8 2 54 0 0 1.73 1 0 0
1993 9 2 54 0 0 1.72676 37 0 0
1993 1 1 55 119.509 0.013404 2.01147 211 994.5 11
1993 2 1 55 0 0 2.01667 3 0 0
1993 3 1 55 0 0 2.08667 9 0 0
1993 4 1 55 22.7758 0.0117464 2.23956 158 139.5 3
1993 5 1 55 0 0 1.875 2 0 0
1993 6 1 55 0 0 2.03444 18 0 0
1993 7 1 55 22.8782 0.00833626 2.03072 345 190 3
1993 8 1 55 0 0 2.0597 0 0 0
1993 9 1 55 0 0 1.90698 53 0 0
1993 1 2 55 97.1575 0.0108971 2.01639 158 808.5 10
1993 2 2 55 0 0 2.9 4 0 0
1993 3 2 55 0 0 1.97647 17 0 0
1993 4 2 55 23.9187 0.0123358 2.06893 169 146.5 1
1993 5 2 55 0 0 2.05 4 0 0
1993 6 2 55 0 0 1.8455 20 0 0
1993 7 2 55 24.564 0.00895051 2.00143 287 204 0
1993 8 2 55 0 0 2.01445 0 0 0
1993 9 2 55 0 0 1.89042 48 0 0
1993 1 1 56 120.831 0.0135523 2.16706 238 1005.5 14
1993 2 1 56 110.225 0.1 2.23333 6 1 0
1993 3 1 56 0 0 1.98063 16 0 0
1993 4 1 56 22.8575 0.0117885 2.23206 180 140 3
1993 5 1 56 0 0 2.15 2 0 0
1993 6 1 56 0 0 2.07333 12 0 0
1993 7 1 56 25.1661 0.00916988 2.11596 394 209 3
1993 8 1 56 0 0 1.63 1 0 0
1993 9 1 56 0 0 2.00348 66 0 0
1993 1 2 56 98.7197 0.0110723 2.18201 159 821.5 12
1993 2 2 56 110.225 0.1 2.5 1 1 0
1993 3 2 56 0 0 2.13692 13 0 0
1993 4 2 56 21.2248 0.0109464 2.15533 169 130 0
1993 5 2 56 0 0 1.73333 3 0 0
1993 6 2 56 0 0 2.22667 15 0 0
1993 7 2 56 25.7681 0.00938926 2.15239 368 214 2
1993 8 2 56 0 0 2.15182 0 0 0
1993 9 2 56 0 0 2.01463 41 0 0
1993 1 1 57 121.852 0.0136669 2.30801 216 1014 6
1993 2 1 57 0 0 2.16 5 0 0
1993 3 1 57 0 0 2.50333 15 0 0
1993 4 1 57 24.1636 0.0124621 2.33912 194 148 3
1993 5 1 57 0 0 1.995 8 0 0
1993 6 1 57 0 0 2.28654 26 0 0
1993 7 1 57 32.3908 0.0118024 2.22152 473 269 5
1993 8 1 57 0 0 1.89 2 0 0
1993 9 1 57 0 0 2.14231 65 0 0
1993 1 2 57 101.183 0.0113486 2.26626 190 842 7
1993 2 2 57 0 0 2.78333 3 0 0
1993 3 2 57 0 0 2.30563 16 0 0
1993 4 2 57 24.6534 0.0127147 2.3055 211 151 1
1993 5 2 57 0 0 2.12 4 0 0
1993 6 2 57 0 0 2.2352 25 0 0
1993 7 2 57 31.0662 0.0113198 2.21643 392 258 3
1993 8 2 57 0 0 2.24255 0 0 0
1993 9 2 57 0 0 2.04458 48 0 0
1993 1 1 58 123.054 0.0138017 2.45313 243 1024 9
1993 2 1 58 0 0 2.25 3 0 0
1993 3 1 58 0 0 2.3624 25 0 0
1993 4 1 58 26.3677 0.0135989 2.50584 238 161.5 5
1993 5 1 58 0 0 2.3 1 0 0
1993 6 1 58 0 0 2.235 18 0 0
1993 7 1 58 36.2439 0.0132064 2.31061 559 301 6
1993 8 1 58 0 0 1.94 1 0 0
1993 9 1 58 0 0 2.15333 72 0 0
1993 1 2 58 99.8613 0.0112004 2.28831 172 831 6
1993 2 2 58 0 0 2.72 5 0 0
1993 3 2 58 0 0 2.38063 16 0 0
1993 4 2 58 24.735 0.0127568 2.42865 192 151.5 5
1993 5 2 58 0 0 2.22667 3 0 0
1993 6 2 58 0 0 2.3775 24 0 0
1993 7 2 58 37.0868 0.0135135 2.37421 416 308 3
1993 8 2 58 0 0 2.3 1 0 0
1993 9 2 58 0 0 2.24511 47 0 0
1993 1 1 59 138.436 0.0155269 2.57415 248 1152 13
1993 2 1 59 0 0 2.85 5 0 0
1993 3 1 59 0 0 2.42174 23 0 0
1993 4 1 59 29.1432 0.0150303 2.56123 228 178.5 6
1993 5 1 59 0 0 2.31 4 0 0
1993 6 1 59 0 0 2.33733 30 0 0
1993 7 1 59 46.0575 0.0167822 2.44044 572 382.5 4
1993 8 1 59 0 0 2.04 1 0 0
1993 9 1 59 0 0 2.40535 71 0 0
1993 1 2 59 107.072 0.0120091 2.50343 172 891 7
1993 2 2 59 0 0 2.96429 7 0 0
1993 3 2 59 0 0 2.4292 25 0 0
1993 4 2 59 30.7759 0.0158723 2.57961 204 188.5 6
1993 5 2 59 0 0 2.29 6 0 0
1993 6 2 59 0 0 2.5 20 0 0
1993 7 2 59 41.3614 0.0150711 2.46974 498 343.5 6
1993 8 2 59 0 0 2.65 1 0 0
1993 9 2 59 0 0 2.36839 62 0 0
1993 1 1 60 152.195 0.0170701 2.70651 281 1266.5 18
1993 2 1 60 55.1126 0.05 2.66 5 0.5 0
1993 3 1 60 0 0 2.58944 18 0 0
1993 4 1 60 31.1841 0.0160829 2.7747 249 191 2
1993 5 1 60 0 0 2.325 2 0 0
1993 6 1 60 0 0 2.45667 33 0 0
1993 7 1 60 57.015 0.0207748 2.55516 630 473.5 4
1993 8 1 60 0 0 2.62324 0 0 0
1993 9 1 60 0 0 2.46069 72 0 0
1993 1 2 60 111.818 0.0125414 2.60481 210 930.5 12
1993 2 2 60 55.1126 0.05 2.88333 6 0.5 0
1993 3 2 60 0 0 2.69615 13 0 0
1993 4 2 60 30.3678 0.0156618 2.67763 236 186 2
1993 5 2 60 0 0 2.37333 6 0 0
1993 6 2 60 0 0 2.5213 23 0 0
1993 7 2 60 49.7903 0.0181423 2.58384 567 413.5 3
1993 8 2 60 0 0 2.575 2 0 0
1993 9 2 60 0 0 2.44047 64 0 0
1993 1 1 61 161.809 0.0181484 2.8422 282 1346.5 13
1993 2 1 61 0 0 3.21 5 0 0
1993 3 1 61 0 0 2.80786 28 0 0
1993 4 1 61 34.2045 0.0176406 2.90664 271 209.5 7
1993 5 1 61 0 0 2.28125 8 0 0
1993 6 1 61 0 0 2.72818 33 0 0
1993 7 1 61 60.3263 0.0219814 2.65562 649 501 3
1993 8 1 61 0 0 2.345 2 0 0
1993 9 1 61 0 0 2.5685 80 0 0
1993 1 2 61 125.638 0.0140914 2.86252 226 1045.5 11
1993 2 2 61 0 0 3.11667 3 0 0
1993 3 2 61 0 0 2.83207 29 0 0
1993 4 2 61 33.878 0.0174722 2.86423 239 207.5 4
1993 5 2 61 0 0 2.52818 11 0 0
1993 6 2 61 0 0 2.65911 45 0 0
1993 7 2 61 55.7506 0.0203141 2.74129 605 463 1
1993 8 2 61 0 0 2.5 2 0 0
1993 9 2 61 0 0 2.49176 51 0 0
1993 1 1 62 173.766 0.0194894 2.94107 327 1446 16
1993 2 1 62 0 0 3.05 7 0 0
1993 3 1 62 0 0 2.92647 34 0 0
1993 4 1 62 37.225 0.0191984 2.99546 315 228 6
1993 5 1 62 0 0 2.59 4 0 0
1993 6 1 62 0 0 2.75022 45 0 0
1993 7 1 62 57.9181 0.0211039 2.84277 621 481 5
1993 8 1 62 0 0 2.3 1 0 0
1993 9 1 62 0 0 2.6936 89 0 0
1993 1 2 62 140.118 0.0157156 2.96612 224 1166 11
1993 2 2 62 0 0 3.03 5 0 0
1993 3 2 62 0 0 2.88846 26 0 0
1993 4 2 62 36.4087 0.0187774 2.99373 284 223 7
1993 5 2 62 0 0 2.674 5 0 0
1993 6 2 62 0 0 2.80625 32 0 0
1993 7 2 62 60.9283 0.0222008 2.85303 621 506 1
1993 8 2 62 0 0 2.45 3 0 0
1993 9 2 62 0 0 2.64162 74 0 0
1993 1 1 63 178.693 0.0200421 3.09365 299 1487 16
1993 2 1 63 0 0 3.86 5 0 0
1993 3 1 63 0 0 2.99029 35 0 0
1993 4 1 63 34.3678 0.0177248 3.17765 307 210.5 6
1993 5 1 63 0 0 2.635 6 0 0
1993 6 1 63 0 0 2.77408 49 0 0
1993 7 1 63 74.8359 0.0272683 2.91721 730 621.5 4
1993 8 1 63 0 0 2.96 1 0 0
1993 9 1 63 0 0 2.82247 77 0 0
1993 1 2 63 145.406 0.0163086 3.18281 231 1210 12
1993 2 2 63 0 0 3.525 2 0 0
1993 3 2 63 0 0 3.145 22 0 0
1993 4 2 63 33.2249 0.0171354 3.07793 275 203.5 5
1993 5 2 63 0 0 2.67556 9 0 0
1993 6 2 63 0 0 2.99523 44 0 0
1993 7 2 63 69.6582 0.0253817 2.98918 661 578.5 6
1993 8 2 63 0 0 2.65 2 0 0
1993 9 2 63 0 0 2.85218 78 0 0
1993 1 1 64 179.955 0.0201836 3.31709 289 1497.5 10
1993 2 1 64 55.1126 0.05 4.1375 4 0.5 0
1993 3 1 64 0 0 3.33515 33 0 0
1993 4 1 64 33.3066 0.0171775 3.29321 293 204 5
1993 5 1 64 0 0 2.99 4 0 0
1993 6 1 64 0 0 3.00673 55 0 0
1993 7 1 64 72.6083 0.0264567 3.06519 734 603 8
1993 8 1 64 0 0 2.04 1 0 0
1993 9 1 64 0 0 2.99816 87 0 0
1993 1 2 64 155.56 0.0174475 3.25726 237 1294.5 12
1993 2 2 64 55.1126 0.05 3.625 2 0.5 0
1993 3 2 64 0 0 3.15692 26 0 0
1993 4 2 64 36.8985 0.01903 3.25924 341 226 6
1993 5 2 64 0 0 3.02667 6 0 0
1993 6 2 64 0 0 2.9774 50 0 0
1993 7 2 64 77.9064 0.0283872 3.14824 712 647 7
1993 8 2 64 0 0 3.17383 0 0 0
1993 9 2 64 0 0 2.95638 94 0 0
1993 1 1 65 181.156 0.0203184 3.39488 291 1507.5 16
1993 2 1 65 55.1126 0.05 4.03333 6 0.5 0
1993 3 1 65 0 0 3.32286 28 0 0
1993 4 1 65 32.0821 0.016546 3.50653 331 196.5 4
1993 5 1 65 0 0 2.76143 7 0 0
1993 6 1 65 0 0 3.23444 63 0 0
1993 7 1 65 77.0635 0.02808 3.20063 709 640 5
1993 8 1 65 0 0 3.4 2 0 0
1993 9 1 65 0 0 3.06918 61 0 0
1993 1 2 65 161.328 0.0180945 3.52263 247 1342.5 8
1993 2 2 65 55.1126 0.05 3.5 3 0.5 0
1993 3 2 65 0 0 3.48 29 0 0
1993 4 2 65 38.6128 0.0199141 3.39964 333 236.5 5
1993 5 2 65 0 0 2.904 10 0 0
1993 6 2 65 0 0 3.24904 52 0 0
1993 7 2 65 79.5922 0.0290014 3.27475 682 661 6
1993 8 2 65 0 0 3.27 2 0 0
1993 9 2 65 0 0 3.165 80 0 0
1993 1 1 66 178.453 0.0200151 3.55934 287 1485 14
1993 2 1 66 0 0 4.25 3 0 0
1993 3 1 66 0 0 3.52143 28 0 0
1993 4 1 66 32.5719 0.0167986 3.61867 323 199.5 3
1993 5 1 66 0 0 3.426 5 0 0
1993 6 1 66 0 0 3.2364 50 0 0
1993 7 1 66 78.3881 0.0285627 3.35775 658 651 4
1993 8 1 66 0 0 3.45636 0 0 0
1993 9 1 66 0 0 3.30721 68 0 0
1993 1 2 66 154.659 0.0173464 3.66658 231 1287 13
1993 2 2 66 0 0 4.6625 4 0 0
1993 3 2 66 0 0 3.55833 24 0 0
1993 4 2 66 38.9393 0.0200825 3.55879 346 238.5 5
1993 5 2 66 0 0 3.04 7 0 0
1993 6 2 66 0 0 3.30467 60 0 0
1993 7 2 66 79.3513 0.0289137 3.4164 695 659 3
1993 8 2 66 0 0 3.3 1 0 0
1993 9 2 66 0 0 3.21477 65 0 0
1993 1 1 67 161.569 0.0181214 3.75898 275 1344.5 23
1993 2 1 67 0 0 4.56167 6 0 0
1993 3 1 67 0 0 3.74321 28 0 0
1993 4 1 67 29.7147 0.015325 3.75885 279 182 1
1993 5 1 67 0 0 3.59143 7 0 0
1993 6 1 67 0 0 3.48194 62 0 0
1993 7 1 67 78.5687 0.0286285 3.46702 644 652.5 6
1993 8 1 67 0 0 3.335 2 0 0
1993 9 1 67 0 0 3.36443 70 0 0
1993 1 2 67 164.573 0.0184584 3.73783 253 1369.5 14
1993 2 2 67 0 0 4.33 5 0 0
1993 3 2 67 0 0 3.5456 25 0 0
1993 4 2 67 37.5515 0.0193668 3.74432 333 230 3
1993 5 2 67 0 0 3.16889 9 0 0
1993 6 2 67 0 0 3.3668 75 0 0
1993 7 2 67 89.0445 0.0324456 3.5699 705 739.5 3
1993 8 2 67 0 0 3.3325 4 0 0
1993 9 2 67 0 0 3.31586 70 0 0
1993 1 1 68 144.745 0.0162345 3.8272 254 1204.5 15
1993 2 1 68 0 0 3.74054 0 0 0
1993 3 1 68 0 0 3.90333 12 0 0
1993 4 1 68 24.4901 0.0126305 3.94324 275 150 3
1993 5 1 68 0 0 3.53222 9 0 0
1993 6 1 68 0 0 3.648 60 0 0
1993 7 1 68 68.9959 0.0251404 3.63498 600 573 7
1993 8 1 68 0 0 3.52 2 0 0
1993 9 1 68 0 0 3.57373 51 0 0
1993 1 2 68 144.144 0.0161671 3.96636 239 1199.5 12
1993 2 2 68 0 0 4.86667 3 0 0
1993 3 2 68 0 0 3.83625 16 0 0
1993 4 2 68 36.7352 0.0189458 3.85067 371 225 2
1993 5 2 68 0 0 3.4875 8 0 0
1993 6 2 68 0 0 3.55857 42 0 0
1993 7 2 68 85.4923 0.0311513 3.7476 680 710 3
1993 8 2 68 0 0 3.705 4 0 0
1993 9 2 68 0 0 3.54015 68 0 0
1993 1 1 69 131.286 0.0147249 4.03573 246 1092.5 15
1993 2 1 69 0 0 4.8 1 0 0
1993 3 1 69 0 0 3.979 10 0 0
1993 4 1 69 25.3065 0.0130515 4.02378 249 155 3
1993 5 1 69 0 0 3.5675 4 0 0
1993 6 1 69 0 0 3.788 40 0 0
1993 7 1 69 66.7081 0.0243068 3.76492 559 554 7
1993 8 1 69 0 0 3.87858 0 0 0
1993 9 1 69 0 0 3.70128 47 0 0
1993 1 2 69 137.895 0.0154662 4.15412 255 1147.5 11
1993 2 2 69 0 0 4.6 3 0 0
1993 3 2 69 0 0 3.818 25 0 0
1993 4 2 69 32.98 0.0170091 4.0711 326 202 4
1993 5 2 69 0 0 3.762 5 0 0
1993 6 2 69 0 0 3.83175 40 0 0
1993 7 2 69 79.833 0.0290892 3.87883 650 663 5
1993 8 2 69 0 0 3.44333 3 0 0
1993 9 2 69 0 0 3.72922 64 0 0
1993 1 1 70 126.9 0.014233 4.28726 234 1056 14
1993 2 1 70 0 0 4.7 2 0 0
1993 3 1 70 0 0 4.22273 11 0 0
1993 4 1 70 19.1839 0.0098939 4.31781 242 117.5 5
1993 5 1 70 0 0 3.785 6 0 0
1993 6 1 70 0 0 3.95116 43 0 0
1993 7 1 70 54.5465 0.0198754 3.97662 524 453 7
1993 8 1 70 0 0 3.93 2 0 0
1993 9 1 70 0 0 4.03795 44 0 0
1993 1 2 70 139.157 0.0156077 4.40439 244 1158 11
1993 2 2 70 0 0 4.95 2 0 0
1993 3 2 70 0 0 4.17625 16 0 0
1993 4 2 70 23.4289 0.0120832 4.24988 322 143.5 4
1993 5 2 70 0 0 3.56833 6 0 0
1993 6 2 70 0 0 3.945 52 0 0
1993 7 2 70 67.9122 0.0247455 4.07071 630 564 4
1993 8 2 70 0 0 3.67 1 0 0
1993 9 2 70 0 0 3.93043 70 0 0
1993 1 1 71 99.6811 0.0111801 4.44922 230 829.5 17
1993 2 1 71 0 0 4.28431 0 0 0
1993 3 1 71 0 0 4.52273 11 0 0
1993 4 1 71 18.4492 0.00951499 4.42725 222 113 1
1993 5 1 71 0 0 3.83 5 0 0
1993 6 1 71 0 0 4.14294 34 0 0
1993 7 1 71 50.8138 0.0185153 4.16201 442 422 4
1993 8 1 71 0 0 4 2 0 0
1993 9 1 71 0 0 3.99838 37 0 0
1993 1 2 71 118.067 0.0132423 4.54118 237 982.5 16
1993 2 2 71 0 0 5.3 1 0 0
1993 3 2 71 0 0 4.50941 17 0 0
1993 4 2 71 25.3065 0.0130515 4.47201 288 155 2
1993 5 2 71 0 0 3.73333 9 0 0
1993 6 2 71 0 0 4.22809 47 0 0
1993 7 2 71 63.8182 0.0232538 4.2706 582 530 6
1993 8 2 71 0 0 4 1 0 0
1993 9 2 71 0 0 4.17122 49 0 0
1993 1 1 72 95.1146 0.010668 4.64014 218 791.5 16
1993 2 1 72 0 0 4.43644 0 0 0
1993 3 1 72 0 0 4.52438 16 0 0
1993 4 1 72 20.2452 0.0104412 4.54494 164 124 1
1993 5 1 72 0 0 3.84 4 0 0
1993 6 1 72 0 0 4.17969 32 0 0
1993 7 1 72 43.1676 0.0157292 4.30789 384 358.5 3
1993 8 1 72 0 0 4.43644 0 0 0
1993 9 1 72 0 0 4.31903 31 0 0
1993 1 2 72 110.376 0.0123797 4.83394 231 918.5 14
1993 2 2 72 0 0 4.9 1 0 0
1993 3 2 72 0 0 4.47 13 0 0
1993 4 2 72 22.2044 0.0114517 4.66771 236 136 3
1993 5 2 72 0 0 4.1575 8 0 0
1993 6 2 72 0 0 4.34292 48 0 0
1993 7 2 72 56.6537 0.0206432 4.47325 493 470.5 2
1993 8 2 72 0 0 4.02333 3 0 0
1993 9 2 72 0 0 4.19349 43 0 0
1993 1 1 73 85.1405 0.00954929 4.84544 195 708.5 17
1993 2 1 73 0 0 4.60972 0 0 0
1993 3 1 73 0 0 4.91364 11 0 0
1993 4 1 73 17.3064 0.00892556 4.69719 139 106 3
1993 5 1 73 0 0 4.95 2 0 0
1993 6 1 73 0 0 4.3896 25 0 0
1993 7 1 73 36.9664 0.0134696 4.46289 315 307 2
1993 8 1 73 0 0 4.60972 0 0 0
1993 9 1 73 0 0 4.30412 34 0 0
1993 1 2 73 96.6768 0.0108432 5.01065 215 804.5 13
1993 2 2 73 0 0 4.74144 0 0 0
1993 3 2 73 0 0 4.64143 7 0 0
1993 4 2 73 20.4084 0.0105254 4.78634 227 125 6
1993 5 2 73 0 0 4.31 8 0 0
1993 6 2 73 0 0 4.61129 31 0 0
1993 7 2 73 46.7198 0.0170235 4.64012 493 388 3
1993 8 2 73 0 0 4.39 2 0 0
1993 9 2 73 0 0 4.45281 32 0 0
1993 1 1 74 78.2908 0.00878103 5.11652 181 651.5 20
1993 2 1 74 0 0 4.87713 0 0 0
1993 3 1 74 0 0 4.16 3 0 0
1993 4 1 74 15.9186 0.00820983 5.04192 130 97.5 4
1993 5 1 74 0 0 4.445 4 0 0
1993 6 1 74 0 0 4.52938 16 0 0
1993 7 1 74 28.658 0.0104423 4.68767 262 238 2
1993 8 1 74 0 0 4.87713 0 0 0
1993 9 1 74 0 0 4.64083 24 0 0
1993 1 2 74 86.7027 0.00972451 5.19263 198 721.5 10
1993 2 2 74 0 0 4.93744 0 0 0
1993 3 2 74 0 0 4.96125 8 0 0
1993 4 2 74 20.0003 0.0103149 5.0045 191 122.5 2
1993 5 2 74 0 0 4.596 10 0 0
1993 6 2 74 0 0 4.53971 34 0 0
1993 7 2 74 42.6258 0.0155318 4.87261 383 354 2
1993 8 2 74 0 0 4.93744 0 0 0
1993 9 2 74 0 0 4.41929 42 0 0
1993 1 1 75 76.8487 0.0086193 5.25613 155 639.5 17
1993 2 1 75 0 0 5.02682 0 0 0
1993 3 1 75 0 0 4.99167 6 0 0
1993 4 1 75 16.4084 0.00846245 5.16933 105 100.5 2
1993 5 1 75 0 0 4.69 1 0 0
1993 6 1 75 0 0 4.65412 17 0 0
1993 7 1 75 21.9149 0.00798526 4.86162 247 182 3
1993 8 1 75 0 0 5.02682 0 0 0
1993 9 1 75 0 0 4.89864 22 0 0
1993 1 2 75 84.4195 0.00946842 5.47137 160 702.5 12
1993 2 2 75 0 0 5.13185 0 0 0
1993 3 2 75 0 0 4.93333 9 0 0
1993 4 2 75 20.4901 0.0105675 5.18159 170 125.5 2
1993 5 2 75 0 0 4.96857 7 0 0
1993 6 2 75 0 0 4.81406 32 0 0
1993 7 2 75 32.5112 0.0118463 5.03572 367 270 7
1993 8 2 75 0 0 4.4 1 0 0
1993 9 2 75 0 0 4.64357 28 0 0
1993 1 1 76 59.4842 0.0066717 5.4007 128 495 12
1993 2 1 76 0 0 5.20558 0 0 0
1993 3 1 76 0 0 5.17857 7 0 0
1993 4 1 76 16.2451 0.00837824 5.35439 82 99.5 1
1993 5 1 76 0 0 4.7 6 0 0
1993 6 1 76 0 0 5.282 10 0 0
1993 7 1 76 20.1088 0.00732713 5.0403 202 167 2
1993 8 1 76 0 0 5.20558 0 0 0
1993 9 1 76 0 0 5.12706 17 0 0
1993 1 2 76 69.0978 0.00774995 5.67157 166 575 17
1993 2 2 76 0 0 5.38339 0 0 0
1993 3 2 76 0 0 5.30833 6 0 0
1993 4 2 76 18.5309 0.00955709 5.38466 133 113.5 0
1993 5 2 76 0 0 5.005 2 0 0
1993 6 2 76 0 0 5.04688 16 0 0
1993 7 2 76 28.5376 0.0103984 5.25664 301 237 2
1993 8 2 76 0 0 6.7 1 0 0
1993 9 2 76 0 0 5.25257 35 0 0
1993 1 1 77 52.9349 0.00593714 5.74453 137 440.5 11
1993 2 1 77 0 0 5.46633 0 0 0
1993 3 1 77 0 0 6.11 5 0 0
1993 4 1 77 14.4492 0.007452 5.58982 56 88.5 2
1993 5 1 77 0 0 4.975 2 0 0
1993 6 1 77 0 0 4.86778 18 0 0
1993 7 1 77 16.5566 0.00603282 5.26137 153 137.5 1
1993 8 1 77 0 0 5.46633 0 0 0
1993 9 1 77 0 0 4.953 10 0 0
1993 1 2 77 61.3468 0.00688061 6.06985 132 510.5 13
1993 2 2 77 0 0 6 1 0 0
1993 3 2 77 0 0 5.72 8 0 0
1993 4 2 77 16.0818 0.00829404 5.65569 137 98.5 1
1993 5 2 77 0 0 4.83714 7 0 0
1993 6 2 77 0 0 5.61889 18 0 0
1993 7 2 77 22.216 0.00809495 5.46667 285 184.5 8
1993 8 2 77 0 0 5.62131 0 0 0
1993 9 2 77 0 0 4.91773 22 0 0
1993 1 1 78 48.3084 0.00541823 5.96302 126 402 11
1993 2 1 78 0 0 5.71649 0 0 0
1993 3 1 78 0 0 6.165 2 0 0
1993 4 1 78 16.0002 0.00825194 5.73833 48 98 0
1993 5 1 78 0 0 4.9 2 0 0
1993 6 1 78 0 0 5.5 12 0 0
1993 7 1 78 14.3892 0.00524307 5.48558 113 119.5 1
1993 8 1 78 0 0 5.71649 0 0 0
1993 9 1 78 0 0 5.448 10 0 0
1993 1 2 78 58.5228 0.00656387 6.33561 148 487 10
1993 2 2 78 0 0 5.82358 0 0 0
1993 3 2 78 0 0 5.775 6 0 0
1993 4 2 78 17.4696 0.00900977 5.65417 115 107 1
1993 5 2 78 0 0 5.27 6 0 0
1993 6 2 78 0 0 5.54214 14 0 0
1993 7 2 78 22.3364 0.00813882 5.63845 226 185.5 2
1993 8 2 78 0 0 5.82358 0 0 0
1993 9 2 78 0 0 5.44 18 0 0
1993 1 1 79 51.3126 0.00575518 6.35391 115 427 16
1993 2 1 79 0 0 5.975 0 0 0
1993 3 1 79 0 0 5.01667 3 0 0
1993 4 1 79 17.2247 0.00888346 6.00263 38 105.5 1
1993 5 1 79 0 0 4.69 1 0 0
1993 6 1 79 0 0 5.562 5 0 0
1993 7 1 79 9.09109 0.00331257 5.67425 106 75.5 1
1993 8 1 79 0 0 6.22 1 0 0
1993 9 1 79 0 0 5.22333 9 0 0
1993 1 2 79 60.085 0.00673909 6.53468 139 500 12
1993 2 2 79 0 0 6.03316 0 0 0
1993 3 2 79 0 0 6.2 3 0 0
1993 4 2 79 17.8778 0.00922028 5.9799 104 109.5 3
1993 5 2 79 0 0 6.025 4 0 0
1993 6 2 79 0 0 5.678 10 0 0
1993 7 2 79 16.5566 0.00603282 5.7851 206 137.5 3
1993 8 2 79 0 0 6.03316 0 0 0
1993 9 2 79 0 0 5.67643 28 0 0
1993 1 1 80 46.7462 0.00524301 6.5832 103 389 13
1993 2 1 80 0 0 6.33229 0 0 0
1993 3 1 80 0 0 6.33229 0 0 0
1993 4 1 80 14.4492 0.007452 6.58333 36 88.5 0
1993 5 1 80 0 0 6.33229 0 0 0
1993 6 1 80 0 0 6.184 5 0 0
1993 7 1 80 9.15129 0.0033345 5.98678 87 76 2
1993 8 1 80 0 0 6.33229 0 0 0
1993 9 1 80 0 0 6.04071 14 0 0
1993 1 2 80 57.6816 0.00646953 6.83492 132 480 18
1993 2 2 80 0 0 6.38746 0 0 0
1993 3 2 80 0 0 6.73333 3 0 0
1993 4 2 80 16.5717 0.00854665 6.54084 83 101.5 1
1993 5 2 80 0 0 5.856 5 0 0
1993 6 2 80 0 0 5.67077 13 0 0
1993 7 2 80 14.4494 0.00526501 6.13049 206 120 1
1993 8 2 80 0 0 6.38746 0 0 0
1993 9 2 80 0 0 5.94722 18 0 0
1993 1 1 81 36.051 0.00404345 7.00177 96 300 14
1993 2 1 81 0 0 6.63177 0 0 0
1993 3 1 81 0 0 6.315 4 0 0
1993 4 1 81 15.1839 0.00783092 6.79469 32 93 0
1993 5 1 81 0 0 5.175 2 0 0
1993 6 1 81 0 0 5.97 3 0 0
1993 7 1 81 7.28491 0.00265444 5.9364 50 60.5 0
1993 8 1 81 0 0 6.63177 0 0 0
1993 9 1 81 0 0 6.672 5 0 0
1993 1 2 81 50.2311 0.00563388 7.0569 100 418 15
1993 2 2 81 0 0 6.67109 0 0 0
1993 3 2 81 0 0 6.085 2 0 0
1993 4 2 81 15.5104 0.00799933 6.65031 65 95 0
1993 5 2 81 0 0 5.75 2 0 0
1993 6 2 81 0 0 6.25 9 0 0
1993 7 2 81 11.0177 0.00401457 6.547 160 91.5 5
1993 8 2 81 0 0 6.67109 0 0 0
1993 9 2 81 0 0 6.1425 20 0 0
1993 1 1 82 35.0296 0.00392889 7.14808 73 291.5 14
1993 2 1 82 0 0 6.86335 0 0 0
1993 3 1 82 0 0 7.1 1 0 0
1993 4 1 82 15.5104 0.00799933 7.09696 23 95 1
1993 5 1 82 0 0 6.86335 0 0 0
1993 6 1 82 0 0 6.624 5 0 0
1993 7 1 82 4.81647 0.001755 6.38979 47 40 2
1993 8 1 82 0 0 6.86335 0 0 0
1993 9 1 82 0 0 6.37333 6 0 0
1993 1 2 82 48.6088 0.00545192 7.33839 118 404.5 12
1993 2 2 82 0 0 6.93088 0 0 0
1993 3 2 82 0 0 7.4 5 0 0
1993 4 2 82 16.9798 0.00875716 6.85733 45 104 1
1993 5 2 82 0 0 6 2 0 0
1993 6 2 82 0 0 6.33091 11 0 0
1993 7 2 82 8.30841 0.00302738 6.75737 133 69 1
1993 8 2 82 0 0 6.93088 0 0 0
1993 9 2 82 0 0 5.81786 14 0 0
1993 1 1 83 38.9351 0.00436693 7.31047 85 324 14
1993 2 1 83 0 0 7.00455 0 0 0
1993 3 1 83 0 0 7.00455 0 0 0
1993 4 1 83 14.6124 0.00753621 6.92 17 89.5 0
1993 5 1 83 0 0 7.00455 0 0 0
1993 6 1 83 0 0 7.00455 0 0 0
1993 7 1 83 4.21441 0.00153563 6.4425 48 35 0
1993 8 1 83 0 0 7.00455 0 0 0
1993 9 1 83 0 0 7.40667 6 0 0
1993 1 2 83 42.2999 0.00474432 7.78292 106 352 13
1993 2 2 83 0 0 7.30742 0 0 0
1993 3 2 83 0 0 8 2 0 0
1993 4 2 83 15.9186 0.00820983 7.075 52 97.5 0
1993 5 2 83 0 0 7.30742 0 0 0
1993 6 2 83 0 0 6.90375 8 0 0
1993 7 2 83 7.82676 0.00285188 7.07031 131 65 1
1993 8 2 83 0 0 7.30742 0 0 0
1993 9 2 83 0 0 6.81545 11 0 0
1993 1 1 84 32.0854 0.00359867 7.65526 76 267 18
1993 2 1 84 0 0 7.35594 0 0 0
1993 3 1 84 0 0 6.3 1 0 0
1993 4 1 84 14.6941 0.00757831 7.045 12 90 0
1993 5 1 84 0 0 7.35594 0 0 0
1993 6 1 84 0 0 7.26 4 0 0
1993 7 1 84 3.0705 0.00111881 6.92385 39 25.5 2
1993 8 1 84 0 0 7.35594 0 0 0
1993 9 1 84 0 0 6.63 1 0 0
1993 1 2 84 37.9737 0.0042591 8.09634 82 316 11
1993 2 2 84 0 0 7.43707 0 0 0
1993 3 2 84 0 0 8.7 1 0 0
1993 4 2 84 14.3675 0.0074099 7.07463 41 88 0
1993 5 2 84 0 0 6.58333 3 0 0
1993 6 2 84 0 0 6.73667 6 0 0
1993 7 2 84 4.51544 0.00164531 7.14317 104 37.5 1
1993 8 2 84 0 0 7.43707 0 0 0
1993 9 2 84 0 0 7.17583 12 0 0
1993 1 1 85 26.137 0.0029315 8.06718 71 217.5 13
1993 2 1 85 0 0 7.58203 0 0 0
1993 3 1 85 0 0 7.58203 0 0 0
1993 4 1 85 13.6328 0.00703099 6.50308 13 83.5 0
1993 5 1 85 0 0 7.58203 0 0 0
1993 6 1 85 0 0 6.2 2 0 0
1993 7 1 85 2.70926 0.000987188 7.12872 39 22.5 1
1993 8 1 85 0 0 7.58203 0 0 0
1993 9 1 85 0 0 7.59 3 0 0
1993 1 2 85 39.7162 0.00445454 8.25485 101 330.5 12
1993 2 2 85 0 0 7.76333 0 0 0
1993 3 2 85 0 0 8.775 2 0 0
1993 4 2 85 15.1022 0.00778882 7.51737 38 92.5 0
1993 5 2 85 0 0 7.52 4 0 0
1993 6 2 85 0 0 6.69818 11 0 0
1993 7 2 85 4.27462 0.00155756 7.45628 86 35.5 2
1993 8 2 85 0 0 7.76333 0 0 0
1993 9 2 85 0 0 7.30286 7 0 0
1993 1 1 86 24.9954 0.00280346 8.40018 57 208 9
1993 2 1 86 0 0 7.95161 0 0 0
1993 3 1 86 0 0 7.95161 0 0 0
1993 4 1 86 14.6124 0.00753621 7.59875 8 89.5 1
1993 5 1 86 0 0 7.4 1 0 0
1993 6 1 86 0 0 7.95161 0 0 0
1993 7 1 86 1.56535 0.000570376 7.07667 24 13 1
1993 8 1 86 0 0 7.95161 0 0 0
1993 9 1 86 0 0 7.55333 3 0 0
1993 1 2 86 28.8408 0.00323476 8.68037 82 240 10
1993 2 2 86 0 0 8.12689 0 0 0
1993 3 2 86 0 0 7.8 1 0 0
1993 4 2 86 15.4288 0.00795722 8.15297 37 94.5 1
1993 5 2 86 0 0 7.65 1 0 0
1993 6 2 86 0 0 7.59167 6 0 0
1993 7 2 86 4.93688 0.00179888 7.73362 69 41 0
1993 8 2 86 0 0 8.12689 0 0 0
1993 9 2 86 0 0 6.95769 13 0 0
1993 1 1 87 26.9181 0.00301911 8.71209 43 224 8
1993 2 1 87 0 0 8.29077 0 0 0
1993 3 1 87 0 0 8.29077 0 0 0
1993 4 1 87 15.1022 0.00778882 7.32091 11 92.5 0
1993 5 1 87 0 0 7.5 2 0 0
1993 6 1 87 0 0 7.35 1 0 0
1993 7 1 87 1.68576 0.000614251 8.05619 21 14 1
1993 8 1 87 0 0 8.29077 0 0 0
1993 9 1 87 0 0 8.29077 0 0 0
1993 1 2 87 34.4888 0.00386824 9.08211 76 287 13
1993 2 2 87 0 0 8.46668 0 0 0
1993 3 2 87 0 0 8.6 2 0 0
1993 4 2 87 16.5717 0.00854665 8.31219 32 101.5 1
1993 5 2 87 0 0 6.53333 3 0 0
1993 6 2 87 0 0 7.295 10 0 0
1993 7 2 87 2.88988 0.001053 8.24828 64 24 2
1993 8 2 87 0 0 5.71 1 0 0
1993 9 2 87 0 0 7.48625 8 0 0
1993 1 1 88 22.8323 0.00256085 9.10717 53 190 9
1993 2 1 88 0 0 8.7304 0 0 0
1993 3 1 88 0 0 8.4 1 0 0
1993 4 1 88 12.8165 0.00660997 8.842 5 78.5 1
1993 5 1 88 0 0 8.7304 0 0 0
1993 6 1 88 0 0 7.4 1 0 0
1993 7 1 88 1.44494 0.000526501 7.48143 14 12 1
1993 8 1 88 0 0 8.7304 0 0 0
1993 9 1 88 0 0 7.35 1 0 0
1993 1 2 88 24.1542 0.00270911 9.45307 75 201 13
1993 2 2 88 0 0 8.73528 0 0 0
1993 3 2 88 0 0 9.8 1 0 0
1993 4 2 88 13.4696 0.00694678 8.53389 18 82.5 0
1993 5 2 88 0 0 8.37 1 0 0
1993 6 2 88 0 0 8.17 4 0 0
1993 7 2 88 3.37153 0.0012285 8.16 69 28 1
1993 8 2 88 0 0 8.73528 0 0 0
1993 9 2 88 0 0 7.61625 8 0 0
1993 1 1 89 18.5663 0.00208238 9.27712 52 154.5 9
1993 2 1 89 0 0 8.90973 0 0 0
1993 3 1 89 0 0 8.90973 0 0 0
1993 4 1 89 11.1838 0.00576794 8.29 4 68.5 0
1993 5 1 89 0 0 8.90973 0 0 0
1993 6 1 89 0 0 7.5 1 0 0
1993 7 1 89 1.32453 0.000482625 7.7 14 11 1
1993 8 1 89 0 0 8.90973 0 0 0
1993 9 1 89 0 0 9.77 2 0 0
1993 1 2 89 27.579 0.00309324 10.1965 63 229.5 9
1993 2 2 89 0 0 9.2269 0 0 0
1993 3 2 89 0 0 9.2269 0 0 0
1993 4 2 89 12.49 0.00644156 8.47722 18 76.5 0
1993 5 2 89 0 0 5.51 1 0 0
1993 6 2 89 0 0 10.46 1 0 0
1993 7 2 89 2.28782 0.000833626 8.57283 53 19 0
1993 8 2 89 0 0 9.2269 0 0 0
1993 9 2 89 0 0 8.06667 9 0 0
1993 1 1 90 18.3259 0.00205542 9.71667 33 152.5 9
1993 2 1 90 0 0 9.14642 0 0 0
1993 3 1 90 0 0 9.14642 0 0 0
1993 4 1 90 8.65318 0.00446278 9.2075 4 53 0
1993 5 1 90 0 0 9.14642 0 0 0
1993 6 1 90 0 0 8.225 4 0 0
1993 7 1 90 1.08371 0.000394875 7.78 11 9 0
1993 8 1 90 0 0 9.14642 0 0 0
1993 9 1 90 0 0 8.8 1 0 0
1993 1 2 90 24.4546 0.00274281 10.3244 70 203.5 12
1993 2 2 90 0 0 9.53845 0 0 0
1993 3 2 90 0 0 10.5 1 0 0
1993 4 2 90 9.63278 0.004968 8.845 14 59 1
1993 5 2 90 0 0 10.72 2 0 0
1993 6 2 90 0 0 8.47 1 0 0
1993 7 2 90 2.28782 0.000833626 8.83731 52 19 2
1993 8 2 90 0 0 9.53845 0 0 0
1993 9 2 90 0 0 8.15 8 0 0
1993 1 1 91 15.6221 0.00175216 10.1657 30 130 7
1993 2 1 91 0 0 9.69111 0 0 0
1993 3 1 91 0 0 9.69111 0 0 0
1993 4 1 91 7.42867 0.00383126 8.2075 4 45.5 0
1993 5 1 91 0 0 9.15 1 0 0
1993 6 1 91 0 0 10.2 2 0 0
1993 7 1 91 0.842882 0.000307125 9.07 16 7 0
1993 8 1 91 0 0 9.69111 0 0 0
1993 9 1 91 0 0 10.85 1 0 0
1993 1 2 91 19.3474 0.00216999 10.7082 55 161 12
1993 2 2 91 0 0 9.91614 0 0 0
1993 3 2 91 0 0 9.91614 0 0 0
1993 4 2 91 7.91847 0.00408387 9.39067 15 48.5 0
1993 5 2 91 0 0 9.25 2 0 0
1993 6 2 91 0 0 8.57 1 0 0
1993 7 2 91 2.047 0.000745876 9.38604 48 17 0
1993 8 2 91 0 0 9.91614 0 0 0
1993 9 2 91 0 0 8.65667 6 0 0
1993 1 1 92 10.2145 0.00114565 10.2432 38 85 11
1993 2 1 92 0 0 10.0056 0 0 0
1993 3 1 92 0 0 10.0056 0 0 0
1993 4 1 92 6.61233 0.00341024 11.73 1 40.5 0
1993 5 1 92 0 0 10.0056 0 0 0
1993 6 1 92 0 0 8.88 1 0 0
1993 7 1 92 0.120412 4.3875e-05 8.90333 9 1 0
1993 8 1 92 0 0 10.0056 0 0 0
1993 9 1 92 0 0 10.3 1 0 0
1993 1 2 92 15.7423 0.00176564 11.0743 42 131 8
1993 2 2 92 0 0 10.1734 0 0 0
1993 3 2 92 0 0 10.1734 0 0 0
1993 4 2 92 6.44907 0.00332604 9.50364 11 39.5 0
1993 5 2 92 0 0 10.1734 0 0 0
1993 6 2 92 0 0 8.8775 4 0 0
1993 7 2 92 0.963294 0.000351 9.63091 33 8 0
1993 8 2 92 0 0 10.1734 0 0 0
1993 9 2 92 0 0 6.48 2 0 0
1993 1 1 93 9.73377 0.00109173 10.5674 27 81 7
1993 2 1 93 0 0 10.2116 0 0 0
1993 3 1 93 0 0 10.2116 0 0 0
1993 4 1 93 5.5511 0.00286292 6.99 1 34 0
1993 5 1 93 0 0 10.2116 0 0 0
1993 6 1 93 0 0 10.2116 0 0 0
1993 7 1 93 0.240824 8.77501e-05 9.87467 15 2 1
1993 8 1 93 0 0 10.2116 0 0 0
1993 9 1 93 0 0 8.88 1 0 0
1993 1 2 93 16.223 0.00181955 11.5455 51 135 15
1993 2 2 93 0 0 10.8292 0 0 0
1993 3 2 93 0 0 10.8292 0 0 0
1993 4 2 93 6.69397 0.00345234 9.74 12 41 0
1993 5 2 93 0 0 9.6 1 0 0
1993 6 2 93 0 0 9.5 1 0 0
1993 7 2 93 1.44494 0.000526501 10.2119 27 12 0
1993 8 2 93 0 0 10.8292 0 0 0
1993 9 2 93 0 0 9.982 5 0 0
1993 1 1 94 8.8325 0.000990646 10.6538 24 73.5 9
1993 2 1 94 0 0 10.0734 0 0 0
1993 3 1 94 0 0 9 1 0 0
1993 4 1 94 4.40822 0.00227349 10.0734 0 27 0
1993 5 1 94 0 0 10.0734 0 0 0
1993 6 1 94 0 0 10.0734 0 0 0
1993 7 1 94 0.180618 6.58126e-05 8.788 10 1.5 1
1993 8 1 94 0 0 10.0734 0 0 0
1993 9 1 94 0 0 10.0734 0 0 0
1993 1 2 94 13.399 0.00150282 11.7495 43 111.5 9
1993 2 2 94 0 0 11.1597 0 0 0
1993 3 2 94 0 0 11.1597 0 0 0
1993 4 2 94 4.57149 0.0023577 11.1822 9 28 0
1993 5 2 94 0 0 11.1597 0 0 0
1993 6 2 94 0 0 9.49 1 0 0
1993 7 2 94 0.903088 0.000329063 10.1642 24 7.5 0
1993 8 2 94 0 0 11.1597 0 0 0
1993 9 2 94 0 0 11.1597 0 0 0
1993 1 1 95 8.23165 0.000923255 11.1361 23 68.5 7
1993 2 1 95 0 0 11.07 0 0 0
1993 3 1 95 0 0 11.07 0 0 0
1993 4 1 95 2.77555 0.00143146 11.07 0 17 0
1993 5 1 95 0 0 11.07 0 0 0
1993 6 1 95 0 0 9.8 1 0 0
1993 7 1 95 0.240824 8.77501e-05 10.945 2 2 0
1993 8 1 95 0 0 11.07 0 0 0
1993 9 1 95 0 0 11.07 0 0 0
1993 1 2 95 16.283 0.00182629 12.1386 37 135.5 9
1993 2 2 95 0 0 11.2665 0 0 0
1993 3 2 95 0 0 11.2665 0 0 0
1993 4 2 95 3.42862 0.00176827 10.7157 7 21 0
1993 5 2 95 0 0 9.21 2 0 0
1993 6 2 95 0 0 11.2665 0 0 0
1993 7 2 95 0.361235 0.000131625 10.3055 22 3 0
1993 8 2 95 0 0 11.2665 0 0 0
1993 9 2 95 0 0 10.2133 3 0 0
1993 1 1 96 7.69088 0.000862603 11.3673 22 64 9
1993 2 1 96 0 0 11.2211 0 0 0
1993 3 1 96 0 0 11.2211 0 0 0
1993 4 1 96 3.10208 0.00159987 11.2211 0 19 0
1993 5 1 96 0 0 11.2211 0 0 0
1993 6 1 96 0 0 11.2211 0 0 0
1993 7 1 96 0.240824 8.77501e-05 10.7567 3 2 1
1993 8 1 96 0 0 11.2211 0 0 0
1993 9 1 96 0 0 10.31 2 0 0
1993 1 2 96 12.738 0.00142869 12.4559 32 106 9
1993 2 2 96 0 0 11.7376 0 0 0
1993 3 2 96 0 0 11.7376 0 0 0
1993 4 2 96 2.93882 0.00151566 11.1989 9 18 0
1993 5 2 96 0 0 11.7376 0 0 0
1993 6 2 96 0 0 11.7376 0 0 0
1993 7 2 96 0.963294 0.000351 10.7762 16 8 1
1993 8 2 96 0 0 11.7376 0 0 0
1993 9 2 96 0 0 8.98 1 0 0
1993 1 1 97 6.06859 0.000680648 11.6362 16 50.5 7
1993 2 1 97 0 0 11.6359 0 0 0
1993 3 1 97 0 0 11.6359 0 0 0
1993 4 1 97 2.85718 0.00147356 11.6359 0 17.5 0
1993 5 1 97 0 0 11.6359 0 0 0
1993 6 1 97 0 0 11.6359 0 0 0
1993 7 1 97 0.0602059 2.19375e-05 11.808 5 0.5 0
1993 8 1 97 0 0 11.6359 0 0 0
1993 9 1 97 0 0 10.77 1 0 0
1993 1 2 97 12.7981 0.00143543 13.047 43 106.5 10
1993 2 2 97 0 0 12.4019 0 0 0
1993 3 2 97 0 0 12.4019 0 0 0
1993 4 2 97 3.34698 0.00172617 11.288 5 20.5 0
1993 5 2 97 0 0 12.4019 0 0 0
1993 6 2 97 0 0 10.15 1 0 0
1993 7 2 97 0.662265 0.000241313 11.2956 18 5.5 0
1993 8 2 97 0 0 12.4019 0 0 0
1993 9 2 97 0 0 12.4019 0 0 0
1993 1 1 98 6.96986 0.000781734 12.6232 19 58 7
1993 2 1 98 0 0 12.3952 0 0 0
1993 3 1 98 0 0 12.3952 0 0 0
1993 4 1 98 2.28575 0.00117885 10.43 1 14 0
1993 5 1 98 0 0 12.3952 0 0 0
1993 6 1 98 0 0 12.3952 0 0 0
1993 7 1 98 0.180618 6.58126e-05 11.6067 3 1.5 0
1993 8 1 98 0 0 12.3952 0 0 0
1993 9 1 98 0 0 12.3952 0 0 0
1993 1 2 98 11.1758 0.00125347 13.4104 27 93 6
1993 2 2 98 0 0 12.3612 0 0 0
1993 3 2 98 0 0 12.3612 0 0 0
1993 4 2 98 2.77555 0.00143146 9.49 1 17 0
1993 5 2 98 0 0 12.3612 0 0 0
1993 6 2 98 0 0 11.43 1 0 0
1993 7 2 98 0.541853 0.000197438 10.6715 13 4.5 0
1993 8 2 98 0 0 12.3612 0 0 0
1993 9 2 98 0 0 9.8 1 0 0
1993 1 1 99 5.34757 0.000599779 11.5992 12 44.5 7
1993 2 1 99 0 0 11.3433 0 0 0
1993 3 1 99 0 0 11.3433 0 0 0
1993 4 1 99 1.63268 0.000842034 10.2 1 10 0
1993 5 1 99 0 0 11.3433 0 0 0
1993 6 1 99 0 0 12.76 1 0 0
1993 7 1 99 0 0 10.5075 4 0 0
1993 8 1 99 0 0 11.3433 0 0 0
1993 9 1 99 0 0 11.3433 0 0 0
1993 1 2 99 8.95267 0.00100412 13.5333 30 74.5 8
1993 2 2 99 0 0 13.3545 0 0 0
1993 3 2 99 0 0 13.3545 0 0 0
1993 4 2 99 1.79594 0.000926238 13.6075 4 11 1
1993 5 2 99 0 0 13.3545 0 0 0
1993 6 2 99 0 0 13.3545 0 0 0
1993 7 2 99 0.120412 4.3875e-05 12.76 5 1 0
1993 8 2 99 0 0 13.3545 0 0 0
1993 9 2 99 0 0 9.95 1 0 0
1993 1 1 100 4.86689 0.000545866 12.8493 15 40.5 5
1993 2 1 100 0 0 12.7622 0 0 0
1993 3 1 100 0 0 12.7622 0 0 0
1993 4 1 100 2.12248 0.00109464 13.1 1 13 0
1993 5 1 100 0 0 12.7622 0 0 0
1993 6 1 100 0 0 12.7622 0 0 0
1993 7 1 100 0 0 11.94 2 0 0
1993 8 1 100 0 0 12.7622 0 0 0
1993 9 1 100 0 0 12.7622 0 0 0
1993 1 2 100 8.11148 0.000909777 14.1312 26 67.5 9
1993 2 2 100 0 0 13.6041 0 0 0
1993 3 2 100 0 0 13.6041 0 0 0
1993 4 2 100 2.44901 0.00126305 10.2 1 15 0
1993 5 2 100 0 0 10.7 1 0 0
1993 6 2 100 0 0 11.84 1 0 0
1993 7 2 100 0.361235 0.000131625 13.0671 7 3 0
1993 8 2 100 0 0 13.6041 0 0 0
1993 9 2 100 0 0 11.73 1 0 0
1993 1 1 101 4.38621 0.000491954 13.7686 7 36.5 0
1993 2 1 101 0 0 13.36 0 0 0
1993 3 1 101 0 0 13.36 0 0 0
1993 4 1 101 0.734704 0.000378915 13.36 0 4.5 0
1993 5 1 101 0 0 13.36 0 0 0
1993 6 1 101 0 0 13.36 0 0 0
1993 7 1 101 0 0 10.5 1 0 0
1993 8 1 101 0 0 13.36 0 0 0
1993 9 1 101 0 0 13.36 0 0 0
1993 1 2 101 7.99131 0.000896299 15.0691 22 66.5 8
1993 2 2 101 0 0 14.2925 0 0 0
1993 3 2 101 0 0 14.2925 0 0 0
1993 4 2 101 0.734704 0.000378915 14.2925 0 4.5 0
1993 5 2 101 0 0 14.2925 0 0 0
1993 6 2 101 0 0 14.2925 0 0 0
1993 7 2 101 0.120412 4.3875e-05 12.584 10 1 0
1993 8 2 101 0 0 14.2925 0 0 0
1993 9 2 101 0 0 14.2925 0 0 0
1993 1 1 102 3.36476 0.000377389 11.775 2 28 1
1993 2 1 102 0 0 11.76 0 0 0
1993 3 1 102 0 0 11.76 0 0 0
1993 4 1 102 0.897971 0.000463119 11.73 1 5.5 0
1993 5 1 102 0 0 11.76 0 0 0
1993 6 1 102 0 0 11.76 0 0 0
1993 7 1 102 0 0 11.76 0 0 0
1993 8 1 102 0 0 11.76 0 0 0
1993 9 1 102 0 0 11.76 0 0 0
1993 1 2 102 5.28748 0.00059304 14.6223 22 44 8
1993 2 2 102 0 0 14.4433 0 0 0
1993 3 2 102 0 0 14.4433 0 0 0
1993 4 2 102 1.06124 0.000547322 14.35 2 6.5 0
1993 5 2 102 0 0 14.4433 0 0 0
1993 6 2 102 0 0 14.4433 0 0 0
1993 7 2 102 0.361235 0.000131625 13.055 2 3 0
1993 8 2 102 0 0 14.4433 0 0 0
1993 9 2 102 0 0 13.47 1 0 0
1993 1 1 103 3.00425 0.000336954 14.4917 6 25 2
1993 2 1 103 0 0 14.0243 0 0 0
1993 3 1 103 0 0 14.0243 0 0 0
1993 4 1 103 0.897971 0.000463119 14.0243 0 5.5 0
1993 5 1 103 0 0 14.0243 0 0 0
1993 6 1 103 0 0 14.0243 0 0 0
1993 7 1 103 0 0 11.22 1 0 0
1993 8 1 103 0 0 14.0243 0 0 0
1993 9 1 103 0 0 14.0243 0 0 0
1993 1 2 103 6.24884 0.000700865 15.8867 15 52 6
1993 2 2 103 0 0 15.4547 0 0 0
1993 3 2 103 0 0 15.4547 0 0 0
1993 4 2 103 1.06124 0.000547322 15.4547 0 6.5 0
1993 5 2 103 0 0 15.4547 0 0 0
1993 6 2 103 0 0 15.4547 0 0 0
1993 7 2 103 0 0 13.835 4 0 0
1993 8 2 103 0 0 15.4547 0 0 0
1993 9 2 103 0 0 15.4547 0 0 0
1993 1 1 104 2.22315 0.000249346 13.67 1 18.5 0
1993 2 1 104 0 0 13.47 0 0 0
1993 3 1 104 0 0 13.47 0 0 0
1993 4 1 104 1.06124 0.000547322 13.47 0 6.5 0
1993 5 1 104 0 0 13.47 0 0 0
1993 6 1 104 0 0 13.47 0 0 0
1993 7 1 104 0 0 13.27 1 0 0
1993 8 1 104 0 0 13.47 0 0 0
1993 9 1 104 0 0 13.47 0 0 0
1993 1 2 104 4.62655 0.00051891 15.207 10 38.5 2
1993 2 2 104 0 0 14.351 0 0 0
1993 3 2 104 0 0 14.351 0 0 0
1993 4 2 104 1.38777 0.000715729 13.06 1 8.5 0
1993 5 2 104 0 0 10 1 0 0
1993 6 2 104 0 0 11.43 1 0 0
1993 7 2 104 0 0 14.3514 7 0 0
1993 8 2 104 0 0 14.351 0 0 0
1993 9 2 104 0 0 14.351 0 0 0
1993 1 1 105 1.56221 0.000175216 13.3 1 13 1
1993 2 1 105 0 0 12.62 0 0 0
1993 3 1 105 0 0 12.62 0 0 0
1993 4 1 105 0.65307 0.000336814 12.62 0 4 0
1993 5 1 105 0 0 12.62 0 0 0
1993 6 1 105 0 0 11.94 1 0 0
1993 7 1 105 0 0 12.62 0 0 0
1993 8 1 105 0 0 12.62 0 0 0
1993 9 1 105 0 0 12.62 0 0 0
1993 1 2 105 3.72527 0.000417824 15.3722 9 31 3
1993 2 2 105 0 0 15.2277 0 0 0
1993 3 2 105 0 0 15.2277 0 0 0
1993 4 2 105 0.65307 0.000336814 15.2277 0 4 0
1993 5 2 105 0 0 15.2277 0 0 0
1993 6 2 105 0 0 15.2277 0 0 0
1993 7 2 105 0.120412 4.3875e-05 15.8033 3 1 0
1993 8 2 105 0 0 12.2 1 0 0
1993 9 2 105 0 0 15.2277 0 0 0
1993 1 1 106 1.02145 0.000114565 16.28 0 8.5 0
1993 2 1 106 0 0 16.28 0 0 0
1993 3 1 106 0 0 16.28 0 0 0
1993 4 1 106 0.571436 0.000294712 16.28 0 3.5 0
1993 5 1 106 0 0 16.28 0 0 0
1993 6 1 106 0 0 16.28 0 0 0
1993 7 1 106 0.0602059 2.19375e-05 16.28 0 0.5 0
1993 8 1 106 0 0 16.28 0 0 0
1993 9 1 106 0 0 16.28 0 0 0
1993 1 2 106 2.22315 0.000249346 16.3444 9 18.5 6
1993 2 2 106 0 0 16.28 0 0 0
1993 3 2 106 0 0 16.28 0 0 0
1993 4 2 106 0.571436 0.000294712 16.28 0 3.5 0
1993 5 2 106 0 0 16.28 0 0 0
1993 6 2 106 0 0 16.28 0 0 0
1993 7 2 106 0.0602059 2.19375e-05 15.7 1 0.5 0
1993 8 2 106 0 0 16.28 0 0 0
1993 9 2 106 0 0 16.28 0 0 0
1993 1 1 107 1.56221 0.000175216 16.3 1 13 0
1993 2 1 107 0 0 16.3 0 0 0
1993 3 1 107 0 0 16.3 0 0 0
1993 4 1 107 0.734704 0.000378915 16.3 0 4.5 0
1993 5 1 107 0 0 16.3 0 0 0
1993 6 1 107 0 0 16.3 0 0 0
1993 7 1 107 0 0 16.3 0 0 0
1993 8 1 107 0 0 16.3 0 0 0
1993 9 1 107 0 0 16.3 0 0 0
1993 1 2 107 1.92272 0.000215651 16.2429 7 16 3
1993 2 2 107 0 0 15.8325 0 0 0
1993 3 2 107 0 0 15.8325 0 0 0
1993 4 2 107 0.734704 0.000378915 15.8325 0 4.5 0
1993 5 2 107 0 0 15.8325 0 0 0
1993 6 2 107 0 0 15.8325 0 0 0
1993 7 2 107 0 0 12.96 1 0 0
1993 8 2 107 0 0 15.8325 0 0 0
1993 9 2 107 0 0 15.8325 0 0 0
1993 1 1 108 0.72102 8.08691e-05 15.82 1 6 0
1993 2 1 108 0 0 15.82 0 0 0
1993 3 1 108 0 0 15.82 0 0 0
1993 4 1 108 0.326535 0.000168407 15.82 0 2 0
1993 5 1 108 0 0 15.82 0 0 0
1993 6 1 108 0 0 15.82 0 0 0
1993 7 1 108 0 0 15.82 0 0 0
1993 8 1 108 0 0 15.82 0 0 0
1993 9 1 108 0 0 15.82 0 0 0
1993 1 2 108 0.96136 0.000107825 15.366 5 8 1
1993 2 2 108 0 0 15.6617 0 0 0
1993 3 2 108 0 0 15.6617 0 0 0
1993 4 2 108 0.326535 0.000168407 15.6617 0 2 0
1993 5 2 108 0 0 15.6617 0 0 0
1993 6 2 108 0 0 15.6617 0 0 0
1993 7 2 108 0 0 17.14 1 0 0
1993 8 2 108 0 0 15.6617 0 0 0
1993 9 2 108 0 0 15.6617 0 0 0
1993 1 1 109 0.781105 8.76082e-05 14.5 1 6.5 0
1993 2 1 109 0 0 14.5 0 0 0
1993 3 1 109 0 0 14.5 0 0 0
1993 4 1 109 0.489803 0.00025261 14.5 0 3 0
1993 5 1 109 0 0 14.5 0 0 0
1993 6 1 109 0 0 14.5 0 0 0
1993 7 1 109 0 0 14.5 0 0 0
1993 8 1 109 0 0 14.5 0 0 0
1993 9 1 109 0 0 14.5 0 0 0
1993 1 2 109 1.26179 0.000141521 16.0971 7 10.5 4
1993 2 2 109 0 0 15.8538 0 0 0
1993 3 2 109 0 0 15.8538 0 0 0
1993 4 2 109 0.489803 0.00025261 15.8538 0 3 0
1993 5 2 109 0 0 14.15 1 0 0
1993 6 2 109 0 0 15.8538 0 0 0
1993 7 2 109 0 0 15.8538 0 0 0
1993 8 2 109 0 0 15.8538 0 0 0
1993 9 2 109 0 0 15.8538 0 0 0
1993 1 1 110 0.12017 1.34782e-05 16.754 0 1 0
1993 2 1 110 0 0 16.754 0 0 0
1993 3 1 110 0 0 16.754 0 0 0
1993 4 1 110 0.408169 0.000210509 16.754 0 2.5 0
1993 5 1 110 0 0 16.754 0 0 0
1993 6 1 110 0 0 16.754 0 0 0
1993 7 1 110 0 0 16.754 0 0 0
1993 8 1 110 0 0 16.754 0 0 0
1993 9 1 110 0 0 16.754 0 0 0
1993 1 2 110 0.72102 8.08691e-05 16.9833 3 6 1
1993 2 2 110 0 0 16.754 0 0 0
1993 3 2 110 0 0 16.754 0 0 0
1993 4 2 110 0.408169 0.000210509 16.754 0 2.5 0
1993 5 2 110 0 0 16.754 0 0 0
1993 6 2 110 0 0 16.754 0 0 0
1993 7 2 110 0 0 16.41 2 0 0
1993 8 2 110 0 0 16.754 0 0 0
1993 9 2 110 0 0 16.754 0 0 0
1993 1 1 111 0.12017 1.34782e-05 18 0 1 0
1993 2 1 111 0 0 18 0 0 0
1993 3 1 111 0 0 18 0 0 0
1993 4 1 111 0.0816338 4.21017e-05 18 0 0.5 0
1993 5 1 111 0 0 18 0 0 0
1993 6 1 111 0 0 18 0 0 0
1993 7 1 111 0 0 18 0 0 0
1993 8 1 111 0 0 18 0 0 0
1993 9 1 111 0 0 18 0 0 0
1993 1 2 111 0.24034 2.69564e-05 18 1 2 0
1993 2 2 111 0 0 18 0 0 0
1993 3 2 111 0 0 18 0 0 0
1993 4 2 111 0.0816338 4.21017e-05 18 0 0.5 0
1993 5 2 111 0 0 18 0 0 0
1993 6 2 111 0 0 18 0 0 0
1993 7 2 111 0 0 18 0 0 0
1993 8 2 111 0 0 18 0 0 0
1993 9 2 111 0 0 18 0 0 0
1993 1 1 112 0 2.69564e-05 0 0 2 0
1993 2 1 112 0 0 0 0 0 0
1993 3 1 112 0 0 0 0 0 0
1993 4 1 112 0 0.000126305 0 0 1.5 0
1993 5 1 112 0 0 0 0 0 0
1993 6 1 112 0 0 0 0 0 0
1993 7 1 112 0 0 0 0 0 0
1993 8 1 112 0 0 0 0 0 0
1993 9 1 112 0 0 0 0 0 0
1993 1 2 112 0 5.39127e-05 0 0 4 0
1993 2 2 112 0 0 0 0 0 0
1993 3 2 112 0 0 0 0 0 0
1993 4 2 112 0 0.000126305 0 0 1.5 0
1993 5 2 112 0 0 0 0 0 0
1993 6 2 112 0 0 0 0 0 0
1993 7 2 112 0 0 0 0 0 0
1993 8 2 112 0 0 0 0 0 0
1993 9 2 112 0 0 0 0 0 0
1993 1 1 113 0.12017 1.34782e-05 14.49 0 1 0
1993 2 1 113 0 0 14.49 0 0 0
1993 3 1 113 0 0 14.49 0 0 0
1993 4 1 113 0.408169 0.000210509 14.49 0 2.5 0
1993 5 1 113 0 0 14.49 0 0 0
1993 6 1 113 0 0 14.49 0 0 0
1993 7 1 113 0 0 14.49 0 0 0
1993 8 1 113 0 0 14.49 0 0 0
1993 9 1 113 0 0 14.49 0 0 0
1993 1 2 113 0.24034 2.69564e-05 14.49 0 2 0
1993 2 2 113 0 0 14.49 0 0 0
1993 3 2 113 0 0 14.49 0 0 0
1993 4 2 113 0.408169 0.000210509 14.49 1 2.5 0
1993 5 2 113 0 0 14.49 0 0 0
1993 6 2 113 0 0 14.49 0 0 0
1993 7 2 113 0 0 14.49 0 0 0
1993 8 2 113 0 0 14.49 0 0 0
1993 9 2 113 0 0 14.49 0 0 0
1993 1 1 114 0 0 0 0 0 0
1993 2 1 114 0 0 0 0 0 0
1993 3 1 114 0 0 0 0 0 0
1993 4 1 114 0 0 0 0 0 0
1993 5 1 114 0 0 0 0 0 0
1993 6 1 114 0 0 0 0 0 0
1993 7 1 114 0 0 0 0 0 0
1993 8 1 114 0 0 0 0 0 0
1993 9 1 114 0 0 0 0 0 0
1993 1 2 114 0 0 0 0 0 0
1993 2 2 114 0 0 0 0 0 0
1993 3 2 114 0 0 0 0 0 0
1993 4 2 114 0 0 0 0 0 0
1993 5 2 114 0 0 0 0 0 0
1993 6 2 114 0 0 0 0 0 0
1993 7 2 114 0 0 0 0 0 0
1993 8 2 114 0 0 0 0 0 0
1993 9 2 114 0 0 0 0 0 0
1993 1 1 115 0 6.73909e-06 0 0 0.5 0
1993 2 1 115 0 0 0 0 0 0
1993 3 1 115 0 0 0 0 0 0
1993 4 1 115 0 0.000168407 0 0 2 0
1993 5 1 115 0 0 0 0 0 0
1993 6 1 115 0 0 0 0 0 0
1993 7 1 115 0 0 0 0 0 0
1993 8 1 115 0 0 0 0 0 0
1993 9 1 115 0 0 0 0 0 0
1993 1 2 115 0 6.73909e-06 0 0 0.5 0
1993 2 2 115 0 0 0 0 0 0
1993 3 2 115 0 0 0 0 0 0
1993 4 2 115 0 0.000168407 0 0 2 0
1993 5 2 115 0 0 0 0 0 0
1993 6 2 115 0 0 0 0 0 0
1993 7 2 115 0 0 0 0 0 0
1993 8 2 115 0 0 0 0 0 0
1993 9 2 115 0 0 0 0 0 0
1993 1 1 116 0 6.73909e-06 0 0 0.5 0
1993 2 1 116 0 0 0 0 0 0
1993 3 1 116 0 0 0 0 0 0
1993 4 1 116 0 4.21017e-05 0 0 0.5 0
1993 5 1 116 0 0 0 0 0 0
1993 6 1 116 0 0 0 0 0 0
1993 7 1 116 0 0 0 0 0 0
1993 8 1 116 0 0 0 0 0 0
1993 9 1 116 0 0 0 0 0 0
1993 1 2 116 0 6.73909e-06 0 0 0.5 0
1993 2 2 116 0 0 0 0 0 0
1993 3 2 116 0 0 0 0 0 0
1993 4 2 116 0 4.21017e-05 0 0 0.5 0
1993 5 2 116 0 0 0 0 0 0
1993 6 2 116 0 0 0 0 0 0
1993 7 2 116 0 0 0 0 0 0
1993 8 2 116 0 0 0 0 0 0
1993 9 2 116 0 0 0 0 0 0
1993 1 1 117 0 0 0 0 0 0
1993 2 1 117 0 0 0 0 0 0
1993 3 1 117 0 0 0 0 0 0
1993 4 1 117 0 4.21017e-05 0 0 0.5 0
1993 5 1 117 0 0 0 0 0 0
1993 6 1 117 0 0 0 0 0 0
1993 7 1 117 0 0 0 0 0 0
1993 8 1 117 0 0 0 0 0 0
1993 9 1 117 0 0 0 0 0 0
1993 1 2 117 0 0 0 0 0 0
1993 2 2 117 0 0 0 0 0 0
1993 3 2 117 0 0 0 0 0 0
1993 4 2 117 0 4.21017e-05 0 0 0.5 0
1993 5 2 117 0 0 0 0 0 0
1993 6 2 117 0 0 0 0 0 0
1993 7 2 117 0 0 0 0 0 0
1993 8 2 117 0 0 0 0 0 0
1993 9 2 117 0 0 0 0 0 0
1993 1 1 118 0 0 0 0 0 0
1993 2 1 118 0 0 0 0 0 0
1993 3 1 118 0 0 0 0 0 0
1993 4 1 118 0 0 0 0 0 0
1993 5 1 118 0 0 0 0 0 0
1993 6 1 118 0 0 0 0 0 0
1993 7 1 118 0 0 0 0 0 0
1993 8 1 118 0 0 0 0 0 0
1993 9 1 118 0 0 0 0 0 0
1993 1 2 118 0 0 0 0 0 0
1993 2 2 118 0 0 0 0 0 0
1993 3 2 118 0 0 0 0 0 0
1993 4 2 118 0 0 0 0 0 0
1993 5 2 118 0 0 0 0 0 0
1993 6 2 118 0 0 0 0 0 0
1993 7 2 118 0 0 0 0 0 0
1993 8 2 118 0 0 0 0 0 0
1993 9 2 118 0 0 0 0 0 0
1993 1 1 119 0 0 0 0 0 0
1993 2 1 119 0 0 0 0 0 0
1993 3 1 119 0 0 0 0 0 0
1993 4 1 119 0 0 0 0 0 0
1993 5 1 119 0 0 0 0 0 0
1993 6 1 119 0 0 0 0 0 0
1993 7 1 119 0 0 0 0 0 0
1993 8 1 119 0 0 0 0 0 0
1993 9 1 119 0 0 0 0 0 0
1993 1 2 119 0 0 0 0 0 0
1993 2 2 119 0 0 0 0 0 0
1993 3 2 119 0 0 0 0 0 0
1993 4 2 119 0 0 0 0 0 0
1993 5 2 119 0 0 0 0 0 0
1993 6 2 119 0 0 0 0 0 0
1993 7 2 119 0 0 0 0 0 0
1993 8 2 119 0 0 0 0 0 0
1993 9 2 119 0 0 0 0 0 0
1993 1 1 120 0 0 0 0 0 0
1993 2 1 120 0 0 0 0 0 0
1993 3 1 120 0 0 0 0 0 0
1993 4 1 120 0 0 0 0 0 0
1993 5 1 120 0 0 0 0 0 0
1993 6 1 120 0 0 0 0 0 0
1993 7 1 120 0 0 0 0 0 0
1993 8 1 120 0 0 0 0 0 0
1993 9 1 120 0 0 0 0 0 0
1993 1 2 120 0 1.34782e-05 0 0 1 0
1993 2 2 120 0 0 0 0 0 0
1993 3 2 120 0 0 0 0 0 0
1993 4 2 120 0 0 0 0 0 0
1993 5 2 120 0 0 0 0 0 0
1993 6 2 120 0 0 0 0 0 0
1993 7 2 120 0 0 0 0 0 0
1993 8 2 120 0 0 0 0 0 0
1993 9 2 120 0 0 0 0 0 0
