year stratum sex length freq prop avg_wt nwt_samples nlen_samples naged
1992 1 1 9 0 0 0 0 0 0
1992 2 1 9 0 2.91338e-307 0 0 0 0
1992 3 1 9 0 0 0 0 0 0
1992 4 1 9 0 0 0 0 0 0
1992 5 1 9 0 0 0 0 0 0
1992 6 1 9 0 0 0 0 0 0
1992 7 1 9 0 0 0 0 0 0
1992 8 1 9 0 0 0 0 0 0
1992 9 1 9 0 0 0 0 0 0
1992 1 2 9 0 0 0 0 0 0
1992 2 2 9 0 2.91338e-307 0 0 0 0
1992 3 2 9 0 0 0 0 0 0
1992 4 2 9 0 0 0 0 0 0
1992 5 2 9 0 0 0 0 0 0
1992 6 2 9 0 0 0 0 0 0
1992 7 2 9 0 0 0 0 0 0
1992 8 2 9 0 0 0 0 0 0
1992 9 2 9 0 0 0 0 0 0
1992 1 1 10 0 0 0 0 0 0
1992 2 1 10 0 0 0 0 0 0
1992 3 1 10 0 0 0 0 0 0
1992 4 1 10 0 0 0 0 0 0
1992 5 1 10 0 0 0 0 0 0
1992 6 1 10 0 0 0 0 0 0
1992 7 1 10 0 0 0 0 0 0
1992 8 1 10 0 0 0 0 0 0
1992 9 1 10 0 0 0 0 0 0
1992 1 2 10 0 0 0 0 0 0
1992 2 2 10 0 0 0 0 0 0
1992 3 2 10 0 0 0 0 0 0
1992 4 2 10 0 0 0 0 0 0
1992 5 2 10 0 0 0 0 0 0
1992 6 2 10 0 0 0 0 0 0
1992 7 2 10 0 0 0 0 0 0
1992 8 2 10 0 0 0 0 0 0
1992 9 2 10 0 0 0 0 0 0
1992 1 1 11 0 0 0 0 0 0
1992 2 1 11 0 0 0 0 0 0
1992 3 1 11 0 0 0 0 0 0
1992 4 1 11 0 0 0 0 0 0
1992 5 1 11 0 0 0 0 0 0
1992 6 1 11 0 0 0 0 0 0
1992 7 1 11 0 0 0 0 0 0
1992 8 1 11 0 0 0 0 0 0
1992 9 1 11 0 0 0 0 0 0
1992 1 2 11 0 0 0 0 0 0
1992 2 2 11 0 0 0 0 0 0
1992 3 2 11 0 0 0 0 0 0
1992 4 2 11 0 0 0 0 0 0
1992 5 2 11 0 0 0 0 0 0
1992 6 2 11 0 0 0 0 0 0
1992 7 2 11 0 0 0 0 0 0
1992 8 2 11 0 0 0 0 0 0
1992 9 2 11 0 0 0 0 0 0
1992 1 1 12 0 0 0 0 0 0
1992 2 1 12 0 0 0 0 0 0
1992 3 1 12 0 0 0 0 0 0
1992 4 1 12 0 0 0 0 0 0
1992 5 1 12 0 0 0 0 0 0
1992 6 1 12 0 0 0 0 0 0
1992 7 1 12 0 0 0 0 0 0
1992 8 1 12 0 0 0 0 0 0
1992 9 1 12 0 0 0 0 0 0
1992 1 2 12 0 0 0 0 0 0
1992 2 2 12 0 0 0 0 0 0
1992 3 2 12 0 0 0 0 0 0
1992 4 2 12 0 0 0 0 0 0
1992 5 2 12 0 0 0 0 0 0
1992 6 2 12 0 0 0 0 0 0
1992 7 2 12 0 0 0 0 0 0
1992 8 2 12 0 0 0 0 0 0
1992 9 2 12 0 0 0 0 0 0
1992 1 1 13 0 0 0 0 0 0
1992 2 1 13 0 0 0 0 0 0
1992 3 1 13 0 0 0 0 0 0
1992 4 1 13 0 0 0 0 0 0
1992 5 1 13 0 0 0 0 0 0
1992 6 1 13 0 0 0 0 0 0
1992 7 1 13 0 0 0 0 0 0
1992 8 1 13 0 0 0 0 0 0
1992 9 1 13 0 0 0 0 0 0
1992 1 2 13 0 0 0 0 0 0
1992 2 2 13 0 0 0 0 0 0
1992 3 2 13 0 0 0 0 0 0
1992 4 2 13 0 0 0 0 0 0
1992 5 2 13 0 0 0 0 0 0
1992 6 2 13 0 0 0 0 0 0
1992 7 2 13 0 0 0 0 0 0
1992 8 2 13 0 0 0 0 0 0
1992 9 2 13 0 0 0 0 0 0
1992 1 1 14 0 0 0 0 0 0
1992 2 1 14 0 0 0 0 0 0
1992 3 1 14 0 0 0 0 0 0
1992 4 1 14 0 0 0 0 0 0
1992 5 1 14 0 0 0 0 0 0
1992 6 1 14 0 0 0 0 0 0
1992 7 1 14 0 0 0 0 0 0
1992 8 1 14 0 0 0 0 0 0
1992 9 1 14 0 0 0 0 0 0
1992 1 2 14 0 0 0 0 0 0
1992 2 2 14 0 0 0 0 0 0
1992 3 2 14 0 0 0 0 0 0
1992 4 2 14 0 0 0 0 0 0
1992 5 2 14 0 0 0 0 0 0
1992 6 2 14 0 0 0 0 0 0
1992 7 2 14 0 0 0 0 0 0
1992 8 2 14 0 0 0 0 0 0
1992 9 2 14 0 0 0 0 0 0
1992 1 1 15 0 0 0 0 0 0
1992 2 1 15 0 0 0 0 0 0
1992 3 1 15 0 0 0 0 0 0
1992 4 1 15 0 0 0 0 0 0
1992 5 1 15 0 0 0 0 0 0
1992 6 1 15 0 0 0 0 0 0
1992 7 1 15 0 0 0 0 0 0
1992 8 1 15 0 0 0 0 0 0
1992 9 1 15 0 0 0 0 0 0
1992 1 2 15 0 0 0 0 0 0
1992 2 2 15 0 0 0 0 0 0
1992 3 2 15 0 0 0 0 0 0
1992 4 2 15 0 0 0 0 0 0
1992 5 2 15 0 0 0 0 0 0
1992 6 2 15 0 0 0 0 0 0
1992 7 2 15 0 0 0 0 0 0
1992 8 2 15 0 0 0 0 0 0
1992 9 2 15 0 0 0 0 0 0
1992 1 1 16 0 0 0 0 0 0
1992 2 1 16 0 0 0 0 0 0
1992 3 1 16 0 0 0 0 0 0
1992 4 1 16 0 0 0 0 0 0
1992 5 1 16 0 0 0 0 0 0
1992 6 1 16 0 0 0 0 0 0
1992 7 1 16 0 0 0 0 0 0
1992 8 1 16 0 0 0 0 0 0
1992 9 1 16 0 0 0 0 0 0
1992 1 2 16 0 0 0 0 0 0
1992 2 2 16 0 0 0 0 0 0
1992 3 2 16 0 0 0 0 0 0
1992 4 2 16 0 0 0 0 0 0
1992 5 2 16 0 0 0 0 0 0
1992 6 2 16 0 0 0 0 0 0
1992 7 2 16 0 0 0 0 0 0
1992 8 2 16 0 0 0 0 0 0
1992 9 2 16 0 0 0 0 0 0
1992 1 1 17 0 0 0 0 0 0
1992 2 1 17 0 0 0 0 0 0
1992 3 1 17 0 0 0 0 0 0
1992 4 1 17 0 0 0 0 0 0
1992 5 1 17 0 0 0 0 0 0
1992 6 1 17 0 0 0 0 0 0
1992 7 1 17 0 0 0 0 0 0
1992 8 1 17 0 0 0 0 0 0
1992 9 1 17 0 0 0 0 0 0
1992 1 2 17 0 0 0 0 0 0
1992 2 2 17 0 0 0 0 0 0
1992 3 2 17 0 0 0 0 0 0
1992 4 2 17 0 0 0 0 0 0
1992 5 2 17 0 0 0 0 0 0
1992 6 2 17 0 0 0 0 0 0
1992 7 2 17 0 0 0 0 0 0
1992 8 2 17 0 0 0 0 0 0
1992 9 2 17 0 0 0 0 0 0
1992 1 1 18 0 0 0 0 0 0
1992 2 1 18 0 0 0 0 0 0
1992 3 1 18 0 0 0 0 0 0
1992 4 1 18 0 0 0 0 0 0
1992 5 1 18 0 0 0 0 0 0
1992 6 1 18 0 0 0 0 0 0
1992 7 1 18 0 0 0 0 0 0
1992 8 1 18 0 0 0 0 0 0
1992 9 1 18 0 0 0 0 0 0
1992 1 2 18 0 0 0 0 0 0
1992 2 2 18 0 0 0 0 0 0
1992 3 2 18 0 0 0 0 0 0
1992 4 2 18 0 0 0 0 0 0
1992 5 2 18 0 0 0 0 0 0
1992 6 2 18 0 0 0 0 0 0
1992 7 2 18 0 0 0 0 0 0
1992 8 2 18 0 0 0 0 0 0
1992 9 2 18 0 0 0 0 0 0
1992 1 1 19 0 5.28056e-06 0 0 0.5 0
1992 2 1 19 0 0 0 0 0 0
1992 3 1 19 0 0 0 0 0 0
1992 4 1 19 0 0 0 0 0 0
1992 5 1 19 0 0 0 0 0 0
1992 6 1 19 0 0 0 0 0 0
1992 7 1 19 0 0 0 0 0 0
1992 8 1 19 0 0 0 0 0 0
1992 9 1 19 0 0 0 0 0 0
1992 1 2 19 0 5.28056e-06 0 0 0.5 0
1992 2 2 19 0 0 0 0 0 0
1992 3 2 19 0 0 0 0 0 0
1992 4 2 19 0 0 0 0 0 0
1992 5 2 19 0 0 0 0 0 0
1992 6 2 19 0 0 0 0 0 0
1992 7 2 19 0 0 0 0 0 0
1992 8 2 19 0 0 0 0 0 0
1992 9 2 19 0 0 0 0 0 0
1992 1 1 20 0 0 0 0 0 0
1992 2 1 20 0 0 0 0 0 0
1992 3 1 20 0 0 0 0 0 0
1992 4 1 20 0 0 0 0 0 0
1992 5 1 20 0 0 0 0 0 0
1992 6 1 20 0 0 0 0 0 0
1992 7 1 20 0 0 0 0 0 0
1992 8 1 20 0 0 0 0 0 0
1992 9 1 20 0 0 0 0 0 0
1992 1 2 20 0 0 0 0 0 0
1992 2 2 20 0 0 0 0 0 0
1992 3 2 20 0 0 0 0 0 0
1992 4 2 20 0 0 0 0 0 0
1992 5 2 20 0 0 0 0 0 0
1992 6 2 20 0 0 0 0 0 0
1992 7 2 20 0 0 0 0 0 0
1992 8 2 20 0 0 0 0 0 0
1992 9 2 20 0 0 0 0 0 0
1992 1 1 21 0.125879 1.05611e-05 0.75 0 1 0
1992 2 1 21 0 0 0.75 0 0 0
1992 3 1 21 0 0 0.75 0 0 0
1992 4 1 21 0 0 0.75 0 0 0
1992 5 1 21 0 0 0.75 0 0 0
1992 6 1 21 0 0 0.75 0 0 0
1992 7 1 21 0 0 0.75 0 0 0
1992 8 1 21 0 0 0.75 0 0 0
1992 9 1 21 0 0 0.75 0 0 0
1992 1 2 21 0.251758 2.11222e-05 0.75 1 2 0
1992 2 2 21 0 0 0.75 0 0 0
1992 3 2 21 0 0 0.75 0 0 0
1992 4 2 21 0 0 0.75 0 0 0
1992 5 2 21 0 0 0.75 0 0 0
1992 6 2 21 0 0 0.75 0 0 0
1992 7 2 21 0 0 0.75 0 0 0
1992 8 2 21 0 0 0.75 0 0 0
1992 9 2 21 0 0 0.75 0 0 0
1992 1 1 22 0 5.28056e-06 0 0 0.5 0
1992 2 1 22 0 0 0 0 0 0
1992 3 1 22 0 0 0 0 0 0
1992 4 1 22 0 0 0 0 0 0
1992 5 1 22 0 0 0 0 0 0
1992 6 1 22 0 0 0 0 0 0
1992 7 1 22 0 0 0 0 0 0
1992 8 1 22 0 0 0 0 0 0
1992 9 1 22 0 0 0 0 0 0
1992 1 2 22 0 5.28056e-06 0 0 0.5 0
1992 2 2 22 0 0 0 0 0 0
1992 3 2 22 0 0 0 0 0 0
1992 4 2 22 0 0 0 0 0 0
1992 5 2 22 0 0 0 0 0 0
1992 6 2 22 0 0 0 0 0 0
1992 7 2 22 0 0 0 0 0 0
1992 8 2 22 0 0 0 0 0 0
1992 9 2 22 0 0 0 0 0 0
1992 1 1 23 0 5.28056e-06 0 0 0.5 0
1992 2 1 23 0 0 0 0 0 0
1992 3 1 23 0 0 0 0 0 0
1992 4 1 23 0 0 0 0 0 0
1992 5 1 23 0 0 0 0 0 0
1992 6 1 23 0 0 0 0 0 0
1992 7 1 23 0 0 0 0 0 0
1992 8 1 23 0 0 0 0 0 0
1992 9 1 23 0 0 0 0 0 0
1992 1 2 23 0 5.28056e-06 0 0 0.5 0
1992 2 2 23 0 0 0 0 0 0
1992 3 2 23 0 0 0 0 0 0
1992 4 2 23 0 0 0 0 0 0
1992 5 2 23 0 0 0 0 0 0
1992 6 2 23 0 0 0 0 0 0
1992 7 2 23 0 0 0 0 0 0
1992 8 2 23 0 0 0 0 0 0
1992 9 2 23 0 0 0 0 0 0
1992 1 1 24 0 2.64028e-05 0 0 2.5 0
1992 2 1 24 0 0 0 0 0 0
1992 3 1 24 0 0 0 0 0 0
1992 4 1 24 0 0 0 0 0 0
1992 5 1 24 0 0 0 0 0 0
1992 6 1 24 0 0 0 0 0 0
1992 7 1 24 0 0 0 0 0 0
1992 8 1 24 0 0 0 0 0 0
1992 9 1 24 0 0 0 0 0 0
1992 1 2 24 0 2.64028e-05 0 0 2.5 0
1992 2 2 24 0 0 0 0 0 0
1992 3 2 24 0 0 0 0 0 0
1992 4 2 24 0 0 0 0 0 0
1992 5 2 24 0 0 0 0 0 0
1992 6 2 24 0 0 0 0 0 0
1992 7 2 24 0 0 0 0 0 0
1992 8 2 24 0 0 0 0 0 0
1992 9 2 24 0 0 0 0 0 0
1992 1 1 25 0 3.16833e-05 0 0 3 0
1992 2 1 25 0 0 0 0 0 0
1992 3 1 25 0 0 0 0 0 0
1992 4 1 25 0 1.83278e-05 0 0 0.5 0
1992 5 1 25 0 0 0 0 0 0
1992 6 1 25 0 0 0 0 0 0
1992 7 1 25 0 0 0 0 0 0
1992 8 1 25 0 0 0 0 0 0
1992 9 1 25 0 0 0 0 0 0
1992 1 2 25 0 3.16833e-05 0 0 3 0
1992 2 2 25 0 0 0 0 0 0
1992 3 2 25 0 0.000318979 0 0 1 0
1992 4 2 25 0 1.83278e-05 0 0 0.5 0
1992 5 2 25 0 0 0 0 0 0
1992 6 2 25 0 0 0 0 0 0
1992 7 2 25 0 0 0 0 0 0
1992 8 2 25 0 0 0 0 0 0
1992 9 2 25 0 0 0 0 0 0
1992 1 1 26 0 1.05611e-05 0 0 1 0
1992 2 1 26 0 0 0 0 0 0
1992 3 1 26 0 0 0 0 0 0
1992 4 1 26 0 1.83278e-05 0 0 0.5 0
1992 5 1 26 0 0 0 0 0 0
1992 6 1 26 0 0 0 0 0 0
1992 7 1 26 0 0 0 0 0 0
1992 8 1 26 0 0 0 0 0 0
1992 9 1 26 0 0 0 0 0 0
1992 1 2 26 0 1.05611e-05 0 0 1 0
1992 2 2 26 0 0 0 0 0 0
1992 3 2 26 0 0 0 0 0 0
1992 4 2 26 0 1.83278e-05 0 0 0.5 0
1992 5 2 26 0 0 0 0 0 0
1992 6 2 26 0 0 0 0 0 0
1992 7 2 26 0 0 0 0 0 0
1992 8 2 26 0 0 0 0 0 0
1992 9 2 26 0 0 0 0 0 0
1992 1 1 27 0.692336 5.80861e-05 0.2 1 5.5 0
1992 2 1 27 0 0 0.2 0 0 0
1992 3 1 27 0.323812 0.000478469 0.2 0 1.5 0
1992 4 1 27 0.116942 3.66555e-05 0.2 0 1 0
1992 5 1 27 0 0 0.2 0 0 0
1992 6 1 27 0 0 0.2 0 0 0
1992 7 1 27 0 0 0.2 0 0 0
1992 8 1 27 0 0 0.2 0 0 0
1992 9 1 27 0 0 0.2 0 0 0
1992 1 2 27 0.818215 6.86472e-05 0.2 1 6.5 0
1992 2 2 27 0 0 0.2 0 0 0
1992 3 2 27 0.107937 0.00015949 0.2 1 0.5 0
1992 4 2 27 0.116942 3.66555e-05 0.2 0 1 0
1992 5 2 27 0 0 0.2 0 0 0
1992 6 2 27 0 0 0.2 0 0 0
1992 7 2 27 0 0 0.2 0 0 0
1992 8 2 27 0 0 0.2 0 0 0
1992 9 2 27 0 0 0.2 0 0 0
1992 1 1 28 0.503517 4.22444e-05 0.2 1 4 0
1992 2 1 28 0 0 0.2 0 0 0
1992 3 1 28 0.431749 0.000637959 0.2 0 2 0
1992 4 1 28 0 0 0.2 0 0 0
1992 5 1 28 0 0 0.2 0 0 0
1992 6 1 28 0 0 0.2 0 0 0
1992 7 1 28 0 0 0.2 0 0 0
1992 8 1 28 0 0 0.2 0 0 0
1992 9 1 28 0 0 0.2 0 0 0
1992 1 2 28 0.377638 3.16833e-05 0.2 0 3 0
1992 2 2 28 0 0 0.2 0 0 0
1992 3 2 28 0.647624 0.000956938 0.2 0 3 0
1992 4 2 28 0 0 0.2 0 0 0
1992 5 2 28 0 0 0.2 0 0 0
1992 6 2 28 0 0 0.2 0 0 0
1992 7 2 28 0 0 0.2 0 0 0
1992 8 2 28 0 0 0.2 0 0 0
1992 9 2 28 0 0 0.2 0 0 0
1992 1 1 29 0 2.64028e-05 0 0 2.5 0
1992 2 1 29 0 0 0 0 0 0
1992 3 1 29 0 0.000956938 0 0 3 0
1992 4 1 29 0 3.66555e-05 0 0 1 0
1992 5 1 29 0 0 0 0 0 0
1992 6 1 29 0 0 0 0 0 0
1992 7 1 29 0 0 0 0 0 0
1992 8 1 29 0 0 0 0 0 0
1992 9 1 29 0 0 0 0 0 0
1992 1 2 29 0 3.69639e-05 0 0 3.5 0
1992 2 2 29 0 0 0 0 0 0
1992 3 2 29 0 0.000637959 0 0 2 0
1992 4 2 29 0 0 0 0 0 0
1992 5 2 29 0 0 0 0 0 0
1992 6 2 29 0 0 0 0 0 0
1992 7 2 29 0 0 0 0 0 0
1992 8 2 29 0 0 0 0 0 0
1992 9 2 29 0 0 0 0 0 0
1992 1 1 30 1.57349 0.000132014 0.26 3 12.5 0
1992 2 1 30 0 0 0.3 0 0 0
1992 3 1 30 0.647624 0.000956938 0.3 0 3 0
1992 4 1 30 0.116942 3.66555e-05 0.3 0 1 0
1992 5 1 30 0 0 0.3 0 0 0
1992 6 1 30 0 0 0.3 0 0 0
1992 7 1 30 0 0 0.3 0 0 0
1992 8 1 30 0 0 0.3 0 0 0
1992 9 1 30 0 0 0.3 0 0 0
1992 1 2 30 2.07701 0.000174258 0.24 2 16.5 0
1992 2 2 30 0 0 0.26 0 0 0
1992 3 2 30 1.07937 0.0015949 0.26 0 5 0
1992 4 2 30 0.116942 3.66555e-05 0.26 0 1 0
1992 5 2 30 0 0 0.26 0 0 0
1992 6 2 30 0 0 0.26 0 0 0
1992 7 2 30 0 0 0.26 0 0 0
1992 8 2 30 0 0 0.26 0 0 0
1992 9 2 30 0 0 0.26 0 0 0
1992 1 1 31 1.69937 0.000142575 0.465 4 13.5 0
1992 2 1 31 0 0 0.775 0 0 0
1992 3 1 31 0.971436 0.00143541 0.775 0 4.5 0
1992 4 1 31 0.116942 3.66555e-05 0.775 0 1 0
1992 5 1 31 0 0 0.775 0 0 0
1992 6 1 31 0 0 0.775 0 0 0
1992 7 1 31 0 0 1.5 1 0 0
1992 8 1 31 0 0 0.775 0 0 0
1992 9 1 31 0 0 0.775 0 0 0
1992 1 2 31 1.44761 0.000121453 0.313333 6 11.5 0
1992 2 2 31 0 0 0.324 0 0 0
1992 3 2 31 0.755561 0.00111643 0.324 0 3.5 0
1992 4 2 31 0 0 0.324 0 0 0
1992 5 2 31 0 0 0.324 0 0 0
1992 6 2 31 0 0 0.324 0 0 0
1992 7 2 31 0 0 0.324 0 0 0
1992 8 2 31 0 0 0.324 0 0 0
1992 9 2 31 0 0 0.324 0 0 0
1992 1 1 32 4.46871 0.000374919 0.247143 7 35.5 0
1992 2 1 32 0 0 0.33 0 0 0
1992 3 1 32 0.971436 0.00143541 0.33 0 4.5 0
1992 4 1 32 0.233885 7.33111e-05 0.33 0 2 0
1992 5 1 32 0 0 0.33 0 0 0
1992 6 1 32 0.093967 0.000133191 0.33 0 0.5 0
1992 7 1 32 0.0413108 1.48416e-05 0.33 0 0.5 0
1992 8 1 32 0 0 0.33 0 0 0
1992 9 1 32 0 0 0.33 0 0 0
1992 1 2 32 3.83932 0.000322114 0.297 10 30.5 0
1992 2 2 32 0 0 0.6275 0 0 0
1992 3 2 32 1.40318 0.00207337 0.6275 0 6.5 0
1992 4 2 32 0.350827 0.000109967 0.85 1 3 0
1992 5 2 32 0 0 0.6275 0 0 0
1992 6 2 32 0.093967 0.000133191 0.6275 0 0.5 0
1992 7 2 32 0.0413108 1.48416e-05 1.94 1 0.5 0
1992 8 2 32 0 0 0.6275 0 0 0
1992 9 2 32 0 0 0.6275 0 0 0
1992 1 1 33 6.41984 0.000538617 0.4 12 51 0
1992 2 1 33 0 0 0.687273 0 0 0
1992 3 1 33 1.727 0.00255183 0.687273 0 8 0
1992 4 1 33 0.233885 7.33111e-05 0.687273 0 2 0
1992 5 1 33 0.276329 0.00115741 0.687273 0 0.5 0
1992 6 1 33 0 0 0.687273 0 0 0
1992 7 1 33 0.0826217 2.96833e-05 1.765 2 1 0
1992 8 1 33 0 0 0.687273 0 0 0
1992 9 1 33 0 0 0.687273 0 0 0
1992 1 2 33 5.41281 0.000454128 0.353333 9 43 0
1992 2 2 33 0 0 1.16111 0 0 0
1992 3 2 33 0.647624 0.000956938 1.65 1 3 0
1992 4 2 33 0.233885 7.33111e-05 3.195 2 2 0
1992 5 2 33 0.276329 0.00115741 1.16111 0 0.5 0
1992 6 2 33 0 0 1.16111 0 0 0
1992 7 2 33 0.0826217 2.96833e-05 1.16111 0 1 0
1992 8 2 33 0 0 1.16111 0 0 0
1992 9 2 33 0 0 1.16111 0 0 0
1992 1 1 34 8.55979 0.000718156 0.322222 9 68 0
1992 2 1 34 0 0 0.354 0 0 0
1992 3 1 34 0.539686 0.000797448 0.354 0 2.5 0
1992 4 1 34 0.467769 0.000146622 0.354 0 4 0
1992 5 1 34 0 0 0.354 0 0 0
1992 6 1 34 0.093967 0.000133191 0.354 0 0.5 0
1992 7 1 34 0.0413108 1.48416e-05 0.354 0 0.5 0
1992 8 1 34 0 0 0.354 0 0 0
1992 9 1 34 0 0 0.354 0 0 0
1992 1 2 34 9.6927 0.000813206 0.433333 15 77 0
1992 2 2 34 0 0 0.488182 0 0 0
1992 3 2 34 0.971436 0.00143541 0.488182 0 4.5 0
1992 4 2 34 0.233885 7.33111e-05 0.488182 0 2 0
1992 5 2 34 0 0 0.488182 0 0 0
1992 6 2 34 0.093967 0.000133191 0.488182 0 0.5 0
1992 7 2 34 0.0413108 1.48416e-05 0.488182 0 0.5 0
1992 8 2 34 0 0 0.488182 0 0 0
1992 9 2 34 0 0 0.488182 0 0 0
1992 1 1 35 12.2103 0.00102443 0.419231 13 97 0
1992 2 1 35 0 0 0.439091 0 0 0
1992 3 1 35 0.431749 0.000637959 0.439091 0 2 0
1992 4 1 35 0.467769 0.000146622 0.439091 0 4 0
1992 5 1 35 0 0 0.439091 0 0 0
1992 6 1 35 0.093967 0.000133191 0.439091 0 0.5 0
1992 7 1 35 0.206554 7.42082e-05 0.439091 0 2.5 0
1992 8 1 35 0 0 0.439091 0 0 0
1992 9 1 35 0 0 0.439091 0 0 0
1992 1 2 35 11.9585 0.00100331 0.485333 15 95 0
1992 2 2 35 0 0 0.512308 0 0 0
1992 3 2 35 0.647624 0.000956938 0.512308 0 3 0
1992 4 2 35 0.350827 0.000109967 0.512308 0 3 0
1992 5 2 35 0 0 0.512308 0 0 0
1992 6 2 35 0.093967 0.000133191 0.512308 0 0.5 0
1992 7 2 35 0.371798 0.000133575 0.512308 0 4.5 0
1992 8 2 35 0 0 0.512308 0 0 0
1992 9 2 35 0 0 0.512308 0 0 0
1992 1 1 36 16.6161 0.00139407 0.557368 19 132 0
1992 2 1 36 0 0 0.5575 0 0 0
1992 3 1 36 0.431749 0.000637959 0.536667 3 2 0
1992 4 1 36 0.52624 0.00016495 0.51 1 4.5 0
1992 5 1 36 0 0 0.5575 0 0 0
1992 6 1 36 0 0 0.5575 0 0 0
1992 7 1 36 0.371798 0.000133575 0.5575 0 4.5 0
1992 8 1 36 0 0 0.5575 0 0 0
1992 9 1 36 0.0118602 9.23191e-05 0.5575 0 0.5 0
1992 1 2 36 16.3643 0.00137294 0.4575 16 130 0
1992 2 2 36 0 0 0.546111 0 0 0
1992 3 2 36 0.431749 0.000637959 0.63 1 2 0
1992 4 2 36 0.409298 0.000128294 0.546111 0 3.5 0
1992 5 2 36 0 0 0.546111 0 0 0
1992 6 2 36 0 0 0.546111 0 0 0
1992 7 2 36 0.289176 0.000103891 0.86 4 3.5 0
1992 8 2 36 0 0 0.546111 0 0 0
1992 9 2 36 0.0118602 9.23191e-05 0.546111 0 0.5 0
1992 1 1 37 22.7212 0.00190628 0.505 16 180.5 0
1992 2 1 37 0 0 0.85 1 0 0
1992 3 1 37 0.431749 0.000637959 0.72 1 2 0
1992 4 1 37 0.877067 0.000274917 0.551111 0 7.5 0
1992 5 1 37 0 0 0.551111 0 0 0
1992 6 1 37 0 0 0.551111 0 0 0
1992 7 1 37 0.247865 8.90498e-05 0.61 1 3 0
1992 8 1 37 0 0 0.551111 0 0 0
1992 9 1 37 0 0 0.551111 0 0 0
1992 1 2 37 19.5742 0.00164225 0.619048 21 155.5 0
1992 2 2 37 0 0 0.658333 0 0 0
1992 3 2 37 0.215875 0.000318979 0.6 1 1 0
1992 4 2 37 0.994009 0.000311572 0.66 2 8.5 0
1992 5 2 37 0 0 0.658333 0 0 0
1992 6 2 37 0 0 0.658333 0 0 0
1992 7 2 37 0.413108 0.000148416 1.22 1 5 0
1992 8 2 37 0 0 0.658333 0 0 0
1992 9 2 37 0 0 0.658333 0 0 0
1992 1 1 38 28.0711 0.00235513 0.595625 16 223 0
1992 2 1 38 0 0 0.724091 0 0 0
1992 3 1 38 0.647624 0.000956938 0.616667 3 3 0
1992 4 1 38 0.52624 0.00016495 1.03667 3 4.5 0
1992 5 1 38 0.552659 0.00231481 0.724091 0 1 0
1992 6 1 38 0 0 0.724091 0 0 0
1992 7 1 38 0.413108 0.000148416 0.926667 3 5 0
1992 8 1 38 0.00339397 0.000778816 0.724091 0 0.5 0
1992 9 1 38 0 0 0.724091 0 0 0
1992 1 2 38 26.057 0.00218615 0.628077 26 207 0
1992 2 2 38 0 0 0.708846 0 0 0
1992 3 2 38 0 0 0.708846 0 0 0
1992 4 2 38 1.11095 0.000348228 0.55 2 9.5 0
1992 5 2 38 0.552659 0.00231481 0.708846 0 1 0
1992 6 2 38 0 0 0.708846 0 0 0
1992 7 2 38 0.660973 0.000237466 2.34 1 8 0
1992 8 2 38 0.00339397 0.000778816 0.708846 0 0.5 0
1992 9 2 38 0 0 0.708846 0 0 0
1992 1 1 39 30.9033 0.00259275 0.696875 32 245.5 0
1992 2 1 39 0 0 0.9 1 0 0
1992 3 1 39 1.727 0.00255183 0.754054 0 8 0
1992 4 1 39 1.52025 0.000476522 0.81 1 13 0
1992 5 1 39 1.10532 0.00462963 0.754054 0 2 0
1992 6 1 39 0.375868 0.000532765 0.754054 0 2 0
1992 7 1 39 0.619663 0.000222625 1.29667 3 7.5 0
1992 8 1 39 0.00678793 0.00155763 0.754054 0 1 0
1992 9 1 39 0 0 0.754054 0 0 0
1992 1 2 39 31.0292 0.00260331 0.703913 23 246.5 0
1992 2 2 39 0 0 0.794828 0 0 0
1992 3 2 39 1.727 0.00255183 0.75 1 8 0
1992 4 2 39 1.63719 0.000513178 0.92 1 14 0
1992 5 2 39 1.10532 0.00462963 0.794828 0 2 0
1992 6 2 39 0.563802 0.000799148 0.794828 0 3 0
1992 7 2 39 0.206554 7.42082e-05 1.2975 4 2.5 0
1992 8 2 39 0.00678793 0.00155763 0.794828 0 1 0
1992 9 2 39 0 0 0.794828 0 0 0
1992 1 1 40 35.1832 0.00295183 0.769565 23 279.5 0
1992 2 1 40 0 0 0.847333 0 0 0
1992 3 1 40 3.66987 0.00542265 0.766667 3 17 0
1992 4 1 40 1.22789 0.000384883 1.57333 3 10.5 0
1992 5 1 40 0.552659 0.00231481 0.847333 0 1 0
1992 6 1 40 0.187934 0.000266383 0.847333 0 1 0
1992 7 1 40 0.950149 0.000341358 0.7 1 11.5 0
1992 8 1 40 0.0101819 0.00233645 0.847333 0 1.5 0
1992 9 1 40 0.0237204 0.000184638 0.847333 0 1 0
1992 1 2 40 35.3091 0.00296239 0.816667 15 280.5 1
1992 2 2 40 0 0 1.02963 0 0 0
1992 3 2 40 3.02224 0.00446571 0.85 2 14 0
1992 4 2 40 1.92955 0.000604817 1.27143 7 16.5 0
1992 5 2 40 0.552659 0.00231481 1.02963 0 1 0
1992 6 2 40 0.187934 0.000266383 1.02963 0 1 0
1992 7 2 40 0.702284 0.000252308 1.65 3 8.5 0
1992 8 2 40 0.00339397 0.000778816 1.02963 0 0.5 0
1992 9 2 40 0.0237204 0.000184638 1.02963 0 1 0
1992 1 1 41 37.3232 0.00313137 0.787647 17 296.5 0
1992 2 1 41 0 0 0.867576 0 0 0
1992 3 1 41 5.07305 0.00749601 0.95 4 23.5 0
1992 4 1 41 3.50827 0.00109967 0.93625 8 30 0
1992 5 1 41 0 0 0.867576 0 0 0
1992 6 1 41 0.375868 0.000532765 0.867576 0 2 0
1992 7 1 41 1.03277 0.000371041 0.9875 4 12.5 0
1992 8 1 41 0.0135759 0.00311526 0.867576 0 2 0
1992 9 1 41 0.0593009 0.000461595 0.867576 0 2.5 0
1992 1 2 41 36.5679 0.003068 0.787407 27 290.5 0
1992 2 2 41 0 0 0.75 1 0 0
1992 3 2 41 6.3683 0.00940989 0.792857 7 29.5 0
1992 4 2 41 3.0405 0.000953044 0.91 11 26 0
1992 5 2 41 0 0 0.815 0 0 0
1992 6 2 41 0.375868 0.000532765 0.815 0 2 0
1992 7 2 41 1.19801 0.000430408 0.775 2 14.5 0
1992 8 2 41 0.00678793 0.00155763 0.815 0 1 0
1992 9 2 41 0.0593009 0.000461595 0.815 0 2.5 0
1992 1 1 42 39.652 0.00332675 0.890556 36 315 0
1992 2 1 42 0 0 1 2 0 0
1992 3 1 42 7.12386 0.0105263 0.825 4 33 0
1992 4 1 42 4.97005 0.00155786 0.871429 7 42.5 0
1992 5 1 42 1.65798 0.00694444 0.912931 0 3 0
1992 6 1 42 0 0 0.912931 0 0 0
1992 7 1 42 0.99146 0.000356199 1.12 7 12 0
1992 8 1 42 0.0101819 0.00233645 0.912931 0 1.5 0
1992 9 1 42 0.0830212 0.000646233 0.825 2 3.5 0
1992 1 2 42 38.6449 0.00324226 0.864828 29 307 0
1992 2 2 42 0 0 0.911364 0 0 0
1992 3 2 42 8.41911 0.0124402 1.025 4 39 0
1992 4 2 42 3.80062 0.00119131 0.931429 7 32.5 0
1992 5 2 42 1.65798 0.00694444 0.911364 0 3 0
1992 6 2 42 0 0 0.911364 0 0 0
1992 7 2 42 1.1567 0.000415566 1.1 4 14 0
1992 8 2 42 0.0169698 0.00389408 0.911364 0 2.5 0
1992 9 2 42 0.0830212 0.000646233 0.911364 0 3.5 0
1992 1 1 43 37.9526 0.00318418 0.933947 38 301.5 0
1992 2 1 43 0 0 1.15 1 0 0
1992 3 1 43 13.0604 0.0192982 1.01462 13 60.5 0
1992 4 1 43 4.97005 0.00155786 0.99 13 42.5 0
1992 5 1 43 0.276329 0.00115741 0.88 1 0.5 0
1992 6 1 43 0.469835 0.000665956 0.988 0 2.5 0
1992 7 1 43 2.23079 0.000801449 1.15778 9 27 0
1992 8 1 43 0.00678793 0.00155763 0.988 0 1 0
1992 9 1 43 0.0830212 0.000646233 0.92 1 3.5 0
1992 1 2 43 36.9455 0.00309969 1.05342 38 293.5 0
1992 2 2 43 0 0 1.1075 0 0 0
1992 3 2 43 10.9017 0.0161085 0.866667 3 50.5 0
1992 4 2 43 5.6717 0.00177779 1.286 10 48.5 0
1992 5 2 43 0.276329 0.00115741 1.1075 0 0.5 0
1992 6 2 43 0.281901 0.000399574 1.9 1 1.5 0
1992 7 2 43 1.81768 0.000653032 1.149 10 22 0
1992 8 2 43 0 0 1.1075 0 0 0
1992 9 2 43 0.0830212 0.000646233 0.94 3 3.5 0
1992 1 1 44 34.8685 0.00292543 0.988333 24 277 0
1992 2 1 44 0 0 1.1125 4 0 0
1992 3 1 44 17.3779 0.0256778 1.06071 14 80.5 0
1992 4 1 44 5.96405 0.00186943 1.04071 14 51 0
1992 5 1 44 0.276329 0.00115741 1.06667 0 0.5 0
1992 6 1 44 0.469835 0.000665956 1.06667 0 2.5 0
1992 7 1 44 3.13962 0.00112796 1.1775 16 38 0
1992 8 1 44 0.0237578 0.00545171 1.06667 0 3.5 0
1992 9 1 44 0.118602 0.000923191 1.12833 6 5 0
1992 1 2 44 35.4979 0.00297823 1.03641 39 282 1
1992 2 2 44 0 0 1.01667 3 0 0
1992 3 2 44 13.4922 0.0199362 1.12125 8 62.5 0
1992 4 2 44 5.84711 0.00183278 1.21 9 50 1
1992 5 2 44 0.276329 0.00115741 1.10947 0 0.5 0
1992 6 2 44 0.281901 0.000399574 1.10947 0 1.5 0
1992 7 2 44 2.14816 0.000771765 1.17833 12 26 0
1992 8 2 44 0.0169698 0.00389408 1.10947 0 2.5 0
1992 9 2 44 0.118602 0.000923191 1.37 5 5 0
1992 1 1 45 36.3162 0.00304688 1.10681 47 288.5 0
1992 2 1 45 0 0 1.23333 3 0 0
1992 3 1 45 15.9747 0.0236045 1.1 18 74 0
1992 4 1 45 7.07501 0.00221766 1.27667 9 60.5 0
1992 5 1 45 0.828988 0.00347222 1 1 1.5 0
1992 6 1 45 0.751736 0.00106553 1.18604 0 4 0
1992 7 1 45 3.51142 0.00126154 1.3855 20 42.5 0
1992 8 1 45 0.0135759 0.00311526 1.18604 0 2 0
1992 9 1 45 0.166042 0.00129247 1.35667 3 7 0
1992 1 2 45 36.8197 0.00308913 1.08675 40 292.5 2
1992 2 2 45 0 0 1.10833 6 0 0
1992 3 2 45 18.997 0.0280702 1.17 10 88 0
1992 4 2 45 6.72418 0.00210769 1.15 14 57.5 0
1992 5 2 45 0.828988 0.00347222 1.12731 0 1.5 0
1992 6 2 45 0.751736 0.00106553 1.28 1 4 0
1992 7 2 45 2.35472 0.000845973 1.181 20 28.5 0
1992 8 2 45 0.0203638 0.0046729 1.12731 0 3 0
1992 9 2 45 0.166042 0.00129247 1.01 2 7 0
1992 1 1 46 40.9107 0.00343236 1.24679 56 325 4
1992 2 1 46 0 0 1.4875 4 0 0
1992 3 1 46 13.0604 0.0192982 1.17077 13 60.5 0
1992 4 1 46 7.54278 0.00236428 1.16 11 64.5 1
1992 5 1 46 0.552659 0.00231481 1.30156 0 1 0
1992 6 1 46 0.657769 0.000932339 1.02 1 3.5 0
1992 7 1 46 4.29633 0.00154353 1.5063 27 52 0
1992 8 1 46 0.0373336 0.00856698 1.30156 0 5.5 0
1992 9 1 46 0.225343 0.00175406 1.335 10 9.5 0
1992 1 2 46 43.9318 0.00368583 1.16732 41 349 0
1992 2 2 46 0 0 1.19743 0 0 0
1992 3 2 46 12.6287 0.0186603 1.21636 22 58.5 0
1992 4 2 46 8.59526 0.00269418 1.33154 13 73.5 0
1992 5 2 46 0.552659 0.00231481 1.19743 0 1 0
1992 6 2 46 0.845703 0.00119872 1.19743 0 4.5 0
1992 7 2 46 3.22225 0.00115765 1.16871 31 39 0
1992 8 2 46 0.0441216 0.0101246 1.19743 0 6.5 0
1992 9 2 46 0.272784 0.00212334 1.19167 6 11.5 0
1992 1 1 47 45.1906 0.00379144 1.27044 68 359 3
1992 2 1 47 0 0 1.725 2 0 0
1992 3 1 47 17.4858 0.0258373 1.25882 17 81 0
1992 4 1 47 9.64774 0.00302408 1.39 22 82.5 0
1992 5 1 47 0.828988 0.00347222 1.315 0 1.5 0
1992 6 1 47 1.40951 0.00199787 1.43 1 7.5 0
1992 7 1 47 6.03138 0.00216688 1.32689 45 73 0
1992 8 1 47 0.0169698 0.00389408 1.315 0 2.5 0
1992 9 1 47 0.225343 0.00175406 1.488 5 9.5 0
1992 1 2 47 43.5542 0.00365414 1.21784 51 346 2
1992 2 2 47 0 0 1.68 5 0 0
1992 3 2 47 10.7937 0.015949 1.26786 14 50 0
1992 4 2 47 11.5188 0.00361057 1.32296 27 98.5 1
1992 5 2 47 0.828988 0.00347222 1.31 1 1.5 0
1992 6 2 47 1.40951 0.00199787 1.28692 0 7.5 0
1992 7 2 47 4.13108 0.00148416 1.32211 38 50 0
1992 8 2 47 0.0373336 0.00856698 1.28692 0 5.5 0
1992 9 2 47 0.225343 0.00175406 1.236 10 9.5 0
1992 1 1 48 50.2887 0.00421916 1.3332 97 399.5 2
1992 2 1 48 0 0 1.48333 3 0 0
1992 3 1 48 17.9176 0.0264753 1.28615 13 83 0
1992 4 1 48 10.6417 0.00333565 1.37054 37 91 0
1992 5 1 48 0 0 1.38448 0 0 0
1992 6 1 48 2.44314 0.00346297 1.17 1 13 0
1992 7 1 48 5.90745 0.00212235 1.51716 67 71.5 0
1992 8 1 48 0.0305457 0.00700935 1.38448 0 4.5 0
1992 9 1 48 0.237204 0.00184638 1.23333 15 10 0
1992 1 2 48 48.9041 0.00410299 1.34919 62 388.5 1
1992 2 2 48 0 0 1.925 2 0 0
1992 3 2 48 13.1683 0.0194577 1.32682 22 61 0
1992 4 2 48 12.5128 0.00392214 1.41893 28 107 1
1992 5 2 48 0 0 1.20333 3 0 0
1992 6 2 48 1.87934 0.00266383 1.375 2 10 0
1992 7 2 48 4.83337 0.00173647 1.40212 66 58.5 0
1992 8 2 48 0.0305457 0.00700935 1.37696 0 4.5 0
1992 9 2 48 0.237204 0.00184638 1.28571 7 10 0
1992 1 1 49 61.3032 0.00514326 1.42079 114 487 2
1992 2 1 49 0 0 1.55 1 0 0
1992 3 1 49 16.5144 0.0244019 1.43273 22 76.5 0
1992 4 1 49 11.4019 0.00357392 1.49732 41 97.5 0
1992 5 1 49 0.828988 0.00347222 1.4125 4 1.5 0
1992 6 1 49 1.78537 0.00253063 1.37571 7 9.5 0
1992 7 1 49 7.43595 0.0026715 1.44844 77 90 0
1992 8 1 49 0.0271517 0.00623053 1.43978 0 4 0
1992 9 1 49 0.213483 0.00166174 1.42 13 9 0
1992 1 2 49 56.0163 0.00469969 1.44191 89 445 2
1992 2 2 49 0 0 1.9 4 0 0
1992 3 2 49 14.3557 0.0212121 1.33857 14 66.5 0
1992 4 2 49 14.0915 0.00441699 1.4893 43 120.5 3
1992 5 2 49 0.828988 0.00347222 1.33 1 1.5 0
1992 6 2 49 3.47678 0.00492808 1.572 5 18.5 0
1992 7 2 49 8.09693 0.00290896 1.44846 78 98 0
1992 8 2 49 0.0271517 0.00623053 1.45563 0 4 0
1992 9 2 49 0.213483 0.00166174 1.43182 11 9 0
1992 1 1 50 67.786 0.00568716 1.54562 128 538.5 2
1992 2 1 50 0 0 1.75833 6 0 0
1992 3 1 50 17.3779 0.0256778 1.48455 11 80.5 0
1992 4 1 50 19.1201 0.00599318 1.59897 58 163.5 1
1992 5 1 50 2.76329 0.0115741 1.55429 0 5 0
1992 6 1 50 2.63108 0.00372936 1.56333 6 14 0
1992 7 1 50 10.0798 0.00362136 1.52488 129 122 0
1992 8 1 50 0.0271517 0.00623053 1.55429 0 4 0
1992 9 1 50 0.343945 0.00267725 1.70417 12 14.5 0
1992 1 2 50 67.6601 0.0056766 1.46667 108 537.5 6
1992 2 2 50 0 0 1.43 5 0 0
1992 3 2 50 13.9239 0.0205742 1.46286 21 64.5 0
1992 4 2 50 17.4829 0.00548 1.59186 70 149.5 2
1992 5 2 50 2.76329 0.0115741 1.56 1 5 0
1992 6 2 50 2.25521 0.00319659 1.59333 3 12 0
1992 7 2 50 9.33625 0.00335421 1.55592 120 113 0
1992 8 2 50 0.0271517 0.00623053 1.52794 0 4 0
1992 9 2 50 0.367665 0.00286189 1.56545 11 15.5 0
1992 1 1 51 75.087 0.0062997 1.66095 158 596.5 7
1992 2 1 51 0 0 2.05 6 0 0
1992 3 1 51 17.3779 0.0256778 1.54917 12 80.5 0
1992 4 1 51 20.231 0.00634141 1.72611 95 173 2
1992 5 1 51 2.76329 0.0115741 1.51143 7 5 0
1992 6 1 51 2.44314 0.00346297 1.95556 9 13 0
1992 7 1 51 10.6995 0.00384398 1.62275 153 129.5 0
1992 8 1 51 0.0475155 0.0109034 1.66205 0 7 0
1992 9 1 51 0.438826 0.00341581 1.55522 23 18.5 0
1992 1 2 51 68.6671 0.00576109 1.5697 133 545.5 7
1992 2 2 51 0 0 1.4 1 0 0
1992 3 2 51 11.981 0.0177033 1.56437 16 55.5 0
1992 4 2 51 19.1785 0.00601151 1.66615 78 164 0
1992 5 2 51 2.76329 0.0115741 1.46 2 5 0
1992 6 2 51 4.32248 0.0061268 1.61182 11 23 0
1992 7 2 51 11.1952 0.00402208 1.62268 112 135.5 1
1992 8 2 51 0.0678793 0.0155763 1.60779 0 10 0
1992 9 2 51 0.438826 0.00341581 1.60783 23 18.5 0
1992 1 1 52 96.8641 0.00812678 1.74549 164 769.5 8
1992 2 1 52 0 0 2 2 0 0
1992 3 1 52 13.3842 0.0197767 1.61208 24 62 0
1992 4 1 52 26.7798 0.00839412 1.74299 97 229 2
1992 5 1 52 3.59228 0.0150463 1.58 2 6.5 0
1992 6 1 52 3.66471 0.00519446 1.65 11 19.5 0
1992 7 1 52 16.3178 0.00586245 1.74984 182 197.5 2
1992 8 1 52 0.0746672 0.017134 1.73398 0 11 0
1992 9 1 52 0.426966 0.00332349 1.66757 37 18 0
1992 1 2 52 79.4927 0.00666934 1.69025 162 631.5 4
1992 2 2 52 0 0 1.76667 3 0 0
1992 3 2 52 17.27 0.0255183 1.7725 12 80 0
1992 4 2 52 21.8682 0.00685459 1.74886 79 187 0
1992 5 2 52 3.59228 0.0150463 1.63 4 6.5 0
1992 6 2 52 4.22852 0.00599361 1.65 6 22.5 0
1992 7 2 52 14.4175 0.00517973 1.68632 144 174.5 0
1992 8 2 52 0.0746672 0.017134 1.69773 0 11 0
1992 9 2 52 0.426966 0.00332349 1.62903 31 18 0
1992 1 1 53 102.088 0.00856506 1.83609 179 811 12
1992 2 1 53 0 0 1.9375 4 0 0
1992 3 1 53 9.60642 0.0141946 1.71 8 44.5 0
1992 4 1 53 26.6628 0.00835746 1.8239 118 228 5
1992 5 1 53 2.21063 0.00925926 1.69 1 4 0
1992 6 1 53 5.54406 0.00785828 1.85727 11 29.5 0
1992 7 1 53 16.607 0.00596634 1.81474 251 201 1
1992 8 1 53 0.0305457 0.00700935 1.715 2 4.5 0
1992 9 1 53 0.604869 0.00470827 1.74349 43 25.5 0
1992 1 2 53 83.9614 0.00704426 1.81294 160 667 8
1992 2 2 53 0 0 1.825 4 0 0
1992 3 2 53 6.80005 0.0100478 1.822 10 31.5 0
1992 4 2 53 27.5984 0.00865071 1.889 100 236 2
1992 5 2 53 2.21063 0.00925926 2.14 1 4 0
1992 6 2 53 4.98025 0.00705914 1.78833 12 26.5 0
1992 7 2 53 18.6725 0.00670842 1.82904 240 226 1
1992 8 2 53 0.0305457 0.00700935 1.83291 0 4.5 0
1992 9 2 53 0.581149 0.00452363 1.80194 36 24.5 0
1992 1 1 54 114.928 0.0096423 1.88505 202 913 9
1992 2 1 54 0 0 2 2 0 0
1992 3 1 54 9.06673 0.0133971 1.83571 7 42 0
1992 4 1 54 31.5159 0.00987867 2.0276 154 269.5 4
1992 5 1 54 1.93431 0.00810185 1.97667 3 3.5 0
1992 6 1 54 4.69835 0.00665956 1.99 10 25 0
1992 7 1 54 21.0685 0.00756924 1.91967 301 255 1
1992 8 1 54 0.0610914 0.0140187 1.92709 0 9 0
1992 9 1 54 0.486267 0.00378508 1.83019 52 20.5 0
1992 1 2 54 87.6119 0.00735053 1.87421 152 696 9
1992 2 2 54 0 0 2.075 4 0 0
1992 3 2 54 9.93023 0.014673 1.862 10 46 0
1992 4 2 54 29.411 0.00921887 2.00096 125 251.5 2
1992 5 2 54 1.38165 0.00578704 2.12667 3 2.5 0
1992 6 2 54 5.26215 0.00745871 1.84619 21 28 0
1992 7 2 54 24.7865 0.00890498 1.91962 260 300 0
1992 8 2 54 0.0543034 0.0124611 1.73 1 8 0
1992 9 2 54 0.533708 0.00415436 1.72676 37 22.5 0
1992 1 1 55 128.145 0.0107512 2.01147 211 1018 11
1992 2 1 55 0 0 2.01667 3 0 0
1992 3 1 55 12.4128 0.0183413 2.08667 9 57.5 0
1992 4 1 55 32.3345 0.0101353 2.23956 158 276.5 3
1992 5 1 55 3.03962 0.0127315 1.875 2 5.5 0
1992 6 1 55 6.38976 0.00905701 2.03444 18 34 0
1992 7 1 55 24.7039 0.0088753 2.03072 345 299 3
1992 8 1 55 0.0373336 0.00856698 2.0597 0 5.5 0
1992 9 1 55 0.569288 0.00443131 1.90698 53 24 0
1992 1 2 55 99.9481 0.00838552 2.01639 158 794 10
1992 2 2 55 0 0 2.9 4 0 0
1992 3 2 55 15.8668 0.023445 1.97647 17 73.5 0
1992 4 2 55 29.7618 0.00932884 2.06893 169 254.5 1
1992 5 2 55 2.48696 0.0104167 2.05 4 4.5 0
1992 6 2 55 5.07422 0.00719233 1.8455 20 27 0
1992 7 2 55 23.5472 0.00845973 2.00143 287 285 0
1992 8 2 55 0.0441216 0.0101246 2.01445 0 6.5 0
1992 9 2 55 0.569288 0.00443131 1.89042 48 24 0
1992 1 1 56 148.978 0.0124991 2.16706 238 1183.5 14
1992 2 1 56 0 0 2.23333 6 0 0
1992 3 1 56 8.31117 0.0122807 1.98063 16 38.5 0
1992 4 1 56 38.2986 0.0120047 2.23206 180 327.5 3
1992 5 1 56 3.03962 0.0127315 2.15 2 5.5 0
1992 6 1 56 7.9872 0.0113213 2.07333 12 42.5 0
1992 7 1 56 34.6185 0.0124373 2.11596 394 419 3
1992 8 1 56 0.0509095 0.0116822 1.63 1 7.5 0
1992 9 1 56 0.996255 0.0077548 2.00348 66 42 0
1992 1 2 56 113.984 0.00956309 2.18201 159 905.5 12
1992 2 2 56 0 0 2.5 1 0 0
1992 3 2 56 7.66355 0.0113238 2.13692 13 35.5 0
1992 4 2 56 37.7139 0.0118214 2.15533 169 322.5 0
1992 5 2 56 1.93431 0.00810185 1.73333 3 3.5 0
1992 6 2 56 7.79927 0.0110549 2.22667 15 41.5 0
1992 7 2 56 32.0572 0.0115171 2.15239 368 388 2
1992 8 2 56 0.0712733 0.0163551 2.15182 0 10.5 0
1992 9 2 56 0.996255 0.0077548 2.01463 41 42 0
1992 1 1 57 168.112 0.0141044 2.30801 216 1335.5 6
1992 2 1 57 0 0 2.16 5 0 0
1992 3 1 57 10.254 0.0151515 2.50333 15 47.5 0
1992 4 1 57 42.2162 0.0132327 2.33912 194 361 3
1992 5 1 57 1.65798 0.00694444 1.995 8 3 0
1992 6 1 57 9.77257 0.0138519 2.28654 26 52 0
1992 7 1 57 42.8807 0.0154056 2.22152 473 519 5
1992 8 1 57 0.0814552 0.0186916 1.89 2 12 0
1992 9 1 57 1.26904 0.00987814 2.14231 65 53.5 0
1992 1 2 57 126.823 0.0106403 2.26626 190 1007.5 7
1992 2 2 57 0 0 2.78333 3 0 0
1992 3 2 57 21.6954 0.0320574 2.30563 16 100.5 0
1992 4 2 57 39.7604 0.0124629 2.3055 211 340 1
1992 5 2 57 1.10532 0.00462963 2.12 4 2 0
1992 6 2 57 6.57769 0.00932339 2.2352 25 35 0
1992 7 2 57 37.7581 0.0135653 2.21643 392 457 3
1992 8 2 57 0.0814552 0.0186916 2.24255 0 12 0
1992 9 2 57 1.17416 0.00913959 2.04458 48 49.5 0
1992 1 1 58 190.329 0.0159684 2.45313 243 1512 9
1992 2 1 58 0 0 2.25 3 0 0
1992 3 1 58 4.6413 0.00685805 2.3624 25 21.5 0
1992 4 1 58 53.3257 0.0167149 2.50584 238 456 5
1992 5 1 58 3.59228 0.0150463 2.3 1 6.5 0
1992 6 1 58 12.9675 0.0183804 2.235 18 69 0
1992 7 1 58 51.8864 0.0186411 2.31061 559 628 6
1992 8 1 58 0.0610914 0.0140187 1.94 1 9 0
1992 9 1 58 1.5774 0.0122784 2.15333 72 66.5 0
1992 1 2 58 139.097 0.01167 2.28831 172 1105 6
1992 2 2 58 0 0 2.72 5 0 0
1992 3 2 58 8.31117 0.0122807 2.38063 16 38.5 0
1992 4 2 58 47.0108 0.0147355 2.42865 192 402 5
1992 5 2 58 3.03962 0.0127315 2.22667 3 5.5 0
1992 6 2 58 11.8398 0.0167821 2.3775 24 63 0
1992 7 2 58 45.3593 0.0162961 2.37421 416 549 3
1992 8 2 58 0.0610914 0.0140187 2.3 1 9 0
1992 9 2 58 1.52996 0.0119092 2.24511 47 64.5 0
1992 1 1 59 207.008 0.0173677 2.57415 248 1644.5 13
1992 2 1 59 0 0 2.85 5 0 0
1992 3 1 59 7.55561 0.0111643 2.42174 23 35 0
1992 4 1 59 55.3137 0.0173381 2.56123 228 473 6
1992 5 1 59 3.03962 0.0127315 2.31 4 5.5 0
1992 6 1 59 14.0951 0.0199787 2.33733 30 75 0
1992 7 1 59 60.4791 0.0217282 2.44044 572 732 4
1992 8 1 59 0.0644853 0.0147975 2.04 1 9.5 0
1992 9 1 59 1.89763 0.014771 2.40535 71 80 0
1992 1 2 59 161.944 0.0135869 2.50343 172 1286.5 7
1992 2 2 59 0 0 2.96429 7 0 0
1992 3 2 59 8.20323 0.0121212 2.4292 25 38 0
1992 4 2 59 54.8459 0.0171915 2.57961 204 469 6
1992 5 2 59 3.59228 0.0150463 2.29 6 6.5 0
1992 6 2 59 12.0278 0.0170485 2.5 20 64 0
1992 7 2 59 57.1742 0.0205408 2.46974 498 692 6
1992 8 2 59 0.0712733 0.0163551 2.65 1 10.5 0
1992 9 2 59 1.94507 0.0151403 2.36839 62 82 0
1992 1 1 60 216.89 0.0181968 2.70651 281 1723 18
1992 2 1 60 0 0 2.66 5 0 0
1992 3 1 60 6.3683 0.00940989 2.58944 18 29.5 0
1992 4 1 60 59.3482 0.0186027 2.7747 249 507.5 2
1992 5 1 60 3.31595 0.0138889 2.325 2 6 0
1992 6 1 60 16.8201 0.0238412 2.45667 33 89.5 0
1992 7 1 60 65.1885 0.0234201 2.55516 630 789 4
1992 8 1 60 0.0543034 0.0124611 2.62324 0 8 0
1992 9 1 60 2.26529 0.0176329 2.46069 72 95.5 0
1992 1 2 60 169.559 0.0142258 2.60481 210 1347 12
1992 2 2 60 0 0 2.88333 6 0 0
1992 3 2 60 5.5048 0.00813397 2.69615 13 25.5 0
1992 4 2 60 61.687 0.0193358 2.67763 236 527.5 2
1992 5 2 60 2.76329 0.0115741 2.37333 6 5 0
1992 6 2 60 16.2563 0.0230421 2.5213 23 86.5 0
1992 7 2 60 62.1315 0.0223218 2.58384 567 752 3
1992 8 2 60 0.0543034 0.0124611 2.575 2 8 0
1992 9 2 60 2.07553 0.0161558 2.44047 64 87.5 0
1992 1 1 61 232.939 0.0195433 2.8422 282 1850.5 13
1992 2 1 61 0 0 3.21 5 0 0
1992 3 1 61 3.7778 0.00558214 2.80786 28 17.5 0
1992 4 1 61 65.3707 0.0204905 2.90664 271 559 7
1992 5 1 61 3.86861 0.0162037 2.28125 8 7 0
1992 6 1 61 15.5046 0.0219766 2.72818 33 82.5 0
1992 7 1 61 70.6829 0.025394 2.65562 649 855.5 3
1992 8 1 61 0.0644853 0.0147975 2.345 2 9.5 0
1992 9 1 61 2.01623 0.0156942 2.5685 80 85 0
1992 1 2 61 183.972 0.0154351 2.86252 226 1461.5 11
1992 2 2 61 0 0 3.11667 3 0 0
1992 3 2 61 5.28893 0.00781499 2.83207 29 24.5 0
1992 4 2 61 65.6046 0.0205638 2.86423 239 561 4
1992 5 2 61 2.21063 0.00925926 2.52818 11 4 0
1992 6 2 61 14.189 0.0201119 2.65911 45 75.5 0
1992 7 2 61 72.9136 0.0261955 2.74129 605 882.5 1
1992 8 2 61 0.0712733 0.0163551 2.5 2 10.5 0
1992 9 2 61 2.13483 0.0166174 2.49176 51 90 0
1992 1 1 62 238.038 0.0199711 2.94107 327 1891 16
1992 2 1 62 0 0 3.05 7 0 0
1992 3 1 62 6.47624 0.00956938 2.92647 34 30 0
1992 4 1 62 68.2943 0.0214068 2.99546 315 584 6
1992 5 1 62 3.59228 0.0150463 2.59 4 6.5 0
1992 6 1 62 22.74 0.0322323 2.75022 45 121 0
1992 7 1 62 71.6743 0.0257502 2.84277 621 867.5 5
1992 8 1 62 0.0814552 0.0186916 2.3 1 12 0
1992 9 1 62 2.78714 0.021695 2.6936 89 117.5 0
1992 1 2 62 200.526 0.0168239 2.96612 224 1593 11
1992 2 2 62 0 0 3.03 5 0 0
1992 3 2 62 12.9525 0.0191388 2.88846 26 60 0
1992 4 2 62 68.6451 0.0215168 2.99373 284 587 7
1992 5 2 62 4.6976 0.0196759 2.674 5 8.5 0
1992 6 2 62 24.6194 0.0348961 2.80625 32 131 0
1992 7 2 62 77.3752 0.0277984 2.85303 621 936.5 1
1992 8 2 62 0.0814552 0.0186916 2.45 3 12 0
1992 9 2 62 2.88202 0.0224335 2.64162 74 121.5 0
1992 1 1 63 229.1 0.0192212 3.09365 299 1820 16
1992 2 1 63 0 0 3.86 5 0 0
1992 3 1 63 4.53337 0.00669856 2.99029 35 21 0
1992 4 1 63 61.2193 0.0191892 3.17765 307 523.5 6
1992 5 1 63 3.86861 0.0162037 2.635 6 7 0
1992 6 1 63 17.4779 0.0247736 2.77408 49 93 0
1992 7 1 63 72.17 0.0259283 2.91721 730 873.5 4
1992 8 1 63 0.0644853 0.0147975 2.96 1 9.5 0
1992 9 1 63 3.02434 0.0235414 2.82247 77 127.5 0
1992 1 2 63 199.267 0.0167182 3.18281 231 1583 12
1992 2 2 63 0 0 3.525 2 0 0
1992 3 2 63 9.93023 0.014673 3.145 22 46 0
1992 4 2 63 62.8565 0.0197024 3.07793 275 537.5 5
1992 5 2 63 3.86861 0.0162037 2.67556 9 7 0
1992 6 2 63 18.9813 0.0269046 2.99523 44 101 0
1992 7 2 63 78.284 0.0281249 2.98918 661 947.5 6
1992 8 2 63 0.0712733 0.0163551 2.65 2 10.5 0
1992 9 2 63 3.26155 0.0253877 2.85218 78 137.5 0
1992 1 1 64 219.093 0.0183816 3.31709 289 1740.5 10
1992 2 1 64 0 0 4.1375 4 0 0
1992 3 1 64 6.80005 0.0100478 3.33515 33 31.5 0
1992 4 1 64 67.1249 0.0210403 3.29321 293 574 5
1992 5 1 64 6.35557 0.0266204 2.99 4 11.5 0
1992 6 1 64 22.3642 0.0316995 3.00673 55 119 0
1992 7 1 64 65.3538 0.0234795 3.06519 734 791 8
1992 8 1 64 0.0746672 0.017134 2.04 1 11 0
1992 9 1 64 3.21411 0.0250185 2.99816 87 135.5 0
1992 1 2 64 194.295 0.0163011 3.25726 237 1543.5 12
1992 2 2 64 0 0 3.625 2 0 0
1992 3 2 64 3.99368 0.00590112 3.15692 26 18.5 0
1992 4 2 64 72.3873 0.0226898 3.25924 341 619 6
1992 5 2 64 4.6976 0.0196759 3.02667 6 8.5 0
1992 6 2 64 23.1159 0.0327651 2.9774 50 123 0
1992 7 2 64 77.9123 0.0279913 3.14824 712 943 7
1992 8 2 64 0.0746672 0.017134 3.17383 0 11 0
1992 9 2 64 3.33271 0.0259417 2.95638 94 140.5 0
1992 1 1 65 202.666 0.0170034 3.39488 291 1610 16
1992 2 1 65 0 0 4.03333 6 0 0
1992 3 1 65 3.7778 0.00558214 3.32286 28 17.5 0
1992 4 1 65 60.693 0.0190242 3.50653 331 519 4
1992 5 1 65 6.6319 0.0277778 2.76143 7 12 0
1992 6 1 65 25.4651 0.0360948 3.23444 63 135.5 0
1992 7 1 65 72.1287 0.0259135 3.20063 709 873 5
1992 8 1 65 0.0848491 0.0194704 3.4 2 12.5 0
1992 9 1 65 3.61735 0.0281573 3.06918 61 152.5 0
1992 1 2 65 190.581 0.0159895 3.52263 247 1514 8
1992 2 2 65 0 0 3.5 3 0 0
1992 3 2 65 9.17467 0.0135566 3.48 29 42.5 0
1992 4 2 65 65.6046 0.0205638 3.39964 333 561 5
1992 5 2 65 6.07925 0.025463 2.904 10 11 0
1992 6 2 65 24.3375 0.0344965 3.24904 52 129.5 0
1992 7 2 65 80.3909 0.0288818 3.27475 682 973 6
1992 8 2 65 0.0848491 0.0194704 3.27 2 12.5 0
1992 9 2 65 3.80712 0.0296344 3.165 80 160.5 0
1992 1 1 66 199.644 0.0167499 3.55934 287 1586 14
1992 2 1 66 0 0 4.25 3 0 0
1992 3 1 66 4.6413 0.00685805 3.52143 28 21.5 0
1992 4 1 66 54.2027 0.0169898 3.61867 323 463.5 3
1992 5 1 66 7.46089 0.03125 3.426 5 13.5 0
1992 6 1 66 21.9883 0.0311668 3.2364 50 117 0
1992 7 1 66 68.6586 0.0246668 3.35775 658 831 4
1992 8 1 66 0.0644853 0.0147975 3.45636 0 9.5 0
1992 9 1 66 2.87016 0.0223412 3.30721 68 121 0
1992 1 2 66 181.895 0.0152608 3.66658 231 1445 13
1992 2 2 66 0 0 4.6625 4 0 0
1992 3 2 66 5.07305 0.00749601 3.55833 24 23.5 0
1992 4 2 66 59.2313 0.018566 3.55879 346 506.5 5
1992 5 2 66 6.90823 0.0289352 3.04 7 12.5 0
1992 6 2 66 27.4384 0.0388918 3.30467 60 146 0
1992 7 2 66 79.1516 0.0284366 3.4164 695 958 3
1992 8 2 66 0.0644853 0.0147975 3.3 1 9.5 0
1992 9 2 66 2.82272 0.0219719 3.21477 65 119 0
1992 1 1 67 175.602 0.0147328 3.75898 275 1395 23
1992 2 1 67 0 0 4.56167 6 0 0
1992 3 1 67 4.42543 0.00653907 3.74321 28 20.5 0
1992 4 1 67 57.6525 0.0180712 3.75885 279 493 1
1992 5 1 67 4.42127 0.0185185 3.59143 7 8 0
1992 6 1 67 20.8607 0.0295685 3.48194 62 111 0
1992 7 1 67 56.0588 0.0201401 3.46702 644 678.5 6
1992 8 1 67 0.0746672 0.017134 3.335 2 11 0
1992 9 1 67 3.7834 0.0294498 3.36443 70 159.5 0
1992 1 2 67 164.021 0.0137611 3.73783 253 1303 14
1992 2 2 67 0 0 4.33 5 0 0
1992 3 2 67 5.72068 0.00845295 3.5456 25 26.5 0
1992 4 2 67 60.81 0.0190609 3.74432 333 520 3
1992 5 2 67 3.31595 0.0138889 3.16889 9 6 0
1992 6 2 67 24.4314 0.0346297 3.3668 75 130 0
1992 7 2 67 72.6658 0.0261064 3.5699 705 879.5 3
1992 8 2 67 0.0746672 0.017134 3.3325 4 11 0
1992 9 2 67 4.28152 0.0333272 3.31586 70 180.5 0
1992 1 1 68 174.343 0.0146271 3.8272 254 1385 15
1992 2 1 68 0 0 3.74054 0 0 0
1992 3 1 68 4.53337 0.00669856 3.90333 12 21 0
1992 4 1 68 46.0168 0.014424 3.94324 275 393.5 3
1992 5 1 68 3.86861 0.0162037 3.53222 9 7 0
1992 6 1 68 18.4175 0.0261055 3.648 60 98 0
1992 7 1 68 55.8523 0.0200659 3.63498 600 676 7
1992 8 1 68 0.095031 0.0218069 3.52 2 14 0
1992 9 1 68 2.98876 0.0232644 3.57373 51 126 0
1992 1 2 68 158.734 0.0133176 3.96636 239 1261 12
1992 2 2 68 0 0 4.86667 3 0 0
1992 3 2 68 6.26036 0.0092504 3.83625 16 29 0
1992 4 2 68 60.6346 0.0190059 3.85067 371 518.5 2
1992 5 2 68 6.07925 0.025463 3.4875 8 11 0
1992 6 2 68 20.8607 0.0295685 3.55857 42 111 0
1992 7 2 68 73.4507 0.0263884 3.7476 680 889 3
1992 8 2 68 0.095031 0.0218069 3.705 4 14 0
1992 9 2 68 3.27341 0.0254801 3.54015 68 138 0
1992 1 1 69 168.175 0.0141096 4.03573 246 1336 15
1992 2 1 69 0 0 4.8 1 0 0
1992 3 1 69 2.48256 0.00366826 3.979 10 11.5 0
1992 4 1 69 47.4201 0.0148638 4.02378 249 405.5 3
1992 5 1 69 5.25026 0.0219907 3.5675 4 9.5 0
1992 6 1 69 12.4976 0.0177144 3.788 40 66.5 0
1992 7 1 69 49.1186 0.0176467 3.76492 559 594.5 7
1992 8 1 69 0.095031 0.0218069 3.87858 0 14 0
1992 9 1 69 3.35643 0.0261263 3.70128 47 141.5 0
1992 1 2 69 155.461 0.013043 4.15412 255 1235 11
1992 2 2 69 0 0 4.6 3 0 0
1992 3 2 69 5.5048 0.00813397 3.818 25 25.5 0
1992 4 2 69 55.8399 0.017503 4.0711 326 477.5 4
1992 5 2 69 4.6976 0.0196759 3.762 5 8.5 0
1992 6 2 69 20.2029 0.0286361 3.83175 40 107.5 0
1992 7 2 69 64.321 0.0231084 3.87883 650 778.5 5
1992 8 2 69 0.095031 0.0218069 3.44333 3 14 0
1992 9 2 69 3.40387 0.0264956 3.72922 64 143.5 0
1992 1 1 70 148.663 0.0124727 4.28726 234 1181 14
1992 2 1 70 0 0 4.7 2 0 0
1992 3 1 70 3.02224 0.00446571 4.22273 11 14 0
1992 4 1 70 43.0347 0.0134892 4.31781 242 368 5
1992 5 1 70 4.6976 0.0196759 3.785 6 8.5 0
1992 6 1 70 12.0278 0.0170485 3.95116 43 64 0
1992 7 1 70 44.8636 0.016118 3.97662 524 543 7
1992 8 1 70 0.0814552 0.0186916 3.93 2 12 0
1992 9 1 70 2.69226 0.0209564 4.03795 44 113.5 0
1992 1 2 70 136.957 0.0114905 4.40439 244 1088 11
1992 2 2 70 0 0 4.95 2 0 0
1992 3 2 70 4.53337 0.00669856 4.17625 16 21 0
1992 4 2 70 53.6765 0.0168249 4.24988 322 459 4
1992 5 2 70 4.6976 0.0196759 3.56833 6 8.5 0
1992 6 2 70 18.9813 0.0269046 3.945 52 101 0
1992 7 2 70 51.969 0.0186708 4.07071 630 629 4
1992 8 2 70 0.0814552 0.0186916 3.67 1 12 0
1992 9 2 70 2.71598 0.0211411 3.93043 70 114.5 0
1992 1 1 71 140.607 0.0117968 4.44922 230 1117 17
1992 2 1 71 0 0 4.28431 0 0 0
1992 3 1 71 3.45399 0.00510367 4.52273 11 16 0
1992 4 1 71 40.2281 0.0126095 4.42725 222 344 1
1992 5 1 71 3.03962 0.0127315 3.83 5 5.5 0
1992 6 1 71 10.0545 0.0142515 4.14294 34 53.5 0
1992 7 1 71 40.6499 0.0146042 4.16201 442 492 4
1992 8 1 71 0.0780612 0.0179128 4 2 11.5 0
1992 9 1 71 2.22971 0.017356 3.99838 37 94 0
1992 1 2 71 126.005 0.0105717 4.54118 237 1001 16
1992 2 2 71 0 0 5.3 1 0 0
1992 3 2 71 4.10162 0.00606061 4.50941 17 19 0
1992 4 2 71 47.0108 0.0147355 4.47201 288 402 2
1992 5 2 71 3.03962 0.0127315 3.73333 9 5.5 0
1992 6 2 71 12.6856 0.0179808 4.22809 47 67.5 0
1992 7 2 71 51.8864 0.0186411 4.2706 582 628 6
1992 8 2 71 0.0780612 0.0179128 4 1 11.5 0
1992 9 2 71 2.30087 0.0179099 4.17122 49 97 0
1992 1 1 72 137.397 0.0115275 4.64014 218 1091.5 16
1992 2 1 72 0 0 4.43644 0 0 0
1992 3 1 72 2.37462 0.00350877 4.52438 16 11 0
1992 4 1 72 38.5325 0.012078 4.54494 164 329.5 1
1992 5 1 72 4.14494 0.0173611 3.84 4 7.5 0
1992 6 1 72 7.9872 0.0113213 4.17969 32 42.5 0
1992 7 1 72 35.4034 0.0127193 4.30789 384 428.5 3
1992 8 1 72 0.0543034 0.0124611 4.43644 0 8 0
1992 9 1 72 2.52622 0.019664 4.31903 31 106.5 0
1992 1 2 72 136.012 0.0114113 4.83394 231 1080.5 14
1992 2 2 72 0 0 4.9 1 0 0
1992 3 2 72 3.66987 0.00542265 4.47 13 17 0
1992 4 2 72 48.2387 0.0151204 4.66771 236 412.5 3
1992 5 2 72 3.59228 0.0150463 4.1575 8 6.5 0
1992 6 2 72 10.9941 0.0155834 4.34292 48 58.5 0
1992 7 2 72 47.9619 0.0172311 4.47325 493 580.5 2
1992 8 2 72 0.0543034 0.0124611 4.02333 3 8 0
1992 9 2 72 2.54994 0.0198486 4.19349 43 107.5 0
1992 1 1 73 137.46 0.0115327 4.84544 195 1092 17
1992 2 1 73 0 0 4.60972 0 0 0
1992 3 1 73 1.94287 0.00287081 4.91364 11 9 0
1992 4 1 73 36.0767 0.0113082 4.69719 139 308.5 3
1992 5 1 73 2.21063 0.00925926 4.95 2 4 0
1992 6 1 73 6.85959 0.00972296 4.3896 25 36.5 0
1992 7 1 73 29.0415 0.0104337 4.46289 315 351.5 2
1992 8 1 73 0.0509095 0.0116822 4.60972 0 7.5 0
1992 9 1 73 2.11111 0.0164328 4.30412 34 89 0
1992 1 2 73 118.201 0.00991688 5.01065 215 939 13
1992 2 2 73 0 0 4.74144 0 0 0
1992 3 2 73 2.15875 0.00318979 4.64143 7 10 0
1992 4 2 73 50.4606 0.0158169 4.78634 227 431.5 6
1992 5 2 73 2.76329 0.0115741 4.31 8 5 0
1992 6 2 73 10.9941 0.0155834 4.61129 31 58.5 0
1992 7 2 73 43.5829 0.0156579 4.64012 493 527.5 3
1992 8 2 73 0.0509095 0.0116822 4.39 2 7.5 0
1992 9 2 73 2.27715 0.0177253 4.45281 32 96 0
1992 1 1 74 136.012 0.0114113 5.11652 181 1080.5 20
1992 2 1 74 0 0 4.87713 0 0 0
1992 3 1 74 3.02224 0.00446571 4.16 3 14 0
1992 4 1 74 36.1352 0.0113266 5.04192 130 309 4
1992 5 1 74 2.48696 0.0104167 4.445 4 4.5 0
1992 6 1 74 4.98025 0.00705914 4.52938 16 26.5 0
1992 7 1 74 23.2167 0.008341 4.68767 262 281 2
1992 8 1 74 0.0543034 0.0124611 4.87713 0 8 0
1992 9 1 74 1.81461 0.0141248 4.64083 24 76.5 0
1992 1 2 74 116.501 0.00977431 5.19263 198 925.5 10
1992 2 2 74 0 0 4.93744 0 0 0
1992 3 2 74 1.727 0.00255183 4.96125 8 8 0
1992 4 2 74 45.8414 0.014369 5.0045 191 392 2
1992 5 2 74 1.38165 0.00578704 4.596 10 2.5 0
1992 6 2 74 7.23546 0.0102557 4.53971 34 38.5 0
1992 7 2 74 36.8493 0.0132387 4.87261 383 446 2
1992 8 2 74 0.0543034 0.0124611 4.93744 0 8 0
1992 9 2 74 1.81461 0.0141248 4.41929 42 76.5 0
1992 1 1 75 128.019 0.0107407 5.25613 155 1017 17
1992 2 1 75 0 0 5.02682 0 0 0
1992 3 1 75 2.91431 0.00430622 4.99167 6 13.5 0
1992 4 1 75 27.7153 0.00868736 5.16933 105 237 2
1992 5 1 75 3.31595 0.0138889 4.69 1 6 0
1992 6 1 75 3.10091 0.00439531 4.65412 17 16.5 0
1992 7 1 75 22.2252 0.0079848 4.86162 247 269 3
1992 8 1 75 0.0509095 0.0116822 5.02682 0 7.5 0
1992 9 1 75 1.80275 0.0140325 4.89864 22 76 0
1992 1 2 75 123.739 0.0103816 5.47137 160 983 12
1992 2 2 75 0 0 5.13185 0 0 0
1992 3 2 75 4.6413 0.00685805 4.93333 9 21.5 0
1992 4 2 75 40.6959 0.0127561 5.18159 170 348 2
1992 5 2 75 2.21063 0.00925926 4.96857 7 4 0
1992 6 2 75 7.4234 0.0105221 4.81406 32 39.5 0
1992 7 2 75 31.8093 0.0114281 5.03572 367 385 7
1992 8 2 75 0.0509095 0.0116822 4.4 1 7.5 0
1992 9 2 75 1.80275 0.0140325 4.64357 28 76 0
1992 1 1 76 113.921 0.00955781 5.4007 128 905 12
1992 2 1 76 0 0 5.20558 0 0 0
1992 3 1 76 2.26668 0.00334928 5.17857 7 10.5 0
1992 4 1 76 26.3705 0.00826583 5.35439 82 225.5 1
1992 5 1 76 2.21063 0.00925926 4.7 6 4 0
1992 6 1 76 2.44314 0.00346297 5.282 10 13 0
1992 7 1 76 18.0115 0.00647095 5.0403 202 218 2
1992 8 1 76 0.0543034 0.0124611 5.20558 0 8 0
1992 9 1 76 1.64856 0.0128323 5.12706 17 69.5 0
1992 1 2 76 112.536 0.00944163 5.67157 166 894 17
1992 2 2 76 0 0 5.38339 0 0 0
1992 3 2 76 1.83493 0.00271132 5.30833 6 8.5 0
1992 4 2 76 33.2701 0.0104285 5.38466 133 284.5 0
1992 5 2 76 1.65798 0.00694444 5.005 2 3 0
1992 6 2 76 4.13455 0.00586042 5.04688 16 22 0
1992 7 2 76 26.3563 0.00946897 5.25664 301 319 2
1992 8 2 76 0.0543034 0.0124611 6.7 1 8 0
1992 9 2 76 1.67228 0.013017 5.25257 35 70.5 0
1992 1 1 77 107.753 0.00904031 5.74453 137 856 11
1992 2 1 77 0 0 5.46633 0 0 0
1992 3 1 77 2.05081 0.0030303 6.11 5 9.5 0
1992 4 1 77 26.5459 0.00832081 5.58982 56 227 2
1992 5 1 77 1.93431 0.00810185 4.975 2 3.5 0
1992 6 1 77 1.50347 0.00213106 4.86778 18 8 0
1992 7 1 77 15.6155 0.00561014 5.26137 153 189 1
1992 8 1 77 0.0441216 0.0101246 5.46633 0 6.5 0
1992 9 1 77 1.67228 0.013017 4.953 10 70.5 0
1992 1 2 77 110.774 0.00929378 6.06985 132 880 13
1992 2 2 77 0 0 6 1 0 0
1992 3 2 77 2.48256 0.00366826 5.72 8 11.5 0
1992 4 2 77 33.0947 0.0103735 5.65569 137 283 1
1992 5 2 77 1.93431 0.00810185 4.83714 7 3.5 0
1992 6 2 77 2.06728 0.00293021 5.61889 18 11 0
1992 7 2 77 26.1085 0.00937992 5.46667 285 316 8
1992 8 2 77 0.0441216 0.0101246 5.62131 0 6.5 0
1992 9 2 77 1.69601 0.0132016 4.91773 22 71.5 0
1992 1 1 78 93.9059 0.00787859 5.96302 126 746 11
1992 2 1 78 0 0 5.71649 0 0 0
1992 3 1 78 0.863498 0.00127592 6.165 2 4 0
1992 4 1 78 24.324 0.00762435 5.73833 48 208 0
1992 5 1 78 3.31595 0.0138889 4.9 2 6 0
1992 6 1 78 1.31554 0.00186468 5.5 12 7 0
1992 7 1 78 12.1867 0.00437828 5.48558 113 147.5 1
1992 8 1 78 0.0169698 0.00389408 5.71649 0 2.5 0
1992 9 1 78 1.18602 0.00923191 5.448 10 50 0
1992 1 2 78 103.347 0.00867067 6.33561 148 821 10
1992 2 2 78 0 0 5.82358 0 0 0
1992 3 2 78 1.94287 0.00287081 5.775 6 9 0
1992 4 2 78 31.8083 0.00997031 5.65417 115 272 1
1992 5 2 78 1.10532 0.00462963 5.27 6 2 0
1992 6 2 78 2.25521 0.00319659 5.54214 14 12 0
1992 7 2 78 20.862 0.00749503 5.63845 226 252.5 2
1992 8 2 78 0.0169698 0.00389408 5.82358 0 2.5 0
1992 9 2 78 1.18602 0.00923191 5.44 18 50 0
1992 1 1 79 101.899 0.00854922 6.35391 115 809.5 16
1992 2 1 79 0 0 5.975 0 0 0
1992 3 1 79 1.29525 0.00191388 5.01667 3 6 0
1992 4 1 79 24.4994 0.00767934 6.00263 38 209.5 1
1992 5 1 79 2.21063 0.00925926 4.69 1 4 0
1992 6 1 79 1.03364 0.0014651 5.562 5 5.5 0
1992 7 1 79 11.03 0.00396272 5.67425 106 133.5 1
1992 8 1 79 0.0339397 0.00778816 6.22 1 5 0
1992 9 1 79 1.09114 0.00849335 5.22333 9 46 0
1992 1 2 79 108.571 0.00910896 6.53468 139 862.5 12
1992 2 2 79 0 0 6.03316 0 0 0
1992 3 2 79 3.02224 0.00446571 6.2 3 14 0
1992 4 2 79 28.8263 0.00903559 5.9799 104 246.5 3
1992 5 2 79 1.65798 0.00694444 6.025 4 3 0
1992 6 2 79 2.53711 0.00359616 5.678 10 13.5 0
1992 7 2 79 18.9617 0.00681231 5.7851 206 229.5 3
1992 8 2 79 0.0339397 0.00778816 6.03316 0 5 0
1992 9 2 79 1.09114 0.00849335 5.67643 28 46 0
1992 1 1 80 92.3953 0.00775186 6.5832 103 734 13
1992 2 1 80 0 0 6.33229 0 0 0
1992 3 1 80 0.647624 0.000956938 6.33229 0 3 0
1992 4 1 80 18.243 0.00571827 6.58333 36 156 0
1992 5 1 80 2.76329 0.0115741 6.33229 0 5 0
1992 6 1 80 0.93967 0.00133191 6.184 5 5 0
1992 7 1 80 9.25363 0.00332453 5.98678 87 112 2
1992 8 1 80 0.0203638 0.0046729 6.33229 0 3 0
1992 9 1 80 0.877653 0.00683161 6.04071 14 37 0
1992 1 2 80 100.703 0.00844889 6.83492 132 800 18
1992 2 2 80 0 0 6.38746 0 0 0
1992 3 2 80 3.88574 0.00574163 6.73333 3 18 0
1992 4 2 80 26.1951 0.00821084 6.54084 83 224 1
1992 5 2 80 1.10532 0.00462963 5.856 5 2 0
1992 6 2 80 1.31554 0.00186468 5.67077 13 7 0
1992 7 2 80 17.5984 0.00632254 6.13049 206 213 1
1992 8 2 80 0.0203638 0.0046729 6.38746 0 3 0
1992 9 2 80 0.853933 0.00664697 5.94722 18 36 0
1992 1 1 81 83.0803 0.00697033 7.00177 96 660 14
1992 2 1 81 0 0 6.63177 0 0 0
1992 3 1 81 0.431749 0.000637959 6.315 4 2 0
1992 4 1 81 15.7872 0.0049485 6.79469 32 135 0
1992 5 1 81 1.65798 0.00694444 5.175 2 3 0
1992 6 1 81 0.657769 0.000932339 5.97 3 3.5 0
1992 7 1 81 8.30348 0.00298317 5.9364 50 100.5 0
1992 8 1 81 0.0203638 0.0046729 6.63177 0 3 0
1992 9 1 81 0.557428 0.004339 6.672 5 23.5 0
1992 1 2 81 99.8222 0.00837496 7.0569 100 793 15
1992 2 2 81 0 0 6.67109 0 0 0
1992 3 2 81 1.29525 0.00191388 6.085 2 6 0
1992 4 2 81 22.4529 0.00703787 6.65031 65 192 0
1992 5 2 81 1.65798 0.00694444 5.75 2 3 0
1992 6 2 81 1.78537 0.00253063 6.25 9 9.5 0
1992 7 2 81 12.9303 0.00464543 6.547 160 156.5 5
1992 8 2 81 0.0203638 0.0046729 6.67109 0 3 0
1992 9 2 81 0.581149 0.00452363 6.1425 20 24.5 0
1992 1 1 82 75.8422 0.00636307 7.14808 73 602.5 14
1992 2 1 82 0 0 6.86335 0 0 0
1992 3 1 82 0.539686 0.000797448 7.1 1 2.5 0
1992 4 1 82 15.4364 0.00483853 7.09696 23 132 1
1992 5 1 82 1.10532 0.00462963 6.86335 0 2 0
1992 6 1 82 0.375868 0.000532765 6.624 5 2 0
1992 7 1 82 5.24648 0.00188489 6.38979 47 63.5 2
1992 8 1 82 0.0237578 0.00545171 6.86335 0 3.5 0
1992 9 1 82 0.509988 0.00396972 6.37333 6 21.5 0
1992 1 2 82 91.5771 0.00768321 7.33839 118 727.5 12
1992 2 2 82 0 0 6.93088 0 0 0
1992 3 2 82 2.48256 0.00366826 7.4 5 11.5 0
1992 4 2 82 24.0901 0.00755104 6.85733 45 206 1
1992 5 2 82 0.552659 0.00231481 6 2 1 0
1992 6 2 82 0.751736 0.00106553 6.33091 11 4 0
1992 7 2 82 11.3605 0.00408145 6.75737 133 137.5 1
1992 8 2 82 0.0237578 0.00545171 6.93088 0 3.5 0
1992 9 2 82 0.533708 0.00415436 5.81786 14 22.5 0
1992 1 1 83 69.863 0.00586142 7.31047 85 555 14
1992 2 1 83 0 0 7.00455 0 0 0
1992 3 1 83 0.215875 0.000318979 7.00455 0 1 0
1992 4 1 83 13.156 0.00412375 6.92 17 112.5 0
1992 5 1 83 1.93431 0.00810185 7.00455 0 3.5 0
1992 6 1 83 0.187934 0.000266383 7.00455 0 1 0
1992 7 1 83 5.20517 0.00187005 6.4425 48 63 0
1992 8 1 83 0.00339397 0.000778816 7.00455 0 0.5 0
1992 9 1 83 0.533708 0.00415436 7.40667 6 22.5 0
1992 1 2 83 87.8637 0.00737166 7.78292 106 698 13
1992 2 2 83 0 0 7.30742 0 0 0
1992 3 2 83 1.07937 0.0015949 8 2 5 0
1992 4 2 83 19.0031 0.00595653 7.075 52 162.5 0
1992 5 2 83 1.38165 0.00578704 7.30742 0 2.5 0
1992 6 2 83 1.1276 0.0015983 6.90375 8 6 0
1992 7 2 83 11.4018 0.00409629 7.07031 131 138 1
1992 8 2 83 0.00339397 0.000778816 7.30742 0 0.5 0
1992 9 2 83 0.533708 0.00415436 6.81545 11 22.5 0
1992 1 1 84 64.7019 0.00542841 7.65526 76 514 18
1992 2 1 84 0 0 7.35594 0 0 0
1992 3 1 84 0 0 6.3 1 0 0
1992 4 1 84 12.8052 0.00401378 7.045 12 109.5 0
1992 5 1 84 1.10532 0.00462963 7.35594 0 2 0
1992 6 1 84 0.657769 0.000932339 7.26 4 3.5 0
1992 7 1 84 4.91599 0.00176616 6.92385 39 59.5 2
1992 8 1 84 0.0135759 0.00311526 7.35594 0 2 0
1992 9 1 84 0.343945 0.00267725 6.63 1 14.5 0
1992 1 2 84 79.0521 0.00663238 8.09634 82 628 11
1992 2 2 84 0 0 7.43707 0 0 0
1992 3 2 84 1.94287 0.00287081 8.7 1 9 0
1992 4 2 84 17.8337 0.00558997 7.07463 41 152.5 0
1992 5 2 84 0.552659 0.00231481 6.58333 3 1 0
1992 6 2 84 0.469835 0.000665956 6.73667 6 2.5 0
1992 7 2 84 9.87329 0.00354715 7.14317 104 119.5 1
1992 8 2 84 0.0135759 0.00311526 7.43707 0 2 0
1992 9 2 84 0.343945 0.00267725 7.17583 12 14.5 0
1992 1 1 85 61.2402 0.00513798 8.06718 71 486.5 13
1992 2 1 85 0 0 7.58203 0 0 0
1992 3 1 85 0 0 7.58203 0 0 0
1992 4 1 85 9.99856 0.00313405 6.50308 13 85.5 0
1992 5 1 85 1.38165 0.00578704 7.58203 0 2.5 0
1992 6 1 85 0.375868 0.000532765 6.2 2 2 0
1992 7 1 85 4.21371 0.00151385 7.12872 39 51 1
1992 8 1 85 0.0101819 0.00233645 7.58203 0 1.5 0
1992 9 1 85 0.308365 0.0024003 7.59 3 13 0
1992 1 2 85 74.4576 0.0062469 8.25485 101 591.5 12
1992 2 2 85 0 0 7.76333 0 0 0
1992 3 2 85 0 0 8.775 2 0 0
1992 4 2 85 14.3254 0.0044903 7.51737 38 122.5 0
1992 5 2 85 1.38165 0.00578704 7.52 4 2.5 0
1992 6 2 85 0.563802 0.000799148 6.69818 11 3 0
1992 7 2 85 7.51857 0.00270118 7.45628 86 91 2
1992 8 2 85 0.0101819 0.00233645 7.76333 0 1.5 0
1992 9 2 85 0.308365 0.0024003 7.30286 7 13 0
1992 1 1 86 52.6805 0.00441983 8.40018 57 418.5 9
1992 2 1 86 0 0 7.95161 0 0 0
1992 3 1 86 0.215875 0.000318979 7.95161 0 1 0
1992 4 1 86 9.70621 0.00304241 7.59875 8 83 1
1992 5 1 86 0.552659 0.00231481 7.4 1 1 0
1992 6 1 86 0.281901 0.000399574 7.95161 0 1.5 0
1992 7 1 86 3.18093 0.00114281 7.07667 24 38.5 1
1992 8 1 86 0.0101819 0.00233645 7.95161 0 1.5 0
1992 9 1 86 0.260924 0.00203102 7.55333 3 11 0
1992 1 2 86 67.9118 0.00569772 8.68037 82 539.5 10
1992 2 2 86 0 0 8.12689 0 0 0
1992 3 2 86 0.647624 0.000956938 7.8 1 3 0
1992 4 2 86 13.5653 0.00425204 8.15297 37 116 1
1992 5 2 86 1.10532 0.00462963 7.65 1 2 0
1992 6 2 86 0.657769 0.000932339 7.59167 6 3.5 0
1992 7 2 86 6.56842 0.00235982 7.73362 69 79.5 0
1992 8 2 86 0.0101819 0.00233645 8.12689 0 1.5 0
1992 9 2 86 0.284644 0.00221566 6.95769 13 12 0
1992 1 1 87 51.7993 0.0043459 8.71209 43 411.5 8
1992 2 1 87 0 0 8.29077 0 0 0
1992 3 1 87 0.215875 0.000318979 8.29077 0 1 0
1992 4 1 87 9.58926 0.00300575 7.32091 11 82 0
1992 5 1 87 0 0 7.5 2 0 0
1992 6 1 87 0.281901 0.000399574 7.35 1 1.5 0
1992 7 1 87 2.18947 0.000786607 8.05619 21 26.5 1
1992 8 1 87 0.00339397 0.000778816 8.29077 0 0.5 0
1992 9 1 87 0.260924 0.00203102 8.29077 0 11 0
1992 1 2 87 65.8978 0.00552874 9.08211 76 523.5 13
1992 2 2 87 0 0 8.46668 0 0 0
1992 3 2 87 0.431749 0.000637959 8.6 2 2 0
1992 4 2 87 12.8636 0.00403211 8.31219 32 110 1
1992 5 2 87 0 0 6.53333 3 0 0
1992 6 2 87 0.657769 0.000932339 7.295 10 3.5 0
1992 7 2 87 4.91599 0.00176616 8.24828 64 59.5 2
1992 8 2 87 0.00339397 0.000778816 5.71 1 0.5 0
1992 9 2 87 0.260924 0.00203102 7.48625 8 11 0
1992 1 1 88 43.3654 0.0036383 9.10717 53 344.5 9
1992 2 1 88 0 0 8.7304 0 0 0
1992 3 1 88 0 0 8.4 1 0 0
1992 4 1 88 7.25042 0.00227264 8.842 5 62 1
1992 5 1 88 0.552659 0.00231481 8.7304 0 1 0
1992 6 1 88 0 0 7.4 1 0 0
1992 7 1 88 2.31341 0.000831132 7.48143 14 28 1
1992 8 1 88 0.00339397 0.000778816 8.7304 0 0.5 0
1992 9 1 88 0.237204 0.00184638 7.35 1 10 0
1992 1 2 88 65.646 0.00550762 9.45307 75 521.5 13
1992 2 2 88 0 0 8.73528 0 0 0
1992 3 2 88 0.431749 0.000637959 9.8 1 2 0
1992 4 2 88 10.174 0.00318903 8.53389 18 87 0
1992 5 2 88 0.552659 0.00231481 8.37 1 1 0
1992 6 2 88 0 0 8.17 4 0 0
1992 7 2 88 3.47011 0.0012467 8.16 69 42 1
1992 8 2 88 0.00339397 0.000778816 8.73528 0 0.5 0
1992 9 2 88 0.237204 0.00184638 7.61625 8 10 0
1992 1 1 89 44.813 0.00375976 9.27712 52 356 9
1992 2 1 89 0 0 8.90973 0 0 0
1992 3 1 89 0 0 8.90973 0 0 0
1992 4 1 89 6.54877 0.00205271 8.29 4 56 0
1992 5 1 89 0.276329 0.00115741 8.90973 0 0.5 0
1992 6 1 89 0.093967 0.000133191 7.5 1 0.5 0
1992 7 1 89 1.48719 0.000534299 7.7 14 18 1
1992 8 1 89 0.00339397 0.000778816 8.90973 0 0.5 0
1992 9 1 89 0.118602 0.000923191 9.77 2 5 0
1992 1 2 89 55.8904 0.00468913 10.1965 63 444 9
1992 2 2 89 0 0 9.2269 0 0 0
1992 3 2 89 0.215875 0.000318979 9.2269 0 1 0
1992 4 2 89 10.9926 0.00344562 8.47722 18 94 0
1992 5 2 89 0.828988 0.00347222 5.51 1 1.5 0
1992 6 2 89 0.093967 0.000133191 10.46 1 0.5 0
1992 7 2 89 4.04846 0.00145448 8.57283 53 49 0
1992 8 2 89 0.00339397 0.000778816 9.2269 0 0.5 0
1992 9 2 89 0.118602 0.000923191 8.06667 9 5 0
1992 1 1 90 40.2813 0.00337956 9.71667 33 320 9
1992 2 1 90 0 0 9.14642 0 0 0
1992 3 1 90 0 0 9.14642 0 0 0
1992 4 1 90 7.01654 0.00219933 9.2075 4 60 0
1992 5 1 90 0 0 9.14642 0 0 0
1992 6 1 90 0 0 8.225 4 0 0
1992 7 1 90 0.743595 0.00026715 7.78 11 9 0
1992 8 1 90 0 0 9.14642 0 0 0
1992 9 1 90 0.213483 0.00166174 8.8 1 9 0
1992 1 2 90 57.0233 0.00478418 10.3244 70 453 12
1992 2 2 90 0 0 9.53845 0 0 0
1992 3 2 90 0 0 10.5 1 0 0
1992 4 2 90 10.057 0.00315238 8.845 14 86 1
1992 5 2 90 1.10532 0.00462963 10.72 2 2 0
1992 6 2 90 0 0 8.47 1 0 0
1992 7 2 90 2.89176 0.00103891 8.83731 52 35 2
1992 8 2 90 0 0 9.53845 0 0 0
1992 9 2 90 0.213483 0.00166174 8.15 8 9 0
1992 1 1 91 34.428 0.00288846 10.1657 30 273.5 7
1992 2 1 91 0 0 9.69111 0 0 0
1992 3 1 91 0 0 9.69111 0 0 0
1992 4 1 91 4.56075 0.00142957 8.2075 4 39 0
1992 5 1 91 0.276329 0.00115741 9.15 1 0.5 0
1992 6 1 91 0 0 10.2 2 0 0
1992 7 1 91 0.743595 0.00026715 9.07 16 9 0
1992 8 1 91 0 0 9.69111 0 0 0
1992 9 1 91 0.0593009 0.000461595 10.85 1 2.5 0
1992 1 2 91 49.6594 0.00416636 10.7082 55 394.5 12
1992 2 2 91 0 0 9.91614 0 0 0
1992 3 2 91 0.431749 0.000637959 9.91614 0 2 0
1992 4 2 91 6.89959 0.00216268 9.39067 15 59 0
1992 5 2 91 0.828988 0.00347222 9.25 2 1.5 0
1992 6 2 91 0 0 8.57 1 0 0
1992 7 2 91 2.47865 0.000890498 9.38604 48 30 0
1992 8 2 91 0 0 9.91614 0 0 0
1992 9 2 91 0.0593009 0.000461595 8.65667 6 2.5 0
1992 1 1 92 32.5398 0.00273005 10.2432 38 258.5 11
1992 2 1 92 0 0 10.0056 0 0 0
1992 3 1 92 0.215875 0.000318979 10.0056 0 1 0
1992 4 1 92 5.08699 0.00159452 11.73 1 43.5 0
1992 5 1 92 0 0 10.0056 0 0 0
1992 6 1 92 0 0 8.88 1 0 0
1992 7 1 92 1.07408 0.000385883 8.90333 9 13 0
1992 8 1 92 0.00339397 0.000778816 10.0056 0 0.5 0
1992 9 1 92 0.0711611 0.000553914 10.3 1 3 0
1992 1 2 92 49.9111 0.00418748 11.0743 42 396.5 8
1992 2 2 92 0 0 10.1734 0 0 0
1992 3 2 92 0 0 10.1734 0 0 0
1992 4 2 92 9.17997 0.00287746 9.50364 11 78.5 0
1992 5 2 92 0 0 10.1734 0 0 0
1992 6 2 92 0 0 8.8775 4 0 0
1992 7 2 92 2.47865 0.000890498 9.63091 33 30 0
1992 8 2 92 0.00339397 0.000778816 10.1734 0 0.5 0
1992 9 2 92 0.0711611 0.000553914 6.48 2 3 0
1992 1 1 93 25.8682 0.00217031 10.5674 27 205.5 7
1992 2 1 93 0 0 10.2116 0 0 0
1992 3 1 93 0 0 10.2116 0 0 0
1992 4 1 93 5.49629 0.00172281 6.99 1 47 0
1992 5 1 93 0 0 10.2116 0 0 0
1992 6 1 93 0 0 10.2116 0 0 0
1992 7 1 93 0.702284 0.000252308 9.87467 15 8.5 1
1992 8 1 93 0.00339397 0.000778816 10.2116 0 0.5 0
1992 9 1 93 0.0474407 0.000369276 8.88 1 2 0
1992 1 2 93 44.3724 0.00372279 11.5455 51 352.5 15
1992 2 2 93 0 0 10.8292 0 0 0
1992 3 2 93 0.215875 0.000318979 10.8292 0 1 0
1992 4 2 93 7.95207 0.00249258 9.74 12 68 0
1992 5 2 93 0 0 9.6 1 0 0
1992 6 2 93 0.187934 0.000266383 9.5 1 1 0
1992 7 2 93 1.77637 0.000638191 10.2119 27 21.5 0
1992 8 2 93 0.00339397 0.000778816 10.8292 0 0.5 0
1992 9 2 93 0.0474407 0.000369276 9.982 5 2 0
1992 1 1 94 24.8611 0.00208582 10.6538 24 197.5 9
1992 2 1 94 0 0 10.0734 0 0 0
1992 3 1 94 0 0 9 1 0 0
1992 4 1 94 4.44381 0.00139291 10.0734 0 38 0
1992 5 1 94 0 0 10.0734 0 0 0
1992 6 1 94 0 0 10.0734 0 0 0
1992 7 1 94 0.454419 0.000163258 8.788 10 5.5 1
1992 8 1 94 0.00339397 0.000778816 10.0734 0 0.5 0
1992 9 1 94 0.0355805 0.000276957 10.0734 0 1.5 0
1992 1 2 94 41.0996 0.0034482 11.7495 43 326.5 9
1992 2 2 94 0 0 11.1597 0 0 0
1992 3 2 94 0.215875 0.000318979 11.1597 0 1 0
1992 4 2 94 6.89959 0.00216268 11.1822 9 59 0
1992 5 2 94 0 0 11.1597 0 0 0
1992 6 2 94 0 0 9.49 1 0 0
1992 7 2 94 2.02423 0.00072724 10.1642 24 24.5 0
1992 8 2 94 0.00339397 0.000778816 11.1597 0 0.5 0
1992 9 2 94 0.0355805 0.000276957 11.1597 0 1.5 0
1992 1 1 95 23.1618 0.00194324 11.1361 23 184 7
1992 2 1 95 0 0 11.07 0 0 0
1992 3 1 95 0 0 11.07 0 0 0
1992 4 1 95 3.15744 0.0009897 11.07 0 27 0
1992 5 1 95 0.276329 0.00115741 11.07 0 0.5 0
1992 6 1 95 0.093967 0.000133191 9.8 1 0.5 0
1992 7 1 95 0.330487 0.000118733 10.945 2 4 0
1992 8 1 95 0.00339397 0.000778816 11.07 0 0.5 0
1992 9 1 95 0.0593009 0.000461595 11.07 0 2.5 0
1992 1 2 95 36.8826 0.00309441 12.1386 37 293 9
1992 2 2 95 0 0 11.2665 0 0 0
1992 3 2 95 0.215875 0.000318979 11.2665 0 1 0
1992 4 2 95 5.2624 0.0016495 10.7157 7 45 0
1992 5 2 95 0.276329 0.00115741 9.21 2 0.5 0
1992 6 2 95 0.093967 0.000133191 11.2665 0 0.5 0
1992 7 2 95 1.07408 0.000385883 10.3055 22 13 0
1992 8 2 95 0.00339397 0.000778816 11.2665 0 0.5 0
1992 9 2 95 0.0593009 0.000461595 10.2133 3 2.5 0
1992 1 1 96 16.8678 0.00141519 11.3673 22 134 9
1992 2 1 96 0 0 11.2211 0 0 0
1992 3 1 96 0 0 11.2211 0 0 0
1992 4 1 96 3.15744 0.0009897 11.2211 0 27 0
1992 5 1 96 0 0 11.2211 0 0 0
1992 6 1 96 0.093967 0.000133191 11.2211 0 0.5 0
1992 7 1 96 0.49573 0.0001781 10.7567 3 6 1
1992 8 1 96 0 0 11.2211 0 0 0
1992 9 1 96 0.0118602 9.23191e-05 10.31 2 0.5 0
1992 1 2 96 33.6098 0.00281982 12.4559 32 267 9
1992 2 2 96 0 0 11.7376 0 0 0
1992 3 2 96 0 0 11.7376 0 0 0
1992 4 2 96 5.37934 0.00168616 11.1989 9 46 0
1992 5 2 96 0 0 11.7376 0 0 0
1992 6 2 96 0.093967 0.000133191 11.7376 0 0.5 0
1992 7 2 96 0.660973 0.000237466 10.7762 16 8 1
1992 8 2 96 0 0 11.7376 0 0 0
1992 9 2 96 0.0118602 9.23191e-05 8.98 1 0.5 0
1992 1 1 97 14.9796 0.00125677 11.6362 16 119 7
1992 2 1 97 0 0 11.6359 0 0 0
1992 3 1 97 0 0 11.6359 0 0 0
1992 4 1 97 1.75413 0.000549833 11.6359 0 15 0
1992 5 1 97 0 0 11.6359 0 0 0
1992 6 1 97 0 0 11.6359 0 0 0
1992 7 1 97 0.0826217 2.96833e-05 11.808 5 1 0
1992 8 1 97 0.00339397 0.000778816 11.6359 0 0.5 0
1992 9 1 97 0.0474407 0.000369276 10.77 1 2 0
1992 1 2 97 32.8545 0.00275645 13.047 43 261 10
1992 2 2 97 0 0 12.4019 0 0 0
1992 3 2 97 0 0 12.4019 0 0 0
1992 4 2 97 3.39133 0.00106301 11.288 5 29 0
1992 5 2 97 0 0 12.4019 0 0 0
1992 6 2 97 0 0 10.15 1 0 0
1992 7 2 97 0.660973 0.000237466 11.2956 18 8 0
1992 8 2 97 0.00339397 0.000778816 12.4019 0 0.5 0
1992 9 2 97 0.0474407 0.000369276 12.4019 0 2 0
1992 1 1 98 13.532 0.00113532 12.6232 19 107.5 7
1992 2 1 98 0 0 12.3952 0 0 0
1992 3 1 98 0 0 12.3952 0 0 0
1992 4 1 98 2.33885 0.000733111 10.43 1 20 0
1992 5 1 98 0 0 12.3952 0 0 0
1992 6 1 98 0 0 12.3952 0 0 0
1992 7 1 98 0.123933 4.45249e-05 11.6067 3 1.5 0
1992 8 1 98 0 0 12.3952 0 0 0
1992 9 1 98 0.0355805 0.000276957 12.3952 0 1.5 0
1992 1 2 98 30.9033 0.00259275 13.4104 27 245.5 6
1992 2 2 98 0 0 12.3612 0 0 0
1992 3 2 98 0 0 12.3612 0 0 0
1992 4 2 98 4.20992 0.0013196 9.49 1 36 0
1992 5 2 98 0 0 12.3612 0 0 0
1992 6 2 98 0 0 11.43 1 0 0
1992 7 2 98 0.371798 0.000133575 10.6715 13 4.5 0
1992 8 2 98 0 0 12.3612 0 0 0
1992 9 2 98 0.0355805 0.000276957 9.8 1 1.5 0
1992 1 1 99 10.7627 0.000902975 11.5992 12 85.5 7
1992 2 1 99 0 0 11.3433 0 0 0
1992 3 1 99 0 0 11.3433 0 0 0
1992 4 1 99 2.51426 0.000788094 10.2 1 21.5 0
1992 5 1 99 0 0 11.3433 0 0 0
1992 6 1 99 0 0 12.76 1 0 0
1992 7 1 99 0 0 10.5075 4 0 0
1992 8 1 99 0.00339397 0.000778816 11.3433 0 0.5 0
1992 9 1 99 0.0118602 9.23191e-05 11.3433 0 0.5 0
1992 1 2 99 24.3576 0.00204358 13.5333 30 193.5 8
1992 2 2 99 0 0 13.3545 0 0 0
1992 3 2 99 0 0 13.3545 0 0 0
1992 4 2 99 4.50228 0.00141124 13.6075 4 38.5 1
1992 5 2 99 0 0 13.3545 0 0 0
1992 6 2 99 0 0 13.3545 0 0 0
1992 7 2 99 0.0826217 2.96833e-05 12.76 5 1 0
1992 8 2 99 0.00339397 0.000778816 13.3545 0 0.5 0
1992 9 2 99 0.0118602 9.23191e-05 9.95 1 0.5 0
1992 1 1 100 6.16808 0.000517494 12.8493 15 49 5
1992 2 1 100 0 0 12.7622 0 0 0
1992 3 1 100 0 0 12.7622 0 0 0
1992 4 1 100 0.818596 0.000256589 13.1 1 7 0
1992 5 1 100 0 0 12.7622 0 0 0
1992 6 1 100 0 0 12.7622 0 0 0
1992 7 1 100 0.0413108 1.48416e-05 11.94 2 0.5 0
1992 8 1 100 0 0 12.7622 0 0 0
1992 9 1 100 0.0118602 9.23191e-05 12.7622 0 0.5 0
1992 1 2 100 18.2525 0.00153136 14.1312 26 145 9
1992 2 2 100 0 0 13.6041 0 0 0
1992 3 2 100 0 0 13.6041 0 0 0
1992 4 2 100 1.28636 0.000403211 10.2 1 11 0
1992 5 2 100 0 0 10.7 1 0 0
1992 6 2 100 0 0 11.84 1 0 0
1992 7 2 100 0.371798 0.000133575 13.0671 7 4.5 0
1992 8 2 100 0 0 13.6041 0 0 0
1992 9 2 100 0.0118602 9.23191e-05 11.73 1 0.5 0
1992 1 1 101 4.65753 0.000390761 13.7686 7 37 0
1992 2 1 101 0 0 13.36 0 0 0
1992 3 1 101 0 0 13.36 0 0 0
1992 4 1 101 0.877067 0.000274917 13.36 0 7.5 0
1992 5 1 101 0 0 13.36 0 0 0
1992 6 1 101 0 0 13.36 0 0 0
1992 7 1 101 0.123933 4.45249e-05 10.5 1 1.5 0
1992 8 1 101 0 0 13.36 0 0 0
1992 9 1 101 0 0 13.36 0 0 0
1992 1 2 101 17.3713 0.00145743 15.0691 22 138 8
1992 2 2 101 0 0 14.2925 0 0 0
1992 3 2 101 0 0 14.2925 0 0 0
1992 4 2 101 1.46178 0.000458194 14.2925 0 12.5 0
1992 5 2 101 0 0 14.2925 0 0 0
1992 6 2 101 0 0 14.2925 0 0 0
1992 7 2 101 0.206554 7.42082e-05 12.584 10 2.5 0
1992 8 2 101 0 0 14.2925 0 0 0
1992 9 2 101 0 0 14.2925 0 0 0
1992 1 1 102 4.53165 0.0003802 11.775 2 36 1
1992 2 1 102 0 0 11.76 0 0 0
1992 3 1 102 0 0 11.76 0 0 0
1992 4 1 102 1.11095 0.000348228 11.73 1 9.5 0
1992 5 1 102 0 0 11.76 0 0 0
1992 6 1 102 0 0 11.76 0 0 0
1992 7 1 102 0 0 11.76 0 0 0
1992 8 1 102 0 0 11.76 0 0 0
1992 9 1 102 0 0 11.76 0 0 0
1992 1 2 102 12.8397 0.00107723 14.6223 22 102 8
1992 2 2 102 0 0 14.4433 0 0 0
1992 3 2 102 0 0 14.4433 0 0 0
1992 4 2 102 1.8126 0.000568161 14.35 2 15.5 0
1992 5 2 102 0 0 14.4433 0 0 0
1992 6 2 102 0 0 14.4433 0 0 0
1992 7 2 102 0 0 13.055 2 0 0
1992 8 2 102 0 0 14.4433 0 0 0
1992 9 2 102 0 0 13.47 1 0 0
1992 1 1 103 3.58756 0.000300992 14.4917 6 28.5 2
1992 2 1 103 0 0 14.0243 0 0 0
1992 3 1 103 0 0 14.0243 0 0 0
1992 4 1 103 1.46178 0.000458194 14.0243 0 12.5 0
1992 5 1 103 0 0 14.0243 0 0 0
1992 6 1 103 0 0 14.0243 0 0 0
1992 7 1 103 0 0 11.22 1 0 0
1992 8 1 103 0 0 14.0243 0 0 0
1992 9 1 103 0 0 14.0243 0 0 0
1992 1 2 103 15.2943 0.00128318 15.8867 15 121.5 6
1992 2 2 103 0 0 15.4547 0 0 0
1992 3 2 103 0 0 15.4547 0 0 0
1992 4 2 103 1.57872 0.00049485 15.4547 0 13.5 0
1992 5 2 103 0 0 15.4547 0 0 0
1992 6 2 103 0 0 15.4547 0 0 0
1992 7 2 103 0 0 13.835 4 0 0
1992 8 2 103 0 0 15.4547 0 0 0
1992 9 2 103 0 0 15.4547 0 0 0
1992 1 1 104 2.76934 0.000232344 13.67 1 22 0
1992 2 1 104 0 0 13.47 0 0 0
1992 3 1 104 0 0 13.47 0 0 0
1992 4 1 104 0.760125 0.000238261 13.47 0 6.5 0
1992 5 1 104 0 0 13.47 0 0 0
1992 6 1 104 0.093967 0.000133191 13.47 0 0.5 0
1992 7 1 104 0.165243 5.93666e-05 13.27 1 2 0
1992 8 1 104 0 0 13.47 0 0 0
1992 9 1 104 0 0 13.47 0 0 0
1992 1 2 104 12.2103 0.00102443 15.207 10 97 2
1992 2 2 104 0 0 14.351 0 0 0
1992 3 2 104 0 0 14.351 0 0 0
1992 4 2 104 1.11095 0.000348228 13.06 1 9.5 0
1992 5 2 104 0 0 10 1 0 0
1992 6 2 104 0.281901 0.000399574 11.43 1 1.5 0
1992 7 2 104 0.0826217 2.96833e-05 14.3514 7 1 0
1992 8 2 104 0 0 14.351 0 0 0
1992 9 2 104 0 0 14.351 0 0 0
1992 1 1 105 1.63643 0.000137294 13.3 1 13 1
1992 2 1 105 0 0 12.62 0 0 0
1992 3 1 105 0 0 12.62 0 0 0
1992 4 1 105 0.350827 0.000109967 12.62 0 3 0
1992 5 1 105 0 0 12.62 0 0 0
1992 6 1 105 0 0 11.94 1 0 0
1992 7 1 105 0.0413108 1.48416e-05 12.62 0 0.5 0
1992 8 1 105 0 0 12.62 0 0 0
1992 9 1 105 0 0 12.62 0 0 0
1992 1 2 105 7.67863 0.000644228 15.3722 9 61 3
1992 2 2 105 0 0 15.2277 0 0 0
1992 3 2 105 0 0 15.2277 0 0 0
1992 4 2 105 1.05248 0.0003299 15.2277 0 9 0
1992 5 2 105 0 0 15.2277 0 0 0
1992 6 2 105 0 0 15.2277 0 0 0
1992 7 2 105 0.0413108 1.48416e-05 15.8033 3 0.5 0
1992 8 2 105 0 0 12.2 1 0 0
1992 9 2 105 0 0 15.2277 0 0 0
1992 1 1 106 1.06997 8.97695e-05 16.28 0 8.5 0
1992 2 1 106 0 0 16.28 0 0 0
1992 3 1 106 0 0 16.28 0 0 0
1992 4 1 106 0.52624 0.00016495 16.28 0 4.5 0
1992 5 1 106 0 0 16.28 0 0 0
1992 6 1 106 0 0 16.28 0 0 0
1992 7 1 106 0 0 16.28 0 0 0
1992 8 1 106 0 0 16.28 0 0 0
1992 9 1 106 0 0 16.28 0 0 0
1992 1 2 106 6.48278 0.000543897 16.3444 9 51.5 6
1992 2 2 106 0 0 16.28 0 0 0
1992 3 2 106 0 0 16.28 0 0 0
1992 4 2 106 0.877067 0.000274917 16.28 0 7.5 0
1992 5 2 106 0 0 16.28 0 0 0
1992 6 2 106 0 0 16.28 0 0 0
1992 7 2 106 0 0 15.7 1 0 0
1992 8 2 106 0 0 16.28 0 0 0
1992 9 2 106 0 0 16.28 0 0 0
1992 1 1 107 1.63643 0.000137294 16.3 1 13 0
1992 2 1 107 0 0 16.3 0 0 0
1992 3 1 107 0 0 16.3 0 0 0
1992 4 1 107 0.350827 0.000109967 16.3 0 3 0
1992 5 1 107 0 0 16.3 0 0 0
1992 6 1 107 0 0 16.3 0 0 0
1992 7 1 107 0 0 16.3 0 0 0
1992 8 1 107 0 0 16.3 0 0 0
1992 9 1 107 0 0 16.3 0 0 0
1992 1 2 107 5.28693 0.000443567 16.2429 7 42 3
1992 2 2 107 0 0 15.8325 0 0 0
1992 3 2 107 0 0 15.8325 0 0 0
1992 4 2 107 0.467769 0.000146622 15.8325 0 4 0
1992 5 2 107 0 0 15.8325 0 0 0
1992 6 2 107 0 0 15.8325 0 0 0
1992 7 2 107 0 0 12.96 1 0 0
1992 8 2 107 0 0 15.8325 0 0 0
1992 9 2 107 0 0 15.8325 0 0 0
1992 1 1 108 1.13291 9.505e-05 15.82 1 9 0
1992 2 1 108 0 0 15.82 0 0 0
1992 3 1 108 0 0 15.82 0 0 0
1992 4 1 108 0.175413 5.49833e-05 15.82 0 1.5 0
1992 5 1 108 0 0 15.82 0 0 0
1992 6 1 108 0 0 15.82 0 0 0
1992 7 1 108 0 0 15.82 0 0 0
1992 8 1 108 0 0 15.82 0 0 0
1992 9 1 108 0 0 15.82 0 0 0
1992 1 2 108 3.77638 0.000316833 15.366 5 30 1
1992 2 2 108 0 0 15.6617 0 0 0
1992 3 2 108 0 0 15.6617 0 0 0
1992 4 2 108 0.175413 5.49833e-05 15.6617 0 1.5 0
1992 5 2 108 0 0 15.6617 0 0 0
1992 6 2 108 0 0 15.6617 0 0 0
1992 7 2 108 0 0 17.14 1 0 0
1992 8 2 108 0 0 15.6617 0 0 0
1992 9 2 108 0 0 15.6617 0 0 0
1992 1 1 109 0.818215 6.86472e-05 14.5 1 6.5 0
1992 2 1 109 0 0 14.5 0 0 0
1992 3 1 109 0 0 14.5 0 0 0
1992 4 1 109 0.233885 7.33111e-05 14.5 0 2 0
1992 5 1 109 0 0 14.5 0 0 0
1992 6 1 109 0 0 14.5 0 0 0
1992 7 1 109 0.0413108 1.48416e-05 14.5 0 0.5 0
1992 8 1 109 0 0 14.5 0 0 0
1992 9 1 109 0 0 14.5 0 0 0
1992 1 2 109 1.95113 0.000163697 16.0971 7 15.5 4
1992 2 2 109 0 0 15.8538 0 0 0
1992 3 2 109 0 0 15.8538 0 0 0
1992 4 2 109 0 0 15.8538 0 0 0
1992 5 2 109 0 0 14.15 1 0 0
1992 6 2 109 0 0 15.8538 0 0 0
1992 7 2 109 0.0413108 1.48416e-05 15.8538 0 0.5 0
1992 8 2 109 0 0 15.8538 0 0 0
1992 9 2 109 0 0 15.8538 0 0 0
1992 1 1 110 0.314698 2.64028e-05 16.754 0 2.5 0
1992 2 1 110 0 0 16.754 0 0 0
1992 3 1 110 0 0 16.754 0 0 0
1992 4 1 110 0 0 16.754 0 0 0
1992 5 1 110 0 0 16.754 0 0 0
1992 6 1 110 0 0 16.754 0 0 0
1992 7 1 110 0 0 16.754 0 0 0
1992 8 1 110 0 0 16.754 0 0 0
1992 9 1 110 0 0 16.754 0 0 0
1992 1 2 110 1.19585 0.000100331 16.9833 3 9.5 1
1992 2 2 110 0 0 16.754 0 0 0
1992 3 2 110 0 0 16.754 0 0 0
1992 4 2 110 0.116942 3.66555e-05 16.754 0 1 0
1992 5 2 110 0 0 16.754 0 0 0
1992 6 2 110 0 0 16.754 0 0 0
1992 7 2 110 0 0 16.41 2 0 0
1992 8 2 110 0 0 16.754 0 0 0
1992 9 2 110 0 0 16.754 0 0 0
1992 1 1 111 0 0 18 0 0 0
1992 2 1 111 0 0 18 0 0 0
1992 3 1 111 0 0 18 0 0 0
1992 4 1 111 0.116942 3.66555e-05 18 0 1 0
1992 5 1 111 0 0 18 0 0 0
1992 6 1 111 0 0 18 0 0 0
1992 7 1 111 0 0 18 0 0 0
1992 8 1 111 0 0 18 0 0 0
1992 9 1 111 0 0 18 0 0 0
1992 1 2 111 0.881155 7.39278e-05 18 1 7 0
1992 2 2 111 0 0 18 0 0 0
1992 3 2 111 0 0 18 0 0 0
1992 4 2 111 0.233885 7.33111e-05 18 0 2 0
1992 5 2 111 0 0 18 0 0 0
1992 6 2 111 0 0 18 0 0 0
1992 7 2 111 0 0 18 0 0 0
1992 8 2 111 0 0 18 0 0 0
1992 9 2 111 0 0 18 0 0 0
1992 1 1 112 0 1.58417e-05 0 0 1.5 0
1992 2 1 112 0 0 0 0 0 0
1992 3 1 112 0 0 0 0 0 0
1992 4 1 112 0 5.49833e-05 0 0 1.5 0
1992 5 1 112 0 0 0 0 0 0
1992 6 1 112 0 0 0 0 0 0
1992 7 1 112 0 0 0 0 0 0
1992 8 1 112 0 0 0 0 0 0
1992 9 1 112 0 0 0 0 0 0
1992 1 2 112 0 5.80861e-05 0 0 5.5 0
1992 2 2 112 0 0 0 0 0 0
1992 3 2 112 0 0 0 0 0 0
1992 4 2 112 0 5.49833e-05 0 0 1.5 0
1992 5 2 112 0 0 0 0 0 0
1992 6 2 112 0 0 0 0 0 0
1992 7 2 112 0 0 0 0 0 0
1992 8 2 112 0 0 0 0 0 0
1992 9 2 112 0 0 0 0 0 0
1992 1 1 113 0 0 14.49 0 0 0
1992 2 1 113 0 0 14.49 0 0 0
1992 3 1 113 0 0 14.49 0 0 0
1992 4 1 113 0.116942 3.66555e-05 14.49 0 1 0
1992 5 1 113 0 0 14.49 0 0 0
1992 6 1 113 0 0 14.49 0 0 0
1992 7 1 113 0 0 14.49 0 0 0
1992 8 1 113 0 0 14.49 0 0 0
1992 9 1 113 0 0 14.49 0 0 0
1992 1 2 113 0 0 14.49 0 0 0
1992 2 2 113 0 0 14.49 0 0 0
1992 3 2 113 0 0 14.49 0 0 0
1992 4 2 113 0.116942 3.66555e-05 14.49 1 1 0
1992 5 2 113 0 0 14.49 0 0 0
1992 6 2 113 0 0 14.49 0 0 0
1992 7 2 113 0 0 14.49 0 0 0
1992 8 2 113 0 0 14.49 0 0 0
1992 9 2 113 0 0 14.49 0 0 0
1992 1 1 114 0 5.28056e-06 0 0 0.5 0
1992 2 1 114 0 0 0 0 0 0
1992 3 1 114 0 0 0 0 0 0
1992 4 1 114 0 3.66555e-05 0 0 1 0
1992 5 1 114 0 0 0 0 0 0
1992 6 1 114 0 0 0 0 0 0
1992 7 1 114 0 0 0 0 0 0
1992 8 1 114 0 0 0 0 0 0
1992 9 1 114 0 0 0 0 0 0
1992 1 2 114 0 3.69639e-05 0 0 3.5 0
1992 2 2 114 0 0 0 0 0 0
1992 3 2 114 0 0 0 0 0 0
1992 4 2 114 0 3.66555e-05 0 0 1 0
1992 5 2 114 0 0 0 0 0 0
1992 6 2 114 0 0 0 0 0 0
1992 7 2 114 0 0 0 0 0 0
1992 8 2 114 0 0 0 0 0 0
1992 9 2 114 0 0 0 0 0 0
1992 1 1 115 0 0 0 0 0 0
1992 2 1 115 0 0 0 0 0 0
1992 3 1 115 0 0 0 0 0 0
1992 4 1 115 0 0 0 0 0 0
1992 5 1 115 0 0 0 0 0 0
1992 6 1 115 0 0 0 0 0 0
1992 7 1 115 0 0 0 0 0 0
1992 8 1 115 0 0 0 0 0 0
1992 9 1 115 0 0 0 0 0 0
1992 1 2 115 0 2.11222e-05 0 0 2 0
1992 2 2 115 0 0 0 0 0 0
1992 3 2 115 0 0 0 0 0 0
1992 4 2 115 0 0 0 0 0 0
1992 5 2 115 0 0 0 0 0 0
1992 6 2 115 0 0 0 0 0 0
1992 7 2 115 0 0 0 0 0 0
1992 8 2 115 0 0 0 0 0 0
1992 9 2 115 0 0 0 0 0 0
1992 1 1 116 0 0 0 0 0 0
1992 2 1 116 0 0 0 0 0 0
1992 3 1 116 0 0 0 0 0 0
1992 4 1 116 0 0 0 0 0 0
1992 5 1 116 0 0 0 0 0 0
1992 6 1 116 0 0 0 0 0 0
1992 7 1 116 0 0 0 0 0 0
1992 8 1 116 0 0 0 0 0 0
1992 9 1 116 0 0 0 0 0 0
1992 1 2 116 0 3.16833e-05 0 0 3 0
1992 2 2 116 0 0 0 0 0 0
1992 3 2 116 0 0 0 0 0 0
1992 4 2 116 0 0 0 0 0 0
1992 5 2 116 0 0 0 0 0 0
1992 6 2 116 0 0 0 0 0 0
1992 7 2 116 0 0 0 0 0 0
1992 8 2 116 0 0 0 0 0 0
1992 9 2 116 0 0 0 0 0 0
1992 1 1 117 0 0 0 0 0 0
1992 2 1 117 0 0 0 0 0 0
1992 3 1 117 0 0 0 0 0 0
1992 4 1 117 0 0 0 0 0 0
1992 5 1 117 0 0 0 0 0 0
1992 6 1 117 0 0 0 0 0 0
1992 7 1 117 0 0 0 0 0 0
1992 8 1 117 0 0 0 0 0 0
1992 9 1 117 0 0 0 0 0 0
1992 1 2 117 0 0 0 0 0 0
1992 2 2 117 0 0 0 0 0 0
1992 3 2 117 0 0 0 0 0 0
1992 4 2 117 0 0 0 0 0 0
1992 5 2 117 0 0 0 0 0 0
1992 6 2 117 0 0 0 0 0 0
1992 7 2 117 0 0 0 0 0 0
1992 8 2 117 0 0 0 0 0 0
1992 9 2 117 0 0 0 0 0 0
1992 1 1 118 0 0 0 0 0 0
1992 2 1 118 0 0 0 0 0 0
1992 3 1 118 0 0 0 0 0 0
1992 4 1 118 0 0 0 0 0 0
1992 5 1 118 0 0 0 0 0 0
1992 6 1 118 0 0 0 0 0 0
1992 7 1 118 0 0 0 0 0 0
1992 8 1 118 0 0 0 0 0 0
1992 9 1 118 0 0 0 0 0 0
1992 1 2 118 0 0 0 0 0 0
1992 2 2 118 0 0 0 0 0 0
1992 3 2 118 0 0 0 0 0 0
1992 4 2 118 0 0 0 0 0 0
1992 5 2 118 0 0 0 0 0 0
1992 6 2 118 0 0 0 0 0 0
1992 7 2 118 0 0 0 0 0 0
1992 8 2 118 0 0 0 0 0 0
1992 9 2 118 0 0 0 0 0 0
1992 1 1 119 0 0 0 0 0 0
1992 2 1 119 0 0 0 0 0 0
1992 3 1 119 0 0 0 0 0 0
1992 4 1 119 0 0 0 0 0 0
1992 5 1 119 0 0 0 0 0 0
1992 6 1 119 0 0 0 0 0 0
1992 7 1 119 0 0 0 0 0 0
1992 8 1 119 0 0 0 0 0 0
1992 9 1 119 0 0 0 0 0 0
1992 1 2 119 0 0 0 0 0 0
1992 2 2 119 0 0 0 0 0 0
1992 3 2 119 0 0 0 0 0 0
1992 4 2 119 0 0 0 0 0 0
1992 5 2 119 0 0 0 0 0 0
1992 6 2 119 0 0 0 0 0 0
1992 7 2 119 0 0 0 0 0 0
1992 8 2 119 0 0 0 0 0 0
1992 9 2 119 0 0 0 0 0 0
1992 1 1 120 0 0 0 0 0 0
1992 2 1 120 0 0 0 0 0 0
1992 3 1 120 0 0 0 0 0 0
1992 4 1 120 0 0 0 0 0 0
1992 5 1 120 0 0 0 0 0 0
1992 6 1 120 0 0 0 0 0 0
1992 7 1 120 0 0 0 0 0 0
1992 8 1 120 0 0 0 0 0 0
1992 9 1 120 0 0 0 0 0 0
1992 1 2 120 0 0 0 0 0 0
1992 2 2 120 0 0 0 0 0 0
1992 3 2 120 0 0 0 0 0 0
1992 4 2 120 0 0 0 0 0 0
1992 5 2 120 0 0 0 0 0 0
1992 6 2 120 0 0 0 0 0 0
1992 7 2 120 0 0 0 0 0 0
1992 8 2 120 0 0 0 0 0 0
1992 9 2 120 0 0 0 0 0 0
