year stratum sex length freq prop avg_wt nwt_samples nlen_samples naged
1994 1 1 9 0 0 0 0 0 0
1994 2 1 9 0 0 0 0 0 0
1994 3 1 9 0 0 0 0 0 0
1994 4 1 9 0 0 0 0 0 0
1994 5 1 9 0 2.91338e-307 0 0 0 0
1994 6 1 9 0 0 0 0 0 0
1994 7 1 9 0 0 0 0 0 0
1994 8 1 9 0 6.80468e-306 0 0 0 0
1994 9 1 9 0 0 0 0 0 0
1994 1 2 9 0 0 0 0 0 0
1994 2 2 9 0 0 0 0 0 0
1994 3 2 9 0 0 0 0 0 0
1994 4 2 9 0 0 0 0 0 0
1994 5 2 9 0 2.91338e-307 0 0 0 0
1994 6 2 9 0 0 0 0 0 0
1994 7 2 9 0 0 0 0 0 0
1994 8 2 9 0 6.7946e-306 0 0 0 0
1994 9 2 9 0 0 0 0 0 0
1994 1 1 10 0 0 0 0 0 0
1994 2 1 10 0 0 0 0 0 0
1994 3 1 10 0 0 0 0 0 0
1994 4 1 10 0 0 0 0 0 0
1994 5 1 10 0 0 0 0 0 0
1994 6 1 10 0 0 0 0 0 0
1994 7 1 10 0 0 0 0 0 0
1994 8 1 10 0 0 0 0 0 0
1994 9 1 10 0 0 0 0 0 0
1994 1 2 10 0 0 0 0 0 0
1994 2 2 10 0 0 0 0 0 0
1994 3 2 10 0 0 0 0 0 0
1994 4 2 10 0 0 0 0 0 0
1994 5 2 10 0 0 0 0 0 0
1994 6 2 10 0 0 0 0 0 0
1994 7 2 10 0 0 0 0 0 0
1994 8 2 10 0 0 0 0 0 0
1994 9 2 10 0 0 0 0 0 0
1994 1 1 11 0 0 0 0 0 0
1994 2 1 11 0 0 0 0 0 0
1994 3 1 11 0 0 0 0 0 0
1994 4 1 11 0 0 0 0 0 0
1994 5 1 11 0 0 0 0 0 0
1994 6 1 11 0 0 0 0 0 0
1994 7 1 11 0 0 0 0 0 0
1994 8 1 11 0 0 0 0 0 0
1994 9 1 11 0 0 0 0 0 0
1994 1 2 11 0 0 0 0 0 0
1994 2 2 11 0 0 0 0 0 0
1994 3 2 11 0 0 0 0 0 0
1994 4 2 11 0 0 0 0 0 0
1994 5 2 11 0 0 0 0 0 0
1994 6 2 11 0 0 0 0 0 0
1994 7 2 11 0 0 0 0 0 0
1994 8 2 11 0 0 0 0 0 0
1994 9 2 11 0 0 0 0 0 0
1994 1 1 12 0 0 0 0 0 0
1994 2 1 12 0 0 0 0 0 0
1994 3 1 12 0 0 0 0 0 0
1994 4 1 12 0 0 0 0 0 0
1994 5 1 12 0 0 0 0 0 0
1994 6 1 12 0 0 0 0 0 0
1994 7 1 12 0 0 0 0 0 0
1994 8 1 12 0 0 0 0 0 0
1994 9 1 12 0 0 0 0 0 0
1994 1 2 12 0 0 0 0 0 0
1994 2 2 12 0 0 0 0 0 0
1994 3 2 12 0 0 0 0 0 0
1994 4 2 12 0 0 0 0 0 0
1994 5 2 12 0 0 0 0 0 0
1994 6 2 12 0 0 0 0 0 0
1994 7 2 12 0 0 0 0 0 0
1994 8 2 12 0 0 0 0 0 0
1994 9 2 12 0 0 0 0 0 0
1994 1 1 13 0 0 0 0 0 0
1994 2 1 13 0 0 0 0 0 0
1994 3 1 13 0 0 0 0 0 0
1994 4 1 13 0 0 0 0 0 0
1994 5 1 13 0 0 0 0 0 0
1994 6 1 13 0 0 0 0 0 0
1994 7 1 13 0 0 0 0 0 0
1994 8 1 13 0 0 0 0 0 0
1994 9 1 13 0 0 0 0 0 0
1994 1 2 13 0 0 0 0 0 0
1994 2 2 13 0 0 0 0 0 0
1994 3 2 13 0 0 0 0 0 0
1994 4 2 13 0 0 0 0 0 0
1994 5 2 13 0 0 0 0 0 0
1994 6 2 13 0 0 0 0 0 0
1994 7 2 13 0 0 0 0 0 0
1994 8 2 13 0 0 0 0 0 0
1994 9 2 13 0 0 0 0 0 0
1994 1 1 14 0 0 0 0 0 0
1994 2 1 14 0 0 0 0 0 0
1994 3 1 14 0 0 0 0 0 0
1994 4 1 14 0 0 0 0 0 0
1994 5 1 14 0 0 0 0 0 0
1994 6 1 14 0 0 0 0 0 0
1994 7 1 14 0 0 0 0 0 0
1994 8 1 14 0 0 0 0 0 0
1994 9 1 14 0 0 0 0 0 0
1994 1 2 14 0 0 0 0 0 0
1994 2 2 14 0 0 0 0 0 0
1994 3 2 14 0 0 0 0 0 0
1994 4 2 14 0 0 0 0 0 0
1994 5 2 14 0 0 0 0 0 0
1994 6 2 14 0 0 0 0 0 0
1994 7 2 14 0 0 0 0 0 0
1994 8 2 14 0 0 0 0 0 0
1994 9 2 14 0 0 0 0 0 0
1994 1 1 15 0 0 0 0 0 0
1994 2 1 15 0 0 0 0 0 0
1994 3 1 15 0 0 0 0 0 0
1994 4 1 15 0 0 0 0 0 0
1994 5 1 15 0 0 0 0 0 0
1994 6 1 15 0 0 0 0 0 0
1994 7 1 15 0 0 0 0 0 0
1994 8 1 15 0 0 0 0 0 0
1994 9 1 15 0 0 0 0 0 0
1994 1 2 15 0 0 0 0 0 0
1994 2 2 15 0 0 0 0 0 0
1994 3 2 15 0 0 0 0 0 0
1994 4 2 15 0 0 0 0 0 0
1994 5 2 15 0 0 0 0 0 0
1994 6 2 15 0 0 0 0 0 0
1994 7 2 15 0 0 0 0 0 0
1994 8 2 15 0 0 0 0 0 0
1994 9 2 15 0 0 0 0 0 0
1994 1 1 16 0 0 0 0 0 0
1994 2 1 16 0 0 0 0 0 0
1994 3 1 16 0 0 0 0 0 0
1994 4 1 16 0 0 0 0 0 0
1994 5 1 16 0 0 0 0 0 0
1994 6 1 16 0 0 0 0 0 0
1994 7 1 16 0 0 0 0 0 0
1994 8 1 16 0 0 0 0 0 0
1994 9 1 16 0 0 0 0 0 0
1994 1 2 16 0 0 0 0 0 0
1994 2 2 16 0 0 0 0 0 0
1994 3 2 16 0 0 0 0 0 0
1994 4 2 16 0 0 0 0 0 0
1994 5 2 16 0 0 0 0 0 0
1994 6 2 16 0 0 0 0 0 0
1994 7 2 16 0 0 0 0 0 0
1994 8 2 16 0 0 0 0 0 0
1994 9 2 16 0 0 0 0 0 0
1994 1 1 17 0 0 0 0 0 0
1994 2 1 17 0 0 0 0 0 0
1994 3 1 17 0 0 0 0 0 0
1994 4 1 17 0 0 0 0 0 0
1994 5 1 17 0 0 0 0 0 0
1994 6 1 17 0 0 0 0 0 0
1994 7 1 17 0 0 0 0 0 0
1994 8 1 17 0 0 0 0 0 0
1994 9 1 17 0 0 0 0 0 0
1994 1 2 17 0 0 0 0 0 0
1994 2 2 17 0 0 0 0 0 0
1994 3 2 17 0 0 0 0 0 0
1994 4 2 17 0 0 0 0 0 0
1994 5 2 17 0 0 0 0 0 0
1994 6 2 17 0 0 0 0 0 0
1994 7 2 17 0 0 0 0 0 0
1994 8 2 17 0 0 0 0 0 0
1994 9 2 17 0 0 0 0 0 0
1994 1 1 18 0 0 0 0 0 0
1994 2 1 18 0 0 0 0 0 0
1994 3 1 18 0 0 0 0 0 0
1994 4 1 18 0 0 0 0 0 0
1994 5 1 18 0 0 0 0 0 0
1994 6 1 18 0 0 0 0 0 0
1994 7 1 18 0 0 0 0 0 0
1994 8 1 18 0 0 0 0 0 0
1994 9 1 18 0 0 0 0 0 0
1994 1 2 18 0 0 0 0 0 0
1994 2 2 18 0 0 0 0 0 0
1994 3 2 18 0 0 0 0 0 0
1994 4 2 18 0 0 0 0 0 0
1994 5 2 18 0 0 0 0 0 0
1994 6 2 18 0 0 0 0 0 0
1994 7 2 18 0 0 0 0 0 0
1994 8 2 18 0 0 0 0 0 0
1994 9 2 18 0 0 0 0 0 0
1994 1 1 19 0 0 0 0 0 0
1994 2 1 19 0 0 0 0 0 0
1994 3 1 19 0 0 0 0 0 0
1994 4 1 19 0 0 0 0 0 0
1994 5 1 19 0 0 0 0 0 0
1994 6 1 19 0 0 0 0 0 0
1994 7 1 19 0 0 0 0 0 0
1994 8 1 19 0 0 0 0 0 0
1994 9 1 19 0 0 0 0 0 0
1994 1 2 19 0 0 0 0 0 0
1994 2 2 19 0 0 0 0 0 0
1994 3 2 19 0 0 0 0 0 0
1994 4 2 19 0 0 0 0 0 0
1994 5 2 19 0 0 0 0 0 0
1994 6 2 19 0 0 0 0 0 0
1994 7 2 19 0 0 0 0 0 0
1994 8 2 19 0 0 0 0 0 0
1994 9 2 19 0 0 0 0 0 0
1994 1 1 20 0 0 0 0 0 0
1994 2 1 20 0 0 0 0 0 0
1994 3 1 20 0 0 0 0 0 0
1994 4 1 20 0 0 0 0 0 0
1994 5 1 20 0 0 0 0 0 0
1994 6 1 20 0 0 0 0 0 0
1994 7 1 20 0 0 0 0 0 0
1994 8 1 20 0 0 0 0 0 0
1994 9 1 20 0 0 0 0 0 0
1994 1 2 20 0 0 0 0 0 0
1994 2 2 20 0 0 0 0 0 0
1994 3 2 20 0 0 0 0 0 0
1994 4 2 20 0 0 0 0 0 0
1994 5 2 20 0 0 0 0 0 0
1994 6 2 20 0 0 0 0 0 0
1994 7 2 20 0 0 0 0 0 0
1994 8 2 20 0 0 0 0 0 0
1994 9 2 20 0 0 0 0 0 0
1994 1 1 21 0 0 0.75 0 0 0
1994 2 1 21 0 0 0.75 0 0 0
1994 3 1 21 0 0 0.75 0 0 0
1994 4 1 21 0 0 0.75 0 0 0
1994 5 1 21 0 0 0.75 0 0 0
1994 6 1 21 0 0 0.75 0 0 0
1994 7 1 21 0 0 0.75 0 0 0
1994 8 1 21 0 0 0.75 0 0 0
1994 9 1 21 0 0 0.75 0 0 0
1994 1 2 21 0 0 0.75 1 0 0
1994 2 2 21 0 0 0.75 0 0 0
1994 3 2 21 0 0 0.75 0 0 0
1994 4 2 21 0 0 0.75 0 0 0
1994 5 2 21 0 0 0.75 0 0 0
1994 6 2 21 0 0 0.75 0 0 0
1994 7 2 21 0 0 0.75 0 0 0
1994 8 2 21 0 0 0.75 0 0 0
1994 9 2 21 0 0 0.75 0 0 0
1994 1 1 22 0 0 0 0 0 0
1994 2 1 22 0 0 0 0 0 0
1994 3 1 22 0 0 0 0 0 0
1994 4 1 22 0 0 0 0 0 0
1994 5 1 22 0 0 0 0 0 0
1994 6 1 22 0 0 0 0 0 0
1994 7 1 22 0 0 0 0 0 0
1994 8 1 22 0 0 0 0 0 0
1994 9 1 22 0 0 0 0 0 0
1994 1 2 22 0 0 0 0 0 0
1994 2 2 22 0 0 0 0 0 0
1994 3 2 22 0 0 0 0 0 0
1994 4 2 22 0 0 0 0 0 0
1994 5 2 22 0 0 0 0 0 0
1994 6 2 22 0 0 0 0 0 0
1994 7 2 22 0 0 0 0 0 0
1994 8 2 22 0 0 0 0 0 0
1994 9 2 22 0 0 0 0 0 0
1994 1 1 23 0 0 0 0 0 0
1994 2 1 23 0 0 0 0 0 0
1994 3 1 23 0 0 0 0 0 0
1994 4 1 23 0 0 0 0 0 0
1994 5 1 23 0 0 0 0 0 0
1994 6 1 23 0 0 0 0 0 0
1994 7 1 23 0 0 0 0 0 0
1994 8 1 23 0 0 0 0 0 0
1994 9 1 23 0 0 0 0 0 0
1994 1 2 23 0 0 0 0 0 0
1994 2 2 23 0 0 0 0 0 0
1994 3 2 23 0 0 0 0 0 0
1994 4 2 23 0 0 0 0 0 0
1994 5 2 23 0 0 0 0 0 0
1994 6 2 23 0 0 0 0 0 0
1994 7 2 23 0 0 0 0 0 0
1994 8 2 23 0 0 0 0 0 0
1994 9 2 23 0 0 0 0 0 0
1994 1 1 24 0 0 0 0 0 0
1994 2 1 24 0 0 0 0 0 0
1994 3 1 24 0 0 0 0 0 0
1994 4 1 24 0 0 0 0 0 0
1994 5 1 24 0 0 0 0 0 0
1994 6 1 24 0 0 0 0 0 0
1994 7 1 24 0 0 0 0 0 0
1994 8 1 24 0 0 0 0 0 0
1994 9 1 24 0 0 0 0 0 0
1994 1 2 24 0 2.73695e-05 0 0 1 0
1994 2 2 24 0 0 0 0 0 0
1994 3 2 24 0 0 0 0 0 0
1994 4 2 24 0 0 0 0 0 0
1994 5 2 24 0 0 0 0 0 0
1994 6 2 24 0 0 0 0 0 0
1994 7 2 24 0 0 0 0 0 0
1994 8 2 24 0 0 0 0 0 0
1994 9 2 24 0 0 0 0 0 0
1994 1 1 25 0 0 0 0 0 0
1994 2 1 25 0 0 0 0 0 0
1994 3 1 25 0 0 0 0 0 0
1994 4 1 25 0 0 0 0 0 0
1994 5 1 25 0 0 0 0 0 0
1994 6 1 25 0 0 0 0 0 0
1994 7 1 25 0 0 0 0 0 0
1994 8 1 25 0 0 0 0 0 0
1994 9 1 25 0 0 0 0 0 0
1994 1 2 25 0 0 0 0 0 0
1994 2 2 25 0 0 0 0 0 0
1994 3 2 25 0 0 0 0 0 0
1994 4 2 25 0 0 0 0 0 0
1994 5 2 25 0 0 0 0 0 0
1994 6 2 25 0 0 0 0 0 0
1994 7 2 25 0 0 0 0 0 0
1994 8 2 25 0 0 0 0 0 0
1994 9 2 25 0 0 0 0 0 0
1994 1 1 26 0 0 0 0 0 0
1994 2 1 26 0 0 0 0 0 0
1994 3 1 26 0 0 0 0 0 0
1994 4 1 26 0 0 0 0 0 0
1994 5 1 26 0 0 0 0 0 0
1994 6 1 26 0 0 0 0 0 0
1994 7 1 26 0 0 0 0 0 0
1994 8 1 26 0 0 0 0 0 0
1994 9 1 26 0 0 0 0 0 0
1994 1 2 26 0 0 0 0 0 0
1994 2 2 26 0 0 0 0 0 0
1994 3 2 26 0 0 0 0 0 0
1994 4 2 26 0 0 0 0 0 0
1994 5 2 26 0 0 0 0 0 0
1994 6 2 26 0 0 0 0 0 0
1994 7 2 26 0 0 0 0 0 0
1994 8 2 26 0 0 0 0 0 0
1994 9 2 26 0 0 0 0 0 0
1994 1 1 27 0 0 0.2 1 0 0
1994 2 1 27 0 0 0.2 0 0 0
1994 3 1 27 0 0 0.2 0 0 0
1994 4 1 27 0 0 0.2 0 0 0
1994 5 1 27 0 0 0.2 0 0 0
1994 6 1 27 0 0 0.2 0 0 0
1994 7 1 27 0 0 0.2 0 0 0
1994 8 1 27 0 0 0.2 0 0 0
1994 9 1 27 0 0 0.2 0 0 0
1994 1 2 27 0.421997 5.4739e-05 0.2 1 2 0
1994 2 2 27 0 0 0.2 0 0 0
1994 3 2 27 0 0 0.2 1 0 0
1994 4 2 27 0 0 0.2 0 0 0
1994 5 2 27 0 0 0.2 0 0 0
1994 6 2 27 0 0 0.2 0 0 0
1994 7 2 27 0 0 0.2 0 0 0
1994 8 2 27 0 0 0.2 0 0 0
1994 9 2 27 0 0 0.2 0 0 0
1994 1 1 28 0 0 0.2 1 0 0
1994 2 1 28 0 0 0.2 0 0 0
1994 3 1 28 0 0 0.2 0 0 0
1994 4 1 28 0 0 0.2 0 0 0
1994 5 1 28 0 0 0.2 0 0 0
1994 6 1 28 0 0 0.2 0 0 0
1994 7 1 28 0 0 0.2 0 0 0
1994 8 1 28 0 0 0.2 0 0 0
1994 9 1 28 0 0 0.2 0 0 0
1994 1 2 28 0 0 0.2 0 0 0
1994 2 2 28 0 0 0.2 0 0 0
1994 3 2 28 0 0 0.2 0 0 0
1994 4 2 28 0 0 0.2 0 0 0
1994 5 2 28 0 0 0.2 0 0 0
1994 6 2 28 0 0 0.2 0 0 0
1994 7 2 28 0 0 0.2 0 0 0
1994 8 2 28 0 0 0.2 0 0 0
1994 9 2 28 0 0 0.2 0 0 0
1994 1 1 29 0 2.73695e-05 0 0 1 0
1994 2 1 29 0 0 0 0 0 0
1994 3 1 29 0 0 0 0 0 0
1994 4 1 29 0 0 0 0 0 0
1994 5 1 29 0 0 0 0 0 0
1994 6 1 29 0 0 0 0 0 0
1994 7 1 29 0 0 0 0 0 0
1994 8 1 29 0 0 0 0 0 0
1994 9 1 29 0 0 0 0 0 0
1994 1 2 29 0 5.4739e-05 0 0 2 0
1994 2 2 29 0 0 0 0 0 0
1994 3 2 29 0 0 0 0 0 0
1994 4 2 29 0 0 0 0 0 0
1994 5 2 29 0 0 0 0 0 0
1994 6 2 29 0 0 0 0 0 0
1994 7 2 29 0 0 0 0 0 0
1994 8 2 29 0 0 0 0 0 0
1994 9 2 29 0 0 0 0 0 0
1994 1 1 30 0.632996 8.21085e-05 0.26 3 3 0
1994 2 1 30 0 0 0.3 0 0 0
1994 3 1 30 0 0 0.3 0 0 0
1994 4 1 30 0 0 0.3 0 0 0
1994 5 1 30 0 0 0.3 0 0 0
1994 6 1 30 0 0 0.3 0 0 0
1994 7 1 30 0 0 0.3 0 0 0
1994 8 1 30 0 0 0.3 0 0 0
1994 9 1 30 0 0 0.3 0 0 0
1994 1 2 30 0.843994 0.000109478 0.24 2 4 0
1994 2 2 30 0 0 0.26 0 0 0
1994 3 2 30 0 0 0.26 0 0 0
1994 4 2 30 0 0 0.26 0 0 0
1994 5 2 30 0 0 0.26 0 0 0
1994 6 2 30 0 0 0.26 0 0 0
1994 7 2 30 0 0 0.26 0 0 0
1994 8 2 30 0 0 0.26 0 0 0
1994 9 2 30 0 0 0.26 0 0 0
1994 1 1 31 2.53198 0.000328434 0.465 4 12 0
1994 2 1 31 0 0 0.775 0 0 0
1994 3 1 31 0 0 0.775 0 0 0
1994 4 1 31 0 0 0.775 0 0 0
1994 5 1 31 0 0 0.775 0 0 0
1994 6 1 31 0 0 0.775 0 0 0
1994 7 1 31 0 0 1.5 1 0 0
1994 8 1 31 0 0 0.775 0 0 0
1994 9 1 31 0 0 0.775 0 0 0
1994 1 2 31 1.26599 0.000164217 0.313333 6 6 0
1994 2 2 31 0 0 0.324 0 0 0
1994 3 2 31 0 0 0.324 0 0 0
1994 4 2 31 0 0 0.324 0 0 0
1994 5 2 31 0 0 0.324 0 0 0
1994 6 2 31 0 0 0.324 0 0 0
1994 7 2 31 0 0 0.324 0 0 0
1994 8 2 31 0 0 0.324 0 0 0
1994 9 2 31 0 0 0.324 0 0 0
1994 1 1 32 1.37149 0.000177902 0.247143 7 6.5 0
1994 2 1 32 0 0 0.33 0 0 0
1994 3 1 32 0 0 0.33 0 0 0
1994 4 1 32 0 0 0.33 0 0 0
1994 5 1 32 0 0 0.33 0 0 0
1994 6 1 32 0 0 0.33 0 0 0
1994 7 1 32 0 0 0.33 0 0 0
1994 8 1 32 0 0 0.33 0 0 0
1994 9 1 32 0 0 0.33 0 0 0
1994 1 2 32 1.79349 0.000232641 0.297 10 8.5 0
1994 2 2 32 0 0 0.6275 0 0 0
1994 3 2 32 0 0 0.6275 0 0 0
1994 4 2 32 0 0 0.85 1 0 0
1994 5 2 32 0 0 0.6275 0 0 0
1994 6 2 32 0 0 0.6275 0 0 0
1994 7 2 32 0 0 1.94 1 0 0
1994 8 2 32 0 0 0.6275 0 0 0
1994 9 2 32 0 0 0.6275 0 0 0
1994 1 1 33 2.84848 0.000369488 0.4 12 13.5 0
1994 2 1 33 0 0 0.687273 0 0 0
1994 3 1 33 0 0 0.687273 0 0 0
1994 4 1 33 0 0 0.687273 0 0 0
1994 5 1 33 0 0 0.687273 0 0 0
1994 6 1 33 0 0 0.687273 0 0 0
1994 7 1 33 0 0 1.765 2 0 0
1994 8 1 33 0 0 0.687273 0 0 0
1994 9 1 33 0 0 0.687273 0 0 0
1994 1 2 33 2.42648 0.000314749 0.353333 9 11.5 0
1994 2 2 33 0 0 1.16111 0 0 0
1994 3 2 33 0 0 1.65 1 0 0
1994 4 2 33 0 0 3.195 2 0 0
1994 5 2 33 0 0 1.16111 0 0 0
1994 6 2 33 0 0 1.16111 0 0 0
1994 7 2 33 0 0 1.16111 0 0 0
1994 8 2 33 0 0 1.16111 0 0 0
1994 9 2 33 0 0 1.16111 0 0 0
1994 1 1 34 2.63748 0.000342119 0.322222 9 12.5 0
1994 2 1 34 0 0 0.354 0 0 0
1994 3 1 34 0 0 0.354 0 0 0
1994 4 1 34 0 0 0.354 0 0 0
1994 5 1 34 0 0 0.354 0 0 0
1994 6 1 34 0 0 0.354 0 0 0
1994 7 1 34 0 0 0.354 0 0 0
1994 8 1 34 0 0 0.354 0 0 0
1994 9 1 34 0 0 0.354 0 0 0
1994 1 2 34 2.42648 0.000314749 0.433333 15 11.5 0
1994 2 2 34 0 0 0.488182 0 0 0
1994 3 2 34 4.24002 0.0175439 0.488182 0 1 0
1994 4 2 34 0 0 0.488182 0 0 0
1994 5 2 34 0 0 0.488182 0 0 0
1994 6 2 34 0 0 0.488182 0 0 0
1994 7 2 34 0 0 0.488182 0 0 0
1994 8 2 34 0 0 0.488182 0 0 0
1994 9 2 34 0 0 0.488182 0 0 0
1994 1 1 35 5.06397 0.000656868 0.419231 13 24 0
1994 2 1 35 0 0 0.439091 0 0 0
1994 3 1 35 0 0 0.439091 0 0 0
1994 4 1 35 0 0 0.439091 0 0 0
1994 5 1 35 0 0 0.439091 0 0 0
1994 6 1 35 0 0 0.439091 0 0 0
1994 7 1 35 0 0 0.439091 0 0 0
1994 8 1 35 0 0 0.439091 0 0 0
1994 9 1 35 0 0 0.439091 0 0 0
1994 1 2 35 3.37598 0.000437912 0.485333 15 16 0
1994 2 2 35 0 0 0.512308 0 0 0
1994 3 2 35 0 0 0.512308 0 0 0
1994 4 2 35 0 0 0.512308 0 0 0
1994 5 2 35 0 0 0.512308 0 0 0
1994 6 2 35 0 0 0.512308 0 0 0
1994 7 2 35 0 0 0.512308 0 0 0
1994 8 2 35 0 0 0.512308 0 0 0
1994 9 2 35 0 0 0.512308 0 0 0
1994 1 1 36 5.80246 0.000752662 0.557368 19 27.5 0
1994 2 1 36 0 0 0.5575 0 0 0
1994 3 1 36 0 0 0.536667 3 0 0
1994 4 1 36 0 0 0.51 1 0 0
1994 5 1 36 0 0 0.5575 0 0 0
1994 6 1 36 0 0 0.5575 0 0 0
1994 7 1 36 0 0 0.5575 0 0 0
1994 8 1 36 0 0 0.5575 0 0 0
1994 9 1 36 0 0 0.5575 0 0 0
1994 1 2 36 5.16947 0.000670553 0.4575 16 24.5 0
1994 2 2 36 0 0 0.546111 0 0 0
1994 3 2 36 0 0 0.63 1 0 0
1994 4 2 36 0 0 0.546111 0 0 0
1994 5 2 36 0 0 0.546111 0 0 0
1994 6 2 36 0 0 0.546111 0 0 0
1994 7 2 36 0 0 0.86 4 0 0
1994 8 2 36 0 0 0.546111 0 0 0
1994 9 2 36 0 0 0.546111 0 0 0
1994 1 1 37 7.49045 0.000971618 0.505 16 35.5 0
1994 2 1 37 0 0 0.85 1 0 0
1994 3 1 37 0 0 0.72 1 0 0
1994 4 1 37 0 0 0.551111 0 0 0
1994 5 1 37 0 0 0.551111 0 0 0
1994 6 1 37 0 0 0.551111 0 0 0
1994 7 1 37 0 0 0.61 1 0 0
1994 8 1 37 0 0 0.551111 0 0 0
1994 9 1 37 0 0 0.551111 0 0 0
1994 1 2 37 7.49045 0.000971618 0.619048 21 35.5 0
1994 2 2 37 0 0 0.658333 0 0 0
1994 3 2 37 0 0 0.6 1 0 0
1994 4 2 37 0 0 0.66 2 0 0
1994 5 2 37 0 0 0.658333 0 0 0
1994 6 2 37 0 0 0.658333 0 0 0
1994 7 2 37 0 0 1.22 1 0 0
1994 8 2 37 0 0 0.658333 0 0 0
1994 9 2 37 0 0 0.658333 0 0 0
1994 1 1 38 7.91245 0.00102636 0.595625 16 37.5 0
1994 2 1 38 0 0 0.724091 0 0 0
1994 3 1 38 0 0 0.616667 3 0 0
1994 4 1 38 0.106993 6.04376e-05 1.03667 3 0.5 0
1994 5 1 38 0 0 0.724091 0 0 0
1994 6 1 38 0 0 0.724091 0 0 0
1994 7 1 38 0 0 0.926667 3 0 0
1994 8 1 38 0 0 0.724091 0 0 0
1994 9 1 38 0 0 0.724091 0 0 0
1994 1 2 38 6.85745 0.000889509 0.628077 26 32.5 0
1994 2 2 38 0 0 0.708846 0 0 0
1994 3 2 38 0 0 0.708846 0 0 0
1994 4 2 38 0.106993 6.04376e-05 0.55 2 0.5 0
1994 5 2 38 0 0 0.708846 0 0 0
1994 6 2 38 0 0 0.708846 0 0 0
1994 7 2 38 0 0 2.34 1 0 0
1994 8 2 38 0 0 0.708846 0 0 0
1994 9 2 38 0 0 0.708846 0 0 0
1994 1 1 39 8.33444 0.0010811 0.696875 32 39.5 0
1994 2 1 39 0 0 0.9 1 0 0
1994 3 1 39 0 0 0.754054 0 0 0
1994 4 1 39 0.213986 0.000120875 0.81 1 1 0
1994 5 1 39 0 0 0.754054 0 0 0
1994 6 1 39 0 0 0.754054 0 0 0
1994 7 1 39 0.32601 0.000129887 1.29667 3 2 0
1994 8 1 39 0 0 0.754054 0 0 0
1994 9 1 39 0 0 0.754054 0 0 0
1994 1 2 39 7.70145 0.000998987 0.703913 23 36.5 0
1994 2 2 39 0 0 0.794828 0 0 0
1994 3 2 39 0 0 0.75 1 0 0
1994 4 2 39 0.213986 0.000120875 0.92 1 1 0
1994 5 2 39 0 0 0.794828 0 0 0
1994 6 2 39 0 0 0.794828 0 0 0
1994 7 2 39 0 0 1.2975 4 0 0
1994 8 2 39 0 0 0.794828 0 0 0
1994 9 2 39 0 0 0.794828 0 0 0
1994 1 1 40 7.17395 0.000930564 0.769565 23 34 0
1994 2 1 40 19.5665 0.03125 0.847333 0 2 0
1994 3 1 40 0 0 0.766667 3 0 0
1994 4 1 40 0.213986 0.000120875 1.57333 3 1 0
1994 5 1 40 0 0 0.847333 0 0 0
1994 6 1 40 0 0 0.847333 0 0 0
1994 7 1 40 0 0 0.7 1 0 0
1994 8 1 40 0 0 0.847333 0 0 0
1994 9 1 40 0 0 0.847333 0 0 0
1994 1 2 40 8.01795 0.00104004 0.816667 15 38 1
1994 2 2 40 29.3497 0.046875 1.02963 0 3 0
1994 3 2 40 0 0 0.85 2 0 0
1994 4 2 40 0 0 1.27143 7 0 0
1994 5 2 40 0 0 1.02963 0 0 0
1994 6 2 40 0 0 1.02963 0 0 0
1994 7 2 40 0 0 1.65 3 0 0
1994 8 2 40 0 0 1.02963 0 0 0
1994 9 2 40 0 0 1.02963 0 0 0
1994 1 1 41 7.17395 0.000930564 0.787647 17 34 0
1994 2 1 41 9.78325 0.015625 0.867576 0 1 0
1994 3 1 41 0 0 0.95 4 0 0
1994 4 1 41 0 0 0.93625 8 0 0
1994 5 1 41 0 0 0.867576 0 0 0
1994 6 1 41 0.895124 0.0131579 0.867576 0 0.5 0
1994 7 1 41 0.163005 6.49435e-05 0.9875 4 1 0
1994 8 1 41 0 0 0.867576 0 0 0
1994 9 1 41 0 0 0.867576 0 0 0
1994 1 2 41 6.96295 0.000903194 0.787407 27 33 0
1994 2 2 41 9.78325 0.015625 0.75 1 1 0
1994 3 2 41 0 0 0.792857 7 0 0
1994 4 2 41 0.213986 0.000120875 0.91 11 1 0
1994 5 2 41 0 0 0.815 0 0 0
1994 6 2 41 0.895124 0.0131579 0.815 0 0.5 0
1994 7 2 41 0 0 0.775 2 0 0
1994 8 2 41 0 0 0.815 0 0 0
1994 9 2 41 0 0 0.815 0 0 0
1994 1 1 42 10.9719 0.00142321 0.890556 36 52 0
1994 2 1 42 0 0 1 2 0 0
1994 3 1 42 0 0 0.825 4 0 0
1994 4 1 42 0.213986 0.000120875 0.871429 7 1 0
1994 5 1 42 0 0 0.912931 0 0 0
1994 6 1 42 0 0 0.912931 0 0 0
1994 7 1 42 0.244507 9.74152e-05 1.12 7 1.5 0
1994 8 1 42 0 0 0.912931 0 0 0
1994 9 1 42 0 0 0.825 2 0 0
1994 1 2 42 9.91693 0.00128637 0.864828 29 47 0
1994 2 2 42 0 0 0.911364 0 0 0
1994 3 2 42 0 0 1.025 4 0 0
1994 4 2 42 0.427973 0.00024175 0.931429 7 2 0
1994 5 2 42 0 0 0.911364 0 0 0
1994 6 2 42 0 0 0.911364 0 0 0
1994 7 2 42 0.733522 0.000292246 1.1 4 4.5 0
1994 8 2 42 0 0 0.911364 0 0 0
1994 9 2 42 0 0 0.911364 0 0 0
1994 1 1 43 8.96744 0.0011632 0.933947 38 42.5 0
1994 2 1 43 0 0 1.15 1 0 0
1994 3 1 43 0 0 1.01462 13 0 0
1994 4 1 43 1.6049 0.000906564 0.99 13 7.5 0
1994 5 1 43 0 0 0.88 1 0 0
1994 6 1 43 0.895124 0.0131579 0.988 0 0.5 0
1994 7 1 43 1.05953 0.000422133 1.15778 9 6.5 0
1994 8 1 43 0 0 0.988 0 0 0
1994 9 1 43 0 0 0.92 1 0 0
1994 1 2 43 7.06845 0.000916879 1.05342 38 33.5 0
1994 2 2 43 9.78325 0.015625 1.1075 0 1 0
1994 3 2 43 4.24002 0.0175439 0.866667 3 1 0
1994 4 2 43 1.39091 0.000785688 1.286 10 6.5 0
1994 5 2 43 0 0 1.1075 0 0 0
1994 6 2 43 0.895124 0.0131579 1.9 1 0.5 0
1994 7 2 43 0.733522 0.000292246 1.149 10 4.5 0
1994 8 2 43 0 0 1.1075 0 0 0
1994 9 2 43 0.153417 0.000986193 0.94 3 1 0
1994 1 1 44 11.8159 0.00153269 0.988333 24 56 0
1994 2 1 44 0 0 1.1125 4 0 0
1994 3 1 44 0 0 1.06071 14 0 0
1994 4 1 44 0.855945 0.000483501 1.04071 14 4 0
1994 5 1 44 0 0 1.06667 0 0 0
1994 6 1 44 0.895124 0.0131579 1.06667 0 0.5 0
1994 7 1 44 0.733522 0.000292246 1.1775 16 4.5 0
1994 8 1 44 0 0 1.06667 0 0 0
1994 9 1 44 0.230125 0.00147929 1.12833 6 1.5 0
1994 1 2 44 10.7609 0.00139585 1.03641 39 51 1
1994 2 2 44 0 0 1.01667 3 0 0
1994 3 2 44 0 0 1.12125 8 0 0
1994 4 2 44 0 0 1.21 9 0 1
1994 5 2 44 0 0 1.10947 0 0 0
1994 6 2 44 0.895124 0.0131579 1.10947 0 0.5 0
1994 7 2 44 0.733522 0.000292246 1.17833 12 4.5 0
1994 8 2 44 0 0 1.10947 0 0 0
1994 9 2 44 0.230125 0.00147929 1.37 5 1.5 0
1994 1 1 45 16.6689 0.00216219 1.10681 47 79 0
1994 2 1 45 0 0 1.23333 3 0 0
1994 3 1 45 0 0 1.1 18 0 0
1994 4 1 45 1.6049 0.000906564 1.27667 9 7.5 0
1994 5 1 45 0 0 1 1 0 0
1994 6 1 45 0.895124 0.0131579 1.18604 0 0.5 0
1994 7 1 45 0.32601 0.000129887 1.3855 20 2 0
1994 8 1 45 0 0 1.18604 0 0 0
1994 9 1 45 0.153417 0.000986193 1.35667 3 1 0
1994 1 2 45 11.3939 0.00147795 1.08675 40 54 2
1994 2 2 45 0 0 1.10833 6 0 0
1994 3 2 45 0 0 1.17 10 0 0
1994 4 2 45 1.39091 0.000785688 1.15 14 6.5 0
1994 5 2 45 0 0 1.12731 0 0 0
1994 6 2 45 0.895124 0.0131579 1.28 1 0.5 0
1994 7 2 45 0.978029 0.000389661 1.181 20 6 0
1994 8 2 45 0 0 1.12731 0 0 0
1994 9 2 45 0.306833 0.00197239 1.01 2 2 0
1994 1 1 46 20.4669 0.00265484 1.24679 56 97 4
1994 2 1 46 0 0 1.4875 4 0 0
1994 3 1 46 0 0 1.17077 13 0 0
1994 4 1 46 2.13986 0.00120875 1.16 11 10 1
1994 5 1 46 0 0 1.30156 0 0 0
1994 6 1 46 0 0 1.02 1 0 0
1994 7 1 46 1.14103 0.000454604 1.5063 27 7 0
1994 8 1 46 0 0 1.30156 0 0 0
1994 9 1 46 0.46025 0.00295858 1.335 10 3 0
1994 1 2 46 14.1369 0.00183376 1.16732 41 67 0
1994 2 2 46 9.78325 0.015625 1.19743 0 1 0
1994 3 2 46 0 0 1.21636 22 0 0
1994 4 2 46 1.4979 0.000846126 1.33154 13 7 0
1994 5 2 46 0 0 1.19743 0 0 0
1994 6 2 46 0 0 1.19743 0 0 0
1994 7 2 46 1.14103 0.000454604 1.16871 31 7 0
1994 8 2 46 0 0 1.19743 0 0 0
1994 9 2 46 0.46025 0.00295858 1.19167 6 3 0
1994 1 1 47 25.5308 0.00331171 1.27044 68 121 3
1994 2 1 47 9.78325 0.015625 1.725 2 1 0
1994 3 1 47 4.24002 0.0175439 1.25882 17 1 0
1994 4 1 47 2.35385 0.00132963 1.39 22 11 0
1994 5 1 47 0 0 1.315 0 0 0
1994 6 1 47 1.79025 0.0263158 1.43 1 1 0
1994 7 1 47 3.01559 0.00120145 1.32689 45 18.5 0
1994 8 1 47 0 0 1.315 0 0 0
1994 9 1 47 0.613667 0.00394477 1.488 5 4 0
1994 1 2 47 24.2648 0.00314749 1.21784 51 115 2
1994 2 2 47 19.5665 0.03125 1.68 5 2 0
1994 3 2 47 0 0 1.26786 14 0 0
1994 4 2 47 3.85175 0.00217575 1.32296 27 18 1
1994 5 2 47 0 0 1.31 1 0 0
1994 6 2 47 1.79025 0.0263158 1.28692 0 1 0
1994 7 2 47 2.36357 0.000941681 1.32211 38 14.5 0
1994 8 2 47 0 0 1.28692 0 0 0
1994 9 2 47 0.46025 0.00295858 1.236 10 3 0
1994 1 1 48 34.7093 0.00450229 1.3332 97 164.5 2
1994 2 1 48 48.9162 0.078125 1.48333 3 5 0
1994 3 1 48 2.12001 0.00877193 1.28615 13 0.5 0
1994 4 1 48 4.92169 0.00278013 1.37054 37 23 0
1994 5 1 48 0 0 1.38448 0 0 0
1994 6 1 48 0.895124 0.0131579 1.17 1 0.5 0
1994 7 1 48 4.56414 0.00181842 1.51716 67 28 0
1994 8 1 48 0 0 1.38448 0 0 0
1994 9 1 48 1.07392 0.00690335 1.23333 15 7 0
1994 1 2 48 27.5353 0.00357172 1.34919 62 130.5 1
1994 2 2 48 0 0 1.925 2 0 0
1994 3 2 48 2.12001 0.00877193 1.32682 22 0.5 0
1994 4 2 48 3.63777 0.00205488 1.41893 28 17 1
1994 5 2 48 0 0 1.20333 3 0 0
1994 6 2 48 0.895124 0.0131579 1.375 2 0.5 0
1994 7 2 48 4.23813 0.00168853 1.40212 66 26 0
1994 8 2 48 0 0 1.37696 0 0 0
1994 9 2 48 1.07392 0.00690335 1.28571 7 7 0
1994 1 1 49 43.6767 0.00566549 1.42079 114 207 2
1994 2 1 49 0 0 1.55 1 0 0
1994 3 1 49 6.36002 0.0263158 1.43273 22 1.5 0
1994 4 1 49 7.16854 0.00404932 1.49732 41 33.5 0
1994 5 1 49 0 0 1.4125 4 0 0
1994 6 1 49 2.68537 0.0394737 1.37571 7 1.5 0
1994 7 1 49 6.6017 0.00263021 1.44844 77 40.5 0
1994 8 1 49 0 0 1.43978 0 0 0
1994 9 1 49 2.91492 0.0187377 1.42 13 19 0
1994 1 2 49 35.0258 0.00454334 1.44191 89 166 2
1994 2 2 49 9.78325 0.015625 1.9 4 1 0
1994 3 2 49 2.12001 0.00877193 1.33857 14 0.5 0
1994 4 2 49 9.52239 0.00537894 1.4893 43 44.5 3
1994 5 2 49 0 0 1.33 1 0 0
1994 6 2 49 2.68537 0.0394737 1.572 5 1.5 0
1994 7 2 49 7.25372 0.00288999 1.44846 78 44.5 0
1994 8 2 49 0 0 1.45563 0 0 0
1994 9 2 49 1.22733 0.00788955 1.43182 11 8 0
1994 1 1 50 49.2682 0.00639078 1.54562 128 233.5 2
1994 2 1 50 29.3497 0.046875 1.75833 6 3 0
1994 3 1 50 0 0 1.48455 11 0 0
1994 4 1 50 9.30841 0.00525807 1.59897 58 43.5 1
1994 5 1 50 0 0 1.55429 0 0 0
1994 6 1 50 1.79025 0.0263158 1.56333 6 1 0
1994 7 1 50 7.49822 0.0029874 1.52488 129 46 0
1994 8 1 50 0 0 1.55429 0 0 0
1994 9 1 50 2.07113 0.0133136 1.70417 12 13.5 0
1994 1 2 50 33.8653 0.00439281 1.46667 108 160.5 6
1994 2 2 50 9.78325 0.015625 1.43 5 1 0
1994 3 2 50 0 0 1.46286 21 0 0
1994 4 2 50 9.09442 0.00513719 1.59186 70 42.5 2
1994 5 2 50 0 0 1.56 1 0 0
1994 6 2 50 1.79025 0.0263158 1.59333 3 1 0
1994 7 2 50 9.9433 0.00396155 1.55592 120 61 0
1994 8 2 50 0 0 1.52794 0 0 0
1994 9 2 50 1.45746 0.00936884 1.56545 11 9.5 0
1994 1 1 51 64.4601 0.00836139 1.66095 158 305.5 7
1994 2 1 51 9.78325 0.015625 2.05 6 1 0
1994 3 1 51 2.12001 0.00877193 1.54917 12 0.5 0
1994 4 1 51 10.9133 0.00616463 1.72611 95 51 2
1994 5 1 51 0 0 1.51143 7 0 0
1994 6 1 51 0.895124 0.0131579 1.95556 9 0.5 0
1994 7 1 51 11.4103 0.00454604 1.62275 153 70 0
1994 8 1 51 0 0 1.66205 0 0 0
1994 9 1 51 2.07113 0.0133136 1.55522 23 13.5 0
1994 1 2 51 42.9382 0.0055697 1.5697 133 203.5 7
1994 2 2 51 19.5665 0.03125 1.4 1 2 0
1994 3 2 51 2.12001 0.00877193 1.56437 16 0.5 0
1994 4 2 51 10.2713 0.00580201 1.66615 78 48 0
1994 5 2 51 0 0 1.46 2 0 0
1994 6 2 51 0.895124 0.0131579 1.61182 11 0.5 0
1994 7 2 51 13.0404 0.00519548 1.62268 112 80 1
1994 8 2 51 0 0 1.60779 0 0 0
1994 9 2 51 2.37796 0.015286 1.60783 23 15.5 0
1994 1 1 52 71.634 0.00929195 1.74549 164 339.5 8
1994 2 1 52 0 0 2 2 0 0
1994 3 1 52 4.24002 0.0175439 1.61208 24 1 0
1994 4 1 52 12.6252 0.00713163 1.74299 97 59 2
1994 5 1 52 0 0 1.58 2 0 0
1994 6 1 52 1.79025 0.0263158 1.65 11 1 0
1994 7 1 52 13.7739 0.00548773 1.74984 182 84.5 2
1994 8 1 52 0 0 1.73398 0 0 0
1994 9 1 52 3.52858 0.0226824 1.66757 37 23 0
1994 1 2 52 58.7631 0.00762241 1.69025 162 278.5 4
1994 2 2 52 9.78325 0.015625 1.76667 3 1 0
1994 3 2 52 4.24002 0.0175439 1.7725 12 1 0
1994 4 2 52 11.9832 0.00676901 1.74886 79 56 0
1994 5 2 52 0 0 1.63 4 0 0
1994 6 2 52 1.79025 0.0263158 1.65 6 1 0
1994 7 2 52 14.0999 0.00561761 1.68632 144 86.5 0
1994 8 2 52 0 0 1.69773 0 0 0
1994 9 2 52 3.83542 0.0246548 1.62903 31 25 0
1994 1 1 53 83.239 0.0107973 1.83609 179 394.5 12
1994 2 1 53 9.78325 0.015625 1.9375 4 1 0
1994 3 1 53 0 0 1.71 8 0 0
1994 4 1 53 16.7979 0.0094887 1.8239 118 78.5 5
1994 5 1 53 0 0 1.69 1 0 0
1994 6 1 53 3.58049 0.0526316 1.85727 11 2 0
1994 7 1 53 18.5011 0.00737109 1.81474 251 113.5 1
1994 8 1 53 0 0 1.715 2 0 0
1994 9 1 53 5.523 0.035503 1.74349 43 36 0
1994 1 2 53 63.6161 0.00825191 1.81294 160 301.5 8
1994 2 2 53 19.5665 0.03125 1.825 4 2 0
1994 3 2 53 4.24002 0.0175439 1.822 10 1 0
1994 4 2 53 17.4399 0.00985132 1.889 100 81.5 2
1994 5 2 53 0 0 2.14 1 0 0
1994 6 2 53 3.58049 0.0526316 1.78833 12 2 0
1994 7 2 53 18.5011 0.00737109 1.82904 240 113.5 1
1994 8 2 53 0 0 1.83291 0 0 0
1994 9 2 53 3.06833 0.0197239 1.80194 36 20 0
1994 1 1 54 93.3669 0.012111 1.88505 202 442.5 9
1994 2 1 54 19.5665 0.03125 2 2 2 0
1994 3 1 54 0 0 1.83571 7 0 0
1994 4 1 54 18.2958 0.0103348 2.0276 154 85.5 4
1994 5 1 54 0 0 1.97667 3 0 0
1994 6 1 54 2.68537 0.0394737 1.99 10 1.5 0
1994 7 1 54 18.0935 0.00720873 1.91967 301 111 1
1994 8 1 54 0 0 1.92709 0 0 0
1994 9 1 54 3.98883 0.025641 1.83019 52 26 0
1994 1 2 54 67.8361 0.0087993 1.87421 152 321.5 9
1994 2 2 54 29.3497 0.046875 2.075 4 3 0
1994 3 2 54 4.24002 0.0175439 1.862 10 1 0
1994 4 2 54 17.0119 0.00960957 2.00096 125 79.5 2
1994 5 2 54 0 0 2.12667 3 0 0
1994 6 2 54 2.68537 0.0394737 1.84619 21 1.5 0
1994 7 2 54 20.0496 0.00798805 1.91962 260 123 0
1994 8 2 54 0 0 1.73 1 0 0
1994 9 2 54 2.7615 0.0177515 1.72676 37 18 0
1994 1 1 55 106.027 0.0137532 2.01147 211 502.5 11
1994 2 1 55 9.78325 0.015625 2.01667 3 1 0
1994 3 1 55 0 0 2.08667 9 0 0
1994 4 1 55 21.1846 0.0119666 2.23956 158 99 3
1994 5 1 55 0 0 1.875 2 0 0
1994 6 1 55 1.79025 0.0263158 2.03444 18 1 0
1994 7 1 55 23.7987 0.00948175 2.03072 345 146 3
1994 8 1 55 0 0 2.0597 0 0 0
1994 9 1 55 5.67642 0.0364892 1.90698 53 37 0
1994 1 2 55 74.799 0.00970249 2.01639 158 354.5 10
1994 2 2 55 9.78325 0.015625 2.9 4 1 0
1994 3 2 55 0 0 1.97647 17 0 0
1994 4 2 55 15.193 0.00858213 2.06893 169 71 1
1994 5 2 55 0 0 2.05 4 0 0
1994 6 2 55 1.79025 0.0263158 1.8455 20 1 0
1994 7 2 55 20.0496 0.00798805 2.00143 287 123 0
1994 8 2 55 0 0 2.01445 0 0 0
1994 9 2 55 3.52858 0.0226824 1.89042 48 23 0
1994 1 1 56 116.999 0.0151764 2.16706 238 554.5 14
1994 2 1 56 48.9162 0.078125 2.23333 6 5 0
1994 3 1 56 8.48003 0.0350877 1.98063 16 2 0
1994 4 1 56 26.8553 0.0151698 2.23206 180 125.5 3
1994 5 1 56 0 0 2.15 2 0 0
1994 6 1 56 2.68537 0.0394737 2.07333 12 1.5 0
1994 7 1 56 25.9178 0.010326 2.11596 394 159 3
1994 8 1 56 0 0 1.63 1 0 0
1994 9 1 56 5.523 0.035503 2.00348 66 36 0
1994 1 2 56 80.285 0.0104141 2.18201 159 380.5 12
1994 2 2 56 19.5665 0.03125 2.5 1 2 0
1994 3 2 56 8.48003 0.0350877 2.13692 13 2 0
1994 4 2 56 16.37 0.00924695 2.15533 169 76.5 0
1994 5 2 56 0 0 1.73333 3 0 0
1994 6 2 56 2.68537 0.0394737 2.22667 15 1.5 0
1994 7 2 56 27.5478 0.0109755 2.15239 368 169 2
1994 8 2 56 0 0 2.15182 0 0 0
1994 9 2 56 3.98883 0.025641 2.01463 41 26 0
1994 1 1 57 130.608 0.0169417 2.30801 216 619 6
1994 2 1 57 19.5665 0.03125 2.16 5 2 0
1994 3 1 57 4.24002 0.0175439 2.50333 15 1 0
1994 4 1 57 31.777 0.01795 2.33912 194 148.5 3
1994 5 1 57 0 0 1.995 8 0 0
1994 6 1 57 1.79025 0.0263158 2.28654 26 1 0
1994 7 1 57 35.8611 0.0142876 2.22152 473 220 5
1994 8 1 57 0 0 1.89 2 0 0
1994 9 1 57 2.99163 0.0192308 2.14231 65 19.5 0
1994 1 2 57 100.435 0.0130279 2.26626 190 476 7
1994 2 2 57 9.78325 0.015625 2.78333 3 1 0
1994 3 2 57 0 0 2.30563 16 0 0
1994 4 2 57 23.8595 0.0134776 2.3055 211 111.5 1
1994 5 2 57 0 0 2.12 4 0 0
1994 6 2 57 1.79025 0.0263158 2.2352 25 1 0
1994 7 2 57 31.786 0.012664 2.21643 392 195 3
1994 8 2 57 0 0 2.24255 0 0 0
1994 9 2 57 3.91213 0.0251479 2.04458 48 25.5 0
1994 1 1 58 152.341 0.0197608 2.45313 243 722 9
1994 2 1 58 19.5665 0.03125 2.25 3 2 0
1994 3 1 58 0 0 2.3624 25 0 0
1994 4 1 58 28.5672 0.0161368 2.50584 238 133.5 5
1994 5 1 58 0 0 2.3 1 0 0
1994 6 1 58 0.895124 0.0131579 2.235 18 0.5 0
1994 7 1 58 39.3657 0.0156839 2.31061 559 241.5 6
1994 8 1 58 0 0 1.94 1 0 0
1994 9 1 58 3.75871 0.0241617 2.15333 72 24.5 0
1994 1 2 58 104.233 0.0135205 2.28831 172 494 6
1994 2 2 58 19.5665 0.03125 2.72 5 2 0
1994 3 2 58 0 0 2.38063 16 0 0
1994 4 2 58 32.6329 0.0184335 2.42865 192 152.5 5
1994 5 2 58 0 0 2.22667 3 0 0
1994 6 2 58 0.895124 0.0131579 2.3775 24 0.5 0
1994 7 2 58 42.7888 0.0170477 2.37421 416 262.5 3
1994 8 2 58 0 0 2.3 1 0 0
1994 9 2 58 5.75313 0.0369822 2.24511 47 37.5 0
1994 1 1 59 164.157 0.0212935 2.57415 248 778 13
1994 2 1 59 0 0 2.85 5 0 0
1994 3 1 59 4.24002 0.0175439 2.42174 23 1 0
1994 4 1 59 31.67 0.0178895 2.56123 228 148 6
1994 5 1 59 0 0 2.31 4 0 0
1994 6 1 59 1.79025 0.0263158 2.33733 30 1 0
1994 7 1 59 50.8575 0.0202624 2.44044 572 312 4
1994 8 1 59 0 0 2.04 1 0 0
1994 9 1 59 3.91213 0.0251479 2.40535 71 25.5 0
1994 1 2 59 117.737 0.0152722 2.50343 172 558 7
1994 2 2 59 19.5665 0.03125 2.96429 7 2 0
1994 3 2 59 0 0 2.4292 25 0 0
1994 4 2 59 35.5217 0.0200653 2.57961 204 166 6
1994 5 2 59 0 0 2.29 6 0 0
1994 6 2 59 1.79025 0.0263158 2.5 20 1 0
1994 7 2 59 45.8044 0.0182491 2.46974 498 281 6
1994 8 2 59 0 0 2.65 1 0 0
1994 9 2 59 3.14504 0.020217 2.36839 62 20.5 0
1994 1 1 60 169.432 0.0219777 2.70651 281 803 18
1994 2 1 60 9.78325 0.015625 2.66 5 1 0
1994 3 1 60 4.24002 0.0175439 2.58944 18 1 0
1994 4 1 60 36.0567 0.0203675 2.7747 249 168.5 2
1994 5 1 60 0 0 2.325 2 0 0
1994 6 1 60 0.895124 0.0131579 2.45667 33 0.5 0
1994 7 1 60 54.5251 0.0217236 2.55516 630 334.5 4
1994 8 1 60 0 0 2.62324 0 0 0
1994 9 1 60 5.06275 0.0325444 2.46069 72 33 0
1994 1 2 60 127.865 0.0165859 2.60481 210 606 12
1994 2 2 60 19.5665 0.03125 2.88333 6 2 0
1994 3 2 60 0 0 2.69615 13 0 0
1994 4 2 60 36.4847 0.0206092 2.67763 236 170.5 2
1994 5 2 60 0 0 2.37333 6 0 0
1994 6 2 60 0.895124 0.0131579 2.5213 23 0.5 0
1994 7 2 60 56.4812 0.0225029 2.58384 567 346.5 3
1994 8 2 60 0 0 2.575 2 0 0
1994 9 2 60 5.82983 0.0374753 2.44047 64 38 0
1994 1 1 61 187.789 0.0243589 2.8422 282 890 13
1994 2 1 61 0 0 3.21 5 0 0
1994 3 1 61 6.36002 0.0263158 2.80786 28 1.5 0
1994 4 1 61 45.9001 0.0259277 2.90664 271 214.5 7
1994 5 1 61 0 0 2.28125 8 0 0
1994 6 1 61 0.895124 0.0131579 2.72818 33 0.5 0
1994 7 1 61 59.4153 0.0236719 2.65562 649 364.5 3
1994 8 1 61 0 0 2.345 2 0 0
1994 9 1 61 3.14504 0.020217 2.5685 80 20.5 0
1994 1 2 61 143.69 0.0186386 2.86252 226 681 11
1994 2 2 61 0 0 3.11667 3 0 0
1994 3 2 61 6.36002 0.0263158 2.83207 29 1.5 0
1994 4 2 61 43.1183 0.0243563 2.86423 239 201.5 4
1994 5 2 61 0 0 2.52818 11 0 0
1994 6 2 61 0.895124 0.0131579 2.65911 45 0.5 0
1994 7 2 61 57.6222 0.0229575 2.74129 605 353.5 1
1994 8 2 61 0 0 2.5 2 0 0
1994 9 2 61 3.45188 0.0221893 2.49176 51 22.5 0
1994 1 1 62 191.165 0.0247968 2.94107 327 906 16
1994 2 1 62 9.78325 0.015625 3.05 7 1 0
1994 3 1 62 0 0 2.92647 34 0 0
1994 4 1 62 45.9001 0.0259277 2.99546 315 214.5 6
1994 5 1 62 0 0 2.59 4 0 0
1994 6 1 62 0 0 2.75022 45 0 0
1994 7 1 62 66.017 0.0263021 2.84277 621 405 5
1994 8 1 62 0 0 2.3 1 0 0
1994 9 1 62 2.30125 0.0147929 2.6936 89 15 0
1994 1 2 62 145.167 0.0188302 2.96612 224 688 11
1994 2 2 62 0 0 3.03 5 0 0
1994 3 2 62 0 0 2.88846 26 0 0
1994 4 2 62 46.1141 0.0260486 2.99373 284 215.5 7
1994 5 2 62 0 0 2.674 5 0 0
1994 6 2 62 0 0 2.80625 32 0 0
1994 7 2 62 63.8979 0.0254579 2.85303 621 392 1
1994 8 2 62 0 0 2.45 3 0 0
1994 9 2 62 2.91492 0.0187377 2.64162 74 19 0
1994 1 1 63 200.132 0.02596 3.09365 299 948.5 16
1994 2 1 63 0 0 3.86 5 0 0
1994 3 1 63 8.48003 0.0350877 2.99029 35 2 0
1994 4 1 63 43.9742 0.0248398 3.17765 307 205.5 6
1994 5 1 63 0 0 2.635 6 0 0
1994 6 1 63 1.79025 0.0263158 2.77408 49 1 0
1994 7 1 63 62.6754 0.0249708 2.91721 730 384.5 4
1994 8 1 63 0 0 2.96 1 0 0
1994 9 1 63 2.30125 0.0147929 2.82247 77 15 0
1994 1 2 63 156.244 0.0202671 3.18281 231 740.5 12
1994 2 2 63 9.78325 0.015625 3.525 2 1 0
1994 3 2 63 4.24002 0.0175439 3.145 22 1 0
1994 4 2 63 44.4022 0.0250816 3.07793 275 207.5 5
1994 5 2 63 0 0 2.67556 9 0 0
1994 6 2 63 1.79025 0.0263158 2.99523 44 1 0
1994 7 2 63 68.5436 0.0273087 2.98918 661 420.5 6
1994 8 2 63 0 0 2.65 2 0 0
1994 9 2 63 2.91492 0.0187377 2.85218 78 19 0
1994 1 1 64 204.458 0.0265211 3.31709 289 969 10
1994 2 1 64 9.78325 0.015625 4.1375 4 1 0
1994 3 1 64 12.72 0.0526316 3.33515 33 3 0
1994 4 1 64 38.0896 0.0215158 3.29321 293 178 5
1994 5 1 64 0 0 2.99 4 0 0
1994 6 1 64 0 0 3.00673 55 0 0
1994 7 1 64 65.7725 0.0262047 3.06519 734 403.5 8
1994 8 1 64 0 0 2.04 1 0 0
1994 9 1 64 1.45746 0.00936884 2.99816 87 9.5 0
1994 1 2 64 168.166 0.0218135 3.25726 237 797 12
1994 2 2 64 9.78325 0.015625 3.625 2 1 0
1994 3 2 64 4.24002 0.0175439 3.15692 26 1 0
1994 4 2 64 46.649 0.0263508 3.25924 341 218 6
1994 5 2 64 0 0 3.02667 6 0 0
1994 6 2 64 0 0 2.9774 50 0 0
1994 7 2 64 67.5655 0.0269191 3.14824 712 414.5 7
1994 8 2 64 0 0 3.17383 0 0 0
1994 9 2 64 2.99163 0.0192308 2.95638 94 19.5 0
1994 1 1 65 182.514 0.0236746 3.39488 291 865 16
1994 2 1 65 0 0 4.03333 6 0 0
1994 3 1 65 4.24002 0.0175439 3.32286 28 1 0
1994 4 1 65 37.2336 0.0210323 3.50653 331 174 4
1994 5 1 65 0 0 2.76143 7 0 0
1994 6 1 65 0 0 3.23444 63 0 0
1994 7 1 65 66.5875 0.0265294 3.20063 709 408.5 5
1994 8 1 65 0 0 3.4 2 0 0
1994 9 1 65 2.45467 0.0157791 3.06918 61 16 0
1994 1 2 65 168.377 0.0218409 3.52263 247 798 8
1994 2 2 65 0 0 3.5 3 0 0
1994 3 2 65 4.24002 0.0175439 3.48 29 1 0
1994 4 2 65 44.0812 0.0249003 3.39964 333 206 5
1994 5 2 65 0 0 2.904 10 0 0
1994 6 2 65 0 0 3.24904 52 0 0
1994 7 2 65 66.9135 0.0266593 3.27475 682 410.5 6
1994 8 2 65 0 0 3.27 2 0 0
1994 9 2 65 3.06833 0.0197239 3.165 80 20 0
1994 1 1 66 168.904 0.0219093 3.55934 287 800.5 14
1994 2 1 66 0 0 4.25 3 0 0
1994 3 1 66 4.24002 0.0175439 3.52143 28 1 0
1994 4 1 66 34.7728 0.0196422 3.61867 323 162.5 3
1994 5 1 66 0 0 3.426 5 0 0
1994 6 1 66 0.895124 0.0131579 3.2364 50 0.5 0
1994 7 1 66 67.647 0.0269516 3.35775 658 415 4
1994 8 1 66 0 0 3.45636 0 0 0
1994 9 1 66 2.07113 0.0133136 3.30721 68 13.5 0
1994 1 2 66 157.299 0.020404 3.66658 231 745.5 13
1994 2 2 66 0 0 4.6625 4 0 0
1994 3 2 66 4.24002 0.0175439 3.55833 24 1 0
1994 4 2 66 45.4721 0.025686 3.55879 346 212.5 5
1994 5 2 66 0 0 3.04 7 0 0
1994 6 2 66 0.895124 0.0131579 3.30467 60 0.5 0
1994 7 2 66 74.9822 0.029874 3.4164 695 460 3
1994 8 2 66 0 0 3.3 1 0 0
1994 9 2 66 2.83821 0.0182446 3.21477 65 18.5 0
1994 1 1 67 162.047 0.0210198 3.75898 275 768 23
1994 2 1 67 0 0 4.56167 6 0 0
1994 3 1 67 4.24002 0.0175439 3.74321 28 1 0
1994 4 1 67 39.5875 0.0223619 3.75885 279 185 1
1994 5 1 67 0 0 3.59143 7 0 0
1994 6 1 67 0 0 3.48194 62 0 0
1994 7 1 67 55.1772 0.0219834 3.46702 644 338.5 6
1994 8 1 67 0 0 3.335 2 0 0
1994 9 1 67 0.997208 0.00641026 3.36443 70 6.5 0
1994 1 2 67 153.607 0.019925 3.73783 253 728 14
1994 2 2 67 0 0 4.33 5 0 0
1994 3 2 67 12.72 0.0526316 3.5456 25 3 0
1994 4 2 67 42.3693 0.0239333 3.74432 333 198 3
1994 5 2 67 0 0 3.16889 9 0 0
1994 6 2 67 0 0 3.3668 75 0 0
1994 7 2 67 72.7817 0.0289973 3.5699 705 446.5 3
1994 8 2 67 0 0 3.3325 4 0 0
1994 9 2 67 1.45746 0.00936884 3.31586 70 9.5 0
1994 1 1 68 159.093 0.0206366 3.8272 254 754 15
1994 2 1 68 0 0 3.74054 0 0 0
1994 3 1 68 4.24002 0.0175439 3.90333 12 1 0
1994 4 1 68 34.2378 0.01934 3.94324 275 160 3
1994 5 1 68 0 0 3.53222 9 0 0
1994 6 1 68 0 0 3.648 60 0 0
1994 7 1 68 58.7633 0.0234121 3.63498 600 360.5 7
1994 8 1 68 0 0 3.52 2 0 0
1994 9 1 68 1.38075 0.00887574 3.57373 51 9 0
1994 1 2 68 136.938 0.0177628 3.96636 239 649 12
1994 2 2 68 0 0 4.86667 3 0 0
1994 3 2 68 0 0 3.83625 16 0 0
1994 4 2 68 38.3036 0.0216366 3.85067 371 179 2
1994 5 2 68 0 0 3.4875 8 0 0
1994 6 2 68 0 0 3.55857 42 0 0
1994 7 2 68 68.5436 0.0273087 3.7476 680 420.5 3
1994 8 2 68 0 0 3.705 4 0 0
1994 9 2 68 1.53417 0.00986193 3.54015 68 10 0
1994 1 1 69 149.915 0.019446 4.03573 246 710.5 15
1994 2 1 69 9.78325 0.015625 4.8 1 1 0
1994 3 1 69 0 0 3.979 10 0 0
1994 4 1 69 29.8511 0.0168621 4.02378 249 139.5 3
1994 5 1 69 0 0 3.5675 4 0 0
1994 6 1 69 0 0 3.788 40 0 0
1994 7 1 69 53.3026 0.0212365 3.76492 559 327 7
1994 8 1 69 0 0 3.87858 0 0 0
1994 9 1 69 1.61088 0.010355 3.70128 47 10.5 0
1994 1 2 69 138.31 0.0179407 4.15412 255 655.5 11
1994 2 2 69 9.78325 0.015625 4.6 3 1 0
1994 3 2 69 0 0 3.818 25 0 0
1994 4 2 69 34.1308 0.0192796 4.0711 326 159.5 4
1994 5 2 69 0 0 3.762 5 0 0
1994 6 2 69 0 0 3.83175 40 0 0
1994 7 2 69 62.7569 0.0250032 3.87883 650 385 5
1994 8 2 69 0 0 3.44333 3 0 0
1994 9 2 69 1.61088 0.010355 3.72922 64 10.5 0
1994 1 1 70 130.819 0.0169691 4.28726 234 620 14
1994 2 1 70 9.78325 0.015625 4.7 2 1 0
1994 3 1 70 4.24002 0.0175439 4.22273 11 1 0
1994 4 1 70 25.4644 0.0143841 4.31781 242 119 5
1994 5 1 70 0 0 3.785 6 0 0
1994 6 1 70 0.895124 0.0131579 3.95116 43 0.5 0
1994 7 1 70 48.494 0.0193207 3.97662 524 297.5 7
1994 8 1 70 0 0 3.93 2 0 0
1994 9 1 70 1.22733 0.00788955 4.03795 44 8 0
1994 1 2 70 117.737 0.0152722 4.40439 244 558 11
1994 2 2 70 0 0 4.95 2 0 0
1994 3 2 70 4.24002 0.0175439 4.17625 16 1 0
1994 4 2 70 32.5259 0.018373 4.24988 322 152 4
1994 5 2 70 0 0 3.56833 6 0 0
1994 6 2 70 0.895124 0.0131579 3.945 52 0.5 0
1994 7 2 70 59.5783 0.0237368 4.07071 630 365.5 4
1994 8 2 70 0 0 3.67 1 0 0
1994 9 2 70 1.07392 0.00690335 3.93043 70 7 0
1994 1 1 71 111.829 0.0145058 4.44922 230 530 17
1994 2 1 71 0 0 4.28431 0 0 0
1994 3 1 71 8.48003 0.0350877 4.52273 11 2 0
1994 4 1 71 22.0406 0.0124501 4.42725 222 103 1
1994 5 1 71 0 0 3.83 5 0 0
1994 6 1 71 0 0 4.14294 34 0 0
1994 7 1 71 40.6697 0.0162034 4.16201 442 249.5 4
1994 8 1 71 0 0 4 2 0 0
1994 9 1 71 0.383542 0.00246548 3.99838 37 2.5 0
1994 1 2 71 113.306 0.0146974 4.54118 237 537 16
1994 2 2 71 0 0 5.3 1 0 0
1994 3 2 71 4.24002 0.0175439 4.50941 17 1 0
1994 4 2 71 33.5959 0.0189774 4.47201 288 157 2
1994 5 2 71 0 0 3.73333 9 0 0
1994 6 2 71 0 0 4.22809 47 0 0
1994 7 2 71 50.939 0.0202948 4.2706 582 312.5 6
1994 8 2 71 0 0 4 1 0 0
1994 9 2 71 1.15063 0.00739645 4.17122 49 7.5 0
1994 1 1 72 102.123 0.0132468 4.64014 218 484 16
1994 2 1 72 0 0 4.43644 0 0 0
1994 3 1 72 4.24002 0.0175439 4.52438 16 1 0
1994 4 1 72 19.5798 0.0110601 4.54494 164 91.5 1
1994 5 1 72 0 0 3.84 4 0 0
1994 6 1 72 0 0 4.17969 32 0 0
1994 7 1 72 39.9362 0.0159112 4.30789 384 245 3
1994 8 1 72 0 0 4.43644 0 0 0
1994 9 1 72 1.45746 0.00936884 4.31903 31 9.5 0
1994 1 2 72 104.655 0.0135753 4.83394 231 496 14
1994 2 2 72 0 0 4.9 1 0 0
1994 3 2 72 0 0 4.47 13 0 0
1994 4 2 72 31.349 0.0177082 4.66771 236 146.5 3
1994 5 2 72 0 0 4.1575 8 0 0
1994 6 2 72 0 0 4.34292 48 0 0
1994 7 2 72 47.1084 0.0187687 4.47325 493 289 2
1994 8 2 72 0 0 4.02333 3 0 0
1994 9 2 72 1.76429 0.0113412 4.19349 43 11.5 0
1994 1 1 73 79.7575 0.0103457 4.84544 195 378 17
1994 2 1 73 0 0 4.60972 0 0 0
1994 3 1 73 8.48003 0.0350877 4.91364 11 2 0
1994 4 1 73 12.7322 0.00719207 4.69719 139 59.5 3
1994 5 1 73 0 0 4.95 2 0 0
1994 6 1 73 0 0 4.3896 25 0 0
1994 7 1 73 29.9114 0.0119171 4.46289 315 183.5 2
1994 8 1 73 0 0 4.60972 0 0 0
1994 9 1 73 1.15063 0.00739645 4.30412 34 7.5 0
1994 1 2 73 93.0504 0.01207 5.01065 215 441 13
1994 2 2 73 0 0 4.74144 0 0 0
1994 3 2 73 8.48003 0.0350877 4.64143 7 2 0
1994 4 2 73 25.3574 0.0143237 4.78634 227 118.5 6
1994 5 2 73 0 0 4.31 8 0 0
1994 6 2 73 0 0 4.61129 31 0 0
1994 7 2 73 47.1899 0.0188011 4.64012 493 289.5 3
1994 8 2 73 0 0 4.39 2 0 0
1994 9 2 73 0.383542 0.00246548 4.45281 32 2.5 0
1994 1 1 74 73.6385 0.00955196 5.11652 181 349 20
1994 2 1 74 0 0 4.87713 0 0 0
1994 3 1 74 0 0 4.16 3 0 0
1994 4 1 74 17.9749 0.0101535 5.04192 130 84 4
1994 5 1 74 0 0 4.445 4 0 0
1994 6 1 74 0 0 4.52938 16 0 0
1994 7 1 74 22.9837 0.00915703 4.68767 262 141 2
1994 8 1 74 0 0 4.87713 0 0 0
1994 9 1 74 1.15063 0.00739645 4.64083 24 7.5 0
1994 1 2 74 80.6015 0.0104552 5.19263 198 382 10
1994 2 2 74 0 0 4.93744 0 0 0
1994 3 2 74 0 0 4.96125 8 0 0
1994 4 2 74 27.6042 0.0155929 5.0045 191 129 2
1994 5 2 74 0 0 4.596 10 0 0
1994 6 2 74 0 0 4.53971 34 0 0
1994 7 2 74 38.6322 0.0153916 4.87261 383 237 2
1994 8 2 74 0 0 4.93744 0 0 0
1994 9 2 74 0.997208 0.00641026 4.41929 42 6.5 0
1994 1 1 75 70.0515 0.00908668 5.25613 155 332 17
1994 2 1 75 0 0 5.02682 0 0 0
1994 3 1 75 6.36002 0.0263158 4.99167 6 1.5 0
1994 4 1 75 12.6252 0.00713163 5.16933 105 59 2
1994 5 1 75 0 0 4.69 1 0 0
1994 6 1 75 0 0 4.65412 17 0 0
1994 7 1 75 22.0057 0.00876737 4.86162 247 135 3
1994 8 1 75 0 0 5.02682 0 0 0
1994 9 1 75 0.767083 0.00493097 4.89864 22 5 0
1994 1 2 75 75.3265 0.00977092 5.47137 160 357 12
1994 2 2 75 0 0 5.13185 0 0 0
1994 3 2 75 2.12001 0.00877193 4.93333 9 0.5 0
1994 4 2 75 19.9007 0.0112414 5.18159 170 93 2
1994 5 2 75 0 0 4.96857 7 0 0
1994 6 2 75 0 0 4.81406 32 0 0
1994 7 2 75 30.9709 0.0123393 5.03572 367 190 7
1994 8 2 75 0 0 4.4 1 0 0
1994 9 2 75 1.22733 0.00788955 4.64357 28 8 0
1994 1 1 76 54.1211 0.00702028 5.4007 128 256.5 12
1994 2 1 76 0 0 5.20558 0 0 0
1994 3 1 76 4.24002 0.0175439 5.17857 7 1 0
1994 4 1 76 11.1273 0.00628551 5.35439 82 52 1
1994 5 1 76 0 0 4.7 6 0 0
1994 6 1 76 0 0 5.282 10 0 0
1994 7 1 76 14.1814 0.00565008 5.0403 202 87 2
1994 8 1 76 0 0 5.20558 0 0 0
1994 9 1 76 0.613667 0.00394477 5.12706 17 4 0
1994 1 2 76 68.891 0.00893615 5.67157 166 326.5 17
1994 2 2 76 0 0 5.38339 0 0 0
1994 3 2 76 0 0 5.30833 6 0 0
1994 4 2 76 18.1888 0.0102744 5.38466 133 85 0
1994 5 2 76 0 0 5.005 2 0 0
1994 6 2 76 0 0 5.04688 16 0 0
1994 7 2 76 30.4819 0.0121444 5.25664 301 187 2
1994 8 2 76 0 0 6.7 1 0 0
1994 9 2 76 1.07392 0.00690335 5.25257 35 7 0
1994 1 1 77 42.4107 0.00550127 5.74453 137 201 11
1994 2 1 77 0 0 5.46633 0 0 0
1994 3 1 77 0 0 6.11 5 0 0
1994 4 1 77 9.20141 0.00519763 5.58982 56 43 2
1994 5 1 77 0 0 4.975 2 0 0
1994 6 1 77 0 0 4.86778 18 0 0
1994 7 1 77 10.1063 0.0040265 5.26137 153 62 1
1994 8 1 77 0 0 5.46633 0 0 0
1994 9 1 77 0.383542 0.00246548 4.953 10 2.5 0
1994 1 2 77 59.5016 0.0077182 6.06985 132 282 13
1994 2 2 77 0 0 6 1 0 0
1994 3 2 77 0 0 5.72 8 0 0
1994 4 2 77 17.1189 0.00967001 5.65569 137 80 1
1994 5 2 77 0 0 4.83714 7 0 0
1994 6 2 77 0 0 5.61889 18 0 0
1994 7 2 77 24.2877 0.00967658 5.46667 285 149 8
1994 8 2 77 0 0 5.62131 0 0 0
1994 9 2 77 0.536958 0.00345168 4.91773 22 3.5 0
1994 1 1 78 41.9887 0.00544653 5.96302 126 199 11
1994 2 1 78 9.78325 0.015625 5.71649 0 1 0
1994 3 1 78 8.48003 0.0350877 6.165 2 2 0
1994 4 1 78 8.34547 0.00471413 5.73833 48 39 0
1994 5 1 78 0 0 4.9 2 0 0
1994 6 1 78 0 0 5.5 12 0 0
1994 7 1 78 10.4323 0.00415638 5.48558 113 64 1
1994 8 1 78 0 0 5.71649 0 0 0
1994 9 1 78 0.690375 0.00443787 5.448 10 4.5 0
1994 1 2 78 50.6397 0.00656868 6.33561 148 240 10
1994 2 2 78 0 0 5.82358 0 0 0
1994 3 2 78 0 0 5.775 6 0 0
1994 4 2 78 13.4811 0.00761513 5.65417 115 63 1
1994 5 2 78 0 0 5.27 6 0 0
1994 6 2 78 0 0 5.54214 14 0 0
1994 7 2 78 18.2565 0.00727367 5.63845 226 112 2
1994 8 2 78 0 0 5.82358 0 0 0
1994 9 2 78 0.383542 0.00246548 5.44 18 2.5 0
1994 1 1 79 40.6172 0.00526863 6.35391 115 192.5 16
1994 2 1 79 0 0 5.975 0 0 0
1994 3 1 79 0 0 5.01667 3 0 0
1994 4 1 79 6.3126 0.00356582 6.00263 38 29.5 1
1994 5 1 79 0 0 4.69 1 0 0
1994 6 1 79 0 0 5.562 5 0 0
1994 7 1 79 9.20978 0.00366931 5.67425 106 56.5 1
1994 8 1 79 0 0 6.22 1 0 0
1994 9 1 79 0.153417 0.000986193 5.22333 9 1 0
1994 1 2 79 45.6812 0.0059255 6.53468 139 216.5 12
1994 2 2 79 0 0 6.03316 0 0 0
1994 3 2 79 0 0 6.2 3 0 0
1994 4 2 79 12.3042 0.00695032 5.9799 104 57.5 3
1994 5 2 79 0 0 6.025 4 0 0
1994 6 2 79 0 0 5.678 10 0 0
1994 7 2 79 17.36 0.00691648 5.7851 206 106.5 3
1994 8 2 79 0 0 6.03316 0 0 0
1994 9 2 79 0.153417 0.000986193 5.67643 28 1 0
1994 1 1 80 36.1863 0.00469387 6.5832 103 171.5 13
1994 2 1 80 0 0 6.33229 0 0 0
1994 3 1 80 0 0 6.33229 0 0 0
1994 4 1 80 4.06574 0.00229663 6.58333 36 19 0
1994 5 1 80 0 0 6.33229 0 0 0
1994 6 1 80 0 0 6.184 5 0 0
1994 7 1 80 4.80864 0.00191583 5.98678 87 29.5 2
1994 8 1 80 0 0 6.33229 0 0 0
1994 9 1 80 0.153417 0.000986193 6.04071 14 1 0
1994 1 2 80 40.4062 0.00524126 6.83492 132 191.5 18
1994 2 2 80 9.78325 0.015625 6.38746 0 1 0
1994 3 2 80 0 0 6.73333 3 0 0
1994 4 2 80 8.55945 0.00483501 6.54084 83 40 1
1994 5 2 80 0 0 5.856 5 0 0
1994 6 2 80 0 0 5.67077 13 0 0
1994 7 2 80 9.53579 0.00379919 6.13049 206 58.5 1
1994 8 2 80 0 0 6.38746 0 0 0
1994 9 2 80 0.46025 0.00295858 5.94722 18 3 0
1994 1 1 81 29.3288 0.00380436 7.00177 96 139 14
1994 2 1 81 0 0 6.63177 0 0 0
1994 3 1 81 4.24002 0.0175439 6.315 4 1 0
1994 4 1 81 5.24267 0.00296144 6.79469 32 24.5 0
1994 5 1 81 0 0 5.175 2 0 0
1994 6 1 81 0 0 5.97 3 0 0
1994 7 1 81 6.43869 0.00256527 5.9364 50 39.5 0
1994 8 1 81 0 0 6.63177 0 0 0
1994 9 1 81 0.306833 0.00197239 6.672 5 2 0
1994 1 2 81 33.3378 0.00432438 7.0569 100 158 15
1994 2 2 81 0 0 6.67109 0 0 0
1994 3 2 81 4.24002 0.0175439 6.085 2 1 0
1994 4 2 81 9.73638 0.00549982 6.65031 65 45.5 0
1994 5 2 81 0 0 5.75 2 0 0
1994 6 2 81 0 0 6.25 9 0 0
1994 7 2 81 10.5138 0.00418886 6.547 160 64.5 5
1994 8 2 81 0 0 6.67109 0 0 0
1994 9 2 81 0.306833 0.00197239 6.1425 20 2 0
1994 1 1 82 28.8013 0.00373594 7.14808 73 136.5 14
1994 2 1 82 0 0 6.86335 0 0 0
1994 3 1 82 0 0 7.1 1 0 0
1994 4 1 82 4.27973 0.0024175 7.09696 23 20 1
1994 5 1 82 0 0 6.86335 0 0 0
1994 6 1 82 0 0 6.624 5 0 0
1994 7 1 82 3.99362 0.00159112 6.38979 47 24.5 2
1994 8 1 82 0 0 6.86335 0 0 0
1994 9 1 82 0.306833 0.00197239 6.37333 6 2 0
1994 1 2 82 30.7003 0.00398226 7.33839 118 145.5 12
1994 2 2 82 0 0 6.93088 0 0 0
1994 3 2 82 0 0 7.4 5 0 0
1994 4 2 82 7.70351 0.0043515 6.85733 45 36 1
1994 5 2 82 0 0 6 2 0 0
1994 6 2 82 0 0 6.33091 11 0 0
1994 7 2 82 8.88377 0.00353942 6.75737 133 54.5 1
1994 8 2 82 0 0 6.93088 0 0 0
1994 9 2 82 0.9205 0.00591716 5.81786 14 6 0
1994 1 1 83 29.4343 0.00381805 7.31047 85 139.5 14
1994 2 1 83 0 0 7.00455 0 0 0
1994 3 1 83 0 0 7.00455 0 0 0
1994 4 1 83 4.06574 0.00229663 6.92 17 19 0
1994 5 1 83 0 0 7.00455 0 0 0
1994 6 1 83 0 0 7.00455 0 0 0
1994 7 1 83 2.52658 0.00100662 6.4425 48 15.5 0
1994 8 1 83 0 0 7.00455 0 0 0
1994 9 1 83 0.230125 0.00147929 7.40667 6 1.5 0
1994 1 2 83 28.3793 0.0036812 7.78292 106 134.5 13
1994 2 2 83 0 0 7.30742 0 0 0
1994 3 2 83 0 0 8 2 0 0
1994 4 2 83 6.84756 0.003868 7.075 52 32 0
1994 5 2 83 0 0 7.30742 0 0 0
1994 6 2 83 0 0 6.90375 8 0 0
1994 7 2 83 8.88377 0.00353942 7.07031 131 54.5 1
1994 8 2 83 0 0 7.30742 0 0 0
1994 9 2 83 0.383542 0.00246548 6.81545 11 2.5 0
1994 1 1 84 20.9944 0.00272327 7.65526 76 99.5 18
1994 2 1 84 0 0 7.35594 0 0 0
1994 3 1 84 0 0 6.3 1 0 0
1994 4 1 84 3.1028 0.00175269 7.045 12 14.5 0
1994 5 1 84 0 0 7.35594 0 0 0
1994 6 1 84 0 0 7.26 4 0 0
1994 7 1 84 1.79305 0.000714378 6.92385 39 11 2
1994 8 1 84 0 0 7.35594 0 0 0
1994 9 1 84 0 0 6.63 1 0 0
1994 1 2 84 27.3243 0.00354435 8.09634 82 129.5 11
1994 2 2 84 0 0 7.43707 0 0 0
1994 3 2 84 4.24002 0.0175439 8.7 1 1 0
1994 4 2 84 7.16854 0.00404932 7.07463 41 33.5 0
1994 5 2 84 0 0 6.58333 3 0 0
1994 6 2 84 0 0 6.73667 6 0 0
1994 7 2 84 4.89015 0.0019483 7.14317 104 30 1
1994 8 2 84 0 0 7.43707 0 0 0
1994 9 2 84 0 0 7.17583 12 0 0
1994 1 1 85 20.4669 0.00265484 8.06718 71 97 13
1994 2 1 85 0 0 7.58203 0 0 0
1994 3 1 85 0 0 7.58203 0 0 0
1994 4 1 85 2.35385 0.00132963 6.50308 13 11 0
1994 5 1 85 0 0 7.58203 0 0 0
1994 6 1 85 0 0 6.2 2 0 0
1994 7 1 85 1.22254 0.000487076 7.12872 39 7.5 1
1994 8 1 85 0 0 7.58203 0 0 0
1994 9 1 85 0.153417 0.000986193 7.59 3 1 0
1994 1 2 85 21.9439 0.00284643 8.25485 101 104 12
1994 2 2 85 0 0 7.76333 0 0 0
1994 3 2 85 0 0 8.775 2 0 0
1994 4 2 85 4.92169 0.00278013 7.51737 38 23 0
1994 5 2 85 0 0 7.52 4 0 0
1994 6 2 85 0 0 6.69818 11 0 0
1994 7 2 85 3.99362 0.00159112 7.45628 86 24.5 2
1994 8 2 85 0 0 7.76333 0 0 0
1994 9 2 85 0.153417 0.000986193 7.30286 7 1 0
1994 1 1 86 19.7284 0.00255905 8.40018 57 93.5 9
1994 2 1 86 0 0 7.95161 0 0 0
1994 3 1 86 0 0 7.95161 0 0 0
1994 4 1 86 3.85175 0.00217575 7.59875 8 18 1
1994 5 1 86 0 0 7.4 1 0 0
1994 6 1 86 0 0 7.95161 0 0 0
1994 7 1 86 1.71155 0.000681907 7.07667 24 10.5 1
1994 8 1 86 0 0 7.95161 0 0 0
1994 9 1 86 0 0 7.55333 3 0 0
1994 1 2 86 25.2143 0.00327066 8.68037 82 119.5 10
1994 2 2 86 0 0 8.12689 0 0 0
1994 3 2 86 0 0 7.8 1 0 0
1994 4 2 86 6.84756 0.003868 8.15297 37 32 1
1994 5 2 86 0 0 7.65 1 0 0
1994 6 2 86 0 0 7.59167 6 0 0
1994 7 2 86 4.31963 0.001721 7.73362 69 26.5 0
1994 8 2 86 0 0 8.12689 0 0 0
1994 9 2 86 0 0 6.95769 13 0 0
1994 1 1 87 16.8799 0.00218956 8.71209 43 80 8
1994 2 1 87 0 0 8.29077 0 0 0
1994 3 1 87 0 0 8.29077 0 0 0
1994 4 1 87 4.17273 0.00235707 7.32091 11 19.5 0
1994 5 1 87 0 0 7.5 2 0 0
1994 6 1 87 0 0 7.35 1 0 0
1994 7 1 87 0.978029 0.000389661 8.05619 21 6 1
1994 8 1 87 0 0 8.29077 0 0 0
1994 9 1 87 0 0 8.29077 0 0 0
1994 1 2 87 20.4669 0.00265484 9.08211 76 97 13
1994 2 2 87 0 0 8.46668 0 0 0
1994 3 2 87 0 0 8.6 2 0 0
1994 4 2 87 6.3126 0.00356582 8.31219 32 29.5 1
1994 5 2 87 0 0 6.53333 3 0 0
1994 6 2 87 0 0 7.295 10 0 0
1994 7 2 87 3.4231 0.00136381 8.24828 64 21 2
1994 8 2 87 0 0 5.71 1 0 0
1994 9 2 87 0 0 7.48625 8 0 0
1994 1 1 88 14.5589 0.0018885 9.10717 53 69 9
1994 2 1 88 0 0 8.7304 0 0 0
1994 3 1 88 0 0 8.4 1 0 0
1994 4 1 88 3.2098 0.00181313 8.842 5 15 1
1994 5 1 88 0 0 8.7304 0 0 0
1994 6 1 88 0 0 7.4 1 0 0
1994 7 1 88 1.46704 0.000584491 7.48143 14 9 1
1994 8 1 88 0 0 8.7304 0 0 0
1994 9 1 88 0 0 7.35 1 0 0
1994 1 2 88 18.9899 0.00246326 9.45307 75 90 13
1994 2 2 88 0 0 8.73528 0 0 0
1994 3 2 88 0 0 9.8 1 0 0
1994 4 2 88 4.92169 0.00278013 8.53389 18 23 0
1994 5 2 88 0 0 8.37 1 0 0
1994 6 2 88 0 0 8.17 4 0 0
1994 7 2 88 3.91212 0.00155864 8.16 69 24 1
1994 8 2 88 0 0 8.73528 0 0 0
1994 9 2 88 0 0 7.61625 8 0 0
1994 1 1 89 14.6644 0.00190218 9.27712 52 69.5 9
1994 2 1 89 0 0 8.90973 0 0 0
1994 3 1 89 8.48003 0.0350877 8.90973 0 2 0
1994 4 1 89 1.06993 0.000604376 8.29 4 5 0
1994 5 1 89 0 0 8.90973 0 0 0
1994 6 1 89 0 0 7.5 1 0 0
1994 7 1 89 1.05953 0.000422133 7.7 14 6.5 1
1994 8 1 89 0 0 8.90973 0 0 0
1994 9 1 89 0.306833 0.00197239 9.77 2 2 0
1994 1 2 89 18.6734 0.0024222 10.1965 63 88.5 9
1994 2 2 89 0 0 9.2269 0 0 0
1994 3 2 89 0 0 9.2269 0 0 0
1994 4 2 89 2.56784 0.0014505 8.47722 18 12 0
1994 5 2 89 0 0 5.51 1 0 0
1994 6 2 89 0 0 10.46 1 0 0
1994 7 2 89 2.52658 0.00100662 8.57283 53 15.5 0
1994 8 2 89 0 0 9.2269 0 0 0
1994 9 2 89 0 0 8.06667 9 0 0
1994 1 1 90 9.70594 0.001259 9.71667 33 46 9
1994 2 1 90 0 0 9.14642 0 0 0
1994 3 1 90 0 0 9.14642 0 0 0
1994 4 1 90 2.35385 0.00132963 9.2075 4 11 0
1994 5 1 90 0 0 9.14642 0 0 0
1994 6 1 90 0 0 8.225 4 0 0
1994 7 1 90 0.733522 0.000292246 7.78 11 4.5 0
1994 8 1 90 0 0 9.14642 0 0 0
1994 9 1 90 0 0 8.8 1 0 0
1994 1 2 90 15.8249 0.00205271 10.3244 70 75 12
1994 2 2 90 0 0 9.53845 0 0 0
1994 3 2 90 0 0 10.5 1 0 0
1994 4 2 90 4.92169 0.00278013 8.845 14 23 1
1994 5 2 90 0 0 10.72 2 0 0
1994 6 2 90 0 0 8.47 1 0 0
1994 7 2 90 2.03756 0.000811794 8.83731 52 12.5 2
1994 8 2 90 0 0 9.53845 0 0 0
1994 9 2 90 0 0 8.15 8 0 0
1994 1 1 91 9.81144 0.00127268 10.1657 30 46.5 7
1994 2 1 91 0 0 9.69111 0 0 0
1994 3 1 91 0 0 9.69111 0 0 0
1994 4 1 91 1.4979 0.000846126 8.2075 4 7 0
1994 5 1 91 0 0 9.15 1 0 0
1994 6 1 91 0 0 10.2 2 0 0
1994 7 1 91 0.570517 0.000227302 9.07 16 3.5 0
1994 8 1 91 0 0 9.69111 0 0 0
1994 9 1 91 0.153417 0.000986193 10.85 1 1 0
1994 1 2 91 13.6094 0.00176533 10.7082 55 64.5 12
1994 2 2 91 0 0 9.91614 0 0 0
1994 3 2 91 0 0 9.91614 0 0 0
1994 4 2 91 3.2098 0.00181313 9.39067 15 15 0
1994 5 2 91 0 0 9.25 2 0 0
1994 6 2 91 0 0 8.57 1 0 0
1994 7 2 91 1.87456 0.00074685 9.38604 48 11.5 0
1994 8 2 91 0 0 9.91614 0 0 0
1994 9 2 91 0.306833 0.00197239 8.65667 6 2 0
1994 1 1 92 7.59595 0.000985303 10.2432 38 36 11
1994 2 1 92 0 0 10.0056 0 0 0
1994 3 1 92 0 0 10.0056 0 0 0
1994 4 1 92 1.71189 0.000967001 11.73 1 8 0
1994 5 1 92 0 0 10.0056 0 0 0
1994 6 1 92 0 0 8.88 1 0 0
1994 7 1 92 0.163005 6.49435e-05 8.90333 9 1 0
1994 8 1 92 0 0 10.0056 0 0 0
1994 9 1 92 0 0 10.3 1 0 0
1994 1 2 92 10.5499 0.00136848 11.0743 42 50 8
1994 2 2 92 0 0 10.1734 0 0 0
1994 3 2 92 0 0 10.1734 0 0 0
1994 4 2 92 2.13986 0.00120875 9.50364 11 10 0
1994 5 2 92 0 0 10.1734 0 0 0
1994 6 2 92 0 0 8.8775 4 0 0
1994 7 2 92 1.63005 0.000649435 9.63091 33 10 0
1994 8 2 92 0 0 10.1734 0 0 0
1994 9 2 92 0.153417 0.000986193 6.48 2 1 0
1994 1 1 93 7.06845 0.000916879 10.5674 27 33.5 7
1994 2 1 93 0 0 10.2116 0 0 0
1994 3 1 93 0 0 10.2116 0 0 0
1994 4 1 93 0.748952 0.000423063 6.99 1 3.5 0
1994 5 1 93 0 0 10.2116 0 0 0
1994 6 1 93 0 0 10.2116 0 0 0
1994 7 1 93 0.407512 0.000162359 9.87467 15 2.5 1
1994 8 1 93 0 0 10.2116 0 0 0
1994 9 1 93 0.153417 0.000986193 8.88 1 1 0
1994 1 2 93 10.2334 0.00132742 11.5455 51 48.5 15
1994 2 2 93 0 0 10.8292 0 0 0
1994 3 2 93 0 0 10.8292 0 0 0
1994 4 2 93 1.81888 0.00102744 9.74 12 8.5 0
1994 5 2 93 0 0 9.6 1 0 0
1994 6 2 93 0 0 9.5 1 0 0
1994 7 2 93 1.22254 0.000487076 10.2119 27 7.5 0
1994 8 2 93 0 0 10.8292 0 0 0
1994 9 2 93 0.153417 0.000986193 9.982 5 1 0
1994 1 1 94 4.53647 0.000588445 10.6538 24 21.5 9
1994 2 1 94 0 0 10.0734 0 0 0
1994 3 1 94 0 0 9 1 0 0
1994 4 1 94 0.962939 0.000543938 10.0734 0 4.5 0
1994 5 1 94 0 0 10.0734 0 0 0
1994 6 1 94 0 0 10.0734 0 0 0
1994 7 1 94 0.32601 0.000129887 8.788 10 2 1
1994 8 1 94 0 0 10.0734 0 0 0
1994 9 1 94 0 0 10.0734 0 0 0
1994 1 2 94 8.96744 0.0011632 11.7495 43 42.5 9
1994 2 2 94 0 0 11.1597 0 0 0
1994 3 2 94 0 0 11.1597 0 0 0
1994 4 2 94 2.46084 0.00139006 11.1822 9 11.5 0
1994 5 2 94 0 0 11.1597 0 0 0
1994 6 2 94 0 0 9.49 1 0 0
1994 7 2 94 0.489015 0.00019483 10.1642 24 3 0
1994 8 2 94 0 0 11.1597 0 0 0
1994 9 2 94 0 0 11.1597 0 0 0
1994 1 1 95 5.59146 0.000725292 11.1361 23 26.5 7
1994 2 1 95 0 0 11.07 0 0 0
1994 3 1 95 0 0 11.07 0 0 0
1994 4 1 95 1.71189 0.000967001 11.07 0 8 0
1994 5 1 95 0 0 11.07 0 0 0
1994 6 1 95 0 0 9.8 1 0 0
1994 7 1 95 0.570517 0.000227302 10.945 2 3.5 0
1994 8 1 95 0 0 11.07 0 0 0
1994 9 1 95 0 0 11.07 0 0 0
1994 1 2 95 7.06845 0.000916879 12.1386 37 33.5 9
1994 2 2 95 0 0 11.2665 0 0 0
1994 3 2 95 0 0 11.2665 0 0 0
1994 4 2 95 2.13986 0.00120875 10.7157 7 10 0
1994 5 2 95 0 0 9.21 2 0 0
1994 6 2 95 0 0 11.2665 0 0 0
1994 7 2 95 0.407512 0.000162359 10.3055 22 2.5 0
1994 8 2 95 0 0 11.2665 0 0 0
1994 9 2 95 0.153417 0.000986193 10.2133 3 1 0
1994 1 1 96 4.53647 0.000588445 11.3673 22 21.5 9
1994 2 1 96 0 0 11.2211 0 0 0
1994 3 1 96 0 0 11.2211 0 0 0
1994 4 1 96 1.71189 0.000967001 11.2211 0 8 0
1994 5 1 96 0 0 11.2211 0 0 0
1994 6 1 96 0 0 11.2211 0 0 0
1994 7 1 96 0.32601 0.000129887 10.7567 3 2 1
1994 8 1 96 0 0 11.2211 0 0 0
1994 9 1 96 0 0 10.31 2 0 0
1994 1 2 96 5.80246 0.000752662 12.4559 32 27.5 9
1994 2 2 96 0 0 11.7376 0 0 0
1994 3 2 96 0 0 11.7376 0 0 0
1994 4 2 96 0.855945 0.000483501 11.1989 9 4 0
1994 5 2 96 0 0 11.7376 0 0 0
1994 6 2 96 0 0 11.7376 0 0 0
1994 7 2 96 0.815024 0.000324717 10.7762 16 5 1
1994 8 2 96 0 0 11.7376 0 0 0
1994 9 2 96 0 0 8.98 1 0 0
1994 1 1 97 4.74747 0.000615814 11.6362 16 22.5 7
1994 2 1 97 0 0 11.6359 0 0 0
1994 3 1 97 0 0 11.6359 0 0 0
1994 4 1 97 0.641959 0.000362625 11.6359 0 3 0
1994 5 1 97 0 0 11.6359 0 0 0
1994 6 1 97 0 0 11.6359 0 0 0
1994 7 1 97 0.407512 0.000162359 11.808 5 2.5 0
1994 8 1 97 0 0 11.6359 0 0 0
1994 9 1 97 0 0 10.77 1 0 0
1994 1 2 97 7.06845 0.000916879 13.047 43 33.5 10
1994 2 2 97 0 0 12.4019 0 0 0
1994 3 2 97 0 0 12.4019 0 0 0
1994 4 2 97 1.06993 0.000604376 11.288 5 5 0
1994 5 2 97 0 0 12.4019 0 0 0
1994 6 2 97 0 0 10.15 1 0 0
1994 7 2 97 0.570517 0.000227302 11.2956 18 3.5 0
1994 8 2 97 0 0 12.4019 0 0 0
1994 9 2 97 0 0 12.4019 0 0 0
1994 1 1 98 1.89899 0.000246326 12.6232 19 9 7
1994 2 1 98 0 0 12.3952 0 0 0
1994 3 1 98 0 0 12.3952 0 0 0
1994 4 1 98 1.06993 0.000604376 10.43 1 5 0
1994 5 1 98 0 0 12.3952 0 0 0
1994 6 1 98 0 0 12.3952 0 0 0
1994 7 1 98 0.163005 6.49435e-05 11.6067 3 1 0
1994 8 1 98 0 0 12.3952 0 0 0
1994 9 1 98 0 0 12.3952 0 0 0
1994 1 2 98 5.06397 0.000656868 13.4104 27 24 6
1994 2 2 98 0 0 12.3612 0 0 0
1994 3 2 98 0 0 12.3612 0 0 0
1994 4 2 98 2.13986 0.00120875 9.49 1 10 0
1994 5 2 98 0 0 12.3612 0 0 0
1994 6 2 98 0 0 11.43 1 0 0
1994 7 2 98 0.489015 0.00019483 10.6715 13 3 0
1994 8 2 98 0 0 12.3612 0 0 0
1994 9 2 98 0.153417 0.000986193 9.8 1 1 0
1994 1 1 99 1.05499 0.000136848 11.5992 12 5 7
1994 2 1 99 0 0 11.3433 0 0 0
1994 3 1 99 0 0 11.3433 0 0 0
1994 4 1 99 1.06993 0.000604376 10.2 1 5 0
1994 5 1 99 0 0 11.3433 0 0 0
1994 6 1 99 0 0 12.76 1 0 0
1994 7 1 99 0 0 10.5075 4 0 0
1994 8 1 99 0 0 11.3433 0 0 0
1994 9 1 99 0 0 11.3433 0 0 0
1994 1 2 99 3.79797 0.000492651 13.5333 30 18 8
1994 2 2 99 0 0 13.3545 0 0 0
1994 3 2 99 0 0 13.3545 0 0 0
1994 4 2 99 0.855945 0.000483501 13.6075 4 4 1
1994 5 2 99 0 0 13.3545 0 0 0
1994 6 2 99 0 0 13.3545 0 0 0
1994 7 2 99 0 0 12.76 5 0 0
1994 8 2 99 0 0 13.3545 0 0 0
1994 9 2 99 0 0 9.95 1 0 0
1994 1 1 100 1.58249 0.000205271 12.8493 15 7.5 5
1994 2 1 100 0 0 12.7622 0 0 0
1994 3 1 100 0 0 12.7622 0 0 0
1994 4 1 100 0.32098 0.000181313 13.1 1 1.5 0
1994 5 1 100 0 0 12.7622 0 0 0
1994 6 1 100 0 0 12.7622 0 0 0
1994 7 1 100 0.244507 9.74152e-05 11.94 2 1.5 0
1994 8 1 100 0 0 12.7622 0 0 0
1994 9 1 100 0 0 12.7622 0 0 0
1994 1 2 100 4.11447 0.000533706 14.1312 26 19.5 9
1994 2 2 100 0 0 13.6041 0 0 0
1994 3 2 100 0 0 13.6041 0 0 0
1994 4 2 100 1.17692 0.000664813 10.2 1 5.5 0
1994 5 2 100 0 0 10.7 1 0 0
1994 6 2 100 0 0 11.84 1 0 0
1994 7 2 100 0.570517 0.000227302 13.0671 7 3.5 0
1994 8 2 100 0 0 13.6041 0 0 0
1994 9 2 100 0.153417 0.000986193 11.73 1 1 0
1994 1 1 101 2.42648 0.000314749 13.7686 7 11.5 0
1994 2 1 101 0 0 13.36 0 0 0
1994 3 1 101 0 0 13.36 0 0 0
1994 4 1 101 0.962939 0.000543938 13.36 0 4.5 0
1994 5 1 101 0 0 13.36 0 0 0
1994 6 1 101 0 0 13.36 0 0 0
1994 7 1 101 0 0 10.5 1 0 0
1994 8 1 101 0 0 13.36 0 0 0
1994 9 1 101 0 0 13.36 0 0 0
1994 1 2 101 3.69248 0.000478967 15.0691 22 17.5 8
1994 2 2 101 0 0 14.2925 0 0 0
1994 3 2 101 0 0 14.2925 0 0 0
1994 4 2 101 0.534966 0.000302188 14.2925 0 2.5 0
1994 5 2 101 0 0 14.2925 0 0 0
1994 6 2 101 0 0 14.2925 0 0 0
1994 7 2 101 0.163005 6.49435e-05 12.584 10 1 0
1994 8 2 101 0 0 14.2925 0 0 0
1994 9 2 101 0 0 14.2925 0 0 0
1994 1 1 102 1.05499 0.000136848 11.775 2 5 1
1994 2 1 102 0 0 11.76 0 0 0
1994 3 1 102 0 0 11.76 0 0 0
1994 4 1 102 0.534966 0.000302188 11.73 1 2.5 0
1994 5 1 102 0 0 11.76 0 0 0
1994 6 1 102 0 0 11.76 0 0 0
1994 7 1 102 0.32601 0.000129887 11.76 0 2 0
1994 8 1 102 0 0 11.76 0 0 0
1994 9 1 102 0 0 11.76 0 0 0
1994 1 2 102 2.53198 0.000328434 14.6223 22 12 8
1994 2 2 102 0 0 14.4433 0 0 0
1994 3 2 102 0 0 14.4433 0 0 0
1994 4 2 102 1.17692 0.000664813 14.35 2 5.5 0
1994 5 2 102 0 0 14.4433 0 0 0
1994 6 2 102 0 0 14.4433 0 0 0
1994 7 2 102 0.489015 0.00019483 13.055 2 3 0
1994 8 2 102 0 0 14.4433 0 0 0
1994 9 2 102 0 0 13.47 1 0 0
1994 1 1 103 1.37149 0.000177902 14.4917 6 6.5 2
1994 2 1 103 0 0 14.0243 0 0 0
1994 3 1 103 0 0 14.0243 0 0 0
1994 4 1 103 0 0 14.0243 0 0 0
1994 5 1 103 0 0 14.0243 0 0 0
1994 6 1 103 0 0 14.0243 0 0 0
1994 7 1 103 0 0 11.22 1 0 0
1994 8 1 103 0 0 14.0243 0 0 0
1994 9 1 103 0 0 14.0243 0 0 0
1994 1 2 103 2.42648 0.000314749 15.8867 15 11.5 6
1994 2 2 103 0 0 15.4547 0 0 0
1994 3 2 103 0 0 15.4547 0 0 0
1994 4 2 103 0.641959 0.000362625 15.4547 0 3 0
1994 5 2 103 0 0 15.4547 0 0 0
1994 6 2 103 0 0 15.4547 0 0 0
1994 7 2 103 0 0 13.835 4 0 0
1994 8 2 103 0 0 15.4547 0 0 0
1994 9 2 103 0.153417 0.000986193 15.4547 0 1 0
1994 1 1 104 1.16049 0.000150532 13.67 1 5.5 0
1994 2 1 104 0 0 13.47 0 0 0
1994 3 1 104 0 0 13.47 0 0 0
1994 4 1 104 0 0 13.47 0 0 0
1994 5 1 104 0 0 13.47 0 0 0
1994 6 1 104 0 0 13.47 0 0 0
1994 7 1 104 0.0815024 3.24717e-05 13.27 1 0.5 0
1994 8 1 104 0 0 13.47 0 0 0
1994 9 1 104 0 0 13.47 0 0 0
1994 1 2 104 3.05948 0.000396858 15.207 10 14.5 2
1994 2 2 104 0 0 14.351 0 0 0
1994 3 2 104 0 0 14.351 0 0 0
1994 4 2 104 0.427973 0.00024175 13.06 1 2 0
1994 5 2 104 0 0 10 1 0 0
1994 6 2 104 0 0 11.43 1 0 0
1994 7 2 104 0.0815024 3.24717e-05 14.3514 7 0.5 0
1994 8 2 104 0 0 14.351 0 0 0
1994 9 2 104 0 0 14.351 0 0 0
1994 1 1 105 1.16049 0.000150532 13.3 1 5.5 1
1994 2 1 105 0 0 12.62 0 0 0
1994 3 1 105 0 0 12.62 0 0 0
1994 4 1 105 0.534966 0.000302188 12.62 0 2.5 0
1994 5 1 105 0 0 12.62 0 0 0
1994 6 1 105 0 0 11.94 1 0 0
1994 7 1 105 0 0 12.62 0 0 0
1994 8 1 105 0 0 12.62 0 0 0
1994 9 1 105 0 0 12.62 0 0 0
1994 1 2 105 2.42648 0.000314749 15.3722 9 11.5 3
1994 2 2 105 0 0 15.2277 0 0 0
1994 3 2 105 0 0 15.2277 0 0 0
1994 4 2 105 0.32098 0.000181313 15.2277 0 1.5 0
1994 5 2 105 0 0 15.2277 0 0 0
1994 6 2 105 0 0 15.2277 0 0 0
1994 7 2 105 0 0 15.8033 3 0 0
1994 8 2 105 0 0 12.2 1 0 0
1994 9 2 105 0 0 15.2277 0 0 0
1994 1 1 106 0.632996 8.21085e-05 16.28 0 3 0
1994 2 1 106 0 0 16.28 0 0 0
1994 3 1 106 0 0 16.28 0 0 0
1994 4 1 106 0.106993 6.04376e-05 16.28 0 0.5 0
1994 5 1 106 0 0 16.28 0 0 0
1994 6 1 106 0 0 16.28 0 0 0
1994 7 1 106 0 0 16.28 0 0 0
1994 8 1 106 0 0 16.28 0 0 0
1994 9 1 106 0 0 16.28 0 0 0
1994 1 2 106 0.843994 0.000109478 16.3444 9 4 6
1994 2 2 106 0 0 16.28 0 0 0
1994 3 2 106 0 0 16.28 0 0 0
1994 4 2 106 0.32098 0.000181313 16.28 0 1.5 0
1994 5 2 106 0 0 16.28 0 0 0
1994 6 2 106 0 0 16.28 0 0 0
1994 7 2 106 0 0 15.7 1 0 0
1994 8 2 106 0 0 16.28 0 0 0
1994 9 2 106 0 0 16.28 0 0 0
1994 1 1 107 0.527497 6.84238e-05 16.3 1 2.5 0
1994 2 1 107 0 0 16.3 0 0 0
1994 3 1 107 0 0 16.3 0 0 0
1994 4 1 107 0 0 16.3 0 0 0
1994 5 1 107 0 0 16.3 0 0 0
1994 6 1 107 0 0 16.3 0 0 0
1994 7 1 107 0 0 16.3 0 0 0
1994 8 1 107 0 0 16.3 0 0 0
1994 9 1 107 0 0 16.3 0 0 0
1994 1 2 107 1.37149 0.000177902 16.2429 7 6.5 3
1994 2 2 107 0 0 15.8325 0 0 0
1994 3 2 107 0 0 15.8325 0 0 0
1994 4 2 107 0 0 15.8325 0 0 0
1994 5 2 107 0 0 15.8325 0 0 0
1994 6 2 107 0 0 15.8325 0 0 0
1994 7 2 107 0 0 12.96 1 0 0
1994 8 2 107 0 0 15.8325 0 0 0
1994 9 2 107 0 0 15.8325 0 0 0
1994 1 1 108 0.527497 6.84238e-05 15.82 1 2.5 0
1994 2 1 108 0 0 15.82 0 0 0
1994 3 1 108 0 0 15.82 0 0 0
1994 4 1 108 0.213986 0.000120875 15.82 0 1 0
1994 5 1 108 0 0 15.82 0 0 0
1994 6 1 108 0 0 15.82 0 0 0
1994 7 1 108 0 0 15.82 0 0 0
1994 8 1 108 0 0 15.82 0 0 0
1994 9 1 108 0 0 15.82 0 0 0
1994 1 2 108 2.21549 0.00028738 15.366 5 10.5 1
1994 2 2 108 0 0 15.6617 0 0 0
1994 3 2 108 0 0 15.6617 0 0 0
1994 4 2 108 0.427973 0.00024175 15.6617 0 2 0
1994 5 2 108 0 0 15.6617 0 0 0
1994 6 2 108 0 0 15.6617 0 0 0
1994 7 2 108 0 0 17.14 1 0 0
1994 8 2 108 0 0 15.6617 0 0 0
1994 9 2 108 0 0 15.6617 0 0 0
1994 1 1 109 0 0 14.5 1 0 0
1994 2 1 109 0 0 14.5 0 0 0
1994 3 1 109 0 0 14.5 0 0 0
1994 4 1 109 0.32098 0.000181313 14.5 0 1.5 0
1994 5 1 109 0 0 14.5 0 0 0
1994 6 1 109 0 0 14.5 0 0 0
1994 7 1 109 0 0 14.5 0 0 0
1994 8 1 109 0 0 14.5 0 0 0
1994 9 1 109 0 0 14.5 0 0 0
1994 1 2 109 0.843994 0.000109478 16.0971 7 4 4
1994 2 2 109 0 0 15.8538 0 0 0
1994 3 2 109 0 0 15.8538 0 0 0
1994 4 2 109 0.32098 0.000181313 15.8538 0 1.5 0
1994 5 2 109 0 0 14.15 1 0 0
1994 6 2 109 0 0 15.8538 0 0 0
1994 7 2 109 0 0 15.8538 0 0 0
1994 8 2 109 0 0 15.8538 0 0 0
1994 9 2 109 0 0 15.8538 0 0 0
1994 1 1 110 0 0 16.754 0 0 0
1994 2 1 110 0 0 16.754 0 0 0
1994 3 1 110 0 0 16.754 0 0 0
1994 4 1 110 0.213986 0.000120875 16.754 0 1 0
1994 5 1 110 0 0 16.754 0 0 0
1994 6 1 110 0 0 16.754 0 0 0
1994 7 1 110 0 0 16.754 0 0 0
1994 8 1 110 0 0 16.754 0 0 0
1994 9 1 110 0 0 16.754 0 0 0
1994 1 2 110 0.210999 2.73695e-05 16.9833 3 1 1
1994 2 2 110 0 0 16.754 0 0 0
1994 3 2 110 0 0 16.754 0 0 0
1994 4 2 110 0.213986 0.000120875 16.754 0 1 0
1994 5 2 110 0 0 16.754 0 0 0
1994 6 2 110 0 0 16.754 0 0 0
1994 7 2 110 0 0 16.41 2 0 0
1994 8 2 110 0 0 16.754 0 0 0
1994 9 2 110 0 0 16.754 0 0 0
1994 1 1 111 0.421997 5.4739e-05 18 0 2 0
1994 2 1 111 0 0 18 0 0 0
1994 3 1 111 0 0 18 0 0 0
1994 4 1 111 0.106993 6.04376e-05 18 0 0.5 0
1994 5 1 111 0 0 18 0 0 0
1994 6 1 111 0 0 18 0 0 0
1994 7 1 111 0 0 18 0 0 0
1994 8 1 111 0 0 18 0 0 0
1994 9 1 111 0 0 18 0 0 0
1994 1 2 111 0.632996 8.21085e-05 18 1 3 0
1994 2 2 111 0 0 18 0 0 0
1994 3 2 111 0 0 18 0 0 0
1994 4 2 111 0.106993 6.04376e-05 18 0 0.5 0
1994 5 2 111 0 0 18 0 0 0
1994 6 2 111 0 0 18 0 0 0
1994 7 2 111 0 0 18 0 0 0
1994 8 2 111 0 0 18 0 0 0
1994 9 2 111 0 0 18 0 0 0
1994 1 1 112 0 0 0 0 0 0
1994 2 1 112 0 0 0 0 0 0
1994 3 1 112 0 0 0 0 0 0
1994 4 1 112 0 0.000120875 0 0 1 0
1994 5 1 112 0 0 0 0 0 0
1994 6 1 112 0 0 0 0 0 0
1994 7 1 112 0 0 0 0 0 0
1994 8 1 112 0 0 0 0 0 0
1994 9 1 112 0 0 0 0 0 0
1994 1 2 112 0 2.73695e-05 0 0 1 0
1994 2 2 112 0 0 0 0 0 0
1994 3 2 112 0 0 0 0 0 0
1994 4 2 112 0 0.000120875 0 0 1 0
1994 5 2 112 0 0 0 0 0 0
1994 6 2 112 0 0 0 0 0 0
1994 7 2 112 0 0 0 0 0 0
1994 8 2 112 0 0 0 0 0 0
1994 9 2 112 0 0 0 0 0 0
1994 1 1 113 0.210999 2.73695e-05 14.49 0 1 0
1994 2 1 113 0 0 14.49 0 0 0
1994 3 1 113 0 0 14.49 0 0 0
1994 4 1 113 0 0 14.49 0 0 0
1994 5 1 113 0 0 14.49 0 0 0
1994 6 1 113 0 0 14.49 0 0 0
1994 7 1 113 0 0 14.49 0 0 0
1994 8 1 113 0 0 14.49 0 0 0
1994 9 1 113 0 0 14.49 0 0 0
1994 1 2 113 0.210999 2.73695e-05 14.49 0 1 0
1994 2 2 113 0 0 14.49 0 0 0
1994 3 2 113 0 0 14.49 0 0 0
1994 4 2 113 0 0 14.49 1 0 0
1994 5 2 113 0 0 14.49 0 0 0
1994 6 2 113 0 0 14.49 0 0 0
1994 7 2 113 0 0 14.49 0 0 0
1994 8 2 113 0 0 14.49 0 0 0
1994 9 2 113 0 0 14.49 0 0 0
1994 1 1 114 0 0 0 0 0 0
1994 2 1 114 0 0 0 0 0 0
1994 3 1 114 0 0 0 0 0 0
1994 4 1 114 0 6.04376e-05 0 0 0.5 0
1994 5 1 114 0 0 0 0 0 0
1994 6 1 114 0 0 0 0 0 0
1994 7 1 114 0 0 0 0 0 0
1994 8 1 114 0 0 0 0 0 0
1994 9 1 114 0 0 0 0 0 0
1994 1 2 114 0 2.73695e-05 0 0 1 0
1994 2 2 114 0 0 0 0 0 0
1994 3 2 114 0 0 0 0 0 0
1994 4 2 114 0 6.04376e-05 0 0 0.5 0
1994 5 2 114 0 0 0 0 0 0
1994 6 2 114 0 0 0 0 0 0
1994 7 2 114 0 0 0 0 0 0
1994 8 2 114 0 0 0 0 0 0
1994 9 2 114 0 0 0 0 0 0
1994 1 1 115 0 0 0 0 0 0
1994 2 1 115 0 0 0 0 0 0
1994 3 1 115 0 0 0 0 0 0
1994 4 1 115 0 0 0 0 0 0
1994 5 1 115 0 0 0 0 0 0
1994 6 1 115 0 0 0 0 0 0
1994 7 1 115 0 0 0 0 0 0
1994 8 1 115 0 0 0 0 0 0
1994 9 1 115 0 0 0 0 0 0
1994 1 2 115 0 0 0 0 0 0
1994 2 2 115 0 0 0 0 0 0
1994 3 2 115 0 0 0 0 0 0
1994 4 2 115 0 0 0 0 0 0
1994 5 2 115 0 0 0 0 0 0
1994 6 2 115 0 0 0 0 0 0
1994 7 2 115 0 0 0 0 0 0
1994 8 2 115 0 0 0 0 0 0
1994 9 2 115 0 0 0 0 0 0
1994 1 1 116 0 0 0 0 0 0
1994 2 1 116 0 0 0 0 0 0
1994 3 1 116 0 0 0 0 0 0
1994 4 1 116 0 0 0 0 0 0
1994 5 1 116 0 0 0 0 0 0
1994 6 1 116 0 0 0 0 0 0
1994 7 1 116 0 0 0 0 0 0
1994 8 1 116 0 0 0 0 0 0
1994 9 1 116 0 0 0 0 0 0
1994 1 2 116 0 0 0 0 0 0
1994 2 2 116 0 0 0 0 0 0
1994 3 2 116 0 0 0 0 0 0
1994 4 2 116 0 0 0 0 0 0
1994 5 2 116 0 0 0 0 0 0
1994 6 2 116 0 0 0 0 0 0
1994 7 2 116 0 0 0 0 0 0
1994 8 2 116 0 0 0 0 0 0
1994 9 2 116 0 0 0 0 0 0
1994 1 1 117 0 0 0 0 0 0
1994 2 1 117 0 0 0 0 0 0
1994 3 1 117 0 0 0 0 0 0
1994 4 1 117 0 0 0 0 0 0
1994 5 1 117 0 0 0 0 0 0
1994 6 1 117 0 0 0 0 0 0
1994 7 1 117 0 3.24717e-05 0 0 0.5 0
1994 8 1 117 0 0 0 0 0 0
1994 9 1 117 0 0 0 0 0 0
1994 1 2 117 0 0 0 0 0 0
1994 2 2 117 0 0 0 0 0 0
1994 3 2 117 0 0 0 0 0 0
1994 4 2 117 0 0 0 0 0 0
1994 5 2 117 0 0 0 0 0 0
1994 6 2 117 0 0 0 0 0 0
1994 7 2 117 0 3.24717e-05 0 0 0.5 0
1994 8 2 117 0 0 0 0 0 0
1994 9 2 117 0 0 0 0 0 0
1994 1 1 118 0 0 0 0 0 0
1994 2 1 118 0 0 0 0 0 0
1994 3 1 118 0 0 0 0 0 0
1994 4 1 118 0 0 0 0 0 0
1994 5 1 118 0 0 0 0 0 0
1994 6 1 118 0 0 0 0 0 0
1994 7 1 118 0 0 0 0 0 0
1994 8 1 118 0 0 0 0 0 0
1994 9 1 118 0 0 0 0 0 0
1994 1 2 118 0 0 0 0 0 0
1994 2 2 118 0 0 0 0 0 0
1994 3 2 118 0 0 0 0 0 0
1994 4 2 118 0 0 0 0 0 0
1994 5 2 118 0 0 0 0 0 0
1994 6 2 118 0 0 0 0 0 0
1994 7 2 118 0 0 0 0 0 0
1994 8 2 118 0 0 0 0 0 0
1994 9 2 118 0 0 0 0 0 0
1994 1 1 119 0 0 0 0 0 0
1994 2 1 119 0 0 0 0 0 0
1994 3 1 119 0 0 0 0 0 0
1994 4 1 119 0 0 0 0 0 0
1994 5 1 119 0 0 0 0 0 0
1994 6 1 119 0 0 0 0 0 0
1994 7 1 119 0 0 0 0 0 0
1994 8 1 119 0 0 0 0 0 0
1994 9 1 119 0 0 0 0 0 0
1994 1 2 119 0 0 0 0 0 0
1994 2 2 119 0 0 0 0 0 0
1994 3 2 119 0 0 0 0 0 0
1994 4 2 119 0 0 0 0 0 0
1994 5 2 119 0 0 0 0 0 0
1994 6 2 119 0 0 0 0 0 0
1994 7 2 119 0 0 0 0 0 0
1994 8 2 119 0 0 0 0 0 0
1994 9 2 119 0 0 0 0 0 0
1994 1 1 120 0 0 0 0 0 0
1994 2 1 120 0 0 0 0 0 0
1994 3 1 120 0 0 0 0 0 0
1994 4 1 120 0 0 0 0 0 0
1994 5 1 120 0 0 0 0 0 0
1994 6 1 120 0 0 0 0 0 0
1994 7 1 120 0 0 0 0 0 0
1994 8 1 120 0 0 0 0 0 0
1994 9 1 120 0 0 0 0 0 0
1994 1 2 120 0 2.73695e-05 0 0 1 0
1994 2 2 120 0 0 0 0 0 0
1994 3 2 120 0 0 0 0 0 0
1994 4 2 120 0 0 0 0 0 0
1994 5 2 120 0 0 0 0 0 0
1994 6 2 120 0 0 0 0 0 0
1994 7 2 120 0 0 0 0 0 0
1994 8 2 120 0 0 0 0 0 0
1994 9 2 120 0 0 0 0 0 0
