year stratum sex length freq prop avg_wt nwt_samples nlen_samples naged
2001 1 1 9 0 0 0 0 0 0
2001 2 1 9 0 0 0 0 0 0
2001 3 1 9 0 0 0 0 0 0
2001 4 1 9 0 0 0 0 0 0
2001 5 1 9 0 2.91338e-307 0 0 0 0
2001 6 1 9 0 0 0 0 0 0
2001 7 1 9 0 0 0 0 0 0
2001 8 1 9 0 2.91338e-307 0 0 0 0
2001 9 1 9 0 0 0 0 0 0
2001 1 2 9 0 0 0 0 0 0
2001 2 2 9 0 0 0 0 0 0
2001 3 2 9 0 0 0 0 0 0
2001 4 2 9 0 0 0 0 0 0
2001 5 2 9 0 2.91338e-307 0 0 0 0
2001 6 2 9 0 0 0 0 0 0
2001 7 2 9 0 0 0 0 0 0
2001 8 2 9 0 2.91338e-307 0 0 0 0
2001 9 2 9 0 0 0 0 0 0
2001 1 1 10 0 0 0 0 0 0
2001 2 1 10 0 0 0 0 0 0
2001 3 1 10 0 0 0 0 0 0
2001 4 1 10 0 0 0 0 0 0
2001 5 1 10 0 0 0 0 0 0
2001 6 1 10 0 0 0 0 0 0
2001 7 1 10 0 0 0 0 0 0
2001 8 1 10 0 0 0 0 0 0
2001 9 1 10 0 0 0 0 0 0
2001 1 2 10 0 0 0 0 0 0
2001 2 2 10 0 0 0 0 0 0
2001 3 2 10 0 0 0 0 0 0
2001 4 2 10 0 0 0 0 0 0
2001 5 2 10 0 0 0 0 0 0
2001 6 2 10 0 0 0 0 0 0
2001 7 2 10 0 0 0 0 0 0
2001 8 2 10 0 0 0 0 0 0
2001 9 2 10 0 0 0 0 0 0
2001 1 1 11 0 0 0 0 0 0
2001 2 1 11 0 0 0 0 0 0
2001 3 1 11 0 0 0 0 0 0
2001 4 1 11 0 0 0 0 0 0
2001 5 1 11 0 0 0 0 0 0
2001 6 1 11 0 0 0 0 0 0
2001 7 1 11 0 0 0 0 0 0
2001 8 1 11 0 0 0 0 0 0
2001 9 1 11 0 0 0 0 0 0
2001 1 2 11 0 0 0 0 0 0
2001 2 2 11 0 0 0 0 0 0
2001 3 2 11 0 0 0 0 0 0
2001 4 2 11 0 0 0 0 0 0
2001 5 2 11 0 0 0 0 0 0
2001 6 2 11 0 0 0 0 0 0
2001 7 2 11 0 0 0 0 0 0
2001 8 2 11 0 0 0 0 0 0
2001 9 2 11 0 0 0 0 0 0
2001 1 1 12 0 0 0 0 0 0
2001 2 1 12 0 0 0 0 0 0
2001 3 1 12 0 0 0 0 0 0
2001 4 1 12 0 0 0 0 0 0
2001 5 1 12 0 0 0 0 0 0
2001 6 1 12 0 0 0 0 0 0
2001 7 1 12 0 0 0 0 0 0
2001 8 1 12 0 0 0 0 0 0
2001 9 1 12 0 0 0 0 0 0
2001 1 2 12 0 0 0 0 0 0
2001 2 2 12 0 0 0 0 0 0
2001 3 2 12 0 0 0 0 0 0
2001 4 2 12 0 0 0 0 0 0
2001 5 2 12 0 0 0 0 0 0
2001 6 2 12 0 0 0 0 0 0
2001 7 2 12 0 0 0 0 0 0
2001 8 2 12 0 0 0 0 0 0
2001 9 2 12 0 0 0 0 0 0
2001 1 1 13 0 0 0 0 0 0
2001 2 1 13 0 0 0 0 0 0
2001 3 1 13 0 0 0 0 0 0
2001 4 1 13 0 0 0 0 0 0
2001 5 1 13 0 0 0 0 0 0
2001 6 1 13 0 0 0 0 0 0
2001 7 1 13 0 0 0 0 0 0
2001 8 1 13 0 0 0 0 0 0
2001 9 1 13 0 0 0 0 0 0
2001 1 2 13 0 0.000142511 0 0 1 0
2001 2 2 13 0 0 0 0 0 0
2001 3 2 13 0 0 0 0 0 0
2001 4 2 13 0 0 0 0 0 0
2001 5 2 13 0 0 0 0 0 0
2001 6 2 13 0 0 0 0 0 0
2001 7 2 13 0 0 0 0 0 0
2001 8 2 13 0 0 0 0 0 0
2001 9 2 13 0 0 0 0 0 0
2001 1 1 14 0 0 0 0 0 0
2001 2 1 14 0 0 0 0 0 0
2001 3 1 14 0 0 0 0 0 0
2001 4 1 14 0 0 0 0 0 0
2001 5 1 14 0 0 0 0 0 0
2001 6 1 14 0 0 0 0 0 0
2001 7 1 14 0 0 0 0 0 0
2001 8 1 14 0 0 0 0 0 0
2001 9 1 14 0 0 0 0 0 0
2001 1 2 14 0 0 0 0 0 0
2001 2 2 14 0 0 0 0 0 0
2001 3 2 14 0 0 0 0 0 0
2001 4 2 14 0 0 0 0 0 0
2001 5 2 14 0 0 0 0 0 0
2001 6 2 14 0 0 0 0 0 0
2001 7 2 14 0 0 0 0 0 0
2001 8 2 14 0 0 0 0 0 0
2001 9 2 14 0 0 0 0 0 0
2001 1 1 15 0 0 0 0 0 0
2001 2 1 15 0 0 0 0 0 0
2001 3 1 15 0 0 0 0 0 0
2001 4 1 15 0 0 0 0 0 0
2001 5 1 15 0 0 0 0 0 0
2001 6 1 15 0 0 0 0 0 0
2001 7 1 15 0 0 0 0 0 0
2001 8 1 15 0 0 0 0 0 0
2001 9 1 15 0 0 0 0 0 0
2001 1 2 15 0 0 0 0 0 0
2001 2 2 15 0 0 0 0 0 0
2001 3 2 15 0 0 0 0 0 0
2001 4 2 15 0 0 0 0 0 0
2001 5 2 15 0 0 0 0 0 0
2001 6 2 15 0 0 0 0 0 0
2001 7 2 15 0 0 0 0 0 0
2001 8 2 15 0 0 0 0 0 0
2001 9 2 15 0 0 0 0 0 0
2001 1 1 16 0 0 0 0 0 0
2001 2 1 16 0 0 0 0 0 0
2001 3 1 16 0 0 0 0 0 0
2001 4 1 16 0 0 0 0 0 0
2001 5 1 16 0 0 0 0 0 0
2001 6 1 16 0 0 0 0 0 0
2001 7 1 16 0 0 0 0 0 0
2001 8 1 16 0 0 0 0 0 0
2001 9 1 16 0 0 0 0 0 0
2001 1 2 16 0 0 0 0 0 0
2001 2 2 16 0 0 0 0 0 0
2001 3 2 16 0 0 0 0 0 0
2001 4 2 16 0 0 0 0 0 0
2001 5 2 16 0 0 0 0 0 0
2001 6 2 16 0 0 0 0 0 0
2001 7 2 16 0 0 0 0 0 0
2001 8 2 16 0 0 0 0 0 0
2001 9 2 16 0 0 0 0 0 0
2001 1 1 17 0 0.000285022 0 0 2 0
2001 2 1 17 0 0 0 0 0 0
2001 3 1 17 0 0 0 0 0 0
2001 4 1 17 0 0 0 0 0 0
2001 5 1 17 0 0 0 0 0 0
2001 6 1 17 0 0 0 0 0 0
2001 7 1 17 0 0 0 0 0 0
2001 8 1 17 0 0 0 0 0 0
2001 9 1 17 0 0 0 0 0 0
2001 1 2 17 0 0 0 0 0 0
2001 2 2 17 0 0 0 0 0 0
2001 3 2 17 0 0 0 0 0 0
2001 4 2 17 0 0 0 0 0 0
2001 5 2 17 0 0 0 0 0 0
2001 6 2 17 0 0 0 0 0 0
2001 7 2 17 0 0 0 0 0 0
2001 8 2 17 0 0 0 0 0 0
2001 9 2 17 0 0 0 0 0 0
2001 1 1 18 0 0 0 0 0 0
2001 2 1 18 0 0 0 0 0 0
2001 3 1 18 0 0 0 0 0 0
2001 4 1 18 0 0 0 0 0 0
2001 5 1 18 0 0 0 0 0 0
2001 6 1 18 0 0 0 0 0 0
2001 7 1 18 0 0 0 0 0 0
2001 8 1 18 0 0 0 0 0 0
2001 9 1 18 0 0 0 0 0 0
2001 1 2 18 0 0 0 0 0 0
2001 2 2 18 0 0 0 0 0 0
2001 3 2 18 0 0 0 0 0 0
2001 4 2 18 0 0 0 0 0 0
2001 5 2 18 0 0 0 0 0 0
2001 6 2 18 0 0 0 0 0 0
2001 7 2 18 0 0 0 0 0 0
2001 8 2 18 0 0 0 0 0 0
2001 9 2 18 0 0 0 0 0 0
2001 1 1 19 0 0.000142511 0 0 1 0
2001 2 1 19 0 0 0 0 0 0
2001 3 1 19 0 0 0 0 0 0
2001 4 1 19 0 0 0 0 0 0
2001 5 1 19 0 0 0 0 0 0
2001 6 1 19 0 0 0 0 0 0
2001 7 1 19 0 0 0 0 0 0
2001 8 1 19 0 0 0 0 0 0
2001 9 1 19 0 0 0 0 0 0
2001 1 2 19 0 0.000142511 0 0 1 0
2001 2 2 19 0 0 0 0 0 0
2001 3 2 19 0 0 0 0 0 0
2001 4 2 19 0 0 0 0 0 0
2001 5 2 19 0 0 0 0 0 0
2001 6 2 19 0 0 0 0 0 0
2001 7 2 19 0 0 0 0 0 0
2001 8 2 19 0 0 0 0 0 0
2001 9 2 19 0 0 0 0 0 0
2001 1 1 20 0 0 0 0 0 0
2001 2 1 20 0 0 0 0 0 0
2001 3 1 20 0 0 0 0 0 0
2001 4 1 20 0 0 0 0 0 0
2001 5 1 20 0 0 0 0 0 0
2001 6 1 20 0 0 0 0 0 0
2001 7 1 20 0 0 0 0 0 0
2001 8 1 20 0 0 0 0 0 0
2001 9 1 20 0 0 0 0 0 0
2001 1 2 20 0 0 0 0 0 0
2001 2 2 20 0 0 0 0 0 0
2001 3 2 20 0 0 0 0 0 0
2001 4 2 20 0 0 0 0 0 0
2001 5 2 20 0 0 0 0 0 0
2001 6 2 20 0 0 0 0 0 0
2001 7 2 20 0 0 0 0 0 0
2001 8 2 20 0 0 0 0 0 0
2001 9 2 20 0 0 0 0 0 0
2001 1 1 21 0 0 0.75 0 0 0
2001 2 1 21 0 0 0.75 0 0 0
2001 3 1 21 0 0 0.75 0 0 0
2001 4 1 21 0 0 0.75 0 0 0
2001 5 1 21 0 0 0.75 0 0 0
2001 6 1 21 0 0 0.75 0 0 0
2001 7 1 21 0 0 0.75 0 0 0
2001 8 1 21 0 0 0.75 0 0 0
2001 9 1 21 0 0 0.75 0 0 0
2001 1 2 21 0 0 0.75 1 0 0
2001 2 2 21 0 0 0.75 0 0 0
2001 3 2 21 0 0 0.75 0 0 0
2001 4 2 21 0 0 0.75 0 0 0
2001 5 2 21 0 0 0.75 0 0 0
2001 6 2 21 0 0 0.75 0 0 0
2001 7 2 21 0 0 0.75 0 0 0
2001 8 2 21 0 0 0.75 0 0 0
2001 9 2 21 0 0 0.75 0 0 0
2001 1 1 22 0 0.000142511 0 0 1 0
2001 2 1 22 0 0 0 0 0 0
2001 3 1 22 0 0 0 0 0 0
2001 4 1 22 0 0 0 0 0 0
2001 5 1 22 0 0 0 0 0 0
2001 6 1 22 0 0 0 0 0 0
2001 7 1 22 0 0 0 0 0 0
2001 8 1 22 0 0 0 0 0 0
2001 9 1 22 0 0 0 0 0 0
2001 1 2 22 0 0 0 0 0 0
2001 2 2 22 0 0 0 0 0 0
2001 3 2 22 0 0 0 0 0 0
2001 4 2 22 0 0 0 0 0 0
2001 5 2 22 0 0 0 0 0 0
2001 6 2 22 0 0 0 0 0 0
2001 7 2 22 0 0 0 0 0 0
2001 8 2 22 0 0 0 0 0 0
2001 9 2 22 0 0 0 0 0 0
2001 1 1 23 0 0 0 0 0 0
2001 2 1 23 0 0 0 0 0 0
2001 3 1 23 0 0 0 0 0 0
2001 4 1 23 0 0 0 0 0 0
2001 5 1 23 0 0 0 0 0 0
2001 6 1 23 0 0 0 0 0 0
2001 7 1 23 0 0 0 0 0 0
2001 8 1 23 0 0 0 0 0 0
2001 9 1 23 0 0 0 0 0 0
2001 1 2 23 0 0 0 0 0 0
2001 2 2 23 0 0 0 0 0 0
2001 3 2 23 0 0.000211864 0 0 1 0
2001 4 2 23 0 0 0 0 0 0
2001 5 2 23 0 0 0 0 0 0
2001 6 2 23 0 0 0 0 0 0
2001 7 2 23 0 0 0 0 0 0
2001 8 2 23 0 0 0 0 0 0
2001 9 2 23 0 0 0 0 0 0
2001 1 1 24 0 0.000142511 0 0 1 0
2001 2 1 24 0 0 0 0 0 0
2001 3 1 24 0 0 0 0 0 0
2001 4 1 24 0 0 0 0 0 0
2001 5 1 24 0 0 0 0 0 0
2001 6 1 24 0 0 0 0 0 0
2001 7 1 24 0 0 0 0 0 0
2001 8 1 24 0 0 0 0 0 0
2001 9 1 24 0 0 0 0 0 0
2001 1 2 24 0 0 0 0 0 0
2001 2 2 24 0 0 0 0 0 0
2001 3 2 24 0 0 0 0 0 0
2001 4 2 24 0 0 0 0 0 0
2001 5 2 24 0 0 0 0 0 0
2001 6 2 24 0 0 0 0 0 0
2001 7 2 24 0 0 0 0 0 0
2001 8 2 24 0 0 0 0 0 0
2001 9 2 24 0 0 0 0 0 0
2001 1 1 25 0 0.000142511 0 0 1 0
2001 2 1 25 0 0 0 0 0 0
2001 3 1 25 0 0 0 0 0 0
2001 4 1 25 0 0 0 0 0 0
2001 5 1 25 0 0 0 0 0 0
2001 6 1 25 0 0 0 0 0 0
2001 7 1 25 0 0 0 0 0 0
2001 8 1 25 0 0 0 0 0 0
2001 9 1 25 0 0 0 0 0 0
2001 1 2 25 0 0.000427533 0 0 3 0
2001 2 2 25 0 0 0 0 0 0
2001 3 2 25 0 0 0 0 0 0
2001 4 2 25 0 0 0 0 0 0
2001 5 2 25 0 0 0 0 0 0
2001 6 2 25 0 0 0 0 0 0
2001 7 2 25 0 0 0 0 0 0
2001 8 2 25 0 0 0 0 0 0
2001 9 2 25 0 0 0 0 0 0
2001 1 1 26 0 0 0 0 0 0
2001 2 1 26 0 0 0 0 0 0
2001 3 1 26 0 0 0 0 0 0
2001 4 1 26 0 0 0 0 0 0
2001 5 1 26 0 0 0 0 0 0
2001 6 1 26 0 0 0 0 0 0
2001 7 1 26 0 0 0 0 0 0
2001 8 1 26 0 0 0 0 0 0
2001 9 1 26 0 0 0 0 0 0
2001 1 2 26 0 0.000142511 0 0 1 0
2001 2 2 26 0 0 0 0 0 0
2001 3 2 26 0 0 0 0 0 0
2001 4 2 26 0 0 0 0 0 0
2001 5 2 26 0 0 0 0 0 0
2001 6 2 26 0 0 0 0 0 0
2001 7 2 26 0 0 0 0 0 0
2001 8 2 26 0 0 0 0 0 0
2001 9 2 26 0 0 0 0 0 0
2001 1 1 27 0.664653 0.000142511 0.2 1 1 0
2001 2 1 27 0 0 0.2 0 0 0
2001 3 1 27 0 0 0.2 0 0 0
2001 4 1 27 0 0 0.2 0 0 0
2001 5 1 27 0 0 0.2 0 0 0
2001 6 1 27 0 0 0.2 0 0 0
2001 7 1 27 0 0 0.2 0 0 0
2001 8 1 27 0 0 0.2 0 0 0
2001 9 1 27 0 0 0.2 0 0 0
2001 1 2 27 0.664653 0.000142511 0.2 1 1 0
2001 2 2 27 0 0 0.2 0 0 0
2001 3 2 27 0 0 0.2 1 0 0
2001 4 2 27 0 0 0.2 0 0 0
2001 5 2 27 0 0 0.2 0 0 0
2001 6 2 27 0 0 0.2 0 0 0
2001 7 2 27 0 0 0.2 0 0 0
2001 8 2 27 0 0 0.2 0 0 0
2001 9 2 27 0 0 0.2 0 0 0
2001 1 1 28 2.65861 0.000570044 0.2 1 4 0
2001 2 1 28 0 0 0.2 0 0 0
2001 3 1 28 1.54266 0.000635593 0.2 0 3 0
2001 4 1 28 0 0 0.2 0 0 0
2001 5 1 28 0 0 0.2 0 0 0
2001 6 1 28 0 0 0.2 0 0 0
2001 7 1 28 0 0 0.2 0 0 0
2001 8 1 28 0 0 0.2 0 0 0
2001 9 1 28 0 0 0.2 0 0 0
2001 1 2 28 0.664653 0.000142511 0.2 0 1 0
2001 2 2 28 0 0 0.2 0 0 0
2001 3 2 28 0 0 0.2 0 0 0
2001 4 2 28 0.207744 7.65169e-05 0.2 0 1 0
2001 5 2 28 0 0 0.2 0 0 0
2001 6 2 28 0 0 0.2 0 0 0
2001 7 2 28 0 0 0.2 0 0 0
2001 8 2 28 0 0 0.2 0 0 0
2001 9 2 28 0 0 0.2 0 0 0
2001 1 1 29 0 0.000285022 0 0 2 0
2001 2 1 29 0 0 0 0 0 0
2001 3 1 29 0 0.000847458 0 0 4 0
2001 4 1 29 0 0 0 0 0 0
2001 5 1 29 0 0 0 0 0 0
2001 6 1 29 0 0 0 0 0 0
2001 7 1 29 0 0 0 0 0 0
2001 8 1 29 0 0 0 0 0 0
2001 9 1 29 0 0 0 0 0 0
2001 1 2 29 0 0 0 0 0 0
2001 2 2 29 0 0 0 0 0 0
2001 3 2 29 0 0.000635593 0 0 3 0
2001 4 2 29 0 0 0 0 0 0
2001 5 2 29 0 0 0 0 0 0
2001 6 2 29 0 0 0 0 0 0
2001 7 2 29 0 0 0 0 0 0
2001 8 2 29 0 0 0 0 0 0
2001 9 2 29 0 0 0 0 0 0
2001 1 1 30 1.32931 0.000285022 0.26 3 2 0
2001 2 1 30 0 0 0.3 0 0 0
2001 3 1 30 3.59954 0.00148305 0.3 0 7 0
2001 4 1 30 0 0 0.3 0 0 0
2001 5 1 30 0 0 0.3 0 0 0
2001 6 1 30 0 0 0.3 0 0 0
2001 7 1 30 0 0 0.3 0 0 0
2001 8 1 30 0 0 0.3 0 0 0
2001 9 1 30 0 0 0.3 0 0 0
2001 1 2 30 0.664653 0.000142511 0.24 2 1 0
2001 2 2 30 0 0 0.26 0 0 0
2001 3 2 30 1.02844 0.000423729 0.26 0 2 0
2001 4 2 30 0 0 0.26 0 0 0
2001 5 2 30 0 0 0.26 0 0 0
2001 6 2 30 0 0 0.26 0 0 0
2001 7 2 30 0 0 0.26 0 0 0
2001 8 2 30 0 0 0.26 0 0 0
2001 9 2 30 0 0 0.26 0 0 0
2001 1 1 31 1.99396 0.000427533 0.465 4 3 0
2001 2 1 31 0.967663 0.00184162 0.775 0 1 0
2001 3 1 31 3.59954 0.00148305 0.775 0 7 0
2001 4 1 31 0 0 0.775 0 0 0
2001 5 1 31 0 0 0.775 0 0 0
2001 6 1 31 0 0 0.775 0 0 0
2001 7 1 31 0 0 1.5 1 0 0
2001 8 1 31 0 0 0.775 0 0 0
2001 9 1 31 0 0 0.775 0 0 0
2001 1 2 31 0 0 0.313333 6 0 0
2001 2 2 31 0 0 0.324 0 0 0
2001 3 2 31 3.08532 0.00127119 0.324 0 6 0
2001 4 2 31 0.207744 7.65169e-05 0.324 0 1 0
2001 5 2 31 0 0 0.324 0 0 0
2001 6 2 31 0 0 0.324 0 0 0
2001 7 2 31 0 0 0.324 0 0 0
2001 8 2 31 0 0 0.324 0 0 0
2001 9 2 31 0 0 0.324 0 0 0
2001 1 1 32 2.65861 0.000570044 0.247143 7 4 0
2001 2 1 32 0 0 0.33 0 0 0
2001 3 1 32 7.7133 0.00317797 0.33 0 15 0
2001 4 1 32 0 0 0.33 0 0 0
2001 5 1 32 0 0 0.33 0 0 0
2001 6 1 32 0 0 0.33 0 0 0
2001 7 1 32 0 0 0.33 0 0 0
2001 8 1 32 0 0 0.33 0 0 0
2001 9 1 32 0 0 0.33 0 0 0
2001 1 2 32 0.664653 0.000142511 0.297 10 1 0
2001 2 2 32 0 0 0.6275 0 0 0
2001 3 2 32 4.62798 0.00190678 0.6275 0 9 0
2001 4 2 32 0 0 0.85 1 0 0
2001 5 2 32 0 0 0.6275 0 0 0
2001 6 2 32 0 0 0.6275 0 0 0
2001 7 2 32 0 0 1.94 1 0 0
2001 8 2 32 0 0 0.6275 0 0 0
2001 9 2 32 0 0 0.6275 0 0 0
2001 1 1 33 3.98792 0.000855066 0.4 12 6 0
2001 2 1 33 0 0 0.687273 0 0 0
2001 3 1 33 10.5415 0.00434322 0.687273 0 20.5 0
2001 4 1 33 0.207744 7.65169e-05 0.687273 0 1 0
2001 5 1 33 0 0 0.687273 0 0 0
2001 6 1 33 0 0 0.687273 0 0 0
2001 7 1 33 0 0 1.765 2 0 0
2001 8 1 33 0 0 0.687273 0 0 0
2001 9 1 33 0 0 0.687273 0 0 0
2001 1 2 33 1.99396 0.000427533 0.353333 9 3 0
2001 2 2 33 0 0 1.16111 0 0 0
2001 3 2 33 4.37087 0.00180085 1.65 1 8.5 0
2001 4 2 33 0 0 3.195 2 0 0
2001 5 2 33 0 0 1.16111 0 0 0
2001 6 2 33 0 0 1.16111 0 0 0
2001 7 2 33 0 0 1.16111 0 0 0
2001 8 2 33 0 0 1.16111 0 0 0
2001 9 2 33 0 0 1.16111 0 0 0
2001 1 1 34 4.98489 0.00106883 0.322222 9 7.5 0
2001 2 1 34 0 0 0.354 0 0 0
2001 3 1 34 9.77018 0.00402542 0.354 0 19 0
2001 4 1 34 0 0 0.354 0 0 0
2001 5 1 34 0 0 0.354 0 0 0
2001 6 1 34 0 0 0.354 0 0 0
2001 7 1 34 0 0 0.354 0 0 0
2001 8 1 34 0 0 0.354 0 0 0
2001 9 1 34 0 0 0.354 0 0 0
2001 1 2 34 3.65559 0.000783811 0.433333 15 5.5 0
2001 2 2 34 0 0 0.488182 0 0 0
2001 3 2 34 9.77018 0.00402542 0.488182 0 19 0
2001 4 2 34 0.207744 7.65169e-05 0.488182 0 1 0
2001 5 2 34 0 0 0.488182 0 0 0
2001 6 2 34 0 0 0.488182 0 0 0
2001 7 2 34 0 0 0.488182 0 0 0
2001 8 2 34 0 0 0.488182 0 0 0
2001 9 2 34 0 0 0.488182 0 0 0
2001 1 1 35 4.65257 0.000997577 0.419231 13 7 0
2001 2 1 35 0 0 0.439091 0 0 0
2001 3 1 35 9.77018 0.00402542 0.439091 0 19 0
2001 4 1 35 0 0 0.439091 0 0 0
2001 5 1 35 0 0 0.439091 0 0 0
2001 6 1 35 0 0 0.439091 0 0 0
2001 7 1 35 0 0 0.439091 0 0 0
2001 8 1 35 0 0 0.439091 0 0 0
2001 9 1 35 0 0 0.439091 0 0 0
2001 1 2 35 5.98187 0.0012826 0.485333 15 9 0
2001 2 2 35 0 0 0.512308 0 0 0
2001 3 2 35 9.25596 0.00381356 0.512308 0 18 0
2001 4 2 35 0.207744 7.65169e-05 0.512308 0 1 0
2001 5 2 35 0 0 0.512308 0 0 0
2001 6 2 35 0 0 0.512308 0 0 0
2001 7 2 35 0 0 0.512308 0 0 0
2001 8 2 35 0 0 0.512308 0 0 0
2001 9 2 35 0 0 0.512308 0 0 0
2001 1 1 36 10.3021 0.00220892 0.557368 19 15.5 0
2001 2 1 36 0 0 0.5575 0 0 0
2001 3 1 36 15.4266 0.00635593 0.536667 3 30 0
2001 4 1 36 0.207744 7.65169e-05 0.51 1 1 0
2001 5 1 36 0 0 0.5575 0 0 0
2001 6 1 36 0 0 0.5575 0 0 0
2001 7 1 36 0 0 0.5575 0 0 0
2001 8 1 36 0 0 0.5575 0 0 0
2001 9 1 36 0 0 0.5575 0 0 0
2001 1 2 36 6.97885 0.00149637 0.4575 16 10.5 0
2001 2 2 36 0 0 0.546111 0 0 0
2001 3 2 36 13.3697 0.00550847 0.63 1 26 0
2001 4 2 36 0 0 0.546111 0 0 0
2001 5 2 36 0 0 0.546111 0 0 0
2001 6 2 36 0 0 0.546111 0 0 0
2001 7 2 36 0 0 0.86 4 0 0
2001 8 2 36 0 0 0.546111 0 0 0
2001 9 2 36 0 0 0.546111 0 0 0
2001 1 1 37 11.9637 0.0025652 0.505 16 18 0
2001 2 1 37 0 0 0.85 1 0 0
2001 3 1 37 10.5415 0.00434322 0.72 1 20.5 0
2001 4 1 37 0.207744 7.65169e-05 0.551111 0 1 0
2001 5 1 37 0 0 0.551111 0 0 0
2001 6 1 37 0 0 0.551111 0 0 0
2001 7 1 37 0.304678 0.000185989 0.61 1 3 0
2001 8 1 37 0 0 0.551111 0 0 0
2001 9 1 37 0 0 0.551111 0 0 0
2001 1 2 37 9.30514 0.00199515 0.619048 21 14 0
2001 2 2 37 0.967663 0.00184162 0.658333 0 1 0
2001 3 2 37 13.6268 0.00561441 0.6 1 26.5 0
2001 4 2 37 0 0 0.66 2 0 0
2001 5 2 37 0 0 0.658333 0 0 0
2001 6 2 37 0 0 0.658333 0 0 0
2001 7 2 37 0 0 1.22 1 0 0
2001 8 2 37 0 0 0.658333 0 0 0
2001 9 2 37 0 0 0.658333 0 0 0
2001 1 1 38 12.9607 0.00277897 0.595625 16 19.5 0
2001 2 1 38 0.967663 0.00184162 0.724091 0 1 0
2001 3 1 38 11.5699 0.00476695 0.616667 3 22.5 0
2001 4 1 38 0.311617 0.000114775 1.03667 3 1.5 0
2001 5 1 38 0 0 0.724091 0 0 0
2001 6 1 38 0 0 0.724091 0 0 0
2001 7 1 38 0.0507796 3.09981e-05 0.926667 3 0.5 0
2001 8 1 38 0 0 0.724091 0 0 0
2001 9 1 38 0 0 0.724091 0 0 0
2001 1 2 38 15.6193 0.00334901 0.628077 26 23.5 0
2001 2 2 38 0 0 0.708846 0 0 0
2001 3 2 38 16.7121 0.00688559 0.708846 0 32.5 0
2001 4 2 38 0.519361 0.000191292 0.55 2 2.5 0
2001 5 2 38 0 0 0.708846 0 0 0
2001 6 2 38 0 0 0.708846 0 0 0
2001 7 2 38 0.0507796 3.09981e-05 2.34 1 0.5 0
2001 8 2 38 0 0 0.708846 0 0 0
2001 9 2 38 0 0 0.708846 0 0 0
2001 1 1 39 12.2961 0.00263645 0.696875 32 18.5 0
2001 2 1 39 0.967663 0.00184162 0.9 1 1 0
2001 3 1 39 10.7986 0.00444915 0.754054 0 21 0
2001 4 1 39 0.207744 7.65169e-05 0.81 1 1 0
2001 5 1 39 0 0 0.754054 0 0 0
2001 6 1 39 0 0 0.754054 0 0 0
2001 7 1 39 0 0 1.29667 3 0 0
2001 8 1 39 0 0 0.754054 0 0 0
2001 9 1 39 0 0 0.754054 0 0 0
2001 1 2 39 18.9426 0.00406156 0.703913 23 28.5 0
2001 2 2 39 0 0 0.794828 0 0 0
2001 3 2 39 15.4266 0.00635593 0.75 1 30 0
2001 4 2 39 0.830978 0.000306068 0.92 1 4 0
2001 5 2 39 0 0 0.794828 0 0 0
2001 6 2 39 0 0 0.794828 0 0 0
2001 7 2 39 0 0 1.2975 4 0 0
2001 8 2 39 0 0 0.794828 0 0 0
2001 9 2 39 0.293168 0.000520291 0.794828 0 2 0
2001 1 1 40 15.9517 0.00342027 0.769565 23 24 0
2001 2 1 40 1.93533 0.00368324 0.847333 0 2 0
2001 3 1 40 11.5699 0.00476695 0.766667 3 22.5 0
2001 4 1 40 1.66196 0.000612136 1.57333 3 8 0
2001 5 1 40 0 0 0.847333 0 0 0
2001 6 1 40 0 0 0.847333 0 0 0
2001 7 1 40 0.101559 6.19963e-05 0.7 1 1 0
2001 8 1 40 0 0 0.847333 0 0 0
2001 9 1 40 0 0 0.847333 0 0 0
2001 1 2 40 20.6042 0.00441784 0.816667 15 31 1
2001 2 2 40 0.967663 0.00184162 1.02963 0 1 0
2001 3 2 40 11.5699 0.00476695 0.85 2 22.5 0
2001 4 2 40 1.24647 0.000459102 1.27143 7 6 0
2001 5 2 40 0 0 1.02963 0 0 0
2001 6 2 40 0 0 1.02963 0 0 0
2001 7 2 40 0.406237 0.000247985 1.65 3 4 0
2001 8 2 40 0 0 1.02963 0 0 0
2001 9 2 40 0.146584 0.000260146 1.02963 0 1 0
2001 1 1 41 19.2749 0.00413282 0.787647 17 29 0
2001 2 1 41 0.967663 0.00184162 0.867576 0 1 0
2001 3 1 41 7.45619 0.00307203 0.95 4 14.5 0
2001 4 1 41 1.8697 0.000688653 0.93625 8 9 0
2001 5 1 41 0 0 0.867576 0 0 0
2001 6 1 41 0 0 0.867576 0 0 0
2001 7 1 41 0.355458 0.000216987 0.9875 4 3.5 0
2001 8 1 41 0 0 0.867576 0 0 0
2001 9 1 41 0 0 0.867576 0 0 0
2001 1 2 41 20.6042 0.00441784 0.787407 27 31 0
2001 2 2 41 0.967663 0.00184162 0.75 1 1 0
2001 3 2 41 7.45619 0.00307203 0.792857 7 14.5 0
2001 4 2 41 1.24647 0.000459102 0.91 11 6 0
2001 5 2 41 0 0 0.815 0 0 0
2001 6 2 41 0 0 0.815 0 0 0
2001 7 2 41 0.152339 9.29944e-05 0.775 2 1.5 0
2001 8 2 41 0 0 0.815 0 0 0
2001 9 2 41 0 0 0.815 0 0 0
2001 1 1 42 14.29 0.00306399 0.890556 36 21.5 0
2001 2 1 42 0.967663 0.00184162 1 2 1 0
2001 3 1 42 7.19908 0.0029661 0.825 4 14 0
2001 4 1 42 3.32391 0.00122427 0.871429 7 16 0
2001 5 1 42 0 0 0.912931 0 0 0
2001 6 1 42 0 0 0.912931 0 0 0
2001 7 1 42 0.558576 0.00034098 1.12 7 5.5 0
2001 8 1 42 0 0 0.912931 0 0 0
2001 9 1 42 0.146584 0.000260146 0.825 2 1 0
2001 1 2 42 18.9426 0.00406156 0.864828 29 28.5 0
2001 2 2 42 0 0 0.911364 0 0 0
2001 3 2 42 3.08532 0.00127119 1.025 4 6 0
2001 4 2 42 1.8697 0.000688653 0.931429 7 9 0
2001 5 2 42 0 0 0.911364 0 0 0
2001 6 2 42 0 0 0.911364 0 0 0
2001 7 2 42 0.152339 9.29944e-05 1.1 4 1.5 0
2001 8 2 42 0 0 0.911364 0 0 0
2001 9 2 42 0 0 0.911364 0 0 0
2001 1 1 43 19.2749 0.00413282 0.933947 38 29 0
2001 2 1 43 0.967663 0.00184162 1.15 1 1 0
2001 3 1 43 8.74174 0.00360169 1.01462 13 17 0
2001 4 1 43 3.53166 0.00130079 0.99 13 17 0
2001 5 1 43 0 0 0.88 1 0 0
2001 6 1 43 0 0 0.988 0 0 0
2001 7 1 43 0.812474 0.00049597 1.15778 9 8 0
2001 8 1 43 0 0 0.988 0 0 0
2001 9 1 43 0.293168 0.000520291 0.92 1 2 0
2001 1 2 43 12.6284 0.00270771 1.05342 38 19 0
2001 2 2 43 0.967663 0.00184162 1.1075 0 1 0
2001 3 2 43 6.17064 0.00254237 0.866667 3 12 0
2001 4 2 43 3.32391 0.00122427 1.286 10 16 0
2001 5 2 43 0 0 1.1075 0 0 0
2001 6 2 43 0 0 1.9 1 0 0
2001 7 2 43 1.01559 0.000619963 1.149 10 10 0
2001 8 2 43 0 0 1.1075 0 0 0
2001 9 2 43 0.439751 0.000780437 0.94 3 3 0
2001 1 1 44 13.2931 0.00285022 0.988333 24 20 0
2001 2 1 44 5.80598 0.0110497 1.1125 4 6 0
2001 3 1 44 7.19908 0.0029661 1.06071 14 14 0
2001 4 1 44 3.53166 0.00130079 1.04071 14 17 0
2001 5 1 44 0 0 1.06667 0 0 0
2001 6 1 44 0 0 1.06667 0 0 0
2001 7 1 44 1.42183 0.000867948 1.1775 16 14 0
2001 8 1 44 0 0 1.06667 0 0 0
2001 9 1 44 0.586335 0.00104058 1.12833 6 4 0
2001 1 2 44 25.9215 0.00555793 1.03641 39 39 1
2001 2 2 44 1.93533 0.00368324 1.01667 3 2 0
2001 3 2 44 9.25596 0.00381356 1.12125 8 18 0
2001 4 2 44 2.49293 0.000918203 1.21 9 12 1
2001 5 2 44 0 0 1.10947 0 0 0
2001 6 2 44 0 0 1.10947 0 0 0
2001 7 2 44 1.01559 0.000619963 1.17833 12 10 0
2001 8 2 44 0 0 1.10947 0 0 0
2001 9 2 44 0 0 1.37 5 0 0
2001 1 1 45 17.9456 0.0038478 1.10681 47 27 0
2001 2 1 45 5.80598 0.0110497 1.23333 3 6 0
2001 3 1 45 8.74174 0.00360169 1.1 18 17 0
2001 4 1 45 3.94714 0.00145382 1.27667 9 19 0
2001 5 1 45 0 0 1 1 0 0
2001 6 1 45 0 0 1.18604 0 0 0
2001 7 1 45 1.47261 0.000898946 1.3855 20 14.5 0
2001 8 1 45 0 0 1.18604 0 0 0
2001 9 1 45 1.17267 0.00208117 1.35667 3 8 0
2001 1 2 45 21.9335 0.00470286 1.08675 40 33 2
2001 2 2 45 3.87065 0.00736648 1.10833 6 4 0
2001 3 2 45 8.22752 0.00338983 1.17 10 16 0
2001 4 2 45 4.36263 0.00160686 1.15 14 21 0
2001 5 2 45 0 0 1.12731 0 0 0
2001 6 2 45 0 0 1.28 1 0 0
2001 7 2 45 0.964813 0.000588965 1.181 20 9.5 0
2001 8 2 45 0 0 1.12731 0 0 0
2001 9 2 45 0.586335 0.00104058 1.01 2 4 0
2001 1 1 46 19.9396 0.00427533 1.24679 56 30 4
2001 2 1 46 1.93533 0.00368324 1.4875 4 2 0
2001 3 1 46 13.3697 0.00550847 1.17077 13 26 0
2001 4 1 46 7.4788 0.00275461 1.16 11 36 1
2001 5 1 46 0 0 1.30156 0 0 0
2001 6 1 46 0 0 1.02 1 0 0
2001 7 1 46 2.08197 0.00127092 1.5063 27 20.5 0
2001 8 1 46 0 0 1.30156 0 0 0
2001 9 1 46 1.17267 0.00208117 1.335 10 8 0
2001 1 2 46 21.9335 0.00470286 1.16732 41 33 0
2001 2 2 46 1.93533 0.00368324 1.19743 0 2 0
2001 3 2 46 15.4266 0.00635593 1.21636 22 30 0
2001 4 2 46 4.98587 0.00183641 1.33154 13 24 0
2001 5 2 46 0 0 1.19743 0 0 0
2001 6 2 46 0 0 1.19743 0 0 0
2001 7 2 46 1.06637 0.000650961 1.16871 31 10.5 0
2001 8 2 46 0 0 1.19743 0 0 0
2001 9 2 46 0.439751 0.000780437 1.19167 6 3 0
2001 1 1 47 19.6073 0.00420408 1.27044 68 29.5 3
2001 2 1 47 0.967663 0.00184162 1.725 2 1 0
2001 3 1 47 10.2844 0.00423729 1.25882 17 20 0
2001 4 1 47 4.15489 0.00153034 1.39 22 20 0
2001 5 1 47 0 0 1.315 0 0 0
2001 6 1 47 0 0 1.43 1 0 0
2001 7 1 47 2.43742 0.00148791 1.32689 45 24 0
2001 8 1 47 0 0 1.315 0 0 0
2001 9 1 47 1.75901 0.00312175 1.488 5 12 0
2001 1 2 47 28.9124 0.00619923 1.21784 51 43.5 2
2001 2 2 47 3.87065 0.00736648 1.68 5 4 0
2001 3 2 47 12.3413 0.00508475 1.26786 14 24 0
2001 4 2 47 4.77812 0.00175989 1.32296 27 23 1
2001 5 2 47 0 0 1.31 1 0 0
2001 6 2 47 0 0 1.28692 0 0 0
2001 7 2 47 1.32027 0.000805952 1.32211 38 13 0
2001 8 2 47 0 0 1.28692 0 0 0
2001 9 2 47 0.732919 0.00130073 1.236 10 5 0
2001 1 1 48 17.9456 0.0038478 1.3332 97 27 2
2001 2 1 48 3.87065 0.00736648 1.48333 3 4 0
2001 3 1 48 17.9977 0.00741525 1.28615 13 35 0
2001 4 1 48 7.68655 0.00283113 1.37054 37 37 0
2001 5 1 48 0 0 1.38448 0 0 0
2001 6 1 48 0 0 1.17 1 0 0
2001 7 1 48 3.85925 0.00235586 1.51716 67 38 0
2001 8 1 48 0 0 1.38448 0 0 0
2001 9 1 48 2.49192 0.00442248 1.23333 15 17 0
2001 1 2 48 26.5861 0.00570044 1.34919 62 40 1
2001 2 2 48 2.90299 0.00552486 1.925 2 3 0
2001 3 2 48 19.0261 0.00783898 1.32682 22 37 0
2001 4 2 48 6.02459 0.00221899 1.41893 28 29 1
2001 5 2 48 0 0 1.20333 3 0 0
2001 6 2 48 0 0 1.375 2 0 0
2001 7 2 48 2.43742 0.00148791 1.40212 66 24 0
2001 8 2 48 0 0 1.37696 0 0 0
2001 9 2 48 2.05217 0.00364204 1.28571 7 14 0
2001 1 1 49 19.9396 0.00427533 1.42079 114 30 2
2001 2 1 49 4.83831 0.0092081 1.55 1 5 0
2001 3 1 49 23.1399 0.0095339 1.43273 22 45 0
2001 4 1 49 9.97173 0.00367281 1.49732 41 48 0
2001 5 1 49 0 0 1.4125 4 0 0
2001 6 1 49 0.546256 0.0070922 1.37571 7 1 0
2001 7 1 49 4.82407 0.00294482 1.44844 77 47.5 0
2001 8 1 49 0 0 1.43978 0 0 0
2001 9 1 49 2.19876 0.00390219 1.42 13 15 0
2001 1 2 49 30.574 0.00655551 1.44191 89 46 2
2001 2 2 49 1.93533 0.00368324 1.9 4 2 0
2001 3 2 49 27.2536 0.0112288 1.33857 14 53 0
2001 4 2 49 9.14076 0.00336675 1.4893 43 44 3
2001 5 2 49 0 0 1.33 1 0 0
2001 6 2 49 0 0 1.572 5 0 0
2001 7 2 49 2.79288 0.0017049 1.44846 78 27.5 0
2001 8 2 49 0 0 1.45563 0 0 0
2001 9 2 49 1.90559 0.00338189 1.43182 11 13 0
2001 1 1 50 34.5619 0.00741057 1.54562 128 52 2
2001 2 1 50 1.93533 0.00368324 1.75833 6 2 0
2001 3 1 50 25.711 0.0105932 1.48455 11 50 0
2001 4 1 50 12.2569 0.0045145 1.59897 58 59 1
2001 5 1 50 0 0 1.55429 0 0 0
2001 6 1 50 0 0 1.56333 6 0 0
2001 7 1 50 7.00759 0.00427774 1.52488 129 69 0
2001 8 1 50 0 0 1.55429 0 0 0
2001 9 1 50 3.51801 0.0062435 1.70417 12 24 0
2001 1 2 50 39.2145 0.00840815 1.46667 108 59 6
2001 2 2 50 5.80598 0.0110497 1.43 5 6 0
2001 3 2 50 31.8816 0.0131356 1.46286 21 62 0
2001 4 2 50 8.93301 0.00329023 1.59186 70 43 2
2001 5 2 50 0 0 1.56 1 0 0
2001 6 2 50 0.546256 0.0070922 1.59333 3 1 0
2001 7 2 50 3.96081 0.00241785 1.55592 120 39 0
2001 8 2 50 0 0 1.52794 0 0 0
2001 9 2 50 2.34534 0.00416233 1.56545 11 16 0
2001 1 1 51 38.5499 0.00826564 1.66095 158 58 7
2001 2 1 51 3.87065 0.00736648 2.05 6 4 0
2001 3 1 51 38.0523 0.015678 1.54917 12 74 0
2001 4 1 51 18.2815 0.00673349 1.72611 95 88 2
2001 5 1 51 0 0 1.51143 7 0 0
2001 6 1 51 0.546256 0.0070922 1.95556 9 1 0
2001 7 1 51 8.53098 0.00520769 1.62275 153 84 0
2001 8 1 51 0 0 1.66205 0 0 0
2001 9 1 51 6.59627 0.0117066 1.55522 23 45 0
2001 1 2 51 51.8429 0.0111159 1.5697 133 78 7
2001 2 2 51 4.83831 0.0092081 1.4 1 5 0
2001 3 2 51 23.1399 0.0095339 1.56437 16 45 0
2001 4 2 51 13.2956 0.00489708 1.66615 78 64 0
2001 5 2 51 0 0 1.46 2 0 0
2001 6 2 51 1.09251 0.0141844 1.61182 11 2 0
2001 7 2 51 5.58576 0.0034098 1.62268 112 55 1
2001 8 2 51 0 0 1.60779 0 0 0
2001 9 2 51 4.39751 0.00780437 1.60783 23 30 0
2001 1 1 52 53.1722 0.0114009 1.74549 164 80 8
2001 2 1 52 3.87065 0.00736648 2 2 4 0
2001 3 1 52 39.0807 0.0161017 1.61208 24 76 0
2001 4 1 52 20.9822 0.00772821 1.74299 97 101 2
2001 5 1 52 0 0 1.58 2 0 0
2001 6 1 52 1.09251 0.0141844 1.65 11 2 0
2001 7 1 52 13.2535 0.00809051 1.74984 182 130.5 2
2001 8 1 52 0 0 1.73398 0 0 0
2001 9 1 52 6.37639 0.0113163 1.66757 37 43.5 0
2001 1 2 52 41.8731 0.0089782 1.69025 162 63 4
2001 2 2 52 2.90299 0.00552486 1.76667 3 3 0
2001 3 2 52 38.0523 0.015678 1.7725 12 74 0
2001 4 2 52 15.9963 0.00589181 1.74886 79 77 0
2001 5 2 52 0 0 1.63 4 0 0
2001 6 2 52 0 0 1.65 6 0 0
2001 7 2 52 8.27708 0.0050527 1.68632 144 81.5 0
2001 8 2 52 0 0 1.69773 0 0 0
2001 9 2 52 4.61739 0.00819459 1.62903 31 31.5 0
2001 1 1 53 65.8006 0.0141086 1.83609 179 99 12
2001 2 1 53 3.87065 0.00736648 1.9375 4 4 0
2001 3 1 53 34.1956 0.014089 1.71 8 66.5 0
2001 4 1 53 24.3061 0.00895248 1.8239 118 117 5
2001 5 1 53 0 0 1.69 1 0 0
2001 6 1 53 0.546256 0.0070922 1.85727 11 1 0
2001 7 1 53 14.2691 0.00871048 1.81474 251 140.5 1
2001 8 1 53 0 0 1.715 2 0 0
2001 9 1 53 6.00993 0.010666 1.74349 43 41 0
2001 1 2 53 53.1722 0.0114009 1.81294 160 80 8
2001 2 2 53 0 0 1.825 4 0 0
2001 3 2 53 29.5676 0.0121822 1.822 10 57.5 0
2001 4 2 53 27.63 0.0101768 1.889 100 133 2
2001 5 2 53 0 0 2.14 1 0 0
2001 6 2 53 1.09251 0.0141844 1.78833 12 2 0
2001 7 2 53 11.3239 0.00691259 1.82904 240 111.5 1
2001 8 2 53 0 0 1.83291 0 0 0
2001 9 2 53 5.57018 0.00988554 1.80194 36 38 0
2001 1 1 54 69.1239 0.0148211 1.88505 202 104 9
2001 2 1 54 3.87065 0.00736648 2 2 4 0
2001 3 1 54 41.6518 0.017161 1.83571 7 81 0
2001 4 1 54 30.1229 0.011095 2.0276 154 145 4
2001 5 1 54 0 0 1.97667 3 0 0
2001 6 1 54 1.09251 0.0141844 1.99 10 2 0
2001 7 1 54 18.89 0.0115313 1.91967 301 186 1
2001 8 1 54 0 0 1.92709 0 0 0
2001 9 1 54 9.08819 0.016129 1.83019 52 62 0
2001 1 2 54 71.7825 0.0153912 1.87421 152 108 9
2001 2 2 54 2.90299 0.00552486 2.075 4 3 0
2001 3 2 54 33.4243 0.0137712 1.862 10 65 0
2001 4 2 54 27.0068 0.0099472 2.00096 125 130 2
2001 5 2 54 0 0 2.12667 3 0 0
2001 6 2 54 1.09251 0.0141844 1.84619 21 2 0
2001 7 2 54 12.6949 0.00774954 1.91962 260 125 0
2001 8 2 54 0 0 1.73 1 0 0
2001 9 2 54 6.44969 0.0114464 1.72676 37 44 0
2001 1 1 55 69.4562 0.0148924 2.01147 211 104.5 11
2001 2 1 55 0.967663 0.00184162 2.01667 3 1 0
2001 3 1 55 38.5665 0.0158898 2.08667 9 75 0
2001 4 1 55 39.8869 0.0146913 2.23956 158 192 3
2001 5 1 55 0 0 1.875 2 0 0
2001 6 1 55 0.546256 0.0070922 2.03444 18 1 0
2001 7 1 55 23.968 0.0146311 2.03072 345 236 3
2001 8 1 55 0 0 2.0597 0 0 0
2001 9 1 55 10.8472 0.0192508 1.90698 53 74 0
2001 1 2 55 65.4683 0.0140373 2.01639 158 98.5 10
2001 2 2 55 1.93533 0.00368324 2.9 4 2 0
2001 3 2 55 32.3958 0.0133475 1.97647 17 63 0
2001 4 2 55 33.0314 0.0121662 2.06893 169 159 1
2001 5 2 55 0 0 2.05 4 0 0
2001 6 2 55 0 0 1.8455 20 0 0
2001 7 2 55 14.4214 0.00880347 2.00143 287 142 0
2001 8 2 55 0 0 2.01445 0 0 0
2001 9 2 55 6.74285 0.0119667 1.89042 48 46 0
2001 1 1 56 69.7885 0.0149637 2.16706 238 105 14
2001 2 1 56 4.83831 0.0092081 2.23333 6 5 0
2001 3 1 56 32.3958 0.0133475 1.98063 16 63 0
2001 4 1 56 42.1721 0.0155329 2.23206 180 203 3
2001 5 1 56 0 0 2.15 2 0 0
2001 6 1 56 0.546256 0.0070922 2.07333 12 1 0
2001 7 1 56 24.6789 0.0150651 2.11596 394 243 3
2001 8 1 56 0 0 1.63 1 0 0
2001 9 1 56 10.9938 0.0195109 2.00348 66 75 0
2001 1 2 56 57.8248 0.0123985 2.18201 159 87 12
2001 2 2 56 5.80598 0.0110497 2.5 1 6 0
2001 3 2 56 37.0238 0.0152542 2.13692 13 72 0
2001 4 2 56 39.4714 0.0145382 2.15533 169 190 0
2001 5 2 56 0 0 1.73333 3 0 0
2001 6 2 56 0 0 2.22667 15 0 0
2001 7 2 56 17.062 0.0104154 2.15239 368 168 2
2001 8 2 56 0 0 2.15182 0 0 0
2001 9 2 56 9.9677 0.0176899 2.01463 41 68 0
2001 1 1 57 70.7855 0.0151774 2.30801 216 106.5 6
2001 2 1 57 0.967663 0.00184162 2.16 5 1 0
2001 3 1 57 42.166 0.0173729 2.50333 15 82 0
2001 4 1 57 44.6651 0.0164511 2.33912 194 215 3
2001 5 1 57 0 0 1.995 8 0 0
2001 6 1 57 1.63877 0.0212766 2.28654 26 3 0
2001 7 1 57 29.8584 0.0182269 2.22152 473 294 5
2001 8 1 57 0 0 1.89 2 0 0
2001 9 1 57 11.2137 0.0199011 2.14231 65 76.5 0
2001 1 2 57 73.4441 0.0157475 2.26626 190 110.5 7
2001 2 2 57 2.90299 0.00552486 2.78333 3 3 0
2001 3 2 57 42.6802 0.0175847 2.30563 16 83 0
2001 4 2 57 42.1721 0.0155329 2.3055 211 203 1
2001 5 2 57 0 0 2.12 4 0 0
2001 6 2 57 0.546256 0.0070922 2.2352 25 1 0
2001 7 2 57 21.6321 0.0132052 2.21643 392 213 3
2001 8 2 57 0 0 2.24255 0 0 0
2001 9 2 57 9.8944 0.0175598 2.04458 48 67.5 0
2001 1 1 58 89.3958 0.0191677 2.45313 243 134.5 9
2001 2 1 58 10.6443 0.0202578 2.25 3 11 0
2001 3 1 58 38.0523 0.015678 2.3624 25 74 0
2001 4 1 58 46.5348 0.0171398 2.50584 238 224 5
2001 5 1 58 0 0 2.3 1 0 0
2001 6 1 58 0 0 2.235 18 0 0
2001 7 1 58 37.2215 0.0227216 2.31061 559 366.5 6
2001 8 1 58 0 0 1.94 1 0 0
2001 9 1 58 12.6062 0.0223725 2.15333 72 86 0
2001 1 2 58 74.7734 0.0160325 2.28831 172 112.5 6
2001 2 2 58 4.83831 0.0092081 2.72 5 5 0
2001 3 2 58 29.8247 0.0122881 2.38063 16 58 0
2001 4 2 58 43.0031 0.015839 2.42865 192 207 5
2001 5 2 58 0 0 2.22667 3 0 0
2001 6 2 58 1.09251 0.0141844 2.3775 24 2 0
2001 7 2 58 27.4718 0.01677 2.37421 416 270.5 3
2001 8 2 58 0 0 2.3 1 0 0
2001 9 2 58 8.94161 0.0158689 2.24511 47 61 0
2001 1 1 59 88.3988 0.018954 2.57415 248 133 13
2001 2 1 59 7.7413 0.014733 2.85 5 8 0
2001 3 1 59 38.0523 0.015678 2.42174 23 74 0
2001 4 1 59 51.5206 0.0189762 2.56123 228 248 6
2001 5 1 59 0 0 2.31 4 0 0
2001 6 1 59 1.09251 0.0141844 2.33733 30 2 0
2001 7 1 59 35.7997 0.0218537 2.44044 572 352.5 4
2001 8 1 59 0 0 2.04 1 0 0
2001 9 1 59 12.3863 0.0219823 2.40535 71 84.5 0
2001 1 2 59 63.8067 0.0136811 2.50343 172 96 7
2001 2 2 59 8.70897 0.0165746 2.96429 7 9 0
2001 3 2 59 34.4527 0.0141949 2.4292 25 67 0
2001 4 2 59 43.2108 0.0159155 2.57961 204 208 6
2001 5 2 59 0 0 2.29 6 0 0
2001 6 2 59 1.63877 0.0212766 2.5 20 3 0
2001 7 2 59 29.2999 0.0178859 2.46974 498 288.5 6
2001 8 2 59 0 0 2.65 1 0 0
2001 9 2 59 11.5068 0.0204214 2.36839 62 78.5 0
2001 1 1 60 102.357 0.0219467 2.70651 281 154 18
2001 2 1 60 8.70897 0.0165746 2.66 5 9 0
2001 3 1 60 35.9954 0.0148305 2.58944 18 70 0
2001 4 1 60 58.5839 0.0215778 2.7747 249 282 2
2001 5 1 60 0 0 2.325 2 0 0
2001 6 1 60 1.63877 0.0212766 2.45667 33 3 0
2001 7 1 60 45.2954 0.0276503 2.55516 630 446 4
2001 8 1 60 0 0 2.62324 0 0 0
2001 9 1 60 15.0248 0.0266649 2.46069 72 102.5 0
2001 1 2 60 64.4713 0.0138236 2.60481 210 97 12
2001 2 2 60 11.612 0.0220994 2.88333 6 12 0
2001 3 2 60 40.1091 0.0165254 2.69615 13 78 0
2001 4 2 60 47.989 0.0176754 2.67763 236 231 2
2001 5 2 60 0 0 2.37333 6 0 0
2001 6 2 60 1.09251 0.0141844 2.5213 23 2 0
2001 7 2 60 31.8896 0.0194668 2.58384 567 314 3
2001 8 2 60 0 0 2.575 2 0 0
2001 9 2 60 11.2137 0.0199011 2.44047 64 76.5 0
2001 1 1 61 101.36 0.0217329 2.8422 282 152.5 13
2001 2 1 61 9.67663 0.0184162 3.21 5 10 0
2001 3 1 61 46.794 0.0192797 2.80786 28 91 0
2001 4 1 61 61.2846 0.0225725 2.90664 271 295 7
2001 5 1 61 0 0 2.28125 8 0 0
2001 6 1 61 0 0 2.72818 33 0 0
2001 7 1 61 46.0571 0.0281153 2.65562 649 453.5 3
2001 8 1 61 0 0 2.345 2 0 0
2001 9 1 61 14.7317 0.0261446 2.5685 80 100.5 0
2001 1 2 61 64.8036 0.0138948 2.86252 226 97.5 11
2001 2 2 61 11.612 0.0220994 3.11667 3 12 0
2001 3 2 61 37.538 0.0154661 2.83207 29 73 0
2001 4 2 61 58.3762 0.0215013 2.86423 239 281 4
2001 5 2 61 0 0 2.52818 11 0 0
2001 6 2 61 0.546256 0.0070922 2.65911 45 1 0
2001 7 2 61 37.1199 0.0226596 2.74129 605 365.5 1
2001 8 2 61 0 0 2.5 2 0 0
2001 9 2 61 12.0932 0.021462 2.49176 51 82.5 0
2001 1 1 62 110.665 0.0237281 2.94107 327 166.5 16
2001 2 1 62 9.67663 0.0184162 3.05 7 10 0
2001 3 1 62 41.6518 0.017161 2.92647 34 81 0
2001 4 1 62 60.2459 0.0221899 2.99546 315 290 6
2001 5 1 62 0 0 2.59 4 0 0
2001 6 1 62 1.09251 0.0141844 2.75022 45 2 0
2001 7 1 62 46.6157 0.0284563 2.84277 621 459 5
2001 8 1 62 0 0 2.3 1 0 0
2001 9 1 62 12.4596 0.0221124 2.6936 89 85 0
2001 1 2 62 71.4502 0.0153199 2.96612 224 107.5 11
2001 2 2 62 12.5796 0.0239411 3.03 5 13 0
2001 3 2 62 46.2798 0.0190678 2.88846 26 90 0
2001 4 2 62 55.6755 0.0205065 2.99373 284 268 7
2001 5 2 62 0 0 2.674 5 0 0
2001 6 2 62 0.546256 0.0070922 2.80625 32 1 0
2001 7 2 62 43.3658 0.0264724 2.85303 621 427 1
2001 8 2 62 0 0 2.45 3 0 0
2001 9 2 62 13.046 0.023153 2.64162 74 89 0
2001 1 1 63 117.976 0.0252957 3.09365 299 177.5 16
2001 2 1 63 16.4503 0.0313076 3.86 5 17 0
2001 3 1 63 50.9078 0.0209746 2.99029 35 99 0
2001 4 1 63 73.957 0.02724 3.17765 307 356 6
2001 5 1 63 0 0 2.635 6 0 0
2001 6 1 63 2.73128 0.035461 2.77408 49 5 0
2001 7 1 63 45.8032 0.0279603 2.91721 730 451 4
2001 8 1 63 0 0 2.96 1 0 0
2001 9 1 63 16.8571 0.0299168 2.82247 77 115 0
2001 1 2 63 92.0544 0.0197378 3.18281 231 138.5 12
2001 2 2 63 10.6443 0.0202578 3.525 2 11 0
2001 3 2 63 44.7371 0.0184322 3.145 22 87 0
2001 4 2 63 60.6614 0.0223429 3.07793 275 292 5
2001 5 2 63 0 0 2.67556 9 0 0
2001 6 2 63 1.63877 0.0212766 2.99523 44 3 0
2001 7 2 63 44.2799 0.0270304 2.98918 661 436 6
2001 8 2 63 0 0 2.65 2 0 0
2001 9 2 63 12.8994 0.0228928 2.85218 78 88 0
2001 1 1 64 95.3777 0.0204503 3.31709 289 143.5 10
2001 2 1 64 7.7413 0.014733 4.1375 4 8 0
2001 3 1 64 40.1091 0.0165254 3.33515 33 78 0
2001 4 1 64 67.1015 0.024715 3.29321 293 323 5
2001 5 1 64 0 0 2.99 4 0 0
2001 6 1 64 3.27754 0.0425532 3.00673 55 6 0
2001 7 1 64 50.8812 0.0310601 3.06519 734 501 8
2001 8 1 64 0 0 2.04 1 0 0
2001 9 1 64 12.8261 0.0227627 2.99816 87 87.5 0
2001 1 2 64 92.0544 0.0197378 3.25726 237 138.5 12
2001 2 2 64 10.6443 0.0202578 3.625 2 11 0
2001 3 2 64 41.6518 0.017161 3.15692 26 81 0
2001 4 2 64 72.7106 0.0267809 3.25924 341 350 6
2001 5 2 64 0 0 3.02667 6 0 0
2001 6 2 64 2.18502 0.0283688 2.9774 50 4 0
2001 7 2 64 46.311 0.0282703 3.14824 712 456 7
2001 8 2 64 0 0 3.17383 0 0 0
2001 9 2 64 17.077 0.030307 2.95638 94 116.5 0
2001 1 1 65 101.36 0.0217329 3.39488 291 152.5 16
2001 2 1 65 12.5796 0.0239411 4.03333 6 13 0
2001 3 1 65 42.6802 0.0175847 3.32286 28 83 0
2001 4 1 65 61.4924 0.022649 3.50653 331 296 4
2001 5 1 65 0 0 2.76143 7 0 0
2001 6 1 65 3.27754 0.0425532 3.23444 63 6 0
2001 7 1 65 48.85 0.0298202 3.20063 709 481 5
2001 8 1 65 0 0 3.4 2 0 0
2001 9 1 65 12.2397 0.0217222 3.06918 61 83.5 0
2001 1 2 65 78.0967 0.016745 3.52263 247 117.5 8
2001 2 2 65 12.5796 0.0239411 3.5 3 13 0
2001 3 2 65 38.0523 0.015678 3.48 29 74 0
2001 4 2 65 70.8409 0.0260923 3.39964 333 341 5
2001 5 2 65 0 0 2.904 10 0 0
2001 6 2 65 1.09251 0.0141844 3.24904 52 2 0
2001 7 2 65 49.2563 0.0300682 3.27475 682 485 6
2001 8 2 65 0 0 3.27 2 0 0
2001 9 2 65 15.4646 0.0274454 3.165 80 105.5 0
2001 1 1 66 89.7281 0.019239 3.55934 287 135 14
2001 2 1 66 20.3209 0.038674 4.25 3 21 0
2001 3 1 66 39.5949 0.0163136 3.52143 28 77 0
2001 4 1 66 63.7776 0.0234907 3.61867 323 307 3
2001 5 1 66 0 0 3.426 5 0 0
2001 6 1 66 1.63877 0.0212766 3.2364 50 3 0
2001 7 1 66 44.94 0.0274334 3.35775 658 442.5 4
2001 8 1 66 0 0 3.45636 0 0 0
2001 9 1 66 14.2186 0.0252341 3.30721 68 97 0
2001 1 2 66 79.0937 0.0169588 3.66658 231 119 13
2001 2 2 66 15.4826 0.0294659 4.6625 4 16 0
2001 3 2 66 35.4812 0.0146186 3.55833 24 69 0
2001 4 2 66 76.0345 0.0280052 3.55879 346 366 5
2001 5 2 66 0 0 3.04 7 0 0
2001 6 2 66 2.73128 0.035461 3.30467 60 5 0
2001 7 2 66 49.6117 0.0302852 3.4164 695 488.5 3
2001 8 2 66 0 0 3.3 1 0 0
2001 9 2 66 15.2447 0.0270552 3.21477 65 104 0
2001 1 1 67 97.7039 0.0209491 3.75898 275 147 23
2001 2 1 67 13.5473 0.0257827 4.56167 6 14 0
2001 3 1 67 29.3105 0.0120763 3.74321 28 57 0
2001 4 1 67 59.8304 0.0220369 3.75885 279 288 1
2001 5 1 67 0 0 3.59143 7 0 0
2001 6 1 67 3.27754 0.0425532 3.48194 62 6 0
2001 7 1 67 40.6745 0.0248295 3.46702 644 400.5 6
2001 8 1 67 0 0 3.335 2 0 0
2001 9 1 67 14.9515 0.0265349 3.36443 70 102 0
2001 1 2 67 92.3867 0.019809 3.73783 253 139 14
2001 2 2 67 3.87065 0.00736648 4.33 5 4 0
2001 3 2 67 40.6234 0.0167373 3.5456 25 79 0
2001 4 2 67 77.6964 0.0286173 3.74432 333 374 3
2001 5 2 67 0 0 3.16889 9 0 0
2001 6 2 67 1.63877 0.0212766 3.3668 75 3 0
2001 7 2 67 45.3462 0.0276813 3.5699 705 446.5 3
2001 8 2 67 0 0 3.3325 4 0 0
2001 9 2 67 13.3391 0.0236733 3.31586 70 91 0
2001 1 1 68 87.4018 0.0187402 3.8272 254 131.5 15
2001 2 1 68 16.4503 0.0313076 3.74054 0 17 0
2001 3 1 68 33.9385 0.0139831 3.90333 12 66 0
2001 4 1 68 60.4536 0.0222664 3.94324 275 291 3
2001 5 1 68 0 0 3.53222 9 0 0
2001 6 1 68 1.63877 0.0212766 3.648 60 3 0
2001 7 1 68 32.956 0.0201178 3.63498 600 324.5 7
2001 8 1 68 0 0 3.52 2 0 0
2001 9 1 68 12.8994 0.0228928 3.57373 51 88 0
2001 1 2 68 81.4199 0.0174576 3.96636 239 122.5 12
2001 2 2 68 12.5796 0.0239411 4.86667 3 13 0
2001 3 2 68 38.0523 0.015678 3.83625 16 74 0
2001 4 2 68 72.5028 0.0267044 3.85067 371 349 2
2001 5 2 68 0 0 3.4875 8 0 0
2001 6 2 68 1.09251 0.0141844 3.55857 42 2 0
2001 7 2 68 46.0571 0.0281153 3.7476 680 453.5 3
2001 8 2 68 0 0 3.705 4 0 0
2001 9 2 68 15.3913 0.0273153 3.54015 68 105 0
2001 1 1 69 83.7462 0.0179564 4.03573 246 126 15
2001 2 1 69 8.70897 0.0165746 4.8 1 9 0
2001 3 1 69 32.9101 0.0135593 3.979 10 64 0
2001 4 1 69 49.4432 0.018211 4.02378 249 238 3
2001 5 1 69 0 0 3.5675 4 0 0
2001 6 1 69 0.546256 0.0070922 3.788 40 1 0
2001 7 1 69 31.1279 0.0190019 3.76492 559 306.5 7
2001 8 1 69 0 0 3.87858 0 0 0
2001 9 1 69 11.0671 0.019641 3.70128 47 75.5 0
2001 1 2 69 98.3686 0.0210916 4.15412 255 148 11
2001 2 2 69 10.6443 0.0202578 4.6 3 11 0
2001 3 2 69 31.3674 0.0129237 3.818 25 61 0
2001 4 2 69 67.7247 0.0249445 4.0711 326 326 4
2001 5 2 69 0 0 3.762 5 0 0
2001 6 2 69 2.18502 0.0283688 3.83175 40 4 0
2001 7 2 69 43.8228 0.0267514 3.87883 650 431.5 5
2001 8 2 69 0 0 3.44333 3 0 0
2001 9 2 69 12.2397 0.0217222 3.72922 64 83.5 0
2001 1 1 70 70.4532 0.0151062 4.28726 234 106 14
2001 2 1 70 12.5796 0.0239411 4.7 2 13 0
2001 3 1 70 34.9669 0.0144068 4.22273 11 68 0
2001 4 1 70 46.327 0.0170633 4.31781 242 223 5
2001 5 1 70 0 0 3.785 6 0 0
2001 6 1 70 2.18502 0.0283688 3.95116 43 4 0
2001 7 1 70 23.3586 0.0142591 3.97662 524 230 7
2001 8 1 70 0 0 3.93 2 0 0
2001 9 1 70 10.4074 0.0184703 4.03795 44 71 0
2001 1 2 70 90.3928 0.0193815 4.40439 244 136 11
2001 2 2 70 8.70897 0.0165746 4.95 2 9 0
2001 3 2 70 33.9385 0.0139831 4.17625 16 66 0
2001 4 2 70 63.9853 0.0235672 4.24988 322 308 4
2001 5 2 70 0 0 3.56833 6 0 0
2001 6 2 70 1.09251 0.0141844 3.945 52 2 0
2001 7 2 70 38.3894 0.0234346 4.07071 630 378 4
2001 8 2 70 0 0 3.67 1 0 0
2001 9 2 70 15.831 0.0280957 3.93043 70 108 0
2001 1 1 71 67.4622 0.0144649 4.44922 230 101.5 17
2001 2 1 71 12.5796 0.0239411 4.28431 0 13 0
2001 3 1 71 30.339 0.0125 4.52273 11 59 0
2001 4 1 71 37.394 0.0137731 4.42725 222 180 1
2001 5 1 71 0 0 3.83 5 0 0
2001 6 1 71 1.09251 0.0141844 4.14294 34 2 0
2001 7 1 71 20.9212 0.0127712 4.16201 442 206 4
2001 8 1 71 0 0 4 2 0 0
2001 9 1 71 6.08323 0.010796 3.99838 37 41.5 0
2001 1 2 71 77.432 0.0166025 4.54118 237 116.5 16
2001 2 2 71 6.77364 0.0128913 5.3 1 7 0
2001 3 2 71 21.5972 0.00889831 4.50941 17 42 0
2001 4 2 71 52.5594 0.0193588 4.47201 288 253 2
2001 5 2 71 0 0 3.73333 9 0 0
2001 6 2 71 2.18502 0.0283688 4.22809 47 4 0
2001 7 2 71 35.7489 0.0218227 4.2706 582 352 6
2001 8 2 71 0 0 4 1 0 0
2001 9 2 71 10.4807 0.0186004 4.17122 49 71.5 0
2001 1 1 72 50.5136 0.0108308 4.64014 218 76 16
2001 2 1 72 7.7413 0.014733 4.43644 0 8 0
2001 3 1 72 21.083 0.00868644 4.52438 16 41 0
2001 4 1 72 30.3307 0.0111715 4.54494 164 146 1
2001 5 1 72 0 0 3.84 4 0 0
2001 6 1 72 0 0 4.17969 32 0 0
2001 7 1 72 16.4018 0.0100124 4.30789 384 161.5 3
2001 8 1 72 0 0 4.43644 0 0 0
2001 9 1 72 5.13043 0.0091051 4.31903 31 35 0
2001 1 2 72 56.4955 0.0121134 4.83394 231 85 14
2001 2 2 72 7.7413 0.014733 4.9 1 8 0
2001 3 2 72 20.5688 0.00847458 4.47 13 40 0
2001 4 2 72 44.8728 0.0165277 4.66771 236 216 3
2001 5 2 72 0 0 4.1575 8 0 0
2001 6 2 72 1.63877 0.0212766 4.34292 48 3 0
2001 7 2 72 28.1827 0.017204 4.47325 493 277.5 2
2001 8 2 72 0 0 4.02333 3 0 0
2001 9 2 72 8.50186 0.0150884 4.19349 43 58 0
2001 1 1 73 35.8912 0.0076956 4.84544 195 54 17
2001 2 1 73 5.80598 0.0110497 4.60972 0 6 0
2001 3 1 73 20.5688 0.00847458 4.91364 11 40 0
2001 4 1 73 24.9293 0.00918203 4.69719 139 120 3
2001 5 1 73 0 0 4.95 2 0 0
2001 6 1 73 0.546256 0.0070922 4.3896 25 1 0
2001 7 1 73 13.4058 0.00818351 4.46289 315 132 2
2001 8 1 73 0 0 4.60972 0 0 0
2001 9 1 73 6.00993 0.010666 4.30412 34 41 0
2001 1 2 73 65.136 0.0139661 5.01065 215 98 13
2001 2 2 73 12.5796 0.0239411 4.74144 0 13 0
2001 3 2 73 24.6826 0.0101695 4.64143 7 48 0
2001 4 2 73 46.5348 0.0171398 4.78634 227 224 6
2001 5 2 73 0 0 4.31 8 0 0
2001 6 2 73 3.82379 0.0496454 4.61129 31 7 0
2001 7 2 73 25.9992 0.015871 4.64012 493 256 3
2001 8 2 73 0 0 4.39 2 0 0
2001 9 2 73 7.1826 0.0127471 4.45281 32 49 0
2001 1 1 74 33.8973 0.00726806 5.11652 181 51 20
2001 2 1 74 4.83831 0.0092081 4.87713 0 5 0
2001 3 1 74 26.2252 0.0108051 4.16 3 51 0
2001 4 1 74 22.0209 0.0081108 5.04192 130 106 4
2001 5 1 74 0 0 4.445 4 0 0
2001 6 1 74 1.09251 0.0141844 4.52938 16 2 0
2001 7 1 74 10.5622 0.00644761 4.68767 262 104 2
2001 8 1 74 0 0 4.87713 0 0 0
2001 9 1 74 2.93168 0.00520291 4.64083 24 20 0
2001 1 2 74 54.5015 0.0116859 5.19263 198 82 10
2001 2 2 74 9.67663 0.0184162 4.93744 0 10 0
2001 3 2 74 24.6826 0.0101695 4.96125 8 48 0
2001 4 2 74 38.225 0.0140791 5.0045 191 184 2
2001 5 2 74 0 0 4.596 10 0 0
2001 6 2 74 1.63877 0.0212766 4.53971 34 3 0
2001 7 2 74 20.2103 0.0123373 4.87261 383 199 2
2001 8 2 74 0 0 4.93744 0 0 0
2001 9 2 74 6.59627 0.0117066 4.41929 42 45 0
2001 1 1 75 24.9245 0.00534416 5.25613 155 37.5 17
2001 2 1 75 1.93533 0.00368324 5.02682 0 2 0
2001 3 1 75 22.6257 0.00932203 4.99167 6 44 0
2001 4 1 75 20.7744 0.00765169 5.16933 105 100 2
2001 5 1 75 0 0 4.69 1 0 0
2001 6 1 75 0.546256 0.0070922 4.65412 17 1 0
2001 7 1 75 6.2459 0.00381277 4.86162 247 61.5 3
2001 8 1 75 0 0 5.02682 0 0 0
2001 9 1 75 2.78509 0.00494277 4.89864 22 19 0
2001 1 2 75 51.5106 0.0110446 5.47137 160 77.5 12
2001 2 2 75 5.80598 0.0110497 5.13185 0 6 0
2001 3 2 75 26.2252 0.0108051 4.93333 9 51 0
2001 4 2 75 34.4856 0.0127018 5.18159 170 166 2
2001 5 2 75 0 0 4.96857 7 0 0
2001 6 2 75 2.73128 0.035461 4.81406 32 5 0
2001 7 2 75 14.6753 0.00895846 5.03572 367 144.5 7
2001 8 2 75 0 0 4.4 1 0 0
2001 9 2 75 4.39751 0.00780437 4.64357 28 30 0
2001 1 1 76 19.9396 0.00427533 5.4007 128 30 12
2001 2 1 76 1.93533 0.00368324 5.20558 0 2 0
2001 3 1 76 16.455 0.00677966 5.17857 7 32 0
2001 4 1 76 12.4647 0.00459102 5.35439 82 60 1
2001 5 1 76 0 0 4.7 6 0 0
2001 6 1 76 0.546256 0.0070922 5.282 10 1 0
2001 7 1 76 7.87085 0.00480471 5.0403 202 77.5 2
2001 8 1 76 0 0 5.20558 0 0 0
2001 9 1 76 1.46584 0.00260146 5.12706 17 10 0
2001 1 2 76 35.8912 0.0076956 5.67157 166 54 17
2001 2 2 76 5.80598 0.0110497 5.38339 0 6 0
2001 3 2 76 23.6541 0.00974576 5.30833 6 46 0
2001 4 2 76 26.1758 0.00964114 5.38466 133 126 0
2001 5 2 76 0 0 5.005 2 0 0
2001 6 2 76 1.09251 0.0141844 5.04688 16 2 0
2001 7 2 76 14.1675 0.00864848 5.25664 301 139.5 2
2001 8 2 76 0 0 6.7 1 0 0
2001 9 2 76 3.22484 0.0057232 5.25257 35 22 0
2001 1 1 77 13.9577 0.00299273 5.74453 137 21 11
2001 2 1 77 2.90299 0.00552486 5.46633 0 3 0
2001 3 1 77 14.9124 0.00614407 6.11 5 29 0
2001 4 1 77 12.0492 0.00443798 5.58982 56 58 2
2001 5 1 77 0 0 4.975 2 0 0
2001 6 1 77 1.09251 0.0141844 4.86778 18 2 0
2001 7 1 77 5.38264 0.0032858 5.26137 153 53 1
2001 8 1 77 0 0 5.46633 0 0 0
2001 9 1 77 1.31925 0.00234131 4.953 10 9 0
2001 1 2 77 35.8912 0.0076956 6.06985 132 54 13
2001 2 2 77 2.90299 0.00552486 6 1 3 0
2001 3 2 77 17.9977 0.00741525 5.72 8 35 0
2001 4 2 77 26.5913 0.00979417 5.65569 137 128 1
2001 5 2 77 0 0 4.83714 7 0 0
2001 6 2 77 2.18502 0.0283688 5.61889 18 4 0
2001 7 2 77 10.4606 0.00638562 5.46667 285 103 8
2001 8 2 77 0 0 5.62131 0 0 0
2001 9 2 77 2.63851 0.00468262 4.91773 22 18 0
2001 1 1 78 13.9577 0.00299273 5.96302 126 21 11
2001 2 1 78 2.90299 0.00552486 5.71649 0 3 0
2001 3 1 78 9.25596 0.00381356 6.165 2 18 0
2001 4 1 78 11.2182 0.00413192 5.73833 48 54 0
2001 5 1 78 0 0 4.9 2 0 0
2001 6 1 78 0 0 5.5 12 0 0
2001 7 1 78 3.19912 0.00195288 5.48558 113 31.5 1
2001 8 1 78 0 0 5.71649 0 0 0
2001 9 1 78 0.293168 0.000520291 5.448 10 2 0
2001 1 2 78 21.9335 0.00470286 6.33561 148 33 10
2001 2 2 78 1.93533 0.00368324 5.82358 0 2 0
2001 3 2 78 8.22752 0.00338983 5.775 6 16 0
2001 4 2 78 22.4364 0.00826383 5.65417 115 108 1
2001 5 2 78 0 0 5.27 6 0 0
2001 6 2 78 1.09251 0.0141844 5.54214 14 2 0
2001 7 2 78 6.34746 0.00387477 5.63845 226 62.5 2
2001 8 2 78 0 0 5.82358 0 0 0
2001 9 2 78 1.31925 0.00234131 5.44 18 9 0
2001 1 1 79 12.6284 0.00270771 6.35391 115 19 16
2001 2 1 79 0 0 5.975 0 0 0
2001 3 1 79 5.1422 0.00211864 5.01667 3 10 0
2001 4 1 79 8.30978 0.00306068 6.00263 38 40 1
2001 5 1 79 0 0 4.69 1 0 0
2001 6 1 79 0.546256 0.0070922 5.562 5 1 0
2001 7 1 79 2.84366 0.0017359 5.67425 106 28 1
2001 8 1 79 0 0 6.22 1 0 0
2001 9 1 79 0.439751 0.000780437 5.22333 9 3 0
2001 1 2 79 24.5921 0.00527291 6.53468 139 37 12
2001 2 2 79 2.90299 0.00552486 6.03316 0 3 0
2001 3 2 79 12.8555 0.00529661 6.2 3 25 0
2001 4 2 79 17.2428 0.00635091 5.9799 104 83 3
2001 5 2 79 0 0 6.025 4 0 0
2001 6 2 79 0 0 5.678 10 0 0
2001 7 2 79 7.21071 0.00440174 5.7851 206 71 3
2001 8 2 79 0 0 6.03316 0 0 0
2001 9 2 79 1.17267 0.00208117 5.67643 28 8 0
2001 1 1 80 9.96979 0.00213767 6.5832 103 15 13
2001 2 1 80 1.93533 0.00368324 6.33229 0 2 0
2001 3 1 80 7.19908 0.0029661 6.33229 0 14 0
2001 4 1 80 5.81685 0.00214247 6.58333 36 28 0
2001 5 1 80 0 0 6.33229 0 0 0
2001 6 1 80 0.546256 0.0070922 6.184 5 1 0
2001 7 1 80 3.40224 0.00207688 5.98678 87 33.5 2
2001 8 1 80 0 0 6.33229 0 0 0
2001 9 1 80 0.586335 0.00104058 6.04071 14 4 0
2001 1 2 80 25.9215 0.00555793 6.83492 132 39 18
2001 2 2 80 0 0 6.38746 0 0 0
2001 3 2 80 11.8271 0.00487288 6.73333 3 23 0
2001 4 2 80 14.3344 0.00527967 6.54084 83 69 1
2001 5 2 80 0 0 5.856 5 0 0
2001 6 2 80 0.546256 0.0070922 5.67077 13 1 0
2001 7 2 80 7.56617 0.00461872 6.13049 206 74.5 1
2001 8 2 80 0 0 6.38746 0 0 0
2001 9 2 80 0.732919 0.00130073 5.94722 18 5 0
2001 1 1 81 6.64653 0.00142511 7.00177 96 10 14
2001 2 1 81 2.90299 0.00552486 6.63177 0 3 0
2001 3 1 81 5.1422 0.00211864 6.315 4 10 0
2001 4 1 81 4.98587 0.00183641 6.79469 32 24 0
2001 5 1 81 0 0 5.175 2 0 0
2001 6 1 81 0 0 5.97 3 0 0
2001 7 1 81 2.4882 0.00151891 5.9364 50 24.5 0
2001 8 1 81 0 0 6.63177 0 0 0
2001 9 1 81 0.879503 0.00156087 6.672 5 6 0
2001 1 2 81 15.287 0.00327775 7.0569 100 23 15
2001 2 2 81 4.83831 0.0092081 6.67109 0 5 0
2001 3 2 81 9.77018 0.00402542 6.085 2 19 0
2001 4 2 81 13.7111 0.00505012 6.65031 65 66 0
2001 5 2 81 0 0 5.75 2 0 0
2001 6 2 81 0.546256 0.0070922 6.25 9 1 0
2001 7 2 81 6.34746 0.00387477 6.547 160 62.5 5
2001 8 2 81 0 0 6.67109 0 0 0
2001 9 2 81 0.879503 0.00156087 6.1425 20 6 0
2001 1 1 82 8.64048 0.00185264 7.14808 73 13 14
2001 2 1 82 0 0 6.86335 0 0 0
2001 3 1 82 2.05688 0.000847458 7.1 1 4 0
2001 4 1 82 3.53166 0.00130079 7.09696 23 17 1
2001 5 1 82 0 0 6.86335 0 0 0
2001 6 1 82 0 0 6.624 5 0 0
2001 7 1 82 2.08197 0.00127092 6.38979 47 20.5 2
2001 8 1 82 0 0 6.86335 0 0 0
2001 9 1 82 0.439751 0.000780437 6.37333 6 3 0
2001 1 2 82 16.6163 0.00356278 7.33839 118 25 12
2001 2 2 82 1.93533 0.00368324 6.93088 0 2 0
2001 3 2 82 8.74174 0.00360169 7.4 5 17 0
2001 4 2 82 10.8027 0.00397888 6.85733 45 52 1
2001 5 2 82 0 0 6 2 0 0
2001 6 2 82 0 0 6.33091 11 0 0
2001 7 2 82 4.31627 0.00263484 6.75737 133 42.5 1
2001 8 2 82 0 0 6.93088 0 0 0
2001 9 2 82 1.75901 0.00312175 5.81786 14 12 0
2001 1 1 83 7.31118 0.00156762 7.31047 85 11 14
2001 2 1 83 1.93533 0.00368324 7.00455 0 2 0
2001 3 1 83 4.11376 0.00169492 7.00455 0 8 0
2001 4 1 83 5.40136 0.00198944 6.92 17 26 0
2001 5 1 83 0 0 7.00455 0 0 0
2001 6 1 83 0 0 7.00455 0 0 0
2001 7 1 83 1.57417 0.000960942 6.4425 48 15.5 0
2001 8 1 83 0 0 7.00455 0 0 0
2001 9 1 83 0.439751 0.000780437 7.40667 6 3 0
2001 1 2 83 13.9577 0.00299273 7.78292 106 21 13
2001 2 2 83 1.93533 0.00368324 7.30742 0 2 0
2001 3 2 83 4.62798 0.00190678 8 2 9 0
2001 4 2 83 8.51752 0.00313719 7.075 52 41 0
2001 5 2 83 0 0 7.30742 0 0 0
2001 6 2 83 0 0 6.90375 8 0 0
2001 7 2 83 3.80847 0.00232486 7.07031 131 37.5 1
2001 8 2 83 0 0 7.30742 0 0 0
2001 9 2 83 1.90559 0.00338189 6.81545 11 13 0
2001 1 1 84 3.32326 0.000712555 7.65526 76 5 18
2001 2 1 84 0 0 7.35594 0 0 0
2001 3 1 84 2.5711 0.00105932 6.3 1 5 0
2001 4 1 84 3.53166 0.00130079 7.045 12 17 0
2001 5 1 84 0 0 7.35594 0 0 0
2001 6 1 84 0 0 7.26 4 0 0
2001 7 1 84 0.609356 0.000371978 6.92385 39 6 2
2001 8 1 84 0 0 7.35594 0 0 0
2001 9 1 84 0.293168 0.000520291 6.63 1 2 0
2001 1 2 84 10.6344 0.00228018 8.09634 82 16 11
2001 2 2 84 1.93533 0.00368324 7.43707 0 2 0
2001 3 2 84 7.7133 0.00317797 8.7 1 15 0
2001 4 2 84 6.64782 0.00244854 7.07463 41 32 0
2001 5 2 84 0 0 6.58333 3 0 0
2001 6 2 84 0 0 6.73667 6 0 0
2001 7 2 84 2.94522 0.00179789 7.14317 104 29 1
2001 8 2 84 0 0 7.43707 0 0 0
2001 9 2 84 0.293168 0.000520291 7.17583 12 2 0
2001 1 1 85 5.31722 0.00114009 8.06718 71 8 13
2001 2 1 85 0.967663 0.00184162 7.58203 0 1 0
2001 3 1 85 3.08532 0.00127119 7.58203 0 6 0
2001 4 1 85 0.415489 0.000153034 6.50308 13 2 0
2001 5 1 85 0 0 7.58203 0 0 0
2001 6 1 85 0 0 6.2 2 0 0
2001 7 1 85 1.67573 0.00102294 7.12872 39 16.5 1
2001 8 1 85 0 0 7.58203 0 0 0
2001 9 1 85 0.293168 0.000520291 7.59 3 2 0
2001 1 2 85 9.96979 0.00213767 8.25485 101 15 12
2001 2 2 85 3.87065 0.00736648 7.76333 0 4 0
2001 3 2 85 3.08532 0.00127119 8.775 2 6 0
2001 4 2 85 4.57038 0.00168337 7.51737 38 22 0
2001 5 2 85 0 0 7.52 4 0 0
2001 6 2 85 0 0 6.69818 11 0 0
2001 7 2 85 2.28508 0.00139492 7.45628 86 22.5 2
2001 8 2 85 0 0 7.76333 0 0 0
2001 9 2 85 0.732919 0.00130073 7.30286 7 5 0
2001 1 1 86 2.65861 0.000570044 8.40018 57 4 9
2001 2 1 86 0.967663 0.00184162 7.95161 0 1 0
2001 3 1 86 1.02844 0.000423729 7.95161 0 2 0
2001 4 1 86 0.830978 0.000306068 7.59875 8 4 1
2001 5 1 86 0 0 7.4 1 0 0
2001 6 1 86 0 0 7.95161 0 0 0
2001 7 1 86 1.01559 0.000619963 7.07667 24 10 1
2001 8 1 86 0 0 7.95161 0 0 0
2001 9 1 86 0.146584 0.000260146 7.55333 3 1 0
2001 1 2 86 11.9637 0.0025652 8.68037 82 18 10
2001 2 2 86 0.967663 0.00184162 8.12689 0 1 0
2001 3 2 86 5.65642 0.00233051 7.8 1 11 0
2001 4 2 86 7.27106 0.00267809 8.15297 37 35 1
2001 5 2 86 0 0 7.65 1 0 0
2001 6 2 86 0 0 7.59167 6 0 0
2001 7 2 86 3.45302 0.00210787 7.73362 69 34 0
2001 8 2 86 0 0 8.12689 0 0 0
2001 9 2 86 1.17267 0.00208117 6.95769 13 8 0
2001 1 1 87 4.65257 0.000997577 8.71209 43 7 8
2001 2 1 87 0.967663 0.00184162 8.29077 0 1 0
2001 3 1 87 1.54266 0.000635593 8.29077 0 3 0
2001 4 1 87 1.8697 0.000688653 7.32091 11 9 0
2001 5 1 87 0 0 7.5 2 0 0
2001 6 1 87 0 0 7.35 1 0 0
2001 7 1 87 0.812474 0.00049597 8.05619 21 8 1
2001 8 1 87 0 0 8.29077 0 0 0
2001 9 1 87 0 0 8.29077 0 0 0
2001 1 2 87 10.6344 0.00228018 9.08211 76 16 13
2001 2 2 87 2.90299 0.00552486 8.46668 0 3 0
2001 3 2 87 3.08532 0.00127119 8.6 2 6 0
2001 4 2 87 3.53166 0.00130079 8.31219 32 17 1
2001 5 2 87 0 0 6.53333 3 0 0
2001 6 2 87 0 0 7.295 10 0 0
2001 7 2 87 1.92963 0.00117793 8.24828 64 19 2
2001 8 2 87 0 0 5.71 1 0 0
2001 9 2 87 0.293168 0.000520291 7.48625 8 2 0
2001 1 1 88 0.664653 0.000142511 9.10717 53 1 9
2001 2 1 88 0 0 8.7304 0 0 0
2001 3 1 88 1.54266 0.000635593 8.4 1 3 0
2001 4 1 88 1.45421 0.000535619 8.842 5 7 1
2001 5 1 88 0 0 8.7304 0 0 0
2001 6 1 88 0 0 7.4 1 0 0
2001 7 1 88 0.507796 0.000309981 7.48143 14 5 1
2001 8 1 88 0 0 8.7304 0 0 0
2001 9 1 88 0 0 7.35 1 0 0
2001 1 2 88 5.31722 0.00114009 9.45307 75 8 13
2001 2 2 88 0.967663 0.00184162 8.73528 0 1 0
2001 3 2 88 3.59954 0.00148305 9.8 1 7 0
2001 4 2 88 3.94714 0.00145382 8.53389 18 19 0
2001 5 2 88 0 0 8.37 1 0 0
2001 6 2 88 0.546256 0.0070922 8.17 4 1 0
2001 7 2 88 2.2343 0.00136392 8.16 69 22 1
2001 8 2 88 0 0 8.73528 0 0 0
2001 9 2 88 0.732919 0.00130073 7.61625 8 5 0
2001 1 1 89 2.65861 0.000570044 9.27712 52 4 9
2001 2 1 89 0 0 8.90973 0 0 0
2001 3 1 89 0.51422 0.000211864 8.90973 0 1 0
2001 4 1 89 0.207744 7.65169e-05 8.29 4 1 0
2001 5 1 89 0 0 8.90973 0 0 0
2001 6 1 89 0 0 7.5 1 0 0
2001 7 1 89 0.710915 0.000433974 7.7 14 7 1
2001 8 1 89 0 0 8.90973 0 0 0
2001 9 1 89 0.146584 0.000260146 9.77 2 1 0
2001 1 2 89 3.32326 0.000712555 10.1965 63 5 9
2001 2 2 89 1.93533 0.00368324 9.2269 0 2 0
2001 3 2 89 1.54266 0.000635593 9.2269 0 3 0
2001 4 2 89 2.49293 0.000918203 8.47722 18 12 0
2001 5 2 89 0 0 5.51 1 0 0
2001 6 2 89 0 0 10.46 1 0 0
2001 7 2 89 1.11715 0.000681959 8.57283 53 11 0
2001 8 2 89 0 0 9.2269 0 0 0
2001 9 2 89 0.293168 0.000520291 8.06667 9 2 0
2001 1 1 90 0.664653 0.000142511 9.71667 33 1 9
2001 2 1 90 0 0 9.14642 0 0 0
2001 3 1 90 2.5711 0.00105932 9.14642 0 5 0
2001 4 1 90 0.830978 0.000306068 9.2075 4 4 0
2001 5 1 90 0 0 9.14642 0 0 0
2001 6 1 90 0 0 8.225 4 0 0
2001 7 1 90 0.558576 0.00034098 7.78 11 5.5 0
2001 8 1 90 0 0 9.14642 0 0 0
2001 9 1 90 0 0 8.8 1 0 0
2001 1 2 90 8.64048 0.00185264 10.3244 70 13 12
2001 2 2 90 0 0 9.53845 0 0 0
2001 3 2 90 2.5711 0.00105932 10.5 1 5 0
2001 4 2 90 2.07744 0.000765169 8.845 14 10 1
2001 5 2 90 0 0 10.72 2 0 0
2001 6 2 90 0.546256 0.0070922 8.47 1 1 0
2001 7 2 90 1.06637 0.000650961 8.83731 52 10.5 2
2001 8 2 90 0 0 9.53845 0 0 0
2001 9 2 90 0.293168 0.000520291 8.15 8 2 0
2001 1 1 91 0 0 10.1657 30 0 7
2001 2 1 91 0 0 9.69111 0 0 0
2001 3 1 91 0.51422 0.000211864 9.69111 0 1 0
2001 4 1 91 0.830978 0.000306068 8.2075 4 4 0
2001 5 1 91 0 0 9.15 1 0 0
2001 6 1 91 0 0 10.2 2 0 0
2001 7 1 91 0.507796 0.000309981 9.07 16 5 0
2001 8 1 91 0 0 9.69111 0 0 0
2001 9 1 91 0 0 10.85 1 0 0
2001 1 2 91 2.65861 0.000570044 10.7082 55 4 12
2001 2 2 91 1.93533 0.00368324 9.91614 0 2 0
2001 3 2 91 1.02844 0.000423729 9.91614 0 2 0
2001 4 2 91 2.28519 0.000841686 9.39067 15 11 0
2001 5 2 91 0 0 9.25 2 0 0
2001 6 2 91 0 0 8.57 1 0 0
2001 7 2 91 1.11715 0.000681959 9.38604 48 11 0
2001 8 2 91 0 0 9.91614 0 0 0
2001 9 2 91 0 0 8.65667 6 0 0
2001 1 1 92 1.99396 0.000427533 10.2432 38 3 11
2001 2 1 92 0.967663 0.00184162 10.0056 0 1 0
2001 3 1 92 0 0 10.0056 0 0 0
2001 4 1 92 0.415489 0.000153034 11.73 1 2 0
2001 5 1 92 0 0 10.0056 0 0 0
2001 6 1 92 0 0 8.88 1 0 0
2001 7 1 92 0.101559 6.19963e-05 8.90333 9 1 0
2001 8 1 92 0 0 10.0056 0 0 0
2001 9 1 92 0 0 10.3 1 0 0
2001 1 2 92 5.31722 0.00114009 11.0743 42 8 8
2001 2 2 92 1.93533 0.00368324 10.1734 0 2 0
2001 3 2 92 0 0 10.1734 0 0 0
2001 4 2 92 2.28519 0.000841686 9.50364 11 11 0
2001 5 2 92 0 0 10.1734 0 0 0
2001 6 2 92 0 0 8.8775 4 0 0
2001 7 2 92 0.812474 0.00049597 9.63091 33 8 0
2001 8 2 92 0 0 10.1734 0 0 0
2001 9 2 92 0.146584 0.000260146 6.48 2 1 0
2001 1 1 93 1.32931 0.000285022 10.5674 27 2 7
2001 2 1 93 0 0 10.2116 0 0 0
2001 3 1 93 0 0 10.2116 0 0 0
2001 4 1 93 0.415489 0.000153034 6.99 1 2 0
2001 5 1 93 0 0 10.2116 0 0 0
2001 6 1 93 0 0 10.2116 0 0 0
2001 7 1 93 0.304678 0.000185989 9.87467 15 3 1
2001 8 1 93 0 0 10.2116 0 0 0
2001 9 1 93 0 0 8.88 1 0 0
2001 1 2 93 1.32931 0.000285022 11.5455 51 2 15
2001 2 2 93 0.967663 0.00184162 10.8292 0 1 0
2001 3 2 93 0 0 10.8292 0 0 0
2001 4 2 93 2.07744 0.000765169 9.74 12 10 0
2001 5 2 93 0 0 9.6 1 0 0
2001 6 2 93 0 0 9.5 1 0 0
2001 7 2 93 1.21871 0.000743955 10.2119 27 12 0
2001 8 2 93 0 0 10.8292 0 0 0
2001 9 2 93 0 0 9.982 5 0 0
2001 1 1 94 0 0 10.6538 24 0 9
2001 2 1 94 0 0 10.0734 0 0 0
2001 3 1 94 0 0 9 1 0 0
2001 4 1 94 0.415489 0.000153034 10.0734 0 2 0
2001 5 1 94 0 0 10.0734 0 0 0
2001 6 1 94 0 0 10.0734 0 0 0
2001 7 1 94 0.203119 0.000123993 8.788 10 2 1
2001 8 1 94 0 0 10.0734 0 0 0
2001 9 1 94 0 0 10.0734 0 0 0
2001 1 2 94 1.32931 0.000285022 11.7495 43 2 9
2001 2 2 94 0 0 11.1597 0 0 0
2001 3 2 94 0.51422 0.000211864 11.1597 0 1 0
2001 4 2 94 0.830978 0.000306068 11.1822 9 4 0
2001 5 2 94 0 0 11.1597 0 0 0
2001 6 2 94 0 0 9.49 1 0 0
2001 7 2 94 0.609356 0.000371978 10.1642 24 6 0
2001 8 2 94 0 0 11.1597 0 0 0
2001 9 2 94 0 0 11.1597 0 0 0
2001 1 1 95 0 0 11.1361 23 0 7
2001 2 1 95 0 0 11.07 0 0 0
2001 3 1 95 0 0 11.07 0 0 0
2001 4 1 95 0.207744 7.65169e-05 11.07 0 1 0
2001 5 1 95 0 0 11.07 0 0 0
2001 6 1 95 0 0 9.8 1 0 0
2001 7 1 95 0 0 10.945 2 0 0
2001 8 1 95 0 0 11.07 0 0 0
2001 9 1 95 0 0 11.07 0 0 0
2001 1 2 95 2.65861 0.000570044 12.1386 37 4 9
2001 2 2 95 0 0 11.2665 0 0 0
2001 3 2 95 0 0 11.2665 0 0 0
2001 4 2 95 1.45421 0.000535619 10.7157 7 7 0
2001 5 2 95 0 0 9.21 2 0 0
2001 6 2 95 0 0 11.2665 0 0 0
2001 7 2 95 0.609356 0.000371978 10.3055 22 6 0
2001 8 2 95 0 0 11.2665 0 0 0
2001 9 2 95 0.293168 0.000520291 10.2133 3 2 0
2001 1 1 96 0 0 11.3673 22 0 9
2001 2 1 96 0 0 11.2211 0 0 0
2001 3 1 96 0.51422 0.000211864 11.2211 0 1 0
2001 4 1 96 0 0 11.2211 0 0 0
2001 5 1 96 0 0 11.2211 0 0 0
2001 6 1 96 0 0 11.2211 0 0 0
2001 7 1 96 0.406237 0.000247985 10.7567 3 4 1
2001 8 1 96 0 0 11.2211 0 0 0
2001 9 1 96 0 0 10.31 2 0 0
2001 1 2 96 1.32931 0.000285022 12.4559 32 2 9
2001 2 2 96 0 0 11.7376 0 0 0
2001 3 2 96 0 0 11.7376 0 0 0
2001 4 2 96 1.66196 0.000612136 11.1989 9 8 0
2001 5 2 96 0 0 11.7376 0 0 0
2001 6 2 96 0 0 11.7376 0 0 0
2001 7 2 96 0.406237 0.000247985 10.7762 16 4 1
2001 8 2 96 0 0 11.7376 0 0 0
2001 9 2 96 0.146584 0.000260146 8.98 1 1 0
2001 1 1 97 0 0 11.6362 16 0 7
2001 2 1 97 0 0 11.6359 0 0 0
2001 3 1 97 0 0 11.6359 0 0 0
2001 4 1 97 0.207744 7.65169e-05 11.6359 0 1 0
2001 5 1 97 0 0 11.6359 0 0 0
2001 6 1 97 0 0 11.6359 0 0 0
2001 7 1 97 0.101559 6.19963e-05 11.808 5 1 0
2001 8 1 97 0 0 11.6359 0 0 0
2001 9 1 97 0.146584 0.000260146 10.77 1 1 0
2001 1 2 97 0 0 13.047 43 0 10
2001 2 2 97 0 0 12.4019 0 0 0
2001 3 2 97 0.51422 0.000211864 12.4019 0 1 0
2001 4 2 97 0.830978 0.000306068 11.288 5 4 0
2001 5 2 97 0 0 12.4019 0 0 0
2001 6 2 97 0.546256 0.0070922 10.15 1 1 0
2001 7 2 97 0.304678 0.000185989 11.2956 18 3 0
2001 8 2 97 0 0 12.4019 0 0 0
2001 9 2 97 0 0 12.4019 0 0 0
2001 1 1 98 0 0 12.6232 19 0 7
2001 2 1 98 0 0 12.3952 0 0 0
2001 3 1 98 0 0 12.3952 0 0 0
2001 4 1 98 0.207744 7.65169e-05 10.43 1 1 0
2001 5 1 98 0 0 12.3952 0 0 0
2001 6 1 98 0 0 12.3952 0 0 0
2001 7 1 98 0.101559 6.19963e-05 11.6067 3 1 0
2001 8 1 98 0 0 12.3952 0 0 0
2001 9 1 98 0 0 12.3952 0 0 0
2001 1 2 98 1.99396 0.000427533 13.4104 27 3 6
2001 2 2 98 0 0 12.3612 0 0 0
2001 3 2 98 0.51422 0.000211864 12.3612 0 1 0
2001 4 2 98 1.03872 0.000382585 9.49 1 5 0
2001 5 2 98 0 0 12.3612 0 0 0
2001 6 2 98 0 0 11.43 1 0 0
2001 7 2 98 0.406237 0.000247985 10.6715 13 4 0
2001 8 2 98 0 0 12.3612 0 0 0
2001 9 2 98 0 0 9.8 1 0 0
2001 1 1 99 0.664653 0.000142511 11.5992 12 1 7
2001 2 1 99 0 0 11.3433 0 0 0
2001 3 1 99 0 0 11.3433 0 0 0
2001 4 1 99 0.623233 0.000229551 10.2 1 3 0
2001 5 1 99 0 0 11.3433 0 0 0
2001 6 1 99 0 0 12.76 1 0 0
2001 7 1 99 0.101559 6.19963e-05 10.5075 4 1 0
2001 8 1 99 0 0 11.3433 0 0 0
2001 9 1 99 0 0 11.3433 0 0 0
2001 1 2 99 0 0 13.5333 30 0 8
2001 2 2 99 0 0 13.3545 0 0 0
2001 3 2 99 0 0 13.3545 0 0 0
2001 4 2 99 0.830978 0.000306068 13.6075 4 4 1
2001 5 2 99 0 0 13.3545 0 0 0
2001 6 2 99 0 0 13.3545 0 0 0
2001 7 2 99 0.203119 0.000123993 12.76 5 2 0
2001 8 2 99 0 0 13.3545 0 0 0
2001 9 2 99 0 0 9.95 1 0 0
2001 1 1 100 0.664653 0.000142511 12.8493 15 1 5
2001 2 1 100 0 0 12.7622 0 0 0
2001 3 1 100 0 0 12.7622 0 0 0
2001 4 1 100 0 0 13.1 1 0 0
2001 5 1 100 0 0 12.7622 0 0 0
2001 6 1 100 0 0 12.7622 0 0 0
2001 7 1 100 0.203119 0.000123993 11.94 2 2 0
2001 8 1 100 0 0 12.7622 0 0 0
2001 9 1 100 0 0 12.7622 0 0 0
2001 1 2 100 0.664653 0.000142511 14.1312 26 1 9
2001 2 2 100 0 0 13.6041 0 0 0
2001 3 2 100 0 0 13.6041 0 0 0
2001 4 2 100 0.415489 0.000153034 10.2 1 2 0
2001 5 2 100 0 0 10.7 1 0 0
2001 6 2 100 0 0 11.84 1 0 0
2001 7 2 100 0.304678 0.000185989 13.0671 7 3 0
2001 8 2 100 0 0 13.6041 0 0 0
2001 9 2 100 0 0 11.73 1 0 0
2001 1 1 101 0 0 13.7686 7 0 0
2001 2 1 101 0 0 13.36 0 0 0
2001 3 1 101 0 0 13.36 0 0 0
2001 4 1 101 0 0 13.36 0 0 0
2001 5 1 101 0 0 13.36 0 0 0
2001 6 1 101 0 0 13.36 0 0 0
2001 7 1 101 0 0 10.5 1 0 0
2001 8 1 101 0 0 13.36 0 0 0
2001 9 1 101 0 0 13.36 0 0 0
2001 1 2 101 0 0 15.0691 22 0 8
2001 2 2 101 0 0 14.2925 0 0 0
2001 3 2 101 0 0 14.2925 0 0 0
2001 4 2 101 0.415489 0.000153034 14.2925 0 2 0
2001 5 2 101 0 0 14.2925 0 0 0
2001 6 2 101 0 0 14.2925 0 0 0
2001 7 2 101 0 0 12.584 10 0 0
2001 8 2 101 0 0 14.2925 0 0 0
2001 9 2 101 0 0 14.2925 0 0 0
2001 1 1 102 0 0 11.775 2 0 1
2001 2 1 102 0 0 11.76 0 0 0
2001 3 1 102 0 0 11.76 0 0 0
2001 4 1 102 0 0 11.73 1 0 0
2001 5 1 102 0 0 11.76 0 0 0
2001 6 1 102 0 0 11.76 0 0 0
2001 7 1 102 0 0 11.76 0 0 0
2001 8 1 102 0 0 11.76 0 0 0
2001 9 1 102 0 0 11.76 0 0 0
2001 1 2 102 1.32931 0.000285022 14.6223 22 2 8
2001 2 2 102 0 0 14.4433 0 0 0
2001 3 2 102 0 0 14.4433 0 0 0
2001 4 2 102 0.207744 7.65169e-05 14.35 2 1 0
2001 5 2 102 0 0 14.4433 0 0 0
2001 6 2 102 0 0 14.4433 0 0 0
2001 7 2 102 0.203119 0.000123993 13.055 2 2 0
2001 8 2 102 0 0 14.4433 0 0 0
2001 9 2 102 0 0 13.47 1 0 0
2001 1 1 103 0 0 14.4917 6 0 2
2001 2 1 103 0 0 14.0243 0 0 0
2001 3 1 103 0 0 14.0243 0 0 0
2001 4 1 103 0 0 14.0243 0 0 0
2001 5 1 103 0 0 14.0243 0 0 0
2001 6 1 103 0 0 14.0243 0 0 0
2001 7 1 103 0 0 11.22 1 0 0
2001 8 1 103 0 0 14.0243 0 0 0
2001 9 1 103 0.146584 0.000260146 14.0243 0 1 0
2001 1 2 103 0.664653 0.000142511 15.8867 15 1 6
2001 2 2 103 0 0 15.4547 0 0 0
2001 3 2 103 0 0 15.4547 0 0 0
2001 4 2 103 0 0 15.4547 0 0 0
2001 5 2 103 0 0 15.4547 0 0 0
2001 6 2 103 0 0 15.4547 0 0 0
2001 7 2 103 0.101559 6.19963e-05 13.835 4 1 0
2001 8 2 103 0 0 15.4547 0 0 0
2001 9 2 103 0 0 15.4547 0 0 0
2001 1 1 104 0 0 13.67 1 0 0
2001 2 1 104 0 0 13.47 0 0 0
2001 3 1 104 0 0 13.47 0 0 0
2001 4 1 104 0.207744 7.65169e-05 13.47 0 1 0
2001 5 1 104 0 0 13.47 0 0 0
2001 6 1 104 0 0 13.47 0 0 0
2001 7 1 104 0 0 13.27 1 0 0
2001 8 1 104 0 0 13.47 0 0 0
2001 9 1 104 0 0 13.47 0 0 0
2001 1 2 104 0.664653 0.000142511 15.207 10 1 2
2001 2 2 104 0 0 14.351 0 0 0
2001 3 2 104 0 0 14.351 0 0 0
2001 4 2 104 0 0 13.06 1 0 0
2001 5 2 104 0 0 10 1 0 0
2001 6 2 104 0 0 11.43 1 0 0
2001 7 2 104 0.101559 6.19963e-05 14.3514 7 1 0
2001 8 2 104 0 0 14.351 0 0 0
2001 9 2 104 0 0 14.351 0 0 0
2001 1 1 105 0 0 13.3 1 0 1
2001 2 1 105 0 0 12.62 0 0 0
2001 3 1 105 0 0 12.62 0 0 0
2001 4 1 105 0 0 12.62 0 0 0
2001 5 1 105 0 0 12.62 0 0 0
2001 6 1 105 0 0 11.94 1 0 0
2001 7 1 105 0 0 12.62 0 0 0
2001 8 1 105 0 0 12.62 0 0 0
2001 9 1 105 0 0 12.62 0 0 0
2001 1 2 105 0 0 15.3722 9 0 3
2001 2 2 105 0 0 15.2277 0 0 0
2001 3 2 105 0 0 15.2277 0 0 0
2001 4 2 105 0 0 15.2277 0 0 0
2001 5 2 105 0 0 15.2277 0 0 0
2001 6 2 105 0 0 15.2277 0 0 0
2001 7 2 105 0.101559 6.19963e-05 15.8033 3 1 0
2001 8 2 105 0 0 12.2 1 0 0
2001 9 2 105 0.146584 0.000260146 15.2277 0 1 0
2001 1 1 106 0 0 16.28 0 0 0
2001 2 1 106 0 0 16.28 0 0 0
2001 3 1 106 0 0 16.28 0 0 0
2001 4 1 106 0.207744 7.65169e-05 16.28 0 1 0
2001 5 1 106 0 0 16.28 0 0 0
2001 6 1 106 0 0 16.28 0 0 0
2001 7 1 106 0 0 16.28 0 0 0
2001 8 1 106 0 0 16.28 0 0 0
2001 9 1 106 0.146584 0.000260146 16.28 0 1 0
2001 1 2 106 0 0 16.3444 9 0 6
2001 2 2 106 0 0 16.28 0 0 0
2001 3 2 106 0 0 16.28 0 0 0
2001 4 2 106 0.415489 0.000153034 16.28 0 2 0
2001 5 2 106 0 0 16.28 0 0 0
2001 6 2 106 0 0 16.28 0 0 0
2001 7 2 106 0 0 15.7 1 0 0
2001 8 2 106 0 0 16.28 0 0 0
2001 9 2 106 0 0 16.28 0 0 0
2001 1 1 107 0 0 16.3 1 0 0
2001 2 1 107 0 0 16.3 0 0 0
2001 3 1 107 0 0 16.3 0 0 0
2001 4 1 107 0 0 16.3 0 0 0
2001 5 1 107 0 0 16.3 0 0 0
2001 6 1 107 0 0 16.3 0 0 0
2001 7 1 107 0 0 16.3 0 0 0
2001 8 1 107 0 0 16.3 0 0 0
2001 9 1 107 0 0 16.3 0 0 0
2001 1 2 107 0 0 16.2429 7 0 3
2001 2 2 107 0 0 15.8325 0 0 0
2001 3 2 107 0 0 15.8325 0 0 0
2001 4 2 107 0 0 15.8325 0 0 0
2001 5 2 107 0 0 15.8325 0 0 0
2001 6 2 107 0 0 15.8325 0 0 0
2001 7 2 107 0 0 12.96 1 0 0
2001 8 2 107 0 0 15.8325 0 0 0
2001 9 2 107 0 0 15.8325 0 0 0
2001 1 1 108 0 0 15.82 1 0 0
2001 2 1 108 0 0 15.82 0 0 0
2001 3 1 108 0 0 15.82 0 0 0
2001 4 1 108 0 0 15.82 0 0 0
2001 5 1 108 0 0 15.82 0 0 0
2001 6 1 108 0 0 15.82 0 0 0
2001 7 1 108 0 0 15.82 0 0 0
2001 8 1 108 0 0 15.82 0 0 0
2001 9 1 108 0 0 15.82 0 0 0
2001 1 2 108 0.664653 0.000142511 15.366 5 1 1
2001 2 2 108 0 0 15.6617 0 0 0
2001 3 2 108 0 0 15.6617 0 0 0
2001 4 2 108 0 0 15.6617 0 0 0
2001 5 2 108 0 0 15.6617 0 0 0
2001 6 2 108 0 0 15.6617 0 0 0
2001 7 2 108 0.101559 6.19963e-05 17.14 1 1 0
2001 8 2 108 0 0 15.6617 0 0 0
2001 9 2 108 0 0 15.6617 0 0 0
2001 1 1 109 0 0 14.5 1 0 0
2001 2 1 109 0 0 14.5 0 0 0
2001 3 1 109 0 0 14.5 0 0 0
2001 4 1 109 0 0 14.5 0 0 0
2001 5 1 109 0 0 14.5 0 0 0
2001 6 1 109 0 0 14.5 0 0 0
2001 7 1 109 0 0 14.5 0 0 0
2001 8 1 109 0 0 14.5 0 0 0
2001 9 1 109 0 0 14.5 0 0 0
2001 1 2 109 0 0 16.0971 7 0 4
2001 2 2 109 0 0 15.8538 0 0 0
2001 3 2 109 0 0 15.8538 0 0 0
2001 4 2 109 0 0 15.8538 0 0 0
2001 5 2 109 0 0 14.15 1 0 0
2001 6 2 109 0 0 15.8538 0 0 0
2001 7 2 109 0.101559 6.19963e-05 15.8538 0 1 0
2001 8 2 109 0 0 15.8538 0 0 0
2001 9 2 109 0 0 15.8538 0 0 0
2001 1 1 110 0 0 16.754 0 0 0
2001 2 1 110 0 0 16.754 0 0 0
2001 3 1 110 0 0 16.754 0 0 0
2001 4 1 110 0 0 16.754 0 0 0
2001 5 1 110 0 0 16.754 0 0 0
2001 6 1 110 0 0 16.754 0 0 0
2001 7 1 110 0 0 16.754 0 0 0
2001 8 1 110 0 0 16.754 0 0 0
2001 9 1 110 0 0 16.754 0 0 0
2001 1 2 110 0.664653 0.000142511 16.9833 3 1 1
2001 2 2 110 0 0 16.754 0 0 0
2001 3 2 110 0 0 16.754 0 0 0
2001 4 2 110 0 0 16.754 0 0 0
2001 5 2 110 0 0 16.754 0 0 0
2001 6 2 110 0 0 16.754 0 0 0
2001 7 2 110 0.101559 6.19963e-05 16.41 2 1 0
2001 8 2 110 0 0 16.754 0 0 0
2001 9 2 110 0 0 16.754 0 0 0
2001 1 1 111 0 0 18 0 0 0
2001 2 1 111 0 0 18 0 0 0
2001 3 1 111 0 0 18 0 0 0
2001 4 1 111 0 0 18 0 0 0
2001 5 1 111 0 0 18 0 0 0
2001 6 1 111 0 0 18 0 0 0
2001 7 1 111 0 0 18 0 0 0
2001 8 1 111 0 0 18 0 0 0
2001 9 1 111 0 0 18 0 0 0
2001 1 2 111 0.664653 0.000142511 18 1 1 0
2001 2 2 111 0 0 18 0 0 0
2001 3 2 111 0 0 18 0 0 0
2001 4 2 111 0 0 18 0 0 0
2001 5 2 111 0 0 18 0 0 0
2001 6 2 111 0 0 18 0 0 0
2001 7 2 111 0 0 18 0 0 0
2001 8 2 111 0 0 18 0 0 0
2001 9 2 111 0 0 18 0 0 0
2001 1 1 112 0 0 0 0 0 0
2001 2 1 112 0 0 0 0 0 0
2001 3 1 112 0 0 0 0 0 0
2001 4 1 112 0 0 0 0 0 0
2001 5 1 112 0 0 0 0 0 0
2001 6 1 112 0 0 0 0 0 0
2001 7 1 112 0 0 0 0 0 0
2001 8 1 112 0 0 0 0 0 0
2001 9 1 112 0 0 0 0 0 0
2001 1 2 112 0 0 0 0 0 0
2001 2 2 112 0 0 0 0 0 0
2001 3 2 112 0 0 0 0 0 0
2001 4 2 112 0 0 0 0 0 0
2001 5 2 112 0 0 0 0 0 0
2001 6 2 112 0 0 0 0 0 0
2001 7 2 112 0 0 0 0 0 0
2001 8 2 112 0 0 0 0 0 0
2001 9 2 112 0 0 0 0 0 0
2001 1 1 113 0 0 14.49 0 0 0
2001 2 1 113 0 0 14.49 0 0 0
2001 3 1 113 0 0 14.49 0 0 0
2001 4 1 113 0 0 14.49 0 0 0
2001 5 1 113 0 0 14.49 0 0 0
2001 6 1 113 0 0 14.49 0 0 0
2001 7 1 113 0 0 14.49 0 0 0
2001 8 1 113 0 0 14.49 0 0 0
2001 9 1 113 0 0 14.49 0 0 0
2001 1 2 113 0 0 14.49 0 0 0
2001 2 2 113 0 0 14.49 0 0 0
2001 3 2 113 0 0 14.49 0 0 0
2001 4 2 113 0 0 14.49 1 0 0
2001 5 2 113 0 0 14.49 0 0 0
2001 6 2 113 0 0 14.49 0 0 0
2001 7 2 113 0 0 14.49 0 0 0
2001 8 2 113 0 0 14.49 0 0 0
2001 9 2 113 0 0 14.49 0 0 0
2001 1 1 114 0 0 0 0 0 0
2001 2 1 114 0 0 0 0 0 0
2001 3 1 114 0 0 0 0 0 0
2001 4 1 114 0 0 0 0 0 0
2001 5 1 114 0 0 0 0 0 0
2001 6 1 114 0 0 0 0 0 0
2001 7 1 114 0 0 0 0 0 0
2001 8 1 114 0 0 0 0 0 0
2001 9 1 114 0 0 0 0 0 0
2001 1 2 114 0 0 0 0 0 0
2001 2 2 114 0 0 0 0 0 0
2001 3 2 114 0 0 0 0 0 0
2001 4 2 114 0 0 0 0 0 0
2001 5 2 114 0 0 0 0 0 0
2001 6 2 114 0 0 0 0 0 0
2001 7 2 114 0 6.19963e-05 0 0 1 0
2001 8 2 114 0 0 0 0 0 0
2001 9 2 114 0 0 0 0 0 0
2001 1 1 115 0 0 0 0 0 0
2001 2 1 115 0 0 0 0 0 0
2001 3 1 115 0 0 0 0 0 0
2001 4 1 115 0 0 0 0 0 0
2001 5 1 115 0 0 0 0 0 0
2001 6 1 115 0 0 0 0 0 0
2001 7 1 115 0 0 0 0 0 0
2001 8 1 115 0 0 0 0 0 0
2001 9 1 115 0 0 0 0 0 0
2001 1 2 115 0 0 0 0 0 0
2001 2 2 115 0 0 0 0 0 0
2001 3 2 115 0 0 0 0 0 0
2001 4 2 115 0 0 0 0 0 0
2001 5 2 115 0 0 0 0 0 0
2001 6 2 115 0 0 0 0 0 0
2001 7 2 115 0 0 0 0 0 0
2001 8 2 115 0 0 0 0 0 0
2001 9 2 115 0 0 0 0 0 0
2001 1 1 116 0 0 0 0 0 0
2001 2 1 116 0 0 0 0 0 0
2001 3 1 116 0 0 0 0 0 0
2001 4 1 116 0 0 0 0 0 0
2001 5 1 116 0 0 0 0 0 0
2001 6 1 116 0 0 0 0 0 0
2001 7 1 116 0 0 0 0 0 0
2001 8 1 116 0 0 0 0 0 0
2001 9 1 116 0 0 0 0 0 0
2001 1 2 116 0 0 0 0 0 0
2001 2 2 116 0 0 0 0 0 0
2001 3 2 116 0 0 0 0 0 0
2001 4 2 116 0 0 0 0 0 0
2001 5 2 116 0 0 0 0 0 0
2001 6 2 116 0 0 0 0 0 0
2001 7 2 116 0 0 0 0 0 0
2001 8 2 116 0 0 0 0 0 0
2001 9 2 116 0 0 0 0 0 0
2001 1 1 117 0 0 0 0 0 0
2001 2 1 117 0 0 0 0 0 0
2001 3 1 117 0 0 0 0 0 0
2001 4 1 117 0 0 0 0 0 0
2001 5 1 117 0 0 0 0 0 0
2001 6 1 117 0 0 0 0 0 0
2001 7 1 117 0 0 0 0 0 0
2001 8 1 117 0 0 0 0 0 0
2001 9 1 117 0 0 0 0 0 0
2001 1 2 117 0 0 0 0 0 0
2001 2 2 117 0 0 0 0 0 0
2001 3 2 117 0 0 0 0 0 0
2001 4 2 117 0 0 0 0 0 0
2001 5 2 117 0 0 0 0 0 0
2001 6 2 117 0 0 0 0 0 0
2001 7 2 117 0 0 0 0 0 0
2001 8 2 117 0 0 0 0 0 0
2001 9 2 117 0 0 0 0 0 0
2001 1 1 118 0 0 0 0 0 0
2001 2 1 118 0 0 0 0 0 0
2001 3 1 118 0 0 0 0 0 0
2001 4 1 118 0 0 0 0 0 0
2001 5 1 118 0 0 0 0 0 0
2001 6 1 118 0 0 0 0 0 0
2001 7 1 118 0 0 0 0 0 0
2001 8 1 118 0 0 0 0 0 0
2001 9 1 118 0 0 0 0 0 0
2001 1 2 118 0 0 0 0 0 0
2001 2 2 118 0 0 0 0 0 0
2001 3 2 118 0 0 0 0 0 0
2001 4 2 118 0 0 0 0 0 0
2001 5 2 118 0 0 0 0 0 0
2001 6 2 118 0 0 0 0 0 0
2001 7 2 118 0 0 0 0 0 0
2001 8 2 118 0 0 0 0 0 0
2001 9 2 118 0 0 0 0 0 0
2001 1 1 119 0 0 0 0 0 0
2001 2 1 119 0 0 0 0 0 0
2001 3 1 119 0 0 0 0 0 0
2001 4 1 119 0 0 0 0 0 0
2001 5 1 119 0 0 0 0 0 0
2001 6 1 119 0 0 0 0 0 0
2001 7 1 119 0 0 0 0 0 0
2001 8 1 119 0 0 0 0 0 0
2001 9 1 119 0 0 0 0 0 0
2001 1 2 119 0 0 0 0 0 0
2001 2 2 119 0 0 0 0 0 0
2001 3 2 119 0 0 0 0 0 0
2001 4 2 119 0 0 0 0 0 0
2001 5 2 119 0 0 0 0 0 0
2001 6 2 119 0 0 0 0 0 0
2001 7 2 119 0 0 0 0 0 0
2001 8 2 119 0 0 0 0 0 0
2001 9 2 119 0 0 0 0 0 0
2001 1 1 120 0 0 0 0 0 0
2001 2 1 120 0 0 0 0 0 0
2001 3 1 120 0 0 0 0 0 0
2001 4 1 120 0 0 0 0 0 0
2001 5 1 120 0 0 0 0 0 0
2001 6 1 120 0 0 0 0 0 0
2001 7 1 120 0 0 0 0 0 0
2001 8 1 120 0 0 0 0 0 0
2001 9 1 120 0 0 0 0 0 0
2001 1 2 120 0 0 0 0 0 0
2001 2 2 120 0 0 0 0 0 0
2001 3 2 120 0 0 0 0 0 0
2001 4 2 120 0 0 0 0 0 0
2001 5 2 120 0 0 0 0 0 0
2001 6 2 120 0 0 0 0 0 0
2001 7 2 120 0 0 0 0 0 0
2001 8 2 120 0 0 0 0 0 0
2001 9 2 120 0 0 0 0 0 0
