year stratum sex length freq prop avg_wt nwt_samples nlen_samples naged
2002 1 1 9 0 0 0 0 0 0
2002 2 1 9 0 0 0 0 0 0
2002 3 1 9 0 0 0 0 0 0
2002 4 1 9 0 0 0 0 0 0
2002 5 1 9 0 0 0 0 0 0
2002 6 1 9 0 0 0 0 0 0
2002 7 1 9 0 0 0 0 0 0
2002 8 1 9 0 2.91338e-307 0 0 0 0
2002 9 1 9 0 0 0 0 0 0
2002 1 2 9 0 0 0 0 0 0
2002 2 2 9 0 0 0 0 0 0
2002 3 2 9 0 0 0 0 0 0
2002 4 2 9 0 0 0 0 0 0
2002 5 2 9 0 0 0 0 0 0
2002 6 2 9 0 0 0 0 0 0
2002 7 2 9 0 0 0 0 0 0
2002 8 2 9 0 2.91338e-307 0 0 0 0
2002 9 2 9 0 0 0 0 0 0
2002 1 1 10 0 0 0 0 0 0
2002 2 1 10 0 0 0 0 0 0
2002 3 1 10 0 0 0 0 0 0
2002 4 1 10 0 0 0 0 0 0
2002 5 1 10 0 0 0 0 0 0
2002 6 1 10 0 0 0 0 0 0
2002 7 1 10 0 0 0 0 0 0
2002 8 1 10 0 0 0 0 0 0
2002 9 1 10 0 0 0 0 0 0
2002 1 2 10 0 0 0 0 0 0
2002 2 2 10 0 0 0 0 0 0
2002 3 2 10 0 0 0 0 0 0
2002 4 2 10 0 0 0 0 0 0
2002 5 2 10 0 0 0 0 0 0
2002 6 2 10 0 0 0 0 0 0
2002 7 2 10 0 0 0 0 0 0
2002 8 2 10 0 0 0 0 0 0
2002 9 2 10 0 0 0 0 0 0
2002 1 1 11 0 0 0 0 0 0
2002 2 1 11 0 0 0 0 0 0
2002 3 1 11 0 0 0 0 0 0
2002 4 1 11 0 0 0 0 0 0
2002 5 1 11 0 0 0 0 0 0
2002 6 1 11 0 0 0 0 0 0
2002 7 1 11 0 0 0 0 0 0
2002 8 1 11 0 0 0 0 0 0
2002 9 1 11 0 0 0 0 0 0
2002 1 2 11 0 0 0 0 0 0
2002 2 2 11 0 0 0 0 0 0
2002 3 2 11 0 0 0 0 0 0
2002 4 2 11 0 0 0 0 0 0
2002 5 2 11 0 0 0 0 0 0
2002 6 2 11 0 0 0 0 0 0
2002 7 2 11 0 0 0 0 0 0
2002 8 2 11 0 0 0 0 0 0
2002 9 2 11 0 0 0 0 0 0
2002 1 1 12 0 0 0 0 0 0
2002 2 1 12 0 0 0 0 0 0
2002 3 1 12 0 0 0 0 0 0
2002 4 1 12 0 0 0 0 0 0
2002 5 1 12 0 0 0 0 0 0
2002 6 1 12 0 0 0 0 0 0
2002 7 1 12 0 0 0 0 0 0
2002 8 1 12 0 0 0 0 0 0
2002 9 1 12 0 0 0 0 0 0
2002 1 2 12 0 0 0 0 0 0
2002 2 2 12 0 0 0 0 0 0
2002 3 2 12 0 0 0 0 0 0
2002 4 2 12 0 0 0 0 0 0
2002 5 2 12 0 0 0 0 0 0
2002 6 2 12 0 0 0 0 0 0
2002 7 2 12 0 0 0 0 0 0
2002 8 2 12 0 0 0 0 0 0
2002 9 2 12 0 0 0 0 0 0
2002 1 1 13 0 0 0 0 0 0
2002 2 1 13 0 0 0 0 0 0
2002 3 1 13 0 0 0 0 0 0
2002 4 1 13 0 0 0 0 0 0
2002 5 1 13 0 0 0 0 0 0
2002 6 1 13 0 0 0 0 0 0
2002 7 1 13 0 0 0 0 0 0
2002 8 1 13 0 0 0 0 0 0
2002 9 1 13 0 0 0 0 0 0
2002 1 2 13 0 0 0 0 0 0
2002 2 2 13 0 0 0 0 0 0
2002 3 2 13 0 0 0 0 0 0
2002 4 2 13 0 0 0 0 0 0
2002 5 2 13 0 0 0 0 0 0
2002 6 2 13 0 0 0 0 0 0
2002 7 2 13 0 0 0 0 0 0
2002 8 2 13 0 0 0 0 0 0
2002 9 2 13 0 0 0 0 0 0
2002 1 1 14 0 0 0 0 0 0
2002 2 1 14 0 0 0 0 0 0
2002 3 1 14 0 0 0 0 0 0
2002 4 1 14 0 0 0 0 0 0
2002 5 1 14 0 0 0 0 0 0
2002 6 1 14 0 0 0 0 0 0
2002 7 1 14 0 0 0 0 0 0
2002 8 1 14 0 0 0 0 0 0
2002 9 1 14 0 0 0 0 0 0
2002 1 2 14 0 0 0 0 0 0
2002 2 2 14 0 0 0 0 0 0
2002 3 2 14 0 0 0 0 0 0
2002 4 2 14 0 0 0 0 0 0
2002 5 2 14 0 0 0 0 0 0
2002 6 2 14 0 0 0 0 0 0
2002 7 2 14 0 0 0 0 0 0
2002 8 2 14 0 0 0 0 0 0
2002 9 2 14 0 0 0 0 0 0
2002 1 1 15 0 0 0 0 0 0
2002 2 1 15 0 0 0 0 0 0
2002 3 1 15 0 0 0 0 0 0
2002 4 1 15 0 0 0 0 0 0
2002 5 1 15 0 0 0 0 0 0
2002 6 1 15 0 0 0 0 0 0
2002 7 1 15 0 0 0 0 0 0
2002 8 1 15 0 0 0 0 0 0
2002 9 1 15 0 0 0 0 0 0
2002 1 2 15 0 0 0 0 0 0
2002 2 2 15 0 0 0 0 0 0
2002 3 2 15 0 0 0 0 0 0
2002 4 2 15 0 0 0 0 0 0
2002 5 2 15 0 0 0 0 0 0
2002 6 2 15 0 0 0 0 0 0
2002 7 2 15 0 0 0 0 0 0
2002 8 2 15 0 0 0 0 0 0
2002 9 2 15 0 0 0 0 0 0
2002 1 1 16 0 0 0 0 0 0
2002 2 1 16 0 0 0 0 0 0
2002 3 1 16 0 0 0 0 0 0
2002 4 1 16 0 0 0 0 0 0
2002 5 1 16 0 0 0 0 0 0
2002 6 1 16 0 0 0 0 0 0
2002 7 1 16 0 0 0 0 0 0
2002 8 1 16 0 0 0 0 0 0
2002 9 1 16 0 0 0 0 0 0
2002 1 2 16 0 0 0 0 0 0
2002 2 2 16 0 0 0 0 0 0
2002 3 2 16 0 0 0 0 0 0
2002 4 2 16 0 0 0 0 0 0
2002 5 2 16 0 0 0 0 0 0
2002 6 2 16 0 0 0 0 0 0
2002 7 2 16 0 0 0 0 0 0
2002 8 2 16 0 0 0 0 0 0
2002 9 2 16 0 0 0 0 0 0
2002 1 1 17 0 0 0 0 0 0
2002 2 1 17 0 0 0 0 0 0
2002 3 1 17 0 0 0 0 0 0
2002 4 1 17 0 0 0 0 0 0
2002 5 1 17 0 0 0 0 0 0
2002 6 1 17 0 0 0 0 0 0
2002 7 1 17 0 0 0 0 0 0
2002 8 1 17 0 0 0 0 0 0
2002 9 1 17 0 0 0 0 0 0
2002 1 2 17 0 0 0 0 0 0
2002 2 2 17 0 0 0 0 0 0
2002 3 2 17 0 0 0 0 0 0
2002 4 2 17 0 0 0 0 0 0
2002 5 2 17 0 0 0 0 0 0
2002 6 2 17 0 0 0 0 0 0
2002 7 2 17 0 0 0 0 0 0
2002 8 2 17 0 0 0 0 0 0
2002 9 2 17 0 0 0 0 0 0
2002 1 1 18 0 0 0 0 0 0
2002 2 1 18 0 0 0 0 0 0
2002 3 1 18 0 0 0 0 0 0
2002 4 1 18 0 0 0 0 0 0
2002 5 1 18 0 0 0 0 0 0
2002 6 1 18 0 0 0 0 0 0
2002 7 1 18 0 0 0 0 0 0
2002 8 1 18 0 0 0 0 0 0
2002 9 1 18 0 0 0 0 0 0
2002 1 2 18 0 0 0 0 0 0
2002 2 2 18 0 0 0 0 0 0
2002 3 2 18 0 0 0 0 0 0
2002 4 2 18 0 0 0 0 0 0
2002 5 2 18 0 0 0 0 0 0
2002 6 2 18 0 0 0 0 0 0
2002 7 2 18 0 0 0 0 0 0
2002 8 2 18 0 0 0 0 0 0
2002 9 2 18 0 0 0 0 0 0
2002 1 1 19 0 0 0 0 0 0
2002 2 1 19 0 0 0 0 0 0
2002 3 1 19 0 0 0 0 0 0
2002 4 1 19 0 0 0 0 0 0
2002 5 1 19 0 0 0 0 0 0
2002 6 1 19 0 0 0 0 0 0
2002 7 1 19 0 0 0 0 0 0
2002 8 1 19 0 0 0 0 0 0
2002 9 1 19 0 0 0 0 0 0
2002 1 2 19 0 0 0 0 0 0
2002 2 2 19 0 0 0 0 0 0
2002 3 2 19 0 0 0 0 0 0
2002 4 2 19 0 0 0 0 0 0
2002 5 2 19 0 0 0 0 0 0
2002 6 2 19 0 0 0 0 0 0
2002 7 2 19 0 0 0 0 0 0
2002 8 2 19 0 0 0 0 0 0
2002 9 2 19 0 0 0 0 0 0
2002 1 1 20 0 0 0 0 0 0
2002 2 1 20 0 0 0 0 0 0
2002 3 1 20 0 0 0 0 0 0
2002 4 1 20 0 0 0 0 0 0
2002 5 1 20 0 0 0 0 0 0
2002 6 1 20 0 0 0 0 0 0
2002 7 1 20 0 0 0 0 0 0
2002 8 1 20 0 0 0 0 0 0
2002 9 1 20 0 0 0 0 0 0
2002 1 2 20 0 0 0 0 0 0
2002 2 2 20 0 0 0 0 0 0
2002 3 2 20 0 0 0 0 0 0
2002 4 2 20 0 0 0 0 0 0
2002 5 2 20 0 0 0 0 0 0
2002 6 2 20 0 0 0 0 0 0
2002 7 2 20 0 0 0 0 0 0
2002 8 2 20 0 0 0 0 0 0
2002 9 2 20 0 0 0 0 0 0
2002 1 1 21 0 0 0.75 0 0 0
2002 2 1 21 0 0 0.75 0 0 0
2002 3 1 21 0 0 0.75 0 0 0
2002 4 1 21 0 0 0.75 0 0 0
2002 5 1 21 0 0 0.75 0 0 0
2002 6 1 21 0 0 0.75 0 0 0
2002 7 1 21 0 0 0.75 0 0 0
2002 8 1 21 0 0 0.75 0 0 0
2002 9 1 21 0 0 0.75 0 0 0
2002 1 2 21 0 0 0.75 1 0 0
2002 2 2 21 0 0 0.75 0 0 0
2002 3 2 21 0 0 0.75 0 0 0
2002 4 2 21 0 0 0.75 0 0 0
2002 5 2 21 0 0 0.75 0 0 0
2002 6 2 21 0 0 0.75 0 0 0
2002 7 2 21 0 0 0.75 0 0 0
2002 8 2 21 0 0 0.75 0 0 0
2002 9 2 21 0 0 0.75 0 0 0
2002 1 1 22 0 0 0 0 0 0
2002 2 1 22 0 0 0 0 0 0
2002 3 1 22 0 0 0 0 0 0
2002 4 1 22 0 0 0 0 0 0
2002 5 1 22 0 0 0 0 0 0
2002 6 1 22 0 0 0 0 0 0
2002 7 1 22 0 0 0 0 0 0
2002 8 1 22 0 0 0 0 0 0
2002 9 1 22 0 0 0 0 0 0
2002 1 2 22 0 0 0 0 0 0
2002 2 2 22 0 0 0 0 0 0
2002 3 2 22 0 0 0 0 0 0
2002 4 2 22 0 9.65158e-05 0 0 1 0
2002 5 2 22 0 0 0 0 0 0
2002 6 2 22 0 0 0 0 0 0
2002 7 2 22 0 0 0 0 0 0
2002 8 2 22 0 0 0 0 0 0
2002 9 2 22 0 0 0 0 0 0
2002 1 1 23 0 0 0 0 0 0
2002 2 1 23 0 0 0 0 0 0
2002 3 1 23 0 0 0 0 0 0
2002 4 1 23 0 0 0 0 0 0
2002 5 1 23 0 0 0 0 0 0
2002 6 1 23 0 0 0 0 0 0
2002 7 1 23 0 0 0 0 0 0
2002 8 1 23 0 0 0 0 0 0
2002 9 1 23 0 0 0 0 0 0
2002 1 2 23 0 0.000153917 0 0 1 0
2002 2 2 23 0 0 0 0 0 0
2002 3 2 23 0 0 0 0 0 0
2002 4 2 23 0 0 0 0 0 0
2002 5 2 23 0 0 0 0 0 0
2002 6 2 23 0 0.000329272 0 0 1 0
2002 7 2 23 0 0 0 0 0 0
2002 8 2 23 0 0 0 0 0 0
2002 9 2 23 0 0 0 0 0 0
2002 1 1 24 0 7.69586e-05 0 0 0.5 0
2002 2 1 24 0 0 0 0 0 0
2002 3 1 24 0 0 0 0 0 0
2002 4 1 24 0 0 0 0 0 0
2002 5 1 24 0 0 0 0 0 0
2002 6 1 24 0 0.000329272 0 0 1 0
2002 7 1 24 0 0 0 0 0 0
2002 8 1 24 0 0 0 0 0 0
2002 9 1 24 0 0 0 0 0 0
2002 1 2 24 0 7.69586e-05 0 0 0.5 0
2002 2 2 24 0 0 0 0 0 0
2002 3 2 24 0 0 0 0 0 0
2002 4 2 24 0 0 0 0 0 0
2002 5 2 24 0 0 0 0 0 0
2002 6 2 24 0 0 0 0 0 0
2002 7 2 24 0 0 0 0 0 0
2002 8 2 24 0 0 0 0 0 0
2002 9 2 24 0 0 0 0 0 0
2002 1 1 25 0 0 0 0 0 0
2002 2 1 25 0 0 0 0 0 0
2002 3 1 25 0 0 0 0 0 0
2002 4 1 25 0 0 0 0 0 0
2002 5 1 25 0 0 0 0 0 0
2002 6 1 25 0 0 0 0 0 0
2002 7 1 25 0 0 0 0 0 0
2002 8 1 25 0 0 0 0 0 0
2002 9 1 25 0 0 0 0 0 0
2002 1 2 25 0 0.000153917 0 0 1 0
2002 2 2 25 0 0 0 0 0 0
2002 3 2 25 0 0 0 0 0 0
2002 4 2 25 0 0 0 0 0 0
2002 5 2 25 0 0 0 0 0 0
2002 6 2 25 0 0 0 0 0 0
2002 7 2 25 0 0 0 0 0 0
2002 8 2 25 0 0 0 0 0 0
2002 9 2 25 0 0 0 0 0 0
2002 1 1 26 0 0 0 0 0 0
2002 2 1 26 0 0 0 0 0 0
2002 3 1 26 0 0 0 0 0 0
2002 4 1 26 0 0 0 0 0 0
2002 5 1 26 0 0 0 0 0 0
2002 6 1 26 0 0.000329272 0 0 1 0
2002 7 1 26 0 0 0 0 0 0
2002 8 1 26 0 0 0 0 0 0
2002 9 1 26 0 0 0 0 0 0
2002 1 2 26 0 0.000153917 0 0 1 0
2002 2 2 26 0 0 0 0 0 0
2002 3 2 26 0 0 0 0 0 0
2002 4 2 26 0 0 0 0 0 0
2002 5 2 26 0 0 0 0 0 0
2002 6 2 26 0 0 0 0 0 0
2002 7 2 26 0 0 0 0 0 0
2002 8 2 26 0 0 0 0 0 0
2002 9 2 26 0 0 0 0 0 0
2002 1 1 27 0.361393 7.69586e-05 0.2 1 0.5 0
2002 2 1 27 0 0 0.2 0 0 0
2002 3 1 27 0 0 0.2 0 0 0
2002 4 1 27 0 0 0.2 0 0 0
2002 5 1 27 0 0 0.2 0 0 0
2002 6 1 27 0.33413 0.000329272 0.2 0 1 0
2002 7 1 27 0 0 0.2 0 0 0
2002 8 1 27 0 0 0.2 0 0 0
2002 9 1 27 0 0 0.2 0 0 0
2002 1 2 27 1.08418 0.000230876 0.2 1 1.5 0
2002 2 2 27 0 0 0.2 0 0 0
2002 3 2 27 0 0 0.2 1 0 0
2002 4 2 27 0 0 0.2 0 0 0
2002 5 2 27 0 0 0.2 0 0 0
2002 6 2 27 0.668259 0.000658545 0.2 0 2 0
2002 7 2 27 0 0 0.2 0 0 0
2002 8 2 27 0 0 0.2 0 0 0
2002 9 2 27 0 0 0.2 0 0 0
2002 1 1 28 1.44557 0.000307834 0.2 1 2 0
2002 2 1 28 0 0 0.2 0 0 0
2002 3 1 28 0 0 0.2 0 0 0
2002 4 1 28 0 0 0.2 0 0 0
2002 5 1 28 0 0 0.2 0 0 0
2002 6 1 28 1.00239 0.000987817 0.2 0 3 0
2002 7 1 28 0 0 0.2 0 0 0
2002 8 1 28 0 0 0.2 0 0 0
2002 9 1 28 0 0 0.2 0 0 0
2002 1 2 28 0 0 0.2 0 0 0
2002 2 2 28 0 0 0.2 0 0 0
2002 3 2 28 0 0 0.2 0 0 0
2002 4 2 28 0 0 0.2 0 0 0
2002 5 2 28 0 0 0.2 0 0 0
2002 6 2 28 0.33413 0.000329272 0.2 0 1 0
2002 7 2 28 0 0 0.2 0 0 0
2002 8 2 28 0 0 0.2 0 0 0
2002 9 2 28 0 0 0.2 0 0 0
2002 1 1 29 0 0.000153917 0 0 1 0
2002 2 1 29 0 0 0 0 0 0
2002 3 1 29 0 0 0 0 0 0
2002 4 1 29 0 0 0 0 0 0
2002 5 1 29 0 0 0 0 0 0
2002 6 1 29 0 0.000329272 0 0 1 0
2002 7 1 29 0 0 0 0 0 0
2002 8 1 29 0 0 0 0 0 0
2002 9 1 29 0 0 0 0 0 0
2002 1 2 29 0 0 0 0 0 0
2002 2 2 29 0 0 0 0 0 0
2002 3 2 29 0 0 0 0 0 0
2002 4 2 29 0 0 0 0 0 0
2002 5 2 29 0 0 0 0 0 0
2002 6 2 29 0 0.000329272 0 0 1 0
2002 7 2 29 0 0 0 0 0 0
2002 8 2 29 0 0 0 0 0 0
2002 9 2 29 0 0 0 0 0 0
2002 1 1 30 0 0 0.26 3 0 0
2002 2 1 30 0 0 0.3 0 0 0
2002 3 1 30 0 0 0.3 0 0 0
2002 4 1 30 0.146439 4.82579e-05 0.3 0 0.5 0
2002 5 1 30 0 0 0.3 0 0 0
2002 6 1 30 0.33413 0.000329272 0.3 0 1 0
2002 7 1 30 0 0 0.3 0 0 0
2002 8 1 30 0 0 0.3 0 0 0
2002 9 1 30 0 0 0.3 0 0 0
2002 1 2 30 0 0 0.24 2 0 0
2002 2 2 30 0 0 0.26 0 0 0
2002 3 2 30 0 0 0.26 0 0 0
2002 4 2 30 0.146439 4.82579e-05 0.26 0 0.5 0
2002 5 2 30 0 0 0.26 0 0 0
2002 6 2 30 0.668259 0.000658545 0.26 0 2 0
2002 7 2 30 0 0 0.26 0 0 0
2002 8 2 30 0 0 0.26 0 0 0
2002 9 2 30 0 0 0.26 0 0 0
2002 1 1 31 2.16836 0.000461752 0.465 4 3 0
2002 2 1 31 0 0 0.775 0 0 0
2002 3 1 31 0 0 0.775 0 0 0
2002 4 1 31 0.146439 4.82579e-05 0.775 0 0.5 0
2002 5 1 31 0 0 0.775 0 0 0
2002 6 1 31 1.33652 0.00131709 0.775 0 4 0
2002 7 1 31 0 0 1.5 1 0 0
2002 8 1 31 0 0 0.775 0 0 0
2002 9 1 31 0 0 0.775 0 0 0
2002 1 2 31 0 0 0.313333 6 0 0
2002 2 2 31 0 0 0.324 0 0 0
2002 3 2 31 3.56636 0.00755668 0.324 0 3 0
2002 4 2 31 0.146439 4.82579e-05 0.324 0 0.5 0
2002 5 2 31 0 0 0.324 0 0 0
2002 6 2 31 2.00478 0.00197563 0.324 0 6 0
2002 7 2 31 0 0 0.324 0 0 0
2002 8 2 31 0 0 0.324 0 0 0
2002 9 2 31 0 0 0.324 0 0 0
2002 1 1 32 1.08418 0.000230876 0.247143 7 1.5 0
2002 2 1 32 1.20833 0.00123762 0.33 0 1 0
2002 3 1 32 2.37758 0.00503778 0.33 0 2 0
2002 4 1 32 0.292879 9.65158e-05 0.33 0 1 0
2002 5 1 32 0 0 0.33 0 0 0
2002 6 1 32 1.67065 0.00164636 0.33 0 5 0
2002 7 1 32 0 0 0.33 0 0 0
2002 8 1 32 0 0 0.33 0 0 0
2002 9 1 32 0.168269 0.000215983 0.33 0 1 0
2002 1 2 32 1.80696 0.000384793 0.297 10 2.5 0
2002 2 2 32 0 0 0.6275 0 0 0
2002 3 2 32 0 0 0.6275 0 0 0
2002 4 2 32 0.585758 0.000193032 0.85 1 2 0
2002 5 2 32 0 0 0.6275 0 0 0
2002 6 2 32 2.00478 0.00197563 0.6275 0 6 0
2002 7 2 32 0 0 1.94 1 0 0
2002 8 2 32 0 0 0.6275 0 0 0
2002 9 2 32 0 0 0.6275 0 0 0
2002 1 1 33 2.52975 0.00053871 0.4 12 3.5 0
2002 2 1 33 0 0 0.687273 0 0 0
2002 3 1 33 0 0 0.687273 0 0 0
2002 4 1 33 0 0 0.687273 0 0 0
2002 5 1 33 0 0 0.687273 0 0 0
2002 6 1 33 0.668259 0.000658545 0.687273 0 2 0
2002 7 1 33 0 0 1.765 2 0 0
2002 8 1 33 0 0 0.687273 0 0 0
2002 9 1 33 0 0 0.687273 0 0 0
2002 1 2 33 1.80696 0.000384793 0.353333 9 2.5 0
2002 2 2 33 1.20833 0.00123762 1.16111 0 1 0
2002 3 2 33 3.56636 0.00755668 1.65 1 3 0
2002 4 2 33 0 0 3.195 2 0 0
2002 5 2 33 0 0 1.16111 0 0 0
2002 6 2 33 0 0 1.16111 0 0 0
2002 7 2 33 0 0 1.16111 0 0 0
2002 8 2 33 0 0 1.16111 0 0 0
2002 9 2 33 0 0 1.16111 0 0 0
2002 1 1 34 1.44557 0.000307834 0.322222 9 2 0
2002 2 1 34 1.20833 0.00123762 0.354 0 1 0
2002 3 1 34 1.18879 0.00251889 0.354 0 1 0
2002 4 1 34 0.292879 9.65158e-05 0.354 0 1 0
2002 5 1 34 0 0 0.354 0 0 0
2002 6 1 34 0.33413 0.000329272 0.354 0 1 0
2002 7 1 34 0 0 0.354 0 0 0
2002 8 1 34 0 0 0.354 0 0 0
2002 9 1 34 0 0 0.354 0 0 0
2002 1 2 34 3.61393 0.000769586 0.433333 15 5 0
2002 2 2 34 0 0 0.488182 0 0 0
2002 3 2 34 0 0 0.488182 0 0 0
2002 4 2 34 0 0 0.488182 0 0 0
2002 5 2 34 0 0 0.488182 0 0 0
2002 6 2 34 2.00478 0.00197563 0.488182 0 6 0
2002 7 2 34 0 0 0.488182 0 0 0
2002 8 2 34 0 0 0.488182 0 0 0
2002 9 2 34 0 0 0.488182 0 0 0
2002 1 1 35 9.39621 0.00200092 0.419231 13 13 0
2002 2 1 35 0 0 0.439091 0 0 0
2002 3 1 35 0 0 0.439091 0 0 0
2002 4 1 35 0.146439 4.82579e-05 0.439091 0 0.5 0
2002 5 1 35 0 0 0.439091 0 0 0
2002 6 1 35 1.33652 0.00131709 0.439091 0 4 0
2002 7 1 35 0 0 0.439091 0 0 0
2002 8 1 35 0 0 0.439091 0 0 0
2002 9 1 35 0 0 0.439091 0 0 0
2002 1 2 35 6.50507 0.00138525 0.485333 15 9 0
2002 2 2 35 1.20833 0.00123762 0.512308 0 1 0
2002 3 2 35 0 0 0.512308 0 0 0
2002 4 2 35 0.439318 0.000144774 0.512308 0 1.5 0
2002 5 2 35 0 0 0.512308 0 0 0
2002 6 2 35 1.00239 0.000987817 0.512308 0 3 0
2002 7 2 35 0 0 0.512308 0 0 0
2002 8 2 35 0 0 0.512308 0 0 0
2002 9 2 35 0 0 0.512308 0 0 0
2002 1 1 36 6.50507 0.00138525 0.557368 19 9 0
2002 2 1 36 0 0 0.5575 0 0 0
2002 3 1 36 2.37758 0.00503778 0.536667 3 2 0
2002 4 1 36 0.585758 0.000193032 0.51 1 2 0
2002 5 1 36 0 0 0.5575 0 0 0
2002 6 1 36 0.668259 0.000658545 0.5575 0 2 0
2002 7 1 36 0 0 0.5575 0 0 0
2002 8 1 36 0 0 0.5575 0 0 0
2002 9 1 36 0 0 0.5575 0 0 0
2002 1 2 36 7.95064 0.00169309 0.4575 16 11 0
2002 2 2 36 0 0 0.546111 0 0 0
2002 3 2 36 0 0 0.63 1 0 0
2002 4 2 36 0 0 0.546111 0 0 0
2002 5 2 36 0 0 0.546111 0 0 0
2002 6 2 36 1.33652 0.00131709 0.546111 0 4 0
2002 7 2 36 0 0 0.86 4 0 0
2002 8 2 36 0 0 0.546111 0 0 0
2002 9 2 36 0 0 0.546111 0 0 0
2002 1 1 37 12.2874 0.00261659 0.505 16 17 0
2002 2 1 37 0 0 0.85 1 0 0
2002 3 1 37 0 0 0.72 1 0 0
2002 4 1 37 1.17152 0.000386063 0.551111 0 4 0
2002 5 1 37 0 0 0.551111 0 0 0
2002 6 1 37 0.668259 0.000658545 0.551111 0 2 0
2002 7 1 37 0 0 0.61 1 0 0
2002 8 1 37 0 0 0.551111 0 0 0
2002 9 1 37 0.168269 0.000215983 0.551111 0 1 0
2002 1 2 37 18.0696 0.00384793 0.619048 21 25 0
2002 2 2 37 0 0 0.658333 0 0 0
2002 3 2 37 1.18879 0.00251889 0.6 1 1 0
2002 4 2 37 1.17152 0.000386063 0.66 2 4 0
2002 5 2 37 0 0 0.658333 0 0 0
2002 6 2 37 0.668259 0.000658545 0.658333 0 2 0
2002 7 2 37 0 0 1.22 1 0 0
2002 8 2 37 0 0 0.658333 0 0 0
2002 9 2 37 0 0 0.658333 0 0 0
2002 1 1 38 18.7924 0.00400185 0.595625 16 26 0
2002 2 1 38 0 0 0.724091 0 0 0
2002 3 1 38 2.37758 0.00503778 0.616667 3 2 0
2002 4 1 38 0.292879 9.65158e-05 1.03667 3 1 0
2002 5 1 38 0 0 0.724091 0 0 0
2002 6 1 38 0.33413 0.000329272 0.724091 0 1 0
2002 7 1 38 0 0 0.926667 3 0 0
2002 8 1 38 0 0 0.724091 0 0 0
2002 9 1 38 0.168269 0.000215983 0.724091 0 1 0
2002 1 2 38 19.5152 0.00415576 0.628077 26 27 0
2002 2 2 38 1.20833 0.00123762 0.708846 0 1 0
2002 3 2 38 1.18879 0.00251889 0.708846 0 1 0
2002 4 2 38 0.585758 0.000193032 0.55 2 2 0
2002 5 2 38 0 0 0.708846 0 0 0
2002 6 2 38 1.67065 0.00164636 0.708846 0 5 0
2002 7 2 38 0 0 2.34 1 0 0
2002 8 2 38 0 0 0.708846 0 0 0
2002 9 2 38 0 0 0.708846 0 0 0
2002 1 1 39 26.7431 0.00569494 0.696875 32 37 0
2002 2 1 39 0 0 0.9 1 0 0
2002 3 1 39 3.56636 0.00755668 0.754054 0 3 0
2002 4 1 39 0.292879 9.65158e-05 0.81 1 1 0
2002 5 1 39 0 0 0.754054 0 0 0
2002 6 1 39 0.668259 0.000658545 0.754054 0 2 0
2002 7 1 39 0.238343 0.000167518 1.29667 3 2 0
2002 8 1 39 0 0 0.754054 0 0 0
2002 9 1 39 0 0 0.754054 0 0 0
2002 1 2 39 25.2975 0.0053871 0.703913 23 35 0
2002 2 2 39 1.20833 0.00123762 0.794828 0 1 0
2002 3 2 39 0 0 0.75 1 0 0
2002 4 2 39 1.75727 0.000579095 0.92 1 6 0
2002 5 2 39 0 0 0.794828 0 0 0
2002 6 2 39 2.33891 0.00230491 0.794828 0 7 0
2002 7 2 39 0.238343 0.000167518 1.2975 4 2 0
2002 8 2 39 0 0 0.794828 0 0 0
2002 9 2 39 0 0 0.794828 0 0 0
2002 1 1 40 28.1886 0.00600277 0.769565 23 39 0
2002 2 1 40 0 0 0.847333 0 0 0
2002 3 1 40 2.37758 0.00503778 0.766667 3 2 0
2002 4 1 40 0.878636 0.000289547 1.57333 3 3 0
2002 5 1 40 0 0 0.847333 0 0 0
2002 6 1 40 0.33413 0.000329272 0.847333 0 1 0
2002 7 1 40 0 0 0.7 1 0 0
2002 8 1 40 0 0 0.847333 0 0 0
2002 9 1 40 0 0 0.847333 0 0 0
2002 1 2 40 32.5253 0.00692627 0.816667 15 45 1
2002 2 2 40 0 0 1.02963 0 0 0
2002 3 2 40 4.75515 0.0100756 0.85 2 4 0
2002 4 2 40 1.46439 0.000482579 1.27143 7 5 0
2002 5 2 40 0 0 1.02963 0 0 0
2002 6 2 40 1.00239 0.000987817 1.02963 0 3 0
2002 7 2 40 0.357515 0.000251277 1.65 3 3 0
2002 8 2 40 0 0 1.02963 0 0 0
2002 9 2 40 0 0 1.02963 0 0 0
2002 1 1 41 30.357 0.00646452 0.787647 17 42 0
2002 2 1 41 4.83333 0.0049505 0.867576 0 4 0
2002 3 1 41 2.37758 0.00503778 0.95 4 2 0
2002 4 1 41 1.61083 0.000530837 0.93625 8 5.5 0
2002 5 1 41 0 0 0.867576 0 0 0
2002 6 1 41 1.33652 0.00131709 0.867576 0 4 0
2002 7 1 41 0.834201 0.000586314 0.9875 4 7 0
2002 8 1 41 0 0 0.867576 0 0 0
2002 9 1 41 0.336538 0.000431965 0.867576 0 2 0
2002 1 2 41 26.0203 0.00554102 0.787407 27 36 0
2002 2 2 41 0 0 0.75 1 0 0
2002 3 2 41 2.37758 0.00503778 0.792857 7 2 0
2002 4 2 41 3.36811 0.00110993 0.91 11 11.5 0
2002 5 2 41 0 0 0.815 0 0 0
2002 6 2 41 0.33413 0.000329272 0.815 0 1 0
2002 7 2 41 0.119172 8.37591e-05 0.775 2 1 0
2002 8 2 41 0 0 0.815 0 0 0
2002 9 2 41 0 0 0.815 0 0 0
2002 1 1 42 26.3817 0.00561798 0.890556 36 36.5 0
2002 2 1 42 2.41667 0.00247525 1 2 2 0
2002 3 1 42 2.37758 0.00503778 0.825 4 2 0
2002 4 1 42 2.63591 0.000868642 0.871429 7 9 0
2002 5 1 42 0 0 0.912931 0 0 0
2002 6 1 42 2.67304 0.00263418 0.912931 0 8 0
2002 7 1 42 0.357515 0.000251277 1.12 7 3 0
2002 8 1 42 0 0 0.912931 0 0 0
2002 9 1 42 0.168269 0.000215983 0.825 2 1 0
2002 1 2 42 32.1639 0.00684932 0.864828 29 44.5 0
2002 2 2 42 2.41667 0.00247525 0.911364 0 2 0
2002 3 2 42 1.18879 0.00251889 1.025 4 1 0
2002 4 2 42 2.05015 0.00067561 0.931429 7 7 0
2002 5 2 42 0 0 0.911364 0 0 0
2002 6 2 42 4.00955 0.00395127 0.911364 0 12 0
2002 7 2 42 0.238343 0.000167518 1.1 4 2 0
2002 8 2 42 0 0 0.911364 0 0 0
2002 9 2 42 0.673075 0.000863931 0.911364 0 4 0
2002 1 1 43 37.5848 0.00800369 0.933947 38 52 0
2002 2 1 43 6.04167 0.00618812 1.15 1 5 0
2002 3 1 43 3.56636 0.00755668 1.01462 13 3 0
2002 4 1 43 4.53962 0.00149599 0.99 13 15.5 0
2002 5 1 43 0 0 0.88 1 0 0
2002 6 1 43 2.33891 0.00230491 0.988 0 7 0
2002 7 1 43 0.595858 0.000418796 1.15778 9 5 0
2002 8 1 43 0 0 0.988 0 0 0
2002 9 1 43 0.336538 0.000431965 0.92 1 2 0
2002 1 2 43 46.2583 0.0098507 1.05342 38 64 0
2002 2 2 43 7.25 0.00742574 1.1075 0 6 0
2002 3 2 43 2.37758 0.00503778 0.866667 3 2 0
2002 4 2 43 4.53962 0.00149599 1.286 10 15.5 0
2002 5 2 43 0 0 1.1075 0 0 0
2002 6 2 43 2.00478 0.00197563 1.9 1 6 0
2002 7 2 43 1.07254 0.000753832 1.149 10 9 0
2002 8 2 43 0 0 1.1075 0 0 0
2002 9 2 43 0.673075 0.000863931 0.94 3 4 0
2002 1 1 44 34.6937 0.00738803 0.988333 24 48 0
2002 2 1 44 3.625 0.00371287 1.1125 4 3 0
2002 3 1 44 3.56636 0.00755668 1.06071 14 3 0
2002 4 1 44 3.66098 0.00120645 1.04071 14 12.5 0
2002 5 1 44 0.18594 0.00769231 1.06667 0 1 0
2002 6 1 44 1.00239 0.000987817 1.06667 0 3 0
2002 7 1 44 1.19172 0.000837591 1.1775 16 10 0
2002 8 1 44 0 0 1.06667 0 0 0
2002 9 1 44 0.504807 0.000647948 1.12833 6 3 0
2002 1 2 44 38.3076 0.00815761 1.03641 39 53 1
2002 2 2 44 7.25 0.00742574 1.01667 3 6 0
2002 3 2 44 3.56636 0.00755668 1.12125 8 3 0
2002 4 2 44 5.12538 0.00168903 1.21 9 17.5 1
2002 5 2 44 0.18594 0.00769231 1.10947 0 1 0
2002 6 2 44 0.668259 0.000658545 1.10947 0 2 0
2002 7 2 44 0.715029 0.000502555 1.17833 12 6 0
2002 8 2 44 0 0 1.10947 0 0 0
2002 9 2 44 0.336538 0.000431965 1.37 5 2 0
2002 1 1 45 37.2234 0.00792674 1.10681 47 51.5 0
2002 2 1 45 15.7083 0.0160891 1.23333 3 13 0
2002 3 1 45 3.56636 0.00755668 1.1 18 3 0
2002 4 1 45 4.97894 0.00164077 1.27667 9 17 0
2002 5 1 45 0 0 1 1 0 0
2002 6 1 45 3.00717 0.00296345 1.18604 0 9 0
2002 7 1 45 1.31089 0.00092135 1.3855 20 11 0
2002 8 1 45 0 0 1.18604 0 0 0
2002 9 1 45 1.00961 0.0012959 1.35667 3 6 0
2002 1 2 45 35.7779 0.0076189 1.08675 40 49.5 2
2002 2 2 45 9.66666 0.00990099 1.10833 6 8 0
2002 3 2 45 4.75515 0.0100756 1.17 10 4 0
2002 4 2 45 6.73621 0.00221986 1.15 14 23 0
2002 5 2 45 0.18594 0.00769231 1.12731 0 1 0
2002 6 2 45 1.33652 0.00131709 1.28 1 4 0
2002 7 2 45 1.19172 0.000837591 1.181 20 10 0
2002 8 2 45 0 0 1.12731 0 0 0
2002 9 2 45 2.01923 0.00259179 1.01 2 12 0
2002 1 1 46 38.669 0.00823457 1.24679 56 53.5 4
2002 2 1 46 14.5 0.0148515 1.4875 4 12 0
2002 3 1 46 4.75515 0.0100756 1.17077 13 4 0
2002 4 1 46 2.78235 0.0009169 1.16 11 9.5 1
2002 5 1 46 0 0 1.30156 0 0 0
2002 6 1 46 3.3413 0.00329272 1.02 1 10 0
2002 7 1 46 1.78757 0.00125639 1.5063 27 15 0
2002 8 1 46 0 0 1.30156 0 0 0
2002 9 1 46 2.01923 0.00259179 1.335 10 12 0
2002 1 2 46 37.9462 0.00808065 1.16732 41 52.5 0
2002 2 2 46 14.5 0.0148515 1.19743 0 12 0
2002 3 2 46 4.75515 0.0100756 1.21636 22 4 0
2002 4 2 46 11.5687 0.00381237 1.33154 13 39.5 0
2002 5 2 46 0 0 1.19743 0 0 0
2002 6 2 46 2.67304 0.00263418 1.19743 0 8 0
2002 7 2 46 2.26426 0.00159142 1.16871 31 19 0
2002 8 2 46 0 0 1.19743 0 0 0
2002 9 2 46 1.51442 0.00194384 1.19167 6 9 0
2002 1 1 47 29.6342 0.0063106 1.27044 68 41 3
2002 2 1 47 18.125 0.0185644 1.725 2 15 0
2002 3 1 47 1.18879 0.00251889 1.25882 17 1 0
2002 4 1 47 6.00402 0.00197857 1.39 22 20.5 0
2002 5 1 47 0 0 1.315 0 0 0
2002 6 1 47 4.00955 0.00395127 1.43 1 12 0
2002 7 1 47 2.0855 0.00146578 1.32689 45 17.5 0
2002 8 1 47 0 0 1.315 0 0 0
2002 9 1 47 2.60817 0.00334773 1.488 5 15.5 0
2002 1 2 47 37.5848 0.00800369 1.21784 51 52 2
2002 2 2 47 10.875 0.0111386 1.68 5 9 0
2002 3 2 47 4.75515 0.0100756 1.26786 14 4 0
2002 4 2 47 6.88265 0.00226812 1.32296 27 23.5 1
2002 5 2 47 0 0 1.31 1 0 0
2002 6 2 47 2.33891 0.00230491 1.28692 0 7 0
2002 7 2 47 3.15805 0.00221962 1.32211 38 26.5 0
2002 8 2 47 0 0 1.28692 0 0 0
2002 9 2 47 1.93509 0.0024838 1.236 10 11.5 0
2002 1 1 48 37.2234 0.00792674 1.3332 97 51.5 2
2002 2 1 48 15.7083 0.0160891 1.48333 3 13 0
2002 3 1 48 4.75515 0.0100756 1.28615 13 4 0
2002 4 1 48 5.71114 0.00188206 1.37054 37 19.5 0
2002 5 1 48 0.18594 0.00769231 1.38448 0 1 0
2002 6 1 48 4.67781 0.00460981 1.17 1 14 0
2002 7 1 48 3.63473 0.00255465 1.51716 67 30.5 0
2002 8 1 48 0 0 1.38448 0 0 0
2002 9 1 48 2.6923 0.00345572 1.23333 15 16 0
2002 1 2 48 37.9462 0.00808065 1.34919 62 52.5 1
2002 2 2 48 19.3333 0.019802 1.925 2 16 0
2002 3 2 48 9.51031 0.0201511 1.32682 22 8 0
2002 4 2 48 9.22568 0.00304025 1.41893 28 31.5 1
2002 5 2 48 0 0 1.20333 3 0 0
2002 6 2 48 4.00955 0.00395127 1.375 2 12 0
2002 7 2 48 4.23059 0.00297345 1.40212 66 35.5 0
2002 8 2 48 0 0 1.37696 0 0 0
2002 9 2 48 2.1875 0.00280778 1.28571 7 13 0
2002 1 1 49 26.0203 0.00554102 1.42079 114 36 2
2002 2 1 49 30.2083 0.0309406 1.55 1 25 0
2002 3 1 49 7.13273 0.0151134 1.43273 22 6 0
2002 4 1 49 9.665 0.00318502 1.49732 41 33 0
2002 5 1 49 0 0 1.4125 4 0 0
2002 6 1 49 5.01194 0.00493908 1.37571 7 15 0
2002 7 1 49 4.34976 0.00305721 1.44844 77 36.5 0
2002 8 1 49 0 0 1.43978 0 0 0
2002 9 1 49 3.70191 0.00475162 1.42 13 22 0
2002 1 2 49 34.6937 0.00738803 1.44191 89 48 2
2002 2 2 49 26.5833 0.0272277 1.9 4 22 0
2002 3 2 49 2.37758 0.00503778 1.33857 14 2 0
2002 4 2 49 9.07924 0.00299199 1.4893 43 31 3
2002 5 2 49 0 0 1.33 1 0 0
2002 6 2 49 4.00955 0.00395127 1.572 5 12 0
2002 7 2 49 3.7539 0.00263841 1.44846 78 31.5 0
2002 8 2 49 0 0 1.45563 0 0 0
2002 9 2 49 2.86057 0.00367171 1.43182 11 17 0
2002 1 1 50 26.7431 0.00569494 1.54562 128 37 2
2002 2 1 50 26.5833 0.0272277 1.75833 6 22 0
2002 3 1 50 10.6991 0.02267 1.48455 11 9 0
2002 4 1 50 7.46841 0.00246115 1.59897 58 25.5 1
2002 5 1 50 0 0 1.55429 0 0 0
2002 6 1 50 4.67781 0.00460981 1.56333 6 14 0
2002 7 1 50 6.37568 0.00448111 1.52488 129 53.5 0
2002 8 1 50 0 0 1.55429 0 0 0
2002 9 1 50 3.19711 0.00410367 1.70417 12 19 0
2002 1 2 50 28.1886 0.00600277 1.46667 108 39 6
2002 2 2 50 22.9583 0.0235149 1.43 5 19 0
2002 3 2 50 3.56636 0.00755668 1.46286 21 3 0
2002 4 2 50 15.669 0.00516359 1.59186 70 53.5 2
2002 5 2 50 0 0 1.56 1 0 0
2002 6 2 50 5.34607 0.00526836 1.59333 3 16 0
2002 7 2 50 5.66065 0.00397856 1.55592 120 47.5 0
2002 8 2 50 0 0 1.52794 0 0 0
2002 9 2 50 3.53365 0.00453564 1.56545 11 21 0
2002 1 1 51 24.5747 0.00523318 1.66095 158 34 7
2002 2 1 51 24.1667 0.0247525 2.05 6 20 0
2002 3 1 51 8.32152 0.0176322 1.54917 12 7 0
2002 4 1 51 13.326 0.00439147 1.72611 95 45.5 2
2002 5 1 51 0 0 1.51143 7 0 0
2002 6 1 51 6.68259 0.00658545 1.95556 9 20 0
2002 7 1 51 9.05704 0.00636569 1.62275 153 76 0
2002 8 1 51 0 0 1.66205 0 0 0
2002 9 1 51 4.12259 0.00529158 1.55522 23 24.5 0
2002 1 2 51 31.0798 0.00661844 1.5697 133 43 7
2002 2 2 51 26.5833 0.0272277 1.4 1 22 0
2002 3 2 51 4.75515 0.0100756 1.56437 16 4 0
2002 4 2 51 10.6901 0.00352283 1.66615 78 36.5 0
2002 5 2 51 0 0 1.46 2 0 0
2002 6 2 51 9.0215 0.00889035 1.61182 11 27 0
2002 7 2 51 7.03112 0.00494179 1.62268 112 59 1
2002 8 2 51 0 0 1.60779 0 0 0
2002 9 2 51 5.46874 0.00701944 1.60783 23 32.5 0
2002 1 1 52 38.3076 0.00815761 1.74549 164 53 8
2002 2 1 52 22.9583 0.0235149 2 2 19 0
2002 3 1 52 3.56636 0.00755668 1.61208 24 3 0
2002 4 1 52 15.3761 0.00506708 1.74299 97 52.5 2
2002 5 1 52 0.18594 0.00769231 1.58 2 1 0
2002 6 1 52 10.0239 0.00987817 1.65 11 30 0
2002 7 1 52 11.083 0.0077896 1.74984 182 93 2
2002 8 1 52 0 0 1.73398 0 0 0
2002 9 1 52 5.21633 0.00669546 1.66757 37 31 0
2002 1 2 52 28.1886 0.00600277 1.69025 162 39 4
2002 2 2 52 27.7917 0.0284653 1.76667 3 23 0
2002 3 2 52 8.32152 0.0176322 1.7725 12 7 0
2002 4 2 52 17.7192 0.0058392 1.74886 79 60.5 0
2002 5 2 52 0.37188 0.0153846 1.63 4 2 0
2002 6 2 52 10.0239 0.00987817 1.65 6 30 0
2002 7 2 52 8.93787 0.00628193 1.68632 144 75 0
2002 8 2 52 0 0 1.69773 0 0 0
2002 9 2 52 4.54326 0.00583153 1.62903 31 27 0
2002 1 1 53 36.8621 0.00784978 1.83609 179 51 12
2002 2 1 53 24.1667 0.0247525 1.9375 4 20 0
2002 3 1 53 4.75515 0.0100756 1.71 8 4 0
2002 4 1 53 19.33 0.00637004 1.8239 118 66 5
2002 5 1 53 0.18594 0.00769231 1.69 1 1 0
2002 6 1 53 13.6993 0.0135002 1.85727 11 41 0
2002 7 1 53 14.3006 0.0100511 1.81474 251 120 1
2002 8 1 53 0 0 1.715 2 0 0
2002 9 1 53 6.56249 0.00842333 1.74349 43 39 0
2002 1 2 53 30.357 0.00646452 1.81294 160 42 8
2002 2 2 53 21.75 0.0222772 1.825 4 18 0
2002 3 2 53 7.13273 0.0151134 1.822 10 6 0
2002 4 2 53 22.5517 0.00743172 1.889 100 77 2
2002 5 2 53 0.18594 0.00769231 2.14 1 1 0
2002 6 2 53 10.6921 0.0105367 1.78833 12 32 0
2002 7 2 53 10.4871 0.0073708 1.82904 240 88 1
2002 8 2 53 0 0 1.83291 0 0 0
2002 9 2 53 5.04807 0.00647948 1.80194 36 30 0
2002 1 1 54 37.5848 0.00800369 1.88505 202 52 9
2002 2 1 54 18.125 0.0185644 2 2 15 0
2002 3 1 54 11.8879 0.0251889 1.83571 7 10 0
2002 4 1 54 25.0411 0.0082521 2.0276 154 85.5 4
2002 5 1 54 0.18594 0.00769231 1.97667 3 1 0
2002 6 1 54 12.0287 0.0118538 1.99 10 36 0
2002 7 1 54 15.7306 0.0110562 1.91967 301 132 1
2002 8 1 54 0 0 1.92709 0 0 0
2002 9 1 54 7.40383 0.00950324 1.83019 52 44 0
2002 1 2 54 37.5848 0.00800369 1.87421 152 52 9
2002 2 2 54 20.5417 0.0210396 2.075 4 17 0
2002 3 2 54 9.51031 0.0201511 1.862 10 8 0
2002 4 2 54 22.6981 0.00747997 2.00096 125 77.5 2
2002 5 2 54 0.37188 0.0153846 2.12667 3 2 0
2002 6 2 54 12.6969 0.0125123 1.84619 21 38 0
2002 7 2 54 12.1555 0.00854343 1.91962 260 102 0
2002 8 2 54 0 0 1.73 1 0 0
2002 9 2 54 6.39422 0.00820734 1.72676 37 38 0
2002 1 1 55 43.0057 0.00915807 2.01147 211 59.5 11
2002 2 1 55 12.0833 0.0123762 2.01667 3 10 0
2002 3 1 55 10.6991 0.02267 2.08667 9 9 0
2002 4 1 55 31.338 0.0103272 2.23956 158 107 3
2002 5 1 55 0 0 1.875 2 0 0
2002 6 1 55 14.0334 0.0138294 2.03444 18 42 0
2002 7 1 55 15.969 0.0112237 2.03072 345 134 3
2002 8 1 55 0 0 2.0597 0 0 0
2002 9 1 55 7.65623 0.00982721 1.90698 53 45.5 0
2002 1 2 55 32.8867 0.00700323 2.01639 158 45.5 10
2002 2 2 55 12.0833 0.0123762 2.9 4 10 0
2002 3 2 55 10.6991 0.02267 1.97647 17 9 0
2002 4 2 55 29.2879 0.00965158 2.06893 169 100 1
2002 5 2 55 0.37188 0.0153846 2.05 4 2 0
2002 6 2 55 14.3676 0.0141587 1.8455 20 43 0
2002 7 2 55 16.5648 0.0116425 2.00143 287 139 0
2002 8 2 55 0 0 2.01445 0 0 0
2002 9 2 55 7.48796 0.00961123 1.89042 48 44.5 0
2002 1 1 56 56.3773 0.0120055 2.16706 238 78 14
2002 2 1 56 14.5 0.0148515 2.23333 6 12 0
2002 3 1 56 10.6991 0.02267 1.98063 16 9 0
2002 4 1 56 36.7563 0.0121127 2.23206 180 125.5 3
2002 5 1 56 0 0 2.15 2 0 0
2002 6 1 56 11.6945 0.0115245 2.07333 12 35 0
2002 7 1 56 22.2851 0.015663 2.11596 394 187 3
2002 8 1 56 0 0 1.63 1 0 0
2002 9 1 56 7.23556 0.00928726 2.00348 66 43 0
2002 1 2 56 53.4861 0.0113899 2.18201 159 74 12
2002 2 2 56 10.875 0.0111386 2.5 1 9 0
2002 3 2 56 10.6991 0.02267 2.13692 13 9 0
2002 4 2 56 33.8275 0.0111476 2.15533 169 115.5 0
2002 5 2 56 0.37188 0.0153846 1.73333 3 2 0
2002 6 2 56 11.0263 0.010866 2.22667 15 33 0
2002 7 2 56 16.0882 0.0113075 2.15239 368 135 2
2002 8 2 56 0 0 2.15182 0 0 0
2002 9 2 56 7.06729 0.00907127 2.01463 41 42 0
2002 1 1 57 67.5804 0.0143913 2.30801 216 93.5 6
2002 2 1 57 6.04167 0.00618812 2.16 5 5 0
2002 3 1 57 3.56636 0.00755668 2.50333 15 3 0
2002 4 1 57 38.3671 0.0126436 2.33912 194 131 3
2002 5 1 57 0.557821 0.0230769 1.995 8 3 0
2002 6 1 57 12.3628 0.0121831 2.28654 26 37 0
2002 7 1 57 23.2385 0.016333 2.22152 473 195 5
2002 8 1 57 0 0 1.89 2 0 0
2002 9 1 57 10.1803 0.013067 2.14231 65 60.5 0
2002 1 2 57 53.8475 0.0114668 2.26626 190 74.5 7
2002 2 2 57 16.9167 0.0173267 2.78333 3 14 0
2002 3 2 57 7.13273 0.0151134 2.30563 16 6 0
2002 4 2 57 43.6389 0.0143809 2.3055 211 149 1
2002 5 2 57 0.557821 0.0230769 2.12 4 3 0
2002 6 2 57 12.3628 0.0121831 2.2352 25 37 0
2002 7 2 57 20.9742 0.0147416 2.21643 392 176 3
2002 8 2 57 0 0 2.24255 0 0 0
2002 9 2 57 9.33892 0.011987 2.04458 48 55.5 0
2002 1 1 58 62.1595 0.0132369 2.45313 243 86 9
2002 2 1 58 6.04167 0.00618812 2.25 3 5 0
2002 3 1 58 9.51031 0.0201511 2.3624 25 8 0
2002 4 1 58 45.2498 0.0149117 2.50584 238 154.5 5
2002 5 1 58 0.557821 0.0230769 2.3 1 3 0
2002 6 1 58 14.3676 0.0141587 2.235 18 43 0
2002 7 1 58 26.5753 0.0186783 2.31061 559 223 6
2002 8 1 58 0 0 1.94 1 0 0
2002 9 1 58 13.0408 0.0167387 2.15333 72 77.5 0
2002 1 2 58 56.3773 0.0120055 2.28831 172 78 6
2002 2 2 58 19.3333 0.019802 2.72 5 16 0
2002 3 2 58 7.13273 0.0151134 2.38063 16 6 0
2002 4 2 58 46.7142 0.0153943 2.42865 192 159.5 5
2002 5 2 58 0.18594 0.00769231 2.22667 3 1 0
2002 6 2 58 16.0382 0.0158051 2.3775 24 48 0
2002 7 2 58 22.2851 0.015663 2.37421 416 187 3
2002 8 2 58 0 0 2.3 1 0 0
2002 9 2 58 8.32931 0.0106911 2.24511 47 49.5 0
2002 1 1 59 68.3032 0.0145452 2.57415 248 94.5 13
2002 2 1 59 12.0833 0.0123762 2.85 5 10 0
2002 3 1 59 2.37758 0.00503778 2.42174 23 2 0
2002 4 1 59 43.6389 0.0143809 2.56123 228 149 6
2002 5 1 59 0.37188 0.0153846 2.31 4 2 0
2002 6 1 59 20.3819 0.0200856 2.33733 30 61 0
2002 7 1 59 27.1711 0.0190971 2.44044 572 228 4
2002 8 1 59 0 0 2.04 1 0 0
2002 9 1 59 11.6106 0.0149028 2.40535 71 69 0
2002 1 2 59 65.4121 0.0139295 2.50343 172 90.5 7
2002 2 2 59 12.0833 0.0123762 2.96429 7 10 0
2002 3 2 59 5.94394 0.0125945 2.4292 25 5 0
2002 4 2 59 50.668 0.0166972 2.57961 204 173 6
2002 5 2 59 0.743761 0.0307692 2.29 6 4 0
2002 6 2 59 16.0382 0.0158051 2.5 20 48 0
2002 7 2 59 23.7151 0.0166681 2.46974 498 199 6
2002 8 2 59 0 0 2.65 1 0 0
2002 9 2 59 11.7788 0.0151188 2.36839 62 70 0
2002 1 1 60 74.0855 0.0157765 2.70651 281 102.5 18
2002 2 1 60 8.45833 0.00866337 2.66 5 7 0
2002 3 1 60 9.51031 0.0201511 2.58944 18 8 0
2002 4 1 60 60.4795 0.0199305 2.7747 249 206.5 2
2002 5 1 60 0.743761 0.0307692 2.325 2 4 0
2002 6 1 60 15.7041 0.0154758 2.45667 33 47 0
2002 7 1 60 28.8395 0.0202697 2.55516 630 242 4
2002 8 1 60 0 0 2.62324 0 0 0
2002 9 1 60 17.5841 0.0225702 2.46069 72 104.5 0
2002 1 2 60 66.1349 0.0140834 2.60481 210 91.5 12
2002 2 2 60 14.5 0.0148515 2.88333 6 12 0
2002 3 2 60 8.32152 0.0176322 2.69615 13 7 0
2002 4 2 60 59.8937 0.0197375 2.67763 236 204.5 2
2002 5 2 60 0.18594 0.00769231 2.37333 6 1 0
2002 6 2 60 14.0334 0.0138294 2.5213 23 42 0
2002 7 2 60 24.4302 0.0171706 2.58384 567 205 3
2002 8 2 60 0 0 2.575 2 0 0
2002 9 2 60 9.50719 0.012203 2.44047 64 56.5 0
2002 1 1 61 86.7342 0.0184701 2.8422 282 120 13
2002 2 1 61 18.125 0.0185644 3.21 5 15 0
2002 3 1 61 3.56636 0.00755668 2.80786 28 3 0
2002 4 1 61 61.5045 0.0202683 2.90664 271 210 7
2002 5 1 61 0.37188 0.0153846 2.28125 8 2 0
2002 6 1 61 18.043 0.0177807 2.72818 33 54 0
2002 7 1 61 30.7463 0.0216099 2.65562 649 258 3
2002 8 1 61 0 0 2.345 2 0 0
2002 9 1 61 19.8557 0.025486 2.5685 80 118 0
2002 1 2 61 51.3178 0.0109281 2.86252 226 71 11
2002 2 2 61 9.66666 0.00990099 3.11667 3 8 0
2002 3 2 61 8.32152 0.0176322 2.83207 29 7 0
2002 4 2 61 53.8897 0.0177589 2.86423 239 184 4
2002 5 2 61 0.557821 0.0230769 2.52818 11 3 0
2002 6 2 61 20.0478 0.0197563 2.65911 45 60 0
2002 7 2 61 27.767 0.0195159 2.74129 605 233 1
2002 8 2 61 0 0 2.5 2 0 0
2002 9 2 61 12.4519 0.0159827 2.49176 51 74 0
2002 1 1 62 82.7589 0.0176235 2.94107 327 114.5 16
2002 2 1 62 18.125 0.0185644 3.05 7 15 0
2002 3 1 62 9.51031 0.0201511 2.92647 34 8 0
2002 4 1 62 58.1364 0.0191584 2.99546 315 198.5 6
2002 5 1 62 0.743761 0.0307692 2.59 4 4 0
2002 6 1 62 24.0573 0.0237076 2.75022 45 72 0
2002 7 1 62 35.7515 0.0251277 2.84277 621 300 5
2002 8 1 62 0 0 2.3 1 0 0
2002 9 1 62 16.0697 0.0206263 2.6936 89 95.5 0
2002 1 2 62 69.7488 0.014853 2.96612 224 96.5 11
2002 2 2 62 14.5 0.0148515 3.03 5 12 0
2002 3 2 62 7.13273 0.0151134 2.88846 26 6 0
2002 4 2 62 60.1866 0.019834 2.99373 284 205.5 7
2002 5 2 62 0.18594 0.00769231 2.674 5 1 0
2002 6 2 62 25.3938 0.0250247 2.80625 32 76 0
2002 7 2 62 28.1245 0.0197671 2.85303 621 236 1
2002 8 2 62 0 0 2.45 3 0 0
2002 9 2 62 11.0216 0.0141469 2.64162 74 65.5 0
2002 1 1 63 82.0361 0.0174696 3.09365 299 113.5 16
2002 2 1 63 18.125 0.0185644 3.86 5 15 0
2002 3 1 63 3.56636 0.00755668 2.99029 35 3 0
2002 4 1 63 59.7473 0.0196892 3.17765 307 204 6
2002 5 1 63 0.557821 0.0230769 2.635 6 3 0
2002 6 1 63 19.7136 0.0194271 2.77408 49 59 0
2002 7 1 63 40.7567 0.0286456 2.91721 730 342 4
2002 8 1 63 0 0 2.96 1 0 0
2002 9 1 63 20.6971 0.0265659 2.82247 77 123 0
2002 1 2 63 61.7981 0.0131599 3.18281 231 85.5 12
2002 2 2 63 16.9167 0.0173267 3.525 2 14 0
2002 3 2 63 10.6991 0.02267 3.145 22 9 0
2002 4 2 63 55.3541 0.0182415 3.07793 275 189 5
2002 5 2 63 0.18594 0.00769231 2.67556 9 1 0
2002 6 2 63 23.0549 0.0227198 2.99523 44 69 0
2002 7 2 63 33.8447 0.0237876 2.98918 661 284 6
2002 8 2 63 0 0 2.65 2 0 0
2002 9 2 63 12.4519 0.0159827 2.85218 78 74 0
2002 1 1 64 96.1305 0.020471 3.31709 289 133 10
2002 2 1 64 10.875 0.0111386 4.1375 4 9 0
2002 3 1 64 8.32152 0.0176322 3.33515 33 7 0
2002 4 1 64 67.8014 0.0223434 3.29321 293 231.5 5
2002 5 1 64 0.18594 0.00769231 2.99 4 1 0
2002 6 1 64 26.7304 0.0263418 3.00673 55 80 0
2002 7 1 64 34.4406 0.0242064 3.06519 734 289 8
2002 8 1 64 0 0 2.04 1 0 0
2002 9 1 64 19.4351 0.024946 2.99816 87 115.5 0
2002 1 2 64 70.833 0.0150839 3.25726 237 98 12
2002 2 2 64 8.45833 0.00866337 3.625 2 7 0
2002 3 2 64 10.6991 0.02267 3.15692 26 9 0
2002 4 2 64 66.9228 0.0220539 3.25924 341 228.5 6
2002 5 2 64 0.18594 0.00769231 3.02667 6 1 0
2002 6 2 64 21.7184 0.0214027 2.9774 50 65 0
2002 7 2 64 34.6789 0.0243739 3.14824 712 291 7
2002 8 2 64 0 0 3.17383 0 0 0
2002 9 2 64 14.5553 0.0186825 2.95638 94 86.5 0
2002 1 1 65 101.551 0.0216254 3.39488 291 140.5 16
2002 2 1 65 18.125 0.0185644 4.03333 6 15 0
2002 3 1 65 3.56636 0.00755668 3.32286 28 3 0
2002 4 1 65 67.3621 0.0221986 3.50653 331 230 4
2002 5 1 65 0 0 2.76143 7 0 0
2002 6 1 65 21.3843 0.0210734 3.23444 63 64 0
2002 7 1 65 38.7308 0.0272217 3.20063 709 325 5
2002 8 1 65 0 0 3.4 2 0 0
2002 9 1 65 18.0889 0.0232181 3.06918 61 107.5 0
2002 1 2 65 71.1944 0.0151608 3.52263 247 98.5 8
2002 2 2 65 12.0833 0.0123762 3.5 3 10 0
2002 3 2 65 11.8879 0.0251889 3.48 29 10 0
2002 4 2 65 73.2197 0.0241289 3.39964 333 250 5
2002 5 2 65 0.37188 0.0153846 2.904 10 2 0
2002 6 2 65 21.7184 0.0214027 3.24904 52 65 0
2002 7 2 65 34.7981 0.0244577 3.27475 682 292 6
2002 8 2 65 0 0 3.27 2 0 0
2002 9 2 65 13.0408 0.0167387 3.165 80 77.5 0
2002 1 1 66 104.081 0.0221641 3.55934 287 144 14
2002 2 1 66 13.2917 0.0136139 4.25 3 11 0
2002 3 1 66 10.6991 0.02267 3.52143 28 9 0
2002 4 1 66 66.4835 0.0219091 3.61867 323 227 3
2002 5 1 66 0.18594 0.00769231 3.426 5 1 0
2002 6 1 66 21.3843 0.0210734 3.2364 50 64 0
2002 7 1 66 37.1219 0.026091 3.35775 658 311.5 4
2002 8 1 66 0 0 3.45636 0 0 0
2002 9 1 66 16.8269 0.0215983 3.30721 68 100 0
2002 1 2 66 66.4963 0.0141604 3.66658 231 92 13
2002 2 2 66 18.125 0.0185644 4.6625 4 15 0
2002 3 2 66 9.51031 0.0201511 3.55833 24 8 0
2002 4 2 66 76.7342 0.0252871 3.55879 346 262 5
2002 5 2 66 0.37188 0.0153846 3.04 7 2 0
2002 6 2 66 23.0549 0.0227198 3.30467 60 69 0
2002 7 2 66 35.5727 0.0250021 3.4164 695 298.5 3
2002 8 2 66 0 0 3.3 1 0 0
2002 9 2 66 14.1346 0.0181425 3.21477 65 84 0
2002 1 1 67 114.561 0.0243959 3.75898 275 158.5 23
2002 2 1 67 19.3333 0.019802 4.56167 6 16 0
2002 3 1 67 1.18879 0.00251889 3.74321 28 1 0
2002 4 1 67 68.5336 0.0225847 3.75885 279 234 1
2002 5 1 67 1.30158 0.0538462 3.59143 7 7 0
2002 6 1 67 21.0502 0.0207442 3.48194 62 63 0
2002 7 1 67 31.938 0.0224474 3.46702 644 268 6
2002 8 1 67 0 0 3.335 2 0 0
2002 9 1 67 18.5096 0.0237581 3.36443 70 110 0
2002 1 2 67 74.8083 0.0159304 3.73783 253 103.5 14
2002 2 2 67 12.0833 0.0123762 4.33 5 10 0
2002 3 2 67 7.13273 0.0151134 3.5456 25 6 0
2002 4 2 67 77.0271 0.0253837 3.74432 333 263 3
2002 5 2 67 0 0 3.16889 9 0 0
2002 6 2 67 23.3891 0.0230491 3.3668 75 70 0
2002 7 2 67 40.28 0.0283106 3.5699 705 338 3
2002 8 2 67 0 0 3.3325 4 0 0
2002 9 2 67 10.9375 0.0140389 3.31586 70 65 0
2002 1 1 68 89.264 0.0190088 3.8272 254 123.5 15
2002 2 1 68 16.9167 0.0173267 3.74054 0 14 0
2002 3 1 68 11.8879 0.0251889 3.90333 12 10 0
2002 4 1 68 68.5336 0.0225847 3.94324 275 234 3
2002 5 1 68 0.557821 0.0230769 3.53222 9 3 0
2002 6 1 68 22.0525 0.021732 3.648 60 66 0
2002 7 1 68 33.368 0.0234526 3.63498 600 280 7
2002 8 1 68 0 0 3.52 2 0 0
2002 9 1 68 19.5192 0.025054 3.57373 51 116 0
2002 1 2 68 64.6893 0.0137756 3.96636 239 89.5 12
2002 2 2 68 12.0833 0.0123762 4.86667 3 10 0
2002 3 2 68 7.13273 0.0151134 3.83625 16 6 0
2002 4 2 68 83.7633 0.0276035 3.85067 371 286 2
2002 5 2 68 0.37188 0.0153846 3.4875 8 2 0
2002 6 2 68 22.7208 0.0223905 3.55857 42 68 0
2002 7 2 68 34.6789 0.0243739 3.7476 680 291 3
2002 8 2 68 0 0 3.705 4 0 0
2002 9 2 68 15.1442 0.0194384 3.54015 68 90 0
2002 1 1 69 95.0463 0.0202401 4.03573 246 131.5 15
2002 2 1 69 12.0833 0.0123762 4.8 1 10 0
2002 3 1 69 5.94394 0.0125945 3.979 10 5 0
2002 4 1 69 53.1575 0.0175176 4.02378 249 181.5 3
2002 5 1 69 0.18594 0.00769231 3.5675 4 1 0
2002 6 1 69 16.7065 0.0164636 3.788 40 50 0
2002 7 1 69 31.6996 0.0222799 3.76492 559 266 7
2002 8 1 69 0 0 3.87858 0 0 0
2002 9 1 69 21.9591 0.0281857 3.70128 47 130.5 0
2002 1 2 69 84.9273 0.0180853 4.15412 255 117.5 11
2002 2 2 69 7.25 0.00742574 4.6 3 6 0
2002 3 2 69 3.56636 0.00755668 3.818 25 3 0
2002 4 2 69 76.2949 0.0251424 4.0711 326 260.5 4
2002 5 2 69 0.18594 0.00769231 3.762 5 1 0
2002 6 2 69 16.3723 0.0161343 3.83175 40 49 0
2002 7 2 69 34.9173 0.0245414 3.87883 650 293 5
2002 8 2 69 0 0 3.44333 3 0 0
2002 9 2 69 15.5649 0.0199784 3.72922 64 92.5 0
2002 1 1 70 107.695 0.0229337 4.28726 234 149 14
2002 2 1 70 6.04167 0.00618812 4.7 2 5 0
2002 3 1 70 5.94394 0.0125945 4.22273 11 5 0
2002 4 1 70 66.0442 0.0217643 4.31781 242 225.5 5
2002 5 1 70 0.37188 0.0153846 3.785 6 2 0
2002 6 1 70 19.3795 0.0190978 3.95116 43 58 0
2002 7 1 70 27.767 0.0195159 3.97662 524 233 7
2002 8 1 70 0 0 3.93 2 0 0
2002 9 1 70 21.1177 0.0271058 4.03795 44 125.5 0
2002 1 2 70 86.7342 0.0184701 4.40439 244 120 11
2002 2 2 70 10.875 0.0111386 4.95 2 9 0
2002 3 2 70 7.13273 0.0151134 4.17625 16 6 0
2002 4 2 70 78.3451 0.025818 4.24988 322 267.5 4
2002 5 2 70 0 0 3.56833 6 0 0
2002 6 2 70 17.7089 0.0174514 3.945 52 53 0
2002 7 2 70 37.0623 0.0260491 4.07071 630 311 4
2002 8 2 70 0 0 3.67 1 0 0
2002 9 2 70 18.5937 0.0238661 3.93043 70 110.5 0
2002 1 1 71 73.0013 0.0155456 4.44922 230 101 17
2002 2 1 71 9.66666 0.00990099 4.28431 0 8 0
2002 3 1 71 2.37758 0.00503778 4.52273 11 2 0
2002 4 1 71 46.1284 0.0152012 4.42725 222 157.5 1
2002 5 1 71 0.18594 0.00769231 3.83 5 1 0
2002 6 1 71 15.7041 0.0154758 4.14294 34 47 0
2002 7 1 71 21.3317 0.0149929 4.16201 442 179 4
2002 8 1 71 0 0 4 2 0 0
2002 9 1 71 11.6106 0.0149028 3.99838 37 69 0
2002 1 2 71 59.2684 0.0126212 4.54118 237 82 16
2002 2 2 71 7.25 0.00742574 5.3 1 6 0
2002 3 2 71 1.18879 0.00251889 4.50941 17 1 0
2002 4 2 71 74.5377 0.0245633 4.47201 288 254.5 2
2002 5 2 71 0.557821 0.0230769 3.73333 9 3 0
2002 6 2 71 15.37 0.0151465 4.22809 47 46 0
2002 7 2 71 35.9898 0.0252953 4.2706 582 302 6
2002 8 2 71 0 0 4 1 0 0
2002 9 2 71 11.4423 0.0146868 4.17122 49 68 0
2002 1 1 72 65.7735 0.0140065 4.64014 218 91 16
2002 2 1 72 8.45833 0.00866337 4.43644 0 7 0
2002 3 1 72 3.56636 0.00755668 4.52438 16 3 0
2002 4 1 72 36.9027 0.012161 4.54494 164 126 1
2002 5 1 72 0.557821 0.0230769 3.84 4 3 0
2002 6 1 72 15.7041 0.0154758 4.17969 32 47 0
2002 7 1 72 17.5182 0.0123126 4.30789 384 147 3
2002 8 1 72 0 0 4.43644 0 0 0
2002 9 1 72 15.9014 0.0204104 4.31903 31 94.5 0
2002 1 2 72 78.0608 0.0166231 4.83394 231 108 14
2002 2 2 72 6.04167 0.00618812 4.9 1 5 0
2002 3 2 72 0 0 4.47 13 0 0
2002 4 2 72 52.1324 0.0171798 4.66771 236 178 3
2002 5 2 72 0.743761 0.0307692 4.1575 8 4 0
2002 6 2 72 14.3676 0.0141587 4.34292 48 43 0
2002 7 2 72 29.3162 0.0206047 4.47325 493 246 2
2002 8 2 72 0 0 4.02333 3 0 0
2002 9 2 72 11.863 0.0152268 4.19349 43 70.5 0
2002 1 1 73 65.0507 0.0138525 4.84544 195 90 17
2002 2 1 73 4.83333 0.0049505 4.60972 0 4 0
2002 3 1 73 3.56636 0.00755668 4.91364 11 3 0
2002 4 1 73 34.999 0.0115336 4.69719 139 119.5 3
2002 5 1 73 0.18594 0.00769231 4.95 2 1 0
2002 6 1 73 15.0358 0.0148173 4.3896 25 45 0
2002 7 1 73 13.228 0.00929726 4.46289 315 111 2
2002 8 1 73 0 0 4.60972 0 0 0
2002 9 1 73 13.2932 0.0170626 4.30412 34 79 0
2002 1 2 73 62.1595 0.0132369 5.01065 215 86 13
2002 2 2 73 4.83333 0.0049505 4.74144 0 4 0
2002 3 2 73 1.18879 0.00251889 4.64143 7 1 0
2002 4 2 73 65.4584 0.0215713 4.78634 227 223.5 6
2002 5 2 73 0.557821 0.0230769 4.31 8 3 0
2002 6 2 73 11.3604 0.0111953 4.61129 31 34 0
2002 7 2 73 28.3628 0.0199347 4.64012 493 238 3
2002 8 2 73 0 0 4.39 2 0 0
2002 9 2 73 11.4423 0.0146868 4.45281 32 68 0
2002 1 1 74 59.6298 0.0126982 5.11652 181 82.5 20
2002 2 1 74 4.83333 0.0049505 4.87713 0 4 0
2002 3 1 74 2.37758 0.00503778 4.16 3 2 0
2002 4 1 74 36.317 0.011968 5.04192 130 124 4
2002 5 1 74 0.37188 0.0153846 4.445 4 2 0
2002 6 1 74 8.68737 0.00856108 4.52938 16 26 0
2002 7 1 74 10.9638 0.00770584 4.68767 262 92 2
2002 8 1 74 0 0 4.87713 0 0 0
2002 9 1 74 13.2932 0.0170626 4.64083 24 79 0
2002 1 2 74 54.5703 0.0116207 5.19263 198 75.5 10
2002 2 2 74 3.625 0.00371287 4.93744 0 3 0
2002 3 2 74 1.18879 0.00251889 4.96125 8 1 0
2002 4 2 74 49.4965 0.0163112 5.0045 191 169 2
2002 5 2 74 0.743761 0.0307692 4.596 10 4 0
2002 6 2 74 15.0358 0.0148173 4.53971 34 45 0
2002 7 2 74 23.0001 0.0161655 4.87261 383 193 2
2002 8 2 74 0 0 4.93744 0 0 0
2002 9 2 74 13.798 0.0177106 4.41929 42 82 0
2002 1 1 75 36.8621 0.00784978 5.25613 155 51 17
2002 2 1 75 2.41667 0.00247525 5.02682 0 2 0
2002 3 1 75 5.94394 0.0125945 4.99167 6 5 0
2002 4 1 75 22.5517 0.00743172 5.16933 105 77 2
2002 5 1 75 0 0 4.69 1 0 0
2002 6 1 75 11.0263 0.010866 4.65412 17 33 0
2002 7 1 75 8.63994 0.00607254 4.86162 247 72.5 3
2002 8 1 75 0 0 5.02682 0 0 0
2002 9 1 75 10.6851 0.0137149 4.89864 22 63.5 0
2002 1 2 75 62.8823 0.0133908 5.47137 160 87 12
2002 2 2 75 3.625 0.00371287 5.13185 0 3 0
2002 3 2 75 3.56636 0.00755668 4.93333 9 3 0
2002 4 2 75 47.7392 0.0157321 5.18159 170 163 2
2002 5 2 75 0.929701 0.0384615 4.96857 7 5 0
2002 6 2 75 16.7065 0.0164636 4.81406 32 50 0
2002 7 2 75 21.0338 0.0147835 5.03572 367 176.5 7
2002 8 2 75 0 0 4.4 1 0 0
2002 9 2 75 11.6947 0.0150108 4.64357 28 69.5 0
2002 1 1 76 35.4165 0.00754194 5.4007 128 49 12
2002 2 1 76 3.625 0.00371287 5.20558 0 3 0
2002 3 1 76 0 0 5.17857 7 0 0
2002 4 1 76 17.5727 0.00579095 5.35439 82 60 1
2002 5 1 76 0.37188 0.0153846 4.7 6 2 0
2002 6 1 76 9.35563 0.00921962 5.282 10 28 0
2002 7 1 76 6.55443 0.00460675 5.0403 202 55 2
2002 8 1 76 0 0 5.20558 0 0 0
2002 9 1 76 9.42306 0.012095 5.12706 17 56 0
2002 1 2 76 50.595 0.0107742 5.67157 166 70 17
2002 2 2 76 3.625 0.00371287 5.38339 0 3 0
2002 3 2 76 1.18879 0.00251889 5.30833 6 1 0
2002 4 2 76 38.9529 0.0128366 5.38466 133 133 0
2002 5 2 76 0.743761 0.0307692 5.005 2 4 0
2002 6 2 76 11.6945 0.0115245 5.04688 16 35 0
2002 7 2 76 18.2332 0.0128151 5.25664 301 153 2
2002 8 2 76 0 0 6.7 1 0 0
2002 9 2 76 9.42306 0.012095 5.25257 35 56 0
2002 1 1 77 29.2728 0.00623365 5.74453 137 40.5 11
2002 2 1 77 1.20833 0.00123762 5.46633 0 1 0
2002 3 1 77 0 0 6.11 5 0 0
2002 4 1 77 18.3049 0.00603224 5.58982 56 62.5 2
2002 5 1 77 0 0 4.975 2 0 0
2002 6 1 77 6.34846 0.00625617 4.86778 18 19 0
2002 7 1 77 6.43526 0.00452299 5.26137 153 54 1
2002 8 1 77 0 0 5.46633 0 0 0
2002 9 1 77 7.06729 0.00907127 4.953 10 42 0
2002 1 2 77 43.0057 0.00915807 6.06985 132 59.5 13
2002 2 2 77 3.625 0.00371287 6 1 3 0
2002 3 2 77 1.18879 0.00251889 5.72 8 1 0
2002 4 2 77 39.0993 0.0128849 5.65569 137 133.5 1
2002 5 2 77 0.37188 0.0153846 4.83714 7 2 0
2002 6 2 77 9.68976 0.0095489 5.61889 18 29 0
2002 7 2 77 15.6115 0.0109724 5.46667 285 131 8
2002 8 2 77 0 0 5.62131 0 0 0
2002 9 2 77 7.06729 0.00907127 4.91773 22 42 0
2002 1 1 78 35.4165 0.00754194 5.96302 126 49 11
2002 2 1 78 3.625 0.00371287 5.71649 0 3 0
2002 3 1 78 0 0 6.165 2 0 0
2002 4 1 78 16.5477 0.00545314 5.73833 48 56.5 0
2002 5 1 78 0.37188 0.0153846 4.9 2 2 0
2002 6 1 78 6.68259 0.00658545 5.5 12 20 0
2002 7 1 78 3.3368 0.00234526 5.48558 113 28 1
2002 8 1 78 0 0 5.71649 0 0 0
2002 9 1 78 5.88941 0.0075594 5.448 10 35 0
2002 1 2 78 44.0899 0.00938895 6.33561 148 61 10
2002 2 2 78 3.625 0.00371287 5.82358 0 3 0
2002 3 2 78 5.94394 0.0125945 5.775 6 5 0
2002 4 2 78 34.4133 0.0113406 5.65417 115 117.5 1
2002 5 2 78 0.557821 0.0230769 5.27 6 3 0
2002 6 2 78 7.68498 0.00757326 5.54214 14 23 0
2002 7 2 78 12.0363 0.00845967 5.63845 226 101 2
2002 8 2 78 0 0 5.82358 0 0 0
2002 9 2 78 7.23556 0.00928726 5.44 18 43 0
2002 1 1 79 19.5152 0.00415576 6.35391 115 27 16
2002 2 1 79 0 0 5.975 0 0 0
2002 3 1 79 3.56636 0.00755668 5.01667 3 3 0
2002 4 1 79 15.2297 0.00501882 6.00263 38 52 1
2002 5 1 79 0.37188 0.0153846 4.69 1 2 0
2002 6 1 79 3.00717 0.00296345 5.562 5 9 0
2002 7 1 79 2.97929 0.00209398 5.67425 106 25 1
2002 8 1 79 0 0 6.22 1 0 0
2002 9 1 79 3.70191 0.00475162 5.22333 9 22 0
2002 1 2 79 23.8519 0.00507927 6.53468 139 33 12
2002 2 2 79 3.625 0.00371287 6.03316 0 3 0
2002 3 2 79 0 0 6.2 3 0 0
2002 4 2 79 37.1956 0.0122575 5.9799 104 127 3
2002 5 2 79 0.37188 0.0153846 6.025 4 2 0
2002 6 2 79 6.68259 0.00658545 5.678 10 20 0
2002 7 2 79 9.41455 0.00661697 5.7851 206 79 3
2002 8 2 79 0 0 6.03316 0 0 0
2002 9 2 79 8.24517 0.0105832 5.67643 28 49 0
2002 1 1 80 13.7329 0.00292443 6.5832 103 19 13
2002 2 1 80 4.83333 0.0049505 6.33229 0 4 0
2002 3 1 80 4.75515 0.0100756 6.33229 0 4 0
2002 4 1 80 11.1294 0.0036676 6.58333 36 38 0
2002 5 1 80 0.18594 0.00769231 6.33229 0 1 0
2002 6 1 80 3.00717 0.00296345 6.184 5 9 0
2002 7 1 80 2.62177 0.0018427 5.98678 87 22 2
2002 8 1 80 0 0 6.33229 0 0 0
2002 9 1 80 5.04807 0.00647948 6.04071 14 30 0
2002 1 2 80 34.6937 0.00738803 6.83492 132 48 18
2002 2 2 80 4.83333 0.0049505 6.38746 0 4 0
2002 3 2 80 1.18879 0.00251889 6.73333 3 1 0
2002 4 2 80 25.7733 0.00849339 6.54084 83 88 1
2002 5 2 80 0.18594 0.00769231 5.856 5 1 0
2002 6 2 80 8.01911 0.00790254 5.67077 13 24 0
2002 7 2 80 7.50781 0.00527682 6.13049 206 63 1
2002 8 2 80 0 0 6.38746 0 0 0
2002 9 2 80 5.3846 0.00691145 5.94722 18 32 0
2002 1 1 81 10.4804 0.0022318 7.00177 96 14.5 14
2002 2 1 81 3.625 0.00371287 6.63177 0 3 0
2002 3 1 81 1.18879 0.00251889 6.315 4 1 0
2002 4 1 81 11.1294 0.0036676 6.79469 32 38 0
2002 5 1 81 0.18594 0.00769231 5.175 2 1 0
2002 6 1 81 3.00717 0.00296345 5.97 3 9 0
2002 7 1 81 0.953372 0.000670073 5.9364 50 8 0
2002 8 1 81 0 0 6.63177 0 0 0
2002 9 1 81 2.77644 0.00356371 6.672 5 16.5 0
2002 1 2 81 30.7184 0.00654148 7.0569 100 42.5 15
2002 2 2 81 3.625 0.00371287 6.67109 0 3 0
2002 3 2 81 2.37758 0.00503778 6.085 2 2 0
2002 4 2 81 24.0161 0.00791429 6.65031 65 82 0
2002 5 2 81 0.37188 0.0153846 5.75 2 2 0
2002 6 2 81 5.6802 0.00559763 6.25 9 17 0
2002 7 2 81 6.91195 0.00485803 6.547 160 58 5
2002 8 2 81 0 0 6.67109 0 0 0
2002 9 2 81 5.63701 0.00723542 6.1425 20 33.5 0
2002 1 1 82 7.22785 0.00153917 7.14808 73 10 14
2002 2 1 82 0 0 6.86335 0 0 0
2002 3 1 82 0 0 7.1 1 0 0
2002 4 1 82 6.73621 0.00221986 7.09696 23 23 1
2002 5 1 82 0 0 6.86335 0 0 0
2002 6 1 82 0.33413 0.000329272 6.624 5 1 0
2002 7 1 82 0.834201 0.000586314 6.38979 47 7 2
2002 8 1 82 0 0 6.86335 0 0 0
2002 9 1 82 1.85096 0.00237581 6.37333 6 11 0
2002 1 2 82 21.6836 0.00461752 7.33839 118 30 12
2002 2 2 82 2.41667 0.00247525 6.93088 0 2 0
2002 3 2 82 0 0 7.4 5 0 0
2002 4 2 82 17.8656 0.00588746 6.85733 45 61 1
2002 5 2 82 0.18594 0.00769231 6 2 1 0
2002 6 2 82 4.00955 0.00395127 6.33091 11 12 0
2002 7 2 82 4.171 0.00293157 6.75737 133 35 1
2002 8 2 82 0 0 6.93088 0 0 0
2002 9 2 82 5.04807 0.00647948 5.81786 14 30 0
2002 1 1 83 9.03482 0.00192396 7.31047 85 12.5 14
2002 2 1 83 1.20833 0.00123762 7.00455 0 1 0
2002 3 1 83 1.18879 0.00251889 7.00455 0 1 0
2002 4 1 83 2.34303 0.000772126 6.92 17 8 0
2002 5 1 83 0 0 7.00455 0 0 0
2002 6 1 83 0.33413 0.000329272 7.00455 0 1 0
2002 7 1 83 1.07254 0.000753832 6.4425 48 9 0
2002 8 1 83 0 0 7.00455 0 0 0
2002 9 1 83 1.85096 0.00237581 7.40667 6 11 0
2002 1 2 83 15.5399 0.00330922 7.78292 106 21.5 13
2002 2 2 83 1.20833 0.00123762 7.30742 0 1 0
2002 3 2 83 0 0 8 2 0 0
2002 4 2 83 17.2798 0.00569443 7.075 52 59 0
2002 5 2 83 0 0 7.30742 0 0 0
2002 6 2 83 4.00955 0.00395127 6.90375 8 12 0
2002 7 2 83 3.45597 0.00242901 7.07031 131 29 1
2002 8 2 83 0 0 7.30742 0 0 0
2002 9 2 83 5.21633 0.00669546 6.81545 11 31 0
2002 1 1 84 2.16836 0.000461752 7.65526 76 3 18
2002 2 1 84 0 0 7.35594 0 0 0
2002 3 1 84 1.18879 0.00251889 6.3 1 1 0
2002 4 1 84 4.97894 0.00164077 7.045 12 17 0
2002 5 1 84 0.18594 0.00769231 7.35594 0 1 0
2002 6 1 84 0.668259 0.000658545 7.26 4 2 0
2002 7 1 84 0.953372 0.000670073 6.92385 39 8 2
2002 8 1 84 0 0 7.35594 0 0 0
2002 9 1 84 1.68269 0.00215983 6.63 1 10 0
2002 1 2 84 18.0696 0.00384793 8.09634 82 25 11
2002 2 2 84 1.20833 0.00123762 7.43707 0 1 0
2002 3 2 84 1.18879 0.00251889 8.7 1 1 0
2002 4 2 84 12.3009 0.00405366 7.07463 41 42 0
2002 5 2 84 0.37188 0.0153846 6.58333 3 2 0
2002 6 2 84 3.00717 0.00296345 6.73667 6 9 0
2002 7 2 84 4.88603 0.00343412 7.14317 104 41 1
2002 8 2 84 0 0 7.43707 0 0 0
2002 9 2 84 2.52403 0.00323974 7.17583 12 15 0
2002 1 1 85 5.0595 0.00107742 8.06718 71 7 13
2002 2 1 85 0 0 7.58203 0 0 0
2002 3 1 85 1.18879 0.00251889 7.58203 0 1 0
2002 4 1 85 3.51455 0.00115819 6.50308 13 12 0
2002 5 1 85 0 0 7.58203 0 0 0
2002 6 1 85 0.668259 0.000658545 6.2 2 2 0
2002 7 1 85 0.715029 0.000502555 7.12872 39 6 1
2002 8 1 85 0 0 7.58203 0 0 0
2002 9 1 85 1.85096 0.00237581 7.59 3 11 0
2002 1 2 85 13.0101 0.00277051 8.25485 101 18 12
2002 2 2 85 1.20833 0.00123762 7.76333 0 1 0
2002 3 2 85 1.18879 0.00251889 8.775 2 1 0
2002 4 2 85 7.02909 0.00231638 7.51737 38 24 0
2002 5 2 85 0.18594 0.00769231 7.52 4 1 0
2002 6 2 85 2.33891 0.00230491 6.69818 11 7 0
2002 7 2 85 3.45597 0.00242901 7.45628 86 29 2
2002 8 2 85 0 0 7.76333 0 0 0
2002 9 2 85 2.35576 0.00302376 7.30286 7 14 0
2002 1 1 86 5.0595 0.00107742 8.40018 57 7 9
2002 2 1 86 0 0 7.95161 0 0 0
2002 3 1 86 0 0 7.95161 0 0 0
2002 4 1 86 2.92879 0.000965158 7.59875 8 10 1
2002 5 1 86 0 0 7.4 1 0 0
2002 6 1 86 0.668259 0.000658545 7.95161 0 2 0
2002 7 1 86 0.834201 0.000586314 7.07667 24 7 1
2002 8 1 86 0 0 7.95161 0 0 0
2002 9 1 86 0.673075 0.000863931 7.55333 3 4 0
2002 1 2 86 5.78228 0.00123134 8.68037 82 8 10
2002 2 2 86 0 0 8.12689 0 0 0
2002 3 2 86 0 0 7.8 1 0 0
2002 4 2 86 8.49348 0.00279896 8.15297 37 29 1
2002 5 2 86 0 0 7.65 1 0 0
2002 6 2 86 2.67304 0.00263418 7.59167 6 8 0
2002 7 2 86 2.02592 0.0014239 7.73362 69 17 0
2002 8 2 86 0 0 8.12689 0 0 0
2002 9 2 86 2.6923 0.00345572 6.95769 13 16 0
2002 1 1 87 3.61393 0.000769586 8.71209 43 5 8
2002 2 1 87 0 0 8.29077 0 0 0
2002 3 1 87 0 0 8.29077 0 0 0
2002 4 1 87 2.34303 0.000772126 7.32091 11 8 0
2002 5 1 87 0.18594 0.00769231 7.5 2 1 0
2002 6 1 87 0 0 7.35 1 0 0
2002 7 1 87 0.238343 0.000167518 8.05619 21 2 1
2002 8 1 87 0 0 8.29077 0 0 0
2002 9 1 87 1.17788 0.00151188 8.29077 0 7 0
2002 1 2 87 10.119 0.00215484 9.08211 76 14 13
2002 2 2 87 1.20833 0.00123762 8.46668 0 1 0
2002 3 2 87 0 0 8.6 2 0 0
2002 4 2 87 9.37212 0.0030885 8.31219 32 32 1
2002 5 2 87 0 0 6.53333 3 0 0
2002 6 2 87 1.33652 0.00131709 7.295 10 4 0
2002 7 2 87 1.19172 0.000837591 8.24828 64 10 2
2002 8 2 87 0 0 5.71 1 0 0
2002 9 2 87 1.68269 0.00215983 7.48625 8 10 0
2002 1 1 88 2.52975 0.00053871 9.10717 53 3.5 9
2002 2 1 88 0 0 8.7304 0 0 0
2002 3 1 88 0 0 8.4 1 0 0
2002 4 1 88 2.34303 0.000772126 8.842 5 8 1
2002 5 1 88 0 0 8.7304 0 0 0
2002 6 1 88 0 0 7.4 1 0 0
2002 7 1 88 0.238343 0.000167518 7.48143 14 2 1
2002 8 1 88 0 0 8.7304 0 0 0
2002 9 1 88 1.68269 0.00215983 7.35 1 10 0
2002 1 2 88 6.14368 0.0013083 9.45307 75 8.5 13
2002 2 2 88 1.20833 0.00123762 8.73528 0 1 0
2002 3 2 88 2.37758 0.00503778 9.8 1 2 0
2002 4 2 88 6.73621 0.00221986 8.53389 18 23 0
2002 5 2 88 0 0 8.37 1 0 0
2002 6 2 88 0.33413 0.000329272 8.17 4 1 0
2002 7 2 88 1.07254 0.000753832 8.16 69 9 1
2002 8 2 88 0 0 8.73528 0 0 0
2002 9 2 88 2.01923 0.00259179 7.61625 8 12 0
2002 1 1 89 2.89114 0.000615669 9.27712 52 4 9
2002 2 1 89 0 0 8.90973 0 0 0
2002 3 1 89 1.18879 0.00251889 8.90973 0 1 0
2002 4 1 89 0.878636 0.000289547 8.29 4 3 0
2002 5 1 89 0 0 8.90973 0 0 0
2002 6 1 89 0.33413 0.000329272 7.5 1 1 0
2002 7 1 89 0.238343 0.000167518 7.7 14 2 1
2002 8 1 89 0 0 8.90973 0 0 0
2002 9 1 89 0.673075 0.000863931 9.77 2 4 0
2002 1 2 89 5.0595 0.00107742 10.1965 63 7 9
2002 2 2 89 0 0 9.2269 0 0 0
2002 3 2 89 0 0 9.2269 0 0 0
2002 4 2 89 4.39318 0.00144774 8.47722 18 15 0
2002 5 2 89 0 0 5.51 1 0 0
2002 6 2 89 2.00478 0.00197563 10.46 1 6 0
2002 7 2 89 1.43006 0.00100511 8.57283 53 12 0
2002 8 2 89 0 0 9.2269 0 0 0
2002 9 2 89 3.02884 0.00388769 8.06667 9 18 0
2002 1 1 90 2.16836 0.000461752 9.71667 33 3 9
2002 2 1 90 0 0 9.14642 0 0 0
2002 3 1 90 0 0 9.14642 0 0 0
2002 4 1 90 0.878636 0.000289547 9.2075 4 3 0
2002 5 1 90 0 0 9.14642 0 0 0
2002 6 1 90 0.33413 0.000329272 8.225 4 1 0
2002 7 1 90 0.119172 8.37591e-05 7.78 11 1 0
2002 8 1 90 0 0 9.14642 0 0 0
2002 9 1 90 0.673075 0.000863931 8.8 1 4 0
2002 1 2 90 5.0595 0.00107742 10.3244 70 7 12
2002 2 2 90 0 0 9.53845 0 0 0
2002 3 2 90 1.18879 0.00251889 10.5 1 1 0
2002 4 2 90 5.27182 0.00173728 8.845 14 18 1
2002 5 2 90 0 0 10.72 2 0 0
2002 6 2 90 0.33413 0.000329272 8.47 1 1 0
2002 7 2 90 1.31089 0.00092135 8.83731 52 11 2
2002 8 2 90 0 0 9.53845 0 0 0
2002 9 2 90 1.51442 0.00194384 8.15 8 9 0
2002 1 1 91 0.361393 7.69586e-05 10.1657 30 0.5 7
2002 2 1 91 0 0 9.69111 0 0 0
2002 3 1 91 0 0 9.69111 0 0 0
2002 4 1 91 1.17152 0.000386063 8.2075 4 4 0
2002 5 1 91 0.18594 0.00769231 9.15 1 1 0
2002 6 1 91 0 0 10.2 2 0 0
2002 7 1 91 0.357515 0.000251277 9.07 16 3 0
2002 8 1 91 0 0 9.69111 0 0 0
2002 9 1 91 0.841344 0.00107991 10.85 1 5 0
2002 1 2 91 3.25253 0.000692627 10.7082 55 4.5 12
2002 2 2 91 0 0 9.91614 0 0 0
2002 3 2 91 0 0 9.91614 0 0 0
2002 4 2 91 4.97894 0.00164077 9.39067 15 17 0
2002 5 2 91 0 0 9.25 2 0 0
2002 6 2 91 0.668259 0.000658545 8.57 1 2 0
2002 7 2 91 1.19172 0.000837591 9.38604 48 10 0
2002 8 2 91 0 0 9.91614 0 0 0
2002 9 2 91 1.17788 0.00151188 8.65667 6 7 0
2002 1 1 92 1.44557 0.000307834 10.2432 38 2 11
2002 2 1 92 0 0 10.0056 0 0 0
2002 3 1 92 0 0 10.0056 0 0 0
2002 4 1 92 0.585758 0.000193032 11.73 1 2 0
2002 5 1 92 0 0 10.0056 0 0 0
2002 6 1 92 0.33413 0.000329272 8.88 1 1 0
2002 7 1 92 0 0 8.90333 9 0 0
2002 8 1 92 0 0 10.0056 0 0 0
2002 9 1 92 0.504807 0.000647948 10.3 1 3 0
2002 1 2 92 4.33671 0.000923503 11.0743 42 6 8
2002 2 2 92 1.20833 0.00123762 10.1734 0 1 0
2002 3 2 92 0 0 10.1734 0 0 0
2002 4 2 92 4.68606 0.00154425 9.50364 11 16 0
2002 5 2 92 0 0 10.1734 0 0 0
2002 6 2 92 0 0 8.8775 4 0 0
2002 7 2 92 0.834201 0.000586314 9.63091 33 7 0
2002 8 2 92 0 0 10.1734 0 0 0
2002 9 2 92 1.00961 0.0012959 6.48 2 6 0
2002 1 1 93 0 0 10.5674 27 0 7
2002 2 1 93 0 0 10.2116 0 0 0
2002 3 1 93 0 0 10.2116 0 0 0
2002 4 1 93 0.292879 9.65158e-05 6.99 1 1 0
2002 5 1 93 0 0 10.2116 0 0 0
2002 6 1 93 0.668259 0.000658545 10.2116 0 2 0
2002 7 1 93 0 0 9.87467 15 0 1
2002 8 1 93 0 0 10.2116 0 0 0
2002 9 1 93 0.841344 0.00107991 8.88 1 5 0
2002 1 2 93 0 0 11.5455 51 0 15
2002 2 2 93 0 0 10.8292 0 0 0
2002 3 2 93 1.18879 0.00251889 10.8292 0 1 0
2002 4 2 93 1.17152 0.000386063 9.74 12 4 0
2002 5 2 93 0 0 9.6 1 0 0
2002 6 2 93 0 0 9.5 1 0 0
2002 7 2 93 0.595858 0.000418796 10.2119 27 5 0
2002 8 2 93 0 0 10.8292 0 0 0
2002 9 2 93 1.17788 0.00151188 9.982 5 7 0
2002 1 1 94 2.16836 0.000461752 10.6538 24 3 9
2002 2 1 94 0 0 10.0734 0 0 0
2002 3 1 94 0 0 9 1 0 0
2002 4 1 94 0 0 10.0734 0 0 0
2002 5 1 94 0 0 10.0734 0 0 0
2002 6 1 94 0 0 10.0734 0 0 0
2002 7 1 94 0 0 8.788 10 0 1
2002 8 1 94 0 0 10.0734 0 0 0
2002 9 1 94 0.336538 0.000431965 10.0734 0 2 0
2002 1 2 94 7.22785 0.00153917 11.7495 43 10 9
2002 2 2 94 0 0 11.1597 0 0 0
2002 3 2 94 0 0 11.1597 0 0 0
2002 4 2 94 2.05015 0.00067561 11.1822 9 7 0
2002 5 2 94 0.18594 0.00769231 11.1597 0 1 0
2002 6 2 94 0.33413 0.000329272 9.49 1 1 0
2002 7 2 94 0.476686 0.000335036 10.1642 24 4 0
2002 8 2 94 0 0 11.1597 0 0 0
2002 9 2 94 0.841344 0.00107991 11.1597 0 5 0
2002 1 1 95 0.722785 0.000153917 11.1361 23 1 7
2002 2 1 95 0 0 11.07 0 0 0
2002 3 1 95 0 0 11.07 0 0 0
2002 4 1 95 0.292879 9.65158e-05 11.07 0 1 0
2002 5 1 95 0 0 11.07 0 0 0
2002 6 1 95 0 0 9.8 1 0 0
2002 7 1 95 0 0 10.945 2 0 0
2002 8 1 95 0 0 11.07 0 0 0
2002 9 1 95 0.504807 0.000647948 11.07 0 3 0
2002 1 2 95 1.44557 0.000307834 12.1386 37 2 9
2002 2 2 95 0 0 11.2665 0 0 0
2002 3 2 95 0 0 11.2665 0 0 0
2002 4 2 95 1.17152 0.000386063 10.7157 7 4 0
2002 5 2 95 0 0 9.21 2 0 0
2002 6 2 95 0 0 11.2665 0 0 0
2002 7 2 95 0.476686 0.000335036 10.3055 22 4 0
2002 8 2 95 0 0 11.2665 0 0 0
2002 9 2 95 0.504807 0.000647948 10.2133 3 3 0
2002 1 1 96 0 0 11.3673 22 0 9
2002 2 1 96 0 0 11.2211 0 0 0
2002 3 1 96 0 0 11.2211 0 0 0
2002 4 1 96 0 0 11.2211 0 0 0
2002 5 1 96 0 0 11.2211 0 0 0
2002 6 1 96 0 0 11.2211 0 0 0
2002 7 1 96 0.119172 8.37591e-05 10.7567 3 1 1
2002 8 1 96 0 0 11.2211 0 0 0
2002 9 1 96 0 0 10.31 2 0 0
2002 1 2 96 1.44557 0.000307834 12.4559 32 2 9
2002 2 2 96 0 0 11.7376 0 0 0
2002 3 2 96 0 0 11.7376 0 0 0
2002 4 2 96 0.878636 0.000289547 11.1989 9 3 0
2002 5 2 96 0 0 11.7376 0 0 0
2002 6 2 96 0 0 11.7376 0 0 0
2002 7 2 96 0.476686 0.000335036 10.7762 16 4 1
2002 8 2 96 0 0 11.7376 0 0 0
2002 9 2 96 0.504807 0.000647948 8.98 1 3 0
2002 1 1 97 0 0 11.6362 16 0 7
2002 2 1 97 0 0 11.6359 0 0 0
2002 3 1 97 0 0 11.6359 0 0 0
2002 4 1 97 0.585758 0.000193032 11.6359 0 2 0
2002 5 1 97 0 0 11.6359 0 0 0
2002 6 1 97 0 0 11.6359 0 0 0
2002 7 1 97 0 0 11.808 5 0 0
2002 8 1 97 0 0 11.6359 0 0 0
2002 9 1 97 0 0 10.77 1 0 0
2002 1 2 97 0.722785 0.000153917 13.047 43 1 10
2002 2 2 97 0 0 12.4019 0 0 0
2002 3 2 97 0 0 12.4019 0 0 0
2002 4 2 97 0.585758 0.000193032 11.288 5 2 0
2002 5 2 97 0 0 12.4019 0 0 0
2002 6 2 97 0 0 10.15 1 0 0
2002 7 2 97 0.119172 8.37591e-05 11.2956 18 1 0
2002 8 2 97 0 0 12.4019 0 0 0
2002 9 2 97 0.504807 0.000647948 12.4019 0 3 0
2002 1 1 98 0 0 12.6232 19 0 7
2002 2 1 98 0 0 12.3952 0 0 0
2002 3 1 98 0 0 12.3952 0 0 0
2002 4 1 98 0 0 10.43 1 0 0
2002 5 1 98 0 0 12.3952 0 0 0
2002 6 1 98 0 0 12.3952 0 0 0
2002 7 1 98 0.119172 8.37591e-05 11.6067 3 1 0
2002 8 1 98 0 0 12.3952 0 0 0
2002 9 1 98 0 0 12.3952 0 0 0
2002 1 2 98 0.722785 0.000153917 13.4104 27 1 6
2002 2 2 98 0 0 12.3612 0 0 0
2002 3 2 98 0 0 12.3612 0 0 0
2002 4 2 98 1.17152 0.000386063 9.49 1 4 0
2002 5 2 98 0 0 12.3612 0 0 0
2002 6 2 98 0 0 11.43 1 0 0
2002 7 2 98 0.238343 0.000167518 10.6715 13 2 0
2002 8 2 98 0 0 12.3612 0 0 0
2002 9 2 98 0.336538 0.000431965 9.8 1 2 0
2002 1 1 99 0 0 11.5992 12 0 7
2002 2 1 99 0 0 11.3433 0 0 0
2002 3 1 99 0 0 11.3433 0 0 0
2002 4 1 99 0 0 10.2 1 0 0
2002 5 1 99 0 0 11.3433 0 0 0
2002 6 1 99 0 0 12.76 1 0 0
2002 7 1 99 0 0 10.5075 4 0 0
2002 8 1 99 0 0 11.3433 0 0 0
2002 9 1 99 0 0 11.3433 0 0 0
2002 1 2 99 0 0 13.5333 30 0 8
2002 2 2 99 0 0 13.3545 0 0 0
2002 3 2 99 0 0 13.3545 0 0 0
2002 4 2 99 1.46439 0.000482579 13.6075 4 5 1
2002 5 2 99 0 0 13.3545 0 0 0
2002 6 2 99 0 0 13.3545 0 0 0
2002 7 2 99 0.238343 0.000167518 12.76 5 2 0
2002 8 2 99 0 0 13.3545 0 0 0
2002 9 2 99 0.336538 0.000431965 9.95 1 2 0
2002 1 1 100 0 0 12.8493 15 0 5
2002 2 1 100 0 0 12.7622 0 0 0
2002 3 1 100 0 0 12.7622 0 0 0
2002 4 1 100 0.292879 9.65158e-05 13.1 1 1 0
2002 5 1 100 0 0 12.7622 0 0 0
2002 6 1 100 0 0 12.7622 0 0 0
2002 7 1 100 0.119172 8.37591e-05 11.94 2 1 0
2002 8 1 100 0 0 12.7622 0 0 0
2002 9 1 100 0 0 12.7622 0 0 0
2002 1 2 100 1.44557 0.000307834 14.1312 26 2 9
2002 2 2 100 0 0 13.6041 0 0 0
2002 3 2 100 0 0 13.6041 0 0 0
2002 4 2 100 0.585758 0.000193032 10.2 1 2 0
2002 5 2 100 0 0 10.7 1 0 0
2002 6 2 100 0.33413 0.000329272 11.84 1 1 0
2002 7 2 100 0.119172 8.37591e-05 13.0671 7 1 0
2002 8 2 100 0 0 13.6041 0 0 0
2002 9 2 100 0.336538 0.000431965 11.73 1 2 0
2002 1 1 101 0 0 13.7686 7 0 0
2002 2 1 101 0 0 13.36 0 0 0
2002 3 1 101 0 0 13.36 0 0 0
2002 4 1 101 0 0 13.36 0 0 0
2002 5 1 101 0 0 13.36 0 0 0
2002 6 1 101 0 0 13.36 0 0 0
2002 7 1 101 0 0 10.5 1 0 0
2002 8 1 101 0 0 13.36 0 0 0
2002 9 1 101 0 0 13.36 0 0 0
2002 1 2 101 0 0 15.0691 22 0 8
2002 2 2 101 0 0 14.2925 0 0 0
2002 3 2 101 0 0 14.2925 0 0 0
2002 4 2 101 0 0 14.2925 0 0 0
2002 5 2 101 0 0 14.2925 0 0 0
2002 6 2 101 0.33413 0.000329272 14.2925 0 1 0
2002 7 2 101 0 0 12.584 10 0 0
2002 8 2 101 0 0 14.2925 0 0 0
2002 9 2 101 0.673075 0.000863931 14.2925 0 4 0
2002 1 1 102 0 0 11.775 2 0 1
2002 2 1 102 0 0 11.76 0 0 0
2002 3 1 102 0 0 11.76 0 0 0
2002 4 1 102 0 0 11.73 1 0 0
2002 5 1 102 0 0 11.76 0 0 0
2002 6 1 102 0 0 11.76 0 0 0
2002 7 1 102 0 0 11.76 0 0 0
2002 8 1 102 0 0 11.76 0 0 0
2002 9 1 102 0 0 11.76 0 0 0
2002 1 2 102 0 0 14.6223 22 0 8
2002 2 2 102 0 0 14.4433 0 0 0
2002 3 2 102 0 0 14.4433 0 0 0
2002 4 2 102 0.878636 0.000289547 14.35 2 3 0
2002 5 2 102 0 0 14.4433 0 0 0
2002 6 2 102 0 0 14.4433 0 0 0
2002 7 2 102 0.238343 0.000167518 13.055 2 2 0
2002 8 2 102 0 0 14.4433 0 0 0
2002 9 2 102 0 0 13.47 1 0 0
2002 1 1 103 0 0 14.4917 6 0 2
2002 2 1 103 0 0 14.0243 0 0 0
2002 3 1 103 0 0 14.0243 0 0 0
2002 4 1 103 0 0 14.0243 0 0 0
2002 5 1 103 0 0 14.0243 0 0 0
2002 6 1 103 0 0 14.0243 0 0 0
2002 7 1 103 0 0 11.22 1 0 0
2002 8 1 103 0 0 14.0243 0 0 0
2002 9 1 103 0 0 14.0243 0 0 0
2002 1 2 103 0.722785 0.000153917 15.8867 15 1 6
2002 2 2 103 0 0 15.4547 0 0 0
2002 3 2 103 0 0 15.4547 0 0 0
2002 4 2 103 0 0 15.4547 0 0 0
2002 5 2 103 0 0 15.4547 0 0 0
2002 6 2 103 0 0 15.4547 0 0 0
2002 7 2 103 0.119172 8.37591e-05 13.835 4 1 0
2002 8 2 103 0 0 15.4547 0 0 0
2002 9 2 103 0 0 15.4547 0 0 0
2002 1 1 104 0.722785 0.000153917 13.67 1 1 0
2002 2 1 104 0 0 13.47 0 0 0
2002 3 1 104 0 0 13.47 0 0 0
2002 4 1 104 0 0 13.47 0 0 0
2002 5 1 104 0 0 13.47 0 0 0
2002 6 1 104 0 0 13.47 0 0 0
2002 7 1 104 0 0 13.27 1 0 0
2002 8 1 104 0 0 13.47 0 0 0
2002 9 1 104 0 0 13.47 0 0 0
2002 1 2 104 0.722785 0.000153917 15.207 10 1 2
2002 2 2 104 0 0 14.351 0 0 0
2002 3 2 104 0 0 14.351 0 0 0
2002 4 2 104 0.292879 9.65158e-05 13.06 1 1 0
2002 5 2 104 0 0 10 1 0 0
2002 6 2 104 0 0 11.43 1 0 0
2002 7 2 104 0 0 14.3514 7 0 0
2002 8 2 104 0 0 14.351 0 0 0
2002 9 2 104 0 0 14.351 0 0 0
2002 1 1 105 0 0 13.3 1 0 1
2002 2 1 105 0 0 12.62 0 0 0
2002 3 1 105 0 0 12.62 0 0 0
2002 4 1 105 0 0 12.62 0 0 0
2002 5 1 105 0 0 12.62 0 0 0
2002 6 1 105 0 0 11.94 1 0 0
2002 7 1 105 0 0 12.62 0 0 0
2002 8 1 105 0 0 12.62 0 0 0
2002 9 1 105 0 0 12.62 0 0 0
2002 1 2 105 0 0 15.3722 9 0 3
2002 2 2 105 0 0 15.2277 0 0 0
2002 3 2 105 0 0 15.2277 0 0 0
2002 4 2 105 0.292879 9.65158e-05 15.2277 0 1 0
2002 5 2 105 0 0 15.2277 0 0 0
2002 6 2 105 0 0 15.2277 0 0 0
2002 7 2 105 0 0 15.8033 3 0 0
2002 8 2 105 0 0 12.2 1 0 0
2002 9 2 105 0 0 15.2277 0 0 0
2002 1 1 106 0 0 16.28 0 0 0
2002 2 1 106 0 0 16.28 0 0 0
2002 3 1 106 0 0 16.28 0 0 0
2002 4 1 106 0 0 16.28 0 0 0
2002 5 1 106 0 0 16.28 0 0 0
2002 6 1 106 0 0 16.28 0 0 0
2002 7 1 106 0 0 16.28 0 0 0
2002 8 1 106 0 0 16.28 0 0 0
2002 9 1 106 0 0 16.28 0 0 0
2002 1 2 106 1.44557 0.000307834 16.3444 9 2 6
2002 2 2 106 0 0 16.28 0 0 0
2002 3 2 106 0 0 16.28 0 0 0
2002 4 2 106 0 0 16.28 0 0 0
2002 5 2 106 0 0 16.28 0 0 0
2002 6 2 106 0 0 16.28 0 0 0
2002 7 2 106 0 0 15.7 1 0 0
2002 8 2 106 0 0 16.28 0 0 0
2002 9 2 106 0 0 16.28 0 0 0
2002 1 1 107 0 0 16.3 1 0 0
2002 2 1 107 0 0 16.3 0 0 0
2002 3 1 107 0 0 16.3 0 0 0
2002 4 1 107 0 0 16.3 0 0 0
2002 5 1 107 0 0 16.3 0 0 0
2002 6 1 107 0 0 16.3 0 0 0
2002 7 1 107 0 0 16.3 0 0 0
2002 8 1 107 0 0 16.3 0 0 0
2002 9 1 107 0 0 16.3 0 0 0
2002 1 2 107 0 0 16.2429 7 0 3
2002 2 2 107 0 0 15.8325 0 0 0
2002 3 2 107 0 0 15.8325 0 0 0
2002 4 2 107 0 0 15.8325 0 0 0
2002 5 2 107 0 0 15.8325 0 0 0
2002 6 2 107 0 0 15.8325 0 0 0
2002 7 2 107 0 0 12.96 1 0 0
2002 8 2 107 0 0 15.8325 0 0 0
2002 9 2 107 0 0 15.8325 0 0 0
2002 1 1 108 0 0 15.82 1 0 0
2002 2 1 108 0 0 15.82 0 0 0
2002 3 1 108 0 0 15.82 0 0 0
2002 4 1 108 0 0 15.82 0 0 0
2002 5 1 108 0 0 15.82 0 0 0
2002 6 1 108 0 0 15.82 0 0 0
2002 7 1 108 0 0 15.82 0 0 0
2002 8 1 108 0 0 15.82 0 0 0
2002 9 1 108 0 0 15.82 0 0 0
2002 1 2 108 0 0 15.366 5 0 1
2002 2 2 108 0 0 15.6617 0 0 0
2002 3 2 108 0 0 15.6617 0 0 0
2002 4 2 108 0 0 15.6617 0 0 0
2002 5 2 108 0 0 15.6617 0 0 0
2002 6 2 108 0 0 15.6617 0 0 0
2002 7 2 108 0 0 17.14 1 0 0
2002 8 2 108 0 0 15.6617 0 0 0
2002 9 2 108 0 0 15.6617 0 0 0
2002 1 1 109 0 0 14.5 1 0 0
2002 2 1 109 0 0 14.5 0 0 0
2002 3 1 109 0 0 14.5 0 0 0
2002 4 1 109 0 0 14.5 0 0 0
2002 5 1 109 0 0 14.5 0 0 0
2002 6 1 109 0 0 14.5 0 0 0
2002 7 1 109 0 0 14.5 0 0 0
2002 8 1 109 0 0 14.5 0 0 0
2002 9 1 109 0 0 14.5 0 0 0
2002 1 2 109 0 0 16.0971 7 0 4
2002 2 2 109 0 0 15.8538 0 0 0
2002 3 2 109 0 0 15.8538 0 0 0
2002 4 2 109 0 0 15.8538 0 0 0
2002 5 2 109 0 0 14.15 1 0 0
2002 6 2 109 0 0 15.8538 0 0 0
2002 7 2 109 0 0 15.8538 0 0 0
2002 8 2 109 0 0 15.8538 0 0 0
2002 9 2 109 0 0 15.8538 0 0 0
2002 1 1 110 0 0 16.754 0 0 0
2002 2 1 110 0 0 16.754 0 0 0
2002 3 1 110 0 0 16.754 0 0 0
2002 4 1 110 0 0 16.754 0 0 0
2002 5 1 110 0 0 16.754 0 0 0
2002 6 1 110 0 0 16.754 0 0 0
2002 7 1 110 0 0 16.754 0 0 0
2002 8 1 110 0 0 16.754 0 0 0
2002 9 1 110 0 0 16.754 0 0 0
2002 1 2 110 0 0 16.9833 3 0 1
2002 2 2 110 0 0 16.754 0 0 0
2002 3 2 110 0 0 16.754 0 0 0
2002 4 2 110 0 0 16.754 0 0 0
2002 5 2 110 0 0 16.754 0 0 0
2002 6 2 110 0 0 16.754 0 0 0
2002 7 2 110 0 0 16.41 2 0 0
2002 8 2 110 0 0 16.754 0 0 0
2002 9 2 110 0.168269 0.000215983 16.754 0 1 0
2002 1 1 111 0 0 18 0 0 0
2002 2 1 111 0 0 18 0 0 0
2002 3 1 111 0 0 18 0 0 0
2002 4 1 111 0 0 18 0 0 0
2002 5 1 111 0 0 18 0 0 0
2002 6 1 111 0 0 18 0 0 0
2002 7 1 111 0 0 18 0 0 0
2002 8 1 111 0 0 18 0 0 0
2002 9 1 111 0 0 18 0 0 0
2002 1 2 111 0 0 18 1 0 0
2002 2 2 111 0 0 18 0 0 0
2002 3 2 111 0 0 18 0 0 0
2002 4 2 111 0 0 18 0 0 0
2002 5 2 111 0 0 18 0 0 0
2002 6 2 111 0 0 18 0 0 0
2002 7 2 111 0 0 18 0 0 0
2002 8 2 111 0 0 18 0 0 0
2002 9 2 111 0 0 18 0 0 0
2002 1 1 112 0 0 0 0 0 0
2002 2 1 112 0 0 0 0 0 0
2002 3 1 112 0 0 0 0 0 0
2002 4 1 112 0 0 0 0 0 0
2002 5 1 112 0 0 0 0 0 0
2002 6 1 112 0 0 0 0 0 0
2002 7 1 112 0 0 0 0 0 0
2002 8 1 112 0 0 0 0 0 0
2002 9 1 112 0 0 0 0 0 0
2002 1 2 112 0 0 0 0 0 0
2002 2 2 112 0 0 0 0 0 0
2002 3 2 112 0 0 0 0 0 0
2002 4 2 112 0 0 0 0 0 0
2002 5 2 112 0 0 0 0 0 0
2002 6 2 112 0 0 0 0 0 0
2002 7 2 112 0 0 0 0 0 0
2002 8 2 112 0 0 0 0 0 0
2002 9 2 112 0 0 0 0 0 0
2002 1 1 113 0 0 14.49 0 0 0
2002 2 1 113 0 0 14.49 0 0 0
2002 3 1 113 0 0 14.49 0 0 0
2002 4 1 113 0 0 14.49 0 0 0
2002 5 1 113 0 0 14.49 0 0 0
2002 6 1 113 0 0 14.49 0 0 0
2002 7 1 113 0 0 14.49 0 0 0
2002 8 1 113 0 0 14.49 0 0 0
2002 9 1 113 0 0 14.49 0 0 0
2002 1 2 113 0 0 14.49 0 0 0
2002 2 2 113 0 0 14.49 0 0 0
2002 3 2 113 0 0 14.49 0 0 0
2002 4 2 113 0 0 14.49 1 0 0
2002 5 2 113 0 0 14.49 0 0 0
2002 6 2 113 0 0 14.49 0 0 0
2002 7 2 113 0 0 14.49 0 0 0
2002 8 2 113 0 0 14.49 0 0 0
2002 9 2 113 0 0 14.49 0 0 0
2002 1 1 114 0 0 0 0 0 0
2002 2 1 114 0 0 0 0 0 0
2002 3 1 114 0 0 0 0 0 0
2002 4 1 114 0 0 0 0 0 0
2002 5 1 114 0 0 0 0 0 0
2002 6 1 114 0 0 0 0 0 0
2002 7 1 114 0 0 0 0 0 0
2002 8 1 114 0 0 0 0 0 0
2002 9 1 114 0 0 0 0 0 0
2002 1 2 114 0 0 0 0 0 0
2002 2 2 114 0 0 0 0 0 0
2002 3 2 114 0 0 0 0 0 0
2002 4 2 114 0 0 0 0 0 0
2002 5 2 114 0 0 0 0 0 0
2002 6 2 114 0 0 0 0 0 0
2002 7 2 114 0 0 0 0 0 0
2002 8 2 114 0 0 0 0 0 0
2002 9 2 114 0 0 0 0 0 0
2002 1 1 115 0 0 0 0 0 0
2002 2 1 115 0 0 0 0 0 0
2002 3 1 115 0 0 0 0 0 0
2002 4 1 115 0 0 0 0 0 0
2002 5 1 115 0 0 0 0 0 0
2002 6 1 115 0 0 0 0 0 0
2002 7 1 115 0 0 0 0 0 0
2002 8 1 115 0 0 0 0 0 0
2002 9 1 115 0 0 0 0 0 0
2002 1 2 115 0 0 0 0 0 0
2002 2 2 115 0 0 0 0 0 0
2002 3 2 115 0 0 0 0 0 0
2002 4 2 115 0 0 0 0 0 0
2002 5 2 115 0 0 0 0 0 0
2002 6 2 115 0 0 0 0 0 0
2002 7 2 115 0 0 0 0 0 0
2002 8 2 115 0 0 0 0 0 0
2002 9 2 115 0 0 0 0 0 0
2002 1 1 116 0 0 0 0 0 0
2002 2 1 116 0 0 0 0 0 0
2002 3 1 116 0 0 0 0 0 0
2002 4 1 116 0 0 0 0 0 0
2002 5 1 116 0 0 0 0 0 0
2002 6 1 116 0 0 0 0 0 0
2002 7 1 116 0 0 0 0 0 0
2002 8 1 116 0 0 0 0 0 0
2002 9 1 116 0 0 0 0 0 0
2002 1 2 116 0 0 0 0 0 0
2002 2 2 116 0 0 0 0 0 0
2002 3 2 116 0 0 0 0 0 0
2002 4 2 116 0 0 0 0 0 0
2002 5 2 116 0 0 0 0 0 0
2002 6 2 116 0 0 0 0 0 0
2002 7 2 116 0 0 0 0 0 0
2002 8 2 116 0 0 0 0 0 0
2002 9 2 116 0 0 0 0 0 0
2002 1 1 117 0 0 0 0 0 0
2002 2 1 117 0 0 0 0 0 0
2002 3 1 117 0 0 0 0 0 0
2002 4 1 117 0 0 0 0 0 0
2002 5 1 117 0 0 0 0 0 0
2002 6 1 117 0 0 0 0 0 0
2002 7 1 117 0 0 0 0 0 0
2002 8 1 117 0 0 0 0 0 0
2002 9 1 117 0 0 0 0 0 0
2002 1 2 117 0 0 0 0 0 0
2002 2 2 117 0 0 0 0 0 0
2002 3 2 117 0 0 0 0 0 0
2002 4 2 117 0 0 0 0 0 0
2002 5 2 117 0 0 0 0 0 0
2002 6 2 117 0 0 0 0 0 0
2002 7 2 117 0 0 0 0 0 0
2002 8 2 117 0 0 0 0 0 0
2002 9 2 117 0 0 0 0 0 0
2002 1 1 118 0 0 0 0 0 0
2002 2 1 118 0 0 0 0 0 0
2002 3 1 118 0 0 0 0 0 0
2002 4 1 118 0 0 0 0 0 0
2002 5 1 118 0 0 0 0 0 0
2002 6 1 118 0 0 0 0 0 0
2002 7 1 118 0 0 0 0 0 0
2002 8 1 118 0 0 0 0 0 0
2002 9 1 118 0 0 0 0 0 0
2002 1 2 118 0 0 0 0 0 0
2002 2 2 118 0 0 0 0 0 0
2002 3 2 118 0 0 0 0 0 0
2002 4 2 118 0 0 0 0 0 0
2002 5 2 118 0 0 0 0 0 0
2002 6 2 118 0 0 0 0 0 0
2002 7 2 118 0 0 0 0 0 0
2002 8 2 118 0 0 0 0 0 0
2002 9 2 118 0 0 0 0 0 0
2002 1 1 119 0 0 0 0 0 0
2002 2 1 119 0 0 0 0 0 0
2002 3 1 119 0 0 0 0 0 0
2002 4 1 119 0 0 0 0 0 0
2002 5 1 119 0 0 0 0 0 0
2002 6 1 119 0 0 0 0 0 0
2002 7 1 119 0 0 0 0 0 0
2002 8 1 119 0 0 0 0 0 0
2002 9 1 119 0 0 0 0 0 0
2002 1 2 119 0 0 0 0 0 0
2002 2 2 119 0 0 0 0 0 0
2002 3 2 119 0 0 0 0 0 0
2002 4 2 119 0 0 0 0 0 0
2002 5 2 119 0 0 0 0 0 0
2002 6 2 119 0 0 0 0 0 0
2002 7 2 119 0 0 0 0 0 0
2002 8 2 119 0 0 0 0 0 0
2002 9 2 119 0 0 0 0 0 0
2002 1 1 120 0 0 0 0 0 0
2002 2 1 120 0 0 0 0 0 0
2002 3 1 120 0 0 0 0 0 0
2002 4 1 120 0 0 0 0 0 0
2002 5 1 120 0 0 0 0 0 0
2002 6 1 120 0 0 0 0 0 0
2002 7 1 120 0 0 0 0 0 0
2002 8 1 120 0 0 0 0 0 0
2002 9 1 120 0 0 0 0 0 0
2002 1 2 120 0 0 0 0 0 0
2002 2 2 120 0 0 0 0 0 0
2002 3 2 120 0 0 0 0 0 0
2002 4 2 120 0 0 0 0 0 0
2002 5 2 120 0 0 0 0 0 0
2002 6 2 120 0 0 0 0 0 0
2002 7 2 120 0 0 0 0 0 0
2002 8 2 120 0 0 0 0 0 0
2002 9 2 120 0 0 0 0 0 0
