year stratum sex length freq prop avg_wt nwt_samples nlen_samples naged
2007 1 1 9 0 0 0 0 0 0
2007 2 1 9 0 0 0 0 0 0
2007 3 1 9 0 0 0 0 0 0
2007 4 1 9 0 0 0 0 0 0
2007 5 1 9 0 0 0 0 0 0
2007 6 1 9 0 0 0 0 0 0
2007 7 1 9 0 0 0 0 0 0
2007 8 1 9 0 2.91338e-307 0 0 0 0
2007 9 1 9 0 0 0 0 0 0
2007 1 2 9 0 0 0 0 0 0
2007 2 2 9 0 0 0 0 0 0
2007 3 2 9 0 0 0 0 0 0
2007 4 2 9 0 0 0 0 0 0
2007 5 2 9 0 0 0 0 0 0
2007 6 2 9 0 0 0 0 0 0
2007 7 2 9 0 0 0 0 0 0
2007 8 2 9 0 2.91338e-307 0 0 0 0
2007 9 2 9 0 0 0 0 0 0
2007 1 1 10 0 0 0 0 0 0
2007 2 1 10 0 0 0 0 0 0
2007 3 1 10 0 0 0 0 0 0
2007 4 1 10 0 0 0 0 0 0
2007 5 1 10 0 0 0 0 0 0
2007 6 1 10 0 0 0 0 0 0
2007 7 1 10 0 0 0 0 0 0
2007 8 1 10 0 0 0 0 0 0
2007 9 1 10 0 0 0 0 0 0
2007 1 2 10 0 0 0 0 0 0
2007 2 2 10 0 0 0 0 0 0
2007 3 2 10 0 0 0 0 0 0
2007 4 2 10 0 0 0 0 0 0
2007 5 2 10 0 0 0 0 0 0
2007 6 2 10 0 0 0 0 0 0
2007 7 2 10 0 0 0 0 0 0
2007 8 2 10 0 0 0 0 0 0
2007 9 2 10 0 0 0 0 0 0
2007 1 1 11 0 0 0 0 0 0
2007 2 1 11 0 0 0 0 0 0
2007 3 1 11 0 0 0 0 0 0
2007 4 1 11 0 0 0 0 0 0
2007 5 1 11 0 0 0 0 0 0
2007 6 1 11 0 0 0 0 0 0
2007 7 1 11 0 0 0 0 0 0
2007 8 1 11 0 0 0 0 0 0
2007 9 1 11 0 0 0 0 0 0
2007 1 2 11 0 0 0 0 0 0
2007 2 2 11 0 0 0 0 0 0
2007 3 2 11 0 0 0 0 0 0
2007 4 2 11 0 0 0 0 0 0
2007 5 2 11 0 0 0 0 0 0
2007 6 2 11 0 0 0 0 0 0
2007 7 2 11 0 0 0 0 0 0
2007 8 2 11 0 0 0 0 0 0
2007 9 2 11 0 0 0 0 0 0
2007 1 1 12 0 0 0 0 0 0
2007 2 1 12 0 0 0 0 0 0
2007 3 1 12 0 0 0 0 0 0
2007 4 1 12 0 0 0 0 0 0
2007 5 1 12 0 0 0 0 0 0
2007 6 1 12 0 0 0 0 0 0
2007 7 1 12 0 0 0 0 0 0
2007 8 1 12 0 0 0 0 0 0
2007 9 1 12 0 0 0 0 0 0
2007 1 2 12 0 0 0 0 0 0
2007 2 2 12 0 0 0 0 0 0
2007 3 2 12 0 0 0 0 0 0
2007 4 2 12 0 0 0 0 0 0
2007 5 2 12 0 0 0 0 0 0
2007 6 2 12 0 0 0 0 0 0
2007 7 2 12 0 0 0 0 0 0
2007 8 2 12 0 0 0 0 0 0
2007 9 2 12 0 0 0 0 0 0
2007 1 1 13 0 0 0 0 0 0
2007 2 1 13 0 0 0 0 0 0
2007 3 1 13 0 0 0 0 0 0
2007 4 1 13 0 0 0 0 0 0
2007 5 1 13 0 0 0 0 0 0
2007 6 1 13 0 0 0 0 0 0
2007 7 1 13 0 0 0 0 0 0
2007 8 1 13 0 0 0 0 0 0
2007 9 1 13 0 0 0 0 0 0
2007 1 2 13 0 0 0 0 0 0
2007 2 2 13 0 0 0 0 0 0
2007 3 2 13 0 0 0 0 0 0
2007 4 2 13 0 0 0 0 0 0
2007 5 2 13 0 0 0 0 0 0
2007 6 2 13 0 0 0 0 0 0
2007 7 2 13 0 0 0 0 0 0
2007 8 2 13 0 0 0 0 0 0
2007 9 2 13 0 0 0 0 0 0
2007 1 1 14 0 0 0 0 0 0
2007 2 1 14 0 0 0 0 0 0
2007 3 1 14 0 0 0 0 0 0
2007 4 1 14 0 0 0 0 0 0
2007 5 1 14 0 0 0 0 0 0
2007 6 1 14 0 0 0 0 0 0
2007 7 1 14 0 0 0 0 0 0
2007 8 1 14 0 0 0 0 0 0
2007 9 1 14 0 0 0 0 0 0
2007 1 2 14 0 0 0 0 0 0
2007 2 2 14 0 0 0 0 0 0
2007 3 2 14 0 0 0 0 0 0
2007 4 2 14 0 0 0 0 0 0
2007 5 2 14 0 0 0 0 0 0
2007 6 2 14 0 0 0 0 0 0
2007 7 2 14 0 0 0 0 0 0
2007 8 2 14 0 0 0 0 0 0
2007 9 2 14 0 0 0 0 0 0
2007 1 1 15 0 0 0 0 0 0
2007 2 1 15 0 0 0 0 0 0
2007 3 1 15 0 0 0 0 0 0
2007 4 1 15 0 0 0 0 0 0
2007 5 1 15 0 0 0 0 0 0
2007 6 1 15 0 0 0 0 0 0
2007 7 1 15 0 0 0 0 0 0
2007 8 1 15 0 0 0 0 0 0
2007 9 1 15 0 0 0 0 0 0
2007 1 2 15 0 0 0 0 0 0
2007 2 2 15 0 0 0 0 0 0
2007 3 2 15 0 0 0 0 0 0
2007 4 2 15 0 0 0 0 0 0
2007 5 2 15 0 0 0 0 0 0
2007 6 2 15 0 0 0 0 0 0
2007 7 2 15 0 0 0 0 0 0
2007 8 2 15 0 0 0 0 0 0
2007 9 2 15 0 0 0 0 0 0
2007 1 1 16 0 0 0 0 0 0
2007 2 1 16 0 0 0 0 0 0
2007 3 1 16 0 0 0 0 0 0
2007 4 1 16 0 0 0 0 0 0
2007 5 1 16 0 0 0 0 0 0
2007 6 1 16 0 0 0 0 0 0
2007 7 1 16 0 0 0 0 0 0
2007 8 1 16 0 0 0 0 0 0
2007 9 1 16 0 0 0 0 0 0
2007 1 2 16 0 0 0 0 0 0
2007 2 2 16 0 0 0 0 0 0
2007 3 2 16 0 0 0 0 0 0
2007 4 2 16 0 0 0 0 0 0
2007 5 2 16 0 0 0 0 0 0
2007 6 2 16 0 0 0 0 0 0
2007 7 2 16 0 0 0 0 0 0
2007 8 2 16 0 0 0 0 0 0
2007 9 2 16 0 0 0 0 0 0
2007 1 1 17 0 0.000567698 0 0 2 0
2007 2 1 17 0 0 0 0 0 0
2007 3 1 17 0 0 0 0 0 0
2007 4 1 17 0 0 0 0 0 0
2007 5 1 17 0 0 0 0 0 0
2007 6 1 17 0 0 0 0 0 0
2007 7 1 17 0 0 0 0 0 0
2007 8 1 17 0 0 0 0 0 0
2007 9 1 17 0 0 0 0 0 0
2007 1 2 17 0 0 0 0 0 0
2007 2 2 17 0 0 0 0 0 0
2007 3 2 17 0 0 0 0 0 0
2007 4 2 17 0 0 0 0 0 0
2007 5 2 17 0 0 0 0 0 0
2007 6 2 17 0 0 0 0 0 0
2007 7 2 17 0 0 0 0 0 0
2007 8 2 17 0 0 0 0 0 0
2007 9 2 17 0 0 0 0 0 0
2007 1 1 18 0 0.000567698 0 0 2 0
2007 2 1 18 0 0 0 0 0 0
2007 3 1 18 0 0 0 0 0 0
2007 4 1 18 0 0 0 0 0 0
2007 5 1 18 0 0 0 0 0 0
2007 6 1 18 0 0 0 0 0 0
2007 7 1 18 0 0 0 0 0 0
2007 8 1 18 0 0 0 0 0 0
2007 9 1 18 0 0 0 0 0 0
2007 1 2 18 0 0.000567698 0 0 2 0
2007 2 2 18 0 0 0 0 0 0
2007 3 2 18 0 0 0 0 0 0
2007 4 2 18 0 0 0 0 0 0
2007 5 2 18 0 0 0 0 0 0
2007 6 2 18 0 0 0 0 0 0
2007 7 2 18 0 0 0 0 0 0
2007 8 2 18 0 0 0 0 0 0
2007 9 2 18 0 0 0 0 0 0
2007 1 1 19 0 0.000567698 0 0 2 0
2007 2 1 19 0 0 0 0 0 0
2007 3 1 19 0 0 0 0 0 0
2007 4 1 19 0 0 0 0 0 0
2007 5 1 19 0 0 0 0 0 0
2007 6 1 19 0 0 0 0 0 0
2007 7 1 19 0 0 0 0 0 0
2007 8 1 19 0 0 0 0 0 0
2007 9 1 19 0 0 0 0 0 0
2007 1 2 19 0 0.000567698 0 0 2 0
2007 2 2 19 0 0.00144718 0 0 1 0
2007 3 2 19 0 0 0 0 0 0
2007 4 2 19 0 0 0 0 0 0
2007 5 2 19 0 0 0 0 0 0
2007 6 2 19 0 0 0 0 0 0
2007 7 2 19 0 0 0 0 0 0
2007 8 2 19 0 0 0 0 0 0
2007 9 2 19 0 0 0 0 0 0
2007 1 1 20 0 0.000283849 0 0 1 0
2007 2 1 20 0 0 0 0 0 0
2007 3 1 20 0 0 0 0 0 0
2007 4 1 20 0 0 0 0 0 0
2007 5 1 20 0 0 0 0 0 0
2007 6 1 20 0 0 0 0 0 0
2007 7 1 20 0 0 0 0 0 0
2007 8 1 20 0 0 0 0 0 0
2007 9 1 20 0 0 0 0 0 0
2007 1 2 20 0 0.00170309 0 0 6 0
2007 2 2 20 0 0 0 0 0 0
2007 3 2 20 0 0 0 0 0 0
2007 4 2 20 0 0 0 0 0 0
2007 5 2 20 0 0 0 0 0 0
2007 6 2 20 0 0 0 0 0 0
2007 7 2 20 0 0 0 0 0 0
2007 8 2 20 0 0 0 0 0 0
2007 9 2 20 0 0 0 0 0 0
2007 1 1 21 4.17914 0.00127732 0.75 0 4.5 0
2007 2 1 21 0 0 0.75 0 0 0
2007 3 1 21 0 0 0.75 0 0 0
2007 4 1 21 0 0 0.75 0 0 0
2007 5 1 21 0 0 0.75 0 0 0
2007 6 1 21 0 0 0.75 0 0 0
2007 7 1 21 0 0 0.75 0 0 0
2007 8 1 21 0 0 0.75 0 0 0
2007 9 1 21 0 0 0.75 0 0 0
2007 1 2 21 6.03654 0.00184502 0.75 1 6.5 0
2007 2 2 21 0 0 0.75 0 0 0
2007 3 2 21 0 0 0.75 0 0 0
2007 4 2 21 0 0 0.75 0 0 0
2007 5 2 21 0 0 0.75 0 0 0
2007 6 2 21 0 0 0.75 0 0 0
2007 7 2 21 0 0 0.75 0 0 0
2007 8 2 21 0 0 0.75 0 0 0
2007 9 2 21 0 0 0.75 0 0 0
2007 1 1 22 0 0.00227079 0 0 8 0
2007 2 1 22 0 0 0 0 0 0
2007 3 1 22 0 0 0 0 0 0
2007 4 1 22 0 0 0 0 0 0
2007 5 1 22 0 0 0 0 0 0
2007 6 1 22 0 0 0 0 0 0
2007 7 1 22 0 0 0 0 0 0
2007 8 1 22 0 0 0 0 0 0
2007 9 1 22 0 0 0 0 0 0
2007 1 2 22 0 0.00170309 0 0 6 0
2007 2 2 22 0 0 0 0 0 0
2007 3 2 22 0 0 0 0 0 0
2007 4 2 22 0 0 0 0 0 0
2007 5 2 22 0 0 0 0 0 0
2007 6 2 22 0 0 0 0 0 0
2007 7 2 22 0 0 0 0 0 0
2007 8 2 22 0 0 0 0 0 0
2007 9 2 22 0 0 0 0 0 0
2007 1 1 23 0 0.0011354 0 0 4 0
2007 2 1 23 0 0 0 0 0 0
2007 3 1 23 0 0 0 0 0 0
2007 4 1 23 0 0 0 0 0 0
2007 5 1 23 0 0 0 0 0 0
2007 6 1 23 0 0 0 0 0 0
2007 7 1 23 0 0 0 0 0 0
2007 8 1 23 0 0 0 0 0 0
2007 9 1 23 0 0 0 0 0 0
2007 1 2 23 0 0.00227079 0 0 8 0
2007 2 2 23 0 0 0 0 0 0
2007 3 2 23 0 0 0 0 0 0
2007 4 2 23 0 0 0 0 0 0
2007 5 2 23 0 0 0 0 0 0
2007 6 2 23 0 0 0 0 0 0
2007 7 2 23 0 0 0 0 0 0
2007 8 2 23 0 0 0 0 0 0
2007 9 2 23 0 0 0 0 0 0
2007 1 1 24 0 0.00227079 0 0 8 0
2007 2 1 24 0 0.00289436 0 0 2 0
2007 3 1 24 0 0 0 0 0 0
2007 4 1 24 0 0 0 0 0 0
2007 5 1 24 0 0 0 0 0 0
2007 6 1 24 0 0 0 0 0 0
2007 7 1 24 0 0 0 0 0 0
2007 8 1 24 0 0 0 0 0 0
2007 9 1 24 0 0 0 0 0 0
2007 1 2 24 0 0.00227079 0 0 8 0
2007 2 2 24 0 0.00144718 0 0 1 0
2007 3 2 24 0 0 0 0 0 0
2007 4 2 24 0 0 0 0 0 0
2007 5 2 24 0 0 0 0 0 0
2007 6 2 24 0 0 0 0 0 0
2007 7 2 24 0 0 0 0 0 0
2007 8 2 24 0 0 0 0 0 0
2007 9 2 24 0 0 0 0 0 0
2007 1 1 25 0 0.0011354 0 0 4 0
2007 2 1 25 0 0.00723589 0 0 5 0
2007 3 1 25 0 0 0 0 0 0
2007 4 1 25 0 0 0 0 0 0
2007 5 1 25 0 0 0 0 0 0
2007 6 1 25 0 0 0 0 0 0
2007 7 1 25 0 0 0 0 0 0
2007 8 1 25 0 0 0 0 0 0
2007 9 1 25 0 0 0 0 0 0
2007 1 2 25 0 0.0011354 0 0 4 0
2007 2 2 25 0 0.00723589 0 0 5 0
2007 3 2 25 0 0 0 0 0 0
2007 4 2 25 0 0 0 0 0 0
2007 5 2 25 0 0 0 0 0 0
2007 6 2 25 0 0 0 0 0 0
2007 7 2 25 0 0 0 0 0 0
2007 8 2 25 0 0 0 0 0 0
2007 9 2 25 0 0 0 0 0 0
2007 1 1 26 0 0.000567698 0 0 2 0
2007 2 1 26 0 0.00578871 0 0 4 0
2007 3 1 26 0 0 0 0 0 0
2007 4 1 26 0 0 0 0 0 0
2007 5 1 26 0 0 0 0 0 0
2007 6 1 26 0 0 0 0 0 0
2007 7 1 26 0 0 0 0 0 0
2007 8 1 26 0 0 0 0 0 0
2007 9 1 26 0 0 0 0 0 0
2007 1 2 26 0 0.000851547 0 0 3 0
2007 2 2 26 0 0 0 0 0 0
2007 3 2 26 0 0 0 0 0 0
2007 4 2 26 0 0 0 0 0 0
2007 5 2 26 0 0 0 0 0 0
2007 6 2 26 0 0 0 0 0 0
2007 7 2 26 0 0 0 0 0 0
2007 8 2 26 0 0 0 0 0 0
2007 9 2 26 0 0 0 0 0 0
2007 1 1 27 0.928699 0.000283849 0.2 1 1 0
2007 2 1 27 3.92687 0.00723589 0.2 0 5 0
2007 3 1 27 0 0 0.2 0 0 0
2007 4 1 27 0 0 0.2 0 0 0
2007 5 1 27 0 0 0.2 0 0 0
2007 6 1 27 0 0 0.2 0 0 0
2007 7 1 27 0 0 0.2 0 0 0
2007 8 1 27 0 0 0.2 0 0 0
2007 9 1 27 0 0 0.2 0 0 0
2007 1 2 27 1.8574 0.000567698 0.2 1 2 0
2007 2 2 27 2.35612 0.00434153 0.2 0 3 0
2007 3 2 27 0 0 0.2 1 0 0
2007 4 2 27 0 0 0.2 0 0 0
2007 5 2 27 0 0 0.2 0 0 0
2007 6 2 27 0 0 0.2 0 0 0
2007 7 2 27 0 0 0.2 0 0 0
2007 8 2 27 0 0 0.2 0 0 0
2007 9 2 27 0 0 0.2 0 0 0
2007 1 1 28 1.8574 0.000567698 0.2 1 2 0
2007 2 1 28 0.785374 0.00144718 0.2 0 1 0
2007 3 1 28 0 0 0.2 0 0 0
2007 4 1 28 0 0 0.2 0 0 0
2007 5 1 28 0 0 0.2 0 0 0
2007 6 1 28 0 0 0.2 0 0 0
2007 7 1 28 0 0 0.2 0 0 0
2007 8 1 28 0 0 0.2 0 0 0
2007 9 1 28 0 0 0.2 0 0 0
2007 1 2 28 0 0 0.2 0 0 0
2007 2 2 28 3.92687 0.00723589 0.2 0 5 0
2007 3 2 28 0 0 0.2 0 0 0
2007 4 2 28 0 0 0.2 0 0 0
2007 5 2 28 0 0 0.2 0 0 0
2007 6 2 28 0 0 0.2 0 0 0
2007 7 2 28 0 0 0.2 0 0 0
2007 8 2 28 0 0 0.2 0 0 0
2007 9 2 28 0 0 0.2 0 0 0
2007 1 1 29 0 0.000283849 0 0 1 0
2007 2 1 29 0 0.00578871 0 0 4 0
2007 3 1 29 0 0 0 0 0 0
2007 4 1 29 0 0 0 0 0 0
2007 5 1 29 0 0 0 0 0 0
2007 6 1 29 0 0 0 0 0 0
2007 7 1 29 0 0 0 0 0 0
2007 8 1 29 0 0 0 0 0 0
2007 9 1 29 0 0 0 0 0 0
2007 1 2 29 0 0 0 0 0 0
2007 2 2 29 0 0.00434153 0 0 3 0
2007 3 2 29 0 0 0 0 0 0
2007 4 2 29 0 0 0 0 0 0
2007 5 2 29 0 0.00231481 0 0 1 0
2007 6 2 29 0 0 0 0 0 0
2007 7 2 29 0 0 0 0 0 0
2007 8 2 29 0 0 0 0 0 0
2007 9 2 29 0 0 0 0 0 0
2007 1 1 30 0.928699 0.000283849 0.26 3 1 0
2007 2 1 30 3.14149 0.00578871 0.3 0 4 0
2007 3 1 30 0 0 0.3 0 0 0
2007 4 1 30 0 0 0.3 0 0 0
2007 5 1 30 0 0 0.3 0 0 0
2007 6 1 30 0 0 0.3 0 0 0
2007 7 1 30 0 0 0.3 0 0 0
2007 8 1 30 0 0 0.3 0 0 0
2007 9 1 30 0 0 0.3 0 0 0
2007 1 2 30 0.928699 0.000283849 0.24 2 1 0
2007 2 2 30 0 0 0.26 0 0 0
2007 3 2 30 0 0 0.26 0 0 0
2007 4 2 30 0 0 0.26 0 0 0
2007 5 2 30 0 0 0.26 0 0 0
2007 6 2 30 0 0 0.26 0 0 0
2007 7 2 30 0 0 0.26 0 0 0
2007 8 2 30 0 0 0.26 0 0 0
2007 9 2 30 0 0 0.26 0 0 0
2007 1 1 31 0 0 0.465 4 0 0
2007 2 1 31 0.785374 0.00144718 0.775 0 1 0
2007 3 1 31 0 0 0.775 0 0 0
2007 4 1 31 0.251501 0.000137969 0.775 0 1 0
2007 5 1 31 0 0 0.775 0 0 0
2007 6 1 31 0 0 0.775 0 0 0
2007 7 1 31 0 0 1.5 1 0 0
2007 8 1 31 0 0 0.775 0 0 0
2007 9 1 31 0 0 0.775 0 0 0
2007 1 2 31 0 0 0.313333 6 0 0
2007 2 2 31 1.57075 0.00289436 0.324 0 2 0
2007 3 2 31 0 0 0.324 0 0 0
2007 4 2 31 0 0 0.324 0 0 0
2007 5 2 31 0 0 0.324 0 0 0
2007 6 2 31 0 0 0.324 0 0 0
2007 7 2 31 0 0 0.324 0 0 0
2007 8 2 31 0 0 0.324 0 0 0
2007 9 2 31 0 0 0.324 0 0 0
2007 1 1 32 0.928699 0.000283849 0.247143 7 1 0
2007 2 1 32 2.35612 0.00434153 0.33 0 3 0
2007 3 1 32 0 0 0.33 0 0 0
2007 4 1 32 0 0 0.33 0 0 0
2007 5 1 32 0.122285 0.00231481 0.33 0 1 0
2007 6 1 32 0 0 0.33 0 0 0
2007 7 1 32 0.411683 7.10328e-05 0.33 0 1 0
2007 8 1 32 0 0 0.33 0 0 0
2007 9 1 32 0 0 0.33 0 0 0
2007 1 2 32 0.928699 0.000283849 0.297 10 1 0
2007 2 2 32 1.57075 0.00289436 0.6275 0 2 0
2007 3 2 32 0 0 0.6275 0 0 0
2007 4 2 32 0 0 0.85 1 0 0
2007 5 2 32 0 0 0.6275 0 0 0
2007 6 2 32 0 0 0.6275 0 0 0
2007 7 2 32 0.823365 0.000142066 1.94 1 2 0
2007 8 2 32 0 0 0.6275 0 0 0
2007 9 2 32 0 0 0.6275 0 0 0
2007 1 1 33 0.928699 0.000283849 0.4 12 1 0
2007 2 1 33 0.785374 0.00144718 0.687273 0 1 0
2007 3 1 33 0 0 0.687273 0 0 0
2007 4 1 33 0 0 0.687273 0 0 0
2007 5 1 33 0 0 0.687273 0 0 0
2007 6 1 33 0 0 0.687273 0 0 0
2007 7 1 33 0.411683 7.10328e-05 1.765 2 1 0
2007 8 1 33 0 0 0.687273 0 0 0
2007 9 1 33 0 0 0.687273 0 0 0
2007 1 2 33 0 0 0.353333 9 0 0
2007 2 2 33 1.57075 0.00289436 1.16111 0 2 0
2007 3 2 33 0 0 1.65 1 0 0
2007 4 2 33 0 0 3.195 2 0 0
2007 5 2 33 0 0 1.16111 0 0 0
2007 6 2 33 0 0 1.16111 0 0 0
2007 7 2 33 0 0 1.16111 0 0 0
2007 8 2 33 0 0 1.16111 0 0 0
2007 9 2 33 0 0 1.16111 0 0 0
2007 1 1 34 2.7861 0.000851547 0.322222 9 3 0
2007 2 1 34 1.57075 0.00289436 0.354 0 2 0
2007 3 1 34 0 0 0.354 0 0 0
2007 4 1 34 0 0 0.354 0 0 0
2007 5 1 34 0 0 0.354 0 0 0
2007 6 1 34 0 0 0.354 0 0 0
2007 7 1 34 0 0 0.354 0 0 0
2007 8 1 34 0 0 0.354 0 0 0
2007 9 1 34 0 0 0.354 0 0 0
2007 1 2 34 0 0 0.433333 15 0 0
2007 2 2 34 0 0 0.488182 0 0 0
2007 3 2 34 0 0 0.488182 0 0 0
2007 4 2 34 0 0 0.488182 0 0 0
2007 5 2 34 0 0 0.488182 0 0 0
2007 6 2 34 0 0 0.488182 0 0 0
2007 7 2 34 0.411683 7.10328e-05 0.488182 0 1 0
2007 8 2 34 0 0 0.488182 0 0 0
2007 9 2 34 0 0 0.488182 0 0 0
2007 1 1 35 3.7148 0.0011354 0.419231 13 4 0
2007 2 1 35 0.785374 0.00144718 0.439091 0 1 0
2007 3 1 35 0 0 0.439091 0 0 0
2007 4 1 35 0 0 0.439091 0 0 0
2007 5 1 35 0 0 0.439091 0 0 0
2007 6 1 35 0 0 0.439091 0 0 0
2007 7 1 35 0 0 0.439091 0 0 0
2007 8 1 35 0 0 0.439091 0 0 0
2007 9 1 35 0 0 0.439091 0 0 0
2007 1 2 35 3.7148 0.0011354 0.485333 15 4 0
2007 2 2 35 0 0 0.512308 0 0 0
2007 3 2 35 0 0 0.512308 0 0 0
2007 4 2 35 0 0 0.512308 0 0 0
2007 5 2 35 0 0 0.512308 0 0 0
2007 6 2 35 0 0 0.512308 0 0 0
2007 7 2 35 0 0 0.512308 0 0 0
2007 8 2 35 0 0 0.512308 0 0 0
2007 9 2 35 0 0 0.512308 0 0 0
2007 1 1 36 2.7861 0.000851547 0.557368 19 3 0
2007 2 1 36 1.57075 0.00289436 0.5575 0 2 0
2007 3 1 36 0 0 0.536667 3 0 0
2007 4 1 36 0 0 0.51 1 0 0
2007 5 1 36 0 0 0.5575 0 0 0
2007 6 1 36 0 0 0.5575 0 0 0
2007 7 1 36 0.411683 7.10328e-05 0.5575 0 1 0
2007 8 1 36 0 0 0.5575 0 0 0
2007 9 1 36 0 0 0.5575 0 0 0
2007 1 2 36 3.7148 0.0011354 0.4575 16 4 0
2007 2 2 36 0 0 0.546111 0 0 0
2007 3 2 36 0 0 0.63 1 0 0
2007 4 2 36 0.251501 0.000137969 0.546111 0 1 0
2007 5 2 36 0 0 0.546111 0 0 0
2007 6 2 36 0 0 0.546111 0 0 0
2007 7 2 36 0 0 0.86 4 0 0
2007 8 2 36 0 0 0.546111 0 0 0
2007 9 2 36 0 0 0.546111 0 0 0
2007 1 1 37 3.25045 0.000993471 0.505 16 3.5 0
2007 2 1 37 0 0 0.85 1 0 0
2007 3 1 37 0 0 0.72 1 0 0
2007 4 1 37 0 0 0.551111 0 0 0
2007 5 1 37 0.122285 0.00231481 0.551111 0 1 0
2007 6 1 37 0 0 0.551111 0 0 0
2007 7 1 37 0.411683 7.10328e-05 0.61 1 1 0
2007 8 1 37 0 0 0.551111 0 0 0
2007 9 1 37 0 0 0.551111 0 0 0
2007 1 2 37 8.82264 0.00269657 0.619048 21 9.5 0
2007 2 2 37 0 0 0.658333 0 0 0
2007 3 2 37 0 0 0.6 1 0 0
2007 4 2 37 0.251501 0.000137969 0.66 2 1 0
2007 5 2 37 0.24457 0.00462963 0.658333 0 2 0
2007 6 2 37 0 0 0.658333 0 0 0
2007 7 2 37 0 0 1.22 1 0 0
2007 8 2 37 0 0 0.658333 0 0 0
2007 9 2 37 0 0 0.658333 0 0 0
2007 1 1 38 14.8592 0.00454158 0.595625 16 16 0
2007 2 1 38 0.785374 0.00144718 0.724091 0 1 0
2007 3 1 38 0 0 0.616667 3 0 0
2007 4 1 38 0.503003 0.000275938 1.03667 3 2 0
2007 5 1 38 0 0 0.724091 0 0 0
2007 6 1 38 0 0 0.724091 0 0 0
2007 7 1 38 0 0 0.926667 3 0 0
2007 8 1 38 0 0 0.724091 0 0 0
2007 9 1 38 0 0 0.724091 0 0 0
2007 1 2 38 9.28699 0.00283849 0.628077 26 10 0
2007 2 2 38 0 0 0.708846 0 0 0
2007 3 2 38 0 0 0.708846 0 0 0
2007 4 2 38 0.503003 0.000275938 0.55 2 2 0
2007 5 2 38 0.24457 0.00462963 0.708846 0 2 0
2007 6 2 38 0 0 0.708846 0 0 0
2007 7 2 38 0.823365 0.000142066 2.34 1 2 0
2007 8 2 38 0 0 0.708846 0 0 0
2007 9 2 38 0 0 0.708846 0 0 0
2007 1 1 39 17.1809 0.00525121 0.696875 32 18.5 0
2007 2 1 39 0.785374 0.00144718 0.9 1 1 0
2007 3 1 39 0 0 0.754054 0 0 0
2007 4 1 39 0.503003 0.000275938 0.81 1 2 0
2007 5 1 39 0.366854 0.00694444 0.754054 0 3 0
2007 6 1 39 0 0 0.754054 0 0 0
2007 7 1 39 0 0 1.29667 3 0 0
2007 8 1 39 0 0 0.754054 0 0 0
2007 9 1 39 0 0 0.754054 0 0 0
2007 1 2 39 15.3235 0.00468351 0.703913 23 16.5 0
2007 2 2 39 0.785374 0.00144718 0.794828 0 1 0
2007 3 2 39 0 0 0.75 1 0 0
2007 4 2 39 0.251501 0.000137969 0.92 1 1 0
2007 5 2 39 0 0 0.794828 0 0 0
2007 6 2 39 0 0 0.794828 0 0 0
2007 7 2 39 0 0 1.2975 4 0 0
2007 8 2 39 0 0 0.794828 0 0 0
2007 9 2 39 0 0 0.794828 0 0 0
2007 1 1 40 26.9323 0.00823162 0.769565 23 29 0
2007 2 1 40 0 0 0.847333 0 0 0
2007 3 1 40 0 0 0.766667 3 0 0
2007 4 1 40 0.754504 0.000413907 1.57333 3 3 0
2007 5 1 40 0.733709 0.0138889 0.847333 0 6 0
2007 6 1 40 0 0 0.847333 0 0 0
2007 7 1 40 0.823365 0.000142066 0.7 1 2 0
2007 8 1 40 0 0 0.847333 0 0 0
2007 9 1 40 0 0 0.847333 0 0 0
2007 1 2 40 25.0749 0.00766392 0.816667 15 27 1
2007 2 2 40 1.57075 0.00289436 1.02963 0 2 0
2007 3 2 40 0 0 0.85 2 0 0
2007 4 2 40 1.25751 0.000689845 1.27143 7 5 0
2007 5 2 40 0.122285 0.00231481 1.02963 0 1 0
2007 6 2 40 0 0 1.02963 0 0 0
2007 7 2 40 0.411683 7.10328e-05 1.65 3 1 0
2007 8 2 40 0 0 1.02963 0 0 0
2007 9 2 40 0 0 1.02963 0 0 0
2007 1 1 41 36.2193 0.0110701 0.787647 17 39 0
2007 2 1 41 0.785374 0.00144718 0.867576 0 1 0
2007 3 1 41 0 0 0.95 4 0 0
2007 4 1 41 1.25751 0.000689845 0.93625 8 5 0
2007 5 1 41 0 0 0.867576 0 0 0
2007 6 1 41 0.864152 0.000692521 0.867576 0 1 0
2007 7 1 41 2.05841 0.000355164 0.9875 4 5 0
2007 8 1 41 0 0 0.867576 0 0 0
2007 9 1 41 1.69113 0.00243902 0.867576 0 1 0
2007 1 2 41 32.5045 0.00993471 0.787407 27 35 0
2007 2 2 41 1.57075 0.00289436 0.75 1 2 0
2007 3 2 41 0 0 0.792857 7 0 0
2007 4 2 41 0.503003 0.000275938 0.91 11 2 0
2007 5 2 41 0.24457 0.00462963 0.815 0 2 0
2007 6 2 41 0 0 0.815 0 0 0
2007 7 2 41 0.411683 7.10328e-05 0.775 2 1 0
2007 8 2 41 0 0 0.815 0 0 0
2007 9 2 41 0 0 0.815 0 0 0
2007 1 1 42 31.5758 0.00965087 0.890556 36 34 0
2007 2 1 42 2.35612 0.00434153 1 2 3 0
2007 3 1 42 0 0 0.825 4 0 0
2007 4 1 42 1.25751 0.000689845 0.871429 7 5 0
2007 5 1 42 0.24457 0.00462963 0.912931 0 2 0
2007 6 1 42 0.864152 0.000692521 0.912931 0 1 0
2007 7 1 42 0 0 1.12 7 0 0
2007 8 1 42 0 0 0.912931 0 0 0
2007 9 1 42 0 0 0.825 2 0 0
2007 1 2 42 40.8627 0.0124894 0.864828 29 44 0
2007 2 2 42 1.57075 0.00289436 0.911364 0 2 0
2007 3 2 42 0 0 1.025 4 0 0
2007 4 2 42 1.25751 0.000689845 0.931429 7 5 0
2007 5 2 42 0.122285 0.00231481 0.911364 0 1 0
2007 6 2 42 0 0 0.911364 0 0 0
2007 7 2 42 2.05841 0.000355164 1.1 4 5 0
2007 8 2 42 0 0 0.911364 0 0 0
2007 9 2 42 1.69113 0.00243902 0.911364 0 1 0
2007 1 1 43 42.7201 0.0130571 0.933947 38 46 0
2007 2 1 43 2.35612 0.00434153 1.15 1 3 0
2007 3 1 43 0 0 1.01462 13 0 0
2007 4 1 43 2.51501 0.00137969 0.99 13 10 0
2007 5 1 43 0.24457 0.00462963 0.88 1 2 0
2007 6 1 43 0.864152 0.000692521 0.988 0 1 0
2007 7 1 43 1.23505 0.000213098 1.15778 9 3 0
2007 8 1 43 0 0 0.988 0 0 0
2007 9 1 43 1.69113 0.00243902 0.92 1 1 0
2007 1 2 43 31.5758 0.00965087 1.05342 38 34 0
2007 2 2 43 3.14149 0.00578871 1.1075 0 4 0
2007 3 2 43 0 0 0.866667 3 0 0
2007 4 2 43 0.754504 0.000413907 1.286 10 3 0
2007 5 2 43 0.24457 0.00462963 1.1075 0 2 0
2007 6 2 43 0.864152 0.000692521 1.9 1 1 0
2007 7 2 43 2.88178 0.00049723 1.149 10 7 0
2007 8 2 43 0 0 1.1075 0 0 0
2007 9 2 43 0 0 0.94 3 0 0
2007 1 1 44 34.3619 0.0105024 0.988333 24 37 0
2007 2 1 44 4.71224 0.00868307 1.1125 4 6 0
2007 3 1 44 0 0 1.06071 14 0 0
2007 4 1 44 2.01201 0.00110375 1.04071 14 8 0
2007 5 1 44 0.366854 0.00694444 1.06667 0 3 0
2007 6 1 44 2.59246 0.00207756 1.06667 0 3 0
2007 7 1 44 2.4701 0.000426197 1.1775 16 6 0
2007 8 1 44 0 0 1.06667 0 0 0
2007 9 1 44 1.69113 0.00243902 1.12833 6 1 0
2007 1 2 44 37.148 0.011354 1.03641 39 40 1
2007 2 2 44 3.92687 0.00723589 1.01667 3 5 0
2007 3 2 44 0 0 1.12125 8 0 0
2007 4 2 44 2.26351 0.00124172 1.21 9 9 1
2007 5 2 44 0.24457 0.00462963 1.10947 0 2 0
2007 6 2 44 0.864152 0.000692521 1.10947 0 1 0
2007 7 2 44 2.05841 0.000355164 1.17833 12 5 0
2007 8 2 44 0 0 1.10947 0 0 0
2007 9 2 44 0 0 1.37 5 0 0
2007 1 1 45 38.0766 0.0116378 1.10681 47 41 0
2007 2 1 45 3.92687 0.00723589 1.23333 3 5 0
2007 3 1 45 0 0 1.1 18 0 0
2007 4 1 45 1.00601 0.000551876 1.27667 9 4 0
2007 5 1 45 0.489139 0.00925926 1 1 4 0
2007 6 1 45 4.32076 0.0034626 1.18604 0 5 0
2007 7 1 45 3.70514 0.000639295 1.3855 20 9 0
2007 8 1 45 0 0 1.18604 0 0 0
2007 9 1 45 0 0 1.35667 3 0 0
2007 1 2 45 29.7184 0.00908317 1.08675 40 32 2
2007 2 2 45 5.49762 0.0101302 1.10833 6 7 0
2007 3 2 45 0 0 1.17 10 0 0
2007 4 2 45 2.26351 0.00124172 1.15 14 9 0
2007 5 2 45 0.489139 0.00925926 1.12731 0 4 0
2007 6 2 45 2.59246 0.00207756 1.28 1 3 0
2007 7 2 45 5.76356 0.000994459 1.181 20 14 0
2007 8 2 45 0 0 1.12731 0 0 0
2007 9 2 45 0 0 1.01 2 0 0
2007 1 1 46 31.5758 0.00965087 1.24679 56 34 4
2007 2 1 46 10.2099 0.0188133 1.4875 4 13 0
2007 3 1 46 0 0 1.17077 13 0 0
2007 4 1 46 2.51501 0.00137969 1.16 11 10 1
2007 5 1 46 0 0 1.30156 0 0 0
2007 6 1 46 1.7283 0.00138504 1.02 1 2 0
2007 7 1 46 4.11683 0.000710328 1.5063 27 10 0
2007 8 1 46 0 0 1.30156 0 0 0
2007 9 1 46 0 0 1.335 10 0 0
2007 1 2 46 19.5027 0.00596083 1.16732 41 21 0
2007 2 2 46 5.49762 0.0101302 1.19743 0 7 0
2007 3 2 46 3.42559 0.00699301 1.21636 22 1 0
2007 4 2 46 1.76051 0.000965784 1.33154 13 7 0
2007 5 2 46 0.489139 0.00925926 1.19743 0 4 0
2007 6 2 46 1.7283 0.00138504 1.19743 0 2 0
2007 7 2 46 7.41029 0.00127859 1.16871 31 18 0
2007 8 2 46 0 0 1.19743 0 0 0
2007 9 2 46 0 0 1.19167 6 0 0
2007 1 1 47 14.8592 0.00454158 1.27044 68 16 3
2007 2 1 47 7.85374 0.0144718 1.725 2 10 0
2007 3 1 47 0 0 1.25882 17 0 0
2007 4 1 47 3.26952 0.0017936 1.39 22 13 0
2007 5 1 47 0.24457 0.00462963 1.315 0 2 0
2007 6 1 47 3.45661 0.00277008 1.43 1 4 0
2007 7 1 47 7.20445 0.00124307 1.32689 45 17.5 0
2007 8 1 47 0 0 1.315 0 0 0
2007 9 1 47 1.69113 0.00243902 1.488 5 1 0
2007 1 2 47 24.1462 0.00738007 1.21784 51 26 2
2007 2 2 47 7.06836 0.0130246 1.68 5 9 0
2007 3 2 47 0 0 1.26786 14 0 0
2007 4 2 47 4.27552 0.00234547 1.32296 27 17 1
2007 5 2 47 0 0 1.31 1 0 0
2007 6 2 47 7.77737 0.00623269 1.28692 0 9 0
2007 7 2 47 4.32267 0.000745845 1.32211 38 10.5 0
2007 8 2 47 0 0 1.28692 0 0 0
2007 9 2 47 0 0 1.236 10 0 0
2007 1 1 48 33.4332 0.0102186 1.3332 97 36 2
2007 2 1 48 6.28299 0.0115774 1.48333 3 8 0
2007 3 1 48 3.42559 0.00699301 1.28615 13 1 0
2007 4 1 48 4.52703 0.00248344 1.37054 37 18 0
2007 5 1 48 0.366854 0.00694444 1.38448 0 3 0
2007 6 1 48 11.234 0.00900277 1.17 1 13 0
2007 7 1 48 11.1154 0.00191789 1.51716 67 27 0
2007 8 1 48 0 0 1.38448 0 0 0
2007 9 1 48 1.69113 0.00243902 1.23333 15 1 0
2007 1 2 48 27.861 0.00851547 1.34919 62 30 1
2007 2 2 48 12.566 0.0231548 1.925 2 16 0
2007 3 2 48 0 0 1.32682 22 0 0
2007 4 2 48 2.01201 0.00110375 1.41893 28 8 1
2007 5 2 48 0.489139 0.00925926 1.20333 3 4 0
2007 6 2 48 2.59246 0.00207756 1.375 2 3 0
2007 7 2 48 9.88038 0.00170479 1.40212 66 24 0
2007 8 2 48 0 0 1.37696 0 0 0
2007 9 2 48 0 0 1.28571 7 0 0
2007 1 1 49 14.8592 0.00454158 1.42079 114 16 2
2007 2 1 49 7.06836 0.0130246 1.55 1 9 0
2007 3 1 49 3.42559 0.00699301 1.43273 22 1 0
2007 4 1 49 5.78453 0.00317329 1.49732 41 23 0
2007 5 1 49 0.733709 0.0138889 1.4125 4 6 0
2007 6 1 49 5.18491 0.00415512 1.37571 7 6 0
2007 7 1 49 12.5563 0.0021665 1.44844 77 30.5 0
2007 8 1 49 0 0 1.43978 0 0 0
2007 9 1 49 0 0 1.42 13 0 0
2007 1 2 49 20.4314 0.00624468 1.44191 89 22 2
2007 2 2 49 8.63911 0.015919 1.9 4 11 0
2007 3 2 49 3.42559 0.00699301 1.33857 14 1 0
2007 4 2 49 4.77853 0.00262141 1.4893 43 19 3
2007 5 2 49 0.366854 0.00694444 1.33 1 3 0
2007 6 2 49 16.4189 0.0131579 1.572 5 19 0
2007 7 2 49 11.3213 0.0019534 1.44846 78 27.5 0
2007 8 2 49 0 0 1.45563 0 0 0
2007 9 2 49 0 0 1.43182 11 0 0
2007 1 1 50 22.2888 0.00681238 1.54562 128 24 2
2007 2 1 50 9.42448 0.0173661 1.75833 6 12 0
2007 3 1 50 3.42559 0.00699301 1.48455 11 1 0
2007 4 1 50 11.0661 0.00607064 1.59897 58 44 1
2007 5 1 50 0.366854 0.00694444 1.55429 0 3 0
2007 6 1 50 10.3698 0.00831025 1.56333 6 12 0
2007 7 1 50 20.1724 0.00348061 1.52488 129 49 0
2007 8 1 50 0 0 1.55429 0 0 0
2007 9 1 50 5.07339 0.00731707 1.70417 12 3 0
2007 1 2 50 20.4314 0.00624468 1.46667 108 22 6
2007 2 2 50 15.7075 0.0289436 1.43 5 20 0
2007 3 2 50 3.42559 0.00699301 1.46286 21 1 0
2007 4 2 50 7.54504 0.00413907 1.59186 70 30 2
2007 5 2 50 0.366854 0.00694444 1.56 1 3 0
2007 6 2 50 12.0981 0.00969529 1.59333 3 14 0
2007 7 2 50 21.4075 0.00369371 1.55592 120 52 0
2007 8 2 50 0 0 1.52794 0 0 0
2007 9 2 50 0 0 1.56545 11 0 0
2007 1 1 51 26.0036 0.00794777 1.66095 158 28 7
2007 2 1 51 7.85374 0.0144718 2.05 6 10 0
2007 3 1 51 3.42559 0.00699301 1.54917 12 1 0
2007 4 1 51 12.5751 0.00689845 1.72611 95 50 2
2007 5 1 51 0.489139 0.00925926 1.51143 7 4 0
2007 6 1 51 12.9623 0.0103878 1.95556 9 15 0
2007 7 1 51 36.6398 0.00632192 1.62275 153 89 0
2007 8 1 51 0 0 1.66205 0 0 0
2007 9 1 51 1.69113 0.00243902 1.55522 23 1 0
2007 1 2 51 28.7897 0.00879932 1.5697 133 31 7
2007 2 2 51 12.566 0.0231548 1.4 1 16 0
2007 3 2 51 3.42559 0.00699301 1.56437 16 1 0
2007 4 2 51 10.0601 0.00551876 1.66615 78 40 0
2007 5 2 51 0.611424 0.0115741 1.46 2 5 0
2007 6 2 51 11.234 0.00900277 1.61182 11 13 0
2007 7 2 51 25.1126 0.004333 1.62268 112 61 1
2007 8 2 51 0 0 1.60779 0 0 0
2007 9 2 51 3.38226 0.00487805 1.60783 23 2 0
2007 1 1 52 43.6488 0.0133409 1.74549 164 47 8
2007 2 1 52 13.3514 0.024602 2 2 17 0
2007 3 1 52 6.85118 0.013986 1.61208 24 2 0
2007 4 1 52 13.0781 0.00717439 1.74299 97 52 2
2007 5 1 52 0.24457 0.00462963 1.58 2 2 0
2007 6 1 52 20.3076 0.0162742 1.65 11 23.5 0
2007 7 1 52 41.7858 0.00720983 1.74984 182 101.5 2
2007 8 1 52 0 0 1.73398 0 0 0
2007 9 1 52 3.38226 0.00487805 1.66757 37 2 0
2007 1 2 52 43.6488 0.0133409 1.69025 162 47 4
2007 2 2 52 11.7806 0.0217077 1.76667 3 15 0
2007 3 2 52 3.42559 0.00699301 1.7725 12 1 0
2007 4 2 52 12.5751 0.00689845 1.74886 79 50 0
2007 5 2 52 0.24457 0.00462963 1.63 4 2 0
2007 6 2 52 14.2585 0.0114266 1.65 6 16.5 0
2007 7 2 52 33.9638 0.00586021 1.68632 144 82.5 0
2007 8 2 52 0 0 1.69773 0 0 0
2007 9 2 52 5.07339 0.00731707 1.62903 31 3 0
2007 1 1 53 32.0401 0.00979279 1.83609 179 34.5 12
2007 2 1 53 6.28299 0.0115774 1.9375 4 8 0
2007 3 1 53 17.1279 0.034965 1.71 8 5 0
2007 4 1 53 16.5991 0.00910596 1.8239 118 66 5
2007 5 1 53 0.24457 0.00462963 1.69 1 2 0
2007 6 1 53 14.6906 0.0117729 1.85727 11 17 0
2007 7 1 53 46.726 0.00806222 1.81474 251 113.5 1
2007 8 1 53 0 0 1.715 2 0 0
2007 9 1 53 1.69113 0.00243902 1.74349 43 1 0
2007 1 2 53 26.4679 0.0080897 1.81294 160 28.5 8
2007 2 2 53 8.63911 0.015919 1.825 4 11 0
2007 3 2 53 10.2768 0.020979 1.822 10 3 0
2007 4 2 53 13.5811 0.00745033 1.889 100 54 2
2007 5 2 53 0.366854 0.00694444 2.14 1 3 0
2007 6 2 53 14.6906 0.0117729 1.78833 12 17 0
2007 7 2 53 47.961 0.00827532 1.82904 240 116.5 1
2007 8 2 53 0 0 1.83291 0 0 0
2007 9 2 53 1.69113 0.00243902 1.80194 36 1 0
2007 1 1 54 53.8645 0.0164632 1.88505 202 58 9
2007 2 1 54 6.28299 0.0115774 2 2 8 0
2007 3 1 54 23.9791 0.048951 1.83571 7 7 0
2007 4 1 54 22.6351 0.0124172 2.0276 154 90 4
2007 5 1 54 0.366854 0.00694444 1.97667 3 3 0
2007 6 1 54 15.1227 0.0121191 1.99 10 17.5 0
2007 7 1 54 62.1641 0.010726 1.91967 301 151 1
2007 8 1 54 0 0 1.92709 0 0 0
2007 9 1 54 3.38226 0.00487805 1.83019 52 2 0
2007 1 2 54 54.7932 0.0167471 1.87421 152 59 9
2007 2 2 54 6.28299 0.0115774 2.075 4 8 0
2007 3 2 54 23.9791 0.048951 1.862 10 7 0
2007 4 2 54 20.3716 0.0111755 2.00096 125 81 2
2007 5 2 54 0.366854 0.00694444 2.12667 3 3 0
2007 6 2 54 17.7151 0.0141967 1.84619 21 20.5 0
2007 7 2 54 55.1655 0.0095184 1.91962 260 134 0
2007 8 2 54 0 0 1.73 1 0 0
2007 9 2 54 6.76451 0.0097561 1.72676 37 4 0
2007 1 1 55 64.0802 0.0195856 2.01147 211 69 11
2007 2 1 55 6.28299 0.0115774 2.01667 3 8 0
2007 3 1 55 23.9791 0.048951 2.08667 9 7 0
2007 4 1 55 24.1441 0.013245 2.23956 158 96 3
2007 5 1 55 0.122285 0.00231481 1.875 2 1 0
2007 6 1 55 11.234 0.00900277 2.03444 18 13 0
2007 7 1 55 76.7788 0.0132476 2.03072 345 186.5 3
2007 8 1 55 0 0 2.0597 0 0 0
2007 9 1 55 5.07339 0.00731707 1.90698 53 3 0
2007 1 2 55 50.1497 0.0153278 2.01639 158 54 10
2007 2 2 55 3.92687 0.00723589 2.9 4 5 0
2007 3 2 55 10.2768 0.020979 1.97647 17 3 0
2007 4 2 55 27.1622 0.0149007 2.06893 169 108 1
2007 5 2 55 0.366854 0.00694444 2.05 4 3 0
2007 6 2 55 19.8755 0.015928 1.8455 20 23 0
2007 7 2 55 71.8386 0.0123952 2.00143 287 174.5 0
2007 8 2 55 0 0 2.01445 0 0 0
2007 9 2 55 6.76451 0.0097561 1.89042 48 4 0
2007 1 1 56 49.221 0.015044 2.16706 238 53 14
2007 2 1 56 6.28299 0.0115774 2.23333 6 8 0
2007 3 1 56 6.85118 0.013986 1.98063 16 2 0
2007 4 1 56 27.6652 0.0151766 2.23206 180 110 3
2007 5 1 56 0.366854 0.00694444 2.15 2 3 0
2007 6 1 56 11.234 0.00900277 2.07333 12 13 0
2007 7 1 56 91.3935 0.0157693 2.11596 394 222 3
2007 8 1 56 0 0 1.63 1 0 0
2007 9 1 56 6.76451 0.0097561 2.00348 66 4 0
2007 1 2 56 68.7237 0.0210048 2.18201 159 74 12
2007 2 2 56 7.85374 0.0144718 2.5 1 10 0
2007 3 2 56 20.5535 0.041958 2.13692 13 6 0
2007 4 2 56 25.4016 0.0139349 2.15533 169 101 0
2007 5 2 56 0.122285 0.00231481 1.73333 3 1 0
2007 6 2 56 10.3698 0.00831025 2.22667 15 12 0
2007 7 2 56 72.8678 0.0125728 2.15239 368 177 2
2007 8 2 56 0 0 2.15182 0 0 0
2007 9 2 56 5.07339 0.00731707 2.01463 41 3 0
2007 1 1 57 56.6506 0.0173148 2.30801 216 61 6
2007 2 1 57 5.49762 0.0101302 2.16 5 7 0
2007 3 1 57 17.1279 0.034965 2.50333 15 5 0
2007 4 1 57 28.2939 0.0155215 2.33912 194 112.5 3
2007 5 1 57 0 0 1.995 8 0 0
2007 6 1 57 24.6283 0.0197368 2.28654 26 28.5 0
2007 7 1 57 121.858 0.0210257 2.22152 473 296 5
2007 8 1 57 0 0 1.89 2 0 0
2007 9 1 57 15.2202 0.0219512 2.14231 65 9 0
2007 1 2 57 48.2923 0.0147601 2.26626 190 52 7
2007 2 2 57 3.92687 0.00723589 2.78333 3 5 0
2007 3 2 57 10.2768 0.020979 2.30563 16 3 0
2007 4 2 57 33.8269 0.0185568 2.3055 211 134.5 1
2007 5 2 57 0.366854 0.00694444 2.12 4 3 0
2007 6 2 57 16.851 0.0135042 2.2352 25 19.5 0
2007 7 2 57 88.5118 0.0152721 2.21643 392 215 3
2007 8 2 57 0 0 2.24255 0 0 0
2007 9 2 57 6.76451 0.0097561 2.04458 48 4 0
2007 1 1 58 52.9358 0.0161794 2.45313 243 57 9
2007 2 1 58 3.14149 0.00578871 2.25 3 4 0
2007 3 1 58 10.2768 0.020979 2.3624 25 3 0
2007 4 1 58 31.4377 0.0172461 2.50584 238 125 5
2007 5 1 58 0.611424 0.0115741 2.3 1 5 0
2007 6 1 58 21.1717 0.0169668 2.235 18 24.5 0
2007 7 1 58 117.124 0.0202088 2.31061 559 284.5 6
2007 8 1 58 0 0 1.94 1 0 0
2007 9 1 58 11.8379 0.0170732 2.15333 72 7 0
2007 1 2 58 47.3636 0.0144763 2.28831 172 51 6
2007 2 2 58 2.35612 0.00434153 2.72 5 3 0
2007 3 2 58 13.7024 0.027972 2.38063 16 4 0
2007 4 2 58 31.9407 0.0175221 2.42865 192 127 5
2007 5 2 58 0.366854 0.00694444 2.22667 3 3 0
2007 6 2 58 21.1717 0.0169668 2.3775 24 24.5 0
2007 7 2 58 84.1891 0.0145262 2.37421 416 204.5 3
2007 8 2 58 0 0 2.3 1 0 0
2007 9 2 58 10.1468 0.0146341 2.24511 47 6 0
2007 1 1 59 52.9358 0.0161794 2.57415 248 57 13
2007 2 1 59 5.49762 0.0101302 2.85 5 7 0
2007 3 1 59 13.7024 0.027972 2.42174 23 4 0
2007 4 1 59 33.9527 0.0186258 2.56123 228 135 6
2007 5 1 59 1.10056 0.0208333 2.31 4 9 0
2007 6 1 59 22.9 0.0183518 2.33733 30 26.5 0
2007 7 1 59 103.332 0.0178292 2.44044 572 251 4
2007 8 1 59 0 0 2.04 1 0 0
2007 9 1 59 15.2202 0.0219512 2.40535 71 9 0
2007 1 2 59 46.4349 0.0141924 2.50343 172 50 7
2007 2 2 59 3.92687 0.00723589 2.96429 7 5 0
2007 3 2 59 3.42559 0.00699301 2.4292 25 1 0
2007 4 2 59 36.7192 0.0201435 2.57961 204 146 6
2007 5 2 59 0.24457 0.00462963 2.29 6 2 0
2007 6 2 59 19.4434 0.0155817 2.5 20 22.5 0
2007 7 2 59 90.5702 0.0156272 2.46974 498 220 6
2007 8 2 59 0 0 2.65 1 0 0
2007 9 2 59 13.529 0.0195122 2.36839 62 8 0
2007 1 1 60 54.7932 0.0167471 2.70651 281 59 18
2007 2 1 60 10.2099 0.0188133 2.66 5 13 0
2007 3 1 60 10.2768 0.020979 2.58944 18 3 0
2007 4 1 60 37.4737 0.0205574 2.7747 249 149 2
2007 5 1 60 1.22285 0.0231481 2.325 2 10 0
2007 6 1 60 28.0849 0.0225069 2.45667 33 32.5 0
2007 7 1 60 131.533 0.022695 2.55516 630 319.5 4
2007 8 1 60 0 0 2.62324 0 0 0
2007 9 1 60 11.8379 0.0170732 2.46069 72 7 0
2007 1 2 60 60.3654 0.0184502 2.60481 210 65 12
2007 2 2 60 6.28299 0.0115774 2.88333 6 8 0
2007 3 2 60 6.85118 0.013986 2.69615 13 2 0
2007 4 2 60 40.4917 0.022213 2.67763 236 161 2
2007 5 2 60 0.489139 0.00925926 2.37333 6 4 0
2007 6 2 60 26.3566 0.0211219 2.5213 23 30.5 0
2007 7 2 60 99.833 0.0172255 2.58384 567 242.5 3
2007 8 2 60 0 0 2.575 2 0 0
2007 9 2 60 16.9113 0.0243902 2.44047 64 10 0
2007 1 1 61 57.5793 0.0175986 2.8422 282 62 13
2007 2 1 61 5.49762 0.0101302 3.21 5 7 0
2007 3 1 61 6.85118 0.013986 2.80786 28 2 0
2007 4 1 61 38.2282 0.0209713 2.90664 271 152 7
2007 5 1 61 0.855993 0.0162037 2.28125 8 7 0
2007 6 1 61 24.6283 0.0197368 2.72818 33 28.5 0
2007 7 1 61 134.62 0.0232277 2.65562 649 327 3
2007 8 1 61 0 0 2.345 2 0 0
2007 9 1 61 21.9847 0.0317073 2.5685 80 13 0
2007 1 2 61 34.3619 0.0105024 2.86252 226 37 11
2007 2 2 61 6.28299 0.0115774 3.11667 3 8 0
2007 3 2 61 0 0 2.83207 29 0 0
2007 4 2 61 45.2703 0.0248344 2.86423 239 180 4
2007 5 2 61 0.733709 0.0138889 2.52818 11 6 0
2007 6 2 61 30.6774 0.0245845 2.65911 45 35.5 0
2007 7 2 61 105.391 0.0181844 2.74129 605 256 1
2007 8 2 61 0 0 2.5 2 0 0
2007 9 2 61 20.2935 0.0292683 2.49176 51 12 0
2007 1 1 62 54.7932 0.0167471 2.94107 327 59 16
2007 2 1 62 6.28299 0.0115774 3.05 7 8 0
2007 3 1 62 3.42559 0.00699301 2.92647 34 1 0
2007 4 1 62 39.1085 0.0214542 2.99546 315 155.5 6
2007 5 1 62 1.71199 0.0324074 2.59 4 14 0
2007 6 1 62 25.0604 0.0200831 2.75022 45 29 0
2007 7 1 62 134.414 0.0231922 2.84277 621 326.5 5
2007 8 1 62 0 0 2.3 1 0 0
2007 9 1 62 21.9847 0.0317073 2.6936 89 13 0
2007 1 2 62 45.5062 0.0139086 2.96612 224 49 11
2007 2 2 62 9.42448 0.0173661 3.03 5 12 0
2007 3 2 62 3.42559 0.00699301 2.88846 26 1 0
2007 4 2 62 37.348 0.0204884 2.99373 284 148.5 7
2007 5 2 62 0.978278 0.0185185 2.674 5 8 0
2007 6 2 62 30.2453 0.0242382 2.80625 32 35 0
2007 7 2 62 112.595 0.0194275 2.85303 621 273.5 1
2007 8 2 62 0 0 2.45 3 0 0
2007 9 2 62 16.9113 0.0243902 2.64162 74 10 0
2007 1 1 63 37.148 0.011354 3.09365 299 40 16
2007 2 1 63 6.28299 0.0115774 3.86 5 8 0
2007 3 1 63 20.5535 0.041958 2.99029 35 6 0
2007 4 1 63 45.7733 0.0251104 3.17765 307 182 6
2007 5 1 63 0.489139 0.00925926 2.635 6 4 0
2007 6 1 63 34.134 0.0273546 2.77408 49 39.5 0
2007 7 1 63 144.912 0.0250036 2.91721 730 352 4
2007 8 1 63 0 0 2.96 1 0 0
2007 9 1 63 30.4403 0.0439024 2.82247 77 18 0
2007 1 2 63 31.5758 0.00965087 3.18281 231 34 12
2007 2 2 63 7.06836 0.0130246 3.525 2 9 0
2007 3 2 63 3.42559 0.00699301 3.145 22 1 0
2007 4 2 63 51.0548 0.0280077 3.07793 275 203 5
2007 5 2 63 0.489139 0.00925926 2.67556 9 4 0
2007 6 2 63 29.8133 0.023892 2.99523 44 34.5 0
2007 7 2 63 129.68 0.0223753 2.98918 661 315 6
2007 8 2 63 0 0 2.65 2 0 0
2007 9 2 63 18.6024 0.0268293 2.85218 78 11 0
2007 1 1 64 44.5775 0.0136248 3.31709 289 48 10
2007 2 1 64 8.63911 0.015919 4.1375 4 11 0
2007 3 1 64 6.85118 0.013986 3.33515 33 2 0
2007 4 1 64 36.7192 0.0201435 3.29321 293 146 5
2007 5 1 64 0.855993 0.0162037 2.99 4 7 0
2007 6 1 64 25.4925 0.0204294 3.00673 55 29.5 0
2007 7 1 64 145.118 0.0250391 3.06519 734 352.5 8
2007 8 1 64 0 0 2.04 1 0 0
2007 9 1 64 18.6024 0.0268293 2.99816 87 11 0
2007 1 2 64 33.4332 0.0102186 3.25726 237 36 12
2007 2 2 64 6.28299 0.0115774 3.625 2 8 0
2007 3 2 64 17.1279 0.034965 3.15692 26 5 0
2007 4 2 64 43.7612 0.0240066 3.25924 341 174 6
2007 5 2 64 1.46742 0.0277778 3.02667 6 12 0
2007 6 2 64 28.0849 0.0225069 2.9774 50 32.5 0
2007 7 2 64 126.181 0.0217716 3.14824 712 306.5 7
2007 8 2 64 0 0 3.17383 0 0 0
2007 9 2 64 21.9847 0.0317073 2.95638 94 13 0
2007 1 1 65 41.7914 0.0127732 3.39488 291 45 16
2007 2 1 65 11.7806 0.0217077 4.03333 6 15 0
2007 3 1 65 6.85118 0.013986 3.32286 28 2 0
2007 4 1 65 40.4917 0.022213 3.50653 331 161 4
2007 5 1 65 1.34513 0.025463 2.76143 7 11 0
2007 6 1 65 35.4302 0.0283934 3.23444 63 41 0
2007 7 1 65 134.003 0.0231212 3.20063 709 325.5 5
2007 8 1 65 0 0 3.4 2 0 0
2007 9 1 65 23.6758 0.0341463 3.06918 61 14 0
2007 1 2 65 27.861 0.00851547 3.52263 247 30 8
2007 2 2 65 8.63911 0.015919 3.5 3 11 0
2007 3 2 65 6.85118 0.013986 3.48 29 2 0
2007 4 2 65 39.9887 0.0219371 3.39964 333 159 5
2007 5 2 65 1.46742 0.0277778 2.904 10 12 0
2007 6 2 65 37.1585 0.0297784 3.24904 52 43 0
2007 7 2 65 110.948 0.0191433 3.27475 682 269.5 6
2007 8 2 65 0 0 3.27 2 0 0
2007 9 2 65 13.529 0.0195122 3.165 80 8 0
2007 1 1 66 40.8627 0.0124894 3.55934 287 44 14
2007 2 1 66 14.1367 0.0260492 4.25 3 18 0
2007 3 1 66 13.7024 0.027972 3.52143 28 4 0
2007 4 1 66 37.0965 0.0203504 3.61867 323 147.5 3
2007 5 1 66 1.34513 0.025463 3.426 5 11 0
2007 6 1 66 24.6283 0.0197368 3.2364 50 28.5 0
2007 7 1 66 127.21 0.0219491 3.35775 658 309 4
2007 8 1 66 0 0 3.45636 0 0 0
2007 9 1 66 18.6024 0.0268293 3.30721 68 11 0
2007 1 2 66 25.0749 0.00766392 3.66658 231 27 13
2007 2 2 66 8.63911 0.015919 4.6625 4 11 0
2007 3 2 66 20.5535 0.041958 3.55833 24 6 0
2007 4 2 66 40.1145 0.0220061 3.55879 346 159.5 5
2007 5 2 66 1.34513 0.025463 3.04 7 11 0
2007 6 2 66 27.2208 0.0218144 3.30467 60 31.5 0
2007 7 2 66 136.679 0.0235829 3.4164 695 332 3
2007 8 2 66 0 0 3.3 1 0 0
2007 9 2 66 13.529 0.0195122 3.21477 65 8 0
2007 1 1 67 41.7914 0.0127732 3.75898 275 45 23
2007 2 1 67 7.06836 0.0130246 4.56167 6 9 0
2007 3 1 67 13.7024 0.027972 3.74321 28 4 0
2007 4 1 67 36.7192 0.0201435 3.75885 279 146 1
2007 5 1 67 1.10056 0.0208333 3.59143 7 9 0
2007 6 1 67 23.7642 0.0190443 3.48194 62 27.5 0
2007 7 1 67 138.531 0.0239025 3.46702 644 336.5 6
2007 8 1 67 0 0 3.335 2 0 0
2007 9 1 67 15.2202 0.0219512 3.36443 70 9 0
2007 1 2 67 56.6506 0.0173148 3.73783 253 61 14
2007 2 2 67 7.06836 0.0130246 4.33 5 9 0
2007 3 2 67 23.9791 0.048951 3.5456 25 7 0
2007 4 2 67 40.4917 0.022213 3.74432 333 161 3
2007 5 2 67 0.733709 0.0138889 3.16889 9 6 0
2007 6 2 67 28.0849 0.0225069 3.3668 75 32.5 0
2007 7 2 67 133.179 0.0229791 3.5699 705 323.5 3
2007 8 2 67 0 0 3.3325 4 0 0
2007 9 2 67 28.7492 0.0414634 3.31586 70 17 0
2007 1 1 68 47.3636 0.0144763 3.8272 254 51 15
2007 2 1 68 7.06836 0.0130246 3.74054 0 9 0
2007 3 1 68 3.42559 0.00699301 3.90333 12 1 0
2007 4 1 68 32.9467 0.018074 3.94324 275 131 3
2007 5 1 68 1.10056 0.0208333 3.53222 9 9 0
2007 6 1 68 31.1095 0.0249307 3.648 60 36 0
2007 7 1 68 111.978 0.0193209 3.63498 600 272 7
2007 8 1 68 0 0 3.52 2 0 0
2007 9 1 68 16.9113 0.0243902 3.57373 51 10 0
2007 1 2 68 39.0053 0.0119217 3.96636 239 42 12
2007 2 2 68 3.92687 0.00723589 4.86667 3 5 0
2007 3 2 68 10.2768 0.020979 3.83625 16 3 0
2007 4 2 68 42.5037 0.0233168 3.85067 371 169 2
2007 5 2 68 1.46742 0.0277778 3.4875 8 12 0
2007 6 2 68 25.0604 0.0200831 3.55857 42 29 0
2007 7 2 68 143.266 0.0247194 3.7476 680 348 3
2007 8 2 68 0 0 3.705 4 0 0
2007 9 2 68 15.2202 0.0219512 3.54015 68 9 0
2007 1 1 69 51.0784 0.0156117 4.03573 246 55 15
2007 2 1 69 4.71224 0.00868307 4.8 1 6 0
2007 3 1 69 3.42559 0.00699301 3.979 10 1 0
2007 4 1 69 27.4137 0.0150386 4.02378 249 109 3
2007 5 1 69 1.10056 0.0208333 3.5675 4 9 0
2007 6 1 69 17.283 0.0138504 3.788 40 20 0
2007 7 1 69 101.686 0.0175451 3.76492 559 247 7
2007 8 1 69 0 0 3.87858 0 0 0
2007 9 1 69 15.2202 0.0219512 3.70128 47 9 0
2007 1 2 69 37.148 0.011354 4.15412 255 40 11
2007 2 2 69 4.71224 0.00868307 4.6 3 6 0
2007 3 2 69 6.85118 0.013986 3.818 25 2 0
2007 4 2 69 38.7312 0.0212472 4.0711 326 154 4
2007 5 2 69 0.611424 0.0115741 3.762 5 5 0
2007 6 2 69 27.6529 0.0221607 3.83175 40 32 0
2007 7 2 69 130.092 0.0224464 3.87883 650 316 5
2007 8 2 69 0 0 3.44333 3 0 0
2007 9 2 69 11.8379 0.0170732 3.72922 64 7 0
2007 1 1 70 48.2923 0.0147601 4.28726 234 52 14
2007 2 1 70 9.42448 0.0173661 4.7 2 12 0
2007 3 1 70 0 0 4.22273 11 0 0
2007 4 1 70 28.4197 0.0155905 4.31781 242 113 5
2007 5 1 70 1.71199 0.0324074 3.785 6 14 0
2007 6 1 70 18.1472 0.0145429 3.95116 43 21 0
2007 7 1 70 104.362 0.0180068 3.97662 524 253.5 7
2007 8 1 70 0 0 3.93 2 0 0
2007 9 1 70 8.45564 0.0121951 4.03795 44 5 0
2007 1 2 70 42.7201 0.0130571 4.40439 244 46 11
2007 2 2 70 7.06836 0.0130246 4.95 2 9 0
2007 3 2 70 3.42559 0.00699301 4.17625 16 1 0
2007 4 2 70 45.5218 0.0249724 4.24988 322 181 4
2007 5 2 70 1.10056 0.0208333 3.56833 6 9 0
2007 6 2 70 29.3812 0.0235457 3.945 52 34 0
2007 7 2 70 125.769 0.0217005 4.07071 630 305.5 4
2007 8 2 70 0 0 3.67 1 0 0
2007 9 2 70 10.1468 0.0146341 3.93043 70 6 0
2007 1 1 71 40.8627 0.0124894 4.44922 230 44 17
2007 2 1 71 4.71224 0.00868307 4.28431 0 6 0
2007 3 1 71 3.42559 0.00699301 4.52273 11 1 0
2007 4 1 71 25.6531 0.0140728 4.42725 222 102 1
2007 5 1 71 0.366854 0.00694444 3.83 5 3 0
2007 6 1 71 16.4189 0.0131579 4.14294 34 19 0
2007 7 1 71 92.4227 0.0159469 4.16201 442 224.5 4
2007 8 1 71 0 0 4 2 0 0
2007 9 1 71 6.76451 0.0097561 3.99838 37 4 0
2007 1 2 71 39.934 0.0122055 4.54118 237 43 16
2007 2 2 71 5.49762 0.0101302 5.3 1 7 0
2007 3 2 71 0 0 4.50941 17 0 0
2007 4 2 71 33.7012 0.0184879 4.47201 288 134 2
2007 5 2 71 0.855993 0.0162037 3.73333 9 7 0
2007 6 2 71 25.0604 0.0200831 4.22809 47 29 0
2007 7 2 71 118.77 0.020493 4.2706 582 288.5 6
2007 8 2 71 0 0 4 1 0 0
2007 9 2 71 11.8379 0.0170732 4.17122 49 7 0
2007 1 1 72 28.7897 0.00879932 4.64014 218 31 16
2007 2 1 72 5.49762 0.0101302 4.43644 0 7 0
2007 3 1 72 0 0 4.52438 16 0 0
2007 4 1 72 22.6351 0.0124172 4.54494 164 90 1
2007 5 1 72 0.611424 0.0115741 3.84 4 5 0
2007 6 1 72 14.6906 0.0117729 4.17969 32 17 0
2007 7 1 72 71.0152 0.0122532 4.30789 384 172.5 3
2007 8 1 72 0 0 4.43644 0 0 0
2007 9 1 72 10.1468 0.0146341 4.31903 31 6 0
2007 1 2 72 31.5758 0.00965087 4.83394 231 34 14
2007 2 2 72 4.71224 0.00868307 4.9 1 6 0
2007 3 2 72 3.42559 0.00699301 4.47 13 1 0
2007 4 2 72 34.2042 0.0187638 4.66771 236 136 3
2007 5 2 72 0.611424 0.0115741 4.1575 8 5 0
2007 6 2 72 25.9246 0.0207756 4.34292 48 30 0
2007 7 2 72 130.709 0.0225529 4.47325 493 317.5 2
2007 8 2 72 0 0 4.02333 3 0 0
2007 9 2 72 8.45564 0.0121951 4.19349 43 5 0
2007 1 1 73 28.7897 0.00879932 4.84544 195 31 17
2007 2 1 73 4.71224 0.00868307 4.60972 0 6 0
2007 3 1 73 3.42559 0.00699301 4.91364 11 1 0
2007 4 1 73 19.6171 0.0107616 4.69719 139 78 3
2007 5 1 73 0.24457 0.00462963 4.95 2 2 0
2007 6 1 73 6.04907 0.00484765 4.3896 25 7 0
2007 7 1 73 65.0459 0.0112232 4.46289 315 158 2
2007 8 1 73 0 0 4.60972 0 0 0
2007 9 1 73 6.76451 0.0097561 4.30412 34 4 0
2007 1 2 73 33.4332 0.0102186 5.01065 215 36 13
2007 2 2 73 7.85374 0.0144718 4.74144 0 10 0
2007 3 2 73 0 0 4.64143 7 0 0
2007 4 2 73 30.4317 0.0166943 4.78634 227 121 6
2007 5 2 73 0.611424 0.0115741 4.31 8 5 0
2007 6 2 73 13.8264 0.0110803 4.61129 31 16 0
2007 7 2 73 102.097 0.0176161 4.64012 493 248 3
2007 8 2 73 0 0 4.39 2 0 0
2007 9 2 73 10.1468 0.0146341 4.45281 32 6 0
2007 1 1 74 31.5758 0.00965087 5.11652 181 34 20
2007 2 1 74 3.14149 0.00578871 4.87713 0 4 0
2007 3 1 74 10.2768 0.020979 4.16 3 3 0
2007 4 1 74 16.0961 0.00883002 5.04192 130 64 4
2007 5 1 74 0.489139 0.00925926 4.445 4 4 0
2007 6 1 74 6.91322 0.00554017 4.52938 16 8 0
2007 7 1 74 56.6064 0.00976701 4.68767 262 137.5 2
2007 8 1 74 0 0 4.87713 0 0 0
2007 9 1 74 15.2202 0.0219512 4.64083 24 9 0
2007 1 2 74 32.5045 0.00993471 5.19263 198 35 10
2007 2 2 74 3.92687 0.00723589 4.93744 0 5 0
2007 3 2 74 3.42559 0.00699301 4.96125 8 1 0
2007 4 2 74 26.1561 0.0143488 5.0045 191 104 2
2007 5 2 74 1.5897 0.0300926 4.596 10 13 0
2007 6 2 74 13.8264 0.0110803 4.53971 34 16 0
2007 7 2 74 92.0111 0.0158758 4.87261 383 223.5 2
2007 8 2 74 0 0 4.93744 0 0 0
2007 9 2 74 3.38226 0.00487805 4.41929 42 2 0
2007 1 1 75 22.2888 0.00681238 5.25613 155 24 17
2007 2 1 75 2.35612 0.00434153 5.02682 0 3 0
2007 3 1 75 3.42559 0.00699301 4.99167 6 1 0
2007 4 1 75 13.5811 0.00745033 5.16933 105 54 2
2007 5 1 75 0.366854 0.00694444 4.69 1 3 0
2007 6 1 75 9.93775 0.00796399 4.65412 17 11.5 0
2007 7 1 75 48.3727 0.00834636 4.86162 247 117.5 3
2007 8 1 75 0 0 5.02682 0 0 0
2007 9 1 75 6.76451 0.0097561 4.89864 22 4 0
2007 1 2 75 32.5045 0.00993471 5.47137 160 35 12
2007 2 2 75 7.85374 0.0144718 5.13185 0 10 0
2007 3 2 75 0 0 4.93333 9 0 0
2007 4 2 75 25.4016 0.0139349 5.18159 170 101 2
2007 5 2 75 1.46742 0.0277778 4.96857 7 12 0
2007 6 2 75 10.8019 0.00865651 4.81406 32 12.5 0
2007 7 2 75 81.719 0.0141 5.03572 367 198.5 7
2007 8 2 75 0 0 4.4 1 0 0
2007 9 2 75 5.07339 0.00731707 4.64357 28 3 0
2007 1 1 76 14.8592 0.00454158 5.4007 128 16 12
2007 2 1 76 2.35612 0.00434153 5.20558 0 3 0
2007 3 1 76 3.42559 0.00699301 5.17857 7 1 0
2007 4 1 76 7.79654 0.00427704 5.35439 82 31 1
2007 5 1 76 0.733709 0.0138889 4.7 6 6 0
2007 6 1 76 9.50567 0.00761773 5.282 10 11 0
2007 7 1 76 34.993 0.00603779 5.0403 202 85 2
2007 8 1 76 0 0 5.20558 0 0 0
2007 9 1 76 3.38226 0.00487805 5.12706 17 2 0
2007 1 2 76 23.2175 0.00709622 5.67157 166 25 17
2007 2 2 76 3.92687 0.00723589 5.38339 0 5 0
2007 3 2 76 0 0 5.30833 6 0 0
2007 4 2 76 20.6231 0.0113135 5.38466 133 82 0
2007 5 2 76 0.611424 0.0115741 5.005 2 5 0
2007 6 2 76 19.8755 0.015928 5.04688 16 23 0
2007 7 2 76 63.3991 0.0109391 5.25664 301 154 2
2007 8 2 76 0 0 6.7 1 0 0
2007 9 2 76 6.76451 0.0097561 5.25257 35 4 0
2007 1 1 77 8.35829 0.00255464 5.74453 137 9 11
2007 2 1 77 6.28299 0.0115774 5.46633 0 8 0
2007 3 1 77 3.42559 0.00699301 6.11 5 1 0
2007 4 1 77 8.29955 0.00455298 5.58982 56 33 2
2007 5 1 77 0.24457 0.00462963 4.975 2 2 0
2007 6 1 77 5.18491 0.00415512 4.86778 18 6 0
2007 7 1 77 28.4061 0.00490126 5.26137 153 69 1
2007 8 1 77 0 0 5.46633 0 0 0
2007 9 1 77 3.38226 0.00487805 4.953 10 2 0
2007 1 2 77 15.7879 0.00482543 6.06985 132 17 13
2007 2 2 77 3.14149 0.00578871 6 1 4 0
2007 3 2 77 3.42559 0.00699301 5.72 8 1 0
2007 4 2 77 16.8506 0.00924393 5.65569 137 67 1
2007 5 2 77 0.489139 0.00925926 4.83714 7 4 0
2007 6 2 77 12.9623 0.0103878 5.61889 18 15 0
2007 7 2 77 60.929 0.0105129 5.46667 285 148 8
2007 8 2 77 0 0 5.62131 0 0 0
2007 9 2 77 3.38226 0.00487805 4.91773 22 2 0
2007 1 1 78 14.8592 0.00454158 5.96302 126 16 11
2007 2 1 78 0.785374 0.00144718 5.71649 0 1 0
2007 3 1 78 0 0 6.165 2 0 0
2007 4 1 78 9.05405 0.00496689 5.73833 48 36 0
2007 5 1 78 0.122285 0.00231481 4.9 2 1 0
2007 6 1 78 1.7283 0.00138504 5.5 12 2 0
2007 7 1 78 16.0556 0.00277028 5.48558 113 39 1
2007 8 1 78 0 0 5.71649 0 0 0
2007 9 1 78 5.07339 0.00731707 5.448 10 3 0
2007 1 2 78 21.3601 0.00652853 6.33561 148 23 10
2007 2 2 78 3.14149 0.00578871 5.82358 0 4 0
2007 3 2 78 0 0 5.775 6 0 0
2007 4 2 78 17.3536 0.00951987 5.65417 115 69 1
2007 5 2 78 0.489139 0.00925926 5.27 6 4 0
2007 6 2 78 9.50567 0.00761773 5.54214 14 11 0
2007 7 2 78 40.7566 0.00703225 5.63845 226 99 2
2007 8 2 78 0 0 5.82358 0 0 0
2007 9 2 78 6.76451 0.0097561 5.44 18 4 0
2007 1 1 79 9.28699 0.00283849 6.35391 115 10 16
2007 2 1 79 2.35612 0.00434153 5.975 0 3 0
2007 3 1 79 3.42559 0.00699301 5.01667 3 1 0
2007 4 1 79 4.77853 0.00262141 6.00263 38 19 1
2007 5 1 79 0.122285 0.00231481 4.69 1 1 0
2007 6 1 79 3.45661 0.00277008 5.562 5 4 0
2007 7 1 79 19.3491 0.00333854 5.67425 106 47 1
2007 8 1 79 0 0 6.22 1 0 0
2007 9 1 79 3.38226 0.00487805 5.22333 9 2 0
2007 1 2 79 13.0018 0.00397389 6.53468 139 14 12
2007 2 2 79 1.57075 0.00289436 6.03316 0 2 0
2007 3 2 79 0 0 6.2 3 0 0
2007 4 2 79 11.8206 0.00648455 5.9799 104 47 3
2007 5 2 79 0.489139 0.00925926 6.025 4 4 0
2007 6 2 79 6.91322 0.00554017 5.678 10 8 0
2007 7 2 79 36.2281 0.00625089 5.7851 206 88 3
2007 8 2 79 0 0 6.03316 0 0 0
2007 9 2 79 8.45564 0.0121951 5.67643 28 5 0
2007 1 1 80 6.50089 0.00198694 6.5832 103 7 13
2007 2 1 80 1.57075 0.00289436 6.33229 0 2 0
2007 3 1 80 3.42559 0.00699301 6.33229 0 1 0
2007 4 1 80 4.65278 0.00255243 6.58333 36 18.5 0
2007 5 1 80 0 0 6.33229 0 0 0
2007 6 1 80 0.864152 0.000692521 6.184 5 1 0
2007 7 1 80 21.4075 0.00369371 5.98678 87 52 2
2007 8 1 80 0 0 6.33229 0 0 0
2007 9 1 80 0 0 6.04071 14 0 0
2007 1 2 80 13.9305 0.00425773 6.83492 132 15 18
2007 2 2 80 0.785374 0.00144718 6.38746 0 1 0
2007 3 2 80 0 0 6.73333 3 0 0
2007 4 2 80 12.4493 0.00682947 6.54084 83 49.5 1
2007 5 2 80 0.366854 0.00694444 5.856 5 3 0
2007 6 2 80 5.18491 0.00415512 5.67077 13 6 0
2007 7 2 80 32.1112 0.00554056 6.13049 206 78 1
2007 8 2 80 0 0 6.38746 0 0 0
2007 9 2 80 1.69113 0.00243902 5.94722 18 1 0
2007 1 1 81 5.57219 0.00170309 7.00177 96 6 14
2007 2 1 81 0 0 6.63177 0 0 0
2007 3 1 81 0 0 6.315 4 0 0
2007 4 1 81 3.52102 0.00193157 6.79469 32 14 0
2007 5 1 81 0.366854 0.00694444 5.175 2 3 0
2007 6 1 81 0.864152 0.000692521 5.97 3 1 0
2007 7 1 81 16.879 0.00291235 5.9364 50 41 0
2007 8 1 81 0 0 6.63177 0 0 0
2007 9 1 81 1.69113 0.00243902 6.672 5 1 0
2007 1 2 81 15.7879 0.00482543 7.0569 100 17 15
2007 2 2 81 1.57075 0.00289436 6.67109 0 2 0
2007 3 2 81 0 0 6.085 2 0 0
2007 4 2 81 9.30555 0.00510486 6.65031 65 37 0
2007 5 2 81 0.24457 0.00462963 5.75 2 2 0
2007 6 2 81 1.7283 0.00138504 6.25 9 2 0
2007 7 2 81 25.936 0.00447507 6.547 160 63 5
2007 8 2 81 0 0 6.67109 0 0 0
2007 9 2 81 1.69113 0.00243902 6.1425 20 1 0
2007 1 1 82 8.35829 0.00255464 7.14808 73 9 14
2007 2 1 82 0 0 6.86335 0 0 0
2007 3 1 82 3.42559 0.00699301 7.1 1 1 0
2007 4 1 82 2.76652 0.00151766 7.09696 23 11 1
2007 5 1 82 0 0 6.86335 0 0 0
2007 6 1 82 0 0 6.624 5 0 0
2007 7 1 82 12.7622 0.00220202 6.38979 47 31 2
2007 8 1 82 0 0 6.86335 0 0 0
2007 9 1 82 0 0 6.37333 6 0 0
2007 1 2 82 11.1444 0.00340619 7.33839 118 12 12
2007 2 2 82 0 0 6.93088 0 0 0
2007 3 2 82 6.85118 0.013986 7.4 5 2 0
2007 4 2 82 4.77853 0.00262141 6.85733 45 19 1
2007 5 2 82 0.24457 0.00462963 6 2 2 0
2007 6 2 82 3.45661 0.00277008 6.33091 11 4 0
2007 7 2 82 22.6425 0.0039068 6.75737 133 55 1
2007 8 2 82 0 0 6.93088 0 0 0
2007 9 2 82 5.07339 0.00731707 5.81786 14 3 0
2007 1 1 83 3.7148 0.0011354 7.31047 85 4 14
2007 2 1 83 0 0 7.00455 0 0 0
2007 3 1 83 0 0 7.00455 0 0 0
2007 4 1 83 1.76051 0.000965784 6.92 17 7 0
2007 5 1 83 0.122285 0.00231481 7.00455 0 1 0
2007 6 1 83 0 0 7.00455 0 0 0
2007 7 1 83 12.1446 0.00209547 6.4425 48 29.5 0
2007 8 1 83 0 0 7.00455 0 0 0
2007 9 1 83 1.69113 0.00243902 7.40667 6 1 0
2007 1 2 83 11.1444 0.00340619 7.78292 106 12 13
2007 2 2 83 0.785374 0.00144718 7.30742 0 1 0
2007 3 2 83 0 0 8 2 0 0
2007 4 2 83 4.02402 0.00220751 7.075 52 16 0
2007 5 2 83 0.24457 0.00462963 7.30742 0 2 0
2007 6 2 83 5.18491 0.00415512 6.90375 8 6 0
2007 7 2 83 19.9666 0.00344509 7.07031 131 48.5 1
2007 8 2 83 0 0 7.30742 0 0 0
2007 9 2 83 3.38226 0.00487805 6.81545 11 2 0
2007 1 1 84 6.50089 0.00198694 7.65526 76 7 18
2007 2 1 84 0 0 7.35594 0 0 0
2007 3 1 84 0 0 6.3 1 0 0
2007 4 1 84 2.51501 0.00137969 7.045 12 10 0
2007 5 1 84 0 0 7.35594 0 0 0
2007 6 1 84 0.864152 0.000692521 7.26 4 1 0
2007 7 1 84 9.67454 0.00166927 6.92385 39 23.5 2
2007 8 1 84 0 0 7.35594 0 0 0
2007 9 1 84 1.69113 0.00243902 6.63 1 1 0
2007 1 2 84 9.28699 0.00283849 8.09634 82 10 11
2007 2 2 84 3.14149 0.00578871 7.43707 0 4 0
2007 3 2 84 0 0 8.7 1 0 0
2007 4 2 84 7.54504 0.00413907 7.07463 41 30 0
2007 5 2 84 0.366854 0.00694444 6.58333 3 3 0
2007 6 2 84 5.18491 0.00415512 6.73667 6 6 0
2007 7 2 84 21.2017 0.00365819 7.14317 104 51.5 1
2007 8 2 84 0 0 7.43707 0 0 0
2007 9 2 84 1.69113 0.00243902 7.17583 12 1 0
2007 1 1 85 3.7148 0.0011354 8.06718 71 4 13
2007 2 1 85 0.785374 0.00144718 7.58203 0 1 0
2007 3 1 85 0 0 7.58203 0 0 0
2007 4 1 85 2.26351 0.00124172 6.50308 13 9 0
2007 5 1 85 0.122285 0.00231481 7.58203 0 1 0
2007 6 1 85 0 0 6.2 2 0 0
2007 7 1 85 9.67454 0.00166927 7.12872 39 23.5 1
2007 8 1 85 0 0 7.58203 0 0 0
2007 9 1 85 0 0 7.59 3 0 0
2007 1 2 85 6.50089 0.00198694 8.25485 101 7 12
2007 2 2 85 0.785374 0.00144718 7.76333 0 1 0
2007 3 2 85 0 0 8.775 2 0 0
2007 4 2 85 5.78453 0.00317329 7.51737 38 23 0
2007 5 2 85 0 0 7.52 4 0 0
2007 6 2 85 1.7283 0.00138504 6.69818 11 2 0
2007 7 2 85 20.3783 0.00351612 7.45628 86 49.5 2
2007 8 2 85 0 0 7.76333 0 0 0
2007 9 2 85 1.69113 0.00243902 7.30286 7 1 0
2007 1 1 86 5.57219 0.00170309 8.40018 57 6 9
2007 2 1 86 0 0 7.95161 0 0 0
2007 3 1 86 0 0 7.95161 0 0 0
2007 4 1 86 1.76051 0.000965784 7.59875 8 7 1
2007 5 1 86 0.122285 0.00231481 7.4 1 1 0
2007 6 1 86 0 0 7.95161 0 0 0
2007 7 1 86 6.58692 0.00113653 7.07667 24 16 1
2007 8 1 86 0 0 7.95161 0 0 0
2007 9 1 86 0 0 7.55333 3 0 0
2007 1 2 86 6.50089 0.00198694 8.68037 82 7 10
2007 2 2 86 0 0 8.12689 0 0 0
2007 3 2 86 0 0 7.8 1 0 0
2007 4 2 86 4.27552 0.00234547 8.15297 37 17 1
2007 5 2 86 0.24457 0.00462963 7.65 1 2 0
2007 6 2 86 2.59246 0.00207756 7.59167 6 3 0
2007 7 2 86 12.7622 0.00220202 7.73362 69 31 0
2007 8 2 86 0 0 8.12689 0 0 0
2007 9 2 86 1.69113 0.00243902 6.95769 13 1 0
2007 1 1 87 2.7861 0.000851547 8.71209 43 3 8
2007 2 1 87 0 0 8.29077 0 0 0
2007 3 1 87 0 0 8.29077 0 0 0
2007 4 1 87 1.00601 0.000551876 7.32091 11 4 0
2007 5 1 87 0.122285 0.00231481 7.5 2 1 0
2007 6 1 87 0 0 7.35 1 0 0
2007 7 1 87 5.35187 0.000923427 8.05619 21 13 1
2007 8 1 87 0 0 8.29077 0 0 0
2007 9 1 87 0 0 8.29077 0 0 0
2007 1 2 87 12.0731 0.00369004 9.08211 76 13 13
2007 2 2 87 0 0 8.46668 0 0 0
2007 3 2 87 0 0 8.6 2 0 0
2007 4 2 87 3.26952 0.0017936 8.31219 32 13 1
2007 5 2 87 0.366854 0.00694444 6.53333 3 3 0
2007 6 2 87 3.45661 0.00277008 7.295 10 4 0
2007 7 2 87 13.1738 0.00227305 8.24828 64 32 2
2007 8 2 87 0 0 5.71 1 0 0
2007 9 2 87 3.38226 0.00487805 7.48625 8 2 0
2007 1 1 88 2.7861 0.000851547 9.10717 53 3 9
2007 2 1 88 0 0 8.7304 0 0 0
2007 3 1 88 0 0 8.4 1 0 0
2007 4 1 88 2.01201 0.00110375 8.842 5 8 1
2007 5 1 88 0 0 8.7304 0 0 0
2007 6 1 88 0 0 7.4 1 0 0
2007 7 1 88 6.17524 0.00106549 7.48143 14 15 1
2007 8 1 88 0 0 8.7304 0 0 0
2007 9 1 88 0 0 7.35 1 0 0
2007 1 2 88 5.57219 0.00170309 9.45307 75 6 13
2007 2 2 88 0 0 8.73528 0 0 0
2007 3 2 88 0 0 9.8 1 0 0
2007 4 2 88 2.01201 0.00110375 8.53389 18 8 0
2007 5 2 88 0 0 8.37 1 0 0
2007 6 2 88 2.59246 0.00207756 8.17 4 3 0
2007 7 2 88 14.4089 0.00248615 8.16 69 35 1
2007 8 2 88 0 0 8.73528 0 0 0
2007 9 2 88 0 0 7.61625 8 0 0
2007 1 1 89 0.928699 0.000283849 9.27712 52 1 9
2007 2 1 89 0 0 8.90973 0 0 0
2007 3 1 89 0 0 8.90973 0 0 0
2007 4 1 89 0.754504 0.000413907 8.29 4 3 0
2007 5 1 89 0 0 8.90973 0 0 0
2007 6 1 89 0 0 7.5 1 0 0
2007 7 1 89 7.41029 0.00127859 7.7 14 18 1
2007 8 1 89 0 0 8.90973 0 0 0
2007 9 1 89 0 0 9.77 2 0 0
2007 1 2 89 6.50089 0.00198694 10.1965 63 7 9
2007 2 2 89 0.785374 0.00144718 9.2269 0 1 0
2007 3 2 89 0 0 9.2269 0 0 0
2007 4 2 89 2.76652 0.00151766 8.47722 18 11 0
2007 5 2 89 0.122285 0.00231481 5.51 1 1 0
2007 6 2 89 1.7283 0.00138504 10.46 1 2 0
2007 7 2 89 16.4673 0.00284131 8.57283 53 40 0
2007 8 2 89 0 0 9.2269 0 0 0
2007 9 2 89 1.69113 0.00243902 8.06667 9 1 0
2007 1 1 90 2.7861 0.000851547 9.71667 33 3 9
2007 2 1 90 0 0 9.14642 0 0 0
2007 3 1 90 0 0 9.14642 0 0 0
2007 4 1 90 1.25751 0.000689845 9.2075 4 5 0
2007 5 1 90 0 0 9.14642 0 0 0
2007 6 1 90 0 0 8.225 4 0 0
2007 7 1 90 5.55772 0.000958943 7.78 11 13.5 0
2007 8 1 90 0 0 9.14642 0 0 0
2007 9 1 90 0 0 8.8 1 0 0
2007 1 2 90 7.42959 0.00227079 10.3244 70 8 12
2007 2 2 90 0 0 9.53845 0 0 0
2007 3 2 90 0 0 10.5 1 0 0
2007 4 2 90 3.52102 0.00193157 8.845 14 14 1
2007 5 2 90 0.122285 0.00231481 10.72 2 1 0
2007 6 2 90 1.7283 0.00138504 8.47 1 2 0
2007 7 2 90 10.4979 0.00181134 8.83731 52 25.5 2
2007 8 2 90 0 0 9.53845 0 0 0
2007 9 2 90 3.38226 0.00487805 8.15 8 2 0
2007 1 1 91 1.8574 0.000567698 10.1657 30 2 7
2007 2 1 91 0 0 9.69111 0 0 0
2007 3 1 91 0 0 9.69111 0 0 0
2007 4 1 91 1.00601 0.000551876 8.2075 4 4 0
2007 5 1 91 0 0 9.15 1 0 0
2007 6 1 91 0 0 10.2 2 0 0
2007 7 1 91 4.52851 0.000781361 9.07 16 11 0
2007 8 1 91 0 0 9.69111 0 0 0
2007 9 1 91 0 0 10.85 1 0 0
2007 1 2 91 7.42959 0.00227079 10.7082 55 8 12
2007 2 2 91 0 0 9.91614 0 0 0
2007 3 2 91 0 0 9.91614 0 0 0
2007 4 2 91 3.26952 0.0017936 9.39067 15 13 0
2007 5 2 91 0.24457 0.00462963 9.25 2 2 0
2007 6 2 91 0 0 8.57 1 0 0
2007 7 2 91 12.3505 0.00213098 9.38604 48 30 0
2007 8 2 91 0 0 9.91614 0 0 0
2007 9 2 91 0 0 8.65667 6 0 0
2007 1 1 92 3.7148 0.0011354 10.2432 38 4 11
2007 2 1 92 0 0 10.0056 0 0 0
2007 3 1 92 0 0 10.0056 0 0 0
2007 4 1 92 1.76051 0.000965784 11.73 1 7 0
2007 5 1 92 0.122285 0.00231481 10.0056 0 1 0
2007 6 1 92 0 0 8.88 1 0 0
2007 7 1 92 4.32267 0.000745845 8.90333 9 10.5 0
2007 8 1 92 0 0 10.0056 0 0 0
2007 9 1 92 0 0 10.3 1 0 0
2007 1 2 92 4.64349 0.00141924 11.0743 42 5 8
2007 2 2 92 0 0 10.1734 0 0 0
2007 3 2 92 0 0 10.1734 0 0 0
2007 4 2 92 3.01802 0.00165563 9.50364 11 12 0
2007 5 2 92 0 0 10.1734 0 0 0
2007 6 2 92 0.864152 0.000692521 8.8775 4 1 0
2007 7 2 92 8.02781 0.00138514 9.63091 33 19.5 0
2007 8 2 92 0 0 10.1734 0 0 0
2007 9 2 92 0 0 6.48 2 0 0
2007 1 1 93 1.8574 0.000567698 10.5674 27 2 7
2007 2 1 93 0 0 10.2116 0 0 0
2007 3 1 93 0 0 10.2116 0 0 0
2007 4 1 93 1.25751 0.000689845 6.99 1 5 0
2007 5 1 93 0 0 10.2116 0 0 0
2007 6 1 93 0 0 10.2116 0 0 0
2007 7 1 93 6.38108 0.00110101 9.87467 15 15.5 1
2007 8 1 93 0 0 10.2116 0 0 0
2007 9 1 93 0 0 8.88 1 0 0
2007 1 2 93 5.57219 0.00170309 11.5455 51 6 15
2007 2 2 93 0 0 10.8292 0 0 0
2007 3 2 93 0 0 10.8292 0 0 0
2007 4 2 93 2.76652 0.00151766 9.74 12 11 0
2007 5 2 93 0.24457 0.00462963 9.6 1 2 0
2007 6 2 93 0.864152 0.000692521 9.5 1 1 0
2007 7 2 93 8.02781 0.00138514 10.2119 27 19.5 0
2007 8 2 93 0 0 10.8292 0 0 0
2007 9 2 93 1.69113 0.00243902 9.982 5 1 0
2007 1 1 94 2.7861 0.000851547 10.6538 24 3 9
2007 2 1 94 0 0 10.0734 0 0 0
2007 3 1 94 0 0 9 1 0 0
2007 4 1 94 0.503003 0.000275938 10.0734 0 2 0
2007 5 1 94 0 0 10.0734 0 0 0
2007 6 1 94 0 0 10.0734 0 0 0
2007 7 1 94 5.55772 0.000958943 8.788 10 13.5 1
2007 8 1 94 0 0 10.0734 0 0 0
2007 9 1 94 0 0 10.0734 0 0 0
2007 1 2 94 5.57219 0.00170309 11.7495 43 6 9
2007 2 2 94 0 0 11.1597 0 0 0
2007 3 2 94 0 0 11.1597 0 0 0
2007 4 2 94 3.26952 0.0017936 11.1822 9 13 0
2007 5 2 94 0 0 11.1597 0 0 0
2007 6 2 94 0 0 9.49 1 0 0
2007 7 2 94 10.0862 0.0017403 10.1642 24 24.5 0
2007 8 2 94 0 0 11.1597 0 0 0
2007 9 2 94 0 0 11.1597 0 0 0
2007 1 1 95 0.928699 0.000283849 11.1361 23 1 7
2007 2 1 95 0 0 11.07 0 0 0
2007 3 1 95 0 0 11.07 0 0 0
2007 4 1 95 1.00601 0.000551876 11.07 0 4 0
2007 5 1 95 0 0 11.07 0 0 0
2007 6 1 95 0 0 9.8 1 0 0
2007 7 1 95 4.32267 0.000745845 10.945 2 10.5 0
2007 8 1 95 0 0 11.07 0 0 0
2007 9 1 95 0 0 11.07 0 0 0
2007 1 2 95 3.7148 0.0011354 12.1386 37 4 9
2007 2 2 95 0 0 11.2665 0 0 0
2007 3 2 95 0 0 11.2665 0 0 0
2007 4 2 95 1.50901 0.000827815 10.7157 7 6 0
2007 5 2 95 0 0 9.21 2 0 0
2007 6 2 95 0.864152 0.000692521 11.2665 0 1 0
2007 7 2 95 9.26286 0.00159824 10.3055 22 22.5 0
2007 8 2 95 0 0 11.2665 0 0 0
2007 9 2 95 0 0 10.2133 3 0 0
2007 1 1 96 0 0 11.3673 22 0 9
2007 2 1 96 0 0 11.2211 0 0 0
2007 3 1 96 0 0 11.2211 0 0 0
2007 4 1 96 0.754504 0.000413907 11.2211 0 3 0
2007 5 1 96 0 0 11.2211 0 0 0
2007 6 1 96 0 0 11.2211 0 0 0
2007 7 1 96 2.4701 0.000426197 10.7567 3 6 1
2007 8 1 96 0 0 11.2211 0 0 0
2007 9 1 96 0 0 10.31 2 0 0
2007 1 2 96 1.8574 0.000567698 12.4559 32 2 9
2007 2 2 96 0 0 11.7376 0 0 0
2007 3 2 96 0 0 11.7376 0 0 0
2007 4 2 96 3.52102 0.00193157 11.1989 9 14 0
2007 5 2 96 0 0 11.7376 0 0 0
2007 6 2 96 0 0 11.7376 0 0 0
2007 7 2 96 8.23365 0.00142066 10.7762 16 20 1
2007 8 2 96 0 0 11.7376 0 0 0
2007 9 2 96 3.38226 0.00487805 8.98 1 2 0
2007 1 1 97 1.8574 0.000567698 11.6362 16 2 7
2007 2 1 97 0 0 11.6359 0 0 0
2007 3 1 97 0 0 11.6359 0 0 0
2007 4 1 97 0.503003 0.000275938 11.6359 0 2 0
2007 5 1 97 0 0 11.6359 0 0 0
2007 6 1 97 0 0 11.6359 0 0 0
2007 7 1 97 2.88178 0.00049723 11.808 5 7 0
2007 8 1 97 0 0 11.6359 0 0 0
2007 9 1 97 0 0 10.77 1 0 0
2007 1 2 97 5.57219 0.00170309 13.047 43 6 10
2007 2 2 97 0 0 12.4019 0 0 0
2007 3 2 97 0 0 12.4019 0 0 0
2007 4 2 97 3.01802 0.00165563 11.288 5 12 0
2007 5 2 97 0 0 12.4019 0 0 0
2007 6 2 97 0 0 10.15 1 0 0
2007 7 2 97 6.58692 0.00113653 11.2956 18 16 0
2007 8 2 97 0 0 12.4019 0 0 0
2007 9 2 97 1.69113 0.00243902 12.4019 0 1 0
2007 1 1 98 0 0 12.6232 19 0 7
2007 2 1 98 0 0 12.3952 0 0 0
2007 3 1 98 0 0 12.3952 0 0 0
2007 4 1 98 1.00601 0.000551876 10.43 1 4 0
2007 5 1 98 0 0 12.3952 0 0 0
2007 6 1 98 0 0 12.3952 0 0 0
2007 7 1 98 3.29346 0.000568263 11.6067 3 8 0
2007 8 1 98 0 0 12.3952 0 0 0
2007 9 1 98 0 0 12.3952 0 0 0
2007 1 2 98 2.7861 0.000851547 13.4104 27 3 6
2007 2 2 98 0 0 12.3612 0 0 0
2007 3 2 98 0 0 12.3612 0 0 0
2007 4 2 98 2.26351 0.00124172 9.49 1 9 0
2007 5 2 98 0 0 12.3612 0 0 0
2007 6 2 98 0 0 11.43 1 0 0
2007 7 2 98 9.05702 0.00156272 10.6715 13 22 0
2007 8 2 98 0 0 12.3612 0 0 0
2007 9 2 98 0 0 9.8 1 0 0
2007 1 1 99 0 0 11.5992 12 0 7
2007 2 1 99 0 0 11.3433 0 0 0
2007 3 1 99 0 0 11.3433 0 0 0
2007 4 1 99 0.754504 0.000413907 10.2 1 3 0
2007 5 1 99 0 0 11.3433 0 0 0
2007 6 1 99 0 0 12.76 1 0 0
2007 7 1 99 3.70514 0.000639295 10.5075 4 9 0
2007 8 1 99 0 0 11.3433 0 0 0
2007 9 1 99 0 0 11.3433 0 0 0
2007 1 2 99 0.928699 0.000283849 13.5333 30 1 8
2007 2 2 99 0 0 13.3545 0 0 0
2007 3 2 99 0 0 13.3545 0 0 0
2007 4 2 99 2.76652 0.00151766 13.6075 4 11 1
2007 5 2 99 0 0 13.3545 0 0 0
2007 6 2 99 0 0 13.3545 0 0 0
2007 7 2 99 7.41029 0.00127859 12.76 5 18 0
2007 8 2 99 0 0 13.3545 0 0 0
2007 9 2 99 0 0 9.95 1 0 0
2007 1 1 100 0.928699 0.000283849 12.8493 15 1 5
2007 2 1 100 0 0 12.7622 0 0 0
2007 3 1 100 0 0 12.7622 0 0 0
2007 4 1 100 0.503003 0.000275938 13.1 1 2 0
2007 5 1 100 0 0 12.7622 0 0 0
2007 6 1 100 0 0 12.7622 0 0 0
2007 7 1 100 0.411683 7.10328e-05 11.94 2 1 0
2007 8 1 100 0 0 12.7622 0 0 0
2007 9 1 100 0 0 12.7622 0 0 0
2007 1 2 100 2.7861 0.000851547 14.1312 26 3 9
2007 2 2 100 0 0 13.6041 0 0 0
2007 3 2 100 0 0 13.6041 0 0 0
2007 4 2 100 2.26351 0.00124172 10.2 1 9 0
2007 5 2 100 0 0 10.7 1 0 0
2007 6 2 100 1.7283 0.00138504 11.84 1 2 0
2007 7 2 100 5.35187 0.000923427 13.0671 7 13 0
2007 8 2 100 0 0 13.6041 0 0 0
2007 9 2 100 1.69113 0.00243902 11.73 1 1 0
2007 1 1 101 0 0 13.7686 7 0 0
2007 2 1 101 0 0 13.36 0 0 0
2007 3 1 101 0 0 13.36 0 0 0
2007 4 1 101 0 0 13.36 0 0 0
2007 5 1 101 0 0 13.36 0 0 0
2007 6 1 101 0 0 13.36 0 0 0
2007 7 1 101 0.823365 0.000142066 10.5 1 2 0
2007 8 1 101 0 0 13.36 0 0 0
2007 9 1 101 0 0 13.36 0 0 0
2007 1 2 101 2.7861 0.000851547 15.0691 22 3 8
2007 2 2 101 0 0 14.2925 0 0 0
2007 3 2 101 0 0 14.2925 0 0 0
2007 4 2 101 0.251501 0.000137969 14.2925 0 1 0
2007 5 2 101 0 0 14.2925 0 0 0
2007 6 2 101 0 0 14.2925 0 0 0
2007 7 2 101 6.17524 0.00106549 12.584 10 15 0
2007 8 2 101 0 0 14.2925 0 0 0
2007 9 2 101 0 0 14.2925 0 0 0
2007 1 1 102 0 0 11.775 2 0 1
2007 2 1 102 0 0 11.76 0 0 0
2007 3 1 102 0 0 11.76 0 0 0
2007 4 1 102 0 0 11.73 1 0 0
2007 5 1 102 0 0 11.76 0 0 0
2007 6 1 102 0 0 11.76 0 0 0
2007 7 1 102 0.411683 7.10328e-05 11.76 0 1 0
2007 8 1 102 0 0 11.76 0 0 0
2007 9 1 102 0 0 11.76 0 0 0
2007 1 2 102 1.8574 0.000567698 14.6223 22 2 8
2007 2 2 102 0 0 14.4433 0 0 0
2007 3 2 102 0 0 14.4433 0 0 0
2007 4 2 102 0.251501 0.000137969 14.35 2 1 0
2007 5 2 102 0 0 14.4433 0 0 0
2007 6 2 102 0 0 14.4433 0 0 0
2007 7 2 102 2.05841 0.000355164 13.055 2 5 0
2007 8 2 102 0 0 14.4433 0 0 0
2007 9 2 102 0 0 13.47 1 0 0
2007 1 1 103 0 0 14.4917 6 0 2
2007 2 1 103 0 0 14.0243 0 0 0
2007 3 1 103 0 0 14.0243 0 0 0
2007 4 1 103 0 0 14.0243 0 0 0
2007 5 1 103 0 0 14.0243 0 0 0
2007 6 1 103 0 0 14.0243 0 0 0
2007 7 1 103 1.64673 0.000284131 11.22 1 4 0
2007 8 1 103 0 0 14.0243 0 0 0
2007 9 1 103 0 0 14.0243 0 0 0
2007 1 2 103 2.7861 0.000851547 15.8867 15 3 6
2007 2 2 103 0 0 15.4547 0 0 0
2007 3 2 103 0 0 15.4547 0 0 0
2007 4 2 103 0 0 15.4547 0 0 0
2007 5 2 103 0 0 15.4547 0 0 0
2007 6 2 103 0 0 15.4547 0 0 0
2007 7 2 103 2.88178 0.00049723 13.835 4 7 0
2007 8 2 103 0 0 15.4547 0 0 0
2007 9 2 103 0 0 15.4547 0 0 0
2007 1 1 104 0 0 13.67 1 0 0
2007 2 1 104 0 0 13.47 0 0 0
2007 3 1 104 0 0 13.47 0 0 0
2007 4 1 104 0.503003 0.000275938 13.47 0 2 0
2007 5 1 104 0 0 13.47 0 0 0
2007 6 1 104 0 0 13.47 0 0 0
2007 7 1 104 0 0 13.27 1 0 0
2007 8 1 104 0 0 13.47 0 0 0
2007 9 1 104 0 0 13.47 0 0 0
2007 1 2 104 1.8574 0.000567698 15.207 10 2 2
2007 2 2 104 0 0 14.351 0 0 0
2007 3 2 104 0 0 14.351 0 0 0
2007 4 2 104 0.754504 0.000413907 13.06 1 3 0
2007 5 2 104 0 0 10 1 0 0
2007 6 2 104 0 0 11.43 1 0 0
2007 7 2 104 3.70514 0.000639295 14.3514 7 9 0
2007 8 2 104 0 0 14.351 0 0 0
2007 9 2 104 0 0 14.351 0 0 0
2007 1 1 105 0 0 13.3 1 0 1
2007 2 1 105 0 0 12.62 0 0 0
2007 3 1 105 0 0 12.62 0 0 0
2007 4 1 105 0 0 12.62 0 0 0
2007 5 1 105 0 0 12.62 0 0 0
2007 6 1 105 0 0 11.94 1 0 0
2007 7 1 105 0 0 12.62 0 0 0
2007 8 1 105 0 0 12.62 0 0 0
2007 9 1 105 0 0 12.62 0 0 0
2007 1 2 105 0.928699 0.000283849 15.3722 9 1 3
2007 2 2 105 0 0 15.2277 0 0 0
2007 3 2 105 0 0 15.2277 0 0 0
2007 4 2 105 0.251501 0.000137969 15.2277 0 1 0
2007 5 2 105 0 0 15.2277 0 0 0
2007 6 2 105 0 0 15.2277 0 0 0
2007 7 2 105 2.05841 0.000355164 15.8033 3 5 0
2007 8 2 105 0 0 12.2 1 0 0
2007 9 2 105 0 0 15.2277 0 0 0
2007 1 1 106 0 0 16.28 0 0 0
2007 2 1 106 0 0 16.28 0 0 0
2007 3 1 106 0 0 16.28 0 0 0
2007 4 1 106 0 0 16.28 0 0 0
2007 5 1 106 0 0 16.28 0 0 0
2007 6 1 106 0 0 16.28 0 0 0
2007 7 1 106 0 0 16.28 0 0 0
2007 8 1 106 0 0 16.28 0 0 0
2007 9 1 106 0 0 16.28 0 0 0
2007 1 2 106 0 0 16.3444 9 0 6
2007 2 2 106 0 0 16.28 0 0 0
2007 3 2 106 0 0 16.28 0 0 0
2007 4 2 106 0 0 16.28 0 0 0
2007 5 2 106 0 0 16.28 0 0 0
2007 6 2 106 0 0 16.28 0 0 0
2007 7 2 106 0.823365 0.000142066 15.7 1 2 0
2007 8 2 106 0 0 16.28 0 0 0
2007 9 2 106 0 0 16.28 0 0 0
2007 1 1 107 0 0 16.3 1 0 0
2007 2 1 107 0 0 16.3 0 0 0
2007 3 1 107 0 0 16.3 0 0 0
2007 4 1 107 0 0 16.3 0 0 0
2007 5 1 107 0 0 16.3 0 0 0
2007 6 1 107 0 0 16.3 0 0 0
2007 7 1 107 0 0 16.3 0 0 0
2007 8 1 107 0 0 16.3 0 0 0
2007 9 1 107 0 0 16.3 0 0 0
2007 1 2 107 0 0 16.2429 7 0 3
2007 2 2 107 0 0 15.8325 0 0 0
2007 3 2 107 0 0 15.8325 0 0 0
2007 4 2 107 0.251501 0.000137969 15.8325 0 1 0
2007 5 2 107 0 0 15.8325 0 0 0
2007 6 2 107 0 0 15.8325 0 0 0
2007 7 2 107 0.411683 7.10328e-05 12.96 1 1 0
2007 8 2 107 0 0 15.8325 0 0 0
2007 9 2 107 0 0 15.8325 0 0 0
2007 1 1 108 0 0 15.82 1 0 0
2007 2 1 108 0 0 15.82 0 0 0
2007 3 1 108 0 0 15.82 0 0 0
2007 4 1 108 0 0 15.82 0 0 0
2007 5 1 108 0 0 15.82 0 0 0
2007 6 1 108 0 0 15.82 0 0 0
2007 7 1 108 0.411683 7.10328e-05 15.82 0 1 0
2007 8 1 108 0 0 15.82 0 0 0
2007 9 1 108 0 0 15.82 0 0 0
2007 1 2 108 0 0 15.366 5 0 1
2007 2 2 108 0 0 15.6617 0 0 0
2007 3 2 108 0 0 15.6617 0 0 0
2007 4 2 108 0.251501 0.000137969 15.6617 0 1 0
2007 5 2 108 0 0 15.6617 0 0 0
2007 6 2 108 0 0 15.6617 0 0 0
2007 7 2 108 0.411683 7.10328e-05 17.14 1 1 0
2007 8 2 108 0 0 15.6617 0 0 0
2007 9 2 108 0 0 15.6617 0 0 0
2007 1 1 109 0 0 14.5 1 0 0
2007 2 1 109 0 0 14.5 0 0 0
2007 3 1 109 0 0 14.5 0 0 0
2007 4 1 109 0 0 14.5 0 0 0
2007 5 1 109 0 0 14.5 0 0 0
2007 6 1 109 0 0 14.5 0 0 0
2007 7 1 109 0 0 14.5 0 0 0
2007 8 1 109 0 0 14.5 0 0 0
2007 9 1 109 0 0 14.5 0 0 0
2007 1 2 109 0 0 16.0971 7 0 4
2007 2 2 109 0 0 15.8538 0 0 0
2007 3 2 109 0 0 15.8538 0 0 0
2007 4 2 109 0.251501 0.000137969 15.8538 0 1 0
2007 5 2 109 0 0 14.15 1 0 0
2007 6 2 109 0 0 15.8538 0 0 0
2007 7 2 109 0.823365 0.000142066 15.8538 0 2 0
2007 8 2 109 0 0 15.8538 0 0 0
2007 9 2 109 0 0 15.8538 0 0 0
2007 1 1 110 0 0 16.754 0 0 0
2007 2 1 110 0 0 16.754 0 0 0
2007 3 1 110 0 0 16.754 0 0 0
2007 4 1 110 0 0 16.754 0 0 0
2007 5 1 110 0 0 16.754 0 0 0
2007 6 1 110 0 0 16.754 0 0 0
2007 7 1 110 0 0 16.754 0 0 0
2007 8 1 110 0 0 16.754 0 0 0
2007 9 1 110 0 0 16.754 0 0 0
2007 1 2 110 0 0 16.9833 3 0 1
2007 2 2 110 0 0 16.754 0 0 0
2007 3 2 110 0 0 16.754 0 0 0
2007 4 2 110 0.251501 0.000137969 16.754 0 1 0
2007 5 2 110 0 0 16.754 0 0 0
2007 6 2 110 0 0 16.754 0 0 0
2007 7 2 110 0.411683 7.10328e-05 16.41 2 1 0
2007 8 2 110 0 0 16.754 0 0 0
2007 9 2 110 0 0 16.754 0 0 0
2007 1 1 111 0 0 18 0 0 0
2007 2 1 111 0 0 18 0 0 0
2007 3 1 111 0 0 18 0 0 0
2007 4 1 111 0 0 18 0 0 0
2007 5 1 111 0 0 18 0 0 0
2007 6 1 111 0 0 18 0 0 0
2007 7 1 111 0 0 18 0 0 0
2007 8 1 111 0 0 18 0 0 0
2007 9 1 111 0 0 18 0 0 0
2007 1 2 111 0 0 18 1 0 0
2007 2 2 111 0 0 18 0 0 0
2007 3 2 111 0 0 18 0 0 0
2007 4 2 111 0 0 18 0 0 0
2007 5 2 111 0 0 18 0 0 0
2007 6 2 111 0 0 18 0 0 0
2007 7 2 111 0.411683 7.10328e-05 18 0 1 0
2007 8 2 111 0 0 18 0 0 0
2007 9 2 111 0 0 18 0 0 0
2007 1 1 112 0 0 0 0 0 0
2007 2 1 112 0 0 0 0 0 0
2007 3 1 112 0 0 0 0 0 0
2007 4 1 112 0 0 0 0 0 0
2007 5 1 112 0 0 0 0 0 0
2007 6 1 112 0 0 0 0 0 0
2007 7 1 112 0 0 0 0 0 0
2007 8 1 112 0 0 0 0 0 0
2007 9 1 112 0 0 0 0 0 0
2007 1 2 112 0 0 0 0 0 0
2007 2 2 112 0 0 0 0 0 0
2007 3 2 112 0 0 0 0 0 0
2007 4 2 112 0 0 0 0 0 0
2007 5 2 112 0 0 0 0 0 0
2007 6 2 112 0 0 0 0 0 0
2007 7 2 112 0 0 0 0 0 0
2007 8 2 112 0 0 0 0 0 0
2007 9 2 112 0 0 0 0 0 0
2007 1 1 113 0 0 14.49 0 0 0
2007 2 1 113 0 0 14.49 0 0 0
2007 3 1 113 0 0 14.49 0 0 0
2007 4 1 113 0 0 14.49 0 0 0
2007 5 1 113 0 0 14.49 0 0 0
2007 6 1 113 0 0 14.49 0 0 0
2007 7 1 113 0 0 14.49 0 0 0
2007 8 1 113 0 0 14.49 0 0 0
2007 9 1 113 0 0 14.49 0 0 0
2007 1 2 113 0 0 14.49 0 0 0
2007 2 2 113 0 0 14.49 0 0 0
2007 3 2 113 0 0 14.49 0 0 0
2007 4 2 113 0.251501 0.000137969 14.49 1 1 0
2007 5 2 113 0 0 14.49 0 0 0
2007 6 2 113 0 0 14.49 0 0 0
2007 7 2 113 0 0 14.49 0 0 0
2007 8 2 113 0 0 14.49 0 0 0
2007 9 2 113 0 0 14.49 0 0 0
2007 1 1 114 0 0 0 0 0 0
2007 2 1 114 0 0 0 0 0 0
2007 3 1 114 0 0 0 0 0 0
2007 4 1 114 0 0 0 0 0 0
2007 5 1 114 0 0 0 0 0 0
2007 6 1 114 0 0 0 0 0 0
2007 7 1 114 0 0 0 0 0 0
2007 8 1 114 0 0 0 0 0 0
2007 9 1 114 0 0 0 0 0 0
2007 1 2 114 0 0 0 0 0 0
2007 2 2 114 0 0 0 0 0 0
2007 3 2 114 0 0 0 0 0 0
2007 4 2 114 0 0 0 0 0 0
2007 5 2 114 0 0 0 0 0 0
2007 6 2 114 0 0 0 0 0 0
2007 7 2 114 0 0 0 0 0 0
2007 8 2 114 0 0 0 0 0 0
2007 9 2 114 0 0 0 0 0 0
2007 1 1 115 0 0 0 0 0 0
2007 2 1 115 0 0 0 0 0 0
2007 3 1 115 0 0 0 0 0 0
2007 4 1 115 0 0 0 0 0 0
2007 5 1 115 0 0 0 0 0 0
2007 6 1 115 0 0 0 0 0 0
2007 7 1 115 0 0 0 0 0 0
2007 8 1 115 0 0 0 0 0 0
2007 9 1 115 0 0 0 0 0 0
2007 1 2 115 0 0 0 0 0 0
2007 2 2 115 0 0 0 0 0 0
2007 3 2 115 0 0 0 0 0 0
2007 4 2 115 0 0 0 0 0 0
2007 5 2 115 0 0 0 0 0 0
2007 6 2 115 0 0 0 0 0 0
2007 7 2 115 0 0 0 0 0 0
2007 8 2 115 0 0 0 0 0 0
2007 9 2 115 0 0 0 0 0 0
2007 1 1 116 0 0 0 0 0 0
2007 2 1 116 0 0 0 0 0 0
2007 3 1 116 0 0 0 0 0 0
2007 4 1 116 0 0 0 0 0 0
2007 5 1 116 0 0 0 0 0 0
2007 6 1 116 0 0 0 0 0 0
2007 7 1 116 0 0 0 0 0 0
2007 8 1 116 0 0 0 0 0 0
2007 9 1 116 0 0 0 0 0 0
2007 1 2 116 0 0 0 0 0 0
2007 2 2 116 0 0 0 0 0 0
2007 3 2 116 0 0 0 0 0 0
2007 4 2 116 0 0 0 0 0 0
2007 5 2 116 0 0 0 0 0 0
2007 6 2 116 0 0 0 0 0 0
2007 7 2 116 0 0 0 0 0 0
2007 8 2 116 0 0 0 0 0 0
2007 9 2 116 0 0 0 0 0 0
2007 1 1 117 0 0 0 0 0 0
2007 2 1 117 0 0 0 0 0 0
2007 3 1 117 0 0 0 0 0 0
2007 4 1 117 0 0 0 0 0 0
2007 5 1 117 0 0 0 0 0 0
2007 6 1 117 0 0 0 0 0 0
2007 7 1 117 0 0 0 0 0 0
2007 8 1 117 0 0 0 0 0 0
2007 9 1 117 0 0 0 0 0 0
2007 1 2 117 0 0 0 0 0 0
2007 2 2 117 0 0 0 0 0 0
2007 3 2 117 0 0 0 0 0 0
2007 4 2 117 0 0 0 0 0 0
2007 5 2 117 0 0 0 0 0 0
2007 6 2 117 0 0 0 0 0 0
2007 7 2 117 0 0 0 0 0 0
2007 8 2 117 0 0 0 0 0 0
2007 9 2 117 0 0 0 0 0 0
2007 1 1 118 0 0 0 0 0 0
2007 2 1 118 0 0 0 0 0 0
2007 3 1 118 0 0 0 0 0 0
2007 4 1 118 0 0 0 0 0 0
2007 5 1 118 0 0 0 0 0 0
2007 6 1 118 0 0 0 0 0 0
2007 7 1 118 0 7.10328e-05 0 0 1 0
2007 8 1 118 0 0 0 0 0 0
2007 9 1 118 0 0 0 0 0 0
2007 1 2 118 0 0 0 0 0 0
2007 2 2 118 0 0 0 0 0 0
2007 3 2 118 0 0 0 0 0 0
2007 4 2 118 0 0 0 0 0 0
2007 5 2 118 0 0 0 0 0 0
2007 6 2 118 0 0 0 0 0 0
2007 7 2 118 0 7.10328e-05 0 0 1 0
2007 8 2 118 0 0 0 0 0 0
2007 9 2 118 0 0 0 0 0 0
2007 1 1 119 0 0 0 0 0 0
2007 2 1 119 0 0 0 0 0 0
2007 3 1 119 0 0 0 0 0 0
2007 4 1 119 0 0 0 0 0 0
2007 5 1 119 0 0 0 0 0 0
2007 6 1 119 0 0 0 0 0 0
2007 7 1 119 0 0 0 0 0 0
2007 8 1 119 0 0 0 0 0 0
2007 9 1 119 0 0 0 0 0 0
2007 1 2 119 0 0 0 0 0 0
2007 2 2 119 0 0 0 0 0 0
2007 3 2 119 0 0 0 0 0 0
2007 4 2 119 0 0 0 0 0 0
2007 5 2 119 0 0 0 0 0 0
2007 6 2 119 0 0 0 0 0 0
2007 7 2 119 0 0 0 0 0 0
2007 8 2 119 0 0 0 0 0 0
2007 9 2 119 0 0 0 0 0 0
2007 1 1 120 0 0 0 0 0 0
2007 2 1 120 0 0 0 0 0 0
2007 3 1 120 0 0 0 0 0 0
2007 4 1 120 0 0 0 0 0 0
2007 5 1 120 0 0 0 0 0 0
2007 6 1 120 0 0 0 0 0 0
2007 7 1 120 0 0 0 0 0 0
2007 8 1 120 0 0 0 0 0 0
2007 9 1 120 0 0 0 0 0 0
2007 1 2 120 0 0 0 0 0 0
2007 2 2 120 0 0 0 0 0 0
2007 3 2 120 0 0 0 0 0 0
2007 4 2 120 0 0 0 0 0 0
2007 5 2 120 0 0 0 0 0 0
2007 6 2 120 0 0 0 0 0 0
2007 7 2 120 0 0 0 0 0 0
2007 8 2 120 0 0 0 0 0 0
2007 9 2 120 0 0 0 0 0 0
