year stratum sex length freq prop avg_wt nwt_samples nlen_samples naged
2006 1 1 9 0 0 0 0 0 0
2006 2 1 9 0 0 0 0 0 0
2006 3 1 9 0 0 0 0 0 0
2006 4 1 9 0 0 0 0 0 0
2006 5 1 9 0 0 0 0 0 0
2006 6 1 9 0 0 0 0 0 0
2006 7 1 9 0 0 0 0 0 0
2006 8 1 9 0 2.91338e-307 0 0 0 0
2006 9 1 9 0 0 0 0 0 0
2006 1 2 9 0 0 0 0 0 0
2006 2 2 9 0 0 0 0 0 0
2006 3 2 9 0 0 0 0 0 0
2006 4 2 9 0 0 0 0 0 0
2006 5 2 9 0 0 0 0 0 0
2006 6 2 9 0 0 0 0 0 0
2006 7 2 9 0 0 0 0 0 0
2006 8 2 9 0 2.91338e-307 0 0 0 0
2006 9 2 9 0 0 0 0 0 0
2006 1 1 10 0 0 0 0 0 0
2006 2 1 10 0 0 0 0 0 0
2006 3 1 10 0 0 0 0 0 0
2006 4 1 10 0 0 0 0 0 0
2006 5 1 10 0 0 0 0 0 0
2006 6 1 10 0 0 0 0 0 0
2006 7 1 10 0 0 0 0 0 0
2006 8 1 10 0 0 0 0 0 0
2006 9 1 10 0 0 0 0 0 0
2006 1 2 10 0 0 0 0 0 0
2006 2 2 10 0 0 0 0 0 0
2006 3 2 10 0 0 0 0 0 0
2006 4 2 10 0 0 0 0 0 0
2006 5 2 10 0 0 0 0 0 0
2006 6 2 10 0 0 0 0 0 0
2006 7 2 10 0 0 0 0 0 0
2006 8 2 10 0 0 0 0 0 0
2006 9 2 10 0 0 0 0 0 0
2006 1 1 11 0 0 0 0 0 0
2006 2 1 11 0 0 0 0 0 0
2006 3 1 11 0 0 0 0 0 0
2006 4 1 11 0 0 0 0 0 0
2006 5 1 11 0 0 0 0 0 0
2006 6 1 11 0 0 0 0 0 0
2006 7 1 11 0 0 0 0 0 0
2006 8 1 11 0 0 0 0 0 0
2006 9 1 11 0 0 0 0 0 0
2006 1 2 11 0 0 0 0 0 0
2006 2 2 11 0 0 0 0 0 0
2006 3 2 11 0 0 0 0 0 0
2006 4 2 11 0 0 0 0 0 0
2006 5 2 11 0 0 0 0 0 0
2006 6 2 11 0 0 0 0 0 0
2006 7 2 11 0 0 0 0 0 0
2006 8 2 11 0 0 0 0 0 0
2006 9 2 11 0 0 0 0 0 0
2006 1 1 12 0 0 0 0 0 0
2006 2 1 12 0 0 0 0 0 0
2006 3 1 12 0 0 0 0 0 0
2006 4 1 12 0 0 0 0 0 0
2006 5 1 12 0 0 0 0 0 0
2006 6 1 12 0 0 0 0 0 0
2006 7 1 12 0 0 0 0 0 0
2006 8 1 12 0 0 0 0 0 0
2006 9 1 12 0 0 0 0 0 0
2006 1 2 12 0 0 0 0 0 0
2006 2 2 12 0 0 0 0 0 0
2006 3 2 12 0 0 0 0 0 0
2006 4 2 12 0 0 0 0 0 0
2006 5 2 12 0 0 0 0 0 0
2006 6 2 12 0 0 0 0 0 0
2006 7 2 12 0 0 0 0 0 0
2006 8 2 12 0 0 0 0 0 0
2006 9 2 12 0 0 0 0 0 0
2006 1 1 13 0 0 0 0 0 0
2006 2 1 13 0 0 0 0 0 0
2006 3 1 13 0 0 0 0 0 0
2006 4 1 13 0 0 0 0 0 0
2006 5 1 13 0 0 0 0 0 0
2006 6 1 13 0 0 0 0 0 0
2006 7 1 13 0 0 0 0 0 0
2006 8 1 13 0 0 0 0 0 0
2006 9 1 13 0 0 0 0 0 0
2006 1 2 13 0 0 0 0 0 0
2006 2 2 13 0 0 0 0 0 0
2006 3 2 13 0 0 0 0 0 0
2006 4 2 13 0 0 0 0 0 0
2006 5 2 13 0 0 0 0 0 0
2006 6 2 13 0 0 0 0 0 0
2006 7 2 13 0 0 0 0 0 0
2006 8 2 13 0 0 0 0 0 0
2006 9 2 13 0 0 0 0 0 0
2006 1 1 14 0 0 0 0 0 0
2006 2 1 14 0 0 0 0 0 0
2006 3 1 14 0 0 0 0 0 0
2006 4 1 14 0 0 0 0 0 0
2006 5 1 14 0 0 0 0 0 0
2006 6 1 14 0 0 0 0 0 0
2006 7 1 14 0 0 0 0 0 0
2006 8 1 14 0 0 0 0 0 0
2006 9 1 14 0 0 0 0 0 0
2006 1 2 14 0 0 0 0 0 0
2006 2 2 14 0 0 0 0 0 0
2006 3 2 14 0 0 0 0 0 0
2006 4 2 14 0 0 0 0 0 0
2006 5 2 14 0 0 0 0 0 0
2006 6 2 14 0 0 0 0 0 0
2006 7 2 14 0 0 0 0 0 0
2006 8 2 14 0 0 0 0 0 0
2006 9 2 14 0 0 0 0 0 0
2006 1 1 15 0 0 0 0 0 0
2006 2 1 15 0 0 0 0 0 0
2006 3 1 15 0 0 0 0 0 0
2006 4 1 15 0 0 0 0 0 0
2006 5 1 15 0 0 0 0 0 0
2006 6 1 15 0 0 0 0 0 0
2006 7 1 15 0 0 0 0 0 0
2006 8 1 15 0 0 0 0 0 0
2006 9 1 15 0 0 0 0 0 0
2006 1 2 15 0 0 0 0 0 0
2006 2 2 15 0 0 0 0 0 0
2006 3 2 15 0 0 0 0 0 0
2006 4 2 15 0 0 0 0 0 0
2006 5 2 15 0 0 0 0 0 0
2006 6 2 15 0 0 0 0 0 0
2006 7 2 15 0 0 0 0 0 0
2006 8 2 15 0 0 0 0 0 0
2006 9 2 15 0 0 0 0 0 0
2006 1 1 16 0 0 0 0 0 0
2006 2 1 16 0 0 0 0 0 0
2006 3 1 16 0 0 0 0 0 0
2006 4 1 16 0 0 0 0 0 0
2006 5 1 16 0 0 0 0 0 0
2006 6 1 16 0 0 0 0 0 0
2006 7 1 16 0 0 0 0 0 0
2006 8 1 16 0 0 0 0 0 0
2006 9 1 16 0 0 0 0 0 0
2006 1 2 16 0 0 0 0 0 0
2006 2 2 16 0 0 0 0 0 0
2006 3 2 16 0 0 0 0 0 0
2006 4 2 16 0 0 0 0 0 0
2006 5 2 16 0 0 0 0 0 0
2006 6 2 16 0 0 0 0 0 0
2006 7 2 16 0 0 0 0 0 0
2006 8 2 16 0 0 0 0 0 0
2006 9 2 16 0 0 0 0 0 0
2006 1 1 17 0 0 0 0 0 0
2006 2 1 17 0 0 0 0 0 0
2006 3 1 17 0 0 0 0 0 0
2006 4 1 17 0 0 0 0 0 0
2006 5 1 17 0 0 0 0 0 0
2006 6 1 17 0 0 0 0 0 0
2006 7 1 17 0 0 0 0 0 0
2006 8 1 17 0 0 0 0 0 0
2006 9 1 17 0 0 0 0 0 0
2006 1 2 17 0 0 0 0 0 0
2006 2 2 17 0 0 0 0 0 0
2006 3 2 17 0 0 0 0 0 0
2006 4 2 17 0 0 0 0 0 0
2006 5 2 17 0 0 0 0 0 0
2006 6 2 17 0 0 0 0 0 0
2006 7 2 17 0 0 0 0 0 0
2006 8 2 17 0 0 0 0 0 0
2006 9 2 17 0 0 0 0 0 0
2006 1 1 18 0 0 0 0 0 0
2006 2 1 18 0 0 0 0 0 0
2006 3 1 18 0 0 0 0 0 0
2006 4 1 18 0 0 0 0 0 0
2006 5 1 18 0 0 0 0 0 0
2006 6 1 18 0 0 0 0 0 0
2006 7 1 18 0 0 0 0 0 0
2006 8 1 18 0 0 0 0 0 0
2006 9 1 18 0 0 0 0 0 0
2006 1 2 18 0 0 0 0 0 0
2006 2 2 18 0 0 0 0 0 0
2006 3 2 18 0 0 0 0 0 0
2006 4 2 18 0 0 0 0 0 0
2006 5 2 18 0 0 0 0 0 0
2006 6 2 18 0 0 0 0 0 0
2006 7 2 18 0 0 0 0 0 0
2006 8 2 18 0 0 0 0 0 0
2006 9 2 18 0 0 0 0 0 0
2006 1 1 19 0 0 0 0 0 0
2006 2 1 19 0 0 0 0 0 0
2006 3 1 19 0 0 0 0 0 0
2006 4 1 19 0 0 0 0 0 0
2006 5 1 19 0 0 0 0 0 0
2006 6 1 19 0 0 0 0 0 0
2006 7 1 19 0 0 0 0 0 0
2006 8 1 19 0 0 0 0 0 0
2006 9 1 19 0 0 0 0 0 0
2006 1 2 19 0 0 0 0 0 0
2006 2 2 19 0 0 0 0 0 0
2006 3 2 19 0 0 0 0 0 0
2006 4 2 19 0 0 0 0 0 0
2006 5 2 19 0 0 0 0 0 0
2006 6 2 19 0 0 0 0 0 0
2006 7 2 19 0 0 0 0 0 0
2006 8 2 19 0 0 0 0 0 0
2006 9 2 19 0 0 0 0 0 0
2006 1 1 20 0 0 0 0 0 0
2006 2 1 20 0 0 0 0 0 0
2006 3 1 20 0 0 0 0 0 0
2006 4 1 20 0 0 0 0 0 0
2006 5 1 20 0 0 0 0 0 0
2006 6 1 20 0 0 0 0 0 0
2006 7 1 20 0 0 0 0 0 0
2006 8 1 20 0 0 0 0 0 0
2006 9 1 20 0 0 0 0 0 0
2006 1 2 20 0 0 0 0 0 0
2006 2 2 20 0 0 0 0 0 0
2006 3 2 20 0 0 0 0 0 0
2006 4 2 20 0 0 0 0 0 0
2006 5 2 20 0 0 0 0 0 0
2006 6 2 20 0 0 0 0 0 0
2006 7 2 20 0 0 0 0 0 0
2006 8 2 20 0 0 0 0 0 0
2006 9 2 20 0 0 0 0 0 0
2006 1 1 21 0 0 0.75 0 0 0
2006 2 1 21 0 0 0.75 0 0 0
2006 3 1 21 0 0 0.75 0 0 0
2006 4 1 21 0 0 0.75 0 0 0
2006 5 1 21 0 0 0.75 0 0 0
2006 6 1 21 0 0 0.75 0 0 0
2006 7 1 21 0 0 0.75 0 0 0
2006 8 1 21 0 0 0.75 0 0 0
2006 9 1 21 0 0 0.75 0 0 0
2006 1 2 21 0 0 0.75 1 0 0
2006 2 2 21 0 0 0.75 0 0 0
2006 3 2 21 0 0 0.75 0 0 0
2006 4 2 21 0 0 0.75 0 0 0
2006 5 2 21 0 0 0.75 0 0 0
2006 6 2 21 0 0 0.75 0 0 0
2006 7 2 21 0 0 0.75 0 0 0
2006 8 2 21 0 0 0.75 0 0 0
2006 9 2 21 0 0 0.75 0 0 0
2006 1 1 22 0 0 0 0 0 0
2006 2 1 22 0 0 0 0 0 0
2006 3 1 22 0 0 0 0 0 0
2006 4 1 22 0 0 0 0 0 0
2006 5 1 22 0 0 0 0 0 0
2006 6 1 22 0 0 0 0 0 0
2006 7 1 22 0 0 0 0 0 0
2006 8 1 22 0 0 0 0 0 0
2006 9 1 22 0 0 0 0 0 0
2006 1 2 22 0 0 0 0 0 0
2006 2 2 22 0 0 0 0 0 0
2006 3 2 22 0 0 0 0 0 0
2006 4 2 22 0 0 0 0 0 0
2006 5 2 22 0 0 0 0 0 0
2006 6 2 22 0 0 0 0 0 0
2006 7 2 22 0 0 0 0 0 0
2006 8 2 22 0 0 0 0 0 0
2006 9 2 22 0 0 0 0 0 0
2006 1 1 23 0 0 0 0 0 0
2006 2 1 23 0 0 0 0 0 0
2006 3 1 23 0 0 0 0 0 0
2006 4 1 23 0 0 0 0 0 0
2006 5 1 23 0 0 0 0 0 0
2006 6 1 23 0 0 0 0 0 0
2006 7 1 23 0 0 0 0 0 0
2006 8 1 23 0 0 0 0 0 0
2006 9 1 23 0 0 0 0 0 0
2006 1 2 23 0 0 0 0 0 0
2006 2 2 23 0 0 0 0 0 0
2006 3 2 23 0 0 0 0 0 0
2006 4 2 23 0 0 0 0 0 0
2006 5 2 23 0 0 0 0 0 0
2006 6 2 23 0 0 0 0 0 0
2006 7 2 23 0 0 0 0 0 0
2006 8 2 23 0 0 0 0 0 0
2006 9 2 23 0 0 0 0 0 0
2006 1 1 24 0 0 0 0 0 0
2006 2 1 24 0 0 0 0 0 0
2006 3 1 24 0 0 0 0 0 0
2006 4 1 24 0 0 0 0 0 0
2006 5 1 24 0 0 0 0 0 0
2006 6 1 24 0 0 0 0 0 0
2006 7 1 24 0 0 0 0 0 0
2006 8 1 24 0 0 0 0 0 0
2006 9 1 24 0 0 0 0 0 0
2006 1 2 24 0 0 0 0 0 0
2006 2 2 24 0 0 0 0 0 0
2006 3 2 24 0 0 0 0 0 0
2006 4 2 24 0 0 0 0 0 0
2006 5 2 24 0 0 0 0 0 0
2006 6 2 24 0 0 0 0 0 0
2006 7 2 24 0 0 0 0 0 0
2006 8 2 24 0 0 0 0 0 0
2006 9 2 24 0 0 0 0 0 0
2006 1 1 25 0 0 0 0 0 0
2006 2 1 25 0 0 0 0 0 0
2006 3 1 25 0 0 0 0 0 0
2006 4 1 25 0 0 0 0 0 0
2006 5 1 25 0 0 0 0 0 0
2006 6 1 25 0 0 0 0 0 0
2006 7 1 25 0 0 0 0 0 0
2006 8 1 25 0 0 0 0 0 0
2006 9 1 25 0 0 0 0 0 0
2006 1 2 25 0 0 0 0 0 0
2006 2 2 25 0 0 0 0 0 0
2006 3 2 25 0 0 0 0 0 0
2006 4 2 25 0 0 0 0 0 0
2006 5 2 25 0 0 0 0 0 0
2006 6 2 25 0 0 0 0 0 0
2006 7 2 25 0 0 0 0 0 0
2006 8 2 25 0 0 0 0 0 0
2006 9 2 25 0 0 0 0 0 0
2006 1 1 26 0 0.000443262 0 0 1 0
2006 2 1 26 0 0 0 0 0 0
2006 3 1 26 0 0 0 0 0 0
2006 4 1 26 0 0 0 0 0 0
2006 5 1 26 0 0 0 0 0 0
2006 6 1 26 0 0 0 0 0 0
2006 7 1 26 0 0 0 0 0 0
2006 8 1 26 0 0 0 0 0 0
2006 9 1 26 0 0 0 0 0 0
2006 1 2 26 0 0 0 0 0 0
2006 2 2 26 0 0 0 0 0 0
2006 3 2 26 0 0 0 0 0 0
2006 4 2 26 0 0.000129853 0 0 1 0
2006 5 2 26 0 0 0 0 0 0
2006 6 2 26 0 0 0 0 0 0
2006 7 2 26 0 0 0 0 0 0
2006 8 2 26 0 0 0 0 0 0
2006 9 2 26 0 0 0 0 0 0
2006 1 1 27 0 0 0.2 1 0 0
2006 2 1 27 0 0 0.2 0 0 0
2006 3 1 27 0 0 0.2 0 0 0
2006 4 1 27 0 0 0.2 0 0 0
2006 5 1 27 0 0 0.2 0 0 0
2006 6 1 27 0 0 0.2 0 0 0
2006 7 1 27 0 0 0.2 0 0 0
2006 8 1 27 0 0 0.2 0 0 0
2006 9 1 27 0 0 0.2 0 0 0
2006 1 2 27 0 0 0.2 1 0 0
2006 2 2 27 0 0 0.2 0 0 0
2006 3 2 27 0 0 0.2 1 0 0
2006 4 2 27 0 0 0.2 0 0 0
2006 5 2 27 0 0 0.2 0 0 0
2006 6 2 27 0 0 0.2 0 0 0
2006 7 2 27 0 0 0.2 0 0 0
2006 8 2 27 0 0 0.2 0 0 0
2006 9 2 27 0 0 0.2 0 0 0
2006 1 1 28 0 0 0.2 1 0 0
2006 2 1 28 0 0 0.2 0 0 0
2006 3 1 28 0 0 0.2 0 0 0
2006 4 1 28 0 0 0.2 0 0 0
2006 5 1 28 0 0 0.2 0 0 0
2006 6 1 28 0 0 0.2 0 0 0
2006 7 1 28 0 0 0.2 0 0 0
2006 8 1 28 0 0 0.2 0 0 0
2006 9 1 28 0 0 0.2 0 0 0
2006 1 2 28 0 0 0.2 0 0 0
2006 2 2 28 0 0 0.2 0 0 0
2006 3 2 28 0 0 0.2 0 0 0
2006 4 2 28 0 0 0.2 0 0 0
2006 5 2 28 0 0 0.2 0 0 0
2006 6 2 28 0 0 0.2 0 0 0
2006 7 2 28 0 0 0.2 0 0 0
2006 8 2 28 0 0 0.2 0 0 0
2006 9 2 28 0 0 0.2 0 0 0
2006 1 1 29 0 0 0 0 0 0
2006 2 1 29 0 0 0 0 0 0
2006 3 1 29 0 0 0 0 0 0
2006 4 1 29 0 0 0 0 0 0
2006 5 1 29 0 0 0 0 0 0
2006 6 1 29 0 0 0 0 0 0
2006 7 1 29 0 0 0 0 0 0
2006 8 1 29 0 0 0 0 0 0
2006 9 1 29 0 0 0 0 0 0
2006 1 2 29 0 0 0 0 0 0
2006 2 2 29 0 0 0 0 0 0
2006 3 2 29 0 0 0 0 0 0
2006 4 2 29 0 0 0 0 0 0
2006 5 2 29 0 0 0 0 0 0
2006 6 2 29 0 0 0 0 0 0
2006 7 2 29 0 0 0 0 0 0
2006 8 2 29 0 0 0 0 0 0
2006 9 2 29 0 0 0 0 0 0
2006 1 1 30 0 0 0.26 3 0 0
2006 2 1 30 0 0 0.3 0 0 0
2006 3 1 30 0 0 0.3 0 0 0
2006 4 1 30 0 0 0.3 0 0 0
2006 5 1 30 0 0 0.3 0 0 0
2006 6 1 30 0 0 0.3 0 0 0
2006 7 1 30 0 0 0.3 0 0 0
2006 8 1 30 0 0 0.3 0 0 0
2006 9 1 30 0 0 0.3 0 0 0
2006 1 2 30 0 0 0.24 2 0 0
2006 2 2 30 0 0 0.26 0 0 0
2006 3 2 30 0 0 0.26 0 0 0
2006 4 2 30 0 0 0.26 0 0 0
2006 5 2 30 0 0 0.26 0 0 0
2006 6 2 30 0 0 0.26 0 0 0
2006 7 2 30 0 0 0.26 0 0 0
2006 8 2 30 0 0 0.26 0 0 0
2006 9 2 30 0 0 0.26 0 0 0
2006 1 1 31 0 0 0.465 4 0 0
2006 2 1 31 0 0 0.775 0 0 0
2006 3 1 31 0 0 0.775 0 0 0
2006 4 1 31 0 0 0.775 0 0 0
2006 5 1 31 0 0 0.775 0 0 0
2006 6 1 31 0 0 0.775 0 0 0
2006 7 1 31 0 0 1.5 1 0 0
2006 8 1 31 0 0 0.775 0 0 0
2006 9 1 31 0 0 0.775 0 0 0
2006 1 2 31 0 0 0.313333 6 0 0
2006 2 2 31 0 0 0.324 0 0 0
2006 3 2 31 0 0 0.324 0 0 0
2006 4 2 31 0 0 0.324 0 0 0
2006 5 2 31 0 0 0.324 0 0 0
2006 6 2 31 0 0 0.324 0 0 0
2006 7 2 31 0 0 0.324 0 0 0
2006 8 2 31 0 0 0.324 0 0 0
2006 9 2 31 0 0 0.324 0 0 0
2006 1 1 32 0 0 0.247143 7 0 0
2006 2 1 32 6.19333 0.0140845 0.33 0 1 0
2006 3 1 32 0 0 0.33 0 0 0
2006 4 1 32 0 0 0.33 0 0 0
2006 5 1 32 0 0 0.33 0 0 0
2006 6 1 32 0 0 0.33 0 0 0
2006 7 1 32 0 0 0.33 0 0 0
2006 8 1 32 0 0 0.33 0 0 0
2006 9 1 32 0 0 0.33 0 0 0
2006 1 2 32 1.10901 0.000443262 0.297 10 1 0
2006 2 2 32 0 0 0.6275 0 0 0
2006 3 2 32 0 0 0.6275 0 0 0
2006 4 2 32 0 0 0.85 1 0 0
2006 5 2 32 0 0 0.6275 0 0 0
2006 6 2 32 0 0 0.6275 0 0 0
2006 7 2 32 0 0 1.94 1 0 0
2006 8 2 32 0 0 0.6275 0 0 0
2006 9 2 32 0 0 0.6275 0 0 0
2006 1 1 33 1.10901 0.000443262 0.4 12 1 0
2006 2 1 33 0 0 0.687273 0 0 0
2006 3 1 33 0 0 0.687273 0 0 0
2006 4 1 33 0 0 0.687273 0 0 0
2006 5 1 33 0 0 0.687273 0 0 0
2006 6 1 33 0.119359 0.000101286 0.687273 0 1 0
2006 7 1 33 0 0 1.765 2 0 0
2006 8 1 33 0 0 0.687273 0 0 0
2006 9 1 33 0 0 0.687273 0 0 0
2006 1 2 33 0 0 0.353333 9 0 0
2006 2 2 33 18.58 0.0422535 1.16111 0 3 0
2006 3 2 33 0 0 1.65 1 0 0
2006 4 2 33 0.227806 0.000129853 3.195 2 1 0
2006 5 2 33 0 0 1.16111 0 0 0
2006 6 2 33 0 0 1.16111 0 0 0
2006 7 2 33 0 0 1.16111 0 0 0
2006 8 2 33 0 0 1.16111 0 0 0
2006 9 2 33 0 0 1.16111 0 0 0
2006 1 1 34 0 0 0.322222 9 0 0
2006 2 1 34 0 0 0.354 0 0 0
2006 3 1 34 0 0 0.354 0 0 0
2006 4 1 34 0 0 0.354 0 0 0
2006 5 1 34 0 0 0.354 0 0 0
2006 6 1 34 0 0 0.354 0 0 0
2006 7 1 34 0 0 0.354 0 0 0
2006 8 1 34 0 0 0.354 0 0 0
2006 9 1 34 0 0 0.354 0 0 0
2006 1 2 34 1.10901 0.000443262 0.433333 15 1 0
2006 2 2 34 6.19333 0.0140845 0.488182 0 1 0
2006 3 2 34 0 0 0.488182 0 0 0
2006 4 2 34 0 0 0.488182 0 0 0
2006 5 2 34 0 0 0.488182 0 0 0
2006 6 2 34 0 0 0.488182 0 0 0
2006 7 2 34 0 0 0.488182 0 0 0
2006 8 2 34 0 0 0.488182 0 0 0
2006 9 2 34 0 0 0.488182 0 0 0
2006 1 1 35 0 0 0.419231 13 0 0
2006 2 1 35 6.19333 0.0140845 0.439091 0 1 0
2006 3 1 35 0 0 0.439091 0 0 0
2006 4 1 35 0.227806 0.000129853 0.439091 0 1 0
2006 5 1 35 0 0 0.439091 0 0 0
2006 6 1 35 0.238718 0.000202573 0.439091 0 2 0
2006 7 1 35 0 0 0.439091 0 0 0
2006 8 1 35 0 0 0.439091 0 0 0
2006 9 1 35 0 0 0.439091 0 0 0
2006 1 2 35 1.10901 0.000443262 0.485333 15 1 0
2006 2 2 35 0 0 0.512308 0 0 0
2006 3 2 35 0 0 0.512308 0 0 0
2006 4 2 35 0 0 0.512308 0 0 0
2006 5 2 35 0 0 0.512308 0 0 0
2006 6 2 35 0.119359 0.000101286 0.512308 0 1 0
2006 7 2 35 0 0 0.512308 0 0 0
2006 8 2 35 0 0 0.512308 0 0 0
2006 9 2 35 0 0 0.512308 0 0 0
2006 1 1 36 2.21802 0.000886525 0.557368 19 2 0
2006 2 1 36 0 0 0.5575 0 0 0
2006 3 1 36 0 0 0.536667 3 0 0
2006 4 1 36 0.227806 0.000129853 0.51 1 1 0
2006 5 1 36 0 0 0.5575 0 0 0
2006 6 1 36 0 0 0.5575 0 0 0
2006 7 1 36 0 0 0.5575 0 0 0
2006 8 1 36 0 0 0.5575 0 0 0
2006 9 1 36 0 0 0.5575 0 0 0
2006 1 2 36 2.21802 0.000886525 0.4575 16 2 0
2006 2 2 36 6.19333 0.0140845 0.546111 0 1 0
2006 3 2 36 0 0 0.63 1 0 0
2006 4 2 36 0 0 0.546111 0 0 0
2006 5 2 36 0 0 0.546111 0 0 0
2006 6 2 36 0 0 0.546111 0 0 0
2006 7 2 36 0 0 0.86 4 0 0
2006 8 2 36 0 0 0.546111 0 0 0
2006 9 2 36 0 0 0.546111 0 0 0
2006 1 1 37 1.10901 0.000443262 0.505 16 1 0
2006 2 1 37 0 0 0.85 1 0 0
2006 3 1 37 0 0 0.72 1 0 0
2006 4 1 37 0 0 0.551111 0 0 0
2006 5 1 37 0 0 0.551111 0 0 0
2006 6 1 37 0 0 0.551111 0 0 0
2006 7 1 37 0 0 0.61 1 0 0
2006 8 1 37 0 0 0.551111 0 0 0
2006 9 1 37 0 0 0.551111 0 0 0
2006 1 2 37 3.32702 0.00132979 0.619048 21 3 0
2006 2 2 37 6.19333 0.0140845 0.658333 0 1 0
2006 3 2 37 0 0 0.6 1 0 0
2006 4 2 37 0.911225 0.000519413 0.66 2 4 0
2006 5 2 37 0 0 0.658333 0 0 0
2006 6 2 37 0.119359 0.000101286 0.658333 0 1 0
2006 7 2 37 0 0 1.22 1 0 0
2006 8 2 37 0 0 0.658333 0 0 0
2006 9 2 37 0 0 0.658333 0 0 0
2006 1 1 38 0 0 0.595625 16 0 0
2006 2 1 38 0 0 0.724091 0 0 0
2006 3 1 38 0 0 0.616667 3 0 0
2006 4 1 38 0 0 1.03667 3 0 0
2006 5 1 38 0 0 0.724091 0 0 0
2006 6 1 38 0.298397 0.000253216 0.724091 0 2.5 0
2006 7 1 38 0 0 0.926667 3 0 0
2006 8 1 38 0 0 0.724091 0 0 0
2006 9 1 38 0 0 0.724091 0 0 0
2006 1 2 38 6.65405 0.00265957 0.628077 26 6 0
2006 2 2 38 0 0 0.708846 0 0 0
2006 3 2 38 0 0 0.708846 0 0 0
2006 4 2 38 0.227806 0.000129853 0.55 2 1 0
2006 5 2 38 0 0 0.708846 0 0 0
2006 6 2 38 0.0596795 5.06432e-05 0.708846 0 0.5 0
2006 7 2 38 0 0 2.34 1 0 0
2006 8 2 38 0 0 0.708846 0 0 0
2006 9 2 38 0 0 0.708846 0 0 0
2006 1 1 39 4.43603 0.00177305 0.696875 32 4 0
2006 2 1 39 0 0 0.9 1 0 0
2006 3 1 39 0 0 0.754054 0 0 0
2006 4 1 39 0 0 0.81 1 0 0
2006 5 1 39 0 0 0.754054 0 0 0
2006 6 1 39 0.119359 0.000101286 0.754054 0 1 0
2006 7 1 39 0 0 1.29667 3 0 0
2006 8 1 39 0 0 0.754054 0 0 0
2006 9 1 39 0.0711072 9.69556e-05 0.754054 0 0.5 0
2006 1 2 39 7.76306 0.00310284 0.703913 23 7 0
2006 2 2 39 0 0 0.794828 0 0 0
2006 3 2 39 0 0 0.75 1 0 0
2006 4 2 39 0.911225 0.000519413 0.92 1 4 0
2006 5 2 39 0 0 0.794828 0 0 0
2006 6 2 39 0.119359 0.000101286 0.794828 0 1 0
2006 7 2 39 0.748443 0.000130839 1.2975 4 2 0
2006 8 2 39 0 0 0.794828 0 0 0
2006 9 2 39 0.213322 0.000290867 0.794828 0 1.5 0
2006 1 1 40 12.1991 0.00487589 0.769565 23 11 0
2006 2 1 40 0 0 0.847333 0 0 0
2006 3 1 40 1.04188 0.00278552 0.766667 3 1 0
2006 4 1 40 0.227806 0.000129853 1.57333 3 1 0
2006 5 1 40 0 0 0.847333 0 0 0
2006 6 1 40 0.119359 0.000101286 0.847333 0 1 0
2006 7 1 40 0 0 0.7 1 0 0
2006 8 1 40 0 0 0.847333 0 0 0
2006 9 1 40 0 0 0.847333 0 0 0
2006 1 2 40 4.43603 0.00177305 0.816667 15 4 1
2006 2 2 40 0 0 1.02963 0 0 0
2006 3 2 40 1.04188 0.00278552 0.85 2 1 0
2006 4 2 40 0.455613 0.000259707 1.27143 7 2 0
2006 5 2 40 0 0 1.02963 0 0 0
2006 6 2 40 0.119359 0.000101286 1.02963 0 1 0
2006 7 2 40 0.374222 6.54193e-05 1.65 3 1 0
2006 8 2 40 0 0 1.02963 0 0 0
2006 9 2 40 0.142214 0.000193911 1.02963 0 1 0
2006 1 1 41 7.76306 0.00310284 0.787647 17 7 0
2006 2 1 41 0 0 0.867576 0 0 0
2006 3 1 41 0 0 0.95 4 0 0
2006 4 1 41 1.25293 0.000714193 0.93625 8 5.5 0
2006 5 1 41 0 0 0.867576 0 0 0
2006 6 1 41 0.238718 0.000202573 0.867576 0 2 0
2006 7 1 41 0.374222 6.54193e-05 0.9875 4 1 0
2006 8 1 41 0 0 0.867576 0 0 0
2006 9 1 41 0.213322 0.000290867 0.867576 0 1.5 0
2006 1 2 41 11.0901 0.00443262 0.787407 27 10 0
2006 2 2 41 0 0 0.75 1 0 0
2006 3 2 41 0 0 0.792857 7 0 0
2006 4 2 41 1.02513 0.00058434 0.91 11 4.5 0
2006 5 2 41 0 0 0.815 0 0 0
2006 6 2 41 0.238718 0.000202573 0.815 0 2 0
2006 7 2 41 0.374222 6.54193e-05 0.775 2 1 0
2006 8 2 41 0 0 0.815 0 0 0
2006 9 2 41 0.213322 0.000290867 0.815 0 1.5 0
2006 1 1 42 6.65405 0.00265957 0.890556 36 6 0
2006 2 1 42 0 0 1 2 0 0
2006 3 1 42 0 0 0.825 4 0 0
2006 4 1 42 0.455613 0.000259707 0.871429 7 2 0
2006 5 1 42 0 0 0.912931 0 0 0
2006 6 1 42 0.477436 0.000405145 0.912931 0 4 0
2006 7 1 42 0.374222 6.54193e-05 1.12 7 1 0
2006 8 1 42 0 0 0.912931 0 0 0
2006 9 1 42 0.426643 0.000581734 0.825 2 3 0
2006 1 2 42 4.43603 0.00177305 0.864828 29 4 0
2006 2 2 42 6.19333 0.0140845 0.911364 0 1 0
2006 3 2 42 0 0 1.025 4 0 0
2006 4 2 42 0.455613 0.000259707 0.931429 7 2 0
2006 5 2 42 0 0 0.911364 0 0 0
2006 6 2 42 0.716154 0.000607718 0.911364 0 6 0
2006 7 2 42 0 0 1.1 4 0 0
2006 8 2 42 0 0 0.911364 0 0 0
2006 9 2 42 0.568858 0.000775645 0.911364 0 4 0
2006 1 1 43 3.32702 0.00132979 0.933947 38 3 0
2006 2 1 43 0 0 1.15 1 0 0
2006 3 1 43 1.04188 0.00278552 1.01462 13 1 0
2006 4 1 43 0.797322 0.000454486 0.99 13 3.5 0
2006 5 1 43 0 0 0.88 1 0 0
2006 6 1 43 0.716154 0.000607718 0.988 0 6 0
2006 7 1 43 0 0 1.15778 9 0 0
2006 8 1 43 0 0 0.988 0 0 0
2006 9 1 43 0.0711072 9.69556e-05 0.92 1 0.5 0
2006 1 2 43 8.87207 0.0035461 1.05342 38 8 0
2006 2 2 43 0 0 1.1075 0 0 0
2006 3 2 43 1.04188 0.00278552 0.866667 3 1 0
2006 4 2 43 1.48074 0.000844046 1.286 10 6.5 0
2006 5 2 43 0 0 1.1075 0 0 0
2006 6 2 43 0.358077 0.000303859 1.9 1 3 0
2006 7 2 43 0.748443 0.000130839 1.149 10 2 0
2006 8 2 43 0 0 1.1075 0 0 0
2006 9 2 43 0.355536 0.000484778 0.94 3 2.5 0
2006 1 1 44 4.43603 0.00177305 0.988333 24 4 0
2006 2 1 44 0 0 1.1125 4 0 0
2006 3 1 44 2.08375 0.00557103 1.06071 14 2 0
2006 4 1 44 1.82245 0.00103883 1.04071 14 8 0
2006 5 1 44 0 0 1.06667 0 0 0
2006 6 1 44 1.43231 0.00121544 1.06667 0 12 0
2006 7 1 44 2.99377 0.000523355 1.1775 16 8 0
2006 8 1 44 0 0 1.06667 0 0 0
2006 9 1 44 0.853287 0.00116347 1.12833 6 6 0
2006 1 2 44 2.21802 0.000886525 1.03641 39 2 1
2006 2 2 44 0 0 1.01667 3 0 0
2006 3 2 44 0 0 1.12125 8 0 0
2006 4 2 44 1.13903 0.000649266 1.21 9 5 1
2006 5 2 44 0 0 1.10947 0 0 0
2006 6 2 44 0.954872 0.000810291 1.10947 0 8 0
2006 7 2 44 1.87111 0.000327097 1.17833 12 5 0
2006 8 2 44 0 0 1.10947 0 0 0
2006 9 2 44 0.711072 0.000969556 1.37 5 5 0
2006 1 1 45 5.54504 0.00221631 1.10681 47 5 0
2006 2 1 45 0 0 1.23333 3 0 0
2006 3 1 45 0 0 1.1 18 0 0
2006 4 1 45 1.13903 0.000649266 1.27667 9 5 0
2006 5 1 45 0 0 1 1 0 0
2006 6 1 45 1.07423 0.000911577 1.18604 0 9 0
2006 7 1 45 2.99377 0.000523355 1.3855 20 8 0
2006 8 1 45 0 0 1.18604 0 0 0
2006 9 1 45 0.426643 0.000581734 1.35667 3 3 0
2006 1 2 45 5.54504 0.00221631 1.08675 40 5 2
2006 2 2 45 6.19333 0.0140845 1.10833 6 1 0
2006 3 2 45 1.04188 0.00278552 1.17 10 1 0
2006 4 2 45 1.59464 0.000908973 1.15 14 7 0
2006 5 2 45 0 0 1.12731 0 0 0
2006 6 2 45 0.954872 0.000810291 1.28 1 8 0
2006 7 2 45 1.87111 0.000327097 1.181 20 5 0
2006 8 2 45 0 0 1.12731 0 0 0
2006 9 2 45 0.853287 0.00116347 1.01 2 6 0
2006 1 1 46 6.65405 0.00265957 1.24679 56 6 4
2006 2 1 46 6.19333 0.0140845 1.4875 4 1 0
2006 3 1 46 1.04188 0.00278552 1.17077 13 1 0
2006 4 1 46 3.18929 0.00181795 1.16 11 14 1
2006 5 1 46 0 0 1.30156 0 0 0
2006 6 1 46 2.74526 0.00232959 1.02 1 23 0
2006 7 1 46 2.61955 0.000457935 1.5063 27 7 0
2006 8 1 46 0 0 1.30156 0 0 0
2006 9 1 46 1.991 0.00271476 1.335 10 14 0
2006 1 2 46 3.32702 0.00132979 1.16732 41 3 0
2006 2 2 46 0 0 1.19743 0 0 0
2006 3 2 46 3.12563 0.00835655 1.21636 22 3 0
2006 4 2 46 1.82245 0.00103883 1.33154 13 8 0
2006 5 2 46 0 0 1.19743 0 0 0
2006 6 2 46 1.43231 0.00121544 1.19743 0 12 0
2006 7 2 46 2.61955 0.000457935 1.16871 31 7 0
2006 8 2 46 0 0 1.19743 0 0 0
2006 9 2 46 1.56436 0.00213302 1.19167 6 11 0
2006 1 1 47 11.0901 0.00443262 1.27044 68 10 3
2006 2 1 47 18.58 0.0422535 1.725 2 3 0
2006 3 1 47 2.08375 0.00557103 1.25882 17 2 0
2006 4 1 47 2.27806 0.00129853 1.39 22 10 0
2006 5 1 47 0 0 1.315 0 0 0
2006 6 1 47 1.90974 0.00162058 1.43 1 16 0
2006 7 1 47 5.61332 0.00098129 1.32689 45 15 0
2006 8 1 47 0 0 1.315 0 0 0
2006 9 1 47 2.55986 0.0034904 1.488 5 18 0
2006 1 2 47 11.0901 0.00443262 1.21784 51 10 2
2006 2 2 47 12.3867 0.028169 1.68 5 2 0
2006 3 2 47 2.08375 0.00557103 1.26786 14 2 0
2006 4 2 47 4.10051 0.00233736 1.32296 27 18 1
2006 5 2 47 0 0 1.31 1 0 0
2006 6 2 47 2.0291 0.00172187 1.28692 0 17 0
2006 7 2 47 5.98755 0.00104671 1.32211 38 16 0
2006 8 2 47 0 0 1.28692 0 0 0
2006 9 2 47 1.56436 0.00213302 1.236 10 11 0
2006 1 1 48 6.65405 0.00265957 1.3332 97 6 2
2006 2 1 48 0 0 1.48333 3 0 0
2006 3 1 48 0 0 1.28615 13 0 0
2006 4 1 48 4.32832 0.00246721 1.37054 37 19 0
2006 5 1 48 0 0 1.38448 0 0 0
2006 6 1 48 3.58077 0.00303859 1.17 1 30 0
2006 7 1 48 11.2266 0.00196258 1.51716 67 30 0
2006 8 1 48 0 0 1.38448 0 0 0
2006 9 1 48 4.62197 0.00630211 1.23333 15 32.5 0
2006 1 2 48 6.65405 0.00265957 1.34919 62 6 1
2006 2 2 48 12.3867 0.028169 1.925 2 2 0
2006 3 2 48 5.20938 0.0139276 1.32682 22 5 0
2006 4 2 48 4.78393 0.00272692 1.41893 28 21 1
2006 5 2 48 0 0 1.20333 3 0 0
2006 6 2 48 2.74526 0.00232959 1.375 2 23 0
2006 7 2 48 6.73599 0.00117755 1.40212 66 18 0
2006 8 2 48 0 0 1.37696 0 0 0
2006 9 2 48 3.19982 0.004363 1.28571 7 22.5 0
2006 1 1 49 11.0901 0.00443262 1.42079 114 10 2
2006 2 1 49 0 0 1.55 1 0 0
2006 3 1 49 3.12563 0.00835655 1.43273 22 3 0
2006 4 1 49 6.37858 0.00363589 1.49732 41 28 0
2006 5 1 49 0 0 1.4125 4 0 0
2006 6 1 49 3.99853 0.00339309 1.37571 7 33.5 0
2006 7 1 49 16.84 0.00294387 1.44844 77 45 0
2006 8 1 49 0 0 1.43978 0 0 0
2006 9 1 49 5.68858 0.00775645 1.42 13 40 0
2006 1 2 49 11.0901 0.00443262 1.44191 89 10 2
2006 2 2 49 0 0 1.9 4 0 0
2006 3 2 49 3.12563 0.00835655 1.33857 14 3 0
2006 4 2 49 5.92296 0.00337618 1.4893 43 26 3
2006 5 2 49 0 0 1.33 1 0 0
2006 6 2 49 4.23724 0.00359566 1.572 5 35.5 0
2006 7 2 49 9.72976 0.0017009 1.44846 78 26 0
2006 8 2 49 0 0 1.45563 0 0 0
2006 9 2 49 4.55086 0.00620516 1.43182 11 32 0
2006 1 1 50 15.5261 0.00620567 1.54562 128 14 2
2006 2 1 50 0 0 1.75833 6 0 0
2006 3 1 50 3.12563 0.00835655 1.48455 11 3 0
2006 4 1 50 10.2513 0.0058434 1.59897 58 45 1
2006 5 1 50 0 0 1.55429 0 0 0
2006 6 1 50 6.32603 0.00536818 1.56333 6 53 0
2006 7 1 50 19.8337 0.00346722 1.52488 129 53 0
2006 8 1 50 0 0 1.55429 0 0 0
2006 9 1 50 4.69308 0.00639907 1.70417 12 33 0
2006 1 2 50 13.3081 0.00531915 1.46667 108 12 6
2006 2 2 50 0 0 1.43 5 0 0
2006 3 2 50 6.25126 0.0167131 1.46286 21 6 0
2006 4 2 50 9.56786 0.00545384 1.59186 70 42 2
2006 5 2 50 0 0 1.56 1 0 0
2006 6 2 50 5.49051 0.00465917 1.59333 3 46 0
2006 7 2 50 17.2142 0.00300929 1.55592 120 46 0
2006 8 2 50 0 0 1.52794 0 0 0
2006 9 2 50 4.26643 0.00581734 1.56545 11 30 0
2006 1 1 51 24.3982 0.00975177 1.66095 158 22 7
2006 2 1 51 0 0 2.05 6 0 0
2006 3 1 51 3.12563 0.00835655 1.54917 12 3 0
2006 4 1 51 11.3903 0.00649266 1.72611 95 50 2
2006 5 1 51 0 0 1.51143 7 0 0
2006 6 1 51 6.56474 0.00557075 1.95556 9 55 0
2006 7 1 51 26.1955 0.00457935 1.62275 153 70 0
2006 8 1 51 0 0 1.66205 0 0 0
2006 9 1 51 4.97751 0.00678689 1.55522 23 35 0
2006 1 2 51 22.1802 0.00886525 1.5697 133 20 7
2006 2 2 51 0 0 1.4 1 0 0
2006 3 2 51 2.08375 0.00557103 1.56437 16 2 0
2006 4 2 51 12.0737 0.00688222 1.66615 78 53 0
2006 5 2 51 0 0 1.46 2 0 0
2006 6 2 51 7.51962 0.00638104 1.61182 11 63 0
2006 7 2 51 22.8275 0.00399058 1.62268 112 61 1
2006 8 2 51 0 0 1.60779 0 0 0
2006 9 2 51 5.97301 0.00814427 1.60783 23 42 0
2006 1 1 52 26.6162 0.0106383 1.74549 164 24 8
2006 2 1 52 0 0 2 2 0 0
2006 3 1 52 0 0 1.61208 24 0 0
2006 4 1 52 12.7572 0.00727178 1.74299 97 56 2
2006 5 1 52 0 0 1.58 2 0 0
2006 6 1 52 9.19064 0.00779905 1.65 11 77 0
2006 7 1 52 35.9253 0.00628026 1.74984 182 96 2
2006 8 1 52 0 0 1.73398 0 0 0
2006 9 1 52 7.39515 0.0100834 1.66757 37 52 0
2006 1 2 52 27.7252 0.0110816 1.69025 162 25 4
2006 2 2 52 0 0 1.76667 3 0 0
2006 3 2 52 4.16751 0.0111421 1.7725 12 4 0
2006 4 2 52 12.985 0.00740164 1.74886 79 57 0
2006 5 2 52 0 0 1.63 4 0 0
2006 6 2 52 9.07128 0.00769776 1.65 6 76 0
2006 7 2 52 36.6737 0.0064111 1.68632 144 98 0
2006 8 2 52 0 0 1.69773 0 0 0
2006 9 2 52 8.39065 0.0114408 1.62903 31 59 0
2006 1 1 53 21.0712 0.00842199 1.83609 179 19 12
2006 2 1 53 12.3867 0.028169 1.9375 4 2 0
2006 3 1 53 0 0 1.71 8 0 0
2006 4 1 53 12.5293 0.00714193 1.8239 118 55 5
2006 5 1 53 0.444086 0.0114943 1.69 1 1 0
2006 6 1 53 10.0262 0.00850805 1.85727 11 84 0
2006 7 1 53 44.9066 0.00785032 1.81474 251 120 1
2006 8 1 53 0 0 1.715 2 0 0
2006 9 1 53 7.03961 0.0095986 1.74349 43 49.5 0
2006 1 2 53 13.3081 0.00531915 1.81294 160 12 8
2006 2 2 53 0 0 1.825 4 0 0
2006 3 2 53 1.04188 0.00278552 1.822 10 1 0
2006 4 2 53 15.0352 0.00857032 1.889 100 66 2
2006 5 2 53 0 0 2.14 1 0 0
2006 6 2 53 9.42936 0.00800162 1.78833 12 79 0
2006 7 2 53 40.0417 0.00699987 1.82904 240 107 1
2006 8 2 53 0 0 1.83291 0 0 0
2006 9 2 53 5.47526 0.00746558 1.80194 36 38.5 0
2006 1 1 54 22.1802 0.00886525 1.88505 202 20 9
2006 2 1 54 0 0 2 2 0 0
2006 3 1 54 1.04188 0.00278552 1.83571 7 1 0
2006 4 1 54 16.4021 0.00934944 2.0276 154 72 4
2006 5 1 54 0 0 1.97667 3 0 0
2006 6 1 54 12.6521 0.0107364 1.99 10 106 0
2006 7 1 54 55.759 0.00974748 1.91967 301 149 1
2006 8 1 54 0 0 1.92709 0 0 0
2006 9 1 54 10.7372 0.0146403 1.83019 52 75.5 0
2006 1 2 54 31.0522 0.0124113 1.87421 152 28 9
2006 2 2 54 0 0 2.075 4 0 0
2006 3 2 54 0 0 1.862 10 0 0
2006 4 2 54 17.3133 0.00986885 2.00096 125 76 2
2006 5 2 54 0.444086 0.0114943 2.12667 3 1 0
2006 6 2 54 12.1746 0.0103312 1.84619 21 102 0
2006 7 2 54 44.5324 0.0077849 1.91962 260 119 0
2006 8 2 54 0 0 1.73 1 0 0
2006 9 2 54 8.17733 0.0111499 1.72676 37 57.5 0
2006 1 1 55 27.7252 0.0110816 2.01147 211 25 11
2006 2 1 55 6.19333 0.0140845 2.01667 3 1 0
2006 3 1 55 0 0 2.08667 9 0 0
2006 4 1 55 16.1742 0.00921958 2.23956 158 71 3
2006 5 1 55 0 0 1.875 2 0 0
2006 6 1 55 16.5909 0.0140788 2.03444 18 139 0
2006 7 1 55 60.9981 0.0106634 2.03072 345 163 3
2006 8 1 55 0 0 2.0597 0 0 0
2006 9 1 55 9.8128 0.0133799 1.90698 53 69 0
2006 1 2 55 21.0712 0.00842199 2.01639 158 19 10
2006 2 2 55 0 0 2.9 4 0 0
2006 3 2 55 0 0 1.97647 17 0 0
2006 4 2 55 22.0972 0.0125958 2.06893 169 97 1
2006 5 2 55 0 0 2.05 4 0 0
2006 6 2 55 11.3391 0.0096222 1.8455 20 95 0
2006 7 2 55 56.1332 0.0098129 2.00143 287 150 0
2006 8 2 55 0 0 2.01445 0 0 0
2006 9 2 55 7.96401 0.010859 1.89042 48 56 0
2006 1 1 56 25.5072 0.010195 2.16706 238 23 14
2006 2 1 56 0 0 2.23333 6 0 0
2006 3 1 56 2.08375 0.00557103 1.98063 16 2 0
2006 4 1 56 19.1357 0.0109077 2.23206 180 84 3
2006 5 1 56 0 0 2.15 2 0 0
2006 6 1 56 16.7103 0.0141801 2.07333 12 140 0
2006 7 1 56 67.7341 0.0118409 2.11596 394 181 3
2006 8 1 56 0 0 1.63 1 0 0
2006 9 1 56 9.8839 0.0134768 2.00348 66 69.5 0
2006 1 2 56 26.6162 0.0106383 2.18201 159 24 12
2006 2 2 56 6.19333 0.0140845 2.5 1 1 0
2006 3 2 56 5.20938 0.0139276 2.13692 13 5 0
2006 4 2 56 20.7304 0.0118166 2.15533 169 91 0
2006 5 2 56 0 0 1.73333 3 0 0
2006 6 2 56 15.0392 0.0127621 2.22667 15 126 0
2006 7 2 56 56.8817 0.00994374 2.15239 368 152 2
2006 8 2 56 0 0 2.15182 0 0 0
2006 9 2 56 9.8839 0.0134768 2.01463 41 69.5 0
2006 1 1 57 25.5072 0.010195 2.30801 216 23 6
2006 2 1 57 6.19333 0.0140845 2.16 5 1 0
2006 3 1 57 2.08375 0.00557103 2.50333 15 2 0
2006 4 1 57 21.8694 0.0124659 2.33912 194 96 3
2006 5 1 57 0 0 1.995 8 0 0
2006 6 1 57 21.3653 0.0181303 2.28654 26 179 0
2006 7 1 57 85.3225 0.0149156 2.22152 473 228 5
2006 8 1 57 0 0 1.89 2 0 0
2006 9 1 57 10.2394 0.0139616 2.14231 65 72 0
2006 1 2 57 26.6162 0.0106383 2.26626 190 24 7
2006 2 2 57 0 0 2.78333 3 0 0
2006 3 2 57 1.04188 0.00278552 2.30563 16 1 0
2006 4 2 57 21.4138 0.0122062 2.3055 211 94 1
2006 5 2 57 0 0 2.12 4 0 0
2006 6 2 57 18.7394 0.015902 2.2352 25 157 0
2006 7 2 57 65.4888 0.0114484 2.21643 392 175 3
2006 8 2 57 0 0 2.24255 0 0 0
2006 9 2 57 7.11072 0.00969556 2.04458 48 50 0
2006 1 1 58 31.0522 0.0124113 2.45313 243 28 9
2006 2 1 58 6.19333 0.0140845 2.25 3 1 0
2006 3 1 58 2.08375 0.00557103 2.3624 25 2 0
2006 4 1 58 22.7806 0.0129853 2.50584 238 100 5
2006 5 1 58 0 0 2.3 1 0 0
2006 6 1 58 18.5603 0.01575 2.235 18 155.5 0
2006 7 1 58 89.0647 0.0155698 2.31061 559 238 6
2006 8 1 58 0 0 1.94 1 0 0
2006 9 1 58 13.3682 0.0182277 2.15333 72 94 0
2006 1 2 58 22.1802 0.00886525 2.28831 172 20 6
2006 2 2 58 6.19333 0.0140845 2.72 5 1 0
2006 3 2 58 1.04188 0.00278552 2.38063 16 1 0
2006 4 2 58 19.5913 0.0111674 2.42865 192 86 5
2006 5 2 58 0 0 2.22667 3 0 0
2006 6 2 58 19.9926 0.0169655 2.3775 24 167.5 0
2006 7 2 58 81.9545 0.0143268 2.37421 416 219 3
2006 8 2 58 0 0 2.3 1 0 0
2006 9 2 58 11.3772 0.0155129 2.24511 47 80 0
2006 1 1 59 32.1612 0.0128546 2.57415 248 29 13
2006 2 1 59 6.19333 0.0140845 2.85 5 1 0
2006 3 1 59 2.08375 0.00557103 2.42174 23 2 0
2006 4 1 59 26.4255 0.015063 2.56123 228 116 6
2006 5 1 59 0 0 2.31 4 0 0
2006 6 1 59 24.4686 0.0207637 2.33733 30 205 0
2006 7 1 59 116.757 0.0204108 2.44044 572 312 4
2006 8 1 59 0 0 2.04 1 0 0
2006 9 1 59 14.3637 0.019585 2.40535 71 101 0
2006 1 2 59 19.9621 0.00797872 2.50343 172 18 7
2006 2 2 59 0 0 2.96429 7 0 0
2006 3 2 59 2.08375 0.00557103 2.4292 25 2 0
2006 4 2 59 29.387 0.0167511 2.57961 204 129 6
2006 5 2 59 0 0 2.29 6 0 0
2006 6 2 59 20.291 0.0172187 2.5 20 170 0
2006 7 2 59 95.8007 0.0167474 2.46974 498 256 6
2006 8 2 59 0 0 2.65 1 0 0
2006 9 2 59 12.9415 0.0176459 2.36839 62 91 0
2006 1 1 60 46.5783 0.018617 2.70651 281 42 18
2006 2 1 60 12.3867 0.028169 2.66 5 2 0
2006 3 1 60 5.20938 0.0139276 2.58944 18 5 0
2006 4 1 60 35.4239 0.0201922 2.7747 249 155.5 2
2006 5 1 60 0 0 2.325 2 0 0
2006 6 1 60 24.2299 0.0205611 2.45667 33 203 0
2006 7 1 60 113.015 0.0197566 2.55516 630 302 4
2006 8 1 60 0 0 2.62324 0 0 0
2006 9 1 60 19.0567 0.0259841 2.46069 72 134 0
2006 1 2 60 32.1612 0.0128546 2.60481 210 29 12
2006 2 2 60 12.3867 0.028169 2.88333 6 2 0
2006 3 2 60 4.16751 0.0111421 2.69615 13 4 0
2006 4 2 60 28.5897 0.0162966 2.67763 236 125.5 2
2006 5 2 60 0 0 2.37333 6 0 0
2006 6 2 60 24.1105 0.0204598 2.5213 23 202 0
2006 7 2 60 107.776 0.0188408 2.58384 567 288 3
2006 8 2 60 0 0 2.575 2 0 0
2006 9 2 60 12.5149 0.0170642 2.44047 64 88 0
2006 1 1 61 39.9243 0.0159574 2.8422 282 36 13
2006 2 1 61 6.19333 0.0140845 3.21 5 1 0
2006 3 1 61 7.29313 0.0194986 2.80786 28 7 0
2006 4 1 61 36.9046 0.0210362 2.90664 271 162 7
2006 5 1 61 0.888172 0.0229885 2.28125 8 2 0
2006 6 1 61 30.1978 0.0256254 2.72818 33 253 0
2006 7 1 61 132.662 0.0231912 2.65562 649 354.5 3
2006 8 1 61 0 0 2.345 2 0 0
2006 9 1 61 18.7723 0.0255963 2.5685 80 132 0
2006 1 2 61 35.4883 0.0141844 2.86252 226 32 11
2006 2 2 61 18.58 0.0422535 3.11667 3 3 0
2006 3 2 61 2.08375 0.00557103 2.83207 29 2 0
2006 4 2 61 32.8041 0.0186989 2.86423 239 144 4
2006 5 2 61 0 0 2.52818 11 0 0
2006 6 2 61 24.946 0.0211688 2.65911 45 209 0
2006 7 2 61 120.312 0.0210323 2.74129 605 321.5 1
2006 8 2 61 0 0 2.5 2 0 0
2006 9 2 61 12.2304 0.0166764 2.49176 51 86 0
2006 1 1 62 48.7964 0.0195035 2.94107 327 44 16
2006 2 1 62 6.19333 0.0140845 3.05 7 1 0
2006 3 1 62 2.08375 0.00557103 2.92647 34 2 0
2006 4 1 62 42.372 0.0241527 2.99546 315 186 6
2006 5 1 62 0.444086 0.0114943 2.59 4 1 0
2006 6 1 62 29.7204 0.0252203 2.75022 45 249 0
2006 7 1 62 133.41 0.023322 2.84277 621 356.5 5
2006 8 1 62 0 0 2.3 1 0 0
2006 9 1 62 21.2611 0.0289897 2.6936 89 149.5 0
2006 1 2 62 38.8153 0.0155142 2.96612 224 35 11
2006 2 2 62 0 0 3.03 5 0 0
2006 3 2 62 2.08375 0.00557103 2.88846 26 2 0
2006 4 2 62 41.4607 0.0236333 2.99373 284 182 7
2006 5 2 62 0 0 2.674 5 0 0
2006 6 2 62 28.6462 0.0243087 2.80625 32 240 0
2006 7 2 62 126.3 0.022079 2.85303 621 337.5 1
2006 8 2 62 0 0 2.45 3 0 0
2006 9 2 62 17.4213 0.0237541 2.64162 74 122.5 0
2006 1 1 63 64.3225 0.0257092 3.09365 299 58 16
2006 2 1 63 6.19333 0.0140845 3.86 5 1 0
2006 3 1 63 7.29313 0.0194986 2.99029 35 7 0
2006 4 1 63 43.9666 0.0250617 3.17765 307 193 6
2006 5 1 63 0.888172 0.0229885 2.635 6 2 0
2006 6 1 63 30.5559 0.0259293 2.77408 49 256 0
2006 7 1 63 159.044 0.0278032 2.91721 730 425 4
2006 8 1 63 0 0 2.96 1 0 0
2006 9 1 63 16.0702 0.021912 2.82247 77 113 0
2006 1 2 63 37.7063 0.0150709 3.18281 231 34 12
2006 2 2 63 6.19333 0.0140845 3.525 2 1 0
2006 3 2 63 4.16751 0.0111421 3.145 22 4 0
2006 4 2 63 37.588 0.0214258 3.07793 275 165 5
2006 5 2 63 0.888172 0.0229885 2.67556 9 2 0
2006 6 2 63 30.6753 0.0260306 2.99523 44 257 0
2006 7 2 63 132.849 0.0232239 2.98918 661 355 6
2006 8 2 63 0 0 2.65 2 0 0
2006 9 2 63 17.7768 0.0242389 2.85218 78 125 0
2006 1 1 64 56.5594 0.0226064 3.31709 289 51 10
2006 2 1 64 0 0 4.1375 4 0 0
2006 3 1 64 7.29313 0.0194986 3.33515 33 7 0
2006 4 1 64 46.0169 0.0262304 3.29321 293 202 5
2006 5 1 64 0.444086 0.0114943 2.99 4 1 0
2006 6 1 64 34.3754 0.0291705 3.00673 55 288 0
2006 7 1 64 142.953 0.0249902 3.06519 734 382 8
2006 8 1 64 0 0 2.04 1 0 0
2006 9 1 64 24.0342 0.032771 2.99816 87 169 0
2006 1 2 64 49.9054 0.0199468 3.25726 237 45 12
2006 2 2 64 12.3867 0.028169 3.625 2 2 0
2006 3 2 64 8.33501 0.0222841 3.15692 26 8 0
2006 4 2 64 40.5495 0.0231139 3.25924 341 178 6
2006 5 2 64 1.33226 0.0344828 3.02667 6 3 0
2006 6 2 64 33.0624 0.0280563 2.9774 50 277 0
2006 7 2 64 143.327 0.0250556 3.14824 712 383 7
2006 8 2 64 0 0 3.17383 0 0 0
2006 9 2 64 19.0567 0.0259841 2.95638 94 134 0
2006 1 1 65 65.4315 0.0261525 3.39488 291 59 16
2006 2 1 65 6.19333 0.0140845 4.03333 6 1 0
2006 3 1 65 4.16751 0.0111421 3.32286 28 4 0
2006 4 1 65 40.0939 0.0228542 3.50653 331 176 4
2006 5 1 65 0.888172 0.0229885 2.76143 7 2 0
2006 6 1 65 31.0333 0.0263344 3.23444 63 260 0
2006 7 1 65 132.474 0.0231584 3.20063 709 354 5
2006 8 1 65 0 0 3.4 2 0 0
2006 9 1 65 20.55 0.0280202 3.06918 61 144.5 0
2006 1 2 65 44.3603 0.0177305 3.52263 247 40 8
2006 2 2 65 12.3867 0.028169 3.5 3 2 0
2006 3 2 65 7.29313 0.0194986 3.48 29 7 0
2006 4 2 65 46.0169 0.0262304 3.39964 333 202 5
2006 5 2 65 0.888172 0.0229885 2.904 10 2 0
2006 6 2 65 30.3172 0.0257267 3.24904 52 254 0
2006 7 2 65 138.836 0.0242706 3.27475 682 371 6
2006 8 2 65 0 0 3.27 2 0 0
2006 9 2 65 16.4258 0.0223967 3.165 80 115.5 0
2006 1 1 66 46.5783 0.018617 3.55934 287 42 14
2006 2 1 66 0 0 4.25 3 0 0
2006 3 1 66 10.4188 0.0278552 3.52143 28 10 0
2006 4 1 66 42.2581 0.0240878 3.61867 323 185.5 3
2006 5 1 66 2.22043 0.0574713 3.426 5 5 0
2006 6 1 66 31.5108 0.0267396 3.2364 50 264 0
2006 7 1 66 134.346 0.0234855 3.35775 658 359 4
2006 8 1 66 0 0 3.45636 0 0 0
2006 9 1 66 21.1188 0.0287958 3.30721 68 148.5 0
2006 1 2 66 48.7964 0.0195035 3.66658 231 44 13
2006 2 2 66 6.19333 0.0140845 4.6625 4 1 0
2006 3 2 66 11.4606 0.0306407 3.55833 24 11 0
2006 4 2 66 49.7757 0.0283729 3.55879 346 218.5 5
2006 5 2 66 1.33226 0.0344828 3.04 7 3 0
2006 6 2 66 32.4656 0.0275499 3.30467 60 272 0
2006 7 2 66 154.928 0.0270836 3.4164 695 414 3
2006 8 2 66 0 0 3.3 1 0 0
2006 9 2 66 15.1458 0.0206515 3.21477 65 106.5 0
2006 1 1 67 52.1234 0.0208333 3.75898 275 47 23
2006 2 1 67 0 0 4.56167 6 0 0
2006 3 1 67 7.29313 0.0194986 3.74321 28 7 0
2006 4 1 67 41.0051 0.0233736 3.75885 279 180 1
2006 5 1 67 0.888172 0.0229885 3.59143 7 2 0
2006 6 1 67 30.5559 0.0259293 3.48194 62 256 0
2006 7 1 67 128.732 0.0225043 3.46702 644 344 6
2006 8 1 67 0 0 3.335 2 0 0
2006 9 1 67 16.0702 0.021912 3.36443 70 113 0
2006 1 2 67 49.9054 0.0199468 3.73783 253 45 14
2006 2 2 67 6.19333 0.0140845 4.33 5 1 0
2006 3 2 67 12.5025 0.0334262 3.5456 25 12 0
2006 4 2 67 49.6618 0.028308 3.74432 333 218 3
2006 5 2 67 0.888172 0.0229885 3.16889 9 2 0
2006 6 2 67 29.9591 0.0254229 3.3668 75 251 0
2006 7 2 67 149.314 0.0261023 3.5699 705 399 3
2006 8 2 67 0 0 3.3325 4 0 0
2006 9 2 67 16.7813 0.0228815 3.31586 70 118 0
2006 1 1 68 55.4504 0.0221631 3.8272 254 50 15
2006 2 1 68 12.3867 0.028169 3.74054 0 2 0
2006 3 1 68 13.5444 0.0362117 3.90333 12 13 0
2006 4 1 68 34.5127 0.0196728 3.94324 275 151.5 3
2006 5 1 68 1.77634 0.045977 3.53222 9 4 0
2006 6 1 68 26.7961 0.0227388 3.648 60 224.5 0
2006 7 1 68 120.499 0.021065 3.63498 600 322 7
2006 8 1 68 0 0 3.52 2 0 0
2006 9 1 68 15.9991 0.021815 3.57373 51 112.5 0
2006 1 2 68 46.5783 0.018617 3.96636 239 42 12
2006 2 2 68 18.58 0.0422535 4.86667 3 3 0
2006 3 2 68 14.5863 0.0389972 3.83625 16 14 0
2006 4 2 68 51.3703 0.0292819 3.85067 371 225.5 2
2006 5 2 68 0.888172 0.0229885 3.4875 8 2 0
2006 6 2 68 26.5574 0.0225362 3.55857 42 222.5 0
2006 7 2 68 153.805 0.0268873 3.7476 680 411 3
2006 8 2 68 0 0 3.705 4 0 0
2006 9 2 68 17.2791 0.0235602 3.54015 68 121.5 0
2006 1 1 69 37.7063 0.0150709 4.03573 246 34 15
2006 2 1 69 0 0 4.8 1 0 0
2006 3 1 69 15.6281 0.0417827 3.979 10 15 0
2006 4 1 69 29.387 0.0167511 4.02378 249 129 3
2006 5 1 69 1.33226 0.0344828 3.5675 4 3 0
2006 6 1 69 25.4235 0.021574 3.788 40 213 0
2006 7 1 69 111.144 0.0194295 3.76492 559 297 7
2006 8 1 69 0 0 3.87858 0 0 0
2006 9 1 69 14.4348 0.019682 3.70128 47 101.5 0
2006 1 2 69 37.7063 0.0150709 4.15412 255 34 11
2006 2 2 69 0 0 4.6 3 0 0
2006 3 2 69 27.0888 0.0724234 3.818 25 26 0
2006 4 2 69 45.7891 0.0261005 4.0711 326 201 4
2006 5 2 69 1.77634 0.045977 3.762 5 4 0
2006 6 2 69 23.9912 0.0203586 3.83175 40 201 0
2006 7 2 69 138.462 0.0242052 3.87883 650 370 5
2006 8 2 69 0 0 3.44333 3 0 0
2006 9 2 69 16.8524 0.0229785 3.72922 64 118.5 0
2006 1 1 70 36.5973 0.0146277 4.28726 234 33 14
2006 2 1 70 6.19333 0.0140845 4.7 2 1 0
2006 3 1 70 11.4606 0.0306407 4.22273 11 11 0
2006 4 1 70 27.5646 0.0157122 4.31781 242 121 5
2006 5 1 70 0.444086 0.0114943 3.785 6 1 0
2006 6 1 70 21.4846 0.0182315 3.95116 43 180 0
2006 7 1 70 110.021 0.0192333 3.97662 524 294 7
2006 8 1 70 0 0 3.93 2 0 0
2006 9 1 70 12.8704 0.017549 4.03795 44 90.5 0
2006 1 2 70 42.1423 0.016844 4.40439 244 38 11
2006 2 2 70 6.19333 0.0140845 4.95 2 1 0
2006 3 2 70 15.6281 0.0417827 4.17625 16 15 0
2006 4 2 70 43.9666 0.0250617 4.24988 322 193 4
2006 5 2 70 1.77634 0.045977 3.56833 6 4 0
2006 6 2 70 23.6331 0.0200547 3.945 52 198 0
2006 7 2 70 154.928 0.0270836 4.07071 630 414 4
2006 8 2 70 0 0 3.67 1 0 0
2006 9 2 70 16.1413 0.0220089 3.93043 70 113.5 0
2006 1 1 71 47.6874 0.0190603 4.44922 230 43 17
2006 2 1 71 0 0 4.28431 0 0 0
2006 3 1 71 10.4188 0.0278552 4.52273 11 10 0
2006 4 1 71 27.3368 0.0155824 4.42725 222 120 1
2006 5 1 71 0.444086 0.0114943 3.83 5 1 0
2006 6 1 71 18.8587 0.0160032 4.14294 34 158 0
2006 7 1 71 86.071 0.0150464 4.16201 442 230 4
2006 8 1 71 0 0 4 2 0 0
2006 9 1 71 8.39065 0.0114408 3.99838 37 59 0
2006 1 2 71 38.8153 0.0155142 4.54118 237 35 16
2006 2 2 71 12.3867 0.028169 5.3 1 2 0
2006 3 2 71 6.25126 0.0167131 4.50941 17 6 0
2006 4 2 71 34.6266 0.0197377 4.47201 288 152 2
2006 5 2 71 0.444086 0.0114943 3.73333 9 1 0
2006 6 2 71 20.6491 0.0175225 4.22809 47 173 0
2006 7 2 71 122.37 0.0213921 4.2706 582 327 6
2006 8 2 71 0 0 4 1 0 0
2006 9 2 71 13.5104 0.0184216 4.17122 49 95 0
2006 1 1 72 37.7063 0.0150709 4.64014 218 34 16
2006 2 1 72 0 0 4.43644 0 0 0
2006 3 1 72 5.20938 0.0139276 4.52438 16 5 0
2006 4 1 72 19.8191 0.0112972 4.54494 164 87 1
2006 5 1 72 0.888172 0.0229885 3.84 4 2 0
2006 6 1 72 17.0683 0.0144839 4.17969 32 143 0
2006 7 1 72 70.7279 0.0123643 4.30789 384 189 3
2006 8 1 72 0 0 4.43644 0 0 0
2006 9 1 72 9.24394 0.0126042 4.31903 31 65 0
2006 1 2 72 29.9432 0.0119681 4.83394 231 27 14
2006 2 2 72 12.3867 0.028169 4.9 1 2 0
2006 3 2 72 6.25126 0.0167131 4.47 13 6 0
2006 4 2 72 35.7656 0.020387 4.66771 236 157 3
2006 5 2 72 1.33226 0.0344828 4.1575 8 3 0
2006 6 2 72 17.0683 0.0144839 4.34292 48 143 0
2006 7 2 72 110.77 0.0193641 4.47325 493 296 2
2006 8 2 72 0 0 4.02333 3 0 0
2006 9 2 72 10.9505 0.0149312 4.19349 43 77 0
2006 1 1 73 33.2702 0.0132979 4.84544 195 30 17
2006 2 1 73 6.19333 0.0140845 4.60972 0 1 0
2006 3 1 73 6.25126 0.0167131 4.91364 11 6 0
2006 4 1 73 16.6299 0.00947929 4.69719 139 73 3
2006 5 1 73 1.33226 0.0344828 4.95 2 3 0
2006 6 1 73 13.1295 0.0111415 4.3896 25 110 0
2006 7 1 73 57.2559 0.0100092 4.46289 315 153 2
2006 8 1 73 0 0 4.60972 0 0 0
2006 9 1 73 8.39065 0.0114408 4.30412 34 59 0
2006 1 2 73 46.5783 0.018617 5.01065 215 42 13
2006 2 2 73 0 0 4.74144 0 0 0
2006 3 2 73 9.37689 0.0250696 4.64143 7 9 0
2006 4 2 73 27.7924 0.0158421 4.78634 227 122 6
2006 5 2 73 0.888172 0.0229885 4.31 8 2 0
2006 6 2 73 16.1135 0.0136737 4.61129 31 135 0
2006 7 2 73 96.175 0.0168128 4.64012 493 257 3
2006 8 2 73 0 0 4.39 2 0 0
2006 9 2 73 9.52837 0.012992 4.45281 32 67 0
2006 1 1 74 39.9243 0.0159574 5.11652 181 36 20
2006 2 1 74 0 0 4.87713 0 0 0
2006 3 1 74 3.12563 0.00835655 4.16 3 3 0
2006 4 1 74 12.0737 0.00688222 5.04192 130 53 4
2006 5 1 74 0.444086 0.0114943 4.445 4 1 0
2006 6 1 74 8.83256 0.00749519 4.52938 16 74 0
2006 7 1 74 46.7777 0.00817742 4.68767 262 125 2
2006 8 1 74 0 0 4.87713 0 0 0
2006 9 1 74 5.68858 0.00775645 4.64083 24 40 0
2006 1 2 74 35.4883 0.0141844 5.19263 198 32 10
2006 2 2 74 18.58 0.0422535 4.93744 0 3 0
2006 3 2 74 9.37689 0.0250696 4.96125 8 9 0
2006 4 2 74 24.6031 0.0140242 5.0045 191 108 2
2006 5 2 74 1.33226 0.0344828 4.596 10 3 0
2006 6 2 74 15.0392 0.0127621 4.53971 34 126 0
2006 7 2 74 87.1936 0.0152427 4.87261 383 233 2
2006 8 2 74 0 0 4.93744 0 0 0
2006 9 2 74 12.9415 0.0176459 4.41929 42 91 0
2006 1 1 75 34.3793 0.0137411 5.25613 155 31 17
2006 2 1 75 0 0 5.02682 0 0 0
2006 3 1 75 2.08375 0.00557103 4.99167 6 2 0
2006 4 1 75 10.2513 0.0058434 5.16933 105 45 2
2006 5 1 75 0.444086 0.0114943 4.69 1 1 0
2006 6 1 75 7.04218 0.00597589 4.65412 17 59 0
2006 7 1 75 40.0417 0.00699987 4.86162 247 107 3
2006 8 1 75 0 0 5.02682 0 0 0
2006 9 1 75 2.9865 0.00407213 4.89864 22 21 0
2006 1 2 75 28.8342 0.0115248 5.47137 160 26 12
2006 2 2 75 6.19333 0.0140845 5.13185 0 1 0
2006 3 2 75 6.25126 0.0167131 4.93333 9 6 0
2006 4 2 75 22.5528 0.0128555 5.18159 170 99 2
2006 5 2 75 0.888172 0.0229885 4.96857 7 2 0
2006 6 2 75 12.294 0.0104325 4.81406 32 103 0
2006 7 2 75 76.3412 0.0133455 5.03572 367 204 7
2006 8 2 75 0 0 4.4 1 0 0
2006 9 2 75 4.83529 0.00659298 4.64357 28 34 0
2006 1 1 76 22.1802 0.00886525 5.4007 128 20 12
2006 2 1 76 6.19333 0.0140845 5.20558 0 1 0
2006 3 1 76 1.04188 0.00278552 5.17857 7 1 0
2006 4 1 76 6.60638 0.00376574 5.35439 82 29 1
2006 5 1 76 0 0 4.7 6 0 0
2006 6 1 76 5.96795 0.00506432 5.282 10 50 0
2006 7 1 76 32.5573 0.00569148 5.0403 202 87 2
2006 8 1 76 0 0 5.20558 0 0 0
2006 9 1 76 3.34204 0.00455691 5.12706 17 23.5 0
2006 1 2 76 24.3982 0.00975177 5.67157 166 22 17
2006 2 2 76 0 0 5.38339 0 0 0
2006 3 2 76 5.20938 0.0139276 5.30833 6 5 0
2006 4 2 76 17.0855 0.00973899 5.38466 133 75 0
2006 5 2 76 0.888172 0.0229885 5.005 2 2 0
2006 6 2 76 10.5036 0.0089132 5.04688 16 88 0
2006 7 2 76 68.4826 0.0119717 5.25664 301 183 2
2006 8 2 76 0 0 6.7 1 0 0
2006 9 2 76 6.8974 0.00940469 5.25257 35 48.5 0
2006 1 1 77 19.9621 0.00797872 5.74453 137 18 11
2006 2 1 77 0 0 5.46633 0 0 0
2006 3 1 77 3.12563 0.00835655 6.11 5 3 0
2006 4 1 77 6.60638 0.00376574 5.58982 56 29 2
2006 5 1 77 0 0 4.975 2 0 0
2006 6 1 77 5.49051 0.00465917 4.86778 18 46 0
2006 7 1 77 28.0666 0.00490645 5.26137 153 75 1
2006 8 1 77 0 0 5.46633 0 0 0
2006 9 1 77 2.84429 0.00387822 4.953 10 20 0
2006 1 2 77 33.2702 0.0132979 6.06985 132 30 13
2006 2 2 77 18.58 0.0422535 6 1 3 0
2006 3 2 77 1.04188 0.00278552 5.72 8 1 0
2006 4 2 77 20.5026 0.0116868 5.65569 137 90 1
2006 5 2 77 2.22043 0.0574713 4.83714 7 5 0
2006 6 2 77 6.80346 0.00577332 5.61889 18 57 0
2006 7 2 77 55.0106 0.00961664 5.46667 285 147 8
2006 8 2 77 0 0 5.62131 0 0 0
2006 9 2 77 4.40865 0.00601125 4.91773 22 31 0
2006 1 1 78 14.4171 0.00576241 5.96302 126 13 11
2006 2 1 78 0 0 5.71649 0 0 0
2006 3 1 78 3.12563 0.00835655 6.165 2 3 0
2006 4 1 78 6.15077 0.00350604 5.73833 48 27 0
2006 5 1 78 0 0 4.9 2 0 0
2006 6 1 78 2.6259 0.0022283 5.5 12 22 0
2006 7 1 78 22.0791 0.00385974 5.48558 113 59 1
2006 8 1 78 0 0 5.71649 0 0 0
2006 9 1 78 1.49325 0.00203607 5.448 10 10.5 0
2006 1 2 78 25.5072 0.010195 6.33561 148 23 10
2006 2 2 78 6.19333 0.0140845 5.82358 0 1 0
2006 3 2 78 4.16751 0.0111421 5.775 6 4 0
2006 4 2 78 15.9464 0.00908973 5.65417 115 70 1
2006 5 2 78 0.444086 0.0114943 5.27 6 1 0
2006 6 2 78 4.41628 0.00374759 5.54214 14 37 0
2006 7 2 78 54.6364 0.00955122 5.63845 226 146 2
2006 8 2 78 0 0 5.82358 0 0 0
2006 9 2 78 5.33304 0.00727167 5.44 18 37.5 0
2006 1 1 79 11.0901 0.00443262 6.35391 115 10 16
2006 2 1 79 0 0 5.975 0 0 0
2006 3 1 79 1.04188 0.00278552 5.01667 3 1 0
2006 4 1 79 3.87271 0.00220751 6.00263 38 17 1
2006 5 1 79 0 0 4.69 1 0 0
2006 6 1 79 2.38718 0.00202573 5.562 5 20 0
2006 7 1 79 14.5946 0.00255135 5.67425 106 39 1
2006 8 1 79 0 0 6.22 1 0 0
2006 9 1 79 1.13772 0.00155129 5.22333 9 8 0
2006 1 2 79 19.9621 0.00797872 6.53468 139 18 12
2006 2 2 79 6.19333 0.0140845 6.03316 0 1 0
2006 3 2 79 1.04188 0.00278552 6.2 3 1 0
2006 4 2 79 12.5293 0.00714193 5.9799 104 55 3
2006 5 2 79 0.444086 0.0114943 6.025 4 1 0
2006 6 2 79 5.13244 0.00435531 5.678 10 43 0
2006 7 2 79 41.5386 0.00726155 5.7851 206 111 3
2006 8 2 79 0 0 6.03316 0 0 0
2006 9 2 79 4.26643 0.00581734 5.67643 28 30 0
2006 1 1 80 13.3081 0.00531915 6.5832 103 12 13
2006 2 1 80 0 0 6.33229 0 0 0
2006 3 1 80 2.08375 0.00557103 6.33229 0 2 0
2006 4 1 80 3.6449 0.00207765 6.58333 36 16 0
2006 5 1 80 0 0 6.33229 0 0 0
2006 6 1 80 2.26782 0.00192444 6.184 5 19 0
2006 7 1 80 17.5884 0.00307471 5.98678 87 47 2
2006 8 1 80 0 0 6.33229 0 0 0
2006 9 1 80 1.27993 0.0017452 6.04071 14 9 0
2006 1 2 80 31.0522 0.0124113 6.83492 132 28 18
2006 2 2 80 0 0 6.38746 0 0 0
2006 3 2 80 3.12563 0.00835655 6.73333 3 3 0
2006 4 2 80 12.7572 0.00727178 6.54084 83 56 1
2006 5 2 80 0 0 5.856 5 0 0
2006 6 2 80 5.49051 0.00465917 5.67077 13 46 0
2006 7 2 80 35.5511 0.00621484 6.13049 206 95 1
2006 8 2 80 0 0 6.38746 0 0 0
2006 9 2 80 2.70207 0.00368431 5.94722 18 19 0
2006 1 1 81 9.98107 0.00398936 7.00177 96 9 14
2006 2 1 81 0 0 6.63177 0 0 0
2006 3 1 81 1.04188 0.00278552 6.315 4 1 0
2006 4 1 81 3.6449 0.00207765 6.79469 32 16 0
2006 5 1 81 0 0 5.175 2 0 0
2006 6 1 81 2.26782 0.00192444 5.97 3 19 0
2006 7 1 81 14.2204 0.00248593 5.9364 50 38 0
2006 8 1 81 0 0 6.63177 0 0 0
2006 9 1 81 0.711072 0.000969556 6.672 5 5 0
2006 1 2 81 19.9621 0.00797872 7.0569 100 18 15
2006 2 2 81 0 0 6.67109 0 0 0
2006 3 2 81 2.08375 0.00557103 6.085 2 2 0
2006 4 2 81 9.34006 0.00532398 6.65031 65 41 0
2006 5 2 81 0.444086 0.0114943 5.75 2 1 0
2006 6 2 81 4.29692 0.00364631 6.25 9 36 0
2006 7 2 81 33.3057 0.00582232 6.547 160 89 5
2006 8 2 81 0 0 6.67109 0 0 0
2006 9 2 81 3.41315 0.00465387 6.1425 20 24 0
2006 1 1 82 12.1991 0.00487589 7.14808 73 11 14
2006 2 1 82 6.19333 0.0140845 6.86335 0 1 0
2006 3 1 82 0 0 7.1 1 0 0
2006 4 1 82 3.531 0.00201273 7.09696 23 15.5 1
2006 5 1 82 0 0 6.86335 0 0 0
2006 6 1 82 2.0291 0.00172187 6.624 5 17 0
2006 7 1 82 9.72976 0.0017009 6.38979 47 26 2
2006 8 1 82 0 0 6.86335 0 0 0
2006 9 1 82 0.568858 0.000775645 6.37333 6 4 0
2006 1 2 82 16.6351 0.00664894 7.33839 118 15 12
2006 2 2 82 0 0 6.93088 0 0 0
2006 3 2 82 2.08375 0.00557103 7.4 5 2 0
2006 4 2 82 6.72029 0.00383067 6.85733 45 29.5 1
2006 5 2 82 0.888172 0.0229885 6 2 2 0
2006 6 2 82 2.50654 0.00212701 6.33091 11 21 0
2006 7 2 82 26.1955 0.00457935 6.75737 133 70 1
2006 8 2 82 0 0 6.93088 0 0 0
2006 9 2 82 2.41765 0.00329649 5.81786 14 17 0
2006 1 1 83 4.43603 0.00177305 7.31047 85 4 14
2006 2 1 83 0 0 7.00455 0 0 0
2006 3 1 83 0 0 7.00455 0 0 0
2006 4 1 83 2.96148 0.00168809 6.92 17 13 0
2006 5 1 83 0 0 7.00455 0 0 0
2006 6 1 83 1.55167 0.00131672 7.00455 0 13 0
2006 7 1 83 13.0978 0.00228968 6.4425 48 35 0
2006 8 1 83 0 0 7.00455 0 0 0
2006 9 1 83 0.355536 0.000484778 7.40667 6 2.5 0
2006 1 2 83 15.5261 0.00620567 7.78292 106 14 13
2006 2 2 83 12.3867 0.028169 7.30742 0 2 0
2006 3 2 83 2.08375 0.00557103 8 2 2 0
2006 4 2 83 5.92296 0.00337618 7.075 52 26 0
2006 5 2 83 0 0 7.30742 0 0 0
2006 6 2 83 2.98397 0.00253216 6.90375 8 25 0
2006 7 2 83 22.8275 0.00399058 7.07031 131 61 1
2006 8 2 83 0 0 7.30742 0 0 0
2006 9 2 83 2.06211 0.00281171 6.81545 11 14.5 0
2006 1 1 84 7.76306 0.00310284 7.65526 76 7 18
2006 2 1 84 0 0 7.35594 0 0 0
2006 3 1 84 0 0 6.3 1 0 0
2006 4 1 84 1.82245 0.00103883 7.045 12 8 0
2006 5 1 84 0 0 7.35594 0 0 0
2006 6 1 84 1.43231 0.00121544 7.26 4 12 0
2006 7 1 84 7.85865 0.00137381 6.92385 39 21 2
2006 8 1 84 0 0 7.35594 0 0 0
2006 9 1 84 0.639965 0.0008726 6.63 1 4.5 0
2006 1 2 84 8.87207 0.0035461 8.09634 82 8 11
2006 2 2 84 12.3867 0.028169 7.43707 0 2 0
2006 3 2 84 1.04188 0.00278552 8.7 1 1 0
2006 4 2 84 6.37858 0.00363589 7.07463 41 28 0
2006 5 2 84 0 0 6.58333 3 0 0
2006 6 2 84 2.50654 0.00212701 6.73667 6 21 0
2006 7 2 84 24.6986 0.00431768 7.14317 104 66 1
2006 8 2 84 0 0 7.43707 0 0 0
2006 9 2 84 1.77768 0.00242389 7.17583 12 12.5 0
2006 1 1 85 5.54504 0.00221631 8.06718 71 5 13
2006 2 1 85 0 0 7.58203 0 0 0
2006 3 1 85 0 0 7.58203 0 0 0
2006 4 1 85 3.18929 0.00181795 6.50308 13 14 0
2006 5 1 85 0 0 7.58203 0 0 0
2006 6 1 85 0.477436 0.000405145 6.2 2 4 0
2006 7 1 85 8.23288 0.00143923 7.12872 39 22 1
2006 8 1 85 0 0 7.58203 0 0 0
2006 9 1 85 0.142214 0.000193911 7.59 3 1 0
2006 1 2 85 4.43603 0.00177305 8.25485 101 4 12
2006 2 2 85 0 0 7.76333 0 0 0
2006 3 2 85 0 0 8.775 2 0 0
2006 4 2 85 8.42883 0.00480457 7.51737 38 37 0
2006 5 2 85 0 0 7.52 4 0 0
2006 6 2 85 2.6259 0.0022283 6.69818 11 22 0
2006 7 2 85 19.4595 0.00340181 7.45628 86 52 2
2006 8 2 85 0 0 7.76333 0 0 0
2006 9 2 85 1.27993 0.0017452 7.30286 7 9 0
2006 1 1 86 4.43603 0.00177305 8.40018 57 4 9
2006 2 1 86 0 0 7.95161 0 0 0
2006 3 1 86 0 0 7.95161 0 0 0
2006 4 1 86 3.87271 0.00220751 7.59875 8 17 1
2006 5 1 86 0 0 7.4 1 0 0
2006 6 1 86 1.31295 0.00111415 7.95161 0 11 0
2006 7 1 86 5.2391 0.000915871 7.07667 24 14 1
2006 8 1 86 0 0 7.95161 0 0 0
2006 9 1 86 0.142214 0.000193911 7.55333 3 1 0
2006 1 2 86 11.0901 0.00443262 8.68037 82 10 10
2006 2 2 86 0 0 8.12689 0 0 0
2006 3 2 86 2.08375 0.00557103 7.8 1 2 0
2006 4 2 86 6.83419 0.0038956 8.15297 37 30 1
2006 5 2 86 0.888172 0.0229885 7.65 1 2 0
2006 6 2 86 1.67103 0.00141801 7.59167 6 14 0
2006 7 2 86 19.4595 0.00340181 7.73362 69 52 0
2006 8 2 86 0 0 8.12689 0 0 0
2006 9 2 86 1.84879 0.00252085 6.95769 13 13 0
2006 1 1 87 7.76306 0.00310284 8.71209 43 7 8
2006 2 1 87 0 0 8.29077 0 0 0
2006 3 1 87 1.04188 0.00278552 8.29077 0 1 0
2006 4 1 87 1.82245 0.00103883 7.32091 11 8 0
2006 5 1 87 0 0 7.5 2 0 0
2006 6 1 87 1.31295 0.00111415 7.35 1 11 0
2006 7 1 87 6.73599 0.00117755 8.05619 21 18 1
2006 8 1 87 0 0 8.29077 0 0 0
2006 9 1 87 0.568858 0.000775645 8.29077 0 4 0
2006 1 2 87 8.87207 0.0035461 9.08211 76 8 13
2006 2 2 87 0 0 8.46668 0 0 0
2006 3 2 87 2.08375 0.00557103 8.6 2 2 0
2006 4 2 87 5.92296 0.00337618 8.31219 32 26 1
2006 5 2 87 0 0 6.53333 3 0 0
2006 6 2 87 1.55167 0.00131672 7.295 10 13 0
2006 7 2 87 13.8462 0.00242052 8.24828 64 37 2
2006 8 2 87 0 0 5.71 1 0 0
2006 9 2 87 1.70657 0.00232693 7.48625 8 12 0
2006 1 1 88 4.43603 0.00177305 9.10717 53 4 9
2006 2 1 88 0 0 8.7304 0 0 0
2006 3 1 88 0 0 8.4 1 0 0
2006 4 1 88 1.59464 0.000908973 8.842 5 7 1
2006 5 1 88 0 0 8.7304 0 0 0
2006 6 1 88 0.835513 0.000709004 7.4 1 7 0
2006 7 1 88 6.73599 0.00117755 7.48143 14 18 1
2006 8 1 88 0 0 8.7304 0 0 0
2006 9 1 88 0.142214 0.000193911 7.35 1 1 0
2006 1 2 88 8.87207 0.0035461 9.45307 75 8 13
2006 2 2 88 0 0 8.73528 0 0 0
2006 3 2 88 0 0 9.8 1 0 0
2006 4 2 88 4.10051 0.00233736 8.53389 18 18 0
2006 5 2 88 0 0 8.37 1 0 0
2006 6 2 88 1.31295 0.00111415 8.17 4 11 0
2006 7 2 88 14.5946 0.00255135 8.16 69 39 1
2006 8 2 88 0 0 8.73528 0 0 0
2006 9 2 88 1.13772 0.00155129 7.61625 8 8 0
2006 1 1 89 4.43603 0.00177305 9.27712 52 4 9
2006 2 1 89 0 0 8.90973 0 0 0
2006 3 1 89 0 0 8.90973 0 0 0
2006 4 1 89 1.82245 0.00103883 8.29 4 8 0
2006 5 1 89 0 0 8.90973 0 0 0
2006 6 1 89 0.238718 0.000202573 7.5 1 2 0
2006 7 1 89 5.2391 0.000915871 7.7 14 14 1
2006 8 1 89 0 0 8.90973 0 0 0
2006 9 1 89 0.711072 0.000969556 9.77 2 5 0
2006 1 2 89 9.98107 0.00398936 10.1965 63 9 9
2006 2 2 89 0 0 9.2269 0 0 0
2006 3 2 89 0 0 9.2269 0 0 0
2006 4 2 89 4.78393 0.00272692 8.47722 18 21 0
2006 5 2 89 0 0 5.51 1 0 0
2006 6 2 89 2.14846 0.00182315 10.46 1 18 0
2006 7 2 89 13.472 0.0023551 8.57283 53 36 0
2006 8 2 89 0 0 9.2269 0 0 0
2006 9 2 89 1.84879 0.00252085 8.06667 9 13 0
2006 1 1 90 2.21802 0.000886525 9.71667 33 2 9
2006 2 1 90 0 0 9.14642 0 0 0
2006 3 1 90 0 0 9.14642 0 0 0
2006 4 1 90 1.13903 0.000649266 9.2075 4 5 0
2006 5 1 90 0 0 9.14642 0 0 0
2006 6 1 90 0.835513 0.000709004 8.225 4 7 0
2006 7 1 90 7.11021 0.00124297 7.78 11 19 0
2006 8 1 90 0 0 9.14642 0 0 0
2006 9 1 90 0.426643 0.000581734 8.8 1 3 0
2006 1 2 90 6.65405 0.00265957 10.3244 70 6 12
2006 2 2 90 0 0 9.53845 0 0 0
2006 3 2 90 1.04188 0.00278552 10.5 1 1 0
2006 4 2 90 4.78393 0.00272692 8.845 14 21 1
2006 5 2 90 0.444086 0.0114943 10.72 2 1 0
2006 6 2 90 0.954872 0.000810291 8.47 1 8 0
2006 7 2 90 13.0978 0.00228968 8.83731 52 35 2
2006 8 2 90 0 0 9.53845 0 0 0
2006 9 2 90 0.284429 0.000387822 8.15 8 2 0
2006 1 1 91 1.10901 0.000443262 10.1657 30 1 7
2006 2 1 91 0 0 9.69111 0 0 0
2006 3 1 91 1.04188 0.00278552 9.69111 0 1 0
2006 4 1 91 1.02513 0.00058434 8.2075 4 4.5 0
2006 5 1 91 0.888172 0.0229885 9.15 1 2 0
2006 6 1 91 0.835513 0.000709004 10.2 2 7 0
2006 7 1 91 5.2391 0.000915871 9.07 16 14 0
2006 8 1 91 0 0 9.69111 0 0 0
2006 9 1 91 0.142214 0.000193911 10.85 1 1 0
2006 1 2 91 2.21802 0.000886525 10.7082 55 2 12
2006 2 2 91 0 0 9.91614 0 0 0
2006 3 2 91 1.04188 0.00278552 9.91614 0 1 0
2006 4 2 91 2.61977 0.00149331 9.39067 15 11.5 0
2006 5 2 91 0 0 9.25 2 0 0
2006 6 2 91 1.79038 0.0015193 8.57 1 15 0
2006 7 2 91 11.6009 0.002028 9.38604 48 31 0
2006 8 2 91 0 0 9.91614 0 0 0
2006 9 2 91 1.42214 0.00193911 8.65667 6 10 0
2006 1 1 92 3.32702 0.00132979 10.2432 38 3 11
2006 2 1 92 0 0 10.0056 0 0 0
2006 3 1 92 0 0 10.0056 0 0 0
2006 4 1 92 1.59464 0.000908973 11.73 1 7 0
2006 5 1 92 0 0 10.0056 0 0 0
2006 6 1 92 0.835513 0.000709004 8.88 1 7 0
2006 7 1 92 5.98755 0.00104671 8.90333 9 16 0
2006 8 1 92 0 0 10.0056 0 0 0
2006 9 1 92 0.142214 0.000193911 10.3 1 1 0
2006 1 2 92 9.98107 0.00398936 11.0743 42 9 8
2006 2 2 92 0 0 10.1734 0 0 0
2006 3 2 92 0 0 10.1734 0 0 0
2006 4 2 92 2.50587 0.00142839 9.50364 11 11 0
2006 5 2 92 0 0 10.1734 0 0 0
2006 6 2 92 1.55167 0.00131672 8.8775 4 13 0
2006 7 2 92 10.4782 0.00183174 9.63091 33 28 0
2006 8 2 92 0 0 10.1734 0 0 0
2006 9 2 92 0.142214 0.000193911 6.48 2 1 0
2006 1 1 93 1.10901 0.000443262 10.5674 27 1 7
2006 2 1 93 0 0 10.2116 0 0 0
2006 3 1 93 0 0 10.2116 0 0 0
2006 4 1 93 0.911225 0.000519413 6.99 1 4 0
2006 5 1 93 0 0 10.2116 0 0 0
2006 6 1 93 0.835513 0.000709004 10.2116 0 7 0
2006 7 1 93 5.2391 0.000915871 9.87467 15 14 1
2006 8 1 93 0 0 10.2116 0 0 0
2006 9 1 93 0.284429 0.000387822 8.88 1 2 0
2006 1 2 93 5.54504 0.00221631 11.5455 51 5 15
2006 2 2 93 0 0 10.8292 0 0 0
2006 3 2 93 1.04188 0.00278552 10.8292 0 1 0
2006 4 2 93 3.6449 0.00207765 9.74 12 16 0
2006 5 2 93 0.888172 0.0229885 9.6 1 2 0
2006 6 2 93 1.90974 0.00162058 9.5 1 16 0
2006 7 2 93 13.0978 0.00228968 10.2119 27 35 0
2006 8 2 93 0 0 10.8292 0 0 0
2006 9 2 93 0.995501 0.00135738 9.982 5 7 0
2006 1 1 94 2.21802 0.000886525 10.6538 24 2 9
2006 2 1 94 0 0 10.0734 0 0 0
2006 3 1 94 0 0 9 1 0 0
2006 4 1 94 1.59464 0.000908973 10.0734 0 7 0
2006 5 1 94 0 0 10.0734 0 0 0
2006 6 1 94 0.358077 0.000303859 10.0734 0 3 0
2006 7 1 94 3.74222 0.000654193 8.788 10 10 1
2006 8 1 94 0 0 10.0734 0 0 0
2006 9 1 94 0 0 10.0734 0 0 0
2006 1 2 94 4.43603 0.00177305 11.7495 43 4 9
2006 2 2 94 0 0 11.1597 0 0 0
2006 3 2 94 0 0 11.1597 0 0 0
2006 4 2 94 3.87271 0.00220751 11.1822 9 17 0
2006 5 2 94 0.444086 0.0114943 11.1597 0 1 0
2006 6 2 94 1.31295 0.00111415 9.49 1 11 0
2006 7 2 94 12.3493 0.00215884 10.1642 24 33 0
2006 8 2 94 0 0 11.1597 0 0 0
2006 9 2 94 1.70657 0.00232693 11.1597 0 12 0
2006 1 1 95 2.21802 0.000886525 11.1361 23 2 7
2006 2 1 95 0 0 11.07 0 0 0
2006 3 1 95 0 0 11.07 0 0 0
2006 4 1 95 1.82245 0.00103883 11.07 0 8 0
2006 5 1 95 0 0 11.07 0 0 0
2006 6 1 95 0.119359 0.000101286 9.8 1 1 0
2006 7 1 95 3.74222 0.000654193 10.945 2 10 0
2006 8 1 95 0 0 11.07 0 0 0
2006 9 1 95 0 0 11.07 0 0 0
2006 1 2 95 6.65405 0.00265957 12.1386 37 6 9
2006 2 2 95 0 0 11.2665 0 0 0
2006 3 2 95 0 0 11.2665 0 0 0
2006 4 2 95 3.41709 0.0019478 10.7157 7 15 0
2006 5 2 95 0 0 9.21 2 0 0
2006 6 2 95 0.716154 0.000607718 11.2665 0 6 0
2006 7 2 95 8.23288 0.00143923 10.3055 22 22 0
2006 8 2 95 0 0 11.2665 0 0 0
2006 9 2 95 0.284429 0.000387822 10.2133 3 2 0
2006 1 1 96 2.21802 0.000886525 11.3673 22 2 9
2006 2 1 96 0 0 11.2211 0 0 0
2006 3 1 96 0 0 11.2211 0 0 0
2006 4 1 96 0.683419 0.00038956 11.2211 0 3 0
2006 5 1 96 0 0 11.2211 0 0 0
2006 6 1 96 0.596795 0.000506432 11.2211 0 5 0
2006 7 1 96 1.12266 0.000196258 10.7567 3 3 1
2006 8 1 96 0 0 11.2211 0 0 0
2006 9 1 96 0 0 10.31 2 0 0
2006 1 2 96 3.32702 0.00132979 12.4559 32 3 9
2006 2 2 96 0 0 11.7376 0 0 0
2006 3 2 96 0 0 11.7376 0 0 0
2006 4 2 96 2.27806 0.00129853 11.1989 9 10 0
2006 5 2 96 0 0 11.7376 0 0 0
2006 6 2 96 1.07423 0.000911577 11.7376 0 9 0
2006 7 2 96 7.48443 0.00130839 10.7762 16 20 1
2006 8 2 96 0 0 11.7376 0 0 0
2006 9 2 96 0.426643 0.000581734 8.98 1 3 0
2006 1 1 97 1.10901 0.000443262 11.6362 16 1 7
2006 2 1 97 0 0 11.6359 0 0 0
2006 3 1 97 0 0 11.6359 0 0 0
2006 4 1 97 0.227806 0.000129853 11.6359 0 1 0
2006 5 1 97 0 0 11.6359 0 0 0
2006 6 1 97 0.417756 0.000354502 11.6359 0 3.5 0
2006 7 1 97 2.24533 0.000392516 11.808 5 6 0
2006 8 1 97 0 0 11.6359 0 0 0
2006 9 1 97 0.142214 0.000193911 10.77 1 1 0
2006 1 2 97 2.21802 0.000886525 13.047 43 2 10
2006 2 2 97 0 0 12.4019 0 0 0
2006 3 2 97 0 0 12.4019 0 0 0
2006 4 2 97 2.73368 0.00155824 11.288 5 12 0
2006 5 2 97 0.444086 0.0114943 12.4019 0 1 0
2006 6 2 97 0.417756 0.000354502 10.15 1 3.5 0
2006 7 2 97 5.2391 0.000915871 11.2956 18 14 0
2006 8 2 97 0 0 12.4019 0 0 0
2006 9 2 97 0.426643 0.000581734 12.4019 0 3 0
2006 1 1 98 2.21802 0.000886525 12.6232 19 2 7
2006 2 1 98 0 0 12.3952 0 0 0
2006 3 1 98 0 0 12.3952 0 0 0
2006 4 1 98 0.455613 0.000259707 10.43 1 2 0
2006 5 1 98 0 0 12.3952 0 0 0
2006 6 1 98 0.596795 0.000506432 12.3952 0 5 0
2006 7 1 98 2.24533 0.000392516 11.6067 3 6 0
2006 8 1 98 0 0 12.3952 0 0 0
2006 9 1 98 0 0 12.3952 0 0 0
2006 1 2 98 4.43603 0.00177305 13.4104 27 4 6
2006 2 2 98 0 0 12.3612 0 0 0
2006 3 2 98 0 0 12.3612 0 0 0
2006 4 2 98 1.82245 0.00103883 9.49 1 8 0
2006 5 2 98 0 0 12.3612 0 0 0
2006 6 2 98 1.19359 0.00101286 11.43 1 10 0
2006 7 2 98 6.73599 0.00117755 10.6715 13 18 0
2006 8 2 98 0 0 12.3612 0 0 0
2006 9 2 98 0.853287 0.00116347 9.8 1 6 0
2006 1 1 99 0 0 11.5992 12 0 7
2006 2 1 99 0 0 11.3433 0 0 0
2006 3 1 99 0 0 11.3433 0 0 0
2006 4 1 99 0.683419 0.00038956 10.2 1 3 0
2006 5 1 99 0 0 11.3433 0 0 0
2006 6 1 99 0.119359 0.000101286 12.76 1 1 0
2006 7 1 99 2.61955 0.000457935 10.5075 4 7 0
2006 8 1 99 0 0 11.3433 0 0 0
2006 9 1 99 0 0 11.3433 0 0 0
2006 1 2 99 3.32702 0.00132979 13.5333 30 3 8
2006 2 2 99 0 0 13.3545 0 0 0
2006 3 2 99 0 0 13.3545 0 0 0
2006 4 2 99 1.59464 0.000908973 13.6075 4 7 1
2006 5 2 99 0 0 13.3545 0 0 0
2006 6 2 99 0.477436 0.000405145 13.3545 0 4 0
2006 7 2 99 7.48443 0.00130839 12.76 5 20 0
2006 8 2 99 0 0 13.3545 0 0 0
2006 9 2 99 0.142214 0.000193911 9.95 1 1 0
2006 1 1 100 0 0 12.8493 15 0 5
2006 2 1 100 0 0 12.7622 0 0 0
2006 3 1 100 0 0 12.7622 0 0 0
2006 4 1 100 0.911225 0.000519413 13.1 1 4 0
2006 5 1 100 0 0 12.7622 0 0 0
2006 6 1 100 0.358077 0.000303859 12.7622 0 3 0
2006 7 1 100 0.374222 6.54193e-05 11.94 2 1 0
2006 8 1 100 0 0 12.7622 0 0 0
2006 9 1 100 0 0 12.7622 0 0 0
2006 1 2 100 3.32702 0.00132979 14.1312 26 3 9
2006 2 2 100 0 0 13.6041 0 0 0
2006 3 2 100 0 0 13.6041 0 0 0
2006 4 2 100 1.82245 0.00103883 10.2 1 8 0
2006 5 2 100 0 0 10.7 1 0 0
2006 6 2 100 1.07423 0.000911577 11.84 1 9 0
2006 7 2 100 5.61332 0.00098129 13.0671 7 15 0
2006 8 2 100 0 0 13.6041 0 0 0
2006 9 2 100 0.142214 0.000193911 11.73 1 1 0
2006 1 1 101 0 0 13.7686 7 0 0
2006 2 1 101 0 0 13.36 0 0 0
2006 3 1 101 0 0 13.36 0 0 0
2006 4 1 101 0.227806 0.000129853 13.36 0 1 0
2006 5 1 101 0 0 13.36 0 0 0
2006 6 1 101 0.119359 0.000101286 13.36 0 1 0
2006 7 1 101 1.12266 0.000196258 10.5 1 3 0
2006 8 1 101 0 0 13.36 0 0 0
2006 9 1 101 0 0 13.36 0 0 0
2006 1 2 101 2.21802 0.000886525 15.0691 22 2 8
2006 2 2 101 0 0 14.2925 0 0 0
2006 3 2 101 0 0 14.2925 0 0 0
2006 4 2 101 1.13903 0.000649266 14.2925 0 5 0
2006 5 2 101 0 0 14.2925 0 0 0
2006 6 2 101 0.596795 0.000506432 14.2925 0 5 0
2006 7 2 101 4.11644 0.000719613 12.584 10 11 0
2006 8 2 101 0 0 14.2925 0 0 0
2006 9 2 101 0 0 14.2925 0 0 0
2006 1 1 102 1.10901 0.000443262 11.775 2 1 1
2006 2 1 102 0 0 11.76 0 0 0
2006 3 1 102 0 0 11.76 0 0 0
2006 4 1 102 0.227806 0.000129853 11.73 1 1 0
2006 5 1 102 0 0 11.76 0 0 0
2006 6 1 102 0.238718 0.000202573 11.76 0 2 0
2006 7 1 102 1.49689 0.000261677 11.76 0 4 0
2006 8 1 102 0 0 11.76 0 0 0
2006 9 1 102 0 0 11.76 0 0 0
2006 1 2 102 0 0 14.6223 22 0 8
2006 2 2 102 0 0 14.4433 0 0 0
2006 3 2 102 0 0 14.4433 0 0 0
2006 4 2 102 1.82245 0.00103883 14.35 2 8 0
2006 5 2 102 0 0 14.4433 0 0 0
2006 6 2 102 0.119359 0.000101286 14.4433 0 1 0
2006 7 2 102 2.99377 0.000523355 13.055 2 8 0
2006 8 2 102 0 0 14.4433 0 0 0
2006 9 2 102 0.284429 0.000387822 13.47 1 2 0
2006 1 1 103 0 0 14.4917 6 0 2
2006 2 1 103 0 0 14.0243 0 0 0
2006 3 1 103 0 0 14.0243 0 0 0
2006 4 1 103 0 0 14.0243 0 0 0
2006 5 1 103 0 0 14.0243 0 0 0
2006 6 1 103 0 0 14.0243 0 0 0
2006 7 1 103 0.374222 6.54193e-05 11.22 1 1 0
2006 8 1 103 0 0 14.0243 0 0 0
2006 9 1 103 0.284429 0.000387822 14.0243 0 2 0
2006 1 2 103 2.21802 0.000886525 15.8867 15 2 6
2006 2 2 103 0 0 15.4547 0 0 0
2006 3 2 103 0 0 15.4547 0 0 0
2006 4 2 103 0.455613 0.000259707 15.4547 0 2 0
2006 5 2 103 0 0 15.4547 0 0 0
2006 6 2 103 0.716154 0.000607718 15.4547 0 6 0
2006 7 2 103 0.748443 0.000130839 13.835 4 2 0
2006 8 2 103 0 0 15.4547 0 0 0
2006 9 2 103 0.142214 0.000193911 15.4547 0 1 0
2006 1 1 104 0 0 13.67 1 0 0
2006 2 1 104 0 0 13.47 0 0 0
2006 3 1 104 0 0 13.47 0 0 0
2006 4 1 104 0.227806 0.000129853 13.47 0 1 0
2006 5 1 104 0 0 13.47 0 0 0
2006 6 1 104 0.119359 0.000101286 13.47 0 1 0
2006 7 1 104 0 0 13.27 1 0 0
2006 8 1 104 0 0 13.47 0 0 0
2006 9 1 104 0 0 13.47 0 0 0
2006 1 2 104 3.32702 0.00132979 15.207 10 3 2
2006 2 2 104 0 0 14.351 0 0 0
2006 3 2 104 0 0 14.351 0 0 0
2006 4 2 104 1.13903 0.000649266 13.06 1 5 0
2006 5 2 104 0 0 10 1 0 0
2006 6 2 104 0.358077 0.000303859 11.43 1 3 0
2006 7 2 104 1.87111 0.000327097 14.3514 7 5 0
2006 8 2 104 0 0 14.351 0 0 0
2006 9 2 104 0.142214 0.000193911 14.351 0 1 0
2006 1 1 105 0 0 13.3 1 0 1
2006 2 1 105 0 0 12.62 0 0 0
2006 3 1 105 0 0 12.62 0 0 0
2006 4 1 105 0 0 12.62 0 0 0
2006 5 1 105 0 0 12.62 0 0 0
2006 6 1 105 0 0 11.94 1 0 0
2006 7 1 105 0.748443 0.000130839 12.62 0 2 0
2006 8 1 105 0 0 12.62 0 0 0
2006 9 1 105 0 0 12.62 0 0 0
2006 1 2 105 1.10901 0.000443262 15.3722 9 1 3
2006 2 2 105 0 0 15.2277 0 0 0
2006 3 2 105 0 0 15.2277 0 0 0
2006 4 2 105 0.227806 0.000129853 15.2277 0 1 0
2006 5 2 105 0 0 15.2277 0 0 0
2006 6 2 105 0.238718 0.000202573 15.2277 0 2 0
2006 7 2 105 2.24533 0.000392516 15.8033 3 6 0
2006 8 2 105 0 0 12.2 1 0 0
2006 9 2 105 0 0 15.2277 0 0 0
2006 1 1 106 0 0 16.28 0 0 0
2006 2 1 106 0 0 16.28 0 0 0
2006 3 1 106 0 0 16.28 0 0 0
2006 4 1 106 0 0 16.28 0 0 0
2006 5 1 106 0 0 16.28 0 0 0
2006 6 1 106 0 0 16.28 0 0 0
2006 7 1 106 0 0 16.28 0 0 0
2006 8 1 106 0 0 16.28 0 0 0
2006 9 1 106 0 0 16.28 0 0 0
2006 1 2 106 2.21802 0.000886525 16.3444 9 2 6
2006 2 2 106 0 0 16.28 0 0 0
2006 3 2 106 0 0 16.28 0 0 0
2006 4 2 106 1.13903 0.000649266 16.28 0 5 0
2006 5 2 106 0 0 16.28 0 0 0
2006 6 2 106 0.238718 0.000202573 16.28 0 2 0
2006 7 2 106 0.374222 6.54193e-05 15.7 1 1 0
2006 8 2 106 0 0 16.28 0 0 0
2006 9 2 106 0.142214 0.000193911 16.28 0 1 0
2006 1 1 107 0 0 16.3 1 0 0
2006 2 1 107 0 0 16.3 0 0 0
2006 3 1 107 0 0 16.3 0 0 0
2006 4 1 107 0.227806 0.000129853 16.3 0 1 0
2006 5 1 107 0 0 16.3 0 0 0
2006 6 1 107 0 0 16.3 0 0 0
2006 7 1 107 0 0 16.3 0 0 0
2006 8 1 107 0 0 16.3 0 0 0
2006 9 1 107 0 0 16.3 0 0 0
2006 1 2 107 0 0 16.2429 7 0 3
2006 2 2 107 0 0 15.8325 0 0 0
2006 3 2 107 0 0 15.8325 0 0 0
2006 4 2 107 0.683419 0.00038956 15.8325 0 3 0
2006 5 2 107 0 0 15.8325 0 0 0
2006 6 2 107 0 0 15.8325 0 0 0
2006 7 2 107 0.748443 0.000130839 12.96 1 2 0
2006 8 2 107 0 0 15.8325 0 0 0
2006 9 2 107 0 0 15.8325 0 0 0
2006 1 1 108 0 0 15.82 1 0 0
2006 2 1 108 0 0 15.82 0 0 0
2006 3 1 108 0 0 15.82 0 0 0
2006 4 1 108 0 0 15.82 0 0 0
2006 5 1 108 0 0 15.82 0 0 0
2006 6 1 108 0 0 15.82 0 0 0
2006 7 1 108 0 0 15.82 0 0 0
2006 8 1 108 0 0 15.82 0 0 0
2006 9 1 108 0 0 15.82 0 0 0
2006 1 2 108 0 0 15.366 5 0 1
2006 2 2 108 0 0 15.6617 0 0 0
2006 3 2 108 0 0 15.6617 0 0 0
2006 4 2 108 0 0 15.6617 0 0 0
2006 5 2 108 0 0 15.6617 0 0 0
2006 6 2 108 0 0 15.6617 0 0 0
2006 7 2 108 0 0 17.14 1 0 0
2006 8 2 108 0 0 15.6617 0 0 0
2006 9 2 108 0 0 15.6617 0 0 0
2006 1 1 109 0 0 14.5 1 0 0
2006 2 1 109 0 0 14.5 0 0 0
2006 3 1 109 0 0 14.5 0 0 0
2006 4 1 109 0.227806 0.000129853 14.5 0 1 0
2006 5 1 109 0 0 14.5 0 0 0
2006 6 1 109 0 0 14.5 0 0 0
2006 7 1 109 0 0 14.5 0 0 0
2006 8 1 109 0 0 14.5 0 0 0
2006 9 1 109 0 0 14.5 0 0 0
2006 1 2 109 0 0 16.0971 7 0 4
2006 2 2 109 0 0 15.8538 0 0 0
2006 3 2 109 0 0 15.8538 0 0 0
2006 4 2 109 0 0 15.8538 0 0 0
2006 5 2 109 0 0 14.15 1 0 0
2006 6 2 109 0 0 15.8538 0 0 0
2006 7 2 109 0 0 15.8538 0 0 0
2006 8 2 109 0 0 15.8538 0 0 0
2006 9 2 109 0 0 15.8538 0 0 0
2006 1 1 110 0 0 16.754 0 0 0
2006 2 1 110 0 0 16.754 0 0 0
2006 3 1 110 0 0 16.754 0 0 0
2006 4 1 110 0 0 16.754 0 0 0
2006 5 1 110 0 0 16.754 0 0 0
2006 6 1 110 0 0 16.754 0 0 0
2006 7 1 110 0 0 16.754 0 0 0
2006 8 1 110 0 0 16.754 0 0 0
2006 9 1 110 0 0 16.754 0 0 0
2006 1 2 110 0 0 16.9833 3 0 1
2006 2 2 110 0 0 16.754 0 0 0
2006 3 2 110 0 0 16.754 0 0 0
2006 4 2 110 0 0 16.754 0 0 0
2006 5 2 110 0 0 16.754 0 0 0
2006 6 2 110 0 0 16.754 0 0 0
2006 7 2 110 0.374222 6.54193e-05 16.41 2 1 0
2006 8 2 110 0 0 16.754 0 0 0
2006 9 2 110 0 0 16.754 0 0 0
2006 1 1 111 0 0 18 0 0 0
2006 2 1 111 0 0 18 0 0 0
2006 3 1 111 0 0 18 0 0 0
2006 4 1 111 0 0 18 0 0 0
2006 5 1 111 0 0 18 0 0 0
2006 6 1 111 0 0 18 0 0 0
2006 7 1 111 0 0 18 0 0 0
2006 8 1 111 0 0 18 0 0 0
2006 9 1 111 0 0 18 0 0 0
2006 1 2 111 0 0 18 1 0 0
2006 2 2 111 0 0 18 0 0 0
2006 3 2 111 0 0 18 0 0 0
2006 4 2 111 0 0 18 0 0 0
2006 5 2 111 0 0 18 0 0 0
2006 6 2 111 0 0 18 0 0 0
2006 7 2 111 0 0 18 0 0 0
2006 8 2 111 0 0 18 0 0 0
2006 9 2 111 0 0 18 0 0 0
2006 1 1 112 0 0 0 0 0 0
2006 2 1 112 0 0 0 0 0 0
2006 3 1 112 0 0 0 0 0 0
2006 4 1 112 0 0 0 0 0 0
2006 5 1 112 0 0 0 0 0 0
2006 6 1 112 0 0 0 0 0 0
2006 7 1 112 0 0 0 0 0 0
2006 8 1 112 0 0 0 0 0 0
2006 9 1 112 0 0 0 0 0 0
2006 1 2 112 0 0 0 0 0 0
2006 2 2 112 0 0 0 0 0 0
2006 3 2 112 0 0 0 0 0 0
2006 4 2 112 0 0 0 0 0 0
2006 5 2 112 0 0 0 0 0 0
2006 6 2 112 0 0 0 0 0 0
2006 7 2 112 0 0 0 0 0 0
2006 8 2 112 0 0 0 0 0 0
2006 9 2 112 0 0 0 0 0 0
2006 1 1 113 0 0 14.49 0 0 0
2006 2 1 113 0 0 14.49 0 0 0
2006 3 1 113 0 0 14.49 0 0 0
2006 4 1 113 0 0 14.49 0 0 0
2006 5 1 113 0 0 14.49 0 0 0
2006 6 1 113 0 0 14.49 0 0 0
2006 7 1 113 0 0 14.49 0 0 0
2006 8 1 113 0 0 14.49 0 0 0
2006 9 1 113 0 0 14.49 0 0 0
2006 1 2 113 0 0 14.49 0 0 0
2006 2 2 113 0 0 14.49 0 0 0
2006 3 2 113 0 0 14.49 0 0 0
2006 4 2 113 0 0 14.49 1 0 0
2006 5 2 113 0 0 14.49 0 0 0
2006 6 2 113 0 0 14.49 0 0 0
2006 7 2 113 0 0 14.49 0 0 0
2006 8 2 113 0 0 14.49 0 0 0
2006 9 2 113 0 0 14.49 0 0 0
2006 1 1 114 0 0 0 0 0 0
2006 2 1 114 0 0 0 0 0 0
2006 3 1 114 0 0 0 0 0 0
2006 4 1 114 0 0 0 0 0 0
2006 5 1 114 0 0 0 0 0 0
2006 6 1 114 0 0 0 0 0 0
2006 7 1 114 0 0 0 0 0 0
2006 8 1 114 0 0 0 0 0 0
2006 9 1 114 0 0 0 0 0 0
2006 1 2 114 0 0 0 0 0 0
2006 2 2 114 0 0 0 0 0 0
2006 3 2 114 0 0 0 0 0 0
2006 4 2 114 0 0 0 0 0 0
2006 5 2 114 0 0 0 0 0 0
2006 6 2 114 0 0 0 0 0 0
2006 7 2 114 0 0 0 0 0 0
2006 8 2 114 0 0 0 0 0 0
2006 9 2 114 0 0 0 0 0 0
2006 1 1 115 0 0 0 0 0 0
2006 2 1 115 0 0 0 0 0 0
2006 3 1 115 0 0 0 0 0 0
2006 4 1 115 0 0 0 0 0 0
2006 5 1 115 0 0 0 0 0 0
2006 6 1 115 0 0 0 0 0 0
2006 7 1 115 0 0 0 0 0 0
2006 8 1 115 0 0 0 0 0 0
2006 9 1 115 0 0 0 0 0 0
2006 1 2 115 0 0 0 0 0 0
2006 2 2 115 0 0 0 0 0 0
2006 3 2 115 0 0 0 0 0 0
2006 4 2 115 0 0 0 0 0 0
2006 5 2 115 0 0 0 0 0 0
2006 6 2 115 0 0 0 0 0 0
2006 7 2 115 0 0 0 0 0 0
2006 8 2 115 0 0 0 0 0 0
2006 9 2 115 0 0 0 0 0 0
2006 1 1 116 0 0 0 0 0 0
2006 2 1 116 0 0 0 0 0 0
2006 3 1 116 0 0 0 0 0 0
2006 4 1 116 0 0 0 0 0 0
2006 5 1 116 0 0 0 0 0 0
2006 6 1 116 0 0 0 0 0 0
2006 7 1 116 0 0 0 0 0 0
2006 8 1 116 0 0 0 0 0 0
2006 9 1 116 0 0 0 0 0 0
2006 1 2 116 0 0 0 0 0 0
2006 2 2 116 0 0 0 0 0 0
2006 3 2 116 0 0 0 0 0 0
2006 4 2 116 0 0 0 0 0 0
2006 5 2 116 0 0 0 0 0 0
2006 6 2 116 0 0 0 0 0 0
2006 7 2 116 0 0 0 0 0 0
2006 8 2 116 0 0 0 0 0 0
2006 9 2 116 0 0 0 0 0 0
2006 1 1 117 0 0 0 0 0 0
2006 2 1 117 0 0 0 0 0 0
2006 3 1 117 0 0 0 0 0 0
2006 4 1 117 0 0 0 0 0 0
2006 5 1 117 0 0 0 0 0 0
2006 6 1 117 0 0 0 0 0 0
2006 7 1 117 0 0 0 0 0 0
2006 8 1 117 0 0 0 0 0 0
2006 9 1 117 0 0 0 0 0 0
2006 1 2 117 0 0 0 0 0 0
2006 2 2 117 0 0 0 0 0 0
2006 3 2 117 0 0 0 0 0 0
2006 4 2 117 0 0 0 0 0 0
2006 5 2 117 0 0 0 0 0 0
2006 6 2 117 0 0 0 0 0 0
2006 7 2 117 0 0 0 0 0 0
2006 8 2 117 0 0 0 0 0 0
2006 9 2 117 0 0 0 0 0 0
2006 1 1 118 0 0 0 0 0 0
2006 2 1 118 0 0 0 0 0 0
2006 3 1 118 0 0 0 0 0 0
2006 4 1 118 0 0 0 0 0 0
2006 5 1 118 0 0 0 0 0 0
2006 6 1 118 0 0 0 0 0 0
2006 7 1 118 0 0 0 0 0 0
2006 8 1 118 0 0 0 0 0 0
2006 9 1 118 0 0 0 0 0 0
2006 1 2 118 0 0 0 0 0 0
2006 2 2 118 0 0 0 0 0 0
2006 3 2 118 0 0 0 0 0 0
2006 4 2 118 0 0 0 0 0 0
2006 5 2 118 0 0 0 0 0 0
2006 6 2 118 0 0 0 0 0 0
2006 7 2 118 0 0 0 0 0 0
2006 8 2 118 0 0 0 0 0 0
2006 9 2 118 0 0 0 0 0 0
2006 1 1 119 0 0 0 0 0 0
2006 2 1 119 0 0 0 0 0 0
2006 3 1 119 0 0 0 0 0 0
2006 4 1 119 0 0 0 0 0 0
2006 5 1 119 0 0 0 0 0 0
2006 6 1 119 0 0 0 0 0 0
2006 7 1 119 0 0 0 0 0 0
2006 8 1 119 0 0 0 0 0 0
2006 9 1 119 0 0 0 0 0 0
2006 1 2 119 0 0 0 0 0 0
2006 2 2 119 0 0 0 0 0 0
2006 3 2 119 0 0 0 0 0 0
2006 4 2 119 0 0 0 0 0 0
2006 5 2 119 0 0 0 0 0 0
2006 6 2 119 0 0 0 0 0 0
2006 7 2 119 0 0 0 0 0 0
2006 8 2 119 0 0 0 0 0 0
2006 9 2 119 0 0 0 0 0 0
2006 1 1 120 0 0 0 0 0 0
2006 2 1 120 0 0 0 0 0 0
2006 3 1 120 0 0 0 0 0 0
2006 4 1 120 0 0 0 0 0 0
2006 5 1 120 0 0 0 0 0 0
2006 6 1 120 0 0 0 0 0 0
2006 7 1 120 0 0 0 0 0 0
2006 8 1 120 0 0 0 0 0 0
2006 9 1 120 0 0 0 0 0 0
2006 1 2 120 0 0 0 0 0 0
2006 2 2 120 0 0 0 0 0 0
2006 3 2 120 0 0 0 0 0 0
2006 4 2 120 0 0 0 0 0 0
2006 5 2 120 0 0 0 0 0 0
2006 6 2 120 0 0 0 0 0 0
2006 7 2 120 0 0 0 0 0 0
2006 8 2 120 0 0 0 0 0 0
2006 9 2 120 0 0 0 0 0 0
