year stratum sex length freq prop avg_wt nwt_samples nlen_samples naged
2003 1 1 9 0 0 0 0 0 0
2003 2 1 9 0 0 0 0 0 0
2003 3 1 9 0 0 0 0 0 0
2003 4 1 9 0 0 0 0 0 0
2003 5 1 9 0 0 0 0 0 0
2003 6 1 9 0 0 0 0 0 0
2003 7 1 9 0 0 0 0 0 0
2003 8 1 9 0 2.91338e-307 0 0 0 0
2003 9 1 9 0 0 0 0 0 0
2003 1 2 9 0 0 0 0 0 0
2003 2 2 9 0 0 0 0 0 0
2003 3 2 9 0 0 0 0 0 0
2003 4 2 9 0 0 0 0 0 0
2003 5 2 9 0 0 0 0 0 0
2003 6 2 9 0 0 0 0 0 0
2003 7 2 9 0 0 0 0 0 0
2003 8 2 9 0 2.91338e-307 0 0 0 0
2003 9 2 9 0 0 0 0 0 0
2003 1 1 10 0 0 0 0 0 0
2003 2 1 10 0 0 0 0 0 0
2003 3 1 10 0 0 0 0 0 0
2003 4 1 10 0 0 0 0 0 0
2003 5 1 10 0 0 0 0 0 0
2003 6 1 10 0 0 0 0 0 0
2003 7 1 10 0 0 0 0 0 0
2003 8 1 10 0 0 0 0 0 0
2003 9 1 10 0 0 0 0 0 0
2003 1 2 10 0 0 0 0 0 0
2003 2 2 10 0 0 0 0 0 0
2003 3 2 10 0 0 0 0 0 0
2003 4 2 10 0 0 0 0 0 0
2003 5 2 10 0 0 0 0 0 0
2003 6 2 10 0 0 0 0 0 0
2003 7 2 10 0 0 0 0 0 0
2003 8 2 10 0 0 0 0 0 0
2003 9 2 10 0 0 0 0 0 0
2003 1 1 11 0 0 0 0 0 0
2003 2 1 11 0 0 0 0 0 0
2003 3 1 11 0 0 0 0 0 0
2003 4 1 11 0 0 0 0 0 0
2003 5 1 11 0 0 0 0 0 0
2003 6 1 11 0 0 0 0 0 0
2003 7 1 11 0 0 0 0 0 0
2003 8 1 11 0 0 0 0 0 0
2003 9 1 11 0 0 0 0 0 0
2003 1 2 11 0 0 0 0 0 0
2003 2 2 11 0 0 0 0 0 0
2003 3 2 11 0 0 0 0 0 0
2003 4 2 11 0 0 0 0 0 0
2003 5 2 11 0 0 0 0 0 0
2003 6 2 11 0 0 0 0 0 0
2003 7 2 11 0 0 0 0 0 0
2003 8 2 11 0 0 0 0 0 0
2003 9 2 11 0 0 0 0 0 0
2003 1 1 12 0 0 0 0 0 0
2003 2 1 12 0 0 0 0 0 0
2003 3 1 12 0 0 0 0 0 0
2003 4 1 12 0 0 0 0 0 0
2003 5 1 12 0 0 0 0 0 0
2003 6 1 12 0 0 0 0 0 0
2003 7 1 12 0 0 0 0 0 0
2003 8 1 12 0 0 0 0 0 0
2003 9 1 12 0 0 0 0 0 0
2003 1 2 12 0 0 0 0 0 0
2003 2 2 12 0 0 0 0 0 0
2003 3 2 12 0 0 0 0 0 0
2003 4 2 12 0 0 0 0 0 0
2003 5 2 12 0 0 0 0 0 0
2003 6 2 12 0 0 0 0 0 0
2003 7 2 12 0 0 0 0 0 0
2003 8 2 12 0 0 0 0 0 0
2003 9 2 12 0 0 0 0 0 0
2003 1 1 13 0 0 0 0 0 0
2003 2 1 13 0 0 0 0 0 0
2003 3 1 13 0 0 0 0 0 0
2003 4 1 13 0 0 0 0 0 0
2003 5 1 13 0 0 0 0 0 0
2003 6 1 13 0 0 0 0 0 0
2003 7 1 13 0 0 0 0 0 0
2003 8 1 13 0 0 0 0 0 0
2003 9 1 13 0 0 0 0 0 0
2003 1 2 13 0 0 0 0 0 0
2003 2 2 13 0 0 0 0 0 0
2003 3 2 13 0 0 0 0 0 0
2003 4 2 13 0 0 0 0 0 0
2003 5 2 13 0 0 0 0 0 0
2003 6 2 13 0 0 0 0 0 0
2003 7 2 13 0 0 0 0 0 0
2003 8 2 13 0 0 0 0 0 0
2003 9 2 13 0 0 0 0 0 0
2003 1 1 14 0 0 0 0 0 0
2003 2 1 14 0 0 0 0 0 0
2003 3 1 14 0 0 0 0 0 0
2003 4 1 14 0 0 0 0 0 0
2003 5 1 14 0 0 0 0 0 0
2003 6 1 14 0 0 0 0 0 0
2003 7 1 14 0 0 0 0 0 0
2003 8 1 14 0 0 0 0 0 0
2003 9 1 14 0 0 0 0 0 0
2003 1 2 14 0 0 0 0 0 0
2003 2 2 14 0 0 0 0 0 0
2003 3 2 14 0 0 0 0 0 0
2003 4 2 14 0 0 0 0 0 0
2003 5 2 14 0 0 0 0 0 0
2003 6 2 14 0 0 0 0 0 0
2003 7 2 14 0 0 0 0 0 0
2003 8 2 14 0 0 0 0 0 0
2003 9 2 14 0 0 0 0 0 0
2003 1 1 15 0 0 0 0 0 0
2003 2 1 15 0 0 0 0 0 0
2003 3 1 15 0 0 0 0 0 0
2003 4 1 15 0 0 0 0 0 0
2003 5 1 15 0 0 0 0 0 0
2003 6 1 15 0 0 0 0 0 0
2003 7 1 15 0 0 0 0 0 0
2003 8 1 15 0 0 0 0 0 0
2003 9 1 15 0 0 0 0 0 0
2003 1 2 15 0 0 0 0 0 0
2003 2 2 15 0 0 0 0 0 0
2003 3 2 15 0 0 0 0 0 0
2003 4 2 15 0 0 0 0 0 0
2003 5 2 15 0 0 0 0 0 0
2003 6 2 15 0 0 0 0 0 0
2003 7 2 15 0 0 0 0 0 0
2003 8 2 15 0 0 0 0 0 0
2003 9 2 15 0 0 0 0 0 0
2003 1 1 16 0 0 0 0 0 0
2003 2 1 16 0 0 0 0 0 0
2003 3 1 16 0 0 0 0 0 0
2003 4 1 16 0 0 0 0 0 0
2003 5 1 16 0 0 0 0 0 0
2003 6 1 16 0 0 0 0 0 0
2003 7 1 16 0 0 0 0 0 0
2003 8 1 16 0 0 0 0 0 0
2003 9 1 16 0 0 0 0 0 0
2003 1 2 16 0 0 0 0 0 0
2003 2 2 16 0 0 0 0 0 0
2003 3 2 16 0 0 0 0 0 0
2003 4 2 16 0 0 0 0 0 0
2003 5 2 16 0 0 0 0 0 0
2003 6 2 16 0 0 0 0 0 0
2003 7 2 16 0 0 0 0 0 0
2003 8 2 16 0 0 0 0 0 0
2003 9 2 16 0 0 0 0 0 0
2003 1 1 17 0 0 0 0 0 0
2003 2 1 17 0 0 0 0 0 0
2003 3 1 17 0 0 0 0 0 0
2003 4 1 17 0 0 0 0 0 0
2003 5 1 17 0 0 0 0 0 0
2003 6 1 17 0 0 0 0 0 0
2003 7 1 17 0 0 0 0 0 0
2003 8 1 17 0 0 0 0 0 0
2003 9 1 17 0 0 0 0 0 0
2003 1 2 17 0 0 0 0 0 0
2003 2 2 17 0 0 0 0 0 0
2003 3 2 17 0 0 0 0 0 0
2003 4 2 17 0 0 0 0 0 0
2003 5 2 17 0 0 0 0 0 0
2003 6 2 17 0 0 0 0 0 0
2003 7 2 17 0 0 0 0 0 0
2003 8 2 17 0 0 0 0 0 0
2003 9 2 17 0 0 0 0 0 0
2003 1 1 18 0 0 0 0 0 0
2003 2 1 18 0 0.0017138 0 0 2 0
2003 3 1 18 0 0 0 0 0 0
2003 4 1 18 0 0 0 0 0 0
2003 5 1 18 0 0 0 0 0 0
2003 6 1 18 0 0 0 0 0 0
2003 7 1 18 0 0 0 0 0 0
2003 8 1 18 0 0 0 0 0 0
2003 9 1 18 0 0 0 0 0 0
2003 1 2 18 0 0 0 0 0 0
2003 2 2 18 0 0 0 0 0 0
2003 3 2 18 0 0 0 0 0 0
2003 4 2 18 0 0 0 0 0 0
2003 5 2 18 0 0 0 0 0 0
2003 6 2 18 0 0 0 0 0 0
2003 7 2 18 0 0 0 0 0 0
2003 8 2 18 0 0 0 0 0 0
2003 9 2 18 0 0 0 0 0 0
2003 1 1 19 0 0 0 0 0 0
2003 2 1 19 0 0 0 0 0 0
2003 3 1 19 0 0 0 0 0 0
2003 4 1 19 0 0 0 0 0 0
2003 5 1 19 0 0 0 0 0 0
2003 6 1 19 0 0 0 0 0 0
2003 7 1 19 0 0 0 0 0 0
2003 8 1 19 0 0 0 0 0 0
2003 9 1 19 0 0 0 0 0 0
2003 1 2 19 0 0 0 0 0 0
2003 2 2 19 0 0 0 0 0 0
2003 3 2 19 0 0 0 0 0 0
2003 4 2 19 0 0 0 0 0 0
2003 5 2 19 0 0 0 0 0 0
2003 6 2 19 0 0 0 0 0 0
2003 7 2 19 0 0 0 0 0 0
2003 8 2 19 0 0 0 0 0 0
2003 9 2 19 0 0 0 0 0 0
2003 1 1 20 0 0 0 0 0 0
2003 2 1 20 0 0 0 0 0 0
2003 3 1 20 0 0 0 0 0 0
2003 4 1 20 0 0 0 0 0 0
2003 5 1 20 0 0 0 0 0 0
2003 6 1 20 0 0 0 0 0 0
2003 7 1 20 0 0 0 0 0 0
2003 8 1 20 0 0 0 0 0 0
2003 9 1 20 0 0 0 0 0 0
2003 1 2 20 0 0 0 0 0 0
2003 2 2 20 0 0 0 0 0 0
2003 3 2 20 0 0 0 0 0 0
2003 4 2 20 0 0 0 0 0 0
2003 5 2 20 0 0 0 0 0 0
2003 6 2 20 0 0 0 0 0 0
2003 7 2 20 0 0 0 0 0 0
2003 8 2 20 0 0 0 0 0 0
2003 9 2 20 0 0 0 0 0 0
2003 1 1 21 0 0 0.75 0 0 0
2003 2 1 21 0 0 0.75 0 0 0
2003 3 1 21 0 0 0.75 0 0 0
2003 4 1 21 0 0 0.75 0 0 0
2003 5 1 21 0 0 0.75 0 0 0
2003 6 1 21 0 0 0.75 0 0 0
2003 7 1 21 0 0 0.75 0 0 0
2003 8 1 21 0 0 0.75 0 0 0
2003 9 1 21 0 0 0.75 0 0 0
2003 1 2 21 0 0 0.75 1 0 0
2003 2 2 21 0 0 0.75 0 0 0
2003 3 2 21 0 0 0.75 0 0 0
2003 4 2 21 0 0 0.75 0 0 0
2003 5 2 21 0 0 0.75 0 0 0
2003 6 2 21 0 0 0.75 0 0 0
2003 7 2 21 0 0 0.75 0 0 0
2003 8 2 21 0 0 0.75 0 0 0
2003 9 2 21 0 0 0.75 0 0 0
2003 1 1 22 0 0 0 0 0 0
2003 2 1 22 0 0 0 0 0 0
2003 3 1 22 0 0 0 0 0 0
2003 4 1 22 0 0 0 0 0 0
2003 5 1 22 0 0 0 0 0 0
2003 6 1 22 0 0 0 0 0 0
2003 7 1 22 0 0 0 0 0 0
2003 8 1 22 0 0 0 0 0 0
2003 9 1 22 0 0 0 0 0 0
2003 1 2 22 0 0 0 0 0 0
2003 2 2 22 0 0 0 0 0 0
2003 3 2 22 0 0 0 0 0 0
2003 4 2 22 0 0 0 0 0 0
2003 5 2 22 0 0 0 0 0 0
2003 6 2 22 0 0 0 0 0 0
2003 7 2 22 0 0 0 0 0 0
2003 8 2 22 0 0 0 0 0 0
2003 9 2 22 0 0 0 0 0 0
2003 1 1 23 0 0 0 0 0 0
2003 2 1 23 0 0.000856898 0 0 1 0
2003 3 1 23 0 0 0 0 0 0
2003 4 1 23 0 0 0 0 0 0
2003 5 1 23 0 0 0 0 0 0
2003 6 1 23 0 0 0 0 0 0
2003 7 1 23 0 0 0 0 0 0
2003 8 1 23 0 0 0 0 0 0
2003 9 1 23 0 0 0 0 0 0
2003 1 2 23 0 0 0 0 0 0
2003 2 2 23 0 0 0 0 0 0
2003 3 2 23 0 0 0 0 0 0
2003 4 2 23 0 0 0 0 0 0
2003 5 2 23 0 0 0 0 0 0
2003 6 2 23 0 0 0 0 0 0
2003 7 2 23 0 0 0 0 0 0
2003 8 2 23 0 0 0 0 0 0
2003 9 2 23 0 0 0 0 0 0
2003 1 1 24 0 0 0 0 0 0
2003 2 1 24 0 0 0 0 0 0
2003 3 1 24 0 0 0 0 0 0
2003 4 1 24 0 0 0 0 0 0
2003 5 1 24 0 0 0 0 0 0
2003 6 1 24 0 0 0 0 0 0
2003 7 1 24 0 0 0 0 0 0
2003 8 1 24 0 0 0 0 0 0
2003 9 1 24 0 0 0 0 0 0
2003 1 2 24 0 0 0 0 0 0
2003 2 2 24 0 0 0 0 0 0
2003 3 2 24 0 0 0 0 0 0
2003 4 2 24 0 0 0 0 0 0
2003 5 2 24 0 0 0 0 0 0
2003 6 2 24 0 0 0 0 0 0
2003 7 2 24 0 0 0 0 0 0
2003 8 2 24 0 0 0 0 0 0
2003 9 2 24 0 0 0 0 0 0
2003 1 1 25 0 0 0 0 0 0
2003 2 1 25 0 0.000856898 0 0 1 0
2003 3 1 25 0 0.000554939 0 0 1 0
2003 4 1 25 0 0 0 0 0 0
2003 5 1 25 0 0 0 0 0 0
2003 6 1 25 0 0 0 0 0 0
2003 7 1 25 0 0.000132485 0 0 1 0
2003 8 1 25 0 0 0 0 0 0
2003 9 1 25 0 0 0 0 0 0
2003 1 2 25 0 0 0 0 0 0
2003 2 2 25 0 0 0 0 0 0
2003 3 2 25 0 0 0 0 0 0
2003 4 2 25 0 0 0 0 0 0
2003 5 2 25 0 0 0 0 0 0
2003 6 2 25 0 0 0 0 0 0
2003 7 2 25 0 0 0 0 0 0
2003 8 2 25 0 0 0 0 0 0
2003 9 2 25 0 0 0 0 0 0
2003 1 1 26 0 0.000237079 0 0 1 0
2003 2 1 26 0 0.000856898 0 0 1 0
2003 3 1 26 0 0 0 0 0 0
2003 4 1 26 0 0 0 0 0 0
2003 5 1 26 0 0 0 0 0 0
2003 6 1 26 0 0 0 0 0 0
2003 7 1 26 0 0 0 0 0 0
2003 8 1 26 0 0 0 0 0 0
2003 9 1 26 0 0 0 0 0 0
2003 1 2 26 0 0.000237079 0 0 1 0
2003 2 2 26 0 0 0 0 0 0
2003 3 2 26 0 0 0 0 0 0
2003 4 2 26 0 0 0 0 0 0
2003 5 2 26 0 0 0 0 0 0
2003 6 2 26 0 0 0 0 0 0
2003 7 2 26 0 0 0 0 0 0
2003 8 2 26 0 0 0 0 0 0
2003 9 2 26 0 0 0 0 0 0
2003 1 1 27 0.43729 0.00011854 0.2 1 0.5 0
2003 2 1 27 1.55479 0.0017138 0.2 0 2 0
2003 3 1 27 2.16625 0.00110988 0.2 0 2 0
2003 4 1 27 0 0 0.2 0 0 0
2003 5 1 27 0 0 0.2 0 0 0
2003 6 1 27 0 0 0.2 0 0 0
2003 7 1 27 0 0 0.2 0 0 0
2003 8 1 27 0 0 0.2 0 0 0
2003 9 1 27 0 0 0.2 0 0 0
2003 1 2 27 0.43729 0.00011854 0.2 1 0.5 0
2003 2 2 27 0 0 0.2 0 0 0
2003 3 2 27 0 0 0.2 1 0 0
2003 4 2 27 0 0 0.2 0 0 0
2003 5 2 27 0 0 0.2 0 0 0
2003 6 2 27 0 0 0.2 0 0 0
2003 7 2 27 0 0 0.2 0 0 0
2003 8 2 27 0 0 0.2 0 0 0
2003 9 2 27 0 0 0.2 0 0 0
2003 1 1 28 2.62374 0.000711238 0.2 1 3 0
2003 2 1 28 2.33218 0.00257069 0.2 0 3 0
2003 3 1 28 0 0 0.2 0 0 0
2003 4 1 28 0 0 0.2 0 0 0
2003 5 1 28 0 0 0.2 0 0 0
2003 6 1 28 0 0 0.2 0 0 0
2003 7 1 28 0 0 0.2 0 0 0
2003 8 1 28 0 0 0.2 0 0 0
2003 9 1 28 0 0 0.2 0 0 0
2003 1 2 28 0 0 0.2 0 0 0
2003 2 2 28 1.55479 0.0017138 0.2 0 2 0
2003 3 2 28 2.16625 0.00110988 0.2 0 2 0
2003 4 2 28 0 0 0.2 0 0 0
2003 5 2 28 0 0 0.2 0 0 0
2003 6 2 28 0 0 0.2 0 0 0
2003 7 2 28 0 0 0.2 0 0 0
2003 8 2 28 0 0 0.2 0 0 0
2003 9 2 28 0 0 0.2 0 0 0
2003 1 1 29 0 0 0 0 0 0
2003 2 1 29 0 0 0 0 0 0
2003 3 1 29 0 0.00166482 0 0 3 0
2003 4 1 29 0 0 0 0 0 0
2003 5 1 29 0 0 0 0 0 0
2003 6 1 29 0 0 0 0 0 0
2003 7 1 29 0 0 0 0 0 0
2003 8 1 29 0 0 0 0 0 0
2003 9 1 29 0 0 0 0 0 0
2003 1 2 29 0 0.000237079 0 0 1 0
2003 2 2 29 0 0.00257069 0 0 3 0
2003 3 2 29 0 0.00110988 0 0 2 0
2003 4 2 29 0 0 0 0 0 0
2003 5 2 29 0 0 0 0 0 0
2003 6 2 29 0 0 0 0 0 0
2003 7 2 29 0 0 0 0 0 0
2003 8 2 29 0 0 0 0 0 0
2003 9 2 29 0 0 0 0 0 0
2003 1 1 30 4.3729 0.0011854 0.26 3 5 0
2003 2 1 30 0 0 0.3 0 0 0
2003 3 1 30 1.08312 0.000554939 0.3 0 1 0
2003 4 1 30 0 0 0.3 0 0 0
2003 5 1 30 0 0 0.3 0 0 0
2003 6 1 30 0 0 0.3 0 0 0
2003 7 1 30 0 0 0.3 0 0 0
2003 8 1 30 0 0 0.3 0 0 0
2003 9 1 30 0 0 0.3 0 0 0
2003 1 2 30 0.87458 0.000237079 0.24 2 1 0
2003 2 2 30 0 0 0.26 0 0 0
2003 3 2 30 0 0 0.26 0 0 0
2003 4 2 30 0 0 0.26 0 0 0
2003 5 2 30 0 0 0.26 0 0 0
2003 6 2 30 0 0 0.26 0 0 0
2003 7 2 30 0 0 0.26 0 0 0
2003 8 2 30 0 0 0.26 0 0 0
2003 9 2 30 0 0 0.26 0 0 0
2003 1 1 31 1.74916 0.000474158 0.465 4 2 0
2003 2 1 31 1.55479 0.0017138 0.775 0 2 0
2003 3 1 31 1.08312 0.000554939 0.775 0 1 0
2003 4 1 31 0 0 0.775 0 0 0
2003 5 1 31 0 0 0.775 0 0 0
2003 6 1 31 0 0 0.775 0 0 0
2003 7 1 31 0.709167 0.000132485 1.5 1 1 0
2003 8 1 31 0 0 0.775 0 0 0
2003 9 1 31 0 0 0.775 0 0 0
2003 1 2 31 0.87458 0.000237079 0.313333 6 1 0
2003 2 2 31 1.55479 0.0017138 0.324 0 2 0
2003 3 2 31 1.08312 0.000554939 0.324 0 1 0
2003 4 2 31 0 0 0.324 0 0 0
2003 5 2 31 0 0 0.324 0 0 0
2003 6 2 31 0 0 0.324 0 0 0
2003 7 2 31 0 0 0.324 0 0 0
2003 8 2 31 0 0 0.324 0 0 0
2003 9 2 31 0 0 0.324 0 0 0
2003 1 1 32 3.49832 0.000948317 0.247143 7 4 0
2003 2 1 32 0.777395 0.000856898 0.33 0 1 0
2003 3 1 32 1.08312 0.000554939 0.33 0 1 0
2003 4 1 32 0 0 0.33 0 0 0
2003 5 1 32 0 0 0.33 0 0 0
2003 6 1 32 0 0 0.33 0 0 0
2003 7 1 32 0 0 0.33 0 0 0
2003 8 1 32 0 0 0.33 0 0 0
2003 9 1 32 0 0 0.33 0 0 0
2003 1 2 32 3.49832 0.000948317 0.297 10 4 0
2003 2 2 32 2.33218 0.00257069 0.6275 0 3 0
2003 3 2 32 1.08312 0.000554939 0.6275 0 1 0
2003 4 2 32 0 0 0.85 1 0 0
2003 5 2 32 0 0 0.6275 0 0 0
2003 6 2 32 0 0 0.6275 0 0 0
2003 7 2 32 1.41833 0.000264971 1.94 1 2 0
2003 8 2 32 0 0 0.6275 0 0 0
2003 9 2 32 0 0 0.6275 0 0 0
2003 1 1 33 6.55935 0.00177809 0.4 12 7.5 0
2003 2 1 33 0 0 0.687273 0 0 0
2003 3 1 33 2.16625 0.00110988 0.687273 0 2 0
2003 4 1 33 0 0 0.687273 0 0 0
2003 5 1 33 0 0 0.687273 0 0 0
2003 6 1 33 0 0 0.687273 0 0 0
2003 7 1 33 0 0 1.765 2 0 0
2003 8 1 33 0 0 0.687273 0 0 0
2003 9 1 33 0 0 0.687273 0 0 0
2003 1 2 33 1.31187 0.000355619 0.353333 9 1.5 0
2003 2 2 33 1.55479 0.0017138 1.16111 0 2 0
2003 3 2 33 3.24937 0.00166482 1.65 1 3 0
2003 4 2 33 0 0 3.195 2 0 0
2003 5 2 33 0 0 1.16111 0 0 0
2003 6 2 33 0 0 1.16111 0 0 0
2003 7 2 33 0.709167 0.000132485 1.16111 0 1 0
2003 8 2 33 0 0 1.16111 0 0 0
2003 9 2 33 0 0 1.16111 0 0 0
2003 1 1 34 6.12206 0.00165955 0.322222 9 7 0
2003 2 1 34 0.777395 0.000856898 0.354 0 1 0
2003 3 1 34 2.16625 0.00110988 0.354 0 2 0
2003 4 1 34 0.799033 0.000242954 0.354 0 2 0
2003 5 1 34 0 0 0.354 0 0 0
2003 6 1 34 0 0 0.354 0 0 0
2003 7 1 34 0 0 0.354 0 0 0
2003 8 1 34 0 0 0.354 0 0 0
2003 9 1 34 0 0 0.354 0 0 0
2003 1 2 34 5.24748 0.00142248 0.433333 15 6 0
2003 2 2 34 2.33218 0.00257069 0.488182 0 3 0
2003 3 2 34 1.08312 0.000554939 0.488182 0 1 0
2003 4 2 34 0.399517 0.000121477 0.488182 0 1 0
2003 5 2 34 0 0 0.488182 0 0 0
2003 6 2 34 0 0 0.488182 0 0 0
2003 7 2 34 1.41833 0.000264971 0.488182 0 2 0
2003 8 2 34 0 0 0.488182 0 0 0
2003 9 2 34 0 0 0.488182 0 0 0
2003 1 1 35 6.99664 0.00189663 0.419231 13 8 0
2003 2 1 35 0.777395 0.000856898 0.439091 0 1 0
2003 3 1 35 0 0 0.439091 0 0 0
2003 4 1 35 0.199758 6.07386e-05 0.439091 0 0.5 0
2003 5 1 35 0 0 0.439091 0 0 0
2003 6 1 35 0 0 0.439091 0 0 0
2003 7 1 35 0 0 0.439091 0 0 0
2003 8 1 35 0 0 0.439091 0 0 0
2003 9 1 35 0 0 0.439091 0 0 0
2003 1 2 35 6.12206 0.00165955 0.485333 15 7 0
2003 2 2 35 0 0 0.512308 0 0 0
2003 3 2 35 1.08312 0.000554939 0.512308 0 1 0
2003 4 2 35 0.599275 0.000182216 0.512308 0 1.5 0
2003 5 2 35 0 0 0.512308 0 0 0
2003 6 2 35 0 0 0.512308 0 0 0
2003 7 2 35 0 0 0.512308 0 0 0
2003 8 2 35 0 0 0.512308 0 0 0
2003 9 2 35 0 0 0.512308 0 0 0
2003 1 1 36 12.6814 0.00343765 0.557368 19 14.5 0
2003 2 1 36 0.777395 0.000856898 0.5575 0 1 0
2003 3 1 36 1.08312 0.000554939 0.536667 3 1 0
2003 4 1 36 0 0 0.51 1 0 0
2003 5 1 36 0 0 0.5575 0 0 0
2003 6 1 36 0 0 0.5575 0 0 0
2003 7 1 36 0 0 0.5575 0 0 0
2003 8 1 36 0 0 0.5575 0 0 0
2003 9 1 36 0 0 0.5575 0 0 0
2003 1 2 36 17.9289 0.00486012 0.4575 16 20.5 0
2003 2 2 36 0 0 0.546111 0 0 0
2003 3 2 36 0 0 0.63 1 0 0
2003 4 2 36 0 0 0.546111 0 0 0
2003 5 2 36 0 0 0.546111 0 0 0
2003 6 2 36 0 0 0.546111 0 0 0
2003 7 2 36 0 0 0.86 4 0 0
2003 8 2 36 0 0 0.546111 0 0 0
2003 9 2 36 0 0 0.546111 0 0 0
2003 1 1 37 11.8068 0.00320057 0.505 16 13.5 0
2003 2 1 37 1.55479 0.0017138 0.85 1 2 0
2003 3 1 37 5.41562 0.00277469 0.72 1 5 0
2003 4 1 37 0 0 0.551111 0 0 0
2003 5 1 37 0 0 0.551111 0 0 0
2003 6 1 37 0 0 0.551111 0 0 0
2003 7 1 37 2.1275 0.000397456 0.61 1 3 0
2003 8 1 37 0 0 0.551111 0 0 0
2003 9 1 37 0 0 0.551111 0 0 0
2003 1 2 37 19.678 0.00533428 0.619048 21 22.5 0
2003 2 2 37 0.777395 0.000856898 0.658333 0 1 0
2003 3 2 37 1.08312 0.000554939 0.6 1 1 0
2003 4 2 37 1.19855 0.000364431 0.66 2 3 0
2003 5 2 37 0 0 0.658333 0 0 0
2003 6 2 37 0 0 0.658333 0 0 0
2003 7 2 37 0 0 1.22 1 0 0
2003 8 2 37 0 0 0.658333 0 0 0
2003 9 2 37 0 0 0.658333 0 0 0
2003 1 1 38 13.556 0.00367473 0.595625 16 15.5 0
2003 2 1 38 1.55479 0.0017138 0.724091 0 2 0
2003 3 1 38 4.3325 0.00221976 0.616667 3 4 0
2003 4 1 38 1.19855 0.000364431 1.03667 3 3 0
2003 5 1 38 0 0 0.724091 0 0 0
2003 6 1 38 0 0 0.724091 0 0 0
2003 7 1 38 0 0 0.926667 3 0 0
2003 8 1 38 0 0 0.724091 0 0 0
2003 9 1 38 0 0 0.724091 0 0 0
2003 1 2 38 19.678 0.00533428 0.628077 26 22.5 0
2003 2 2 38 6.99655 0.00771208 0.708846 0 9 0
2003 3 2 38 0 0 0.708846 0 0 0
2003 4 2 38 0.399517 0.000121477 0.55 2 1 0
2003 5 2 38 0.286962 0.00266667 0.708846 0 1 0
2003 6 2 38 0 0 0.708846 0 0 0
2003 7 2 38 3.54583 0.000662427 2.34 1 5 0
2003 8 2 38 0 0 0.708846 0 0 0
2003 9 2 38 0 0 0.708846 0 0 0
2003 1 1 39 24.4882 0.00663822 0.696875 32 28 0
2003 2 1 39 1.55479 0.0017138 0.9 1 2 0
2003 3 1 39 1.08312 0.000554939 0.754054 0 1 0
2003 4 1 39 1.19855 0.000364431 0.81 1 3 0
2003 5 1 39 0.286962 0.00266667 0.754054 0 1 0
2003 6 1 39 0 0 0.754054 0 0 0
2003 7 1 39 0.709167 0.000132485 1.29667 3 1 0
2003 8 1 39 0 0 0.754054 0 0 0
2003 9 1 39 0 0 0.754054 0 0 0
2003 1 2 39 23.6136 0.00640114 0.703913 23 27 0
2003 2 2 39 0 0 0.794828 0 0 0
2003 3 2 39 1.08312 0.000554939 0.75 1 1 0
2003 4 2 39 0.799033 0.000242954 0.92 1 2 0
2003 5 2 39 0 0 0.794828 0 0 0
2003 6 2 39 0 0 0.794828 0 0 0
2003 7 2 39 3.54583 0.000662427 1.2975 4 5 0
2003 8 2 39 0 0 0.794828 0 0 0
2003 9 2 39 0 0 0.794828 0 0 0
2003 1 1 40 26.6747 0.00723092 0.769565 23 30.5 0
2003 2 1 40 0.777395 0.000856898 0.847333 0 1 0
2003 3 1 40 1.08312 0.000554939 0.766667 3 1 0
2003 4 1 40 3.19613 0.000971817 1.57333 3 8 0
2003 5 1 40 0 0 0.847333 0 0 0
2003 6 1 40 0.0944774 0.000407 0.847333 0 1 0
2003 7 1 40 3.54583 0.000662427 0.7 1 5 0
2003 8 1 40 0 0 0.847333 0 0 0
2003 9 1 40 0 0 0.847333 0 0 0
2003 1 2 40 25.8001 0.00699384 0.816667 15 29.5 1
2003 2 2 40 3.10958 0.00342759 1.02963 0 4 0
2003 3 2 40 2.16625 0.00110988 0.85 2 2 0
2003 4 2 40 2.79662 0.00085034 1.27143 7 7 0
2003 5 2 40 0 0 1.02963 0 0 0
2003 6 2 40 0 0 1.02963 0 0 0
2003 7 2 40 6.3825 0.00119237 1.65 3 9 0
2003 8 2 40 0 0 1.02963 0 0 0
2003 9 2 40 0.27469 0.000280112 1.02963 0 2 0
2003 1 1 41 22.7391 0.00616406 0.787647 17 26 0
2003 2 1 41 8.55134 0.00942588 0.867576 0 11 0
2003 3 1 41 4.3325 0.00221976 0.95 4 4 0
2003 4 1 41 1.59807 0.000485909 0.93625 8 4 0
2003 5 1 41 0.573924 0.00533333 0.867576 0 2 0
2003 6 1 41 0.0944774 0.000407 0.867576 0 1 0
2003 7 1 41 6.3825 0.00119237 0.9875 4 9 0
2003 8 1 41 0 0 0.867576 0 0 0
2003 9 1 41 0 0 0.867576 0 0 0
2003 1 2 41 13.1187 0.00355619 0.787407 27 15 0
2003 2 2 41 6.21916 0.00685518 0.75 1 8 0
2003 3 2 41 3.24937 0.00166482 0.792857 7 3 0
2003 4 2 41 3.59565 0.00109329 0.91 11 9 0
2003 5 2 41 0 0 0.815 0 0 0
2003 6 2 41 0.0944774 0.000407 0.815 0 1 0
2003 7 2 41 12.765 0.00238474 0.775 2 18 0
2003 8 2 41 0 0 0.815 0 0 0
2003 9 2 41 0 0 0.815 0 0 0
2003 1 1 42 15.3051 0.00414889 0.890556 36 17.5 0
2003 2 1 42 11.6609 0.0128535 1 2 15 0
2003 3 1 42 7.58187 0.00388457 0.825 4 7 0
2003 4 1 42 3.99517 0.00121477 0.871429 7 10 0
2003 5 1 42 0 0 0.912931 0 0 0
2003 6 1 42 0.0944774 0.000407 0.912931 0 1 0
2003 7 1 42 4.96417 0.000927398 1.12 7 7 0
2003 8 1 42 0 0 0.912931 0 0 0
2003 9 1 42 0.137345 0.000140056 0.825 2 1 0
2003 1 2 42 24.9255 0.00675676 0.864828 29 28.5 0
2003 2 2 42 5.44176 0.00599829 0.911364 0 7 0
2003 3 2 42 1.08312 0.000554939 1.025 4 1 0
2003 4 2 42 4.39468 0.00133625 0.931429 7 11 0
2003 5 2 42 0 0 0.911364 0 0 0
2003 6 2 42 0.0944774 0.000407 0.911364 0 1 0
2003 7 2 42 7.80083 0.00145734 1.1 4 11 0
2003 8 2 42 0 0 0.911364 0 0 0
2003 9 2 42 0 0 0.911364 0 0 0
2003 1 1 43 18.3662 0.00497866 0.933947 38 21 0
2003 2 1 43 3.88697 0.00428449 1.15 1 5 0
2003 3 1 43 3.24937 0.00166482 1.01462 13 3 0
2003 4 1 43 3.99517 0.00121477 0.99 13 10 0
2003 5 1 43 0 0 0.88 1 0 0
2003 6 1 43 0.472387 0.002035 0.988 0 5 0
2003 7 1 43 14.8925 0.00278219 1.15778 9 21 0
2003 8 1 43 0 0 0.988 0 0 0
2003 9 1 43 0.412034 0.000420168 0.92 1 3 0
2003 1 2 43 16.617 0.0045045 1.05342 38 19 0
2003 2 2 43 6.99655 0.00771208 1.1075 0 9 0
2003 3 2 43 11.9144 0.00610433 0.866667 3 11 0
2003 4 2 43 6.39227 0.00194363 1.286 10 16 0
2003 5 2 43 0 0 1.1075 0 0 0
2003 6 2 43 0.283432 0.001221 1.9 1 3 0
2003 7 2 43 12.765 0.00238474 1.149 10 18 0
2003 8 2 43 0 0 1.1075 0 0 0
2003 9 2 43 0.549379 0.000560224 0.94 3 4 0
2003 1 1 44 17.4916 0.00474158 0.988333 24 20 0
2003 2 1 44 8.55134 0.00942588 1.1125 4 11 0
2003 3 1 44 12.9975 0.00665927 1.06071 14 12 0
2003 4 1 44 9.98792 0.00303693 1.04071 14 25 0
2003 5 1 44 0 0 1.06667 0 0 0
2003 6 1 44 0.377909 0.001628 1.06667 0 4 0
2003 7 1 44 10.6375 0.00198728 1.1775 16 15 0
2003 8 1 44 0 0 1.06667 0 0 0
2003 9 1 44 0.961413 0.000980392 1.12833 6 7 0
2003 1 2 44 24.4882 0.00663822 1.03641 39 28 1
2003 2 2 44 7.77395 0.00856898 1.01667 3 10 0
2003 3 2 44 9.74812 0.00499445 1.12125 8 9 0
2003 4 2 44 7.99033 0.00242954 1.21 9 20 1
2003 5 2 44 0.286962 0.00266667 1.10947 0 1 0
2003 6 2 44 0.188955 0.000814001 1.10947 0 2 0
2003 7 2 44 4.96417 0.000927398 1.17833 12 7 0
2003 8 2 44 0 0 1.10947 0 0 0
2003 9 2 44 0.412034 0.000420168 1.37 5 3 0
2003 1 1 45 16.617 0.0045045 1.10681 47 19 0
2003 2 1 45 10.8835 0.0119966 1.23333 3 14 0
2003 3 1 45 17.33 0.00887902 1.1 18 16 0
2003 4 1 45 8.78937 0.0026725 1.27667 9 22 0
2003 5 1 45 0 0 1 1 0 0
2003 6 1 45 0.283432 0.001221 1.18604 0 3 0
2003 7 1 45 13.8288 0.00258347 1.3855 20 19.5 0
2003 8 1 45 0 0 1.18604 0 0 0
2003 9 1 45 1.37345 0.00140056 1.35667 3 10 0
2003 1 2 45 17.4916 0.00474158 1.08675 40 20 2
2003 2 2 45 9.32874 0.0102828 1.10833 6 12 0
2003 3 2 45 14.0806 0.00721421 1.17 10 13 0
2003 4 2 45 10.7869 0.00327988 1.15 14 27 0
2003 5 2 45 0 0 1.12731 0 0 0
2003 6 2 45 0.283432 0.001221 1.28 1 3 0
2003 7 2 45 6.73708 0.00125861 1.181 20 9.5 0
2003 8 2 45 0 0 1.12731 0 0 0
2003 9 2 45 0.824069 0.000840336 1.01 2 6 0
2003 1 1 46 16.1797 0.00438596 1.24679 56 18.5 4
2003 2 1 46 10.8835 0.0119966 1.4875 4 14 0
2003 3 1 46 20.5794 0.0105438 1.17077 13 19 0
2003 4 1 46 11.586 0.00352284 1.16 11 29 1
2003 5 1 46 0 0 1.30156 0 0 0
2003 6 1 46 0.377909 0.001628 1.02 1 4 0
2003 7 1 46 15.2471 0.00284844 1.5063 27 21.5 0
2003 8 1 46 0 0 1.30156 0 0 0
2003 9 1 46 1.64814 0.00168067 1.335 10 12 0
2003 1 2 46 13.556 0.00367473 1.16732 41 15.5 0
2003 2 2 46 17.8801 0.0197087 1.19743 0 23 0
2003 3 2 46 19.4962 0.0099889 1.21636 22 18 0
2003 4 2 46 9.5884 0.00291545 1.33154 13 24 0
2003 5 2 46 0.286962 0.00266667 1.19743 0 1 0
2003 6 2 46 0.283432 0.001221 1.19743 0 3 0
2003 7 2 46 10.9921 0.00205352 1.16871 31 15.5 0
2003 8 2 46 0 0 1.19743 0 0 0
2003 9 2 46 1.2361 0.0012605 1.19167 6 9 0
2003 1 1 47 17.9289 0.00486012 1.27044 68 20.5 3
2003 2 1 47 20.2123 0.0222793 1.725 2 26 0
2003 3 1 47 30.3275 0.0155383 1.25882 17 28 0
2003 4 1 47 20.9746 0.00637755 1.39 22 52.5 0
2003 5 1 47 0 0 1.315 0 0 0
2003 6 1 47 0.472387 0.002035 1.43 1 5 0
2003 7 1 47 23.0479 0.00430578 1.32689 45 32.5 0
2003 8 1 47 0 0 1.315 0 0 0
2003 9 1 47 2.7469 0.00280112 1.488 5 20 0
2003 1 2 47 18.8035 0.0050972 1.21784 51 21.5 2
2003 2 2 47 11.6609 0.0128535 1.68 5 15 0
2003 3 2 47 23.8287 0.0122087 1.26786 14 22 0
2003 4 2 47 14.1828 0.00431244 1.32296 27 35.5 1
2003 5 2 47 0.286962 0.00266667 1.31 1 1 0
2003 6 2 47 0.188955 0.000814001 1.28692 0 2 0
2003 7 2 47 20.9204 0.00390832 1.32211 38 29.5 0
2003 8 2 47 0 0 1.28692 0 0 0
2003 9 2 47 3.15893 0.00322129 1.236 10 23 0
2003 1 1 48 25.3628 0.0068753 1.3332 97 29 2
2003 2 1 48 16.3253 0.0179949 1.48333 3 21 0
2003 3 1 48 20.5794 0.0105438 1.28615 13 19 0
2003 4 1 48 18.7773 0.00570943 1.37054 37 47 0
2003 5 1 48 0 0 1.38448 0 0 0
2003 6 1 48 0.566864 0.002442 1.17 1 6 0
2003 7 1 48 21.6296 0.00404081 1.51716 67 30.5 0
2003 8 1 48 0 0 1.38448 0 0 0
2003 9 1 48 3.983 0.00406162 1.23333 15 29 0
2003 1 2 48 14.8679 0.00403035 1.34919 62 17 1
2003 2 2 48 19.4349 0.0214225 1.925 2 25 0
2003 3 2 48 21.6625 0.0110988 1.32682 22 20 0
2003 4 2 48 19.9758 0.00607386 1.41893 28 50 1
2003 5 2 48 0.286962 0.00266667 1.20333 3 1 0
2003 6 2 48 0.283432 0.001221 1.375 2 3 0
2003 7 2 48 24.4663 0.00457075 1.40212 66 34.5 0
2003 8 2 48 0 0 1.37696 0 0 0
2003 9 2 48 3.43362 0.0035014 1.28571 7 25 0
2003 1 1 49 26.6747 0.00723092 1.42079 114 30.5 2
2003 2 1 49 14.7705 0.0162811 1.55 1 19 0
2003 3 1 49 21.6625 0.0110988 1.43273 22 20 0
2003 4 1 49 23.172 0.00704568 1.49732 41 58 0
2003 5 1 49 0.286962 0.00266667 1.4125 4 1 0
2003 6 1 49 1.03925 0.004477 1.37571 7 11 0
2003 7 1 49 35.4583 0.00662427 1.44844 77 50 0
2003 8 1 49 0 0 1.43978 0 0 0
2003 9 1 49 5.49379 0.00560224 1.42 13 40 0
2003 1 2 49 23.1764 0.0062826 1.44191 89 26.5 2
2003 2 2 49 14.7705 0.0162811 1.9 4 19 0
2003 3 2 49 24.9119 0.0127636 1.33857 14 23 0
2003 4 2 49 20.3753 0.00619534 1.4893 43 51 3
2003 5 2 49 0.286962 0.00266667 1.33 1 1 0
2003 6 2 49 0.755819 0.003256 1.572 5 8 0
2003 7 2 49 28.3667 0.00529942 1.44846 78 40 0
2003 8 2 49 0 0 1.45563 0 0 0
2003 9 2 49 6.4552 0.00658263 1.43182 11 47 0
2003 1 1 50 38.9188 0.01055 1.54562 128 44.5 2
2003 2 1 50 14.7705 0.0162811 1.75833 6 19 0
2003 3 1 50 33.5769 0.0172031 1.48455 11 31 0
2003 4 1 50 19.9758 0.00607386 1.59897 58 50 1
2003 5 1 50 0.286962 0.00266667 1.55429 0 1 0
2003 6 1 50 1.41716 0.00610501 1.56333 6 15 0
2003 7 1 50 43.9683 0.0082141 1.52488 129 62 0
2003 8 1 50 0 0 1.55429 0 0 0
2003 9 1 50 6.52388 0.00665266 1.70417 12 47.5 0
2003 1 2 50 46.79 0.0126837 1.46667 108 53.5 6
2003 2 2 50 10.1061 0.0111397 1.43 5 13 0
2003 3 2 50 36.8262 0.0188679 1.46286 21 34 0
2003 4 2 50 21.9734 0.00668124 1.59186 70 55 2
2003 5 2 50 0.286962 0.00266667 1.56 1 1 0
2003 6 2 50 1.79507 0.00773301 1.59333 3 19 0
2003 7 2 50 41.1317 0.00768415 1.55592 120 58 0
2003 8 2 50 0 0 1.52794 0 0 0
2003 9 2 50 7.75998 0.00791317 1.56545 11 56.5 0
2003 1 1 51 40.668 0.0110242 1.66095 158 46.5 7
2003 2 1 51 15.5479 0.017138 2.05 6 20 0
2003 3 1 51 28.1612 0.0144284 1.54917 12 26 0
2003 4 1 51 29.9637 0.00911079 1.72611 95 75 2
2003 5 1 51 0.860886 0.008 1.51143 7 3 0
2003 6 1 51 1.98402 0.00854701 1.95556 9 21 0
2003 7 1 51 67.3708 0.0125861 1.62275 153 95 0
2003 8 1 51 0 0 1.66205 0 0 0
2003 9 1 51 10.0262 0.0102241 1.55522 23 73 0
2003 1 2 51 49.4137 0.013395 1.5697 133 56.5 7
2003 2 2 51 13.2157 0.0145673 1.4 1 17 0
2003 3 2 51 29.2444 0.0149834 1.56437 16 27 0
2003 4 2 51 29.1647 0.00886783 1.66615 78 73 0
2003 5 2 51 0.286962 0.00266667 1.46 2 1 0
2003 6 2 51 1.60611 0.00691901 1.61182 11 17 0
2003 7 2 51 49.6417 0.00927398 1.62268 112 70 1
2003 8 2 51 0 0 1.60779 0 0 0
2003 9 2 51 5.76848 0.00588235 1.60783 23 42 0
2003 1 1 52 48.5392 0.0131579 1.74549 164 55.5 8
2003 2 1 52 10.1061 0.0111397 2 2 13 0
2003 3 1 52 34.66 0.017758 1.61208 24 32 0
2003 4 1 52 35.9565 0.0109329 1.74299 97 90 2
2003 5 1 52 0.286962 0.00266667 1.58 2 1 0
2003 6 1 52 2.26746 0.00976801 1.65 11 24 0
2003 7 1 52 71.6258 0.013381 1.74984 182 101 2
2003 8 1 52 0 0 1.73398 0 0 0
2003 9 1 52 12.4984 0.0127451 1.66757 37 91 0
2003 1 2 52 52.9121 0.0143433 1.69025 162 60.5 4
2003 2 2 52 13.2157 0.0145673 1.76667 3 17 0
2003 3 2 52 32.4937 0.0166482 1.7725 12 30 0
2003 4 2 52 29.9637 0.00911079 1.74886 79 75 0
2003 5 2 52 0 0 1.63 4 0 0
2003 6 2 52 1.32268 0.00569801 1.65 6 14 0
2003 7 2 52 53.8967 0.0100689 1.68632 144 76 0
2003 8 2 52 0 0 1.69773 0 0 0
2003 9 2 52 10.8502 0.0110644 1.62903 31 79 0
2003 1 1 53 61.2206 0.0165955 1.83609 179 70 12
2003 2 1 53 12.4383 0.0137104 1.9375 4 16 0
2003 3 1 53 36.8262 0.0188679 1.71 8 34 0
2003 4 1 53 38.1538 0.0116011 1.8239 118 95.5 5
2003 5 1 53 0.860886 0.008 1.69 1 3 0
2003 6 1 53 2.83432 0.01221 1.85727 11 30 0
2003 7 1 53 64.5342 0.0120562 1.81474 251 91 1
2003 8 1 53 0 0 1.715 2 0 0
2003 9 1 53 14.5585 0.0148459 1.74349 43 106 0
2003 1 2 53 66.4681 0.018018 1.81294 160 76 8
2003 2 2 53 19.4349 0.0214225 1.825 4 25 0
2003 3 2 53 34.66 0.017758 1.822 10 32 0
2003 4 2 53 38.5534 0.0117225 1.889 100 96.5 2
2003 5 2 53 0.860886 0.008 2.14 1 3 0
2003 6 2 53 2.36193 0.010175 1.78833 12 25 0
2003 7 2 53 62.4067 0.0116587 1.82904 240 88 1
2003 8 2 53 0 0 1.83291 0 0 0
2003 9 2 53 13.0478 0.0133053 1.80194 36 95 0
2003 1 1 54 70.4037 0.0190849 1.88505 202 80.5 9
2003 2 1 54 11.6609 0.0128535 2 2 15 0
2003 3 1 54 36.8262 0.0188679 1.83571 7 34 0
2003 4 1 54 48.741 0.0148202 2.0276 154 122 4
2003 5 1 54 0.860886 0.008 1.97667 3 3 0
2003 6 1 54 2.9288 0.012617 1.99 10 31 0
2003 7 1 54 81.1996 0.0151696 1.91967 301 114.5 1
2003 8 1 54 0 0 1.92709 0 0 0
2003 9 1 54 16.2067 0.0165266 1.83019 52 118 0
2003 1 2 54 68.6545 0.0186107 1.87421 152 78.5 9
2003 2 2 54 10.8835 0.0119966 2.075 4 14 0
2003 3 2 54 30.3275 0.0155383 1.862 10 28 0
2003 4 2 54 41.1502 0.0125121 2.00096 125 103 2
2003 5 2 54 0.573924 0.00533333 2.12667 3 2 0
2003 6 2 54 3.02328 0.013024 1.84619 21 32 0
2003 7 2 54 64.1796 0.0119899 1.91962 260 90.5 0
2003 8 2 54 0 0 1.73 1 0 0
2003 9 2 54 16.6187 0.0169468 1.72676 37 121 0
2003 1 1 55 88.3325 0.023945 2.01147 211 101 11
2003 2 1 55 10.1061 0.0111397 2.01667 3 13 0
2003 3 1 55 30.3275 0.0155383 2.08667 9 28 0
2003 4 1 55 57.1309 0.0173712 2.23956 158 143 3
2003 5 1 55 1.43481 0.0133333 1.875 2 5 0
2003 6 1 55 3.49566 0.015059 2.03444 18 37 0
2003 7 1 55 82.2633 0.0153683 2.03072 345 116 3
2003 8 1 55 0 0 2.0597 0 0 0
2003 9 1 55 15.7946 0.0161064 1.90698 53 115 0
2003 1 2 55 78.7122 0.0213371 2.01639 158 90 10
2003 2 2 55 10.1061 0.0111397 2.9 4 13 0
2003 3 2 55 32.4937 0.0166482 1.97647 17 30 0
2003 4 2 55 39.5521 0.0120262 2.06893 169 99 1
2003 5 2 55 2.00873 0.0186667 2.05 4 7 0
2003 6 2 55 2.55089 0.010989 1.8455 20 27 0
2003 7 2 55 73.7533 0.0137785 2.00143 287 104 0
2003 8 2 55 0 0 2.01445 0 0 0
2003 9 2 55 19.2283 0.0196078 1.89042 48 140 0
2003 1 1 56 87.8953 0.0238265 2.16706 238 100.5 14
2003 2 1 56 7.77395 0.00856898 2.23333 6 10 0
2003 3 1 56 37.9094 0.0194229 1.98063 16 35 0
2003 4 1 56 56.7314 0.0172498 2.23206 180 142 3
2003 5 1 56 1.14785 0.0106667 2.15 2 4 0
2003 6 1 56 3.30671 0.014245 2.07333 12 35 0
2003 7 1 56 87.9367 0.0164282 2.11596 394 124 3
2003 8 1 56 0 0 1.63 1 0 0
2003 9 1 56 18.9536 0.0193277 2.00348 66 138 0
2003 1 2 56 80.8986 0.0219298 2.18201 159 92.5 12
2003 2 2 56 8.55134 0.00942588 2.5 1 11 0
2003 3 2 56 38.9925 0.0199778 2.13692 13 36 0
2003 4 2 56 47.942 0.0145773 2.15533 169 120 0
2003 5 2 56 0.573924 0.00533333 1.73333 3 2 0
2003 6 2 56 3.68462 0.015873 2.22667 15 39 0
2003 7 2 56 90.7733 0.0169581 2.15239 368 128 2
2003 8 2 56 0 0 2.15182 0 0 0
2003 9 2 56 17.1681 0.017507 2.01463 41 125 0
2003 1 1 57 76.963 0.020863 2.30801 216 88 6
2003 2 1 57 7.77395 0.00856898 2.16 5 10 0
2003 3 1 57 34.66 0.017758 2.50333 15 32 0
2003 4 1 57 53.1357 0.0161565 2.33912 194 133 3
2003 5 1 57 1.43481 0.0133333 1.995 8 5 0
2003 6 1 57 3.87357 0.016687 2.28654 26 41 0
2003 7 1 57 95.3829 0.0178193 2.22152 473 134.5 5
2003 8 1 57 0 0 1.89 2 0 0
2003 9 1 57 21.1511 0.0215686 2.14231 65 154 0
2003 1 2 57 101.451 0.0275012 2.26626 190 116 7
2003 2 2 57 13.2157 0.0145673 2.78333 3 17 0
2003 3 2 57 18.4131 0.00943396 2.30563 16 17 0
2003 4 2 57 56.3318 0.0171283 2.3055 211 141 1
2003 5 2 57 0.860886 0.008 2.12 4 3 0
2003 6 2 57 4.62939 0.019943 2.2352 25 49 0
2003 7 2 57 71.9804 0.0134473 2.21643 392 101.5 3
2003 8 2 57 0 0 2.24255 0 0 0
2003 9 2 57 19.503 0.019888 2.04458 48 142 0
2003 1 1 58 78.2749 0.0212186 2.45313 243 89.5 9
2003 2 1 58 17.1027 0.0188518 2.25 3 22 0
2003 3 1 58 33.5769 0.0172031 2.3624 25 31 0
2003 4 1 58 57.5304 0.0174927 2.50584 238 144 5
2003 5 1 58 1.14785 0.0106667 2.3 1 4 0
2003 6 1 58 3.68462 0.015873 2.235 18 39 0
2003 7 1 58 117.722 0.0219926 2.31061 559 166 6
2003 8 1 58 0 0 1.94 1 0 0
2003 9 1 58 19.7776 0.0201681 2.15333 72 144 0
2003 1 2 58 99.2648 0.0269085 2.28831 172 113.5 6
2003 2 2 58 10.1061 0.0111397 2.72 5 13 0
2003 3 2 58 22.7456 0.0116537 2.38063 16 21 0
2003 4 2 58 66.7193 0.0202867 2.42865 192 167 5
2003 5 2 58 2.00873 0.0186667 2.22667 3 7 0
2003 6 2 58 3.96805 0.017094 2.3775 24 42 0
2003 7 2 58 87.9367 0.0164282 2.37421 416 124 3
2003 8 2 58 0 0 2.3 1 0 0
2003 9 2 58 18.5415 0.0189076 2.24511 47 135 0
2003 1 1 59 78.2749 0.0212186 2.57415 248 89.5 13
2003 2 1 59 21.7671 0.0239931 2.85 5 28 0
2003 3 1 59 42.2419 0.0216426 2.42174 23 39 0
2003 4 1 59 63.7229 0.0193756 2.56123 228 159.5 6
2003 5 1 59 1.43481 0.0133333 2.31 4 5 0
2003 6 1 59 4.25148 0.018315 2.33733 30 45 0
2003 7 1 59 108.503 0.0202703 2.44044 572 153 4
2003 8 1 59 0 0 2.04 1 0 0
2003 9 1 59 24.0353 0.0245098 2.40535 71 175 0
2003 1 2 59 88.7698 0.0240635 2.50343 172 101.5 7
2003 2 2 59 15.5479 0.017138 2.96429 7 20 0
2003 3 2 59 32.4937 0.0166482 2.4292 25 30 0
2003 4 2 59 63.7229 0.0193756 2.57961 204 159.5 6
2003 5 2 59 1.43481 0.0133333 2.29 6 5 0
2003 6 2 59 3.87357 0.016687 2.5 20 41 0
2003 7 2 59 104.248 0.0194754 2.46974 498 147 6
2003 8 2 59 0 0 2.65 1 0 0
2003 9 2 59 17.5801 0.0179272 2.36839 62 128 0
2003 1 1 60 70.8409 0.0192034 2.70651 281 81 18
2003 2 1 60 24.8766 0.0274207 2.66 5 32 0
2003 3 1 60 49.8237 0.0255272 2.58944 18 46 0
2003 4 1 60 57.1309 0.0173712 2.7747 249 143 2
2003 5 1 60 2.00873 0.0186667 2.325 2 7 0
2003 6 1 60 4.91282 0.021164 2.45667 33 52 0
2003 7 1 60 108.148 0.020204 2.55516 630 152.5 4
2003 8 1 60 0 0 2.62324 0 0 0
2003 9 1 60 22.7992 0.0232493 2.46069 72 166 0
2003 1 2 60 93.58 0.0253675 2.60481 210 107 12
2003 2 2 60 14.7705 0.0162811 2.88333 6 19 0
2003 3 2 60 53.0731 0.027192 2.69615 13 49 0
2003 4 2 60 56.7314 0.0172498 2.67763 236 142 2
2003 5 2 60 0.286962 0.00266667 2.37333 6 1 0
2003 6 2 60 3.87357 0.016687 2.5213 23 41 0
2003 7 2 60 103.184 0.0192766 2.58384 567 145.5 3
2003 8 2 60 0 0 2.575 2 0 0
2003 9 2 60 23.0739 0.0235294 2.44047 64 168 0
2003 1 1 61 68.2172 0.0184922 2.8422 282 78 13
2003 2 1 61 22.5445 0.02485 3.21 5 29 0
2003 3 1 61 46.5744 0.0238624 2.80786 28 43 0
2003 4 1 61 52.3367 0.0159135 2.90664 271 131 7
2003 5 1 61 0.573924 0.00533333 2.28125 8 2 0
2003 6 1 61 5.66864 0.02442 2.72818 33 60 0
2003 7 1 61 125.523 0.0234499 2.65562 649 177 3
2003 8 1 61 0 0 2.345 2 0 0
2003 9 1 61 23.486 0.0239496 2.5685 80 171 0
2003 1 2 61 57.7223 0.0156472 2.86252 226 66 11
2003 2 2 61 12.4383 0.0137104 3.11667 3 16 0
2003 3 2 61 42.2419 0.0216426 2.83207 29 39 0
2003 4 2 61 51.1381 0.0155491 2.86423 239 128 4
2003 5 2 61 0.860886 0.008 2.52818 11 3 0
2003 6 2 61 4.34596 0.018722 2.65911 45 46 0
2003 7 2 61 95.0283 0.017753 2.74129 605 134 1
2003 8 2 61 0 0 2.5 2 0 0
2003 9 2 61 20.4644 0.0208683 2.49176 51 149 0
2003 1 1 62 53.3494 0.0144618 2.94107 327 61 16
2003 2 1 62 12.4383 0.0137104 3.05 7 16 0
2003 3 1 62 56.3225 0.0288568 2.92647 34 52 0
2003 4 1 62 69.1164 0.0210155 2.99546 315 173 6
2003 5 1 62 2.58266 0.024 2.59 4 9 0
2003 6 1 62 5.47969 0.023606 2.75022 45 58 0
2003 7 1 62 121.268 0.022655 2.84277 621 171 5
2003 8 1 62 0 0 2.3 1 0 0
2003 9 1 62 21.8378 0.0222689 2.6936 89 159 0
2003 1 2 62 38.4815 0.0104315 2.96612 224 44 11
2003 2 2 62 24.8766 0.0274207 3.03 5 32 0
2003 3 2 62 46.5744 0.0238624 2.88846 26 43 0
2003 4 2 62 57.1309 0.0173712 2.99373 284 143 7
2003 5 2 62 2.00873 0.0186667 2.674 5 7 0
2003 6 2 62 4.25148 0.018315 2.80625 32 45 0
2003 7 2 62 86.5183 0.0161632 2.85303 621 122 1
2003 8 2 62 0 0 2.45 3 0 0
2003 9 2 62 21.7005 0.0221289 2.64162 74 158 0
2003 1 1 63 53.7866 0.0145804 3.09365 299 61.5 16
2003 2 1 63 16.3253 0.0179949 3.86 5 21 0
2003 3 1 63 40.0756 0.0205327 2.99029 35 37 0
2003 4 1 63 70.7144 0.0215015 3.17765 307 177 6
2003 5 1 63 2.00873 0.0186667 2.635 6 7 0
2003 6 1 63 5.47969 0.023606 2.77408 49 58 0
2003 7 1 63 118.076 0.0220588 2.91721 730 166.5 4
2003 8 1 63 0 0 2.96 1 0 0
2003 9 1 63 22.2499 0.0226891 2.82247 77 162 0
2003 1 2 63 61.6579 0.0167141 3.18281 231 70.5 12
2003 2 2 63 17.8801 0.0197087 3.525 2 23 0
2003 3 2 63 44.4081 0.0227525 3.145 22 41 0
2003 4 2 63 55.1333 0.0167638 3.07793 275 138 5
2003 5 2 63 2.00873 0.0186667 2.67556 9 7 0
2003 6 2 63 4.91282 0.021164 2.99523 44 52 0
2003 7 2 63 120.913 0.0225888 2.98918 661 170.5 6
2003 8 2 63 0 0 2.65 2 0 0
2003 9 2 63 25.5461 0.0260504 2.85218 78 186 0
2003 1 1 64 36.2951 0.00983879 3.31709 289 41.5 10
2003 2 1 64 14.7705 0.0162811 4.1375 4 19 0
2003 3 1 64 43.325 0.0221976 3.33515 33 40 0
2003 4 1 64 63.1236 0.0191934 3.29321 293 158 5
2003 5 1 64 0 0 2.99 4 0 0
2003 6 1 64 6.04655 0.026048 3.00673 55 64 0
2003 7 1 64 121.977 0.0227875 3.06519 734 172 8
2003 8 1 64 0 0 2.04 1 0 0
2003 9 1 64 24.9967 0.0254902 2.99816 87 182 0
2003 1 2 64 36.2951 0.00983879 3.25726 237 41.5 12
2003 2 2 64 9.32874 0.0102828 3.625 2 12 0
2003 3 2 64 30.3275 0.0155383 3.15692 26 28 0
2003 4 2 64 56.7314 0.0172498 3.25924 341 142 6
2003 5 2 64 1.14785 0.0106667 3.02667 6 4 0
2003 6 2 64 5.47969 0.023606 2.9774 50 58 0
2003 7 2 64 101.411 0.0189454 3.14824 712 143 7
2003 8 2 64 0 0 3.17383 0 0 0
2003 9 2 64 22.9366 0.0233894 2.95638 94 167 0
2003 1 1 65 43.2917 0.0117354 3.39488 291 49.5 16
2003 2 1 65 13.2157 0.0145673 4.03333 6 17 0
2003 3 1 65 46.5744 0.0238624 3.32286 28 43 0
2003 4 1 65 67.5183 0.0205296 3.50653 331 169 4
2003 5 1 65 2.86962 0.0266667 2.76143 7 10 0
2003 6 1 65 5.47969 0.023606 3.23444 63 58 0
2003 7 1 65 119.14 0.0222576 3.20063 709 168 5
2003 8 1 65 0 0 3.4 2 0 0
2003 9 1 65 20.6017 0.0210084 3.06918 61 150 0
2003 1 2 65 38.9188 0.01055 3.52263 247 44.5 8
2003 2 2 65 17.1027 0.0188518 3.5 3 22 0
2003 3 2 65 43.325 0.0221976 3.48 29 40 0
2003 4 2 65 63.5231 0.0193149 3.39964 333 159 5
2003 5 2 65 2.86962 0.0266667 2.904 10 10 0
2003 6 2 65 5.47969 0.023606 3.24904 52 58 0
2003 7 2 65 107.084 0.0200053 3.27475 682 151 6
2003 8 2 65 0 0 3.27 2 0 0
2003 9 2 65 17.9922 0.0183473 3.165 80 131 0
2003 1 1 66 37.1696 0.0100759 3.55934 287 42.5 14
2003 2 1 66 14.7705 0.0162811 4.25 3 19 0
2003 3 1 66 32.4937 0.0166482 3.52143 28 30 0
2003 4 1 66 71.114 0.0216229 3.61867 323 178 3
2003 5 1 66 2.00873 0.0186667 3.426 5 7 0
2003 6 1 66 3.96805 0.017094 3.2364 50 42 0
2003 7 1 66 90.0642 0.0168256 3.35775 658 127 4
2003 8 1 66 0 0 3.45636 0 0 0
2003 9 1 66 17.3054 0.0176471 3.30721 68 126 0
2003 1 2 66 38.9188 0.01055 3.66658 231 44.5 13
2003 2 2 66 10.1061 0.0111397 4.6625 4 13 0
2003 3 2 66 29.2444 0.0149834 3.55833 24 27 0
2003 4 2 66 57.9299 0.0176142 3.55879 346 145 5
2003 5 2 66 1.72177 0.016 3.04 7 6 0
2003 6 2 66 4.34596 0.018722 3.30467 60 46 0
2003 7 2 66 92.9008 0.0173556 3.4164 695 131 3
2003 8 2 66 0 0 3.3 1 0 0
2003 9 2 66 18.4042 0.0187675 3.21477 65 134 0
2003 1 1 67 48.9765 0.0132764 3.75898 275 56 23
2003 2 1 67 9.32874 0.0102828 4.56167 6 12 0
2003 3 1 67 31.4106 0.0160932 3.74321 28 29 0
2003 4 1 67 63.1236 0.0191934 3.75885 279 158 1
2003 5 1 67 0.286962 0.00266667 3.59143 7 1 0
2003 6 1 67 4.81834 0.020757 3.48194 62 51 0
2003 7 1 67 116.658 0.0217939 3.46702 644 164.5 6
2003 8 1 67 0 0 3.335 2 0 0
2003 9 1 67 17.5801 0.0179272 3.36443 70 128 0
2003 1 2 67 30.6103 0.00829777 3.73783 253 35 14
2003 2 2 67 10.8835 0.0119966 4.33 5 14 0
2003 3 2 67 19.4962 0.0099889 3.5456 25 18 0
2003 4 2 67 66.3198 0.0201652 3.74432 333 166 3
2003 5 2 67 2.00873 0.0186667 3.16889 9 7 0
2003 6 2 67 4.81834 0.020757 3.3668 75 51 0
2003 7 2 67 101.765 0.0190117 3.5699 705 143.5 3
2003 8 2 67 0 0 3.3325 4 0 0
2003 9 2 67 19.2283 0.0196078 3.31586 70 140 0
2003 1 1 68 36.2951 0.00983879 3.8272 254 41.5 15
2003 2 1 68 6.21916 0.00685518 3.74054 0 8 0
2003 3 1 68 20.5794 0.0105438 3.90333 12 19 0
2003 4 1 68 55.9323 0.0170068 3.94324 275 140 3
2003 5 1 68 2.00873 0.0186667 3.53222 9 7 0
2003 6 1 68 5.0073 0.021571 3.648 60 53 0
2003 7 1 68 92.1917 0.0172231 3.63498 600 130 7
2003 8 1 68 0 0 3.52 2 0 0
2003 9 1 68 15.2453 0.0155462 3.57373 51 111 0
2003 1 2 68 42.4171 0.0114983 3.96636 239 48.5 12
2003 2 2 68 8.55134 0.00942588 4.86667 3 11 0
2003 3 2 68 11.9144 0.00610433 3.83625 16 11 0
2003 4 2 68 61.126 0.018586 3.85067 371 153 2
2003 5 2 68 2.86962 0.0266667 3.4875 8 10 0
2003 6 2 68 4.81834 0.020757 3.55857 42 51 0
2003 7 2 68 99.2833 0.018548 3.7476 680 140 3
2003 8 2 68 0 0 3.705 4 0 0
2003 9 2 68 19.915 0.0203081 3.54015 68 145 0
2003 1 1 69 38.4815 0.0104315 4.03573 246 44 15
2003 2 1 69 7.77395 0.00856898 4.8 1 10 0
2003 3 1 69 21.6625 0.0110988 3.979 10 20 0
2003 4 1 69 61.5256 0.0187075 4.02378 249 154 3
2003 5 1 69 2.00873 0.0186667 3.5675 4 7 0
2003 6 1 69 4.72387 0.02035 3.788 40 50 0
2003 7 1 69 93.61 0.0174881 3.76492 559 132 7
2003 8 1 69 0 0 3.87858 0 0 0
2003 9 1 69 16.2067 0.0165266 3.70128 47 118 0
2003 1 2 69 33.234 0.00900901 4.15412 255 38 11
2003 2 2 69 7.77395 0.00856898 4.6 3 10 0
2003 3 2 69 21.6625 0.0110988 3.818 25 20 0
2003 4 2 69 63.1236 0.0191934 4.0711 326 158 4
2003 5 2 69 3.15658 0.0293333 3.762 5 11 0
2003 6 2 69 4.53491 0.019536 3.83175 40 48 0
2003 7 2 69 85.1 0.0158983 3.87883 650 120 5
2003 8 2 69 0 0 3.44333 3 0 0
2003 9 2 69 15.52 0.0158263 3.72922 64 113 0
2003 1 1 70 42.8544 0.0116169 4.28726 234 49 14
2003 2 1 70 13.2157 0.0145673 4.7 2 17 0
2003 3 1 70 23.8287 0.0122087 4.22273 11 22 0
2003 4 1 70 52.7362 0.016035 4.31781 242 132 5
2003 5 1 70 1.72177 0.016 3.785 6 6 0
2003 6 1 70 3.11775 0.013431 3.95116 43 33 0
2003 7 1 70 92.5463 0.0172893 3.97662 524 130.5 7
2003 8 1 70 0 0 3.93 2 0 0
2003 9 1 70 15.7946 0.0161064 4.03795 44 115 0
2003 1 2 70 38.4815 0.0104315 4.40439 244 44 11
2003 2 2 70 10.1061 0.0111397 4.95 2 13 0
2003 3 2 70 20.5794 0.0105438 4.17625 16 19 0
2003 4 2 70 55.9323 0.0170068 4.24988 322 140 4
2003 5 2 70 1.43481 0.0133333 3.56833 6 5 0
2003 6 2 70 4.53491 0.019536 3.945 52 48 0
2003 7 2 70 93.9646 0.0175543 4.07071 630 132.5 4
2003 8 2 70 0 0 3.67 1 0 0
2003 9 2 70 15.2453 0.0155462 3.93043 70 111 0
2003 1 1 71 34.9832 0.00948317 4.44922 230 40 17
2003 2 1 71 4.66437 0.00514139 4.28431 0 6 0
2003 3 1 71 18.4131 0.00943396 4.52273 11 17 0
2003 4 1 71 47.942 0.0145773 4.42725 222 120 1
2003 5 1 71 0.860886 0.008 3.83 5 3 0
2003 6 1 71 3.30671 0.014245 4.14294 34 35 0
2003 7 1 71 68.08 0.0127186 4.16201 442 96 4
2003 8 1 71 0 0 4 2 0 0
2003 9 1 71 13.1851 0.0134454 3.99838 37 96 0
2003 1 2 71 44.6036 0.012091 4.54118 237 51 16
2003 2 2 71 10.8835 0.0119966 5.3 1 14 0
2003 3 2 71 10.8312 0.00554939 4.50941 17 10 0
2003 4 2 71 58.3294 0.0177357 4.47201 288 146 2
2003 5 2 71 2.58266 0.024 3.73333 9 9 0
2003 6 2 71 3.11775 0.013431 4.22809 47 33 0
2003 7 2 71 84.3908 0.0157658 4.2706 582 119 6
2003 8 2 71 0 0 4 1 0 0
2003 9 2 71 16.2067 0.0165266 4.17122 49 118 0
2003 1 1 72 35.8578 0.00972025 4.64014 218 41 16
2003 2 1 72 4.66437 0.00514139 4.43644 0 6 0
2003 3 1 72 9.74812 0.00499445 4.52438 16 9 0
2003 4 1 72 36.5558 0.0111152 4.54494 164 91.5 1
2003 5 1 72 1.72177 0.016 3.84 4 6 0
2003 6 1 72 2.83432 0.01221 4.17969 32 30 0
2003 7 1 72 85.1 0.0158983 4.30789 384 120 3
2003 8 1 72 0 0 4.43644 0 0 0
2003 9 1 72 13.0478 0.0133053 4.31903 31 95 0
2003 1 2 72 14.8679 0.00403035 4.83394 231 17 14
2003 2 2 72 6.21916 0.00685518 4.9 1 8 0
2003 3 2 72 17.33 0.00887902 4.47 13 16 0
2003 4 2 72 48.5413 0.0147595 4.66771 236 121.5 3
2003 5 2 72 2.00873 0.0186667 4.1575 8 7 0
2003 6 2 72 3.30671 0.014245 4.34292 48 35 0
2003 7 2 72 79.4267 0.0148384 4.47325 493 112 2
2003 8 2 72 0 0 4.02333 3 0 0
2003 9 2 72 13.5971 0.0138655 4.19349 43 99 0
2003 1 1 73 25.3628 0.0068753 4.84544 195 29 17
2003 2 1 73 7.77395 0.00856898 4.60972 0 10 0
2003 3 1 73 9.74812 0.00499445 4.91364 11 9 0
2003 4 1 73 31.1623 0.00947522 4.69719 139 78 3
2003 5 1 73 0.860886 0.008 4.95 2 3 0
2003 6 1 73 2.55089 0.010989 4.3896 25 27 0
2003 7 1 73 53.1875 0.00993641 4.46289 315 75 2
2003 8 1 73 0 0 4.60972 0 0 0
2003 9 1 73 10.3009 0.0105042 4.30412 34 75 0
2003 1 2 73 23.6136 0.00640114 5.01065 215 27 13
2003 2 2 73 9.32874 0.0102828 4.74144 0 12 0
2003 3 2 73 15.1637 0.00776915 4.64143 7 14 0
2003 4 2 73 46.3439 0.0140914 4.78634 227 116 6
2003 5 2 73 2.00873 0.0186667 4.31 8 7 0
2003 6 2 73 2.64537 0.011396 4.61129 31 28 0
2003 7 2 73 68.7892 0.0128511 4.64012 493 97 3
2003 8 2 73 0 0 4.39 2 0 0
2003 9 2 73 10.8502 0.0110644 4.45281 32 79 0
2003 1 1 74 23.6136 0.00640114 5.11652 181 27 20
2003 2 1 74 4.66437 0.00514139 4.87713 0 6 0
2003 3 1 74 16.2469 0.00832408 4.16 3 15 0
2003 4 1 74 31.5618 0.0095967 5.04192 130 79 4
2003 5 1 74 1.43481 0.0133333 4.445 4 5 0
2003 6 1 74 2.0785 0.00895401 4.52938 16 22 0
2003 7 1 74 51.06 0.00953895 4.68767 262 72 2
2003 8 1 74 0 0 4.87713 0 0 0
2003 9 1 74 7.55396 0.00770308 4.64083 24 55 0
2003 1 2 74 33.234 0.00900901 5.19263 198 38 10
2003 2 2 74 6.99655 0.00771208 4.93744 0 9 0
2003 3 2 74 9.74812 0.00499445 4.96125 8 9 0
2003 4 2 74 42.3488 0.0128766 5.0045 191 106 2
2003 5 2 74 2.58266 0.024 4.596 10 9 0
2003 6 2 74 2.0785 0.00895401 4.53971 34 22 0
2003 7 2 74 57.4425 0.0107313 4.87261 383 81 2
2003 8 2 74 0 0 4.93744 0 0 0
2003 9 2 74 10.0262 0.0102241 4.41929 42 73 0
2003 1 1 75 34.5459 0.00936463 5.25613 155 39.5 17
2003 2 1 75 2.33218 0.00257069 5.02682 0 3 0
2003 3 1 75 8.665 0.00443951 4.99167 6 8 0
2003 4 1 75 27.9662 0.0085034 5.16933 105 70 2
2003 5 1 75 0.573924 0.00533333 4.69 1 2 0
2003 6 1 75 1.79507 0.00773301 4.65412 17 19 0
2003 7 1 75 39.0042 0.0072867 4.86162 247 55 3
2003 8 1 75 0 0 5.02682 0 0 0
2003 9 1 75 7.55396 0.00770308 4.89864 22 55 0
2003 1 2 75 19.678 0.00533428 5.47137 160 22.5 12
2003 2 2 75 4.66437 0.00514139 5.13185 0 6 0
2003 3 2 75 8.665 0.00443951 4.93333 9 8 0
2003 4 2 75 36.7555 0.0111759 5.18159 170 92 2
2003 5 2 75 1.14785 0.0106667 4.96857 7 4 0
2003 6 2 75 2.83432 0.01221 4.81406 32 30 0
2003 7 2 75 59.57 0.0111288 5.03572 367 84 7
2003 8 2 75 0 0 4.4 1 0 0
2003 9 2 75 8.51537 0.00868347 4.64357 28 62 0
2003 1 1 76 21.4272 0.00580844 5.4007 128 24.5 12
2003 2 1 76 1.55479 0.0017138 5.20558 0 2 0
2003 3 1 76 8.665 0.00443951 5.17857 7 8 0
2003 4 1 76 23.971 0.00728863 5.35439 82 60 1
2003 5 1 76 1.72177 0.016 4.7 6 6 0
2003 6 1 76 1.51164 0.00651201 5.282 10 16 0
2003 7 1 76 41.1317 0.00768415 5.0403 202 58 2
2003 8 1 76 0 0 5.20558 0 0 0
2003 9 1 76 5.90582 0.00602241 5.12706 17 43 0
2003 1 2 76 23.1764 0.0062826 5.67157 166 26.5 17
2003 2 2 76 3.88697 0.00428449 5.38339 0 5 0
2003 3 2 76 4.3325 0.00221976 5.30833 6 4 0
2003 4 2 76 32.3608 0.00983965 5.38466 133 81 0
2003 5 2 76 0.860886 0.008 5.005 2 3 0
2003 6 2 76 1.98402 0.00854701 5.04688 16 21 0
2003 7 2 76 60.9883 0.0113937 5.25664 301 86 2
2003 8 2 76 0 0 6.7 1 0 0
2003 9 2 76 8.51537 0.00868347 5.25257 35 62 0
2003 1 1 77 15.3051 0.00414889 5.74453 137 17.5 11
2003 2 1 77 0.777395 0.000856898 5.46633 0 1 0
2003 3 1 77 3.24937 0.00166482 6.11 5 3 0
2003 4 1 77 20.7749 0.00631681 5.58982 56 52 2
2003 5 1 77 1.43481 0.0133333 4.975 2 5 0
2003 6 1 77 1.51164 0.00651201 4.86778 18 16 0
2003 7 1 77 33.3308 0.00622682 5.26137 153 47 1
2003 8 1 77 0 0 5.46633 0 0 0
2003 9 1 77 5.35645 0.00546218 4.953 10 39 0
2003 1 2 77 21.4272 0.00580844 6.06985 132 24.5 13
2003 2 2 77 2.33218 0.00257069 6 1 3 0
2003 3 2 77 7.58187 0.00388457 5.72 8 7 0
2003 4 2 77 29.1647 0.00886783 5.65569 137 73 1
2003 5 2 77 1.14785 0.0106667 4.83714 7 4 0
2003 6 2 77 1.51164 0.00651201 5.61889 18 16 0
2003 7 2 77 43.9683 0.0082141 5.46667 285 62 8
2003 8 2 77 0 0 5.62131 0 0 0
2003 9 2 77 6.4552 0.00658263 4.91773 22 47 0
2003 1 1 78 15.7424 0.00426743 5.96302 126 18 11
2003 2 1 78 3.88697 0.00428449 5.71649 0 5 0
2003 3 1 78 2.16625 0.00110988 6.165 2 2 0
2003 4 1 78 17.5787 0.005345 5.73833 48 44 0
2003 5 1 78 2.2957 0.0213333 4.9 2 8 0
2003 6 1 78 1.22821 0.00529101 5.5 12 13 0
2003 7 1 78 33.3308 0.00622682 5.48558 113 47 1
2003 8 1 78 0 0 5.71649 0 0 0
2003 9 1 78 5.49379 0.00560224 5.448 10 40 0
2003 1 2 78 19.2408 0.00521574 6.33561 148 22 10
2003 2 2 78 6.99655 0.00771208 5.82358 0 9 0
2003 3 2 78 4.3325 0.00221976 5.775 6 4 0
2003 4 2 78 25.9686 0.00789602 5.65417 115 65 1
2003 5 2 78 1.14785 0.0106667 5.27 6 4 0
2003 6 2 78 1.79507 0.00773301 5.54214 14 19 0
2003 7 2 78 39.7133 0.00741918 5.63845 226 56 2
2003 8 2 78 0 0 5.82358 0 0 0
2003 9 2 78 5.90582 0.00602241 5.44 18 43 0
2003 1 1 79 8.7458 0.00237079 6.35391 115 10 16
2003 2 1 79 0 0 5.975 0 0 0
2003 3 1 79 4.3325 0.00221976 5.01667 3 4 0
2003 4 1 79 14.3826 0.00437318 6.00263 38 36 1
2003 5 1 79 1.14785 0.0106667 4.69 1 4 0
2003 6 1 79 1.98402 0.00854701 5.562 5 21 0
2003 7 1 79 18.0838 0.00337838 5.67425 106 25.5 1
2003 8 1 79 0 0 6.22 1 0 0
2003 9 1 79 3.15893 0.00322129 5.22333 9 23 0
2003 1 2 79 14.8679 0.00403035 6.53468 139 17 12
2003 2 2 79 2.33218 0.00257069 6.03316 0 3 0
2003 3 2 79 5.41562 0.00277469 6.2 3 5 0
2003 4 2 79 25.9686 0.00789602 5.9799 104 65 3
2003 5 2 79 1.43481 0.0133333 6.025 4 5 0
2003 6 2 79 1.98402 0.00854701 5.678 10 21 0
2003 7 2 79 45.7413 0.00854531 5.7851 206 64.5 3
2003 8 2 79 0 0 6.03316 0 0 0
2003 9 2 79 5.76848 0.00588235 5.67643 28 42 0
2003 1 1 80 12.2441 0.00331911 6.5832 103 14 13
2003 2 1 80 1.55479 0.0017138 6.33229 0 2 0
2003 3 1 80 1.08312 0.000554939 6.33229 0 1 0
2003 4 1 80 15.5811 0.00473761 6.58333 36 39 0
2003 5 1 80 0.573924 0.00533333 6.33229 0 2 0
2003 6 1 80 1.13373 0.004884 6.184 5 12 0
2003 7 1 80 19.5021 0.00364335 5.98678 87 27.5 2
2003 8 1 80 0 0 6.33229 0 0 0
2003 9 1 80 2.7469 0.00280112 6.04071 14 20 0
2003 1 2 80 20.9899 0.0056899 6.83492 132 24 18
2003 2 2 80 1.55479 0.0017138 6.38746 0 2 0
2003 3 2 80 6.49875 0.00332963 6.73333 3 6 0
2003 4 2 80 26.3681 0.00801749 6.54084 83 66 1
2003 5 2 80 1.72177 0.016 5.856 5 6 0
2003 6 2 80 1.32268 0.00569801 5.67077 13 14 0
2003 7 2 80 28.0121 0.00523317 6.13049 206 39.5 1
2003 8 2 80 0 0 6.38746 0 0 0
2003 9 2 80 4.25769 0.00434174 5.94722 18 31 0
2003 1 1 81 8.7458 0.00237079 7.00177 96 10 14
2003 2 1 81 1.55479 0.0017138 6.63177 0 2 0
2003 3 1 81 4.3325 0.00221976 6.315 4 4 0
2003 4 1 81 11.9855 0.00364431 6.79469 32 30 0
2003 5 1 81 1.14785 0.0106667 5.175 2 4 0
2003 6 1 81 0.661341 0.002849 5.97 3 7 0
2003 7 1 81 12.4104 0.00231849 5.9364 50 17.5 0
2003 8 1 81 0 0 6.63177 0 0 0
2003 9 1 81 2.33486 0.00238095 6.672 5 17 0
2003 1 2 81 9.62038 0.00260787 7.0569 100 11 15
2003 2 2 81 3.88697 0.00428449 6.67109 0 5 0
2003 3 2 81 3.24937 0.00166482 6.085 2 3 0
2003 4 2 81 22.3729 0.00680272 6.65031 65 56 0
2003 5 2 81 0.860886 0.008 5.75 2 3 0
2003 6 2 81 1.41716 0.00610501 6.25 9 15 0
2003 7 2 81 28.0121 0.00523317 6.547 160 39.5 5
2003 8 2 81 0 0 6.67109 0 0 0
2003 9 2 81 3.84565 0.00392157 6.1425 20 28 0
2003 1 1 82 13.556 0.00367473 7.14808 73 15.5 14
2003 2 1 82 0 0 6.86335 0 0 0
2003 3 1 82 1.08312 0.000554939 7.1 1 1 0
2003 4 1 82 7.1913 0.00218659 7.09696 23 18 1
2003 5 1 82 1.43481 0.0133333 6.86335 0 5 0
2003 6 1 82 0.377909 0.001628 6.624 5 4 0
2003 7 1 82 2.1275 0.000397456 6.38979 47 3 2
2003 8 1 82 0 0 6.86335 0 0 0
2003 9 1 82 2.06017 0.00210084 6.37333 6 15 0
2003 1 2 82 14.4306 0.00391181 7.33839 118 16.5 12
2003 2 2 82 2.33218 0.00257069 6.93088 0 3 0
2003 3 2 82 2.16625 0.00110988 7.4 5 2 0
2003 4 2 82 21.1744 0.00643829 6.85733 45 53 1
2003 5 2 82 2.00873 0.0186667 6 2 7 0
2003 6 2 82 0.944774 0.00407 6.33091 11 10 0
2003 7 2 82 29.0758 0.0054319 6.75737 133 41 1
2003 8 2 82 0 0 6.93088 0 0 0
2003 9 2 82 5.08176 0.00518207 5.81786 14 37 0
2003 1 1 83 4.81019 0.00130394 7.31047 85 5.5 14
2003 2 1 83 2.33218 0.00257069 7.00455 0 3 0
2003 3 1 83 3.24937 0.00166482 7.00455 0 3 0
2003 4 1 83 7.1913 0.00218659 6.92 17 18 0
2003 5 1 83 0.573924 0.00533333 7.00455 0 2 0
2003 6 1 83 0.850296 0.003663 7.00455 0 9 0
2003 7 1 83 7.09167 0.00132485 6.4425 48 10 0
2003 8 1 83 0 0 7.00455 0 0 0
2003 9 1 83 1.2361 0.0012605 7.40667 6 9 0
2003 1 2 83 11.8068 0.00320057 7.78292 106 13.5 13
2003 2 2 83 1.55479 0.0017138 7.30742 0 2 0
2003 3 2 83 2.16625 0.00110988 8 2 2 0
2003 4 2 83 21.5739 0.00655977 7.075 52 54 0
2003 5 2 83 0.860886 0.008 7.30742 0 3 0
2003 6 2 83 1.79507 0.00773301 6.90375 8 19 0
2003 7 2 83 21.9842 0.00410705 7.07031 131 31 1
2003 8 2 83 0 0 7.30742 0 0 0
2003 9 2 83 2.88424 0.00294118 6.81545 11 21 0
2003 1 1 84 8.7458 0.00237079 7.65526 76 10 18
2003 2 1 84 0 0 7.35594 0 0 0
2003 3 1 84 1.08312 0.000554939 6.3 1 1 0
2003 4 1 84 5.99275 0.00182216 7.045 12 15 0
2003 5 1 84 0.286962 0.00266667 7.35594 0 1 0
2003 6 1 84 0.472387 0.002035 7.26 4 5 0
2003 7 1 84 5.67333 0.00105988 6.92385 39 8 2
2003 8 1 84 0 0 7.35594 0 0 0
2003 9 1 84 1.78548 0.00182073 6.63 1 13 0
2003 1 2 84 11.3695 0.00308203 8.09634 82 13 11
2003 2 2 84 4.66437 0.00514139 7.43707 0 6 0
2003 3 2 84 3.24937 0.00166482 8.7 1 3 0
2003 4 2 84 15.9807 0.00485909 7.07463 41 40 0
2003 5 2 84 1.14785 0.0106667 6.58333 3 4 0
2003 6 2 84 1.60611 0.00691901 6.73667 6 17 0
2003 7 2 84 17.7292 0.00331214 7.14317 104 25 1
2003 8 2 84 0 0 7.43707 0 0 0
2003 9 2 84 2.60955 0.00266106 7.17583 12 19 0
2003 1 1 85 11.3695 0.00308203 8.06718 71 13 13
2003 2 1 85 0 0 7.58203 0 0 0
2003 3 1 85 1.08312 0.000554939 7.58203 0 1 0
2003 4 1 85 5.19372 0.0015792 6.50308 13 13 0
2003 5 1 85 0.573924 0.00533333 7.58203 0 2 0
2003 6 1 85 0.377909 0.001628 6.2 2 4 0
2003 7 1 85 5.31875 0.000993641 7.12872 39 7.5 1
2003 8 1 85 0 0 7.58203 0 0 0
2003 9 1 85 0.961413 0.000980392 7.59 3 7 0
2003 1 2 85 13.1187 0.00355619 8.25485 101 15 12
2003 2 2 85 0.777395 0.000856898 7.76333 0 1 0
2003 3 2 85 1.08312 0.000554939 8.775 2 1 0
2003 4 2 85 11.9855 0.00364431 7.51737 38 30 0
2003 5 2 85 1.43481 0.0133333 7.52 4 5 0
2003 6 2 85 0.566864 0.002442 6.69818 11 6 0
2003 7 2 85 15.2471 0.00284844 7.45628 86 21.5 2
2003 8 2 85 0 0 7.76333 0 0 0
2003 9 2 85 2.19752 0.0022409 7.30286 7 16 0
2003 1 1 86 1.31187 0.000355619 8.40018 57 1.5 9
2003 2 1 86 0 0 7.95161 0 0 0
2003 3 1 86 2.16625 0.00110988 7.95161 0 2 0
2003 4 1 86 2.3971 0.000728863 7.59875 8 6 1
2003 5 1 86 0.573924 0.00533333 7.4 1 2 0
2003 6 1 86 0.283432 0.001221 7.95161 0 3 0
2003 7 1 86 1.77292 0.000331214 7.07667 24 2.5 1
2003 8 1 86 0 0 7.95161 0 0 0
2003 9 1 86 0.549379 0.000560224 7.55333 3 4 0
2003 1 2 86 10.0577 0.00272641 8.68037 82 11.5 10
2003 2 2 86 0 0 8.12689 0 0 0
2003 3 2 86 1.08312 0.000554939 7.8 1 1 0
2003 4 2 86 8.38985 0.00255102 8.15297 37 21 1
2003 5 2 86 0.860886 0.008 7.65 1 3 0
2003 6 2 86 1.22821 0.00529101 7.59167 6 13 0
2003 7 2 86 11.7013 0.00218601 7.73362 69 16.5 0
2003 8 2 86 0 0 8.12689 0 0 0
2003 9 2 86 2.06017 0.00210084 6.95769 13 15 0
2003 1 1 87 4.81019 0.00130394 8.71209 43 5.5 8
2003 2 1 87 0 0 8.29077 0 0 0
2003 3 1 87 0 0 8.29077 0 0 0
2003 4 1 87 3.59565 0.00109329 7.32091 11 9 0
2003 5 1 87 1.14785 0.0106667 7.5 2 4 0
2003 6 1 87 0.850296 0.003663 7.35 1 9 0
2003 7 1 87 0.709167 0.000132485 8.05619 21 1 1
2003 8 1 87 0 0 8.29077 0 0 0
2003 9 1 87 0.686724 0.00070028 8.29077 0 5 0
2003 1 2 87 9.18309 0.00248933 9.08211 76 10.5 13
2003 2 2 87 0 0 8.46668 0 0 0
2003 3 2 87 2.16625 0.00110988 8.6 2 2 0
2003 4 2 87 9.98792 0.00303693 8.31219 32 25 1
2003 5 2 87 0.860886 0.008 6.53333 3 3 0
2003 6 2 87 0.850296 0.003663 7.295 10 9 0
2003 7 2 87 12.0558 0.00225225 8.24828 64 17 2
2003 8 2 87 0 0 5.71 1 0 0
2003 9 2 87 1.51079 0.00154062 7.48625 8 11 0
2003 1 1 88 3.49832 0.000948317 9.10717 53 4 9
2003 2 1 88 1.55479 0.0017138 8.7304 0 2 0
2003 3 1 88 0 0 8.4 1 0 0
2003 4 1 88 0.799033 0.000242954 8.842 5 2 1
2003 5 1 88 0.573924 0.00533333 8.7304 0 2 0
2003 6 1 88 0.472387 0.002035 7.4 1 5 0
2003 7 1 88 0 0 7.48143 14 0 1
2003 8 1 88 0 0 8.7304 0 0 0
2003 9 1 88 0 0 7.35 1 0 0
2003 1 2 88 10.495 0.00284495 9.45307 75 12 13
2003 2 2 88 0.777395 0.000856898 8.73528 0 1 0
2003 3 2 88 1.08312 0.000554939 9.8 1 1 0
2003 4 2 88 5.19372 0.0015792 8.53389 18 13 0
2003 5 2 88 0.860886 0.008 8.37 1 3 0
2003 6 2 88 0.188955 0.000814001 8.17 4 2 0
2003 7 2 88 11.3467 0.00211977 8.16 69 16 1
2003 8 2 88 0 0 8.73528 0 0 0
2003 9 2 88 1.37345 0.00140056 7.61625 8 10 0
2003 1 1 89 4.3729 0.0011854 9.27712 52 5 9
2003 2 1 89 0 0 8.90973 0 0 0
2003 3 1 89 0 0 8.90973 0 0 0
2003 4 1 89 2.3971 0.000728863 8.29 4 6 0
2003 5 1 89 0 0 8.90973 0 0 0
2003 6 1 89 0.188955 0.000814001 7.5 1 2 0
2003 7 1 89 0 0 7.7 14 0 1
2003 8 1 89 0 0 8.90973 0 0 0
2003 9 1 89 0.137345 0.000140056 9.77 2 1 0
2003 1 2 89 6.12206 0.00165955 10.1965 63 7 9
2003 2 2 89 0.777395 0.000856898 9.2269 0 1 0
2003 3 2 89 0 0 9.2269 0 0 0
2003 4 2 89 10.3874 0.00315841 8.47722 18 26 0
2003 5 2 89 0.860886 0.008 5.51 1 3 0
2003 6 2 89 0.755819 0.003256 10.46 1 8 0
2003 7 2 89 7.09167 0.00132485 8.57283 53 10 0
2003 8 2 89 0 0 9.2269 0 0 0
2003 9 2 89 1.51079 0.00154062 8.06667 9 11 0
2003 1 1 90 0 0 9.71667 33 0 9
2003 2 1 90 0 0 9.14642 0 0 0
2003 3 1 90 0 0 9.14642 0 0 0
2003 4 1 90 1.19855 0.000364431 9.2075 4 3 0
2003 5 1 90 0.286962 0.00266667 9.14642 0 1 0
2003 6 1 90 0.0944774 0.000407 8.225 4 1 0
2003 7 1 90 0 0 7.78 11 0 0
2003 8 1 90 0 0 9.14642 0 0 0
2003 9 1 90 0 0 8.8 1 0 0
2003 1 2 90 5.24748 0.00142248 10.3244 70 6 12
2003 2 2 90 0.777395 0.000856898 9.53845 0 1 0
2003 3 2 90 1.08312 0.000554939 10.5 1 1 0
2003 4 2 90 5.59323 0.00170068 8.845 14 14 1
2003 5 2 90 0.860886 0.008 10.72 2 3 0
2003 6 2 90 1.22821 0.00529101 8.47 1 13 0
2003 7 2 90 4.255 0.000794913 8.83731 52 6 2
2003 8 2 90 0 0 9.53845 0 0 0
2003 9 2 90 1.64814 0.00168067 8.15 8 12 0
2003 1 1 91 0.87458 0.000237079 10.1657 30 1 7
2003 2 1 91 0 0 9.69111 0 0 0
2003 3 1 91 0 0 9.69111 0 0 0
2003 4 1 91 0.799033 0.000242954 8.2075 4 2 0
2003 5 1 91 0.286962 0.00266667 9.15 1 1 0
2003 6 1 91 0.0944774 0.000407 10.2 2 1 0
2003 7 1 91 2.1275 0.000397456 9.07 16 3 0
2003 8 1 91 0 0 9.69111 0 0 0
2003 9 1 91 0 0 10.85 1 0 0
2003 1 2 91 1.74916 0.000474158 10.7082 55 2 12
2003 2 2 91 0 0 9.91614 0 0 0
2003 3 2 91 1.08312 0.000554939 9.91614 0 1 0
2003 4 2 91 3.19613 0.000971817 9.39067 15 8 0
2003 5 2 91 0 0 9.25 2 0 0
2003 6 2 91 0.0944774 0.000407 8.57 1 1 0
2003 7 2 91 4.96417 0.000927398 9.38604 48 7 0
2003 8 2 91 0 0 9.91614 0 0 0
2003 9 2 91 0.961413 0.000980392 8.65667 6 7 0
2003 1 1 92 0.87458 0.000237079 10.2432 38 1 11
2003 2 1 92 0 0 10.0056 0 0 0
2003 3 1 92 1.08312 0.000554939 10.0056 0 1 0
2003 4 1 92 0.399517 0.000121477 11.73 1 1 0
2003 5 1 92 0 0 10.0056 0 0 0
2003 6 1 92 0 0 8.88 1 0 0
2003 7 1 92 0.709167 0.000132485 8.90333 9 1 0
2003 8 1 92 0 0 10.0056 0 0 0
2003 9 1 92 0.412034 0.000420168 10.3 1 3 0
2003 1 2 92 4.3729 0.0011854 11.0743 42 5 8
2003 2 2 92 0 0 10.1734 0 0 0
2003 3 2 92 0 0 10.1734 0 0 0
2003 4 2 92 2.79662 0.00085034 9.50364 11 7 0
2003 5 2 92 0.286962 0.00266667 10.1734 0 1 0
2003 6 2 92 0.377909 0.001628 8.8775 4 4 0
2003 7 2 92 4.255 0.000794913 9.63091 33 6 0
2003 8 2 92 0 0 10.1734 0 0 0
2003 9 2 92 1.2361 0.0012605 6.48 2 9 0
2003 1 1 93 0.87458 0.000237079 10.5674 27 1 7
2003 2 1 93 0 0 10.2116 0 0 0
2003 3 1 93 0 0 10.2116 0 0 0
2003 4 1 93 0.799033 0.000242954 6.99 1 2 0
2003 5 1 93 0 0 10.2116 0 0 0
2003 6 1 93 0.0944774 0.000407 10.2116 0 1 0
2003 7 1 93 0.709167 0.000132485 9.87467 15 1 1
2003 8 1 93 0 0 10.2116 0 0 0
2003 9 1 93 0.137345 0.000140056 8.88 1 1 0
2003 1 2 93 1.74916 0.000474158 11.5455 51 2 15
2003 2 2 93 0 0 10.8292 0 0 0
2003 3 2 93 1.08312 0.000554939 10.8292 0 1 0
2003 4 2 93 3.99517 0.00121477 9.74 12 10 0
2003 5 2 93 0.286962 0.00266667 9.6 1 1 0
2003 6 2 93 0.377909 0.001628 9.5 1 4 0
2003 7 2 93 2.1275 0.000397456 10.2119 27 3 0
2003 8 2 93 0 0 10.8292 0 0 0
2003 9 2 93 0.961413 0.000980392 9.982 5 7 0
2003 1 1 94 0.87458 0.000237079 10.6538 24 1 9
2003 2 1 94 0 0 10.0734 0 0 0
2003 3 1 94 0 0 9 1 0 0
2003 4 1 94 0 0 10.0734 0 0 0
2003 5 1 94 0 0 10.0734 0 0 0
2003 6 1 94 0 0 10.0734 0 0 0
2003 7 1 94 1.41833 0.000264971 8.788 10 2 1
2003 8 1 94 0 0 10.0734 0 0 0
2003 9 1 94 0 0 10.0734 0 0 0
2003 1 2 94 0.87458 0.000237079 11.7495 43 1 9
2003 2 2 94 0 0 11.1597 0 0 0
2003 3 2 94 0 0 11.1597 0 0 0
2003 4 2 94 4.39468 0.00133625 11.1822 9 11 0
2003 5 2 94 0 0 11.1597 0 0 0
2003 6 2 94 0.472387 0.002035 9.49 1 5 0
2003 7 2 94 3.54583 0.000662427 10.1642 24 5 0
2003 8 2 94 0 0 11.1597 0 0 0
2003 9 2 94 0 0 11.1597 0 0 0
2003 1 1 95 0 0 11.1361 23 0 7
2003 2 1 95 0 0 11.07 0 0 0
2003 3 1 95 0 0 11.07 0 0 0
2003 4 1 95 0.399517 0.000121477 11.07 0 1 0
2003 5 1 95 0 0 11.07 0 0 0
2003 6 1 95 0 0 9.8 1 0 0
2003 7 1 95 1.41833 0.000264971 10.945 2 2 0
2003 8 1 95 0 0 11.07 0 0 0
2003 9 1 95 0.137345 0.000140056 11.07 0 1 0
2003 1 2 95 1.74916 0.000474158 12.1386 37 2 9
2003 2 2 95 0 0 11.2665 0 0 0
2003 3 2 95 0 0 11.2665 0 0 0
2003 4 2 95 3.59565 0.00109329 10.7157 7 9 0
2003 5 2 95 0 0 9.21 2 0 0
2003 6 2 95 0.188955 0.000814001 11.2665 0 2 0
2003 7 2 95 4.255 0.000794913 10.3055 22 6 0
2003 8 2 95 0 0 11.2665 0 0 0
2003 9 2 95 0.137345 0.000140056 10.2133 3 1 0
2003 1 1 96 1.74916 0.000474158 11.3673 22 2 9
2003 2 1 96 0.777395 0.000856898 11.2211 0 1 0
2003 3 1 96 0 0 11.2211 0 0 0
2003 4 1 96 0 0 11.2211 0 0 0
2003 5 1 96 0 0 11.2211 0 0 0
2003 6 1 96 0.0944774 0.000407 11.2211 0 1 0
2003 7 1 96 0.709167 0.000132485 10.7567 3 1 1
2003 8 1 96 0 0 11.2211 0 0 0
2003 9 1 96 0.27469 0.000280112 10.31 2 2 0
2003 1 2 96 0.87458 0.000237079 12.4559 32 1 9
2003 2 2 96 0 0 11.7376 0 0 0
2003 3 2 96 0 0 11.7376 0 0 0
2003 4 2 96 1.99758 0.000607386 11.1989 9 5 0
2003 5 2 96 0 0 11.7376 0 0 0
2003 6 2 96 0 0 11.7376 0 0 0
2003 7 2 96 4.255 0.000794913 10.7762 16 6 1
2003 8 2 96 0 0 11.7376 0 0 0
2003 9 2 96 0.27469 0.000280112 8.98 1 2 0
2003 1 1 97 0 0 11.6362 16 0 7
2003 2 1 97 0 0 11.6359 0 0 0
2003 3 1 97 0 0 11.6359 0 0 0
2003 4 1 97 0 0 11.6359 0 0 0
2003 5 1 97 0 0 11.6359 0 0 0
2003 6 1 97 0.0944774 0.000407 11.6359 0 1 0
2003 7 1 97 0 0 11.808 5 0 0
2003 8 1 97 0 0 11.6359 0 0 0
2003 9 1 97 0.137345 0.000140056 10.77 1 1 0
2003 1 2 97 0 0 13.047 43 0 10
2003 2 2 97 0 0 12.4019 0 0 0
2003 3 2 97 0 0 12.4019 0 0 0
2003 4 2 97 1.19855 0.000364431 11.288 5 3 0
2003 5 2 97 0 0 12.4019 0 0 0
2003 6 2 97 0.377909 0.001628 10.15 1 4 0
2003 7 2 97 2.1275 0.000397456 11.2956 18 3 0
2003 8 2 97 0 0 12.4019 0 0 0
2003 9 2 97 0.137345 0.000140056 12.4019 0 1 0
2003 1 1 98 0.87458 0.000237079 12.6232 19 1 7
2003 2 1 98 0 0 12.3952 0 0 0
2003 3 1 98 0 0 12.3952 0 0 0
2003 4 1 98 0 0 10.43 1 0 0
2003 5 1 98 0 0 12.3952 0 0 0
2003 6 1 98 0 0 12.3952 0 0 0
2003 7 1 98 0.709167 0.000132485 11.6067 3 1 0
2003 8 1 98 0 0 12.3952 0 0 0
2003 9 1 98 0 0 12.3952 0 0 0
2003 1 2 98 0 0 13.4104 27 0 6
2003 2 2 98 0 0 12.3612 0 0 0
2003 3 2 98 0 0 12.3612 0 0 0
2003 4 2 98 1.59807 0.000485909 9.49 1 4 0
2003 5 2 98 0 0 12.3612 0 0 0
2003 6 2 98 0.188955 0.000814001 11.43 1 2 0
2003 7 2 98 2.1275 0.000397456 10.6715 13 3 0
2003 8 2 98 0 0 12.3612 0 0 0
2003 9 2 98 0 0 9.8 1 0 0
2003 1 1 99 0 0 11.5992 12 0 7
2003 2 1 99 0 0 11.3433 0 0 0
2003 3 1 99 0 0 11.3433 0 0 0
2003 4 1 99 0 0 10.2 1 0 0
2003 5 1 99 0 0 11.3433 0 0 0
2003 6 1 99 0 0 12.76 1 0 0
2003 7 1 99 0.709167 0.000132485 10.5075 4 1 0
2003 8 1 99 0 0 11.3433 0 0 0
2003 9 1 99 0 0 11.3433 0 0 0
2003 1 2 99 3.49832 0.000948317 13.5333 30 4 8
2003 2 2 99 0 0 13.3545 0 0 0
2003 3 2 99 1.08312 0.000554939 13.3545 0 1 0
2003 4 2 99 1.59807 0.000485909 13.6075 4 4 1
2003 5 2 99 0 0 13.3545 0 0 0
2003 6 2 99 0.188955 0.000814001 13.3545 0 2 0
2003 7 2 99 1.41833 0.000264971 12.76 5 2 0
2003 8 2 99 0 0 13.3545 0 0 0
2003 9 2 99 0 0 9.95 1 0 0
2003 1 1 100 0 0 12.8493 15 0 5
2003 2 1 100 0 0 12.7622 0 0 0
2003 3 1 100 0 0 12.7622 0 0 0
2003 4 1 100 0.399517 0.000121477 13.1 1 1 0
2003 5 1 100 0 0 12.7622 0 0 0
2003 6 1 100 0 0 12.7622 0 0 0
2003 7 1 100 0 0 11.94 2 0 0
2003 8 1 100 0 0 12.7622 0 0 0
2003 9 1 100 0 0 12.7622 0 0 0
2003 1 2 100 1.74916 0.000474158 14.1312 26 2 9
2003 2 2 100 0 0 13.6041 0 0 0
2003 3 2 100 0 0 13.6041 0 0 0
2003 4 2 100 0.799033 0.000242954 10.2 1 2 0
2003 5 2 100 0.286962 0.00266667 10.7 1 1 0
2003 6 2 100 0.188955 0.000814001 11.84 1 2 0
2003 7 2 100 1.41833 0.000264971 13.0671 7 2 0
2003 8 2 100 0 0 13.6041 0 0 0
2003 9 2 100 0 0 11.73 1 0 0
2003 1 1 101 0.87458 0.000237079 13.7686 7 1 0
2003 2 1 101 0 0 13.36 0 0 0
2003 3 1 101 0 0 13.36 0 0 0
2003 4 1 101 0 0 13.36 0 0 0
2003 5 1 101 0 0 13.36 0 0 0
2003 6 1 101 0 0 13.36 0 0 0
2003 7 1 101 0 0 10.5 1 0 0
2003 8 1 101 0 0 13.36 0 0 0
2003 9 1 101 0 0 13.36 0 0 0
2003 1 2 101 0.87458 0.000237079 15.0691 22 1 8
2003 2 2 101 0 0 14.2925 0 0 0
2003 3 2 101 0 0 14.2925 0 0 0
2003 4 2 101 0.799033 0.000242954 14.2925 0 2 0
2003 5 2 101 0 0 14.2925 0 0 0
2003 6 2 101 0.188955 0.000814001 14.2925 0 2 0
2003 7 2 101 0.709167 0.000132485 12.584 10 1 0
2003 8 2 101 0 0 14.2925 0 0 0
2003 9 2 101 0 0 14.2925 0 0 0
2003 1 1 102 0 0 11.775 2 0 1
2003 2 1 102 0 0 11.76 0 0 0
2003 3 1 102 0 0 11.76 0 0 0
2003 4 1 102 0 0 11.73 1 0 0
2003 5 1 102 0 0 11.76 0 0 0
2003 6 1 102 0 0 11.76 0 0 0
2003 7 1 102 0 0 11.76 0 0 0
2003 8 1 102 0 0 11.76 0 0 0
2003 9 1 102 0 0 11.76 0 0 0
2003 1 2 102 0.87458 0.000237079 14.6223 22 1 8
2003 2 2 102 0 0 14.4433 0 0 0
2003 3 2 102 0 0 14.4433 0 0 0
2003 4 2 102 0.399517 0.000121477 14.35 2 1 0
2003 5 2 102 0 0 14.4433 0 0 0
2003 6 2 102 0 0 14.4433 0 0 0
2003 7 2 102 0 0 13.055 2 0 0
2003 8 2 102 0 0 14.4433 0 0 0
2003 9 2 102 0 0 13.47 1 0 0
2003 1 1 103 0 0 14.4917 6 0 2
2003 2 1 103 0 0 14.0243 0 0 0
2003 3 1 103 0 0 14.0243 0 0 0
2003 4 1 103 0 0 14.0243 0 0 0
2003 5 1 103 0 0 14.0243 0 0 0
2003 6 1 103 0 0 14.0243 0 0 0
2003 7 1 103 0 0 11.22 1 0 0
2003 8 1 103 0 0 14.0243 0 0 0
2003 9 1 103 0 0 14.0243 0 0 0
2003 1 2 103 0 0 15.8867 15 0 6
2003 2 2 103 0 0 15.4547 0 0 0
2003 3 2 103 0 0 15.4547 0 0 0
2003 4 2 103 0.799033 0.000242954 15.4547 0 2 0
2003 5 2 103 0 0 15.4547 0 0 0
2003 6 2 103 0 0 15.4547 0 0 0
2003 7 2 103 0 0 13.835 4 0 0
2003 8 2 103 0 0 15.4547 0 0 0
2003 9 2 103 0 0 15.4547 0 0 0
2003 1 1 104 0 0 13.67 1 0 0
2003 2 1 104 0 0 13.47 0 0 0
2003 3 1 104 0 0 13.47 0 0 0
2003 4 1 104 0 0 13.47 0 0 0
2003 5 1 104 0 0 13.47 0 0 0
2003 6 1 104 0 0 13.47 0 0 0
2003 7 1 104 0 0 13.27 1 0 0
2003 8 1 104 0 0 13.47 0 0 0
2003 9 1 104 0 0 13.47 0 0 0
2003 1 2 104 0.87458 0.000237079 15.207 10 1 2
2003 2 2 104 0 0 14.351 0 0 0
2003 3 2 104 0 0 14.351 0 0 0
2003 4 2 104 0.399517 0.000121477 13.06 1 1 0
2003 5 2 104 0 0 10 1 0 0
2003 6 2 104 0 0 11.43 1 0 0
2003 7 2 104 1.41833 0.000264971 14.3514 7 2 0
2003 8 2 104 0 0 14.351 0 0 0
2003 9 2 104 0 0 14.351 0 0 0
2003 1 1 105 0.87458 0.000237079 13.3 1 1 1
2003 2 1 105 0 0 12.62 0 0 0
2003 3 1 105 0 0 12.62 0 0 0
2003 4 1 105 0 0 12.62 0 0 0
2003 5 1 105 0 0 12.62 0 0 0
2003 6 1 105 0 0 11.94 1 0 0
2003 7 1 105 0 0 12.62 0 0 0
2003 8 1 105 0 0 12.62 0 0 0
2003 9 1 105 0 0 12.62 0 0 0
2003 1 2 105 0 0 15.3722 9 0 3
2003 2 2 105 0 0 15.2277 0 0 0
2003 3 2 105 0 0 15.2277 0 0 0
2003 4 2 105 0 0 15.2277 0 0 0
2003 5 2 105 0 0 15.2277 0 0 0
2003 6 2 105 0.0944774 0.000407 15.2277 0 1 0
2003 7 2 105 0 0 15.8033 3 0 0
2003 8 2 105 0 0 12.2 1 0 0
2003 9 2 105 0 0 15.2277 0 0 0
2003 1 1 106 0 0 16.28 0 0 0
2003 2 1 106 0 0 16.28 0 0 0
2003 3 1 106 0 0 16.28 0 0 0
2003 4 1 106 0 0 16.28 0 0 0
2003 5 1 106 0 0 16.28 0 0 0
2003 6 1 106 0 0 16.28 0 0 0
2003 7 1 106 0 0 16.28 0 0 0
2003 8 1 106 0 0 16.28 0 0 0
2003 9 1 106 0 0 16.28 0 0 0
2003 1 2 106 0 0 16.3444 9 0 6
2003 2 2 106 0 0 16.28 0 0 0
2003 3 2 106 0 0 16.28 0 0 0
2003 4 2 106 0 0 16.28 0 0 0
2003 5 2 106 0 0 16.28 0 0 0
2003 6 2 106 0 0 16.28 0 0 0
2003 7 2 106 0.709167 0.000132485 15.7 1 1 0
2003 8 2 106 0 0 16.28 0 0 0
2003 9 2 106 0 0 16.28 0 0 0
2003 1 1 107 0 0 16.3 1 0 0
2003 2 1 107 0 0 16.3 0 0 0
2003 3 1 107 0 0 16.3 0 0 0
2003 4 1 107 0 0 16.3 0 0 0
2003 5 1 107 0 0 16.3 0 0 0
2003 6 1 107 0 0 16.3 0 0 0
2003 7 1 107 0 0 16.3 0 0 0
2003 8 1 107 0 0 16.3 0 0 0
2003 9 1 107 0.137345 0.000140056 16.3 0 1 0
2003 1 2 107 0 0 16.2429 7 0 3
2003 2 2 107 0 0 15.8325 0 0 0
2003 3 2 107 0 0 15.8325 0 0 0
2003 4 2 107 0 0 15.8325 0 0 0
2003 5 2 107 0 0 15.8325 0 0 0
2003 6 2 107 0 0 15.8325 0 0 0
2003 7 2 107 0 0 12.96 1 0 0
2003 8 2 107 0 0 15.8325 0 0 0
2003 9 2 107 0 0 15.8325 0 0 0
2003 1 1 108 0 0 15.82 1 0 0
2003 2 1 108 0 0 15.82 0 0 0
2003 3 1 108 0 0 15.82 0 0 0
2003 4 1 108 0 0 15.82 0 0 0
2003 5 1 108 0 0 15.82 0 0 0
2003 6 1 108 0 0 15.82 0 0 0
2003 7 1 108 0 0 15.82 0 0 0
2003 8 1 108 0 0 15.82 0 0 0
2003 9 1 108 0 0 15.82 0 0 0
2003 1 2 108 0 0 15.366 5 0 1
2003 2 2 108 0 0 15.6617 0 0 0
2003 3 2 108 0 0 15.6617 0 0 0
2003 4 2 108 0 0 15.6617 0 0 0
2003 5 2 108 0 0 15.6617 0 0 0
2003 6 2 108 0 0 15.6617 0 0 0
2003 7 2 108 0 0 17.14 1 0 0
2003 8 2 108 0 0 15.6617 0 0 0
2003 9 2 108 0 0 15.6617 0 0 0
2003 1 1 109 0 0 14.5 1 0 0
2003 2 1 109 0 0 14.5 0 0 0
2003 3 1 109 0 0 14.5 0 0 0
2003 4 1 109 0 0 14.5 0 0 0
2003 5 1 109 0 0 14.5 0 0 0
2003 6 1 109 0 0 14.5 0 0 0
2003 7 1 109 0 0 14.5 0 0 0
2003 8 1 109 0 0 14.5 0 0 0
2003 9 1 109 0 0 14.5 0 0 0
2003 1 2 109 0 0 16.0971 7 0 4
2003 2 2 109 0 0 15.8538 0 0 0
2003 3 2 109 0 0 15.8538 0 0 0
2003 4 2 109 0 0 15.8538 0 0 0
2003 5 2 109 0 0 14.15 1 0 0
2003 6 2 109 0 0 15.8538 0 0 0
2003 7 2 109 0 0 15.8538 0 0 0
2003 8 2 109 0 0 15.8538 0 0 0
2003 9 2 109 0 0 15.8538 0 0 0
2003 1 1 110 0 0 16.754 0 0 0
2003 2 1 110 0 0 16.754 0 0 0
2003 3 1 110 0 0 16.754 0 0 0
2003 4 1 110 0 0 16.754 0 0 0
2003 5 1 110 0 0 16.754 0 0 0
2003 6 1 110 0 0 16.754 0 0 0
2003 7 1 110 0 0 16.754 0 0 0
2003 8 1 110 0 0 16.754 0 0 0
2003 9 1 110 0 0 16.754 0 0 0
2003 1 2 110 0 0 16.9833 3 0 1
2003 2 2 110 0 0 16.754 0 0 0
2003 3 2 110 0 0 16.754 0 0 0
2003 4 2 110 0 0 16.754 0 0 0
2003 5 2 110 0 0 16.754 0 0 0
2003 6 2 110 0 0 16.754 0 0 0
2003 7 2 110 0 0 16.41 2 0 0
2003 8 2 110 0 0 16.754 0 0 0
2003 9 2 110 0 0 16.754 0 0 0
2003 1 1 111 0 0 18 0 0 0
2003 2 1 111 0 0 18 0 0 0
2003 3 1 111 0 0 18 0 0 0
2003 4 1 111 0 0 18 0 0 0
2003 5 1 111 0 0 18 0 0 0
2003 6 1 111 0 0 18 0 0 0
2003 7 1 111 0 0 18 0 0 0
2003 8 1 111 0 0 18 0 0 0
2003 9 1 111 0 0 18 0 0 0
2003 1 2 111 0 0 18 1 0 0
2003 2 2 111 0 0 18 0 0 0
2003 3 2 111 0 0 18 0 0 0
2003 4 2 111 0 0 18 0 0 0
2003 5 2 111 0 0 18 0 0 0
2003 6 2 111 0 0 18 0 0 0
2003 7 2 111 0 0 18 0 0 0
2003 8 2 111 0 0 18 0 0 0
2003 9 2 111 0 0 18 0 0 0
2003 1 1 112 0 0 0 0 0 0
2003 2 1 112 0 0 0 0 0 0
2003 3 1 112 0 0 0 0 0 0
2003 4 1 112 0 0 0 0 0 0
2003 5 1 112 0 0 0 0 0 0
2003 6 1 112 0 0 0 0 0 0
2003 7 1 112 0 0 0 0 0 0
2003 8 1 112 0 0 0 0 0 0
2003 9 1 112 0 0 0 0 0 0
2003 1 2 112 0 0 0 0 0 0
2003 2 2 112 0 0 0 0 0 0
2003 3 2 112 0 0 0 0 0 0
2003 4 2 112 0 0 0 0 0 0
2003 5 2 112 0 0 0 0 0 0
2003 6 2 112 0 0 0 0 0 0
2003 7 2 112 0 0 0 0 0 0
2003 8 2 112 0 0 0 0 0 0
2003 9 2 112 0 0 0 0 0 0
2003 1 1 113 0 0 14.49 0 0 0
2003 2 1 113 0 0 14.49 0 0 0
2003 3 1 113 0 0 14.49 0 0 0
2003 4 1 113 0 0 14.49 0 0 0
2003 5 1 113 0 0 14.49 0 0 0
2003 6 1 113 0 0 14.49 0 0 0
2003 7 1 113 0 0 14.49 0 0 0
2003 8 1 113 0 0 14.49 0 0 0
2003 9 1 113 0 0 14.49 0 0 0
2003 1 2 113 0 0 14.49 0 0 0
2003 2 2 113 0 0 14.49 0 0 0
2003 3 2 113 0 0 14.49 0 0 0
2003 4 2 113 0 0 14.49 1 0 0
2003 5 2 113 0 0 14.49 0 0 0
2003 6 2 113 0 0 14.49 0 0 0
2003 7 2 113 0 0 14.49 0 0 0
2003 8 2 113 0 0 14.49 0 0 0
2003 9 2 113 0 0 14.49 0 0 0
2003 1 1 114 0 0 0 0 0 0
2003 2 1 114 0 0 0 0 0 0
2003 3 1 114 0 0 0 0 0 0
2003 4 1 114 0 0 0 0 0 0
2003 5 1 114 0 0 0 0 0 0
2003 6 1 114 0 0 0 0 0 0
2003 7 1 114 0 0 0 0 0 0
2003 8 1 114 0 0 0 0 0 0
2003 9 1 114 0 0 0 0 0 0
2003 1 2 114 0 0 0 0 0 0
2003 2 2 114 0 0 0 0 0 0
2003 3 2 114 0 0 0 0 0 0
2003 4 2 114 0 0 0 0 0 0
2003 5 2 114 0 0 0 0 0 0
2003 6 2 114 0 0 0 0 0 0
2003 7 2 114 0 0 0 0 0 0
2003 8 2 114 0 0 0 0 0 0
2003 9 2 114 0 0 0 0 0 0
2003 1 1 115 0 0 0 0 0 0
2003 2 1 115 0 0 0 0 0 0
2003 3 1 115 0 0 0 0 0 0
2003 4 1 115 0 0 0 0 0 0
2003 5 1 115 0 0 0 0 0 0
2003 6 1 115 0 0 0 0 0 0
2003 7 1 115 0 0 0 0 0 0
2003 8 1 115 0 0 0 0 0 0
2003 9 1 115 0 0 0 0 0 0
2003 1 2 115 0 0 0 0 0 0
2003 2 2 115 0 0 0 0 0 0
2003 3 2 115 0 0 0 0 0 0
2003 4 2 115 0 0 0 0 0 0
2003 5 2 115 0 0 0 0 0 0
2003 6 2 115 0 0 0 0 0 0
2003 7 2 115 0 0 0 0 0 0
2003 8 2 115 0 0 0 0 0 0
2003 9 2 115 0 0 0 0 0 0
2003 1 1 116 0 0 0 0 0 0
2003 2 1 116 0 0 0 0 0 0
2003 3 1 116 0 0 0 0 0 0
2003 4 1 116 0 0 0 0 0 0
2003 5 1 116 0 0 0 0 0 0
2003 6 1 116 0 0 0 0 0 0
2003 7 1 116 0 0 0 0 0 0
2003 8 1 116 0 0 0 0 0 0
2003 9 1 116 0 0 0 0 0 0
2003 1 2 116 0 0 0 0 0 0
2003 2 2 116 0 0 0 0 0 0
2003 3 2 116 0 0 0 0 0 0
2003 4 2 116 0 0 0 0 0 0
2003 5 2 116 0 0 0 0 0 0
2003 6 2 116 0 0 0 0 0 0
2003 7 2 116 0 0 0 0 0 0
2003 8 2 116 0 0 0 0 0 0
2003 9 2 116 0 0 0 0 0 0
2003 1 1 117 0 0 0 0 0 0
2003 2 1 117 0 0 0 0 0 0
2003 3 1 117 0 0 0 0 0 0
2003 4 1 117 0 0 0 0 0 0
2003 5 1 117 0 0 0 0 0 0
2003 6 1 117 0 0 0 0 0 0
2003 7 1 117 0 0 0 0 0 0
2003 8 1 117 0 0 0 0 0 0
2003 9 1 117 0 0 0 0 0 0
2003 1 2 117 0 0 0 0 0 0
2003 2 2 117 0 0 0 0 0 0
2003 3 2 117 0 0 0 0 0 0
2003 4 2 117 0 0 0 0 0 0
2003 5 2 117 0 0 0 0 0 0
2003 6 2 117 0 0 0 0 0 0
2003 7 2 117 0 0 0 0 0 0
2003 8 2 117 0 0 0 0 0 0
2003 9 2 117 0 0 0 0 0 0
2003 1 1 118 0 0 0 0 0 0
2003 2 1 118 0 0 0 0 0 0
2003 3 1 118 0 0 0 0 0 0
2003 4 1 118 0 0 0 0 0 0
2003 5 1 118 0 0 0 0 0 0
2003 6 1 118 0 0 0 0 0 0
2003 7 1 118 0 0 0 0 0 0
2003 8 1 118 0 0 0 0 0 0
2003 9 1 118 0 0 0 0 0 0
2003 1 2 118 0 0 0 0 0 0
2003 2 2 118 0 0 0 0 0 0
2003 3 2 118 0 0 0 0 0 0
2003 4 2 118 0 0 0 0 0 0
2003 5 2 118 0 0 0 0 0 0
2003 6 2 118 0 0 0 0 0 0
2003 7 2 118 0 0 0 0 0 0
2003 8 2 118 0 0 0 0 0 0
2003 9 2 118 0 0 0 0 0 0
2003 1 1 119 0 0 0 0 0 0
2003 2 1 119 0 0 0 0 0 0
2003 3 1 119 0 0 0 0 0 0
2003 4 1 119 0 0 0 0 0 0
2003 5 1 119 0 0 0 0 0 0
2003 6 1 119 0 0 0 0 0 0
2003 7 1 119 0 0 0 0 0 0
2003 8 1 119 0 0 0 0 0 0
2003 9 1 119 0 0 0 0 0 0
2003 1 2 119 0 0 0 0 0 0
2003 2 2 119 0 0 0 0 0 0
2003 3 2 119 0 0 0 0 0 0
2003 4 2 119 0 0 0 0 0 0
2003 5 2 119 0 0 0 0 0 0
2003 6 2 119 0 0 0 0 0 0
2003 7 2 119 0 0 0 0 0 0
2003 8 2 119 0 0 0 0 0 0
2003 9 2 119 0 0 0 0 0 0
2003 1 1 120 0 0 0 0 0 0
2003 2 1 120 0 0 0 0 0 0
2003 3 1 120 0 0 0 0 0 0
2003 4 1 120 0 0 0 0 0 0
2003 5 1 120 0 0 0 0 0 0
2003 6 1 120 0 0 0 0 0 0
2003 7 1 120 0 0 0 0 0 0
2003 8 1 120 0 0 0 0 0 0
2003 9 1 120 0 0 0 0 0 0
2003 1 2 120 0 0 0 0 0 0
2003 2 2 120 0 0 0 0 0 0
2003 3 2 120 0 0 0 0 0 0
2003 4 2 120 0 0 0 0 0 0
2003 5 2 120 0 0 0 0 0 0
2003 6 2 120 0 0 0 0 0 0
2003 7 2 120 0 0 0 0 0 0
2003 8 2 120 0 0 0 0 0 0
2003 9 2 120 0 0 0 0 0 0
