1 630 72 3 23 88 5816 15058 60 1 1 202 -9 1
1 630 72 3 23 88 5816 15058 58 1 1 202 -9 1
1 630 72 3 23 88 5816 15058 67 1 1 202 -9 1
1 630 72 3 23 88 5816 15058 66 1 1 202 -9 1
1 630 72 3 23 88 5816 15058 68 1 1 202 -9 1
1 630 72 3 23 88 5816 15058 64 2 1 202 -9 1
1 630 72 3 23 88 5816 15058 63 1 1 202 -9 1
1 630 72 3 23 88 5816 15058 47 1 2 202 -9 1
1 630 72 3 23 88 5816 15058 48 2 2 202 -9 1
1 630 72 3 23 88 5816 15058 49 1 2 202 -9 1
1 630 72 3 23 88 5816 15058 50 1 2 202 -9 1
1 630 72 3 23 88 5816 15058 51 1 2 202 -9 1
1 630 72 3 23 88 5816 15058 52 1 2 202 -9 1
1 630 72 3 23 88 5816 15058 57 4 1 202 -9 1
1 630 72 3 23 88 5816 15058 56 2 1 202 -9 1
1 630 72 3 23 88 5816 15058 46 1 2 202 -9 1
1 630 72 3 23 88 5816 15058 54 2 1 202 -9 1
1 630 72 3 23 88 5816 15058 53 3 1 202 -9 1
1 630 72 3 23 88 5816 15058 55 3 1 202 -9 1
1 630 72 3 23 88 5816 15058 51 3 1 202 -9 1
1 630 72 3 23 88 5816 15058 50 2 1 202 -9 1
1 630 72 3 23 88 5816 15058 52 2 1 202 -9 1
1 630 72 3 23 88 5816 15058 48 1 1 202 -9 1
1 630 72 3 23 88 5816 15058 80 1 2 202 -9 1
1 630 72 3 23 88 5816 15058 49 1 1 202 -9 1
1 630 72 3 23 88 5816 15058 71 1 2 202 -9 1
1 630 72 3 23 88 5816 15058 70 1 2 202 -9 1
1 630 72 3 23 88 5816 15058 77 1 2 202 -9 1
1 630 72 3 23 88 5816 15058 66 1 2 202 -9 1
1 630 72 3 23 88 5816 15058 65 1 2 202 -9 1
1 630 72 3 23 88 5816 15058 68 1 2 202 -9 1
1 630 72 3 23 88 5816 15058 60 2 2 202 -9 1
1 630 72 3 23 88 5816 15058 59 2 2 202 -9 1
1 630 72 3 23 88 5816 15058 63 1 2 202 -9 1
1 630 72 3 23 88 5816 15058 57 2 2 202 -9 1
1 630 72 3 23 88 5816 15058 56 3 2 202 -9 1
1 630 72 3 23 88 5816 15058 58 4 2 202 -9 1
1 630 72 3 23 88 5816 15058 55 2 2 202 -9 1
1 630 72 3 23 88 5816 15058 54 1 2 202 -9 1
1 630 72 3 23 88 5816 15058 65 1 1 202 -9 1
1 630 72 3 23 88 5816 15058 53 1 2 202 -9 1
1 630 68 3 23 88 5810 15053 55 1 1 202 -9 2
1 630 68 3 23 88 5810 15053 54 3 1 202 -9 2
1 630 68 3 23 88 5810 15053 43 1 2 202 -9 2
1 630 68 3 23 88 5810 15053 50 1 2 202 -9 2
1 630 68 3 23 88 5810 15053 53 1 2 202 -9 2
1 630 68 3 23 88 5810 15053 51 3 2 202 -9 2
1 630 68 3 23 88 5810 15053 52 1 2 202 -9 2
1 630 68 3 23 88 5810 15053 56 1 2 202 -9 2
1 630 68 3 23 88 5810 15053 54 1 2 202 -9 2
1 630 68 3 23 88 5810 15053 55 1 2 202 -9 2
1 630 68 3 23 88 5810 15053 59 2 2 202 -9 2
1 630 68 3 23 88 5810 15053 57 3 2 202 -9 2
1 630 68 3 23 88 5810 15053 58 1 2 202 -9 2
1 630 68 3 23 88 5810 15053 62 2 2 202 -9 2
1 630 68 3 23 88 5810 15053 60 1 2 202 -9 2
1 630 68 3 23 88 5810 15053 61 2 2 202 -9 2
1 630 68 3 23 88 5810 15053 69 1 2 202 -9 2
1 630 68 3 23 88 5810 15053 63 1 2 202 -9 2
1 630 68 3 23 88 5810 15053 64 1 2 202 -9 2
1 630 68 3 23 88 5810 15053 40 1 1 202 -9 2
1 630 68 3 23 88 5810 15053 82 1 2 202 -9 2
1 630 68 3 23 88 5810 15053 39 1 1 202 -9 2
1 630 68 3 23 88 5810 15053 50 2 1 202 -9 2
1 630 68 3 23 88 5810 15053 47 1 1 202 -9 2
1 630 68 3 23 88 5810 15053 48 1 1 202 -9 2
1 630 68 3 23 88 5810 15053 53 2 1 202 -9 2
1 630 68 3 23 88 5810 15053 51 3 1 202 -9 2
1 630 68 3 23 88 5810 15053 52 1 1 202 -9 2
1 630 68 3 23 88 5810 15053 46 1 2 202 -9 2
1 630 68 3 23 88 5810 15053 45 1 2 202 -9 2
1 630 68 3 23 88 5810 15053 44 1 2 202 -9 2
1 630 68 3 23 88 5810 15053 65 2 1 202 -9 2
1 630 68 3 23 88 5810 15053 59 2 1 202 -9 2
1 630 68 3 23 88 5810 15053 56 1 1 202 -9 2
1 630 68 3 23 88 5810 15053 58 1 1 202 -9 2
1 630 68 3 23 88 5810 15053 49 1 2 202 -9 2
1 630 68 3 23 88 5810 15053 48 1 2 202 -9 2
1 630 68 3 23 88 5810 15053 73 1 1 202 -9 2
1 630 68 3 23 88 5810 15053 42 1 2 202 -9 2
1 630 68 3 23 88 5810 15053 41 1 2 202 -9 2
1 630 84 3 23 88 5811 15056 57 2 1 202 -9 3
1 630 84 3 23 88 5811 15056 56 2 1 202 -9 3
1 630 84 3 23 88 5811 15056 58 1 1 202 -9 3
1 630 84 3 23 88 5811 15056 59 1 1 202 -9 3
1 630 84 3 23 88 5811 15056 48 3 2 202 -9 3
1 630 84 3 23 88 5811 15056 63 1 1 202 -9 3
1 630 84 3 23 88 5811 15056 51 3 2 202 -9 3
1 630 84 3 23 88 5811 15056 52 1 2 202 -9 3
1 630 84 3 23 88 5811 15056 54 3 2 202 -9 3
1 630 84 3 23 88 5811 15056 55 1 2 202 -9 3
1 630 84 3 23 88 5811 15056 58 1 2 202 -9 3
1 630 84 3 23 88 5811 15056 60 3 2 202 -9 3
1 630 84 3 23 88 5811 15056 61 2 2 202 -9 3
1 630 84 3 23 88 5811 15056 62 1 2 202 -9 3
1 630 84 3 23 88 5811 15056 63 1 2 202 -9 3
1 630 84 3 23 88 5811 15056 64 1 2 202 -9 3
1 630 84 3 23 88 5811 15056 65 2 2 202 -9 3
1 630 84 3 23 88 5811 15056 66 1 2 202 -9 3
1 630 84 3 23 88 5811 15056 67 1 2 202 -9 3
1 630 84 3 23 88 5811 15056 69 1 2 202 -9 3
1 630 84 3 23 88 5811 15056 70 1 2 202 -9 3
1 630 84 3 23 88 5811 15056 74 1 2 202 -9 3
1 630 84 3 23 88 5811 15056 45 2 2 202 -9 3
1 630 84 3 23 88 5811 15056 48 1 1 202 -9 3
1 630 84 3 23 88 5811 15056 49 2 1 202 -9 3
1 630 84 3 23 88 5811 15056 47 3 1 202 -9 3
1 630 84 3 23 88 5811 15056 51 1 1 202 -9 3
1 630 84 3 23 88 5811 15056 52 1 1 202 -9 3
1 630 84 3 23 88 5811 15056 50 2 2 202 -9 3
1 630 84 3 23 88 5811 15056 60 1 1 202 -9 3
1 630 84 3 23 88 5811 15056 54 1 1 202 -9 3
1 630 84 3 23 88 5811 15056 50 1 1 202 -9 3
1 630 84 3 23 88 5811 15056 55 2 1 202 -9 3
1 630 84 3 23 88 5811 15056 53 1 1 202 -9 3
1 630 80 3 24 88 5807 15042 41 1 1 202 -9 4
1 630 80 3 24 88 5807 15042 60 2 2 202 -9 4
1 630 80 3 24 88 5807 15042 50 5 1 202 -9 4
1 630 80 3 24 88 5807 15042 42 2 1 202 -9 4
1 630 80 3 24 88 5807 15042 49 3 1 202 -9 4
1 630 80 3 24 88 5807 15042 53 1 1 202 -9 4
1 630 80 3 24 88 5807 15042 51 3 1 202 -9 4
1 630 80 3 24 88 5807 15042 54 5 1 202 -9 4
1 630 80 3 24 88 5807 15042 55 3 1 202 -9 4
1 630 80 3 24 88 5807 15042 56 3 1 202 -9 4
1 630 80 3 24 88 5807 15042 57 1 1 202 -9 4
1 630 80 3 24 88 5807 15042 58 2 1 202 -9 4
1 630 80 3 24 88 5807 15042 59 6 1 202 -9 4
1 630 80 3 24 88 5807 15042 60 1 1 202 -9 4
1 630 80 3 24 88 5807 15042 61 4 1 202 -9 4
1 630 80 3 24 88 5807 15042 62 1 1 202 -9 4
1 630 80 3 24 88 5807 15042 63 1 1 202 -9 4
1 630 80 3 24 88 5807 15042 52 2 2 202 -9 4
1 630 80 3 24 88 5807 15042 51 3 2 202 -9 4
1 630 80 3 24 88 5807 15042 50 3 2 202 -9 4
1 630 80 3 24 88 5807 15042 49 1 2 202 -9 4
1 630 80 3 24 88 5807 15042 47 1 2 202 -9 4
1 630 80 3 24 88 5807 15042 59 6 2 202 -9 4
1 630 80 3 24 88 5807 15042 58 2 2 202 -9 4
1 630 80 3 24 88 5807 15042 70 1 2 202 -9 4
1 630 80 3 24 88 5807 15042 61 3 2 202 -9 4
1 630 80 3 24 88 5807 15042 55 4 2 202 -9 4
1 630 80 3 24 88 5807 15042 56 1 2 202 -9 4
1 630 80 3 24 88 5807 15042 52 3 1 202 -9 4
1 630 80 3 24 88 5807 15048 44 1 2 202 -9 5
1 630 80 3 24 88 5807 15048 47 1 2 202 -9 5
1 630 80 3 24 88 5807 15048 73 1 1 202 -9 5
1 630 80 3 24 88 5807 15048 65 1 1 202 -9 5
1 630 80 3 24 88 5807 15048 60 1 1 202 -9 5
1 630 80 3 24 88 5807 15048 59 2 1 202 -9 5
1 630 80 3 24 88 5807 15048 58 2 1 202 -9 5
1 630 80 3 24 88 5807 15048 56 1 1 202 -9 5
1 630 80 3 24 88 5807 15048 55 2 1 202 -9 5
1 630 80 3 24 88 5807 15048 54 2 1 202 -9 5
1 630 80 3 24 88 5807 15048 53 4 1 202 -9 5
1 630 80 3 24 88 5807 15048 52 3 1 202 -9 5
1 630 80 3 24 88 5807 15048 51 2 1 202 -9 5
1 630 80 3 24 88 5807 15048 50 1 1 202 -9 5
1 630 80 3 24 88 5807 15048 49 1 1 202 -9 5
1 630 80 3 24 88 5807 15048 48 1 1 202 -9 5
1 630 80 3 24 88 5807 15048 47 2 1 202 -9 5
1 630 80 3 24 88 5807 15048 40 1 1 202 -9 5
1 630 80 3 24 88 5807 15048 39 1 1 202 -9 5
1 630 80 3 24 88 5807 15048 74 1 2 202 -9 5
1 630 80 3 24 88 5807 15048 69 1 2 202 -9 5
1 630 80 3 24 88 5807 15048 64 2 2 202 -9 5
1 630 80 3 24 88 5807 15048 62 1 2 202 -9 5
1 630 80 3 24 88 5807 15048 61 1 2 202 -9 5
1 630 80 3 24 88 5807 15048 58 3 2 202 -9 5
1 630 80 3 24 88 5807 15048 57 1 2 202 -9 5
1 630 80 3 24 88 5807 15048 55 2 2 202 -9 5
1 630 80 3 24 88 5807 15048 54 1 2 202 -9 5
1 630 80 3 24 88 5807 15048 51 3 2 202 -9 5
1 630 80 3 24 88 5807 15048 49 1 2 202 -9 5
1 630 80 3 24 88 5807 15048 52 6 2 202 -9 5
1 630 68 3 24 88 5809 15045 54 3 2 202 -9 6
1 630 68 3 24 88 5809 15045 53 1 2 202 -9 6
1 630 68 3 24 88 5809 15045 72 1 1 202 -9 6
1 630 68 3 24 88 5809 15045 64 2 1 202 -9 6
1 630 68 3 24 88 5809 15045 51 2 2 202 -9 6
1 630 68 3 24 88 5809 15045 55 1 2 202 -9 6
1 630 68 3 24 88 5809 15045 57 2 2 202 -9 6
1 630 68 3 24 88 5809 15045 59 3 2 202 -9 6
1 630 68 3 24 88 5809 15045 60 4 2 202 -9 6
1 630 68 3 24 88 5809 15045 61 6 2 202 -9 6
1 630 68 3 24 88 5809 15045 62 3 2 202 -9 6
1 630 68 3 24 88 5809 15045 63 1 2 202 -9 6
1 630 68 3 24 88 5809 15045 64 3 2 202 -9 6
1 630 68 3 24 88 5809 15045 65 3 2 202 -9 6
1 630 68 3 24 88 5809 15045 66 3 2 202 -9 6
1 630 68 3 24 88 5809 15045 72 1 2 202 -9 6
1 630 68 3 24 88 5809 15045 81 1 2 202 -9 6
1 630 68 3 24 88 5809 15045 46 1 1 202 -9 6
1 630 68 3 24 88 5809 15045 47 1 1 202 -9 6
1 630 68 3 24 88 5809 15045 50 4 1 202 -9 6
1 630 68 3 24 88 5809 15045 51 4 1 202 -9 6
1 630 68 3 24 88 5809 15045 52 4 1 202 -9 6
1 630 68 3 24 88 5809 15045 53 4 1 202 -9 6
1 630 68 3 24 88 5809 15045 54 4 1 202 -9 6
1 630 68 3 24 88 5809 15045 55 6 1 202 -9 6
1 630 68 3 24 88 5809 15045 56 3 1 202 -9 6
1 630 68 3 24 88 5809 15045 57 5 1 202 -9 6
1 630 68 3 24 88 5809 15045 58 1 1 202 -9 6
1 630 68 3 24 88 5809 15045 59 9 1 202 -9 6
1 630 68 3 24 88 5809 15045 63 5 1 202 -9 6
1 630 68 3 24 88 5809 15045 60 4 1 202 -9 6
1 630 68 3 24 88 5809 15045 50 4 2 202 -9 6
1 630 79 3 24 88 5810 15054 78 1 2 202 -9 7
1 630 79 3 24 88 5810 15054 70 1 2 202 -9 7
1 630 79 3 24 88 5810 15054 65 1 1 202 -9 7
1 630 79 3 24 88 5810 15054 62 1 1 202 -9 7
1 630 79 3 24 88 5810 15054 61 1 1 202 -9 7
1 630 79 3 24 88 5810 15054 60 3 1 202 -9 7
1 630 79 3 24 88 5810 15054 59 3 1 202 -9 7
1 630 79 3 24 88 5810 15054 58 3 1 202 -9 7
1 630 79 3 24 88 5810 15054 57 3 1 202 -9 7
1 630 79 3 24 88 5810 15054 56 3 1 202 -9 7
1 630 79 3 24 88 5810 15054 55 1 1 202 -9 7
1 630 79 3 24 88 5810 15054 54 1 1 202 -9 7
1 630 79 3 24 88 5810 15054 53 3 1 202 -9 7
1 630 79 3 24 88 5810 15054 50 1 1 202 -9 7
1 630 79 3 24 88 5810 15054 49 1 1 202 -9 7
1 630 79 3 24 88 5810 15054 48 2 1 202 -9 7
1 630 79 3 24 88 5810 15054 47 1 1 202 -9 7
1 630 79 3 24 88 5810 15054 75 1 2 202 -9 7
1 630 79 3 24 88 5810 15054 74 1 2 202 -9 7
1 630 79 3 24 88 5810 15054 73 1 2 202 -9 7
1 630 79 3 24 88 5810 15054 46 1 2 202 -9 7
1 630 79 3 24 88 5810 15054 69 2 2 202 -9 7
1 630 79 3 24 88 5810 15054 67 1 2 202 -9 7
1 630 79 3 24 88 5810 15054 66 1 2 202 -9 7
1 630 79 3 24 88 5810 15054 65 2 2 202 -9 7
1 630 79 3 24 88 5810 15054 64 1 2 202 -9 7
1 630 79 3 24 88 5810 15054 63 1 2 202 -9 7
1 630 79 3 24 88 5810 15054 62 3 2 202 -9 7
1 630 79 3 24 88 5810 15054 61 2 2 202 -9 7
1 630 79 3 24 88 5810 15054 60 2 2 202 -9 7
1 630 79 3 24 88 5810 15054 59 1 2 202 -9 7
1 630 79 3 24 88 5810 15054 58 1 2 202 -9 7
1 630 79 3 24 88 5810 15054 57 4 2 202 -9 7
1 630 79 3 24 88 5810 15054 56 3 2 202 -9 7
1 630 79 3 24 88 5810 15054 55 1 2 202 -9 7
1 630 79 3 24 88 5810 15054 54 1 2 202 -9 7
1 630 79 3 24 88 5810 15054 53 1 2 202 -9 7
1 630 79 3 24 88 5810 15054 50 1 2 202 -9 7
1 630 79 3 24 88 5810 15054 49 1 2 202 -9 7
1 630 79 3 24 88 5810 15054 47 1 2 202 -9 7
1 630 75 3 25 88 5808 15049 52 3 2 202 -9 8
1 630 75 3 25 88 5808 15049 46 1 1 202 -9 8
1 630 75 3 25 88 5808 15049 71 1 2 202 -9 8
1 630 75 3 25 88 5808 15049 66 3 1 202 -9 8
1 630 75 3 25 88 5808 15049 68 1 2 202 -9 8
1 630 75 3 25 88 5808 15049 48 1 2 202 -9 8
1 630 75 3 25 88 5808 15049 49 1 2 202 -9 8
1 630 75 3 25 88 5808 15049 51 4 2 202 -9 8
1 630 75 3 25 88 5808 15049 53 3 2 202 -9 8
1 630 75 3 25 88 5808 15049 54 2 2 202 -9 8
1 630 75 3 25 88 5808 15049 55 3 2 202 -9 8
1 630 75 3 25 88 5808 15049 56 2 2 202 -9 8
1 630 75 3 25 88 5808 15049 57 1 2 202 -9 8
1 630 75 3 25 88 5808 15049 58 4 2 202 -9 8
1 630 75 3 25 88 5808 15049 52 1 1 202 -9 8
1 630 75 3 25 88 5808 15049 51 1 1 202 -9 8
1 630 75 3 25 88 5808 15049 50 3 1 202 -9 8
1 630 75 3 25 88 5808 15049 49 2 1 202 -9 8
1 630 75 3 25 88 5808 15049 59 2 1 202 -9 8
1 630 75 3 25 88 5808 15049 60 2 1 202 -9 8
1 630 75 3 25 88 5808 15049 65 1 2 202 -9 8
1 630 75 3 25 88 5808 15049 64 2 2 202 -9 8
1 630 75 3 25 88 5808 15049 63 2 2 202 -9 8
1 630 75 3 25 88 5808 15049 66 2 2 202 -9 8
1 630 75 3 25 88 5808 15049 69 1 2 202 -9 8
1 630 75 3 25 88 5808 15049 65 1 1 202 -9 8
1 630 75 3 25 88 5808 15049 63 1 1 202 -9 8
1 630 75 3 25 88 5808 15049 62 1 1 202 -9 8
1 630 75 3 25 88 5808 15049 61 2 1 202 -9 8
1 630 75 3 25 88 5808 15049 60 3 2 202 -9 8
1 630 75 3 25 88 5808 15049 58 3 1 202 -9 8
1 630 75 3 25 88 5808 15049 57 1 1 202 -9 8
1 630 75 3 25 88 5808 15049 56 3 1 202 -9 8
1 630 75 3 25 88 5808 15049 55 3 1 202 -9 8
1 630 75 3 25 88 5808 15049 54 2 1 202 -9 8
1 630 75 3 25 88 5808 15049 53 5 1 202 -9 8
1 630 75 3 25 88 5808 15049 59 1 2 202 -9 8
4 610 56 2 17 88 5335 16557 49 3 3 202 -9 9
4 610 56 2 17 88 5335 16557 50 2 3 202 -9 9
4 610 56 2 17 88 5335 16557 51 4 3 202 -9 9
4 610 56 2 17 88 5335 16557 52 4 3 202 -9 9
4 610 56 2 17 88 5335 16557 53 3 3 202 -9 9
4 610 56 2 17 88 5335 16557 86 1 3 202 -9 9
4 610 56 2 17 88 5335 16557 46 1 3 202 -9 9
4 610 56 2 17 88 5335 16557 88 1 3 202 -9 9
4 610 56 2 17 88 5335 16557 47 3 3 202 -9 9
4 610 56 2 17 88 5335 16557 63 3 3 202 -9 9
4 610 56 2 17 88 5335 16557 78 1 3 202 -9 9
4 610 56 2 17 88 5335 16557 79 1 3 202 -9 9
4 610 56 2 17 88 5335 16557 64 4 3 202 -9 9
4 610 56 2 17 88 5335 16557 65 1 3 202 -9 9
4 610 56 2 17 88 5335 16557 76 1 3 202 -9 9
4 610 56 2 17 88 5335 16557 68 2 3 202 -9 9
4 610 56 2 17 88 5335 16557 69 3 3 202 -9 9
4 610 56 2 17 88 5335 16557 67 2 3 202 -9 9
4 610 56 2 17 88 5335 16557 59 6 3 202 -9 9
4 610 56 2 17 88 5335 16557 72 4 3 202 -9 9
4 610 56 2 17 88 5335 16557 60 6 3 202 -9 9
4 610 56 2 17 88 5335 16557 74 2 3 202 -9 9
4 610 56 2 17 88 5335 16557 75 2 3 202 -9 9
4 610 56 2 17 88 5335 16557 73 1 3 202 -9 9
4 610 56 2 17 88 5335 16557 54 1 3 202 -9 9
4 610 56 2 17 88 5335 16557 55 2 3 202 -9 9
4 610 56 2 17 88 5335 16557 56 3 3 202 -9 9
4 610 56 2 17 88 5335 16557 57 5 3 202 -9 9
4 610 56 2 17 88 5335 16557 58 6 3 202 -9 9
4 610 56 2 17 88 5335 16557 66 1 3 202 -9 9
4 610 56 2 17 88 5335 16557 61 2 3 202 -9 9
4 610 56 2 17 88 5335 16557 62 1 3 202 -9 9
4 610 56 2 17 88 5335 16557 81 1 3 202 -9 9
4 610 56 2 17 88 5335 16557 71 3 3 202 -9 9
4 610 57 2 18 88 5332 16601 69 5 3 202 -9 10
4 610 57 2 18 88 5332 16601 61 7 3 202 -9 10
4 610 57 2 18 88 5332 16601 62 2 3 202 -9 10
4 610 57 2 18 88 5332 16601 66 2 3 202 -9 10
4 610 57 2 18 88 5332 16601 63 4 3 202 -9 10
4 610 57 2 18 88 5332 16601 65 2 3 202 -9 10
4 610 57 2 18 88 5332 16601 67 3 3 202 -9 10
4 610 57 2 18 88 5332 16601 60 5 3 202 -9 10
4 610 57 2 18 88 5332 16601 59 3 3 202 -9 10
4 610 57 2 18 88 5332 16601 58 2 3 202 -9 10
4 610 57 2 18 88 5332 16601 57 3 3 202 -9 10
4 610 57 2 18 88 5332 16601 56 1 3 202 -9 10
4 610 57 2 18 88 5332 16601 55 2 3 202 -9 10
4 610 57 2 18 88 5332 16601 54 1 3 202 -9 10
4 610 57 2 18 88 5332 16601 52 3 3 202 -9 10
4 610 57 2 18 88 5332 16601 51 1 3 202 -9 10
4 610 57 2 18 88 5332 16601 50 1 3 202 -9 10
4 610 57 2 18 88 5332 16601 49 1 3 202 -9 10
4 610 57 2 18 88 5332 16601 48 2 3 202 -9 10
4 610 57 2 18 88 5332 16601 42 1 3 202 -9 10
4 610 57 2 18 88 5332 16601 68 3 3 202 -9 10
4 610 57 2 18 88 5332 16601 87 1 3 202 -9 10
4 610 57 2 18 88 5332 16601 70 1 3 202 -9 10
4 610 57 2 18 88 5332 16601 74 1 3 202 -9 10
4 610 57 2 18 88 5332 16601 81 1 3 202 -9 10
4 610 57 2 18 88 5332 16601 79 1 3 202 -9 10
4 610 57 2 18 88 5332 16601 86 1 3 202 -9 10
4 610 55 2 18 88 5333 16600 67 2 3 202 -9 11
4 610 55 2 18 88 5333 16600 55 1 3 202 -9 11
4 610 55 2 18 88 5333 16600 72 1 3 202 -9 11
4 610 55 2 18 88 5333 16600 57 6 3 202 -9 11
4 610 55 2 18 88 5333 16600 44 1 3 202 -9 11
4 610 55 2 18 88 5333 16600 45 1 3 202 -9 11
4 610 55 2 18 88 5333 16600 69 1 3 202 -9 11
4 610 55 2 18 88 5333 16600 68 1 3 202 -9 11
4 610 55 2 18 88 5333 16600 66 2 3 202 -9 11
4 610 55 2 18 88 5333 16600 65 2 3 202 -9 11
4 610 55 2 18 88 5333 16600 64 3 3 202 -9 11
4 610 55 2 18 88 5333 16600 63 4 3 202 -9 11
4 610 55 2 18 88 5333 16600 62 2 3 202 -9 11
4 610 55 2 18 88 5333 16600 61 5 3 202 -9 11
4 610 55 2 18 88 5333 16600 60 1 3 202 -9 11
4 610 55 2 18 88 5333 16600 59 2 3 202 -9 11
4 610 55 2 18 88 5333 16600 58 4 3 202 -9 11
4 610 55 2 18 88 5333 16600 52 2 3 202 -9 11
4 610 55 2 18 88 5333 16600 49 1 3 202 -9 11
4 610 55 2 18 88 5333 16600 51 2 3 202 -9 11
4 610 55 2 18 88 5333 16600 50 1 3 202 -9 11
4 610 55 2 18 88 5333 16600 73 1 3 202 -9 11
4 610 55 2 18 88 5333 16600 75 2 3 202 -9 11
4 610 55 2 18 88 5333 16600 90 1 3 202 -9 11
4 610 55 2 18 88 5333 16600 70 2 3 202 -9 11
4 610 125 2 19 88 5321 16627 67 3 3 202 -9 12
4 610 125 2 19 88 5321 16627 68 2 3 202 -9 12
4 610 125 2 19 88 5321 16627 71 1 3 202 -9 12
4 610 125 2 19 88 5321 16627 74 1 3 202 -9 12
4 610 125 2 19 88 5321 16627 75 1 3 202 -9 12
4 610 125 2 19 88 5321 16627 76 1 3 202 -9 12
4 610 125 2 19 88 5321 16627 77 1 3 202 -9 12
4 610 125 2 19 88 5321 16627 48 1 3 202 -9 12
4 610 125 2 19 88 5321 16627 66 3 3 202 -9 12
4 610 125 2 19 88 5321 16627 64 2 3 202 -9 12
4 610 125 2 19 88 5321 16627 63 2 3 202 -9 12
4 610 125 2 19 88 5321 16627 59 3 3 202 -9 12
4 610 125 2 19 88 5321 16627 62 3 3 202 -9 12
4 610 125 2 19 88 5321 16627 51 1 3 202 -9 12
4 610 125 2 19 88 5321 16627 52 1 3 202 -9 12
4 610 125 2 19 88 5321 16627 53 1 3 202 -9 12
4 610 125 2 19 88 5321 16627 54 1 3 202 -9 12
4 610 125 2 19 88 5321 16627 55 2 3 202 -9 12
4 610 125 2 19 88 5321 16627 56 1 3 202 -9 12
4 610 125 2 19 88 5321 16627 61 7 3 202 -9 12
4 610 125 2 19 88 5321 16627 57 1 3 202 -9 12
4 610 125 2 19 88 5321 16627 58 5 3 202 -9 12
4 610 125 2 19 88 5321 16627 73 1 3 202 -9 12
4 610 125 2 19 88 5321 16627 60 6 3 202 -9 12
4 610 145 2 19 88 5318 16623 59 5 3 202 -9 13
4 610 145 2 19 88 5318 16623 69 1 3 202 -9 13
4 610 145 2 19 88 5318 16623 76 1 3 202 -9 13
4 610 145 2 19 88 5318 16623 66 1 3 202 -9 13
4 610 145 2 19 88 5318 16623 65 3 3 202 -9 13
4 610 145 2 19 88 5318 16623 63 3 3 202 -9 13
4 610 145 2 19 88 5318 16623 62 4 3 202 -9 13
4 610 145 2 19 88 5318 16623 60 2 3 202 -9 13
4 610 145 2 19 88 5318 16623 67 1 3 202 -9 13
4 610 145 2 19 88 5318 16623 58 3 3 202 -9 13
4 610 145 2 19 88 5318 16623 57 3 3 202 -9 13
4 610 145 2 19 88 5318 16623 56 1 3 202 -9 13
4 610 145 2 19 88 5318 16623 55 1 3 202 -9 13
4 610 145 2 19 88 5318 16623 54 3 3 202 -9 13
4 610 145 2 19 88 5318 16623 50 3 3 202 -9 13
4 610 145 2 19 88 5318 16623 49 1 3 202 -9 13
4 610 145 2 19 88 5318 16623 53 3 3 202 -9 13
4 610 145 2 19 88 5318 16623 52 2 3 202 -9 13
4 610 145 2 19 88 5318 16623 61 5 3 202 -9 13
1 630 44 2 12 88 5819 15314 83 2 3 202 -9 14
1 630 44 2 12 88 5819 15314 97 2 3 202 -9 14
1 630 44 2 12 88 5819 15314 89 1 3 202 -9 14
1 630 44 2 12 88 5819 15314 88 1 3 202 -9 14
1 630 44 2 12 88 5819 15314 87 1 3 202 -9 14
1 630 44 2 12 88 5819 15314 86 1 3 202 -9 14
1 630 44 2 12 88 5819 15314 85 2 3 202 -9 14
1 630 44 2 12 88 5819 15314 84 2 3 202 -9 14
1 630 44 2 12 88 5819 15314 104 1 3 202 -9 14
1 630 44 2 12 88 5819 15314 82 2 3 202 -9 14
1 630 44 2 12 88 5819 15314 81 1 3 202 -9 14
1 630 44 2 12 88 5819 15314 80 1 3 202 -9 14
1 630 44 2 12 88 5819 15314 79 4 3 202 -9 14
1 630 44 2 12 88 5819 15314 78 2 3 202 -9 14
1 630 44 2 12 88 5819 15314 77 2 3 202 -9 14
1 630 44 2 12 88 5819 15314 76 4 3 202 -9 14
1 630 44 2 12 88 5819 15314 75 3 3 202 -9 14
1 630 44 2 12 88 5819 15314 73 2 3 202 -9 14
1 630 44 2 12 88 5819 15314 65 2 3 202 -9 14
1 630 44 2 12 88 5819 15314 64 3 3 202 -9 14
1 630 44 2 12 88 5819 15314 61 1 3 202 -9 14
1 630 44 2 12 88 5819 15314 70 1 3 202 -9 14
1 630 44 2 12 88 5819 15314 72 1 3 202 -9 14
1 630 44 2 12 88 5819 15314 68 1 3 202 -9 14
1 630 44 2 12 88 5819 15314 67 1 3 202 -9 14
1 630 44 2 12 88 5819 15314 69 5 3 202 -9 14
1 630 44 2 12 88 5819 15314 62 1 3 202 -9 14
1 630 44 2 12 88 5819 15314 71 3 3 202 -9 14
1 630 44 2 12 88 5819 15314 66 1 3 202 -9 14
1 630 44 2 12 88 5819 15314 58 1 3 202 -9 14
1 630 44 2 12 88 5819 15314 74 1 3 202 -9 14
1 630 82 2 11 88 5721 15121 58 2 3 202 -9 15
1 630 82 2 11 88 5721 15121 56 1 3 202 -9 15
1 630 82 2 11 88 5721 15121 70 2 3 202 -9 15
1 630 82 2 11 88 5721 15121 85 1 3 202 -9 15
1 630 82 2 11 88 5721 15121 55 1 3 202 -9 15
1 630 82 2 11 88 5721 15121 52 2 3 202 -9 15
1 630 82 2 11 88 5721 15121 54 3 3 202 -9 15
1 630 82 2 11 88 5721 15121 53 5 3 202 -9 15
1 630 82 2 11 88 5721 15121 67 1 3 202 -9 15
1 630 82 2 11 88 5721 15121 51 1 3 202 -9 15
1 630 82 2 11 88 5721 15121 50 3 3 202 -9 15
1 630 82 2 11 88 5721 15121 68 1 3 202 -9 15
1 630 82 2 11 88 5721 15121 44 1 3 202 -9 15
1 630 82 2 11 88 5721 15121 43 1 3 202 -9 15
1 630 82 2 11 88 5721 15121 65 2 3 202 -9 15
1 630 82 2 11 88 5721 15121 63 1 3 202 -9 15
1 630 82 2 11 88 5721 15121 47 2 3 202 -9 15
1 630 82 2 11 88 5721 15121 45 1 3 202 -9 15
1 630 82 2 11 88 5721 15121 46 1 3 202 -9 15
1 630 82 2 11 88 5721 15121 59 2 3 202 -9 15
1 630 82 2 11 88 5721 15121 48 1 3 202 -9 15
1 630 82 2 11 88 5721 15121 49 1 3 202 -9 15
1 630 79 2 12 88 5725 15118 48 3 3 202 -9 16
1 630 79 2 12 88 5725 15118 47 3 3 202 -9 16
1 630 79 2 12 88 5725 15118 52 4 3 202 -9 16
1 630 79 2 12 88 5725 15118 50 7 3 202 -9 16
1 630 79 2 12 88 5725 15118 51 6 3 202 -9 16
1 630 79 2 12 88 5725 15118 44 1 3 202 -9 16
1 630 79 2 12 88 5725 15118 64 3 3 202 -9 16
1 630 79 2 12 88 5725 15118 65 1 3 202 -9 16
1 630 79 2 12 88 5725 15118 43 1 3 202 -9 16
1 630 79 2 12 88 5725 15118 53 11 3 202 -9 16
1 630 79 2 12 88 5725 15118 54 7 3 202 -9 16
1 630 79 2 12 88 5725 15118 55 1 3 202 -9 16
1 630 79 2 12 88 5725 15118 56 3 3 202 -9 16
1 630 79 2 12 88 5725 15118 49 2 3 202 -9 16
1 630 79 2 12 88 5725 15118 46 1 3 202 -9 16
1 630 79 2 12 88 5725 15118 45 2 3 202 -9 16
1 630 79 2 12 88 5725 15118 40 1 3 202 -9 16
1 630 79 2 12 88 5725 15118 67 1 3 202 -9 16
1 630 79 2 12 88 5725 15118 63 5 3 202 -9 16
1 630 79 2 12 88 5725 15118 60 2 3 202 -9 16
1 630 79 2 12 88 5725 15118 59 1 3 202 -9 16
1 630 79 2 12 88 5725 15118 58 2 3 202 -9 16
1 630 79 2 12 88 5725 15118 57 2 3 202 -9 16
1 630 79 2 12 88 5725 15118 87 1 3 202 -9 16
1 630 79 2 12 88 5725 15118 70 1 3 202 -9 16
1 630 56 2 12 88 5712 15220 67 4 2 202 -9 17
1 630 56 2 12 88 5712 15220 68 2 2 202 -9 17
1 630 56 2 12 88 5712 15220 54 2 2 202 -9 17
1 630 56 2 12 88 5712 15220 70 3 2 202 -9 17
1 630 56 2 12 88 5712 15220 55 1 2 202 -9 17
1 630 56 2 12 88 5712 15220 72 2 2 202 -9 17
1 630 56 2 12 88 5712 15220 67 2 1 202 -9 17
1 630 56 2 12 88 5712 15220 57 3 2 202 -9 17
1 630 56 2 12 88 5712 15220 75 1 2 202 -9 17
1 630 56 2 12 88 5712 15220 52 2 1 202 -9 17
1 630 56 2 12 88 5712 15220 53 2 1 202 -9 17
1 630 56 2 12 88 5712 15220 56 1 1 202 -9 17
1 630 56 2 12 88 5712 15220 57 3 1 202 -9 17
1 630 56 2 12 88 5712 15220 58 3 1 202 -9 17
1 630 56 2 12 88 5712 15220 59 3 2 202 -9 17
1 630 56 2 12 88 5712 15220 59 2 1 202 -9 17
1 630 56 2 12 88 5712 15220 61 2 1 202 -9 17
1 630 56 2 12 88 5712 15220 61 3 2 202 -9 17
1 630 56 2 12 88 5712 15220 64 1 2 202 -9 17
1 630 56 2 12 88 5712 15220 73 3 2 202 -9 17
1 630 56 2 12 88 5712 15220 74 1 2 202 -9 17
1 630 56 2 12 88 5712 15220 63 1 1 202 -9 17
1 630 56 2 12 88 5712 15220 66 1 1 202 -9 17
1 630 56 2 12 88 5712 15220 58 2 2 202 -9 17
1 630 56 2 12 88 5712 15220 48 3 2 202 -9 17
1 630 56 2 12 88 5712 15220 68 2 1 202 -9 17
1 630 56 2 12 88 5712 15220 52 4 2 202 -9 17
1 630 56 2 12 88 5712 15220 69 1 1 202 -9 17
1 630 56 2 12 88 5712 15220 51 5 2 202 -9 17
1 630 56 2 12 88 5712 15220 38 1 2 202 -9 17
1 630 56 2 12 88 5712 15220 53 2 2 202 -9 17
1 630 56 2 12 88 5712 15220 49 2 2 202 -9 17
1 630 56 2 12 88 5712 15220 50 4 2 202 -9 17
1 630 56 2 12 88 5712 15220 41 1 2 202 -9 17
1 630 52 2 13 88 5705 15221 69 1 2 202 -9 18
1 630 52 2 13 88 5705 15221 64 2 2 202 -9 18
1 630 52 2 13 88 5705 15221 70 1 2 202 -9 18
1 630 52 2 13 88 5705 15221 66 1 2 202 -9 18
1 630 52 2 13 88 5705 15221 62 2 2 202 -9 18
1 630 52 2 13 88 5705 15221 50 1 1 202 -9 18
1 630 52 2 13 88 5705 15221 51 2 1 202 -9 18
1 630 52 2 13 88 5705 15221 52 3 1 202 -9 18
1 630 52 2 13 88 5705 15221 55 2 1 202 -9 18
1 630 52 2 13 88 5705 15221 59 3 1 202 -9 18
1 630 52 2 13 88 5705 15221 61 2 1 202 -9 18
1 630 52 2 13 88 5705 15221 63 2 1 202 -9 18
1 630 52 2 13 88 5705 15221 65 2 1 202 -9 18
1 630 52 2 13 88 5705 15221 69 1 1 202 -9 18
1 630 52 2 13 88 5705 15221 61 3 2 202 -9 18
1 630 52 2 13 88 5705 15221 72 1 2 202 -9 18
1 630 52 2 13 88 5705 15221 70 1 1 202 -9 18
1 630 52 2 13 88 5705 15221 60 1 2 202 -9 18
1 630 52 2 13 88 5705 15221 82 1 2 202 -9 18
1 630 52 2 13 88 5705 15221 42 1 2 202 -9 18
1 630 52 2 13 88 5705 15221 50 5 2 202 -9 18
1 630 52 2 13 88 5705 15221 44 2 2 202 -9 18
1 630 52 2 13 88 5705 15221 45 3 2 202 -9 18
1 630 52 2 13 88 5705 15221 43 1 2 202 -9 18
1 630 52 2 13 88 5705 15221 52 3 2 202 -9 18
1 630 52 2 13 88 5705 15221 51 2 2 202 -9 18
1 630 52 2 13 88 5705 15221 48 3 2 202 -9 18
1 630 52 2 13 88 5705 15221 54 2 2 202 -9 18
1 630 52 2 13 88 5705 15221 59 3 2 202 -9 18
1 630 52 2 13 88 5705 15221 58 6 2 202 -9 18
1 630 52 2 13 88 5705 15221 57 4 2 202 -9 18
1 630 52 2 13 88 5705 15221 56 2 2 202 -9 18
1 630 45 2 13 88 5709 15223 48 1 2 202 -9 19
1 630 45 2 13 88 5709 15223 51 2 2 202 -9 19
1 630 45 2 13 88 5709 15223 52 3 2 202 -9 19
1 630 45 2 13 88 5709 15223 56 2 2 202 -9 19
1 630 45 2 13 88 5709 15223 53 3 2 202 -9 19
1 630 45 2 13 88 5709 15223 54 4 2 202 -9 19
1 630 45 2 13 88 5709 15223 61 1 2 202 -9 19
1 630 45 2 13 88 5709 15223 59 1 2 202 -9 19
1 630 45 2 13 88 5709 15223 60 1 2 202 -9 19
1 630 45 2 13 88 5709 15223 45 1 2 202 -9 19
1 630 45 2 13 88 5709 15223 43 1 2 202 -9 19
1 630 45 2 13 88 5709 15223 66 1 1 202 -9 19
1 630 45 2 13 88 5709 15223 55 2 1 202 -9 19
1 630 45 2 13 88 5709 15223 48 1 1 202 -9 19
1 630 45 2 13 88 5709 15223 53 3 1 202 -9 19
1 630 45 2 13 88 5709 15223 63 1 2 202 -9 19
1 630 45 2 13 88 5709 15223 52 2 1 202 -9 19
1 630 45 2 13 88 5709 15223 64 1 1 202 -9 19
1 630 45 2 13 88 5709 15223 41 1 1 202 -9 19
1 630 45 2 13 88 5709 15223 67 1 2 202 -9 19
1 630 74 2 20 88 5816 15116 71 1 3 202 -9 20
1 630 74 2 20 88 5816 15116 82 1 3 202 -9 20
1 630 74 2 20 88 5816 15116 78 1 3 202 -9 20
1 630 74 2 20 88 5816 15116 68 1 3 202 -9 20
1 630 74 2 20 88 5816 15116 70 1 3 202 -9 20
1 630 74 2 20 88 5816 15116 39 1 3 202 -9 20
1 630 74 2 20 88 5816 15116 51 2 3 202 -9 20
1 630 74 2 20 88 5816 15116 50 3 3 202 -9 20
1 630 74 2 20 88 5816 15116 67 1 3 202 -9 20
1 630 74 2 20 88 5816 15116 52 4 3 202 -9 20
1 630 74 2 20 88 5816 15116 53 1 3 202 -9 20
1 630 74 2 20 88 5816 15116 55 4 3 202 -9 20
1 630 74 2 20 88 5816 15116 56 2 3 202 -9 20
1 630 74 2 20 88 5816 15116 57 2 3 202 -9 20
1 630 74 2 20 88 5816 15116 58 1 3 202 -9 20
1 630 74 2 20 88 5816 15116 59 1 3 202 -9 20
1 630 74 2 20 88 5816 15116 60 2 3 202 -9 20
1 630 74 2 20 88 5816 15116 61 1 3 202 -9 20
1 630 74 2 20 88 5816 15116 62 2 3 202 -9 20
1 630 74 2 20 88 5816 15116 65 1 3 202 -9 20
1 630 74 2 20 88 5816 15116 66 2 3 202 -9 20
1 630 74 2 20 88 5816 15116 44 1 3 202 -9 20
1 630 74 2 20 88 5816 15116 47 1 3 202 -9 20
1 630 74 2 20 88 5816 15116 48 3 3 202 -9 20
1 630 74 2 20 88 5816 15116 49 4 3 202 -9 20
1 630 74 2 26 88 5731 15127 48 6 1 202 -9 21
1 630 74 2 26 88 5731 15127 58 2 2 202 -9 21
1 630 74 2 26 88 5731 15127 56 1 2 202 -9 21
1 630 74 2 26 88 5731 15127 57 6 1 202 -9 21
1 630 74 2 26 88 5731 15127 55 4 1 202 -9 21
1 630 74 2 26 88 5731 15127 54 1 1 202 -9 21
1 630 74 2 26 88 5731 15127 53 1 1 202 -9 21
1 630 74 2 26 88 5731 15127 52 3 1 202 -9 21
1 630 74 2 26 88 5731 15127 51 5 1 202 -9 21
1 630 74 2 26 88 5731 15127 50 4 1 202 -9 21
1 630 74 2 26 88 5731 15127 56 2 1 202 -9 21
1 630 74 2 26 88 5731 15127 65 1 2 202 -9 21
1 630 74 2 26 88 5731 15127 58 8 1 202 -9 21
1 630 74 2 26 88 5731 15127 64 1 2 202 -9 21
1 630 74 2 26 88 5731 15127 75 1 2 202 -9 21
1 630 74 2 26 88 5731 15127 38 1 2 202 -9 21
1 630 74 2 26 88 5731 15127 68 1 2 202 -9 21
1 630 74 2 26 88 5731 15127 45 1 2 202 -9 21
1 630 74 2 26 88 5731 15127 47 1 2 202 -9 21
1 630 74 2 26 88 5731 15127 43 1 2 202 -9 21
1 630 74 2 26 88 5731 15127 71 1 1 202 -9 21
1 630 74 2 26 88 5731 15127 69 1 1 202 -9 21
1 630 74 2 26 88 5731 15127 67 2 1 202 -9 21
1 630 74 2 26 88 5731 15127 66 1 1 202 -9 21
1 630 74 2 26 88 5731 15127 64 1 1 202 -9 21
1 630 74 2 26 88 5731 15127 63 1 1 202 -9 21
1 630 74 2 26 88 5731 15127 62 2 1 202 -9 21
1 630 74 2 26 88 5731 15127 61 3 1 202 -9 21
1 630 74 2 26 88 5731 15127 59 10 1 202 -9 21
1 630 74 2 26 88 5731 15127 62 1 2 202 -9 21
1 630 74 2 26 88 5731 15127 47 4 1 202 -9 21
1 630 74 2 26 88 5731 15127 46 2 1 202 -9 21
1 630 74 2 26 88 5731 15127 45 1 1 202 -9 21
1 630 74 2 26 88 5731 15127 44 2 1 202 -9 21
1 630 74 2 26 88 5731 15127 42 1 1 202 -9 21
1 630 74 2 26 88 5731 15127 35 1 1 202 -9 21
1 630 74 2 26 88 5731 15127 49 6 1 202 -9 21
1 630 74 2 26 88 5731 15127 48 4 2 202 -9 21
1 630 74 2 26 88 5731 15127 66 1 2 202 -9 21
1 630 74 2 26 88 5731 15127 49 7 2 202 -9 21
1 630 74 2 26 88 5731 15127 50 12 2 202 -9 21
1 630 74 2 26 88 5731 15127 63 2 2 202 -9 21
1 630 74 2 26 88 5731 15127 60 2 2 202 -9 21
1 630 74 2 26 88 5731 15127 59 1 2 202 -9 21
1 630 74 2 26 88 5731 15127 51 16 2 202 -9 21
1 630 74 2 26 88 5731 15127 53 5 2 202 -9 21
1 630 74 2 26 88 5731 15127 55 4 2 202 -9 21
1 630 74 2 26 88 5731 15127 54 2 2 202 -9 21
1 630 74 2 26 88 5731 15127 52 11 2 202 -9 21
1 630 65 2 26 88 5728 15122 56 4 2 202 -9 22
1 630 65 2 26 88 5728 15122 48 7 2 202 -9 22
1 630 65 2 26 88 5728 15122 50 13 2 202 -9 22
1 630 65 2 26 88 5728 15122 42 1 2 202 -9 22
1 630 65 2 26 88 5728 15122 44 1 2 202 -9 22
1 630 65 2 26 88 5728 15122 51 11 2 202 -9 22
1 630 65 2 26 88 5728 15122 47 2 2 202 -9 22
1 630 65 2 26 88 5728 15122 45 3 2 202 -9 22
1 630 65 2 26 88 5728 15122 46 3 2 202 -9 22
1 630 65 2 26 88 5728 15122 49 10 2 202 -9 22
1 630 65 2 26 88 5728 15122 41 1 1 202 -9 22
1 630 65 2 26 88 5728 15122 45 1 1 202 -9 22
1 630 65 2 26 88 5728 15122 48 1 1 202 -9 22
1 630 65 2 26 88 5728 15122 49 2 1 202 -9 22
1 630 65 2 26 88 5728 15122 50 7 1 202 -9 22
1 630 65 2 26 88 5728 15122 51 9 1 202 -9 22
1 630 65 2 26 88 5728 15122 52 13 1 202 -9 22
1 630 65 2 26 88 5728 15122 53 8 1 202 -9 22
1 630 65 2 26 88 5728 15122 52 12 2 202 -9 22
1 630 65 2 26 88 5728 15122 54 2 1 202 -9 22
1 630 65 2 26 88 5728 15122 55 3 1 202 -9 22
1 630 65 2 26 88 5728 15122 56 3 1 202 -9 22
1 630 65 2 26 88 5728 15122 57 2 1 202 -9 22
1 630 65 2 26 88 5728 15122 58 1 1 202 -9 22
1 630 65 2 26 88 5728 15122 59 1 1 202 -9 22
1 630 65 2 26 88 5728 15122 60 1 1 202 -9 22
1 630 65 2 26 88 5728 15122 61 1 1 202 -9 22
1 630 65 2 26 88 5728 15122 62 1 1 202 -9 22
1 630 65 2 26 88 5728 15122 67 1 1 202 -9 22
1 630 65 2 26 88 5728 15122 69 1 1 202 -9 22
1 630 65 2 26 88 5728 15122 53 7 2 202 -9 22
1 630 65 2 26 88 5728 15122 79 1 2 202 -9 22
1 630 65 2 26 88 5728 15122 54 6 2 202 -9 22
1 630 65 2 26 88 5728 15122 55 3 2 202 -9 22
1 630 65 2 26 88 5728 15122 58 2 2 202 -9 22
1 630 65 2 26 88 5728 15122 59 1 2 202 -9 22
1 630 65 2 26 88 5728 15122 61 1 2 202 -9 22
1 630 65 2 26 88 5728 15122 64 1 2 202 -9 22
1 630 65 2 26 88 5728 15122 68 1 2 202 -9 22
1 630 71 2 27 88 5731 15133 71 1 1 202 -9 23
1 630 71 2 27 88 5731 15133 67 1 1 202 -9 23
1 630 71 2 27 88 5731 15133 63 1 2 202 -9 23
1 630 71 2 27 88 5731 15133 52 6 2 202 -9 23
1 630 71 2 27 88 5731 15133 51 3 2 202 -9 23
1 630 71 2 27 88 5731 15133 52 6 1 202 -9 23
1 630 71 2 27 88 5731 15133 53 4 1 202 -9 23
1 630 71 2 27 88 5731 15133 59 4 1 202 -9 23
1 630 71 2 27 88 5731 15133 60 2 1 202 -9 23
1 630 71 2 27 88 5731 15133 61 1 1 202 -9 23
1 630 71 2 27 88 5731 15133 62 1 1 202 -9 23
1 630 71 2 27 88 5731 15133 63 1 1 202 -9 23
1 630 71 2 27 88 5731 15133 54 9 2 202 -9 23
1 630 71 2 27 88 5731 15133 55 7 2 202 -9 23
1 630 71 2 27 88 5731 15133 56 3 2 202 -9 23
1 630 71 2 27 88 5731 15133 57 4 2 202 -9 23
1 630 71 2 27 88 5731 15133 59 3 2 202 -9 23
1 630 71 2 27 88 5731 15133 60 3 2 202 -9 23
1 630 71 2 27 88 5731 15133 61 1 2 202 -9 23
1 630 71 2 27 88 5731 15133 62 2 2 202 -9 23
1 630 71 2 27 88 5731 15133 56 2 1 202 -9 23
1 630 71 2 27 88 5731 15133 66 1 2 202 -9 23
1 630 71 2 27 88 5731 15133 67 1 2 202 -9 23
1 630 71 2 27 88 5731 15133 72 1 2 202 -9 23
1 630 71 2 27 88 5731 15133 76 1 2 202 -9 23
1 630 71 2 27 88 5731 15133 38 1 1 202 -9 23
1 630 71 2 27 88 5731 15133 45 1 1 202 -9 23
1 630 71 2 27 88 5731 15133 46 2 1 202 -9 23
1 630 71 2 27 88 5731 15133 47 2 1 202 -9 23
1 630 71 2 27 88 5731 15133 48 3 1 202 -9 23
1 630 71 2 27 88 5731 15133 49 7 1 202 -9 23
1 630 71 2 27 88 5731 15133 50 4 1 202 -9 23
1 630 71 2 27 88 5731 15133 51 3 1 202 -9 23
1 630 71 2 27 88 5731 15133 58 1 1 202 -9 23
1 630 71 2 27 88 5731 15133 66 1 1 202 -9 23
1 630 71 2 27 88 5731 15133 54 3 1 202 -9 23
1 630 71 2 27 88 5731 15133 55 5 1 202 -9 23
1 630 71 2 27 88 5731 15133 44 1 2 202 -9 23
1 630 71 2 27 88 5731 15133 57 3 1 202 -9 23
1 630 71 2 27 88 5731 15133 46 3 2 202 -9 23
1 630 71 2 27 88 5731 15133 53 5 2 202 -9 23
1 630 71 2 27 88 5731 15133 50 5 2 202 -9 23
1 630 71 2 27 88 5731 15133 49 8 2 202 -9 23
1 630 71 2 27 88 5731 15133 39 1 2 202 -9 23
1 630 71 2 27 88 5731 15133 48 2 2 202 -9 23
1 630 71 2 27 88 5728 15122 49 1 2 202 -9 24
1 630 71 2 27 88 5728 15122 51 2 2 202 -9 24
1 630 71 2 27 88 5728 15122 53 5 1 202 -9 24
1 630 71 2 27 88 5728 15122 54 2 1 202 -9 24
1 630 71 2 27 88 5728 15122 50 2 2 202 -9 24
1 630 71 2 27 88 5728 15122 52 6 2 202 -9 24
1 630 71 2 27 88 5728 15122 54 4 2 202 -9 24
1 630 71 2 27 88 5728 15122 46 1 2 202 -9 24
1 630 71 2 27 88 5728 15122 67 1 1 202 -9 24
1 630 71 2 27 88 5728 15122 56 4 1 202 -9 24
1 630 71 2 27 88 5728 15122 55 5 2 202 -9 24
1 630 71 2 27 88 5728 15122 55 3 1 202 -9 24
1 630 71 2 27 88 5728 15122 64 1 1 202 -9 24
1 630 71 2 27 88 5728 15122 63 1 1 202 -9 24
1 630 71 2 27 88 5728 15122 62 3 1 202 -9 24
1 630 71 2 27 88 5728 15122 61 2 1 202 -9 24
1 630 71 2 27 88 5728 15122 60 3 1 202 -9 24
1 630 71 2 27 88 5728 15122 58 2 1 202 -9 24
1 630 71 2 27 88 5728 15122 59 2 2 202 -9 24
1 630 71 2 27 88 5728 15122 51 3 1 202 -9 24
1 630 71 2 27 88 5728 15122 57 3 1 202 -9 24
1 630 71 2 27 88 5728 15122 59 2 1 202 -9 24
1 630 71 2 27 88 5728 15122 50 4 1 202 -9 24
1 630 71 2 27 88 5728 15122 49 2 1 202 -9 24
1 630 71 2 27 88 5728 15122 53 4 2 202 -9 24
1 630 71 2 27 88 5728 15122 48 1 1 202 -9 24
1 630 71 2 27 88 5728 15122 44 1 1 202 -9 24
1 630 71 2 27 88 5728 15122 69 1 2 202 -9 24
1 630 71 2 27 88 5728 15122 61 1 2 202 -9 24
1 630 71 2 27 88 5728 15122 57 2 2 202 -9 24
1 630 71 2 27 88 5728 15122 60 2 2 202 -9 24
1 630 71 2 27 88 5728 15122 52 6 1 202 -9 24
1 630 71 2 27 88 5728 15122 56 3 2 202 -9 24
1 630 60 2 28 88 5733 15141 51 1 2 202 -9 25
1 630 60 2 28 88 5733 15141 49 1 2 202 -9 25
1 630 60 2 28 88 5733 15141 55 1 2 202 -9 25
1 630 60 2 28 88 5733 15141 57 1 2 202 -9 25
1 630 60 2 28 88 5733 15141 58 1 2 202 -9 25
1 630 60 2 28 88 5733 15141 50 1 2 202 -9 25
1 630 60 2 28 88 5733 15141 54 1 2 202 -9 25
1 630 60 2 28 88 5733 15141 40 1 2 202 -9 25
1 630 60 2 28 88 5733 15141 53 1 2 202 -9 25
1 630 60 2 28 88 5733 15141 59 2 2 202 -9 25
1 630 60 2 28 88 5733 15141 60 2 2 202 -9 25
1 630 60 2 28 88 5733 15141 61 1 2 202 -9 25
1 630 60 2 28 88 5733 15141 62 1 2 202 -9 25
1 630 60 2 28 88 5733 15141 63 1 2 202 -9 25
1 630 60 2 28 88 5733 15141 64 2 2 202 -9 25
1 630 60 2 28 88 5733 15141 65 1 2 202 -9 25
1 630 60 2 28 88 5733 15141 67 1 2 202 -9 25
1 630 60 2 28 88 5733 15141 68 1 2 202 -9 25
1 630 60 2 28 88 5733 15141 69 1 2 202 -9 25
1 630 60 2 28 88 5733 15141 79 1 2 202 -9 25
1 630 60 2 28 88 5733 15141 47 1 1 202 -9 25
1 630 60 2 28 88 5733 15141 48 1 1 202 -9 25
1 630 60 2 28 88 5733 15141 50 1 1 202 -9 25
1 630 60 2 28 88 5733 15141 52 1 1 202 -9 25
1 630 60 2 28 88 5733 15141 54 2 1 202 -9 25
1 630 60 2 28 88 5733 15141 55 1 1 202 -9 25
1 630 60 2 28 88 5733 15141 56 2 1 202 -9 25
1 630 60 2 28 88 5733 15141 59 1 1 202 -9 25
1 630 60 2 28 88 5733 15141 60 2 1 202 -9 25
1 630 60 2 28 88 5733 15141 61 1 1 202 -9 25
1 630 60 2 28 88 5733 15141 62 1 1 202 -9 25
1 630 60 2 28 88 5733 15141 63 1 1 202 -9 25
1 630 60 2 28 88 5733 15141 65 1 1 202 -9 25
1 630 60 2 28 88 5733 15141 66 1 1 202 -9 25
1 630 60 2 28 88 5733 15141 67 1 1 202 -9 25
1 630 60 2 28 88 5733 15141 68 1 1 202 -9 25
1 630 60 2 28 88 5733 15141 69 1 1 202 -9 25
1 630 65 2 28 88 5730 15126 54 2 2 202 -9 26
1 630 65 2 28 88 5730 15126 53 1 2 202 -9 26
1 630 65 2 28 88 5730 15126 43 1 2 202 -9 26
1 630 65 2 28 88 5730 15126 47 1 2 202 -9 26
1 630 65 2 28 88 5730 15126 50 2 2 202 -9 26
1 630 65 2 28 88 5730 15126 51 1 2 202 -9 26
1 630 65 2 28 88 5730 15126 61 1 2 202 -9 26
1 630 65 2 28 88 5730 15126 55 3 2 202 -9 26
1 630 65 2 28 88 5730 15126 56 3 2 202 -9 26
1 630 65 2 28 88 5730 15126 57 2 2 202 -9 26
1 630 65 2 28 88 5730 15126 49 1 1 202 -9 26
1 630 65 2 28 88 5730 15126 59 2 2 202 -9 26
1 630 65 2 28 88 5730 15126 60 3 2 202 -9 26
1 630 65 2 28 88 5730 15126 58 1 2 202 -9 26
1 630 65 2 28 88 5730 15126 64 1 2 202 -9 26
1 630 65 2 28 88 5730 15126 65 1 2 202 -9 26
1 630 65 2 28 88 5730 15126 51 1 1 202 -9 26
1 630 65 2 28 88 5730 15126 52 1 1 202 -9 26
1 630 65 2 28 88 5730 15126 50 1 1 202 -9 26
1 630 65 2 28 88 5730 15126 54 2 1 202 -9 26
1 630 65 2 28 88 5730 15126 55 2 1 202 -9 26
1 630 65 2 28 88 5730 15126 53 1 1 202 -9 26
1 630 65 2 28 88 5730 15126 57 1 1 202 -9 26
1 630 65 2 28 88 5730 15126 60 2 1 202 -9 26
1 630 65 2 28 88 5730 15126 56 3 1 202 -9 26
1 630 65 2 28 88 5730 15126 61 1 1 202 -9 26
1 630 65 2 28 88 5730 15126 64 1 1 202 -9 26
1 630 65 2 28 88 5730 15126 65 1 1 202 -9 26
1 630 65 2 28 88 5730 15126 66 1 1 202 -9 26
1 630 65 2 28 88 5730 15126 67 1 1 202 -9 26
1 630 65 2 28 88 5730 15126 68 1 1 202 -9 26
1 630 65 2 28 88 5730 15126 69 1 1 202 -9 26
1 630 65 2 28 88 5730 15126 73 1 1 202 -9 26
1 630 65 2 28 88 5730 15126 76 1 2 202 -9 26
1 630 65 2 28 88 5730 15126 68 1 2 202 -9 26
1 630 65 2 28 88 5730 15126 46 1 1 202 -9 26
1 630 65 2 28 88 5730 15126 62 1 2 202 -9 26
1 630 65 2 28 88 5730 15126 66 1 2 202 -9 26
1 630 65 2 28 88 5730 15126 63 2 2 202 -9 26
1 630 70 2 29 88 5731 15132 69 2 2 202 -9 27
1 630 70 2 29 88 5731 15132 60 3 2 202 -9 27
1 630 70 2 29 88 5731 15132 61 4 2 202 -9 27
1 630 70 2 29 88 5731 15132 62 1 2 202 -9 27
1 630 70 2 29 88 5731 15132 65 1 2 202 -9 27
1 630 70 2 29 88 5731 15132 49 1 1 202 -9 27
1 630 70 2 29 88 5731 15132 44 1 1 202 -9 27
1 630 70 2 29 88 5731 15132 66 3 2 202 -9 27
1 630 70 2 29 88 5731 15132 59 3 2 202 -9 27
1 630 70 2 29 88 5731 15132 58 2 2 202 -9 27
1 630 70 2 29 88 5731 15132 51 1 1 202 -9 27
1 630 70 2 29 88 5731 15132 57 2 2 202 -9 27
1 630 70 2 29 88 5731 15132 56 2 2 202 -9 27
1 630 70 2 29 88 5731 15132 55 4 2 202 -9 27
1 630 70 2 29 88 5731 15132 54 3 2 202 -9 27
1 630 70 2 29 88 5731 15132 53 3 2 202 -9 27
1 630 70 2 29 88 5731 15132 51 1 2 202 -9 27
1 630 70 2 29 88 5731 15132 50 1 2 202 -9 27
1 630 70 2 29 88 5731 15132 52 2 1 202 -9 27
1 630 70 2 29 88 5731 15132 53 3 1 202 -9 27
1 630 70 2 29 88 5731 15132 55 2 1 202 -9 27
1 630 70 2 29 88 5731 15132 56 1 1 202 -9 27
1 630 70 2 29 88 5731 15132 57 1 1 202 -9 27
1 630 70 2 29 88 5731 15132 58 2 1 202 -9 27
1 630 70 2 29 88 5731 15132 60 4 1 202 -9 27
1 630 70 2 29 88 5731 15132 59 2 1 202 -9 27
1 630 70 2 29 88 5731 15132 46 1 2 202 -9 27
1 630 70 2 29 88 5731 15132 64 1 1 202 -9 27
1 630 70 2 29 88 5731 15132 62 2 1 202 -9 27
1 630 70 2 29 88 5731 15132 63 1 1 202 -9 27
1 630 70 2 29 88 5731 15132 67 2 1 202 -9 27
1 630 70 2 29 88 5731 15132 65 2 1 202 -9 27
1 630 70 2 29 88 5731 15132 66 3 1 202 -9 27
1 630 70 2 29 88 5731 15132 73 1 1 202 -9 27
1 630 70 2 29 88 5731 15132 68 1 1 202 -9 27
1 630 70 2 29 88 5731 15132 69 1 1 202 -9 27
1 630 70 2 29 88 5731 15132 64 1 2 202 -9 27
1 630 64 2 29 88 5733 15140 59 2 2 202 -9 28
1 630 64 2 29 88 5733 15140 63 1 2 202 -9 28
1 630 64 2 29 88 5733 15140 65 1 2 202 -9 28
1 630 64 2 29 88 5733 15140 66 1 2 202 -9 28
1 630 64 2 29 88 5733 15140 68 1 2 202 -9 28
1 630 64 2 29 88 5733 15140 47 1 1 202 -9 28
1 630 64 2 29 88 5733 15140 48 1 1 202 -9 28
1 630 64 2 29 88 5733 15140 49 1 1 202 -9 28
1 630 64 2 29 88 5733 15140 50 1 1 202 -9 28
1 630 64 2 29 88 5733 15140 52 2 1 202 -9 28
1 630 64 2 29 88 5733 15140 53 2 1 202 -9 28
1 630 64 2 29 88 5733 15140 54 1 1 202 -9 28
1 630 64 2 29 88 5733 15140 55 2 1 202 -9 28
1 630 64 2 29 88 5733 15140 56 3 1 202 -9 28
1 630 64 2 29 88 5733 15140 57 3 1 202 -9 28
1 630 64 2 29 88 5733 15140 61 1 2 202 -9 28
1 630 64 2 29 88 5733 15140 60 1 2 202 -9 28
1 630 64 2 29 88 5733 15140 62 1 2 202 -9 28
1 630 64 2 29 88 5733 15140 58 3 2 202 -9 28
1 630 64 2 29 88 5733 15140 57 3 2 202 -9 28
1 630 64 2 29 88 5733 15140 56 2 2 202 -9 28
1 630 64 2 29 88 5733 15140 55 5 2 202 -9 28
1 630 64 2 29 88 5733 15140 54 4 2 202 -9 28
1 630 64 2 29 88 5733 15140 53 3 2 202 -9 28
1 630 64 2 29 88 5733 15140 52 2 2 202 -9 28
1 630 64 2 29 88 5733 15140 51 4 2 202 -9 28
1 630 64 2 29 88 5733 15140 50 4 2 202 -9 28
1 630 64 2 29 88 5733 15140 49 3 2 202 -9 28
1 630 64 2 29 88 5733 15140 60 1 1 202 -9 28
1 630 64 2 29 88 5733 15140 61 1 1 202 -9 28
1 630 64 2 29 88 5733 15140 62 2 1 202 -9 28
1 630 64 2 29 88 5733 15140 63 1 1 202 -9 28
1 630 64 2 29 88 5733 15140 65 1 1 202 -9 28
1 630 64 2 29 88 5733 15140 68 1 1 202 -9 28
1 630 64 2 29 88 5733 15140 73 1 1 202 -9 28
1 630 64 2 29 88 5733 15140 51 1 1 202 -9 28
1 630 64 2 29 88 5733 15140 42 1 2 202 -9 28
1 630 64 2 29 88 5733 15140 46 1 2 202 -9 28
1 630 64 2 29 88 5733 15140 47 1 2 202 -9 28
1 630 64 2 29 88 5733 15140 48 1 2 202 -9 28
1 630 70 2 29 88 5736 15147 68 1 1 202 -9 29
1 630 70 2 29 88 5736 15147 60 2 1 202 -9 29
1 630 70 2 29 88 5736 15147 59 2 1 202 -9 29
1 630 70 2 29 88 5736 15147 58 1 1 202 -9 29
1 630 70 2 29 88 5736 15147 55 1 1 202 -9 29
1 630 70 2 29 88 5736 15147 54 1 1 202 -9 29
1 630 70 2 29 88 5736 15147 53 3 1 202 -9 29
1 630 70 2 29 88 5736 15147 51 1 1 202 -9 29
1 630 70 2 29 88 5736 15147 67 1 1 202 -9 29
1 630 70 2 29 88 5736 15147 66 1 1 202 -9 29
1 630 70 2 29 88 5736 15147 47 1 1 202 -9 29
1 630 70 2 29 88 5736 15147 68 1 2 202 -9 29
1 630 70 2 29 88 5736 15147 62 1 2 202 -9 29
1 630 70 2 29 88 5736 15147 61 1 2 202 -9 29
1 630 70 2 29 88 5736 15147 53 3 2 202 -9 29
1 630 70 2 29 88 5736 15147 57 1 2 202 -9 29
1 630 70 2 29 88 5736 15147 55 2 2 202 -9 29
1 630 70 2 29 88 5736 15147 54 4 2 202 -9 29
1 630 70 2 29 88 5736 15147 71 1 1 202 -9 29
1 630 70 2 29 88 5736 15147 48 1 1 202 -9 29
1 630 70 2 29 88 5736 15147 49 1 1 202 -9 29
1 630 70 2 29 88 5736 15147 60 1 2 202 -9 29
1 630 70 2 29 88 5736 15147 49 1 2 202 -9 29
1 630 70 2 29 88 5736 15147 52 2 2 202 -9 29
1 630 70 2 29 88 5736 15147 51 2 2 202 -9 29
1 630 70 2 29 88 5736 15147 50 1 2 202 -9 29
1 610 60 3 26 88 5425 16218 93 1 3 202 -9 30
1 610 60 3 26 88 5425 16218 95 1 3 202 -9 30
1 610 60 3 26 88 5425 16218 81 1 3 202 -9 30
1 610 60 3 26 88 5425 16218 80 1 3 202 -9 30
1 610 60 3 26 88 5425 16218 47 2 3 202 -9 30
1 610 60 3 26 88 5425 16218 78 3 3 202 -9 30
1 610 60 3 26 88 5425 16218 37 1 3 202 -9 30
1 610 60 3 26 88 5425 16218 41 1 3 202 -9 30
1 610 60 3 26 88 5425 16218 77 1 3 202 -9 30
1 610 60 3 26 88 5425 16218 76 2 3 202 -9 30
1 610 60 3 26 88 5425 16218 75 1 3 202 -9 30
1 610 60 3 26 88 5425 16218 73 2 3 202 -9 30
1 610 60 3 26 88 5425 16218 72 1 3 202 -9 30
1 610 60 3 26 88 5425 16218 49 1 3 202 -9 30
1 610 60 3 26 88 5425 16218 50 1 3 202 -9 30
1 610 60 3 26 88 5425 16218 48 2 3 202 -9 30
1 610 60 3 26 88 5425 16218 69 1 3 202 -9 30
1 610 60 3 26 88 5425 16218 71 1 3 202 -9 30
1 610 60 3 26 88 5425 16218 54 1 3 202 -9 30
1 610 60 3 26 88 5425 16218 57 1 3 202 -9 30
1 610 60 3 26 88 5425 16218 67 1 3 202 -9 30
1 610 50 3 26 88 5423 16212 96 1 3 202 -9 31
1 610 50 3 26 88 5423 16212 82 3 3 202 -9 31
1 610 50 3 26 88 5423 16212 81 3 3 202 -9 31
1 610 50 3 26 88 5423 16212 78 2 3 202 -9 31
1 610 50 3 26 88 5423 16212 80 3 3 202 -9 31
1 610 50 3 26 88 5423 16212 79 2 3 202 -9 31
1 610 50 3 26 88 5423 16212 97 1 3 202 -9 31
1 610 50 3 26 88 5423 16212 77 1 3 202 -9 31
1 610 50 3 26 88 5423 16212 105 1 3 202 -9 31
1 610 50 3 26 88 5423 16212 85 3 3 202 -9 31
1 610 50 3 26 88 5423 16212 84 2 3 202 -9 31
1 610 50 3 26 88 5423 16212 70 2 3 202 -9 31
1 610 50 3 26 88 5423 16212 67 1 3 202 -9 31
1 610 50 3 26 88 5423 16212 68 3 3 202 -9 31
1 610 50 3 26 88 5423 16212 73 1 3 202 -9 31
1 610 50 3 26 88 5423 16212 31 1 3 202 -9 31
1 610 50 3 26 88 5423 16212 74 4 3 202 -9 31
1 610 50 3 26 88 5423 16212 69 2 3 202 -9 31
1 610 50 3 26 88 5423 16212 42 2 3 202 -9 31
1 610 50 3 26 88 5423 16212 40 2 3 202 -9 31
1 610 50 3 26 88 5423 16212 45 2 3 202 -9 31
1 610 50 3 26 88 5423 16212 47 2 3 202 -9 31
1 610 50 3 26 88 5423 16212 43 2 3 202 -9 31
1 610 50 3 26 88 5423 16212 52 2 3 202 -9 31
1 610 50 3 26 88 5423 16212 55 1 3 202 -9 31
1 610 50 3 26 88 5423 16212 51 2 3 202 -9 31
1 610 50 3 26 88 5423 16212 57 1 3 202 -9 31
1 610 50 3 26 88 5423 16212 58 1 3 202 -9 31
1 610 50 3 26 88 5423 16212 56 3 3 202 -9 31
1 610 50 3 26 88 5423 16212 62 1 3 202 -9 31
1 610 50 3 26 88 5423 16212 64 1 3 202 -9 31
1 610 50 3 26 88 5423 16212 60 2 3 202 -9 31
1 610 50 3 26 88 5423 16212 72 3 3 202 -9 31
1 610 50 3 26 88 5423 16212 66 2 3 202 -9 31
1 610 50 3 26 88 5423 16212 76 2 3 202 -9 31
1 610 50 3 26 88 5423 16212 75 3 3 202 -9 31
1 610 55 3 26 88 5423 16214 73 2 3 202 -9 32
1 610 55 3 26 88 5423 16214 100 1 3 202 -9 32
1 610 55 3 26 88 5423 16214 109 1 3 202 -9 32
1 610 55 3 26 88 5423 16214 43 1 3 202 -9 32
1 610 55 3 26 88 5423 16214 47 1 3 202 -9 32
1 610 55 3 26 88 5423 16214 84 1 3 202 -9 32
1 610 55 3 26 88 5423 16214 87 2 3 202 -9 32
1 610 55 3 26 88 5423 16214 74 2 3 202 -9 32
1 610 55 3 26 88 5423 16214 76 4 3 202 -9 32
1 610 55 3 26 88 5423 16214 66 3 3 202 -9 32
1 610 55 3 26 88 5423 16214 69 1 3 202 -9 32
1 610 55 3 26 88 5423 16214 67 4 3 202 -9 32
1 610 55 3 26 88 5423 16214 63 1 3 202 -9 32
1 610 55 3 26 88 5423 16214 65 2 3 202 -9 32
1 610 55 3 26 88 5423 16214 64 2 3 202 -9 32
1 610 55 3 26 88 5423 16214 51 4 3 202 -9 32
1 610 55 3 26 88 5423 16214 53 3 3 202 -9 32
1 610 55 3 26 88 5423 16214 52 2 3 202 -9 32
1 610 55 3 26 88 5423 16214 48 1 3 202 -9 32
1 610 55 3 26 88 5423 16214 50 4 3 202 -9 32
1 610 55 3 26 88 5423 16214 49 2 3 202 -9 32
1 610 55 3 26 88 5423 16214 83 1 3 202 -9 32
1 610 55 3 26 88 5423 16214 79 1 3 202 -9 32
1 610 55 3 26 88 5423 16214 41 1 3 202 -9 32
1 610 55 3 26 88 5423 16214 44 1 3 202 -9 32
1 610 55 3 26 88 5423 16214 55 4 3 202 -9 32
1 610 55 3 26 88 5423 16214 56 4 3 202 -9 32
1 610 55 3 26 88 5423 16214 57 5 3 202 -9 32
1 610 55 3 26 88 5423 16214 58 5 3 202 -9 32
1 610 55 3 26 88 5423 16214 59 4 3 202 -9 32
1 610 55 3 26 88 5423 16214 40 1 3 202 -9 32
1 610 55 3 26 88 5423 16214 61 1 3 202 -9 32
1 610 55 3 26 88 5423 16214 62 2 3 202 -9 32
1 610 55 3 26 88 5423 16214 60 3 3 202 -9 32
1 610 48 3 27 88 5423 16213 58 3 3 202 -9 33
1 610 48 3 27 88 5423 16213 73 2 3 202 -9 33
1 610 48 3 27 88 5423 16213 74 1 3 202 -9 33
1 610 48 3 27 88 5423 16213 75 3 3 202 -9 33
1 610 48 3 27 88 5423 16213 78 2 3 202 -9 33
1 610 48 3 27 88 5423 16213 79 3 3 202 -9 33
1 610 48 3 27 88 5423 16213 82 2 3 202 -9 33
1 610 48 3 27 88 5423 16213 84 2 3 202 -9 33
1 610 48 3 27 88 5423 16213 85 3 3 202 -9 33
1 610 48 3 27 88 5423 16213 89 1 3 202 -9 33
1 610 48 3 27 88 5423 16213 91 1 3 202 -9 33
1 610 48 3 27 88 5423 16213 71 2 3 202 -9 33
1 610 48 3 27 88 5423 16213 72 2 3 202 -9 33
1 610 48 3 27 88 5423 16213 64 1 3 202 -9 33
1 610 48 3 27 88 5423 16213 65 1 3 202 -9 33
1 610 48 3 27 88 5423 16213 61 2 3 202 -9 33
1 610 48 3 27 88 5423 16213 68 4 3 202 -9 33
1 610 48 3 27 88 5423 16213 49 3 3 202 -9 33
1 610 48 3 27 88 5423 16213 48 3 3 202 -9 33
1 610 48 3 27 88 5423 16213 46 2 3 202 -9 33
1 610 48 3 27 88 5423 16213 44 2 3 202 -9 33
1 610 48 3 27 88 5423 16213 40 1 3 202 -9 33
1 610 48 3 27 88 5423 16213 38 1 3 202 -9 33
1 610 48 3 27 88 5423 16213 37 1 3 202 -9 33
1 610 48 3 27 88 5423 16213 32 1 3 202 -9 33
1 610 48 3 27 88 5423 16213 60 3 3 202 -9 33
1 610 48 3 27 88 5423 16213 66 3 3 202 -9 33
1 610 48 3 27 88 5423 16213 56 2 3 202 -9 33
1 610 48 3 27 88 5423 16213 54 5 3 202 -9 33
1 610 48 3 27 88 5423 16213 97 1 3 202 -9 33
1 610 48 3 27 88 5423 16213 53 3 3 202 -9 33
1 610 48 3 27 88 5423 16213 105 1 3 202 -9 33
1 610 48 3 27 88 5423 16213 51 1 3 202 -9 33
1 610 48 3 27 88 5423 16213 69 3 3 202 -9 33
1 610 48 3 27 88 5423 16213 70 2 3 202 -9 33
1 610 50 3 27 88 5423 16212 53 3 3 202 -9 34
1 610 50 3 27 88 5423 16212 72 3 3 202 -9 34
1 610 50 3 27 88 5423 16212 74 1 3 202 -9 34
1 610 50 3 27 88 5423 16212 69 1 3 202 -9 34
1 610 50 3 27 88 5423 16212 88 1 3 202 -9 34
1 610 50 3 27 88 5423 16212 86 1 3 202 -9 34
1 610 50 3 27 88 5423 16212 85 1 3 202 -9 34
1 610 50 3 27 88 5423 16212 84 2 3 202 -9 34
1 610 50 3 27 88 5423 16212 83 1 3 202 -9 34
1 610 50 3 27 88 5423 16212 80 1 3 202 -9 34
1 610 50 3 27 88 5423 16212 79 2 3 202 -9 34
1 610 50 3 27 88 5423 16212 78 2 3 202 -9 34
1 610 50 3 27 88 5423 16212 62 2 3 202 -9 34
1 610 50 3 27 88 5423 16212 63 1 3 202 -9 34
1 610 50 3 27 88 5423 16212 60 1 3 202 -9 34
1 610 50 3 27 88 5423 16212 59 1 3 202 -9 34
1 610 50 3 27 88 5423 16212 58 4 3 202 -9 34
1 610 50 3 27 88 5423 16212 57 2 3 202 -9 34
1 610 50 3 27 88 5423 16212 77 3 3 202 -9 34
1 610 50 3 27 88 5423 16212 76 3 3 202 -9 34
1 610 50 3 27 88 5423 16212 75 2 3 202 -9 34
1 610 50 3 27 88 5423 16212 71 1 3 202 -9 34
1 610 50 3 27 88 5423 16212 70 1 3 202 -9 34
1 610 50 3 27 88 5423 16212 61 1 3 202 -9 34
1 610 50 3 27 88 5423 16212 68 2 3 202 -9 34
1 610 50 3 27 88 5423 16212 66 2 3 202 -9 34
1 610 50 3 27 88 5423 16212 64 3 3 202 -9 34
1 610 50 3 27 88 5423 16212 55 3 3 202 -9 34
1 610 50 3 27 88 5423 16212 56 3 3 202 -9 34
1 610 50 3 27 88 5423 16212 31 1 3 202 -9 34
1 610 50 3 27 88 5423 16212 43 2 3 202 -9 34
1 610 50 3 27 88 5423 16212 44 1 3 202 -9 34
1 610 50 3 27 88 5423 16212 46 3 3 202 -9 34
1 610 50 3 27 88 5423 16212 48 1 3 202 -9 34
1 610 50 3 27 88 5423 16212 50 3 3 202 -9 34
1 610 50 3 27 88 5423 16212 51 1 3 202 -9 34
1 610 50 3 27 88 5423 16212 52 1 3 202 -9 34
1 610 61 3 27 88 5423 16223 100 1 3 202 -9 35
1 610 61 3 27 88 5423 16223 64 2 3 202 -9 35
1 610 61 3 27 88 5423 16223 62 3 3 202 -9 35
1 610 61 3 27 88 5423 16223 61 1 3 202 -9 35
1 610 61 3 27 88 5423 16223 60 1 3 202 -9 35
1 610 61 3 27 88 5423 16223 59 2 3 202 -9 35
1 610 61 3 27 88 5423 16223 58 1 3 202 -9 35
1 610 61 3 27 88 5423 16223 70 5 3 202 -9 35
1 610 61 3 27 88 5423 16223 83 1 3 202 -9 35
1 610 61 3 27 88 5423 16223 84 1 3 202 -9 35
1 610 61 3 27 88 5423 16223 74 2 3 202 -9 35
1 610 61 3 27 88 5423 16223 75 3 3 202 -9 35
1 610 61 3 27 88 5423 16223 73 3 3 202 -9 35
1 610 61 3 27 88 5423 16223 77 3 3 202 -9 35
1 610 61 3 27 88 5423 16223 78 2 3 202 -9 35
1 610 61 3 27 88 5423 16223 76 1 3 202 -9 35
1 610 61 3 27 88 5423 16223 72 3 3 202 -9 35
1 610 61 3 27 88 5423 16223 71 1 3 202 -9 35
1 610 61 3 27 88 5423 16223 85 1 3 202 -9 35
1 610 61 3 27 88 5423 16223 86 1 3 202 -9 35
1 610 61 3 27 88 5423 16223 54 1 3 202 -9 35
1 610 61 3 27 88 5423 16223 53 2 3 202 -9 35
1 610 61 3 27 88 5423 16223 79 1 3 202 -9 35
1 610 61 3 27 88 5423 16223 51 1 3 202 -9 35
1 610 61 3 27 88 5423 16223 50 1 3 202 -9 35
1 610 61 3 27 88 5423 16223 52 2 3 202 -9 35
1 610 61 3 27 88 5423 16223 69 1 3 202 -9 35
1 610 61 3 27 88 5423 16223 68 1 3 202 -9 35
1 610 61 3 27 88 5423 16223 87 1 3 202 -9 35
1 610 61 3 27 88 5423 16223 29 1 3 202 -9 35
1 610 61 3 27 88 5423 16223 39 1 3 202 -9 35
1 610 61 3 27 88 5423 16223 42 1 3 202 -9 35
1 610 61 3 27 88 5423 16223 43 1 3 202 -9 35
1 610 61 3 27 88 5423 16223 48 1 3 202 -9 35
1 610 61 3 27 88 5423 16223 80 2 3 202 -9 35
1 610 61 3 27 88 5423 16223 81 2 3 202 -9 35
1 610 61 3 27 88 5423 16223 82 1 3 202 -9 35
1 610 61 3 27 88 5423 16223 49 2 3 202 -9 35
1 610 61 3 27 88 5423 16223 99 1 3 202 -9 35
1 610 61 3 27 88 5423 16223 65 6 3 202 -9 35
1 610 61 3 27 88 5423 16223 88 1 3 202 -9 35
1 610 61 3 27 88 5423 16223 101 1 3 202 -9 35
1 610 61 3 27 88 5423 16223 98 1 3 202 -9 35
1 610 61 3 27 88 5423 16223 67 3 3 202 -9 35
1 610 61 3 27 88 5423 16223 90 1 3 202 -9 35
1 610 41 3 28 88 5423 16212 96 1 3 202 -9 36
1 610 41 3 28 88 5423 16212 80 4 3 202 -9 36
1 610 41 3 28 88 5423 16212 32 1 3 202 -9 36
1 610 41 3 28 88 5423 16212 35 1 3 202 -9 36
1 610 41 3 28 88 5423 16212 49 2 3 202 -9 36
1 610 41 3 28 88 5423 16212 93 1 3 202 -9 36
1 610 41 3 28 88 5423 16212 50 4 3 202 -9 36
1 610 41 3 28 88 5423 16212 58 4 3 202 -9 36
1 610 41 3 28 88 5423 16212 87 2 3 202 -9 36
1 610 41 3 28 88 5423 16212 59 2 3 202 -9 36
1 610 41 3 28 88 5423 16212 54 1 3 202 -9 36
1 610 41 3 28 88 5423 16212 57 1 3 202 -9 36
1 610 41 3 28 88 5423 16212 56 1 3 202 -9 36
1 610 41 3 28 88 5423 16212 51 1 3 202 -9 36
1 610 41 3 28 88 5423 16212 53 2 3 202 -9 36
1 610 41 3 28 88 5423 16212 52 2 3 202 -9 36
1 610 41 3 28 88 5423 16212 46 2 3 202 -9 36
1 610 41 3 28 88 5423 16212 48 1 3 202 -9 36
1 610 41 3 28 88 5423 16212 47 1 3 202 -9 36
1 610 41 3 28 88 5423 16212 37 1 3 202 -9 36
1 610 41 3 28 88 5423 16212 45 3 3 202 -9 36
1 610 41 3 28 88 5423 16212 44 3 3 202 -9 36
1 610 41 3 28 88 5423 16212 81 4 3 202 -9 36
1 610 41 3 28 88 5423 16212 84 2 3 202 -9 36
1 610 41 3 28 88 5423 16212 82 2 3 202 -9 36
1 610 41 3 28 88 5423 16212 79 2 3 202 -9 36
1 610 41 3 28 88 5423 16212 78 1 3 202 -9 36
1 610 41 3 28 88 5423 16212 77 1 3 202 -9 36
1 610 41 3 28 88 5423 16212 76 2 3 202 -9 36
1 610 41 3 28 88 5423 16212 74 1 3 202 -9 36
1 610 41 3 28 88 5423 16212 73 2 3 202 -9 36
1 610 41 3 28 88 5423 16212 72 3 3 202 -9 36
1 610 41 3 28 88 5423 16212 70 4 3 202 -9 36
1 610 41 3 28 88 5423 16212 69 2 3 202 -9 36
1 610 41 3 28 88 5423 16212 68 2 3 202 -9 36
1 610 41 3 28 88 5423 16212 67 1 3 202 -9 36
1 610 41 3 28 88 5423 16212 66 1 3 202 -9 36
1 610 41 3 28 88 5423 16212 65 2 3 202 -9 36
1 610 41 3 28 88 5423 16212 64 2 3 202 -9 36
1 610 41 3 28 88 5423 16212 62 1 3 202 -9 36
1 610 41 3 28 88 5423 16212 61 2 3 202 -9 36
1 610 41 3 28 88 5423 16212 60 3 3 202 -9 36
1 610 35 3 28 88 5423 16213 72 2 3 202 -9 37
1 610 35 3 28 88 5423 16213 73 3 3 202 -9 37
1 610 35 3 28 88 5423 16213 74 1 3 202 -9 37
1 610 35 3 28 88 5423 16213 75 2 3 202 -9 37
1 610 35 3 28 88 5423 16213 76 1 3 202 -9 37
1 610 35 3 28 88 5423 16213 71 5 3 202 -9 37
1 610 35 3 28 88 5423 16213 69 2 3 202 -9 37
1 610 35 3 28 88 5423 16213 70 3 3 202 -9 37
1 610 35 3 28 88 5423 16213 79 1 3 202 -9 37
1 610 35 3 28 88 5423 16213 28 1 3 202 -9 37
1 610 35 3 28 88 5423 16213 34 1 3 202 -9 37
1 610 35 3 28 88 5423 16213 51 1 3 202 -9 37
1 610 35 3 28 88 5423 16213 53 3 3 202 -9 37
1 610 35 3 28 88 5423 16213 35 1 3 202 -9 37
1 610 35 3 28 88 5423 16213 68 1 3 202 -9 37
1 610 35 3 28 88 5423 16213 67 1 3 202 -9 37
1 610 35 3 28 88 5423 16213 66 6 3 202 -9 37
1 610 35 3 28 88 5423 16213 65 2 3 202 -9 37
1 610 35 3 28 88 5423 16213 64 2 3 202 -9 37
1 610 35 3 28 88 5423 16213 63 2 3 202 -9 37
1 610 35 3 28 88 5423 16213 62 3 3 202 -9 37
1 610 35 3 28 88 5423 16213 49 1 3 202 -9 37
1 610 35 3 28 88 5423 16213 48 3 3 202 -9 37
1 610 35 3 28 88 5423 16213 47 1 3 202 -9 37
1 610 35 3 28 88 5423 16213 45 4 3 202 -9 37
1 610 35 3 28 88 5423 16213 44 2 3 202 -9 37
1 610 35 3 28 88 5423 16213 42 1 3 202 -9 37
1 610 35 3 28 88 5423 16213 38 2 3 202 -9 37
1 610 35 3 28 88 5423 16213 78 6 3 202 -9 37
1 610 35 3 28 88 5423 16213 77 1 3 202 -9 37
1 610 35 3 28 88 5423 16213 54 3 3 202 -9 37
1 610 35 3 28 88 5423 16213 80 1 3 202 -9 37
1 610 35 3 28 88 5423 16213 55 4 3 202 -9 37
1 610 35 3 28 88 5423 16213 56 2 3 202 -9 37
1 610 35 3 28 88 5423 16213 57 1 3 202 -9 37
1 610 35 3 28 88 5423 16213 58 1 3 202 -9 37
1 610 35 3 28 88 5423 16213 59 1 3 202 -9 37
1 610 35 3 28 88 5423 16213 61 1 3 202 -9 37
1 610 35 3 28 88 5423 16213 83 1 3 202 -9 37
1 610 35 3 28 88 5423 16213 88 1 3 202 -9 37
1 610 35 3 28 88 5423 16213 93 1 3 202 -9 37
1 610 35 3 28 88 5423 16213 102 1 3 202 -9 37
1 610 35 3 28 88 5423 16213 82 2 3 202 -9 37
1 610 35 3 28 88 5423 16213 90 1 3 202 -9 37
1 610 35 3 28 88 5423 16213 87 1 3 202 -9 37
1 610 60 3 29 88 5426 16224 68 2 3 202 -9 38
1 610 60 3 29 88 5426 16224 49 1 3 202 -9 38
1 610 60 3 29 88 5426 16224 71 1 3 202 -9 38
1 610 60 3 29 88 5426 16224 89 1 3 202 -9 38
1 610 60 3 29 88 5426 16224 90 1 3 202 -9 38
1 610 60 3 29 88 5426 16224 88 1 3 202 -9 38
1 610 60 3 29 88 5426 16224 48 1 3 202 -9 38
1 610 60 3 29 88 5426 16224 43 1 3 202 -9 38
1 610 60 3 29 88 5426 16224 79 2 3 202 -9 38
1 610 60 3 29 88 5426 16224 78 1 3 202 -9 38
1 610 60 3 29 88 5426 16224 77 1 3 202 -9 38
1 610 60 3 29 88 5426 16224 76 4 3 202 -9 38
1 610 60 3 29 88 5426 16224 75 2 3 202 -9 38
1 610 60 3 29 88 5426 16224 74 1 3 202 -9 38
1 610 60 3 29 88 5426 16224 72 5 3 202 -9 38
1 610 60 3 29 88 5426 16224 73 4 3 202 -9 38
1 610 60 3 29 88 5426 16224 53 1 3 202 -9 38
1 610 60 3 29 88 5426 16224 54 1 3 202 -9 38
1 610 60 3 29 88 5426 16224 55 1 3 202 -9 38
1 610 60 3 29 88 5426 16224 57 1 3 202 -9 38
1 610 60 3 29 88 5426 16224 60 2 3 202 -9 38
1 610 60 3 29 88 5426 16224 61 1 3 202 -9 38
1 610 60 3 29 88 5426 16224 63 2 3 202 -9 38
1 610 60 3 29 88 5426 16224 91 1 3 202 -9 38
1 610 60 3 29 88 5426 16224 93 1 3 202 -9 38
1 610 60 3 29 88 5426 16224 98 1 3 202 -9 38
1 610 60 3 29 88 5426 16224 99 1 3 202 -9 38
1 610 60 3 29 88 5426 16224 100 1 3 202 -9 38
1 610 60 3 29 88 5426 16224 103 1 3 202 -9 38
1 610 60 3 29 88 5426 16224 110 1 3 202 -9 38
1 610 60 3 29 88 5426 16224 86 1 3 202 -9 38
1 610 60 3 29 88 5426 16224 85 1 3 202 -9 38
1 610 60 3 29 88 5426 16224 84 3 3 202 -9 38
1 610 60 3 29 88 5426 16224 82 2 3 202 -9 38
1 610 60 3 29 88 5426 16224 81 5 3 202 -9 38
1 610 60 3 29 88 5426 16224 80 1 3 202 -9 38
1 610 60 3 29 88 5426 16224 67 4 3 202 -9 38
1 610 60 3 29 88 5426 16224 65 2 3 202 -9 38
1 610 60 3 29 88 5426 16224 66 1 3 202 -9 38
1 610 54 3 30 88 5423 16214 79 2 3 202 -9 39
1 610 54 3 30 88 5423 16214 80 1 3 202 -9 39
1 610 54 3 30 88 5423 16214 81 1 3 202 -9 39
1 610 54 3 30 88 5423 16214 74 2 3 202 -9 39
1 610 54 3 30 88 5423 16214 72 2 3 202 -9 39
1 610 54 3 30 88 5423 16214 82 1 3 202 -9 39
1 610 54 3 30 88 5423 16214 71 2 3 202 -9 39
1 610 54 3 30 88 5423 16214 98 1 3 202 -9 39
1 610 54 3 30 88 5423 16214 100 1 3 202 -9 39
1 610 54 3 30 88 5423 16214 102 1 3 202 -9 39
1 610 54 3 30 88 5423 16214 103 1 3 202 -9 39
1 610 54 3 30 88 5423 16214 45 1 3 202 -9 39
1 610 54 3 30 88 5423 16214 43 2 3 202 -9 39
1 610 54 3 30 88 5423 16214 44 1 3 202 -9 39
1 610 54 3 30 88 5423 16214 62 1 3 202 -9 39
1 610 54 3 30 88 5423 16214 61 2 3 202 -9 39
1 610 54 3 30 88 5423 16214 60 1 3 202 -9 39
1 610 54 3 30 88 5423 16214 59 2 3 202 -9 39
1 610 54 3 30 88 5423 16214 58 2 3 202 -9 39
1 610 54 3 30 88 5423 16214 55 2 3 202 -9 39
1 610 54 3 30 88 5423 16214 54 3 3 202 -9 39
1 610 54 3 30 88 5423 16214 53 1 3 202 -9 39
1 610 54 3 30 88 5423 16214 52 1 3 202 -9 39
1 610 54 3 30 88 5423 16214 51 1 3 202 -9 39
1 610 54 3 30 88 5423 16214 50 2 3 202 -9 39
1 610 54 3 30 88 5423 16214 47 1 3 202 -9 39
1 610 54 3 30 88 5423 16214 84 1 3 202 -9 39
1 610 54 3 30 88 5423 16214 85 1 3 202 -9 39
1 610 54 3 30 88 5423 16214 66 3 3 202 -9 39
1 610 54 3 30 88 5423 16214 70 2 3 202 -9 39
1 610 54 3 30 88 5423 16214 36 1 3 202 -9 39
1 610 55 3 30 88 5425 16221 44 1 3 202 -9 40
1 610 55 3 30 88 5425 16221 65 3 3 202 -9 40
1 610 55 3 30 88 5425 16221 64 1 3 202 -9 40
1 610 55 3 30 88 5425 16221 63 2 3 202 -9 40
1 610 55 3 30 88 5425 16221 61 2 3 202 -9 40
1 610 55 3 30 88 5425 16221 60 3 3 202 -9 40
1 610 55 3 30 88 5425 16221 59 1 3 202 -9 40
1 610 55 3 30 88 5425 16221 58 1 3 202 -9 40
1 610 55 3 30 88 5425 16221 104 1 3 202 -9 40
1 610 55 3 30 88 5425 16221 67 1 3 202 -9 40
1 610 55 3 30 88 5425 16221 68 2 3 202 -9 40
1 610 55 3 30 88 5425 16221 36 1 3 202 -9 40
1 610 55 3 30 88 5425 16221 39 1 3 202 -9 40
1 610 55 3 30 88 5425 16221 40 1 3 202 -9 40
1 610 55 3 30 88 5425 16221 43 1 3 202 -9 40
1 610 55 3 30 88 5425 16221 70 3 3 202 -9 40
1 610 55 3 30 88 5425 16221 45 1 3 202 -9 40
1 610 55 3 30 88 5425 16221 46 1 3 202 -9 40
1 610 55 3 30 88 5425 16221 100 1 3 202 -9 40
1 610 55 3 30 88 5425 16221 99 1 3 202 -9 40
1 610 55 3 30 88 5425 16221 93 1 3 202 -9 40
1 610 55 3 30 88 5425 16221 91 1 3 202 -9 40
1 610 55 3 30 88 5425 16221 47 2 3 202 -9 40
1 610 55 3 30 88 5425 16221 48 1 3 202 -9 40
1 610 55 3 30 88 5425 16221 49 1 3 202 -9 40
1 610 55 3 30 88 5425 16221 50 1 3 202 -9 40
1 610 55 3 30 88 5425 16221 51 2 3 202 -9 40
1 610 55 3 30 88 5425 16221 53 2 3 202 -9 40
1 610 55 3 30 88 5425 16221 54 5 3 202 -9 40
1 610 55 3 30 88 5425 16221 69 2 3 202 -9 40
1 610 55 3 30 88 5425 16221 55 1 3 202 -9 40
1 610 55 3 30 88 5425 16221 56 2 3 202 -9 40
1 610 55 3 30 88 5425 16221 66 1 3 202 -9 40
1 610 55 3 30 88 5425 16221 90 1 3 202 -9 40
1 610 55 3 30 88 5425 16221 87 1 3 202 -9 40
1 610 55 3 30 88 5425 16221 85 1 3 202 -9 40
1 610 55 3 30 88 5425 16221 84 4 3 202 -9 40
1 610 55 3 30 88 5425 16221 83 2 3 202 -9 40
1 610 55 3 30 88 5425 16221 82 1 3 202 -9 40
1 610 55 3 30 88 5425 16221 81 1 3 202 -9 40
1 610 55 3 30 88 5425 16221 80 1 3 202 -9 40
1 610 55 3 30 88 5425 16221 79 4 3 202 -9 40
1 610 55 3 30 88 5425 16221 78 5 3 202 -9 40
1 610 55 3 30 88 5425 16221 77 3 3 202 -9 40
1 610 55 3 30 88 5425 16221 76 1 3 202 -9 40
1 610 55 3 30 88 5425 16221 75 2 3 202 -9 40
1 610 55 3 30 88 5425 16221 73 4 3 202 -9 40
1 610 55 3 30 88 5425 16221 71 3 3 202 -9 40
1 610 48 3 31 88 5423 16212 85 1 3 202 -9 41
1 610 48 3 31 88 5423 16212 52 2 3 202 -9 41
1 610 48 3 31 88 5423 16212 103 1 3 202 -9 41
1 610 48 3 31 88 5423 16212 92 1 3 202 -9 41
1 610 48 3 31 88 5423 16212 91 1 3 202 -9 41
1 610 48 3 31 88 5423 16212 88 1 3 202 -9 41
1 610 48 3 31 88 5423 16212 86 1 3 202 -9 41
1 610 48 3 31 88 5423 16212 84 3 3 202 -9 41
1 610 48 3 31 88 5423 16212 83 1 3 202 -9 41
1 610 48 3 31 88 5423 16212 81 4 3 202 -9 41
1 610 48 3 31 88 5423 16212 80 2 3 202 -9 41
1 610 48 3 31 88 5423 16212 79 1 3 202 -9 41
1 610 48 3 31 88 5423 16212 78 2 3 202 -9 41
1 610 48 3 31 88 5423 16212 77 1 3 202 -9 41
1 610 48 3 31 88 5423 16212 43 1 3 202 -9 41
1 610 48 3 31 88 5423 16212 46 2 3 202 -9 41
1 610 48 3 31 88 5423 16212 50 2 3 202 -9 41
1 610 48 3 31 88 5423 16212 51 1 3 202 -9 41
1 610 48 3 31 88 5423 16212 65 3 3 202 -9 41
1 610 48 3 31 88 5423 16212 54 1 3 202 -9 41
1 610 48 3 31 88 5423 16212 55 1 3 202 -9 41
1 610 48 3 31 88 5423 16212 56 1 3 202 -9 41
1 610 48 3 31 88 5423 16212 58 1 3 202 -9 41
1 610 48 3 31 88 5423 16212 76 5 3 202 -9 41
1 610 48 3 31 88 5423 16212 75 1 3 202 -9 41
1 610 48 3 31 88 5423 16212 74 5 3 202 -9 41
1 610 48 3 31 88 5423 16212 72 3 3 202 -9 41
1 610 48 3 31 88 5423 16212 71 4 3 202 -9 41
1 610 48 3 31 88 5423 16212 70 2 3 202 -9 41
1 610 48 3 31 88 5423 16212 68 2 3 202 -9 41
1 610 48 3 31 88 5423 16212 66 4 3 202 -9 41
1 610 48 3 31 88 5423 16212 59 2 3 202 -9 41
1 610 48 3 31 88 5423 16212 61 3 3 202 -9 41
1 610 48 3 31 88 5423 16212 62 2 3 202 -9 41
1 610 48 3 31 88 5423 16212 64 2 3 202 -9 41
1 610 50 3 31 88 5423 16212 50 2 3 202 -9 42
1 610 50 3 31 88 5423 16212 46 1 3 202 -9 42
1 610 50 3 31 88 5423 16212 88 1 3 202 -9 42
1 610 50 3 31 88 5423 16212 91 1 3 202 -9 42
1 610 50 3 31 88 5423 16212 102 1 3 202 -9 42
1 610 50 3 31 88 5423 16212 108 1 3 202 -9 42
1 610 50 3 31 88 5423 16212 64 2 3 202 -9 42
1 610 50 3 31 88 5423 16212 87 1 3 202 -9 42
1 610 50 3 31 88 5423 16212 84 1 3 202 -9 42
1 610 50 3 31 88 5423 16212 83 1 3 202 -9 42
1 610 50 3 31 88 5423 16212 82 1 3 202 -9 42
1 610 50 3 31 88 5423 16212 79 1 3 202 -9 42
1 610 50 3 31 88 5423 16212 77 1 3 202 -9 42
1 610 50 3 31 88 5423 16212 76 2 3 202 -9 42
1 610 50 3 31 88 5423 16212 75 2 3 202 -9 42
1 610 50 3 31 88 5423 16212 72 1 3 202 -9 42
1 610 50 3 31 88 5423 16212 73 3 3 202 -9 42
1 610 50 3 31 88 5423 16212 52 2 3 202 -9 42
1 610 50 3 31 88 5423 16212 53 3 3 202 -9 42
1 610 50 3 31 88 5423 16212 55 2 3 202 -9 42
1 610 50 3 31 88 5423 16212 56 3 3 202 -9 42
1 610 50 3 31 88 5423 16212 60 3 3 202 -9 42
1 610 50 3 31 88 5423 16212 61 1 3 202 -9 42
1 610 50 3 31 88 5423 16212 62 1 3 202 -9 42
1 610 50 3 31 88 5423 16212 63 1 3 202 -9 42
1 610 50 3 31 88 5423 16212 41 1 3 202 -9 42
1 610 50 3 31 88 5423 16212 49 3 3 202 -9 42
1 610 50 3 31 88 5423 16212 66 1 3 202 -9 42
1 610 50 3 31 88 5423 16212 45 2 3 202 -9 42
1 610 50 3 31 88 5423 16212 71 1 3 202 -9 42
1 610 50 3 31 88 5423 16212 69 2 3 202 -9 42
1 610 50 3 31 88 5423 16212 42 1 3 202 -9 42
1 610 50 3 31 88 5423 16212 67 3 3 202 -9 42
1 610 50 3 31 88 5423 16212 44 2 3 202 -9 42
1 610 50 3 31 88 5423 16212 70 2 3 202 -9 42
1 610 58 4 1 88 5423 16212 51 1 3 202 -9 43
1 610 58 4 1 88 5423 16212 49 1 3 202 -9 43
1 610 58 4 1 88 5423 16212 50 2 3 202 -9 43
1 610 58 4 1 88 5423 16212 55 2 3 202 -9 43
1 610 58 4 1 88 5423 16212 52 4 3 202 -9 43
1 610 58 4 1 88 5423 16212 53 2 3 202 -9 43
1 610 58 4 1 88 5423 16212 56 2 3 202 -9 43
1 610 58 4 1 88 5423 16212 57 1 3 202 -9 43
1 610 58 4 1 88 5423 16212 58 2 3 202 -9 43
1 610 58 4 1 88 5423 16212 59 3 3 202 -9 43
1 610 58 4 1 88 5423 16212 60 3 3 202 -9 43
1 610 58 4 1 88 5423 16212 62 1 3 202 -9 43
1 610 58 4 1 88 5423 16212 63 2 3 202 -9 43
1 610 58 4 1 88 5423 16212 65 3 3 202 -9 43
1 610 58 4 1 88 5423 16212 66 2 3 202 -9 43
1 610 58 4 1 88 5423 16212 110 1 3 202 -9 43
1 610 58 4 1 88 5423 16212 54 2 3 202 -9 43
1 610 58 4 1 88 5423 16212 89 1 3 202 -9 43
1 610 58 4 1 88 5423 16212 47 4 3 202 -9 43
1 610 58 4 1 88 5423 16212 32 1 3 202 -9 43
1 610 58 4 1 88 5423 16212 33 1 3 202 -9 43
1 610 58 4 1 88 5423 16212 34 1 3 202 -9 43
1 610 58 4 1 88 5423 16212 92 1 3 202 -9 43
1 610 58 4 1 88 5423 16212 68 4 3 202 -9 43
1 610 58 4 1 88 5423 16212 69 3 3 202 -9 43
1 610 58 4 1 88 5423 16212 70 5 3 202 -9 43
1 610 58 4 1 88 5423 16212 71 4 3 202 -9 43
1 610 58 4 1 88 5423 16212 73 3 3 202 -9 43
1 610 58 4 1 88 5423 16212 74 2 3 202 -9 43
1 610 58 4 1 88 5423 16212 75 4 3 202 -9 43
1 610 58 4 1 88 5423 16212 76 1 3 202 -9 43
1 610 58 4 1 88 5423 16212 85 1 3 202 -9 43
1 610 58 4 1 88 5423 16212 86 2 3 202 -9 43
1 610 58 4 1 88 5423 16212 41 2 3 202 -9 43
1 610 58 4 1 88 5423 16212 37 1 3 202 -9 43
1 610 58 4 1 88 5423 16212 48 3 3 202 -9 43
1 610 58 4 1 88 5423 16212 44 2 3 202 -9 43
1 610 58 4 1 88 5423 16212 46 2 3 202 -9 43
1 610 58 4 1 88 5423 16212 83 1 3 202 -9 43
1 610 58 4 1 88 5423 16212 90 2 3 202 -9 43
1 610 58 4 1 88 5423 16212 45 3 3 202 -9 43
1 610 58 4 1 88 5423 16212 87 1 3 202 -9 43
1 610 58 4 1 88 5423 16212 31 1 3 202 -9 43
1 610 58 4 1 88 5423 16212 36 1 3 202 -9 43
1 610 58 4 1 88 5423 16212 79 3 3 202 -9 43
1 610 58 4 1 88 5423 16212 82 1 3 202 -9 43
1 610 58 4 1 88 5423 16212 81 1 3 202 -9 43
1 610 58 4 1 88 5423 16212 80 2 3 202 -9 43
1 610 58 4 1 88 5423 16212 78 2 3 202 -9 43
1 610 46 4 1 88 5426 16224 70 2 3 202 -9 44
1 610 46 4 1 88 5426 16224 82 1 3 202 -9 44
1 610 46 4 1 88 5426 16224 58 2 3 202 -9 44
1 610 46 4 1 88 5426 16224 59 3 3 202 -9 44
1 610 46 4 1 88 5426 16224 60 1 3 202 -9 44
1 610 46 4 1 88 5426 16224 61 1 3 202 -9 44
1 610 46 4 1 88 5426 16224 83 1 3 202 -9 44
1 610 46 4 1 88 5426 16224 53 1 3 202 -9 44
1 610 46 4 1 88 5426 16224 47 1 3 202 -9 44
1 610 46 4 1 88 5426 16224 87 2 3 202 -9 44
1 610 46 4 1 88 5426 16224 88 2 3 202 -9 44
1 610 46 4 1 88 5426 16224 90 1 3 202 -9 44
1 610 46 4 1 88 5426 16224 92 1 3 202 -9 44
1 610 46 4 1 88 5426 16224 107 1 3 202 -9 44
1 610 46 4 1 88 5426 16224 69 2 3 202 -9 44
1 610 46 4 1 88 5426 16224 78 2 3 202 -9 44
1 610 46 4 1 88 5426 16224 85 1 3 202 -9 44
1 610 46 4 1 88 5426 16224 54 1 3 202 -9 44
1 610 46 4 1 88 5426 16224 75 1 3 202 -9 44
1 610 46 4 1 88 5426 16224 74 5 3 202 -9 44
1 610 46 4 1 88 5426 16224 76 3 3 202 -9 44
1 610 46 4 1 88 5426 16224 72 4 3 202 -9 44
1 610 46 4 1 88 5426 16224 71 2 3 202 -9 44
1 610 46 4 1 88 5426 16224 73 2 3 202 -9 44
1 610 46 4 1 88 5426 16224 67 1 3 202 -9 44
1 610 46 4 1 88 5426 16224 65 1 3 202 -9 44
1 610 46 4 1 88 5426 16224 68 1 3 202 -9 44
1 610 46 4 1 88 5426 16224 77 4 3 202 -9 44
1 610 46 4 1 88 5426 16224 64 2 3 202 -9 44
1 610 46 4 1 88 5426 16224 63 1 3 202 -9 44
1 610 46 4 1 88 5426 16224 62 1 3 202 -9 44
1 610 46 4 1 88 5426 16224 55 2 3 202 -9 44
1 610 46 4 1 88 5426 16224 57 1 3 202 -9 44
1 610 46 4 1 88 5426 16224 56 1 3 202 -9 44
1 610 45 4 2 88 5424 16211 80 2 3 202 -9 45
1 610 45 4 2 88 5424 16211 77 3 3 202 -9 45
1 610 45 4 2 88 5424 16211 63 2 3 202 -9 45
1 610 45 4 2 88 5424 16211 64 5 3 202 -9 45
1 610 45 4 2 88 5424 16211 81 2 3 202 -9 45
1 610 45 4 2 88 5424 16211 79 1 3 202 -9 45
1 610 45 4 2 88 5424 16211 78 1 3 202 -9 45
1 610 45 4 2 88 5424 16211 75 2 3 202 -9 45
1 610 45 4 2 88 5424 16211 76 2 3 202 -9 45
1 610 45 4 2 88 5424 16211 82 1 3 202 -9 45
1 610 45 4 2 88 5424 16211 85 1 3 202 -9 45
1 610 45 4 2 88 5424 16211 87 1 3 202 -9 45
1 610 45 4 2 88 5424 16211 65 7 3 202 -9 45
1 610 45 4 2 88 5424 16211 74 2 3 202 -9 45
1 610 45 4 2 88 5424 16211 88 1 3 202 -9 45
1 610 45 4 2 88 5424 16211 98 1 3 202 -9 45
1 610 45 4 2 88 5424 16211 91 1 3 202 -9 45
1 610 45 4 2 88 5424 16211 94 1 3 202 -9 45
1 610 45 4 2 88 5424 16211 67 4 3 202 -9 45
1 610 45 4 2 88 5424 16211 100 1 3 202 -9 45
1 610 45 4 2 88 5424 16211 86 1 3 202 -9 45
1 610 45 4 2 88 5424 16211 68 5 3 202 -9 45
1 610 45 4 2 88 5424 16211 69 3 3 202 -9 45
1 610 45 4 2 88 5424 16211 61 4 3 202 -9 45
1 610 45 4 2 88 5424 16211 62 1 3 202 -9 45
1 610 45 4 2 88 5424 16211 73 6 3 202 -9 45
1 610 45 4 2 88 5424 16211 72 3 3 202 -9 45
1 610 45 4 2 88 5424 16211 71 3 3 202 -9 45
1 610 45 4 2 88 5424 16211 70 6 3 202 -9 45
1 610 45 4 2 88 5424 16211 66 3 3 202 -9 45
1 610 45 4 2 88 5424 16211 101 1 3 202 -9 45
1 610 45 4 2 88 5424 16211 90 1 3 202 -9 45
1 610 45 4 2 88 5424 16211 37 1 3 202 -9 45
1 610 45 4 2 88 5424 16211 53 2 3 202 -9 45
1 610 45 4 2 88 5424 16211 40 1 3 202 -9 45
1 610 45 4 2 88 5424 16211 46 2 3 202 -9 45
1 610 45 4 2 88 5424 16211 47 1 3 202 -9 45
1 610 45 4 2 88 5424 16211 51 2 3 202 -9 45
1 610 45 4 2 88 5424 16211 52 4 3 202 -9 45
1 610 45 4 2 88 5424 16211 60 1 3 202 -9 45
1 610 45 4 2 88 5424 16211 54 3 3 202 -9 45
1 610 45 4 2 88 5424 16211 55 1 3 202 -9 45
1 610 45 4 2 88 5424 16211 56 3 3 202 -9 45
1 610 45 4 2 88 5424 16211 57 2 3 202 -9 45
1 610 45 4 2 88 5424 16211 58 1 3 202 -9 45
1 610 56 4 2 88 5422 16158 49 1 3 202 -9 46
1 610 56 4 2 88 5422 16158 63 1 3 202 -9 46
1 610 56 4 2 88 5422 16158 60 4 3 202 -9 46
1 610 56 4 2 88 5422 16158 59 1 3 202 -9 46
1 610 56 4 2 88 5422 16158 55 3 3 202 -9 46
1 610 56 4 2 88 5422 16158 75 1 3 202 -9 46
1 610 56 4 2 88 5422 16158 51 2 3 202 -9 46
1 610 56 4 2 88 5422 16158 77 1 3 202 -9 46
1 610 56 4 2 88 5422 16158 78 2 3 202 -9 46
1 610 56 4 2 88 5422 16158 79 2 3 202 -9 46
1 610 56 4 2 88 5422 16158 82 1 3 202 -9 46
1 610 56 4 2 88 5422 16158 84 2 3 202 -9 46
1 610 56 4 2 88 5422 16158 83 1 3 202 -9 46
1 610 56 4 2 88 5422 16158 85 1 3 202 -9 46
1 610 56 4 2 88 5422 16158 52 2 3 202 -9 46
1 610 56 4 2 88 5422 16158 106 1 3 202 -9 46
1 610 56 4 2 88 5422 16158 54 2 3 202 -9 46
1 610 56 4 2 88 5422 16158 93 1 3 202 -9 46
1 610 56 4 2 88 5422 16158 74 3 3 202 -9 46
1 610 56 4 2 88 5422 16158 76 2 3 202 -9 46
1 610 56 4 2 88 5422 16158 90 1 3 202 -9 46
1 610 56 4 2 88 5422 16158 89 1 3 202 -9 46
1 610 56 4 2 88 5422 16158 45 1 3 202 -9 46
1 610 56 4 2 88 5422 16158 53 1 3 202 -9 46
1 610 56 4 2 88 5422 16158 69 1 3 202 -9 46
1 610 56 4 2 88 5422 16158 68 1 3 202 -9 46
1 610 56 4 2 88 5422 16158 73 1 3 202 -9 46
1 610 56 4 2 88 5422 16158 72 1 3 202 -9 46
1 610 56 4 2 88 5422 16158 71 1 3 202 -9 46
1 610 56 4 2 88 5422 16158 70 1 3 202 -9 46
1 610 54 4 2 88 5424 16210 63 2 3 202 -9 47
1 610 54 4 2 88 5424 16210 62 1 3 202 -9 47
1 610 54 4 2 88 5424 16210 80 1 3 202 -9 47
1 610 54 4 2 88 5424 16210 51 2 3 202 -9 47
1 610 54 4 2 88 5424 16210 52 3 3 202 -9 47
1 610 54 4 2 88 5424 16210 108 1 3 202 -9 47
1 610 54 4 2 88 5424 16210 77 1 3 202 -9 47
1 610 54 4 2 88 5424 16210 74 2 3 202 -9 47
1 610 54 4 2 88 5424 16210 73 2 3 202 -9 47
1 610 54 4 2 88 5424 16210 72 1 3 202 -9 47
1 610 54 4 2 88 5424 16210 66 1 3 202 -9 47
1 610 54 4 2 88 5424 16210 65 1 3 202 -9 47
1 610 54 4 2 88 5424 16210 64 3 3 202 -9 47
1 610 54 4 2 88 5424 16210 40 1 3 202 -9 47
1 610 54 4 2 88 5424 16210 55 2 3 202 -9 47
1 610 54 4 2 88 5424 16210 79 1 3 202 -9 47
1 610 54 4 2 88 5424 16210 54 2 3 202 -9 47
1 610 54 4 2 88 5424 16210 60 1 3 202 -9 47
1 610 54 4 2 88 5424 16210 59 2 3 202 -9 47
1 610 54 4 2 88 5424 16210 34 2 3 202 -9 47
1 610 54 4 2 88 5424 16210 58 1 3 202 -9 47
1 610 54 4 2 88 5424 16210 57 2 3 202 -9 47
1 610 54 4 2 88 5424 16210 56 1 3 202 -9 47
1 610 54 4 2 88 5424 16210 42 1 3 202 -9 47
1 610 54 4 2 88 5424 16210 43 1 3 202 -9 47
1 610 54 4 2 88 5424 16210 47 2 3 202 -9 47
1 610 54 4 2 88 5424 16210 50 1 3 202 -9 47
1 610 54 4 2 88 5424 16210 49 2 3 202 -9 47
1 610 54 4 2 88 5424 16210 48 2 3 202 -9 47
1 610 54 4 2 88 5424 16210 44 3 3 202 -9 47
1 610 55 4 3 88 5422 16202 91 1 3 202 -9 48
1 610 55 4 3 88 5422 16202 50 1 3 202 -9 48
1 610 55 4 3 88 5422 16202 90 1 3 202 -9 48
1 610 55 4 3 88 5422 16202 100 1 3 202 -9 48
1 610 55 4 3 88 5422 16202 98 1 3 202 -9 48
1 610 55 4 3 88 5422 16202 35 1 3 202 -9 48
1 610 55 4 3 88 5422 16202 42 1 3 202 -9 48
1 610 55 4 3 88 5422 16202 45 1 3 202 -9 48
1 610 55 4 3 88 5422 16202 47 1 3 202 -9 48
1 610 55 4 3 88 5422 16202 89 1 3 202 -9 48
1 610 55 4 3 88 5422 16202 86 1 3 202 -9 48
1 610 55 4 3 88 5422 16202 85 1 3 202 -9 48
1 610 55 4 3 88 5422 16202 56 1 3 202 -9 48
1 610 55 4 3 88 5422 16202 57 2 3 202 -9 48
1 610 55 4 3 88 5422 16202 58 1 3 202 -9 48
1 610 55 4 3 88 5422 16202 61 1 3 202 -9 48
1 610 55 4 3 88 5422 16202 66 1 3 202 -9 48
1 610 55 4 3 88 5422 16202 76 1 3 202 -9 48
1 610 55 4 3 88 5422 16202 48 1 3 202 -9 48
1 610 55 4 3 88 5422 16202 51 1 3 202 -9 48
1 610 55 4 3 88 5422 16202 53 1 3 202 -9 48
1 610 55 4 3 88 5422 16202 84 1 3 202 -9 48
1 610 55 4 3 88 5422 16202 33 1 3 202 -9 48
1 610 55 4 3 88 5422 16202 82 1 3 202 -9 48
1 610 55 4 3 88 5424 16210 54 1 3 202 -9 49
1 610 55 4 3 88 5424 16210 52 1 3 202 -9 49
1 610 55 4 3 88 5424 16210 50 1 3 202 -9 49
1 610 55 4 3 88 5424 16210 48 1 3 202 -9 49
1 610 55 4 3 88 5424 16210 47 1 3 202 -9 49
1 610 55 4 3 88 5424 16210 46 3 3 202 -9 49
1 610 55 4 3 88 5424 16210 45 2 3 202 -9 49
1 610 55 4 3 88 5424 16210 43 1 3 202 -9 49
1 610 55 4 3 88 5424 16210 41 1 3 202 -9 49
1 610 55 4 3 88 5424 16210 53 3 3 202 -9 49
1 610 55 4 3 88 5424 16210 98 1 3 202 -9 49
1 610 55 4 3 88 5424 16210 97 1 3 202 -9 49
1 610 55 4 3 88 5424 16210 94 1 3 202 -9 49
1 610 55 4 3 88 5424 16210 93 1 3 202 -9 49
1 610 55 4 3 88 5424 16210 87 1 3 202 -9 49
1 610 55 4 3 88 5424 16210 83 1 3 202 -9 49
1 610 55 4 3 88 5424 16210 79 1 3 202 -9 49
1 610 55 4 3 88 5424 16210 75 1 3 202 -9 49
1 610 55 4 3 88 5424 16210 73 1 3 202 -9 49
1 610 55 4 3 88 5424 16210 71 1 3 202 -9 49
1 610 55 4 3 88 5424 16210 70 1 3 202 -9 49
1 610 55 4 3 88 5424 16210 69 1 3 202 -9 49
1 610 55 4 3 88 5424 16210 68 1 3 202 -9 49
1 610 55 4 3 88 5424 16210 64 1 3 202 -9 49
1 610 55 4 3 88 5424 16210 63 2 3 202 -9 49
1 610 55 4 3 88 5424 16210 61 1 3 202 -9 49
1 610 55 4 3 88 5424 16210 57 2 3 202 -9 49
1 610 55 4 3 88 5424 16210 40 1 3 202 -9 49
1 610 55 4 3 88 5424 16210 55 1 3 202 -9 49
1 610 65 4 4 88 5425 16218 53 2 3 202 -9 50
1 610 65 4 4 88 5425 16218 52 1 3 202 -9 50
1 610 65 4 4 88 5425 16218 54 2 3 202 -9 50
1 610 65 4 4 88 5425 16218 61 1 3 202 -9 50
1 610 65 4 4 88 5425 16218 55 2 3 202 -9 50
1 610 65 4 4 88 5425 16218 34 1 3 202 -9 50
1 610 65 4 4 88 5425 16218 59 2 3 202 -9 50
1 610 65 4 4 88 5425 16218 58 2 3 202 -9 50
1 610 65 4 4 88 5425 16218 57 1 3 202 -9 50
1 610 65 4 4 88 5425 16218 71 1 3 202 -9 50
1 610 65 4 4 88 5425 16218 72 3 3 202 -9 50
1 610 65 4 4 88 5425 16218 73 1 3 202 -9 50
1 610 65 4 4 88 5425 16218 56 2 3 202 -9 50
1 610 65 4 4 88 5425 16218 75 1 3 202 -9 50
1 610 65 4 4 88 5425 16218 77 2 3 202 -9 50
1 610 65 4 4 88 5425 16218 78 2 3 202 -9 50
1 610 65 4 4 88 5425 16218 79 1 3 202 -9 50
1 610 65 4 4 88 5425 16218 81 1 3 202 -9 50
1 610 65 4 4 88 5425 16218 82 1 3 202 -9 50
1 610 65 4 4 88 5425 16218 83 2 3 202 -9 50
1 610 65 4 4 88 5425 16218 84 1 3 202 -9 50
1 610 65 4 4 88 5425 16218 87 2 3 202 -9 50
1 610 65 4 4 88 5425 16218 89 1 3 202 -9 50
1 610 65 4 4 88 5425 16218 90 1 3 202 -9 50
1 610 65 4 4 88 5425 16218 92 1 3 202 -9 50
1 610 65 4 4 88 5425 16218 93 1 3 202 -9 50
1 610 65 4 4 88 5425 16218 74 1 3 202 -9 50
1 610 65 4 4 88 5425 16218 62 2 3 202 -9 50
1 610 65 4 4 88 5425 16218 63 3 3 202 -9 50
1 610 65 4 4 88 5425 16218 65 1 3 202 -9 50
1 610 65 4 4 88 5425 16218 66 1 3 202 -9 50
1 610 65 4 4 88 5425 16218 67 1 3 202 -9 50
1 610 65 4 4 88 5425 16218 68 1 3 202 -9 50
1 610 65 4 4 88 5425 16218 69 1 3 202 -9 50
1 610 65 4 4 88 5425 16218 70 2 3 202 -9 50
1 610 65 4 4 88 5425 16218 48 2 3 202 -9 50
1 610 65 4 4 88 5425 16218 47 1 3 202 -9 50
1 610 65 4 4 88 5425 16218 44 1 3 202 -9 50
1 610 45 4 4 88 5422 16212 49 1 3 202 -9 51
1 610 45 4 4 88 5422 16212 93 1 3 202 -9 51
1 610 45 4 4 88 5422 16212 98 1 3 202 -9 51
1 610 45 4 4 88 5422 16212 99 1 3 202 -9 51
1 610 45 4 4 88 5422 16212 102 1 3 202 -9 51
1 610 45 4 4 88 5422 16212 86 2 3 202 -9 51
1 610 45 4 4 88 5422 16212 82 2 3 202 -9 51
1 610 45 4 4 88 5422 16212 83 2 3 202 -9 51
1 610 45 4 4 88 5422 16212 84 1 3 202 -9 51
1 610 45 4 4 88 5422 16212 85 1 3 202 -9 51
1 610 45 4 4 88 5422 16212 89 1 3 202 -9 51
1 610 45 4 4 88 5422 16212 88 1 3 202 -9 51
1 610 45 4 4 88 5422 16212 87 2 3 202 -9 51
1 610 45 4 4 88 5422 16212 81 2 3 202 -9 51
1 610 45 4 4 88 5422 16212 80 4 3 202 -9 51
1 610 45 4 4 88 5422 16212 79 3 3 202 -9 51
1 610 45 4 4 88 5422 16212 36 1 3 202 -9 51
1 610 45 4 4 88 5422 16212 41 1 3 202 -9 51
1 610 45 4 4 88 5422 16212 42 1 3 202 -9 51
1 610 45 4 4 88 5422 16212 43 1 3 202 -9 51
1 610 45 4 4 88 5422 16212 44 2 3 202 -9 51
1 610 45 4 4 88 5422 16212 46 1 3 202 -9 51
1 610 45 4 4 88 5422 16212 78 3 3 202 -9 51
1 610 45 4 4 88 5422 16212 50 3 3 202 -9 51
1 610 45 4 4 88 5422 16212 51 1 3 202 -9 51
1 610 45 4 4 88 5422 16212 52 3 3 202 -9 51
1 610 45 4 4 88 5422 16212 53 1 3 202 -9 51
1 610 45 4 4 88 5422 16212 54 3 3 202 -9 51
1 610 45 4 4 88 5422 16212 55 2 3 202 -9 51
1 610 45 4 4 88 5422 16212 57 2 3 202 -9 51
1 610 45 4 4 88 5422 16212 58 1 3 202 -9 51
1 610 45 4 4 88 5422 16212 59 1 3 202 -9 51
1 610 45 4 4 88 5422 16212 60 1 3 202 -9 51
1 610 45 4 4 88 5422 16212 61 2 3 202 -9 51
1 610 45 4 4 88 5422 16212 63 1 3 202 -9 51
1 610 45 4 4 88 5422 16212 65 1 3 202 -9 51
1 610 45 4 4 88 5422 16212 66 1 3 202 -9 51
1 610 45 4 4 88 5422 16212 68 3 3 202 -9 51
1 610 45 4 4 88 5422 16212 69 2 3 202 -9 51
1 610 45 4 4 88 5422 16212 70 1 3 202 -9 51
1 610 45 4 4 88 5422 16212 71 2 3 202 -9 51
1 610 45 4 4 88 5422 16212 74 3 3 202 -9 51
1 610 45 4 4 88 5422 16212 75 2 3 202 -9 51
1 610 45 4 4 88 5422 16212 76 1 3 202 -9 51
1 610 45 4 4 88 5422 16212 77 2 3 202 -9 51
1 610 50 4 5 88 5423 16213 80 1 3 202 -9 52
1 610 50 4 5 88 5423 16213 78 3 3 202 -9 52
1 610 50 4 5 88 5423 16213 55 1 3 202 -9 52
1 610 50 4 5 88 5423 16213 57 1 3 202 -9 52
1 610 50 4 5 88 5423 16213 60 1 3 202 -9 52
1 610 50 4 5 88 5423 16213 62 1 3 202 -9 52
1 610 50 4 5 88 5423 16213 66 1 3 202 -9 52
1 610 50 4 5 88 5423 16213 67 1 3 202 -9 52
1 610 50 4 5 88 5423 16213 68 2 3 202 -9 52
1 610 50 4 5 88 5423 16213 69 2 3 202 -9 52
1 610 50 4 5 88 5423 16213 70 2 3 202 -9 52
1 610 50 4 5 88 5423 16213 71 3 3 202 -9 52
1 610 50 4 5 88 5423 16213 72 2 3 202 -9 52
1 610 50 4 5 88 5423 16213 73 4 3 202 -9 52
1 610 50 4 5 88 5423 16213 74 1 3 202 -9 52
1 610 50 4 5 88 5423 16213 75 2 3 202 -9 52
1 610 50 4 5 88 5423 16213 76 5 3 202 -9 52
1 610 50 4 5 88 5423 16213 77 5 3 202 -9 52
1 610 50 4 5 88 5423 16213 86 3 3 202 -9 52
1 610 50 4 5 88 5423 16213 79 1 3 202 -9 52
1 610 50 4 5 88 5423 16213 81 1 3 202 -9 52
1 610 50 4 5 88 5423 16213 83 2 3 202 -9 52
1 610 50 4 5 88 5423 16213 84 1 3 202 -9 52
1 610 50 4 5 88 5423 16213 85 4 3 202 -9 52
1 610 50 4 5 88 5423 16213 96 1 3 202 -9 52
1 610 50 4 5 88 5423 16213 93 1 3 202 -9 52
1 610 50 4 5 88 5423 16213 88 1 3 202 -9 52
1 610 50 4 5 88 5423 16213 101 1 3 202 -9 52
1 610 50 4 5 88 5423 16213 89 1 3 202 -9 52
1 610 50 4 5 88 5423 16213 90 2 3 202 -9 52
1 610 50 4 5 88 5423 16213 87 3 3 202 -9 52
1 610 49 4 5 88 5423 16214 50 1 3 202 -9 53
1 610 49 4 5 88 5423 16214 57 1 3 202 -9 53
1 610 49 4 5 88 5423 16214 48 2 3 202 -9 53
1 610 49 4 5 88 5423 16214 53 1 3 202 -9 53
1 610 49 4 5 88 5423 16214 92 1 3 202 -9 53
1 610 49 4 5 88 5423 16214 68 2 3 202 -9 53
1 610 49 4 5 88 5423 16214 62 1 3 202 -9 53
1 610 49 4 5 88 5423 16214 69 2 3 202 -9 53
1 610 49 4 5 88 5423 16214 91 1 3 202 -9 53
1 610 49 4 5 88 5423 16214 63 2 3 202 -9 53
1 610 49 4 5 88 5423 16214 59 2 3 202 -9 53
1 610 49 4 5 88 5423 16214 65 1 3 202 -9 53
1 610 49 4 5 88 5423 16214 67 1 3 202 -9 53
1 610 49 4 5 88 5423 16214 64 2 3 202 -9 53
1 610 49 4 5 88 5423 16214 88 2 3 202 -9 53
1 610 49 4 5 88 5423 16214 87 3 3 202 -9 53
1 610 49 4 5 88 5423 16214 89 1 3 202 -9 53
1 610 49 4 5 88 5423 16214 84 2 3 202 -9 53
1 610 49 4 5 88 5423 16214 82 1 3 202 -9 53
1 610 49 4 5 88 5423 16214 85 4 3 202 -9 53
1 610 49 4 5 88 5423 16214 80 1 3 202 -9 53
1 610 49 4 5 88 5423 16214 79 3 3 202 -9 53
1 610 49 4 5 88 5423 16214 81 1 3 202 -9 53
1 610 49 4 5 88 5423 16214 77 4 3 202 -9 53
1 610 49 4 5 88 5423 16214 75 2 3 202 -9 53
1 610 49 4 5 88 5423 16214 78 4 3 202 -9 53
1 610 49 4 5 88 5423 16214 73 5 3 202 -9 53
1 610 49 4 5 88 5423 16214 72 3 3 202 -9 53
1 610 49 4 5 88 5423 16214 105 1 3 202 -9 53
1 610 49 4 5 88 5423 16214 103 1 3 202 -9 53
1 610 49 4 5 88 5423 16214 96 1 3 202 -9 53
1 610 49 4 5 88 5423 16214 94 1 3 202 -9 53
1 610 49 4 5 88 5423 16214 74 2 3 202 -9 53
1 610 49 4 5 88 5423 16214 86 4 3 202 -9 53
1 610 49 4 5 88 5423 16214 61 2 3 202 -9 53
1 610 49 4 5 88 5423 16214 70 2 3 202 -9 53
1 610 49 4 5 88 5423 16214 71 1 3 202 -9 53
1 610 55 4 5 88 5422 16213 80 3 3 202 -9 54
1 610 55 4 5 88 5422 16213 83 3 3 202 -9 54
1 610 55 4 5 88 5422 16213 81 2 3 202 -9 54
1 610 55 4 5 88 5422 16213 82 1 3 202 -9 54
1 610 55 4 5 88 5422 16213 77 3 3 202 -9 54
1 610 55 4 5 88 5422 16213 85 2 3 202 -9 54
1 610 55 4 5 88 5422 16213 78 6 3 202 -9 54
1 610 55 4 5 88 5422 16213 73 2 3 202 -9 54
1 610 55 4 5 88 5422 16213 75 1 3 202 -9 54
1 610 55 4 5 88 5422 16213 74 2 3 202 -9 54
1 610 55 4 5 88 5422 16213 79 3 3 202 -9 54
1 610 55 4 5 88 5422 16213 70 3 3 202 -9 54
1 610 55 4 5 88 5422 16213 101 1 3 202 -9 54
1 610 55 4 5 88 5422 16213 72 3 3 202 -9 54
1 610 55 4 5 88 5422 16213 71 2 3 202 -9 54
1 610 55 4 5 88 5422 16213 67 2 3 202 -9 54
1 610 55 4 5 88 5422 16213 69 2 3 202 -9 54
1 610 55 4 5 88 5422 16213 68 3 3 202 -9 54
1 610 55 4 5 88 5422 16213 88 3 3 202 -9 54
1 610 55 4 5 88 5422 16213 66 1 3 202 -9 54
1 610 55 4 5 88 5422 16213 64 3 3 202 -9 54
1 610 55 4 5 88 5422 16213 50 1 3 202 -9 54
1 610 55 4 5 88 5422 16213 86 1 3 202 -9 54
1 610 55 4 5 88 5422 16213 87 2 3 202 -9 54
1 610 55 4 5 88 5422 16213 63 1 3 202 -9 54
1 610 55 4 5 88 5422 16213 60 3 3 202 -9 54
1 610 55 4 5 88 5422 16213 40 1 3 202 -9 54
1 610 55 4 5 88 5422 16213 91 1 3 202 -9 54
1 610 55 4 5 88 5422 16213 90 1 3 202 -9 54
1 610 55 4 5 88 5422 16213 98 1 3 202 -9 54
1 610 55 4 5 88 5422 16213 89 1 3 202 -9 54
1 630 63 3 17 88 5822 15106 55 3 3 202 -9 55
1 630 63 3 17 88 5822 15106 56 2 3 202 -9 55
1 630 63 3 17 88 5822 15106 57 4 3 202 -9 55
1 630 63 3 17 88 5822 15106 50 1 3 202 -9 55
1 630 63 3 17 88 5822 15106 58 2 3 202 -9 55
1 630 63 3 17 88 5822 15106 59 2 3 202 -9 55
1 630 63 3 17 88 5822 15106 61 4 3 202 -9 55
1 630 63 3 17 88 5822 15106 62 2 3 202 -9 55
1 630 63 3 17 88 5822 15106 63 2 3 202 -9 55
1 630 63 3 17 88 5822 15106 52 2 3 202 -9 55
1 630 63 3 17 88 5822 15106 54 5 3 202 -9 55
1 630 63 3 17 88 5822 15106 66 1 3 202 -9 55
1 630 63 3 17 88 5822 15106 68 2 3 202 -9 55
1 630 63 3 17 88 5822 15106 69 3 3 202 -9 55
1 630 63 3 17 88 5822 15106 70 4 3 202 -9 55
1 630 63 3 17 88 5822 15106 71 5 3 202 -9 55
1 630 63 3 17 88 5822 15106 78 5 3 202 -9 55
1 630 63 3 17 88 5822 15106 79 2 3 202 -9 55
1 630 63 3 17 88 5822 15106 82 4 3 202 -9 55
1 630 63 3 17 88 5822 15106 83 1 3 202 -9 55
1 630 63 3 17 88 5822 15106 87 1 3 202 -9 55
1 630 63 3 17 88 5822 15106 53 2 3 202 -9 55
1 630 63 3 17 88 5822 15106 64 5 3 202 -9 55
1 630 63 3 17 88 5822 15106 51 3 3 202 -9 55
1 630 63 3 17 88 5822 15106 65 6 3 202 -9 55
1 630 63 3 17 88 5822 15106 60 2 3 202 -9 55
