3 630 49 11 15 89 5619 15351 63 1 3 202 -9 1
3 630 49 11 15 89 5619 15351 62 1 3 202 -9 1
3 630 49 11 15 89 5619 15351 74 1 3 202 -9 1
3 630 49 11 15 89 5619 15351 50 5 3 202 -9 1
3 630 49 11 15 89 5619 15351 49 1 3 202 -9 1
3 630 49 11 15 89 5619 15351 48 2 3 202 -9 1
3 630 49 11 15 89 5619 15351 34 1 3 202 -9 1
3 630 49 11 15 89 5619 15351 51 1 3 202 -9 1
3 630 49 11 15 89 5619 15351 66 1 3 202 -9 1
3 630 49 11 15 89 5619 15351 67 2 3 202 -9 1
3 630 49 11 15 89 5619 15351 53 1 3 202 -9 1
3 630 49 11 15 89 5619 15351 54 2 3 202 -9 1
3 630 49 11 15 89 5619 15351 55 1 3 202 -9 1
3 630 49 11 15 89 5619 15351 56 2 3 202 -9 1
3 630 49 11 15 89 5619 15351 57 3 3 202 -9 1
3 630 49 11 15 89 5619 15351 58 5 3 202 -9 1
3 630 49 11 15 89 5619 15351 59 6 3 202 -9 1
3 630 49 11 15 89 5619 15351 65 1 3 202 -9 1
3 630 49 11 15 89 5619 15351 52 1 3 202 -9 1
3 630 49 11 15 89 5619 15351 69 1 3 202 -9 1
3 630 49 11 15 89 5619 15351 60 3 3 202 -9 1
3 630 49 11 15 89 5619 15351 61 2 3 202 -9 1
3 630 49 11 15 89 5619 15351 64 1 3 202 -9 1
3 620 54 11 16 89 5616 15418 37 4 3 202 -9 2
3 620 54 11 16 89 5616 15418 38 1 3 202 -9 2
3 620 54 11 16 89 5616 15418 36 10 3 202 -9 2
3 620 54 11 16 89 5616 15418 26 4 3 202 -9 2
3 620 54 11 16 89 5616 15418 39 1 3 202 -9 2
3 620 54 11 16 89 5616 15418 48 2 3 202 -9 2
3 620 54 11 16 89 5616 15418 50 1 3 202 -9 2
3 620 54 11 16 89 5616 15418 51 1 3 202 -9 2
3 620 54 11 16 89 5616 15418 52 1 3 202 -9 2
3 620 54 11 16 89 5616 15418 53 1 3 202 -9 2
3 620 54 11 16 89 5616 15418 62 1 3 202 -9 2
3 620 54 11 16 89 5616 15418 64 4 3 202 -9 2
3 620 54 11 16 89 5616 15418 72 1 3 202 -9 2
3 620 54 11 16 89 5616 15418 24 2 3 202 -9 2
3 620 54 11 16 89 5616 15418 35 5 3 202 -9 2
3 620 54 11 16 89 5616 15418 27 6 3 202 -9 2
3 620 54 11 16 89 5616 15418 28 8 3 202 -9 2
3 620 54 11 16 89 5616 15418 29 14 3 202 -9 2
3 620 54 11 16 89 5616 15418 30 16 3 202 -9 2
3 620 54 11 16 89 5616 15418 34 12 3 202 -9 2
3 620 54 11 16 89 5616 15418 32 14 3 202 -9 2
3 620 54 11 16 89 5616 15418 31 7 3 202 -9 2
3 620 54 11 16 89 5616 15418 33 6 3 202 -9 2
3 630 45 11 16 89 5629 15306 49 2 3 202 -9 3
3 630 45 11 16 89 5629 15306 32 2 3 202 -9 3
3 630 45 11 16 89 5629 15306 33 1 3 202 -9 3
3 630 45 11 16 89 5629 15306 38 1 3 202 -9 3
3 630 45 11 16 89 5629 15306 48 1 3 202 -9 3
3 630 45 11 16 89 5629 15306 66 2 3 202 -9 3
3 630 45 11 16 89 5629 15306 51 1 3 202 -9 3
3 630 45 11 16 89 5629 15306 55 2 3 202 -9 3
3 630 45 11 16 89 5629 15306 56 2 3 202 -9 3
3 630 45 11 16 89 5629 15306 73 1 3 202 -9 3
3 630 45 11 16 89 5629 15306 59 3 3 202 -9 3
3 630 45 11 16 89 5629 15306 60 1 3 202 -9 3
3 630 45 11 16 89 5629 15306 58 1 3 202 -9 3
3 630 45 11 16 89 5629 15306 63 2 3 202 -9 3
3 630 45 11 16 89 5629 15306 64 2 3 202 -9 3
3 630 45 11 16 89 5629 15306 71 1 3 202 -9 3
3 630 45 11 16 89 5629 15306 54 1 3 202 -9 3
3 630 42 11 16 89 5638 15248 51 1 3 202 -9 4
3 630 42 11 16 89 5638 15248 52 1 3 202 -9 4
3 630 42 11 16 89 5638 15248 63 2 3 202 -9 4
3 630 42 11 16 89 5638 15248 62 1 3 202 -9 4
3 630 42 11 16 89 5638 15248 44 2 3 202 -9 4
3 630 42 11 16 89 5638 15248 32 1 3 202 -9 4
3 630 42 11 16 89 5638 15248 30 1 3 202 -9 4
3 630 42 11 16 89 5638 15248 57 1 3 202 -9 4
3 630 42 11 16 89 5638 15248 53 1 3 202 -9 4
3 630 42 11 16 89 5638 15248 60 1 3 202 -9 4
3 630 42 11 16 89 5638 15248 58 2 3 202 -9 4
3 630 42 11 16 89 5638 15248 54 2 3 202 -9 4
3 630 42 11 16 89 5638 15248 55 1 3 202 -9 4
3 630 42 11 16 89 5638 15248 35 1 3 202 -9 4
3 630 42 11 16 89 5638 15248 36 1 3 202 -9 4
3 630 42 11 16 89 5638 15248 33 2 3 202 -9 4
3 630 65 11 18 89 5704 15137 64 4 3 202 -9 5
3 630 65 11 18 89 5704 15137 68 1 3 202 -9 5
3 630 65 11 18 89 5704 15137 65 1 3 202 -9 5
3 630 65 11 18 89 5704 15137 52 3 3 202 -9 5
3 630 65 11 18 89 5704 15137 63 1 3 202 -9 5
3 630 65 11 18 89 5704 15137 57 1 3 202 -9 5
3 630 65 11 18 89 5704 15137 58 5 3 202 -9 5
3 630 65 11 18 89 5704 15137 59 5 3 202 -9 5
3 630 65 11 18 89 5704 15137 60 1 3 202 -9 5
3 630 65 11 18 89 5704 15137 61 2 3 202 -9 5
3 630 65 11 18 89 5704 15137 50 2 3 202 -9 5
3 630 65 11 18 89 5704 15137 35 1 3 202 -9 5
3 630 65 11 18 89 5704 15137 51 2 3 202 -9 5
3 630 65 11 18 89 5704 15137 49 3 3 202 -9 5
3 630 65 11 18 89 5704 15137 53 3 3 202 -9 5
3 630 65 11 18 89 5704 15137 56 1 3 202 -9 5
3 630 65 11 18 89 5704 15137 41 1 3 202 -9 5
3 630 63 11 18 89 5710 15123 47 1 3 202 -9 6
3 630 63 11 18 89 5710 15123 51 1 3 202 -9 6
3 630 63 11 18 89 5710 15123 44 1 3 202 -9 6
3 630 63 11 18 89 5710 15123 40 1 3 202 -9 6
3 630 63 11 18 89 5710 15123 60 1 3 202 -9 6
3 630 63 11 18 89 5710 15123 55 1 3 202 -9 6
3 630 63 11 18 89 5710 15123 59 3 3 202 -9 6
3 630 63 11 18 89 5710 15123 61 2 3 202 -9 6
1 630 34 4 13 89 5817 15044 62 15 3 202 -9 7
1 630 34 4 13 89 5817 15044 59 8 3 202 -9 7
1 630 34 4 13 89 5817 15044 60 13 3 202 -9 7
1 630 34 4 13 89 5817 15044 66 8 3 202 -9 7
1 630 34 4 13 89 5817 15044 61 7 3 202 -9 7
1 630 34 4 13 89 5817 15044 64 8 3 202 -9 7
1 630 34 4 13 89 5817 15044 63 4 3 202 -9 7
1 630 34 4 13 89 5817 15044 71 2 3 202 -9 7
1 630 34 4 13 89 5817 15044 74 1 3 202 -9 7
1 630 34 4 13 89 5817 15044 58 6 3 202 -9 7
1 630 34 4 13 89 5817 15044 81 1 3 202 -9 7
1 630 34 4 13 89 5817 15044 56 2 3 202 -9 7
1 630 34 4 13 89 5817 15044 67 2 3 202 -9 7
1 630 34 4 13 89 5817 15044 68 2 3 202 -9 7
1 630 34 4 13 89 5817 15044 69 1 3 202 -9 7
1 630 34 4 13 89 5817 15044 70 3 3 202 -9 7
1 630 34 4 13 89 5817 15044 65 8 3 202 -9 7
1 630 34 4 13 89 5817 15044 73 1 3 202 -9 7
1 630 34 4 13 89 5817 15044 55 2 3 202 -9 7
1 630 34 4 13 89 5817 15044 57 3 3 202 -9 7
1 630 34 4 13 89 5817 15044 51 2 3 202 -9 7
1 630 34 4 13 89 5817 15044 52 1 3 202 -9 7
1 630 34 4 13 89 5817 15044 53 1 3 202 -9 7
1 630 34 4 13 89 5817 15044 54 3 3 202 -9 7
1 630 44 4 11 89 5814 15048 63 4 3 202 -9 8
1 630 44 4 11 89 5814 15048 65 1 3 202 -9 8
1 630 44 4 11 89 5814 15048 68 2 3 202 -9 8
1 630 44 4 11 89 5814 15048 67 2 3 202 -9 8
1 630 44 4 11 89 5814 15048 53 1 3 202 -9 8
1 630 44 4 11 89 5814 15048 56 3 3 202 -9 8
1 630 44 4 11 89 5814 15048 71 1 3 202 -9 8
1 630 44 4 11 89 5814 15048 64 3 3 202 -9 8
1 630 44 4 11 89 5814 15048 54 3 3 202 -9 8
1 630 44 4 11 89 5814 15048 55 5 3 202 -9 8
1 630 44 4 11 89 5814 15048 59 9 3 202 -9 8
1 630 44 4 11 89 5814 15048 57 5 3 202 -9 8
1 630 44 4 11 89 5814 15048 58 3 3 202 -9 8
1 630 44 4 11 89 5814 15048 61 3 3 202 -9 8
1 630 44 4 11 89 5814 15048 60 4 3 202 -9 8
1 630 40 4 12 89 5813 15043 71 2 3 202 -9 9
1 630 40 4 12 89 5813 15043 65 7 3 202 -9 9
1 630 40 4 12 89 5813 15043 64 8 3 202 -9 9
1 630 40 4 12 89 5813 15043 57 7 3 202 -9 9
1 630 40 4 12 89 5813 15043 58 2 3 202 -9 9
1 630 40 4 12 89 5813 15043 56 3 3 202 -9 9
1 630 40 4 12 89 5813 15043 55 3 3 202 -9 9
1 630 40 4 12 89 5813 15043 63 10 3 202 -9 9
1 630 40 4 12 89 5813 15043 60 11 3 202 -9 9
1 630 40 4 12 89 5813 15043 61 6 3 202 -9 9
1 630 40 4 12 89 5813 15043 59 4 3 202 -9 9
1 630 40 4 12 89 5813 15043 70 3 3 202 -9 9
1 630 40 4 12 89 5813 15043 69 3 3 202 -9 9
1 630 40 4 12 89 5813 15043 88 1 3 202 -9 9
1 630 40 4 12 89 5813 15043 77 1 3 202 -9 9
1 630 40 4 12 89 5813 15043 76 1 3 202 -9 9
1 630 40 4 12 89 5813 15043 74 2 3 202 -9 9
1 630 40 4 12 89 5813 15043 66 6 3 202 -9 9
1 630 40 4 12 89 5813 15043 62 4 3 202 -9 9
1 630 40 4 12 89 5813 15043 68 6 3 202 -9 9
1 630 40 4 12 89 5813 15043 53 1 3 202 -9 9
1 630 40 4 12 89 5813 15043 54 2 3 202 -9 9
1 630 40 4 12 89 5813 15043 52 4 3 202 -9 9
1 630 40 4 12 89 5818 15100 69 2 3 202 -9 10
1 630 40 4 12 89 5818 15100 65 8 3 202 -9 10
1 630 40 4 12 89 5818 15100 47 1 3 202 -9 10
1 630 40 4 12 89 5818 15100 53 4 3 202 -9 10
1 630 40 4 12 89 5818 15100 66 7 3 202 -9 10
1 630 40 4 12 89 5818 15100 64 3 3 202 -9 10
1 630 40 4 12 89 5818 15100 63 8 3 202 -9 10
1 630 40 4 12 89 5818 15100 62 11 3 202 -9 10
1 630 40 4 12 89 5818 15100 61 3 3 202 -9 10
1 630 40 4 12 89 5818 15100 60 7 3 202 -9 10
1 630 40 4 12 89 5818 15100 58 5 3 202 -9 10
1 630 40 4 12 89 5818 15100 57 8 3 202 -9 10
1 630 40 4 12 89 5818 15100 56 8 3 202 -9 10
1 630 40 4 12 89 5818 15100 50 1 3 202 -9 10
1 630 40 4 12 89 5818 15100 52 1 3 202 -9 10
1 630 40 4 12 89 5818 15100 68 3 3 202 -9 10
1 630 40 4 12 89 5818 15100 54 4 3 202 -9 10
1 630 40 4 12 89 5818 15100 67 2 3 202 -9 10
1 630 40 4 12 89 5818 15100 73 1 3 202 -9 10
1 630 40 4 12 89 5818 15100 70 3 3 202 -9 10
1 630 40 4 12 89 5818 15100 72 1 3 202 -9 10
1 630 40 4 12 89 5818 15100 55 5 3 202 -9 10
1 630 40 4 12 89 5818 15100 59 10 3 202 -9 10
1 630 34 4 12 89 5818 15044 69 2 3 202 -9 11
1 630 34 4 12 89 5818 15044 48 1 3 202 -9 11
1 630 34 4 12 89 5818 15044 49 1 3 202 -9 11
1 630 34 4 12 89 5818 15044 52 2 3 202 -9 11
1 630 34 4 12 89 5818 15044 53 3 3 202 -9 11
1 630 34 4 12 89 5818 15044 54 3 3 202 -9 11
1 630 34 4 12 89 5818 15044 55 2 3 202 -9 11
1 630 34 4 12 89 5818 15044 56 5 3 202 -9 11
1 630 34 4 12 89 5818 15044 57 4 3 202 -9 11
1 630 34 4 12 89 5818 15044 58 3 3 202 -9 11
1 630 34 4 12 89 5818 15044 59 6 3 202 -9 11
1 630 34 4 12 89 5818 15044 60 10 3 202 -9 11
1 630 34 4 12 89 5818 15044 61 3 3 202 -9 11
1 630 34 4 12 89 5818 15044 62 6 3 202 -9 11
1 630 34 4 12 89 5818 15044 63 7 3 202 -9 11
1 630 34 4 12 89 5818 15044 64 11 3 202 -9 11
1 630 34 4 12 89 5818 15044 65 7 3 202 -9 11
1 630 34 4 12 89 5818 15044 66 8 3 202 -9 11
1 630 34 4 12 89 5818 15044 74 1 3 202 -9 11
1 630 34 4 12 89 5818 15044 75 1 3 202 -9 11
1 630 34 4 12 89 5818 15044 71 1 3 202 -9 11
1 630 34 4 12 89 5818 15044 68 3 3 202 -9 11
1 630 34 4 12 89 5818 15044 67 2 3 202 -9 11
1 630 34 4 12 89 5818 15038 68 3 3 202 -9 12
1 630 34 4 12 89 5818 15038 67 4 3 202 -9 12
1 630 34 4 12 89 5818 15038 66 3 3 202 -9 12
1 630 34 4 12 89 5818 15038 69 1 3 202 -9 12
1 630 34 4 12 89 5818 15038 65 7 3 202 -9 12
1 630 34 4 12 89 5818 15038 79 1 3 202 -9 12
1 630 34 4 12 89 5818 15038 80 2 3 202 -9 12
1 630 34 4 12 89 5818 15038 70 1 3 202 -9 12
1 630 34 4 12 89 5818 15038 61 7 3 202 -9 12
1 630 34 4 12 89 5818 15038 60 6 3 202 -9 12
1 630 34 4 12 89 5818 15038 62 5 3 202 -9 12
1 630 34 4 12 89 5818 15038 58 2 3 202 -9 12
1 630 34 4 12 89 5818 15038 57 2 3 202 -9 12
1 630 34 4 12 89 5818 15038 56 1 3 202 -9 12
1 630 34 4 12 89 5818 15038 55 1 3 202 -9 12
1 630 34 4 12 89 5818 15038 64 9 3 202 -9 12
1 630 34 4 12 89 5818 15038 63 4 3 202 -9 12
1 630 34 4 12 89 5818 15038 73 1 3 202 -9 12
1 630 34 4 12 89 5818 15038 71 1 3 202 -9 12
1 630 34 4 12 89 5818 15038 59 5 3 202 -9 12
1 630 34 4 13 89 5817 15041 69 2 3 202 -9 13
1 630 34 4 13 89 5817 15041 49 2 3 202 -9 13
1 630 34 4 13 89 5817 15041 51 1 3 202 -9 13
1 630 34 4 13 89 5817 15041 52 3 3 202 -9 13
1 630 34 4 13 89 5817 15041 53 1 3 202 -9 13
1 630 34 4 13 89 5817 15041 54 4 3 202 -9 13
1 630 34 4 13 89 5817 15041 55 3 3 202 -9 13
1 630 34 4 13 89 5817 15041 76 1 3 202 -9 13
1 630 34 4 13 89 5817 15041 74 1 3 202 -9 13
1 630 34 4 13 89 5817 15041 71 2 3 202 -9 13
1 630 34 4 13 89 5817 15041 70 1 3 202 -9 13
1 630 34 4 13 89 5817 15041 68 2 3 202 -9 13
1 630 34 4 13 89 5817 15041 56 5 3 202 -9 13
1 630 34 4 13 89 5817 15041 57 3 3 202 -9 13
1 630 34 4 13 89 5817 15041 58 11 3 202 -9 13
1 630 34 4 13 89 5817 15041 59 8 3 202 -9 13
1 630 34 4 13 89 5817 15041 60 5 3 202 -9 13
1 630 34 4 13 89 5817 15041 61 5 3 202 -9 13
1 630 34 4 13 89 5817 15041 62 6 3 202 -9 13
1 630 34 4 13 89 5817 15041 63 8 3 202 -9 13
1 630 34 4 13 89 5817 15041 64 4 3 202 -9 13
1 630 34 4 13 89 5817 15041 65 10 3 202 -9 13
1 630 34 4 13 89 5817 15041 66 3 3 202 -9 13
1 630 34 4 13 89 5817 15041 67 2 3 202 -9 13
1 630 34 4 13 89 5819 15055 59 3 3 202 -9 14
1 630 34 4 13 89 5819 15055 51 1 3 202 -9 14
1 630 34 4 13 89 5819 15055 52 3 3 202 -9 14
1 630 34 4 13 89 5819 15055 53 2 3 202 -9 14
1 630 34 4 13 89 5819 15055 54 1 3 202 -9 14
1 630 34 4 13 89 5819 15055 55 2 3 202 -9 14
1 630 34 4 13 89 5819 15055 56 2 3 202 -9 14
1 630 34 4 13 89 5819 15055 57 2 3 202 -9 14
1 630 34 4 13 89 5819 15055 58 4 3 202 -9 14
1 630 34 4 13 89 5819 15055 73 1 3 202 -9 14
1 630 34 4 13 89 5819 15055 60 3 3 202 -9 14
1 630 34 4 13 89 5819 15055 61 8 3 202 -9 14
1 630 34 4 13 89 5819 15055 62 4 3 202 -9 14
1 630 34 4 13 89 5819 15055 64 5 3 202 -9 14
1 630 34 4 13 89 5819 15055 65 3 3 202 -9 14
1 630 34 4 13 89 5819 15055 66 3 3 202 -9 14
1 630 34 4 13 89 5819 15055 67 3 3 202 -9 14
1 630 34 4 13 89 5819 15055 68 2 3 202 -9 14
1 630 34 4 13 89 5819 15055 69 1 3 202 -9 14
3 630 -9 9 24 89 5712 15220 44 12 1 202 -9 15
3 630 -9 9 24 89 5712 15220 50 4 2 202 -9 15
3 630 -9 9 24 89 5712 15220 49 3 2 202 -9 15
3 630 -9 9 24 89 5712 15220 43 6 1 202 -9 15
3 630 -9 9 24 89 5712 15220 42 3 1 202 -9 15
3 630 -9 9 24 89 5712 15220 39 1 2 202 -9 15
3 630 -9 9 24 89 5712 15220 40 1 2 202 -9 15
3 630 -9 9 24 89 5712 15220 41 2 2 202 -9 15
3 630 -9 9 24 89 5712 15220 42 4 2 202 -9 15
3 630 -9 9 24 89 5712 15220 43 5 2 202 -9 15
3 630 -9 9 24 89 5712 15220 44 8 2 202 -9 15
3 630 -9 9 24 89 5712 15220 45 9 2 202 -9 15
3 630 -9 9 24 89 5712 15220 46 10 2 202 -9 15
3 630 -9 9 24 89 5712 15220 54 1 1 202 -9 15
3 630 -9 9 24 89 5712 15220 52 1 1 202 -9 15
3 630 -9 9 24 89 5712 15220 50 1 1 202 -9 15
3 630 -9 9 24 89 5712 15220 49 3 1 202 -9 15
3 630 -9 9 24 89 5712 15220 48 6 1 202 -9 15
3 630 -9 9 24 89 5712 15220 47 9 1 202 -9 15
3 630 -9 9 24 89 5712 15220 46 8 1 202 -9 15
3 630 -9 9 24 89 5712 15220 45 5 1 202 -9 15
3 630 -9 9 24 89 5712 15220 38 1 1 202 -9 15
3 630 -9 9 24 89 5712 15220 47 11 2 202 -9 15
3 630 -9 9 24 89 5712 15220 36 1 1 202 -9 15
3 630 -9 9 24 89 5712 15220 41 6 1 202 -9 15
3 630 -9 9 24 89 5712 15220 40 2 1 202 -9 15
3 630 -9 9 24 89 5712 15220 39 1 1 202 -9 15
3 630 -9 9 24 89 5712 15220 52 2 2 202 -9 15
3 630 -9 9 24 89 5712 15220 53 1 2 202 -9 15
3 630 -9 9 24 89 5712 15220 48 7 2 202 -9 15
3 610 60 10 20 89 5404 16522 97 2 3 202 -9 16
3 610 60 10 20 89 5404 16522 94 1 3 202 -9 16
3 610 60 10 20 89 5404 16522 82 1 3 202 -9 16
3 610 60 10 20 89 5404 16522 77 4 3 202 -9 16
3 610 60 10 20 89 5404 16522 84 1 3 202 -9 16
3 610 60 10 20 89 5404 16522 85 1 3 202 -9 16
3 610 60 10 20 89 5404 16522 86 1 3 202 -9 16
3 610 60 10 20 89 5404 16522 87 2 3 202 -9 16
3 610 60 10 20 89 5404 16522 88 2 3 202 -9 16
3 610 60 10 20 89 5404 16522 89 1 3 202 -9 16
3 610 60 10 20 89 5404 16522 90 2 3 202 -9 16
3 610 60 10 20 89 5404 16522 93 1 3 202 -9 16
3 610 60 10 20 89 5404 16522 95 1 3 202 -9 16
3 610 60 10 20 89 5404 16522 99 1 3 202 -9 16
3 610 60 10 20 89 5404 16522 100 1 3 202 -9 16
3 610 60 10 20 89 5404 16522 101 1 3 202 -9 16
3 610 60 10 20 89 5404 16522 47 1 3 202 -9 16
3 610 60 10 20 89 5404 16522 48 2 3 202 -9 16
3 610 60 10 20 89 5404 16522 49 1 3 202 -9 16
3 610 60 10 20 89 5404 16522 52 1 3 202 -9 16
3 610 60 10 20 89 5404 16522 53 1 3 202 -9 16
3 610 60 10 20 89 5404 16522 54 3 3 202 -9 16
3 610 60 10 20 89 5404 16522 58 3 3 202 -9 16
3 610 60 10 20 89 5404 16522 59 2 3 202 -9 16
3 610 60 10 20 89 5404 16522 60 2 3 202 -9 16
3 610 60 10 20 89 5404 16522 62 1 3 202 -9 16
3 610 60 10 20 89 5404 16522 63 1 3 202 -9 16
3 610 60 10 20 89 5404 16522 64 2 3 202 -9 16
3 610 60 10 20 89 5404 16522 66 3 3 202 -9 16
3 610 60 10 20 89 5404 16522 69 2 3 202 -9 16
3 610 60 10 20 89 5404 16522 75 1 3 202 -9 16
3 610 60 10 20 89 5404 16522 76 1 3 202 -9 16
