1 -9 3 3 92 -9 -9 72 1 2 202 -9 0 
1 -9 3 3 92 -9 -9 73 1 2 202 -9 0 
1 -9 3 3 92 -9 -9 75 4 2 202 -9 0 
1 -9 3 3 92 -9 -9 76 2 2 202 -9 0 
1 -9 3 3 92 -9 -9 77 1 2 202 -9 0 
1 -9 3 3 92 -9 -9 78 2 2 202 -9 0 
1 -9 3 3 92 -9 -9 79 4 2 202 -9 0 
1 -9 3 3 92 -9 -9 80 2 2 202 -9 0 
1 -9 3 3 92 -9 -9 81 2 2 202 -9 0 
1 -9 3 3 92 -9 -9 82 1 2 202 -9 0 
1 -9 3 3 92 -9 -9 83 2 2 202 -9 0 
1 -9 3 3 92 -9 -9 84 2 2 202 -9 0 
1 -9 3 3 92 -9 -9 85 1 2 202 -9 0 
1 -9 3 3 92 -9 -9 86 1 2 202 -9 0 
1 -9 3 3 92 -9 -9 87 1 2 202 -9 0 
1 -9 3 3 92 -9 -9 88 2 2 202 -9 0 
1 -9 3 3 92 -9 -9 89 1 2 202 -9 0 
1 -9 3 3 92 -9 -9 90 1 2 202 -9 0 
1 -9 3 3 92 -9 -9 107 1 2 202 -9 0 
1 -9 3 3 92 -9 -9 108 1 2 202 -9 0 
1 -9 3 3 92 -9 -9 50 1 1 202 -9 0 
1 -9 3 3 92 -9 -9 55 3 1 202 -9 0 
1 -9 3 3 92 -9 -9 57 1 1 202 -9 0 
1 -9 3 3 92 -9 -9 59 2 1 202 -9 0 
1 -9 3 3 92 -9 -9 60 2 1 202 -9 0 
1 -9 3 3 92 -9 -9 62 2 1 202 -9 0 
1 -9 3 3 92 -9 -9 63 1 1 202 -9 0 
1 -9 3 3 92 -9 -9 64 4 1 202 -9 0 
1 -9 3 3 92 -9 -9 65 2 1 202 -9 0 
1 -9 3 3 92 -9 -9 67 1 1 202 -9 0 
1 -9 3 3 92 -9 -9 68 1 1 202 -9 0 
1 -9 3 3 92 -9 -9 69 4 1 202 -9 0 
1 -9 3 3 92 -9 -9 70 2 1 202 -9 0 
1 -9 3 3 92 -9 -9 72 2 1 202 -9 0 
1 -9 3 3 92 -9 -9 73 4 1 202 -9 0 
1 -9 3 3 92 -9 -9 75 1 1 202 -9 0 
1 -9 3 3 92 -9 -9 76 2 1 202 -9 0 
1 -9 3 3 92 -9 -9 77 1 1 202 -9 0 
1 -9 3 3 92 -9 -9 78 2 1 202 -9 0 
1 -9 3 3 92 -9 -9 79 1 1 202 -9 0 
1 -9 3 3 92 -9 -9 80 2 1 202 -9 0 
1 -9 3 3 92 -9 -9 81 1 1 202 -9 0 
1 -9 3 3 92 -9 -9 87 1 1 202 -9 0 
1 -9 3 3 92 -9 -9 91 1 1 202 -9 0 
1 -9 3 3 92 -9 -9 95 1 1 202 -9 0 
1 -9 3 3 92 -9 -9 84 1 3 202 -9 0 
1 -9 3 3 92 -9 -9 53 1 2 202 -9 0 
1 -9 3 3 92 -9 -9 58 1 2 202 -9 0 
1 -9 3 3 92 -9 -9 59 1 2 202 -9 0 
1 -9 3 3 92 -9 -9 63 2 2 202 -9 0 
1 -9 3 3 92 -9 -9 64 2 2 202 -9 0 
1 -9 3 3 92 -9 -9 67 3 2 202 -9 0 
1 -9 3 3 92 -9 -9 68 2 2 202 -9 0 
1 -9 3 3 92 -9 -9 70 3 2 202 -9 0 
1 -9 3 3 92 -9 -9 71 2 2 202 -9 0 
1 -9 3 4 92 -9 -9 64 2 1 202 -9 0 
1 -9 3 4 92 -9 -9 65 1 1 202 -9 0 
1 -9 3 4 92 -9 -9 66 1 1 202 -9 0 
1 -9 3 4 92 -9 -9 67 1 1 202 -9 0 
1 -9 3 4 92 -9 -9 68 2 1 202 -9 0 
1 -9 3 4 92 -9 -9 69 1 1 202 -9 0 
1 -9 3 4 92 -9 -9 70 1 1 202 -9 0 
1 -9 3 4 92 -9 -9 71 2 1 202 -9 0 
1 -9 3 4 92 -9 -9 72 2 1 202 -9 0 
1 -9 3 4 92 -9 -9 73 2 1 202 -9 0 
1 -9 3 4 92 -9 -9 75 1 1 202 -9 0 
1 -9 3 4 92 -9 -9 76 2 1 202 -9 0 
1 -9 3 4 92 -9 -9 78 1 1 202 -9 0 
1 -9 3 4 92 -9 -9 79 2 1 202 -9 0 
1 -9 3 4 92 -9 -9 80 1 1 202 -9 0 
1 -9 3 4 92 -9 -9 82 2 1 202 -9 0 
1 -9 3 4 92 -9 -9 83 2 1 202 -9 0 
1 -9 3 4 92 -9 -9 85 1 1 202 -9 0 
1 -9 3 4 92 -9 -9 88 1 1 202 -9 0 
1 -9 3 4 92 -9 -9 89 3 1 202 -9 0 
1 -9 3 4 92 -9 -9 90 1 1 202 -9 0 
1 -9 3 4 92 -9 -9 91 1 1 202 -9 0 
7 -9 3 4 92 -9 -9 94 1 1 202 -9 0 
7 -9 3 4 92 -9 -9 99 1 1 202 -9 0 
7 -9 3 4 92 -9 -9 100 1 1 202 -9 0 
1 -9 3 4 92 -9 -9 57 1 2 202 -9 0 
1 -9 3 4 92 -9 -9 58 2 2 202 -9 0 
1 -9 3 4 92 -9 -9 59 2 2 202 -9 0 
1 -9 3 4 92 -9 -9 62 1 2 202 -9 0 
1 -9 3 4 92 -9 -9 63 1 2 202 -9 0 
1 -9 3 4 92 -9 -9 65 2 2 202 -9 0 
1 -9 3 4 92 -9 -9 66 2 2 202 -9 0 
1 -9 3 4 92 -9 -9 67 1 2 202 -9 0 
1 -9 3 4 92 -9 -9 68 1 2 202 -9 0 
1 -9 3 4 92 -9 -9 70 2 2 202 -9 0 
1 -9 3 4 92 -9 -9 71 1 2 202 -9 0 
1 -9 3 4 92 -9 -9 72 1 2 202 -9 0 
1 -9 3 4 92 -9 -9 73 2 2 202 -9 0 
1 -9 3 4 92 -9 -9 75 1 2 202 -9 0 
1 -9 3 4 92 -9 -9 76 2 2 202 -9 0 
1 -9 3 4 92 -9 -9 77 3 2 202 -9 0 
1 -9 3 4 92 -9 -9 78 1 2 202 -9 0 
1 -9 3 4 92 -9 -9 79 5 2 202 -9 0 
1 -9 3 4 92 -9 -9 81 1 2 202 -9 0 
1 -9 3 4 92 -9 -9 82 1 2 202 -9 0 
1 -9 3 4 92 -9 -9 83 4 2 202 -9 0 
1 -9 3 4 92 -9 -9 84 1 2 202 -9 0 
1 -9 3 4 92 -9 -9 85 3 2 202 -9 0 
1 -9 3 4 92 -9 -9 86 1 2 202 -9 0 
1 -9 3 4 92 -9 -9 90 3 2 202 -9 0 
1 -9 3 4 92 -9 -9 91 5 2 202 -9 0 
1 -9 3 4 92 -9 -9 92 3 2 202 -9 0 
1 -9 3 4 92 -9 -9 96 1 2 202 -9 0 
1 -9 3 4 92 -9 -9 98 1 2 202 -9 0 
1 -9 3 4 92 -9 -9 101 1 2 202 -9 0 
1 -9 3 4 92 -9 -9 102 1 2 202 -9 0 
1 -9 3 4 92 -9 -9 55 1 1 202 -9 0 
1 -9 3 4 92 -9 -9 58 1 1 202 -9 0 
1 -9 3 4 92 -9 -9 59 1 1 202 -9 0 
1 -9 3 4 92 -9 -9 60 1 1 202 -9 0 
1 -9 3 4 92 -9 -9 61 1 1 202 -9 0 
1 -9 3 4 92 -9 -9 62 2 1 202 -9 0 
1 -9 3 4 92 -9 -9 63 1 1 202 -9 0 
1 -9 3 25 93 -9 -9 68 2 1 202 -9 0 
1 -9 3 25 93 -9 -9 69 5 1 202 -9 0 
1 -9 3 25 93 -9 -9 70 2 1 202 -9 0 
1 -9 3 25 93 -9 -9 71 2 1 202 -9 0 
1 -9 3 25 93 -9 -9 72 1 1 202 -9 0 
1 -9 3 25 93 -9 -9 73 2 1 202 -9 0 
1 -9 3 25 93 -9 -9 75 1 1 202 -9 0 
1 -9 3 25 93 -9 -9 76 1 1 202 -9 0 
1 -9 3 25 93 -9 -9 79 1 1 202 -9 0 
7 -9 3 25 93 -9 -9 52 1 2 202 -9 0 
7 -9 3 25 93 -9 -9 53 1 2 202 -9 0 
7 -9 3 25 93 -9 -9 55 1 2 202 -9 0 
7 -9 3 25 93 -9 -9 59 2 2 202 -9 0 
7 -9 3 25 93 -9 -9 60 1 2 202 -9 0 
7 -9 3 25 93 -9 -9 62 1 2 202 -9 0 
7 -9 3 25 93 -9 -9 63 3 2 202 -9 0 
7 -9 3 25 93 -9 -9 64 5 2 202 -9 0 
7 -9 3 25 93 -9 -9 65 4 2 202 -9 0 
7 -9 3 25 93 -9 -9 67 5 2 202 -9 0 
7 -9 3 25 93 -9 -9 68 3 2 202 -9 0 
7 -9 3 25 93 -9 -9 69 1 2 202 -9 0 
7 -9 3 25 93 -9 -9 70 6 2 202 -9 0 
7 -9 3 25 93 -9 -9 71 3 2 202 -9 0 
7 -9 3 25 93 -9 -9 72 1 2 202 -9 0 
7 -9 3 25 93 -9 -9 73 1 2 202 -9 0 
7 -9 3 25 93 -9 -9 74 3 2 202 -9 0 
7 -9 3 25 93 -9 -9 75 3 2 202 -9 0 
7 -9 3 25 93 -9 -9 76 4 2 202 -9 0 
7 -9 3 25 93 -9 -9 77 1 2 202 -9 0 
7 -9 3 25 93 -9 -9 79 1 2 202 -9 0 
7 -9 3 25 93 -9 -9 80 1 2 202 -9 0 
7 -9 3 25 93 -9 -9 81 2 2 202 -9 0 
7 -9 3 25 93 -9 -9 82 1 2 202 -9 0 
7 -9 3 25 93 -9 -9 84 1 2 202 -9 0 
7 -9 3 25 93 -9 -9 87 1 2 202 -9 0 
7 -9 3 25 93 -9 -9 51 1 1 202 -9 0 
7 -9 3 25 93 -9 -9 53 1 1 202 -9 0 
7 -9 3 25 93 -9 -9 55 1 1 202 -9 0 
7 -9 3 25 93 -9 -9 56 1 1 202 -9 0 
7 -9 3 25 93 -9 -9 57 2 1 202 -9 0 
7 -9 3 25 93 -9 -9 58 2 1 202 -9 0 
7 -9 3 25 93 -9 -9 60 3 1 202 -9 0 
7 -9 3 25 93 -9 -9 61 1 1 202 -9 0 
7 -9 3 25 93 -9 -9 62 1 1 202 -9 0 
7 -9 3 25 93 -9 -9 63 4 1 202 -9 0 
7 -9 3 25 93 -9 -9 64 1 1 202 -9 0 
7 -9 3 25 93 -9 -9 65 5 1 202 -9 0 
7 -9 3 25 93 -9 -9 66 1 1 202 -9 0 
7 -9 3 25 93 -9 -9 67 2 1 202 -9 0 
1 -9 3 3 94 -9 -9 73 2 2 202 -9 0 
1 -9 3 3 94 -9 -9 77 2 2 202 -9 0 
1 -9 3 3 94 -9 -9 78 3 2 202 -9 0 
1 -9 3 3 94 -9 -9 81 1 2 202 -9 0 
1 -9 3 3 94 -9 -9 46 3 1 202 -9 0 
1 -9 3 3 94 -9 -9 48 2 1 202 -9 0 
1 -9 3 3 94 -9 -9 49 1 1 202 -9 0 
1 -9 3 3 94 -9 -9 50 1 1 202 -9 0 
1 -9 3 3 94 -9 -9 51 1 1 202 -9 0 
1 -9 3 3 94 -9 -9 53 4 1 202 -9 0 
1 -9 3 3 94 -9 -9 54 2 1 202 -9 0 
1 -9 3 3 94 -9 -9 56 3 1 202 -9 0 
1 -9 3 3 94 -9 -9 57 3 1 202 -9 0 
1 -9 3 3 94 -9 -9 58 4 1 202 -9 0 
1 -9 3 3 94 -9 -9 59 2 1 202 -9 0 
1 -9 3 3 94 -9 -9 61 1 1 202 -9 0 
1 -9 3 3 94 -9 -9 62 1 1 202 -9 0 
1 -9 3 3 94 -9 -9 63 1 1 202 -9 0 
1 -9 3 3 94 -9 -9 64 4 1 202 -9 0 
1 -9 3 3 94 -9 -9 65 4 1 202 -9 0 
1 -9 3 3 94 -9 -9 66 1 1 202 -9 0 
1 -9 3 3 94 -9 -9 67 8 1 202 -9 0 
1 -9 3 3 94 -9 -9 68 1 1 202 -9 0 
1 -9 3 3 94 -9 -9 69 10 1 202 -9 0 
1 -9 3 3 94 -9 -9 70 3 1 202 -9 0 
1 -9 3 3 94 -9 -9 71 1 1 202 -9 0 
1 -9 3 3 94 -9 -9 73 1 1 202 -9 0 
1 -9 3 3 94 -9 -9 75 1 1 202 -9 0 
1 -9 3 3 94 -9 -9 76 1 1 202 -9 0 
1 -9 3 3 94 -9 -9 78 1 1 202 -9 0 
1 -9 3 3 94 -9 -9 79 1 1 202 -9 0 
1 -9 3 3 94 -9 -9 81 1 1 202 -9 0 
1 -9 3 3 94 -9 -9 84 1 1 202 -9 0 
1 -9 3 3 94 -9 -9 43 3 2 202 -9 0 
1 -9 3 3 94 -9 -9 45 1 2 202 -9 0 
1 -9 3 3 94 -9 -9 46 1 2 202 -9 0 
1 -9 3 3 94 -9 -9 47 2 2 202 -9 0 
1 -9 3 3 94 -9 -9 48 1 2 202 -9 0 
1 -9 3 3 94 -9 -9 52 1 2 202 -9 0 
1 -9 3 3 94 -9 -9 53 1 2 202 -9 0 
1 -9 3 3 94 -9 -9 54 2 2 202 -9 0 
1 -9 3 3 94 -9 -9 55 1 2 202 -9 0 
1 -9 3 3 94 -9 -9 56 4 2 202 -9 0 
1 -9 3 3 94 -9 -9 58 1 2 202 -9 0 
1 -9 3 3 94 -9 -9 59 3 2 202 -9 0 
1 -9 3 3 94 -9 -9 60 2 2 202 -9 0 
1 -9 3 3 94 -9 -9 61 2 2 202 -9 0 
1 -9 3 3 94 -9 -9 62 3 2 202 -9 0 
1 -9 3 3 94 -9 -9 64 1 2 202 -9 0 
1 -9 3 3 94 -9 -9 65 1 2 202 -9 0 
1 -9 3 3 94 -9 -9 66 1 2 202 -9 0 
1 -9 3 3 94 -9 -9 67 3 2 202 -9 0 
1 -9 3 3 94 -9 -9 68 3 2 202 -9 0 
1 -9 3 3 94 -9 -9 69 4 2 202 -9 0 
1 -9 3 3 94 -9 -9 70 1 2 202 -9 0 
1 -9 3 3 94 -9 -9 71 2 2 202 -9 0 
1 -9 3 3 94 -9 -9 72 1 2 202 -9 0 
7 -9 2 21 94 -9 -9 77 2 2 202 -9 0 
7 -9 2 21 94 -9 -9 78 1 2 202 -9 0 
7 -9 2 21 94 -9 -9 79 1 2 202 -9 0 
7 -9 2 21 94 -9 -9 82 1 2 202 -9 0 
7 -9 2 21 94 -9 -9 84 1 2 202 -9 0 
7 -9 2 21 94 -9 -9 86 1 2 202 -9 0 
7 -9 2 21 94 -9 -9 94 1 2 202 -9 0 
7 -9 2 21 94 -9 -9 42 1 1 202 -9 0 
7 -9 2 21 94 -9 -9 45 1 1 202 -9 0 
7 -9 2 21 94 -9 -9 48 4 1 202 -9 0 
7 -9 2 21 94 -9 -9 49 2 1 202 -9 0 
7 -9 2 21 94 -9 -9 51 3 1 202 -9 0 
7 -9 2 21 94 -9 -9 52 3 1 202 -9 0 
7 -9 2 21 94 -9 -9 53 3 1 202 -9 0 
7 -9 2 21 94 -9 -9 54 8 1 202 -9 0 
7 -9 2 21 94 -9 -9 55 2 1 202 -9 0 
7 -9 2 21 94 -9 -9 56 1 1 202 -9 0 
7 -9 2 21 94 -9 -9 57 1 1 202 -9 0 
7 -9 2 21 94 -9 -9 58 1 1 202 -9 0 
7 -9 2 21 94 -9 -9 59 5 1 202 -9 0 
7 -9 2 21 94 -9 -9 60 1 1 202 -9 0 
7 -9 2 21 94 -9 -9 61 2 1 202 -9 0 
7 -9 2 21 94 -9 -9 62 1 1 202 -9 0 
7 -9 2 21 94 -9 -9 63 1 1 202 -9 0 
7 -9 2 21 94 -9 -9 65 2 1 202 -9 0 
7 -9 2 21 94 -9 -9 66 1 1 202 -9 0 
7 -9 2 21 94 -9 -9 67 3 1 202 -9 0 
7 -9 2 21 94 -9 -9 68 4 1 202 -9 0 
7 -9 2 21 94 -9 -9 69 4 1 202 -9 0 
7 -9 2 21 94 -9 -9 70 2 1 202 -9 0 
7 -9 2 21 94 -9 -9 71 2 1 202 -9 0 
7 -9 2 21 94 -9 -9 72 2 1 202 -9 0 
7 -9 2 21 94 -9 -9 73 6 1 202 -9 0 
7 -9 2 21 94 -9 -9 74 1 1 202 -9 0 
7 -9 2 21 94 -9 -9 75 1 1 202 -9 0 
7 -9 2 21 94 -9 -9 76 1 1 202 -9 0 
7 -9 2 21 94 -9 -9 77 3 1 202 -9 0 
7 -9 2 21 94 -9 -9 78 1 1 202 -9 0 
7 -9 2 21 94 -9 -9 79 1 1 202 -9 0 
7 -9 2 21 94 -9 -9 80 1 1 202 -9 0 
7 -9 2 21 94 -9 -9 81 1 1 202 -9 0 
7 -9 2 21 94 -9 -9 82 2 1 202 -9 0 
7 -9 2 21 94 -9 -9 85 1 1 202 -9 0 
7 -9 2 21 94 -9 -9 86 1 1 202 -9 0 
7 -9 2 21 94 -9 -9 89 1 1 202 -9 0 
7 -9 2 22 94 -9 -9 49 1 2 202 -9 0 
7 -9 2 22 94 -9 -9 50 1 2 202 -9 0 
7 -9 2 22 94 -9 -9 51 1 2 202 -9 0 
7 -9 2 22 94 -9 -9 54 1 2 202 -9 0 
7 -9 2 22 94 -9 -9 55 1 2 202 -9 0 
7 -9 2 22 94 -9 -9 57 1 2 202 -9 0 
1 -9 2 22 94 -9 -9 66 4 1 202 -9 0 
1 -9 2 22 94 -9 -9 67 1 1 202 -9 0 
1 -9 2 22 94 -9 -9 68 1 1 202 -9 0 
1 -9 2 22 94 -9 -9 69 1 1 202 -9 0 
1 -9 2 22 94 -9 -9 70 2 1 202 -9 0 
1 -9 2 22 94 -9 -9 73 2 1 202 -9 0 
1 -9 2 22 94 -9 -9 74 2 1 202 -9 0 
1 -9 2 22 94 -9 -9 75 3 1 202 -9 0 
1 -9 2 22 94 -9 -9 77 1 1 202 -9 0 
1 -9 2 22 94 -9 -9 79 1 1 202 -9 0 
1 -9 2 22 94 -9 -9 81 2 1 202 -9 0 
1 -9 2 21 94 -9 -9 70 4 2 202 -9 0 
1 -9 2 21 94 -9 -9 71 3 2 202 -9 0 
1 -9 2 21 94 -9 -9 72 2 2 202 -9 0 
1 -9 2 21 94 -9 -9 73 2 2 202 -9 0 
1 -9 2 21 94 -9 -9 74 1 2 202 -9 0 
1 -9 2 21 94 -9 -9 75 3 2 202 -9 0 
1 -9 2 21 94 -9 -9 76 2 2 202 -9 0 
1 -9 2 22 94 -9 -9 58 1 2 202 -9 0 
1 -9 2 22 94 -9 -9 59 1 2 202 -9 0 
1 -9 2 22 94 -9 -9 60 1 2 202 -9 0 
1 -9 2 22 94 -9 -9 63 1 2 202 -9 0 
1 -9 2 22 94 -9 -9 64 2 2 202 -9 0 
1 -9 2 22 94 -9 -9 65 1 2 202 -9 0 
1 -9 2 22 94 -9 -9 66 2 2 202 -9 0 
1 -9 2 22 94 -9 -9 67 1 2 202 -9 0 
1 -9 2 22 94 -9 -9 68 2 2 202 -9 0 
1 -9 2 22 94 -9 -9 70 6 2 202 -9 0 
1 -9 2 22 94 -9 -9 73 2 2 202 -9 0 
1 -9 2 22 94 -9 -9 81 1 2 202 -9 0 
1 -9 2 22 94 -9 -9 83 1 2 202 -9 0 
1 -9 2 22 94 -9 -9 84 1 2 202 -9 0 
1 -9 2 22 94 -9 -9 44 1 1 202 -9 0 
1 -9 2 22 94 -9 -9 49 2 1 202 -9 0 
1 -9 2 22 94 -9 -9 50 2 1 202 -9 0 
1 -9 2 22 94 -9 -9 51 1 1 202 -9 0 
1 -9 2 22 94 -9 -9 52 2 1 202 -9 0 
1 -9 2 22 94 -9 -9 53 2 1 202 -9 0 
1 -9 2 22 94 -9 -9 55 1 1 202 -9 0 
1 -9 2 22 94 -9 -9 57 1 1 202 -9 0 
1 -9 2 22 94 -9 -9 60 1 1 202 -9 0 
1 -9 2 22 94 -9 -9 61 2 1 202 -9 0 
1 -9 2 22 94 -9 -9 65 3 1 202 -9 0 
1 -9 3 12 94 -9 -9 90 1 2 202 -9 0 
1 -9 3 12 94 -9 -9 91 1 2 202 -9 0 
1 -9 3 12 94 -9 -9 99 1 2 202 -9 0 
1 -9 3 12 94 -9 -9 59 1 1 202 -9 0 
1 -9 3 12 94 -9 -9 61 4 2 202 -9 0 
1 -9 3 12 94 -9 -9 63 4 2 202 -9 0 
1 -9 3 12 94 -9 -9 64 2 2 202 -9 0 
1 -9 3 12 94 -9 -9 65 1 2 202 -9 0 
1 -9 3 12 94 -9 -9 67 1 2 202 -9 0 
1 -9 3 12 94 -9 -9 68 1 2 202 -9 0 
1 -9 3 12 94 -9 -9 69 2 2 202 -9 0 
1 -9 3 12 94 -9 -9 70 2 2 202 -9 0 
1 -9 3 12 94 -9 -9 73 4 2 202 -9 0 
1 -9 3 12 94 -9 -9 74 3 2 202 -9 0 
1 -9 3 12 94 -9 -9 76 2 2 202 -9 0 
1 -9 3 12 94 -9 -9 77 1 2 202 -9 0 
1 -9 3 12 94 -9 -9 79 1 2 202 -9 0 
1 -9 3 12 94 -9 -9 80 4 2 202 -9 0 
1 -9 3 12 94 -9 -9 81 2 2 202 -9 0 
1 -9 3 12 94 -9 -9 83 1 2 202 -9 0 
1 -9 3 12 94 -9 -9 84 4 2 202 -9 0 
1 -9 3 12 94 -9 -9 85 2 2 202 -9 0 
1 -9 3 12 94 -9 -9 86 4 2 202 -9 0 
1 -9 3 12 94 -9 -9 88 1 2 202 -9 0 
1 -9 3 12 94 -9 -9 89 2 2 202 -9 0 
1 -9 3 12 94 -9 -9 91 3 1 202 -9 0 
1 -9 3 12 94 -9 -9 92 2 1 202 -9 0 
1 -9 3 12 94 -9 -9 93 1 1 202 -9 0 
1 -9 3 12 94 -9 -9 94 1 1 202 -9 0 
1 -9 3 12 94 -9 -9 95 1 1 202 -9 0 
1 -9 3 12 94 -9 -9 96 1 1 202 -9 0 
1 -9 3 12 94 -9 -9 97 3 1 202 -9 0 
1 -9 3 12 94 -9 -9 99 1 1 202 -9 0 
1 -9 3 12 94 -9 -9 62 2 1 202 -9 0 
7 -9 3 12 94 -9 -9 86 5 1 202 -9 0 
7 -9 3 12 94 -9 -9 87 4 1 202 -9 0 
7 -9 3 12 94 -9 -9 88 5 1 202 -9 0 
7 -9 3 12 94 -9 -9 89 3 1 202 -9 0 
7 -9 3 12 94 -9 -9 90 1 1 202 -9 0 
7 -9 2 21 94 -9 -9 42 1 2 202 -9 0 
7 -9 2 21 94 -9 -9 45 1 2 202 -9 0 
7 -9 2 21 94 -9 -9 46 1 2 202 -9 0 
7 -9 2 21 94 -9 -9 47 2 2 202 -9 0 
7 -9 3 11 94 -9 -9 65 1 2 202 -9 0 
7 -9 3 11 94 -9 -9 67 1 2 202 -9 0 
7 -9 3 11 94 -9 -9 68 2 2 202 -9 0 
7 -9 3 11 94 -9 -9 69 2 2 202 -9 0 
7 -9 3 11 94 -9 -9 70 3 2 202 -9 0 
7 -9 3 11 94 -9 -9 71 1 2 202 -9 0 
7 -9 3 11 94 -9 -9 72 1 2 202 -9 0 
7 -9 3 11 94 -9 -9 73 1 2 202 -9 0 
7 -9 3 11 94 -9 -9 74 5 2 202 -9 0 
7 -9 3 11 94 -9 -9 75 4 2 202 -9 0 
7 -9 3 11 94 -9 -9 76 3 2 202 -9 0 
7 -9 3 11 94 -9 -9 77 7 2 202 -9 0 
7 -9 3 11 94 -9 -9 78 2 2 202 -9 0 
7 -9 3 11 94 -9 -9 79 5 2 202 -9 0 
7 -9 3 11 94 -9 -9 80 3 2 202 -9 0 
7 -9 3 11 94 -9 -9 81 2 2 202 -9 0 
7 -9 3 12 94 -9 -9 63 4 1 202 -9 0 
7 -9 3 12 94 -9 -9 64 1 1 202 -9 0 
7 -9 3 12 94 -9 -9 65 1 1 202 -9 0 
7 -9 3 12 94 -9 -9 66 1 1 202 -9 0 
7 -9 3 12 94 -9 -9 67 5 1 202 -9 0 
7 -9 3 12 94 -9 -9 68 3 1 202 -9 0 
7 -9 3 12 94 -9 -9 69 4 1 202 -9 0 
7 -9 3 12 94 -9 -9 70 2 1 202 -9 0 
7 -9 3 12 94 -9 -9 71 3 1 202 -9 0 
7 -9 3 12 94 -9 -9 72 5 1 202 -9 0 
7 -9 3 12 94 -9 -9 73 8 1 202 -9 0 
7 -9 3 12 94 -9 -9 74 9 1 202 -9 0 
7 -9 3 12 94 -9 -9 75 10 1 202 -9 0 
7 -9 3 12 94 -9 -9 76 7 1 202 -9 0 
7 -9 3 12 94 -9 -9 77 11 1 202 -9 0 
7 -9 3 12 94 -9 -9 78 9 1 202 -9 0 
7 -9 3 12 94 -9 -9 79 1 1 202 -9 0 
7 -9 3 12 94 -9 -9 80 5 1 202 -9 0 
7 -9 3 12 94 -9 -9 81 7 1 202 -9 0 
7 -9 3 12 94 -9 -9 82 7 1 202 -9 0 
7 -9 3 12 94 -9 -9 83 5 1 202 -9 0 
7 -9 3 12 94 -9 -9 84 6 1 202 -9 0 
7 -9 3 12 94 -9 -9 85 4 1 202 -9 0 
7 -9 3 11 94 -9 -9 83 1 2 202 -9 0 
7 -9 3 11 94 -9 -9 84 2 2 202 -9 0 
7 -9 3 11 94 -9 -9 85 3 2 202 -9 0 
7 -9 3 11 94 -9 -9 87 3 2 202 -9 0 
7 -9 3 11 94 -9 -9 89 3 2 202 -9 0 
7 -9 3 11 94 -9 -9 90 3 2 202 -9 0 
7 -9 3 11 94 -9 -9 91 1 2 202 -9 0 
7 -9 3 11 94 -9 -9 93 2 2 202 -9 0 
7 -9 3 11 94 -9 -9 98 1 2 202 -9 0 
7 -9 3 11 94 -9 -9 99 1 2 202 -9 0 
7 -9 3 11 94 -9 -9 102 1 2 202 -9 0 
7 -9 3 11 94 -9 -9 55 1 1 202 -9 0 
7 -9 3 11 94 -9 -9 61 2 1 202 -9 0 
7 -9 3 11 94 -9 -9 62 4 1 202 -9 0 
7 -9 3 11 94 -9 -9 63 1 1 202 -9 0 
7 -9 3 11 94 -9 -9 64 2 1 202 -9 0 
7 -9 3 11 94 -9 -9 65 1 1 202 -9 0 
7 -9 3 11 94 -9 -9 66 2 1 202 -9 0 
7 -9 3 11 94 -9 -9 68 4 1 202 -9 0 
7 -9 3 11 94 -9 -9 69 3 1 202 -9 0 
7 -9 3 11 94 -9 -9 70 1 1 202 -9 0 
7 -9 3 11 94 -9 -9 71 2 1 202 -9 0 
7 -9 3 11 94 -9 -9 72 5 1 202 -9 0 
7 -9 3 11 94 -9 -9 73 4 1 202 -9 0 
7 -9 3 11 94 -9 -9 74 4 1 202 -9 0 
7 -9 3 11 94 -9 -9 75 2 1 202 -9 0 
7 -9 3 11 94 -9 -9 76 6 1 202 -9 0 
1 -9 3 11 94 -9 -9 84 1 1 202 -9 0 
1 -9 3 11 94 -9 -9 85 4 1 202 -9 0 
1 -9 3 11 94 -9 -9 86 2 1 202 -9 0 
1 -9 3 11 94 -9 -9 87 1 1 202 -9 0 
1 -9 3 11 94 -9 -9 88 1 1 202 -9 0 
1 -9 3 11 94 -9 -9 89 1 1 202 -9 0 
1 -9 3 11 94 -9 -9 90 1 1 202 -9 0 
1 -9 3 11 94 -9 -9 94 1 1 202 -9 0 
1 -9 3 11 94 -9 -9 95 2 1 202 -9 0 
1 -9 3 11 94 -9 -9 97 1 1 202 -9 0 
1 -9 3 11 94 -9 -9 77 4 1 202 -9 0 
1 -9 3 11 94 -9 -9 78 7 1 202 -9 0 
1 -9 3 11 94 -9 -9 79 4 1 202 -9 0 
1 -9 3 11 94 -9 -9 80 6 1 202 -9 0 
1 -9 3 11 94 -9 -9 81 1 1 202 -9 0 
1 -9 3 11 94 -9 -9 82 3 1 202 -9 0 
1 -9 3 11 94 -9 -9 83 1 1 202 -9 0 
1 -9 3 11 94 -9 -9 58 1 2 202 -9 0 
1 -9 3 11 94 -9 -9 59 1 2 202 -9 0 
1 -9 3 11 94 -9 -9 61 2 2 202 -9 0 
1 -9 3 11 94 -9 -9 62 2 2 202 -9 0 
1 -9 3 11 94 -9 -9 63 1 2 202 -9 0 
4 -9 2 21 94 -9 -9 49 3 2 202 -9 0 
4 -9 2 21 94 -9 -9 50 1 2 202 -9 0 
4 -9 2 21 94 -9 -9 51 2 2 202 -9 0 
4 -9 2 21 94 -9 -9 52 3 2 202 -9 0 
4 -9 2 21 94 -9 -9 53 3 2 202 -9 0 
4 -9 2 21 94 -9 -9 54 1 2 202 -9 0 
4 -9 2 21 94 -9 -9 55 1 2 202 -9 0 
4 -9 2 21 94 -9 -9 56 1 2 202 -9 0 
4 -9 2 21 94 -9 -9 58 2 2 202 -9 0 
4 -9 2 21 94 -9 -9 59 1 2 202 -9 0 
4 -9 2 21 94 -9 -9 60 3 2 202 -9 0 
4 -9 2 21 94 -9 -9 63 3 2 202 -9 0 
4 -9 2 21 94 -9 -9 64 1 2 202 -9 0 
4 -9 2 21 94 -9 -9 65 7 2 202 -9 0 
4 -9 2 21 94 -9 -9 66 2 2 202 -9 0 
4 -9 2 21 94 -9 -9 67 3 2 202 -9 0 
4 -9 2 21 94 -9 -9 68 1 2 202 -9 0 
4 -9 2 21 94 -9 -9 69 5 2 202 -9 0 
7 -9 1 30 97 -9 -9 79 1 2 202 -9 0 
7 -9 1 30 97 -9 -9 80 2 2 202 -9 0 
7 -9 1 30 97 -9 -9 81 3 2 202 -9 0 
7 -9 1 30 97 -9 -9 82 1 2 202 -9 0 
7 -9 1 30 97 -9 -9 83 1 2 202 -9 0 
7 -9 1 30 97 -9 -9 84 1 2 202 -9 0 
7 -9 1 30 97 -9 -9 85 1 2 202 -9 0 
7 -9 1 30 97 -9 -9 86 3 2 202 -9 0 
7 -9 1 30 97 -9 -9 87 1 2 202 -9 0 
7 -9 1 30 97 -9 -9 88 2 2 202 -9 0 
7 -9 1 30 97 -9 -9 89 1 2 202 -9 0 
7 -9 1 30 97 -9 -9 90 1 2 202 -9 0 
7 -9 1 30 97 -9 -9 51 1 1 202 -9 0 
7 -9 1 30 97 -9 -9 54 2 1 202 -9 0 
7 -9 1 30 97 -9 -9 55 2 1 202 -9 0 
7 -9 1 30 97 -9 -9 56 2 1 202 -9 0 
7 -9 1 30 97 -9 -9 57 5 1 202 -9 0 
7 -9 1 30 97 -9 -9 58 1 1 202 -9 0 
7 -9 1 30 97 -9 -9 59 2 1 202 -9 0 
7 -9 1 30 97 -9 -9 60 2 1 202 -9 0 
7 -9 1 30 97 -9 -9 61 5 1 202 -9 0 
7 -9 1 30 97 -9 -9 62 4 1 202 -9 0 
7 -9 1 30 97 -9 -9 63 1 1 202 -9 0 
7 -9 1 30 97 -9 -9 64 3 1 202 -9 0 
7 -9 1 30 97 -9 -9 65 6 1 202 -9 0 
7 -9 1 30 97 -9 -9 66 4 1 202 -9 0 
7 -9 1 30 97 -9 -9 67 1 1 202 -9 0 
7 -9 1 30 97 -9 -9 68 3 1 202 -9 0 
7 -9 1 30 97 -9 -9 69 5 1 202 -9 0 
7 -9 1 30 97 -9 -9 70 3 1 202 -9 0 
7 -9 1 30 97 -9 -9 71 2 1 202 -9 0 
7 -9 1 30 97 -9 -9 72 1 1 202 -9 0 
7 -9 1 30 97 -9 -9 73 2 1 202 -9 0 
7 -9 1 30 97 -9 -9 75 1 1 202 -9 0 
7 -9 1 30 97 -9 -9 76 2 1 202 -9 0 
7 -9 1 30 97 -9 -9 77 3 1 202 -9 0 
7 -9 1 30 97 -9 -9 78 1 1 202 -9 0 
7 -9 1 30 97 -9 -9 79 3 1 202 -9 0 
7 -9 1 30 97 -9 -9 80 1 1 202 -9 0 
7 -9 1 30 97 -9 -9 81 2 1 202 -9 0 
7 -9 1 30 97 -9 -9 82 1 1 202 -9 0 
7 -9 1 30 97 -9 -9 83 2 1 202 -9 0 
7 -9 1 30 97 -9 -9 88 1 1 202 -9 0 
1 -9 2 12 97 -9 -9 81 3 2 202 -9 0 
1 -9 2 12 97 -9 -9 83 1 2 202 -9 0 
1 -9 2 12 97 -9 -9 84 1 2 202 -9 0 
1 -9 2 12 97 -9 -9 85 3 2 202 -9 0 
1 -9 2 12 97 -9 -9 88 4 2 202 -9 0 
1 -9 2 12 97 -9 -9 89 2 2 202 -9 0 
1 -9 2 12 97 -9 -9 90 1 2 202 -9 0 
1 -9 2 12 97 -9 -9 93 1 2 202 -9 0 
1 -9 2 12 97 -9 -9 94 1 2 202 -9 0 
1 -9 2 12 97 -9 -9 96 1 2 202 -9 0 
1 -9 2 12 97 -9 -9 100 1 2 202 -9 0 
1 -9 2 12 97 -9 -9 51 2 1 202 -9 0 
1 -9 2 12 97 -9 -9 54 1 1 202 -9 0 
1 -9 2 12 97 -9 -9 55 1 1 202 -9 0 
1 -9 2 12 97 -9 -9 56 1 1 202 -9 0 
1 -9 2 12 97 -9 -9 57 4 1 202 -9 0 
1 -9 2 12 97 -9 -9 59 1 1 202 -9 0 
1 -9 2 12 97 -9 -9 60 5 1 202 -9 0 
1 -9 2 12 97 -9 -9 63 6 1 202 -9 0 
1 -9 2 12 97 -9 -9 64 3 1 202 -9 0 
7 -9 2 12 97 -9 -9 65 3 1 202 -9 0 
7 -9 2 12 97 -9 -9 66 2 1 202 -9 0 
7 -9 2 12 97 -9 -9 67 5 1 202 -9 0 
7 -9 2 12 97 -9 -9 68 5 1 202 -9 0 
7 -9 2 12 97 -9 -9 69 4 1 202 -9 0 
7 -9 2 12 97 -9 -9 70 1 1 202 -9 0 
7 -9 2 12 97 -9 -9 71 2 1 202 -9 0 
7 -9 2 12 97 -9 -9 73 5 1 202 -9 0 
7 -9 2 12 97 -9 -9 74 1 1 202 -9 0 
7 -9 2 12 97 -9 -9 75 2 1 202 -9 0 
7 -9 2 12 97 -9 -9 76 1 1 202 -9 0 
7 -9 2 12 97 -9 -9 77 3 1 202 -9 0 
7 -9 2 12 97 -9 -9 78 2 1 202 -9 0 
7 -9 2 12 97 -9 -9 79 2 1 202 -9 0 
7 -9 2 12 97 -9 -9 80 1 1 202 -9 0 
7 -9 2 12 97 -9 -9 81 2 1 202 -9 0 
7 -9 2 12 97 -9 -9 82 4 1 202 -9 0 
7 -9 2 12 97 -9 -9 84 1 1 202 -9 0 
7 -9 2 12 97 -9 -9 85 3 1 202 -9 0 
7 -9 2 12 97 -9 -9 86 1 1 202 -9 0 
7 -9 2 12 97 -9 -9 87 1 1 202 -9 0 
7 -9 2 12 97 -9 -9 91 1 1 202 -9 0 
7 -9 2 12 97 -9 -9 93 1 1 202 -9 0 
7 -9 2 12 97 -9 -9 94 1 1 202 -9 0 
7 -9 2 12 97 -9 -9 97 1 1 202 -9 0 
1 -9 2 3 97 -9 -9 77 1 2 202 -9 0 
1 -9 2 26 97 -9 -9 56 1 2 202 -9 0 
1 -9 2 26 97 -9 -9 58 1 2 202 -9 0 
1 -9 2 26 97 -9 -9 59 1 2 202 -9 0 
1 -9 2 26 97 -9 -9 61 1 2 202 -9 0 
1 -9 2 26 97 -9 -9 62 2 2 202 -9 0 
1 -9 2 26 97 -9 -9 64 2 2 202 -9 0 
1 -9 2 26 97 -9 -9 65 5 2 202 -9 0 
1 -9 2 26 97 -9 -9 66 4 2 202 -9 0 
1 -9 2 26 97 -9 -9 67 4 2 202 -9 0 
1 -9 2 26 97 -9 -9 68 5 2 202 -9 0 
1 -9 2 26 97 -9 -9 69 1 2 202 -9 0 
1 -9 2 26 97 -9 -9 71 2 2 202 -9 0 
1 -9 2 26 97 -9 -9 72 3 2 202 -9 0 
1 -9 2 26 97 -9 -9 73 2 2 202 -9 0 
1 -9 2 26 97 -9 -9 74 4 2 202 -9 0 
1 -9 2 26 97 -9 -9 75 2 2 202 -9 0 
1 -9 2 26 97 -9 -9 76 2 2 202 -9 0 
1 -9 2 26 97 -9 -9 77 5 2 202 -9 0 
1 -9 2 26 97 -9 -9 78 3 2 202 -9 0 
1 -9 2 26 97 -9 -9 80 1 2 202 -9 0 
1 -9 2 26 97 -9 -9 81 6 2 202 -9 0 
1 -9 2 26 97 -9 -9 82 2 2 202 -9 0 
1 -9 2 26 97 -9 -9 83 2 2 202 -9 0 
1 -9 2 26 97 -9 -9 84 1 2 202 -9 0 
1 -9 2 26 97 -9 -9 85 1 2 202 -9 0 
1 -9 2 26 97 -9 -9 87 3 2 202 -9 0 
1 -9 2 26 97 -9 -9 88 2 2 202 -9 0 
1 -9 2 26 97 -9 -9 90 3 2 202 -9 0 
1 -9 2 26 97 -9 -9 91 1 2 202 -9 0 
1 -9 2 26 97 -9 -9 92 1 2 202 -9 0 
1 -9 2 26 97 -9 -9 97 1 2 202 -9 0 
1 -9 2 26 97 -9 -9 54 1 1 202 -9 0 
1 -9 2 26 97 -9 -9 55 1 1 202 -9 0 
1 -9 2 26 97 -9 -9 57 2 1 202 -9 0 
1 -9 2 26 97 -9 -9 58 3 1 202 -9 0 
1 -9 2 26 97 -9 -9 59 3 1 202 -9 0 
1 -9 2 26 97 -9 -9 60 5 1 202 -9 0 
1 -9 2 26 97 -9 -9 61 2 1 202 -9 0 
7 -9 2 2 97 -9 -9 50 1 2 202 -9 0 
7 -9 2 2 97 -9 -9 52 3 2 202 -9 0 
7 -9 2 2 97 -9 -9 53 1 2 202 -9 0 
7 -9 2 2 97 -9 -9 54 1 2 202 -9 0 
7 -9 2 2 97 -9 -9 55 1 2 202 -9 0 
7 -9 2 2 97 -9 -9 56 1 2 202 -9 0 
7 -9 2 2 97 -9 -9 57 1 2 202 -9 0 
7 -9 2 2 97 -9 -9 58 1 2 202 -9 0 
7 -9 2 2 97 -9 -9 59 3 2 202 -9 0 
7 -9 2 2 97 -9 -9 60 3 2 202 -9 0 
7 -9 2 2 97 -9 -9 61 9 2 202 -9 0 
7 -9 2 2 97 -9 -9 62 6 2 202 -9 0 
7 -9 2 2 97 -9 -9 63 5 2 202 -9 0 
7 -9 2 2 97 -9 -9 64 7 2 202 -9 0 
7 -9 2 2 97 -9 -9 65 4 2 202 -9 0 
7 -9 2 2 97 -9 -9 66 7 2 202 -9 0 
7 -9 2 2 97 -9 -9 67 2 2 202 -9 0 
7 -9 2 2 97 -9 -9 68 2 2 202 -9 0 
7 -9 2 2 97 -9 -9 69 5 2 202 -9 0 
7 -9 2 2 97 -9 -9 70 4 2 202 -9 0 
7 -9 2 2 97 -9 -9 71 2 2 202 -9 0 
7 -9 2 2 97 -9 -9 72 4 2 202 -9 0 
7 -9 2 2 97 -9 -9 73 1 2 202 -9 0 
7 -9 2 2 97 -9 -9 74 4 2 202 -9 0 
7 -9 2 2 97 -9 -9 75 3 2 202 -9 0 
7 -9 2 2 97 -9 -9 77 2 2 202 -9 0 
7 -9 2 2 97 -9 -9 78 2 2 202 -9 0 
7 -9 2 2 97 -9 -9 79 1 2 202 -9 0 
7 -9 2 2 97 -9 -9 80 3 2 202 -9 0 
7 -9 2 2 97 -9 -9 81 4 2 202 -9 0 
7 -9 2 2 97 -9 -9 82 6 2 202 -9 0 
7 -9 2 2 97 -9 -9 83 1 2 202 -9 0 
7 -9 2 2 97 -9 -9 85 4 2 202 -9 0 
7 -9 2 2 97 -9 -9 86 3 2 202 -9 0 
7 -9 2 2 97 -9 -9 87 1 2 202 -9 0 
7 -9 2 2 97 -9 -9 91 1 2 202 -9 0 
7 -9 2 2 97 -9 -9 93 1 2 202 -9 0 
7 -9 2 2 97 -9 -9 47 1 1 202 -9 0 
7 -9 2 2 97 -9 -9 50 1 1 202 -9 0 
7 -9 2 2 97 -9 -9 51 2 1 202 -9 0 
7 -9 2 2 97 -9 -9 52 3 1 202 -9 0 
7 -9 2 2 97 -9 -9 53 4 1 202 -9 0 
7 -9 2 2 97 -9 -9 54 1 1 202 -9 0 
7 -9 2 2 97 -9 -9 55 4 1 202 -9 0 
7 -9 2 2 97 -9 -9 56 1 1 202 -9 0 
7 -9 2 2 97 -9 -9 57 2 1 202 -9 0 
7 -9 2 2 97 -9 -9 58 2 1 202 -9 0 
7 -9 2 2 97 -9 -9 59 4 1 202 -9 0 
7 -9 2 2 97 -9 -9 60 3 1 202 -9 0 
1 -9 2 26 97 -9 -9 62 2 1 202 -9 0 
1 -9 2 26 97 -9 -9 63 5 1 202 -9 0 
1 -9 2 26 97 -9 -9 64 4 1 202 -9 0 
1 -9 2 26 97 -9 -9 65 4 1 202 -9 0 
1 -9 2 26 97 -9 -9 66 5 1 202 -9 0 
1 -9 2 26 97 -9 -9 67 1 1 202 -9 0 
1 -9 2 26 97 -9 -9 68 2 1 202 -9 0 
1 -9 2 26 97 -9 -9 69 3 1 202 -9 0 
1 -9 2 26 97 -9 -9 70 7 1 202 -9 0 
1 -9 2 26 97 -9 -9 71 4 1 202 -9 0 
1 -9 2 26 97 -9 -9 72 2 1 202 -9 0 
1 -9 2 26 97 -9 -9 73 2 1 202 -9 0 
1 -9 2 26 97 -9 -9 74 3 1 202 -9 0 
1 -9 2 26 97 -9 -9 76 6 1 202 -9 0 
1 -9 2 26 97 -9 -9 78 3 1 202 -9 0 
1 -9 2 26 97 -9 -9 79 3 1 202 -9 0 
1 -9 2 26 97 -9 -9 80 3 1 202 -9 0 
1 -9 2 26 97 -9 -9 81 1 1 202 -9 0 
1 -9 2 26 97 -9 -9 82 2 1 202 -9 0 
1 -9 2 26 97 -9 -9 83 2 1 202 -9 0 
1 -9 2 26 97 -9 -9 84 3 1 202 -9 0 
1 -9 2 26 97 -9 -9 85 3 1 202 -9 0 
1 -9 2 26 97 -9 -9 87 1 1 202 -9 0 
1 -9 2 26 97 -9 -9 89 2 1 202 -9 0 
1 -9 2 26 97 -9 -9 90 1 1 202 -9 0 
1 -9 2 26 97 -9 -9 91 1 1 202 -9 0 
7 -9 2 2 97 -9 -9 61 6 1 202 -9 0 
7 -9 2 2 97 -9 -9 62 7 1 202 -9 0 
7 -9 2 2 97 -9 -9 63 3 1 202 -9 0 
7 -9 2 2 97 -9 -9 64 8 1 202 -9 0 
7 -9 2 2 97 -9 -9 65 4 1 202 -9 0 
7 -9 2 2 97 -9 -9 66 6 1 202 -9 0 
7 -9 2 2 97 -9 -9 67 5 1 202 -9 0 
7 -9 2 2 97 -9 -9 68 2 1 202 -9 0 
7 -9 2 2 97 -9 -9 69 4 1 202 -9 0 
7 -9 2 2 97 -9 -9 70 1 1 202 -9 0 
7 -9 2 2 97 -9 -9 71 1 1 202 -9 0 
7 -9 2 2 97 -9 -9 72 4 1 202 -9 0 
7 -9 2 2 97 -9 -9 73 1 1 202 -9 0 
7 -9 2 2 97 -9 -9 75 1 1 202 -9 0 
7 -9 2 2 97 -9 -9 76 2 1 202 -9 0 
7 -9 2 2 97 -9 -9 81 3 1 202 -9 0 
7 -9 2 2 97 -9 -9 82 1 1 202 -9 0 
7 -9 2 2 97 -9 -9 83 2 1 202 -9 0 
7 -9 2 2 97 -9 -9 88 1 1 202 -9 0 
7 -9 2 2 97 -9 -9 95 1 1 202 -9 0 
7 -9 2 2 97 -9 -9 102 1 1 202 -9 0 
7 -9 2 3 97 -9 -9 48 1 2 202 -9 0 
7 -9 2 3 97 -9 -9 49 1 2 202 -9 0 
7 -9 2 3 97 -9 -9 50 1 2 202 -9 0 
7 -9 2 3 97 -9 -9 52 1 2 202 -9 0 
7 -9 2 3 97 -9 -9 53 1 2 202 -9 0 
7 -9 2 3 97 -9 -9 56 4 2 202 -9 0 
7 -9 2 3 97 -9 -9 57 3 2 202 -9 0 
7 -9 2 3 97 -9 -9 58 2 2 202 -9 0 
7 -9 2 3 97 -9 -9 59 1 2 202 -9 0 
7 -9 2 3 97 -9 -9 60 4 2 202 -9 0 
7 -9 2 3 97 -9 -9 61 5 2 202 -9 0 
7 -9 2 3 97 -9 -9 62 1 2 202 -9 0 
7 -9 2 3 97 -9 -9 63 2 2 202 -9 0 
7 -9 2 3 97 -9 -9 65 4 2 202 -9 0 
7 -9 2 3 97 -9 -9 66 3 2 202 -9 0 
7 -9 2 3 97 -9 -9 67 6 2 202 -9 0 
7 -9 2 3 97 -9 -9 68 1 2 202 -9 0 
7 -9 2 3 97 -9 -9 69 2 2 202 -9 0 
7 -9 2 3 97 -9 -9 70 2 2 202 -9 0 
7 -9 2 3 97 -9 -9 71 1 2 202 -9 0 
7 -9 2 3 97 -9 -9 72 1 2 202 -9 0 
7 -9 2 3 97 -9 -9 73 5 2 202 -9 0 
7 -9 2 3 97 -9 -9 74 2 2 202 -9 0 
7 -9 2 3 97 -9 -9 75 2 2 202 -9 0 
7 -9 2 3 97 -9 -9 76 1 2 202 -9 0 
1 -9 2 3 97 -9 -9 78 4 2 202 -9 0 
1 -9 2 3 97 -9 -9 79 2 2 202 -9 0 
1 -9 2 3 97 -9 -9 80 2 2 202 -9 0 
1 -9 2 3 97 -9 -9 81 2 2 202 -9 0 
1 -9 2 3 97 -9 -9 82 3 2 202 -9 0 
1 -9 2 3 97 -9 -9 83 1 2 202 -9 0 
1 -9 2 3 97 -9 -9 84 1 2 202 -9 0 
1 -9 2 3 97 -9 -9 85 2 2 202 -9 0 
1 -9 2 3 97 -9 -9 86 2 2 202 -9 0 
1 -9 2 3 97 -9 -9 87 1 2 202 -9 0 
1 -9 2 3 97 -9 -9 90 3 2 202 -9 0 
1 -9 2 15 97 -9 -9 47 1 2 202 -9 0 
1 -9 2 15 97 -9 -9 54 1 2 202 -9 0 
1 -9 2 15 97 -9 -9 58 1 2 202 -9 0 
1 -9 2 15 97 -9 -9 59 1 2 202 -9 0 
1 -9 2 15 97 -9 -9 60 2 2 202 -9 0 
1 -9 2 15 97 -9 -9 61 5 2 202 -9 0 
1 -9 2 15 97 -9 -9 62 1 2 202 -9 0 
1 -9 2 15 97 -9 -9 63 2 2 202 -9 0 
1 -9 2 15 97 -9 -9 64 3 2 202 -9 0 
1 -9 2 15 97 -9 -9 65 2 2 202 -9 0 
1 -9 2 15 97 -9 -9 66 1 2 202 -9 0 
1 -9 2 15 97 -9 -9 67 6 2 202 -9 0 
1 -9 2 15 97 -9 -9 68 3 2 202 -9 0 
1 -9 2 15 97 -9 -9 69 6 2 202 -9 0 
1 -9 2 15 97 -9 -9 70 1 2 202 -9 0 
1 -9 2 15 97 -9 -9 71 4 2 202 -9 0 
1 -9 2 15 97 -9 -9 72 3 2 202 -9 0 
1 -9 2 15 97 -9 -9 73 3 2 202 -9 0 
1 -9 2 15 97 -9 -9 75 4 2 202 -9 0 
1 -9 2 15 97 -9 -9 76 5 2 202 -9 0 
1 -9 2 15 97 -9 -9 77 1 2 202 -9 0 
1 -9 2 15 97 -9 -9 78 2 2 202 -9 0 
1 -9 2 15 97 -9 -9 79 3 2 202 -9 0 
1 -9 2 15 97 -9 -9 80 2 2 202 -9 0 
1 -9 2 15 97 -9 -9 81 2 2 202 -9 0 
1 -9 2 15 97 -9 -9 82 2 2 202 -9 0 
1 -9 2 15 97 -9 -9 83 1 2 202 -9 0 
1 -9 2 15 97 -9 -9 85 1 2 202 -9 0 
1 -9 2 15 97 -9 -9 86 2 2 202 -9 0 
1 -9 2 15 97 -9 -9 87 4 2 202 -9 0 
1 -9 2 15 97 -9 -9 88 2 2 202 -9 0 
1 -9 2 15 97 -9 -9 90 2 2 202 -9 0 
1 -9 2 15 97 -9 -9 94 2 2 202 -9 0 
1 -9 2 15 97 -9 -9 95 2 2 202 -9 0 
1 -9 2 15 97 -9 -9 50 1 1 202 -9 0 
1 -9 2 15 97 -9 -9 51 1 1 202 -9 0 
7 -9 2 3 97 -9 -9 93 2 2 202 -9 0 
7 -9 2 3 97 -9 -9 50 1 1 202 -9 0 
7 -9 2 3 97 -9 -9 53 1 1 202 -9 0 
7 -9 2 3 97 -9 -9 55 4 1 202 -9 0 
7 -9 2 3 97 -9 -9 56 2 1 202 -9 0 
7 -9 2 3 97 -9 -9 57 3 1 202 -9 0 
7 -9 2 3 97 -9 -9 58 2 1 202 -9 0 
7 -9 2 3 97 -9 -9 59 6 1 202 -9 0 
7 -9 2 3 97 -9 -9 60 7 1 202 -9 0 
7 -9 2 3 97 -9 -9 61 5 1 202 -9 0 
7 -9 2 3 97 -9 -9 62 7 1 202 -9 0 
7 -9 2 3 97 -9 -9 63 3 1 202 -9 0 
7 -9 2 3 97 -9 -9 64 3 1 202 -9 0 
7 -9 2 3 97 -9 -9 65 7 1 202 -9 0 
7 -9 2 3 97 -9 -9 66 2 1 202 -9 0 
7 -9 2 3 97 -9 -9 67 2 1 202 -9 0 
7 -9 2 3 97 -9 -9 68 6 1 202 -9 0 
7 -9 2 3 97 -9 -9 69 2 1 202 -9 0 
7 -9 2 3 97 -9 -9 70 2 1 202 -9 0 
7 -9 2 3 97 -9 -9 71 4 1 202 -9 0 
7 -9 2 3 97 -9 -9 72 2 1 202 -9 0 
7 -9 2 3 97 -9 -9 74 3 1 202 -9 0 
7 -9 2 3 97 -9 -9 75 2 1 202 -9 0 
7 -9 2 3 97 -9 -9 76 2 1 202 -9 0 
7 -9 2 3 97 -9 -9 77 3 1 202 -9 0 
7 -9 2 3 97 -9 -9 78 4 1 202 -9 0 
7 -9 2 3 97 -9 -9 80 1 1 202 -9 0 
7 -9 2 3 97 -9 -9 81 1 1 202 -9 0 
7 -9 2 3 97 -9 -9 83 2 1 202 -9 0 
7 -9 2 3 97 -9 -9 84 2 1 202 -9 0 
7 -9 2 3 97 -9 -9 85 1 1 202 -9 0 
7 -9 2 3 97 -9 -9 86 1 1 202 -9 0 
7 -9 2 3 97 -9 -9 88 2 1 202 -9 0 
7 -9 2 3 97 -9 -9 90 1 1 202 -9 0 
7 -9 2 15 97 -9 -9 52 2 1 202 -9 0 
7 -9 2 15 97 -9 -9 54 1 1 202 -9 0 
7 -9 2 15 97 -9 -9 55 1 1 202 -9 0 
7 -9 2 15 97 -9 -9 56 1 1 202 -9 0 
7 -9 2 15 97 -9 -9 57 2 1 202 -9 0 
7 -9 2 15 97 -9 -9 59 4 1 202 -9 0 
7 -9 2 15 97 -9 -9 60 4 1 202 -9 0 
7 -9 2 15 97 -9 -9 61 7 1 202 -9 0 
7 -9 2 15 97 -9 -9 62 5 1 202 -9 0 
7 -9 2 15 97 -9 -9 63 2 1 202 -9 0 
7 -9 2 15 97 -9 -9 64 1 1 202 -9 0 
7 -9 2 15 97 -9 -9 65 2 1 202 -9 0 
7 -9 2 15 97 -9 -9 67 3 1 202 -9 0 
7 -9 2 15 97 -9 -9 68 4 1 202 -9 0 
7 -9 2 15 97 -9 -9 69 2 1 202 -9 0 
7 -9 2 15 97 -9 -9 70 4 1 202 -9 0 
7 -9 2 15 97 -9 -9 71 1 1 202 -9 0 
7 -9 2 15 97 -9 -9 72 2 1 202 -9 0 
7 -9 2 15 97 -9 -9 73 5 1 202 -9 0 
7 -9 2 15 97 -9 -9 74 2 1 202 -9 0 
7 -9 2 15 97 -9 -9 75 2 1 202 -9 0 
7 -9 2 15 97 -9 -9 77 4 1 202 -9 0 
7 -9 2 15 97 -9 -9 79 2 1 202 -9 0 
7 -9 2 15 97 -9 -9 80 1 1 202 -9 0 
7 -9 2 15 97 -9 -9 81 2 1 202 -9 0 
7 -9 2 15 97 -9 -9 82 2 1 202 -9 0 
7 -9 2 15 97 -9 -9 83 2 1 202 -9 0 
7 -9 2 15 97 -9 -9 84 1 1 202 -9 0 
7 -9 2 15 97 -9 -9 85 1 1 202 -9 0 
7 -9 2 15 97 -9 -9 86 2 1 202 -9 0 
7 -9 2 15 97 -9 -9 87 2 1 202 -9 0 
7 -9 2 15 97 -9 -9 88 1 1 202 -9 0 
7 -9 2 15 97 -9 -9 95 1 1 202 -9 0 
7 -9 2 15 97 -9 -9 96 1 1 202 -9 0 
7 -9 1 26 97 -9 -9 45 1 2 202 -9 0 
7 -9 1 26 97 -9 -9 48 2 2 202 -9 0 
7 -9 1 26 97 -9 -9 49 3 2 202 -9 0 
7 -9 1 26 97 -9 -9 50 1 2 202 -9 0 
7 -9 1 26 97 -9 -9 52 1 2 202 -9 0 
7 -9 1 26 97 -9 -9 53 3 2 202 -9 0 
7 -9 1 26 97 -9 -9 54 3 2 202 -9 0 
7 -9 1 26 97 -9 -9 55 2 2 202 -9 0 
7 -9 1 26 97 -9 -9 56 3 2 202 -9 0 
7 -9 1 26 97 -9 -9 57 3 2 202 -9 0 
7 -9 1 26 97 -9 -9 58 3 2 202 -9 0 
7 -9 1 26 97 -9 -9 59 4 2 202 -9 0 
7 -9 1 26 97 -9 -9 60 3 2 202 -9 0 
7 -9 1 26 97 -9 -9 61 5 2 202 -9 0 
7 -9 1 26 97 -9 -9 62 3 2 202 -9 0 
7 -9 1 26 97 -9 -9 63 2 2 202 -9 0 
7 -9 1 26 97 -9 -9 64 2 2 202 -9 0 
7 -9 1 26 97 -9 -9 65 6 2 202 -9 0 
7 -9 1 26 97 -9 -9 66 7 2 202 -9 0 
7 -9 1 26 97 -9 -9 67 2 2 202 -9 0 
7 -9 1 26 97 -9 -9 68 6 2 202 -9 0 
7 -9 1 26 97 -9 -9 69 2 2 202 -9 0 
7 -9 1 26 97 -9 -9 70 3 2 202 -9 0 
7 -9 1 26 97 -9 -9 71 1 2 202 -9 0 
7 -9 1 26 97 -9 -9 72 3 2 202 -9 0 
7 -9 1 26 97 -9 -9 73 2 2 202 -9 0 
7 -9 1 26 97 -9 -9 74 1 2 202 -9 0 
7 -9 1 26 97 -9 -9 75 1 2 202 -9 0 
7 -9 1 26 97 -9 -9 76 2 2 202 -9 0 
7 -9 1 26 97 -9 -9 77 2 2 202 -9 0 
7 -9 1 26 97 -9 -9 78 2 2 202 -9 0 
7 -9 1 26 97 -9 -9 80 2 2 202 -9 0 
7 -9 1 26 97 -9 -9 82 4 2 202 -9 0 
7 -9 1 26 97 -9 -9 83 1 2 202 -9 0 
7 -9 1 26 97 -9 -9 84 1 2 202 -9 0 
7 -9 1 26 97 -9 -9 85 1 2 202 -9 0 
7 -9 1 26 97 -9 -9 86 1 2 202 -9 0 
7 -9 1 26 97 -9 -9 87 1 2 202 -9 0 
7 -9 1 26 97 -9 -9 88 1 2 202 -9 0 
7 -9 1 26 97 -9 -9 89 1 2 202 -9 0 
7 -9 1 26 97 -9 -9 46 1 1 202 -9 0 
7 -9 1 26 97 -9 -9 47 2 1 202 -9 0 
7 -9 1 26 97 -9 -9 49 1 1 202 -9 0 
7 -9 1 26 97 -9 -9 51 1 1 202 -9 0 
7 -9 1 26 97 -9 -9 52 2 1 202 -9 0 
7 -9 1 26 97 -9 -9 53 2 1 202 -9 0 
7 -9 1 26 97 -9 -9 54 3 1 202 -9 0 
7 -9 1 26 97 -9 -9 55 4 1 202 -9 0 
7 -9 1 26 97 -9 -9 56 4 1 202 -9 0 
7 -9 1 26 97 -9 -9 57 3 1 202 -9 0 
7 -9 1 26 97 -9 -9 58 10 1 202 -9 0 
7 -9 1 26 97 -9 -9 59 5 1 202 -9 0 
7 -9 2 9 97 -9 -9 49 1 2 202 -9 0 
7 -9 2 9 97 -9 -9 54 1 2 202 -9 0 
7 -9 2 9 97 -9 -9 57 1 2 202 -9 0 
7 -9 2 9 97 -9 -9 58 1 2 202 -9 0 
7 -9 1 26 97 -9 -9 60 4 1 202 -9 0 
7 -9 1 26 97 -9 -9 61 5 1 202 -9 0 
7 -9 1 26 97 -9 -9 62 6 1 202 -9 0 
7 -9 1 26 97 -9 -9 63 5 1 202 -9 0 
7 -9 1 26 97 -9 -9 64 8 1 202 -9 0 
7 -9 1 26 97 -9 -9 65 4 1 202 -9 0 
7 -9 1 26 97 -9 -9 66 3 1 202 -9 0 
7 -9 1 26 97 -9 -9 67 4 1 202 -9 0 
7 -9 1 26 97 -9 -9 68 2 1 202 -9 0 
7 -9 1 26 97 -9 -9 70 1 1 202 -9 0 
7 -9 1 26 97 -9 -9 72 1 1 202 -9 0 
7 -9 1 26 97 -9 -9 75 1 1 202 -9 0 
7 -9 1 26 97 -9 -9 76 2 1 202 -9 0 
7 -9 1 26 97 -9 -9 77 1 1 202 -9 0 
7 -9 1 26 97 -9 -9 78 2 1 202 -9 0 
7 -9 1 26 97 -9 -9 80 1 1 202 -9 0 
7 -9 1 26 97 -9 -9 81 1 1 202 -9 0 
7 -9 1 26 97 -9 -9 82 1 1 202 -9 0 
7 -9 1 26 97 -9 -9 83 1 1 202 -9 0 
7 -9 1 26 97 -9 -9 86 1 1 202 -9 0 
7 -9 1 26 97 -9 -9 87 1 1 202 -9 0 
1 -9 2 9 97 -9 -9 59 2 2 202 -9 0 
1 -9 2 9 97 -9 -9 60 2 2 202 -9 0 
1 -9 2 9 97 -9 -9 61 3 2 202 -9 0 
1 -9 2 9 97 -9 -9 62 1 2 202 -9 0 
1 -9 2 9 97 -9 -9 63 7 2 202 -9 0 
1 -9 2 9 97 -9 -9 64 7 2 202 -9 0 
1 -9 2 9 97 -9 -9 65 3 2 202 -9 0 
1 -9 2 9 97 -9 -9 66 4 2 202 -9 0 
1 -9 2 9 97 -9 -9 67 4 2 202 -9 0 
1 -9 2 9 97 -9 -9 68 5 2 202 -9 0 
1 -9 2 9 97 -9 -9 69 4 2 202 -9 0 
1 -9 2 9 97 -9 -9 70 1 2 202 -9 0 
1 -9 2 9 97 -9 -9 71 2 2 202 -9 0 
1 -9 2 9 97 -9 -9 72 4 2 202 -9 0 
1 -9 2 9 97 -9 -9 73 3 2 202 -9 0 
1 -9 2 9 97 -9 -9 74 1 2 202 -9 0 
1 -9 2 9 97 -9 -9 75 1 2 202 -9 0 
1 -9 2 9 97 -9 -9 76 2 2 202 -9 0 
1 -9 2 9 97 -9 -9 77 1 2 202 -9 0 
1 -9 2 9 97 -9 -9 79 6 2 202 -9 0 
1 -9 2 9 97 -9 -9 81 1 2 202 -9 0 
1 -9 2 9 97 -9 -9 82 1 2 202 -9 0 
1 -9 2 9 97 -9 -9 84 3 2 202 -9 0 
1 -9 2 9 97 -9 -9 85 4 2 202 -9 0 
1 -9 2 9 97 -9 -9 87 2 2 202 -9 0 
1 -9 2 9 97 -9 -9 92 2 2 202 -9 0 
1 -9 2 9 97 -9 -9 93 1 2 202 -9 0 
1 -9 2 9 97 -9 -9 49 1 1 202 -9 0 
1 -9 2 9 97 -9 -9 52 1 1 202 -9 0 
1 -9 2 9 97 -9 -9 54 1 1 202 -9 0 
1 -9 2 9 97 -9 -9 55 1 1 202 -9 0 
1 -9 2 9 97 -9 -9 56 2 1 202 -9 0 
1 -9 2 9 97 -9 -9 57 1 1 202 -9 0 
1 -9 2 9 97 -9 -9 58 1 1 202 -9 0 
1 -9 2 9 97 -9 -9 59 2 1 202 -9 0 
1 -9 2 9 97 -9 -9 60 2 1 202 -9 0 
1 -9 2 9 97 -9 -9 61 5 1 202 -9 0 
1 -9 2 9 97 -9 -9 62 2 1 202 -9 0 
1 -9 2 9 97 -9 -9 63 5 1 202 -9 0 
1 -9 2 9 97 -9 -9 64 5 1 202 -9 0 
1 -9 2 9 97 -9 -9 65 7 1 202 -9 0 
1 -9 2 9 97 -9 -9 67 6 1 202 -9 0 
1 -9 2 9 97 -9 -9 68 5 1 202 -9 0 
1 -9 2 9 97 -9 -9 69 4 1 202 -9 0 
1 -9 2 9 97 -9 -9 70 1 1 202 -9 0 
1 -9 2 9 97 -9 -9 71 2 1 202 -9 0 
1 -9 2 9 97 -9 -9 72 4 1 202 -9 0 
1 -9 2 9 97 -9 -9 73 1 1 202 -9 0 
1 -9 2 9 97 -9 -9 74 1 1 202 -9 0 
1 -9 2 9 97 -9 -9 75 1 1 202 -9 0 
1 -9 2 9 97 -9 -9 76 1 1 202 -9 0 
1 -9 2 9 97 -9 -9 77 2 1 202 -9 0 
1 -9 2 9 97 -9 -9 80 5 1 202 -9 0 
1 -9 2 9 97 -9 -9 81 1 1 202 -9 0 
1 -9 2 9 97 -9 -9 82 1 1 202 -9 0 
1 -9 2 9 97 -9 -9 83 2 1 202 -9 0 
1 -9 2 9 97 -9 -9 84 1 1 202 -9 0 
1 -9 2 9 97 -9 -9 85 2 1 202 -9 0 
1 -9 1 28 97 -9 -9 44 1 2 202 -9 0 
1 -9 1 28 97 -9 -9 45 1 2 202 -9 0 
1 -9 1 28 97 -9 -9 48 1 2 202 -9 0 
1 -9 1 28 97 -9 -9 49 2 2 202 -9 0 
1 -9 1 28 97 -9 -9 50 1 2 202 -9 0 
1 -9 1 28 97 -9 -9 51 4 2 202 -9 0 
1 -9 1 28 97 -9 -9 52 2 2 202 -9 0 
1 -9 1 28 97 -9 -9 54 3 2 202 -9 0 
1 -9 1 28 97 -9 -9 55 3 2 202 -9 0 
1 -9 1 28 97 -9 -9 56 5 2 202 -9 0 
1 -9 1 28 97 -9 -9 57 2 2 202 -9 0 
1 -9 1 28 97 -9 -9 58 4 2 202 -9 0 
1 -9 1 28 97 -9 -9 59 4 2 202 -9 0 
1 -9 1 28 97 -9 -9 60 2 2 202 -9 0 
1 -9 1 28 97 -9 -9 61 2 2 202 -9 0 
1 -9 1 28 97 -9 -9 62 3 2 202 -9 0 
1 -9 1 28 97 -9 -9 64 1 2 202 -9 0 
1 -9 1 28 97 -9 -9 65 4 2 202 -9 0 
1 -9 1 28 97 -9 -9 66 3 2 202 -9 0 
1 -9 1 28 97 -9 -9 67 4 2 202 -9 0 
1 -9 1 28 97 -9 -9 68 3 2 202 -9 0 
1 -9 1 28 97 -9 -9 69 1 2 202 -9 0 
1 -9 1 28 97 -9 -9 70 1 2 202 -9 0 
1 -9 1 28 97 -9 -9 72 1 2 202 -9 0 
1 -9 1 28 97 -9 -9 73 2 2 202 -9 0 
1 -9 1 28 97 -9 -9 74 2 2 202 -9 0 
1 -9 2 9 97 -9 -9 86 1 1 202 -9 0 
1 -9 2 9 97 -9 -9 90 1 1 202 -9 0 
1 -9 2 10 97 -9 -9 47 1 2 202 -9 0 
1 -9 2 10 97 -9 -9 56 1 2 202 -9 0 
1 -9 2 10 97 -9 -9 57 1 2 202 -9 0 
1 -9 2 10 97 -9 -9 59 2 2 202 -9 0 
1 -9 2 10 97 -9 -9 62 1 2 202 -9 0 
1 -9 2 10 97 -9 -9 64 1 2 202 -9 0 
1 -9 2 10 97 -9 -9 65 1 2 202 -9 0 
1 -9 2 10 97 -9 -9 66 2 2 202 -9 0 
1 -9 2 10 97 -9 -9 67 3 2 202 -9 0 
1 -9 2 10 97 -9 -9 68 2 2 202 -9 0 
1 -9 2 10 97 -9 -9 69 1 2 202 -9 0 
1 -9 2 10 97 -9 -9 70 2 2 202 -9 0 
1 -9 2 10 97 -9 -9 71 1 2 202 -9 0 
1 -9 2 10 97 -9 -9 72 4 2 202 -9 0 
1 -9 2 10 97 -9 -9 73 1 2 202 -9 0 
1 -9 2 10 97 -9 -9 74 2 2 202 -9 0 
1 -9 2 10 97 -9 -9 76 2 2 202 -9 0 
1 -9 2 10 97 -9 -9 78 1 2 202 -9 0 
1 -9 2 10 97 -9 -9 79 2 2 202 -9 0 
1 -9 2 10 97 -9 -9 83 1 2 202 -9 0 
1 -9 2 10 97 -9 -9 84 1 2 202 -9 0 
1 -9 2 10 97 -9 -9 85 2 2 202 -9 0 
1 -9 2 10 97 -9 -9 51 1 1 202 -9 0 
1 -9 2 10 97 -9 -9 54 1 1 202 -9 0 
1 -9 2 10 97 -9 -9 55 3 1 202 -9 0 
1 -9 2 10 97 -9 -9 56 1 1 202 -9 0 
1 -9 2 10 97 -9 -9 59 4 1 202 -9 0 
1 -9 2 10 97 -9 -9 60 1 1 202 -9 0 
1 -9 2 10 97 -9 -9 61 3 1 202 -9 0 
1 -9 2 10 97 -9 -9 64 1 1 202 -9 0 
1 -9 2 10 97 -9 -9 66 1 1 202 -9 0 
1 -9 2 10 97 -9 -9 67 2 1 202 -9 0 
1 -9 2 10 97 -9 -9 68 2 1 202 -9 0 
1 -9 2 10 97 -9 -9 69 1 1 202 -9 0 
1 -9 2 10 97 -9 -9 71 1 1 202 -9 0 
1 -9 2 10 97 -9 -9 73 1 1 202 -9 0 
1 -9 2 10 97 -9 -9 74 1 1 202 -9 0 
1 -9 2 10 97 -9 -9 76 1 1 202 -9 0 
1 -9 2 10 97 -9 -9 77 1 1 202 -9 0 
1 -9 2 10 97 -9 -9 79 1 1 202 -9 0 
1 -9 2 10 97 -9 -9 83 2 1 202 -9 0 
1 -9 2 10 97 -9 -9 84 1 1 202 -9 0 
1 -9 2 10 97 -9 -9 85 1 1 202 -9 0 
7 -9 1 28 97 -9 -9 75 1 2 202 -9 0 
7 -9 1 28 97 -9 -9 76 1 2 202 -9 0 
7 -9 1 28 97 -9 -9 77 2 2 202 -9 0 
7 -9 1 28 97 -9 -9 82 1 2 202 -9 0 
7 -9 1 28 97 -9 -9 90 1 2 202 -9 0 
7 -9 1 28 97 -9 -9 50 1 1 202 -9 0 
7 -9 1 28 97 -9 -9 51 1 1 202 -9 0 
7 -9 1 28 97 -9 -9 52 4 1 202 -9 0 
7 -9 1 28 97 -9 -9 53 2 1 202 -9 0 
7 -9 1 28 97 -9 -9 54 1 1 202 -9 0 
7 -9 1 28 97 -9 -9 55 1 1 202 -9 0 
7 -9 1 28 97 -9 -9 56 2 1 202 -9 0 
7 -9 1 28 97 -9 -9 57 6 1 202 -9 0 
7 -9 1 28 97 -9 -9 58 7 1 202 -9 0 
7 -9 1 28 97 -9 -9 59 9 1 202 -9 0 
7 -9 1 28 97 -9 -9 60 3 1 202 -9 0 
7 -9 1 28 97 -9 -9 61 7 1 202 -9 0 
7 -9 1 28 97 -9 -9 62 13 1 202 -9 0 
7 -9 1 28 97 -9 -9 63 6 1 202 -9 0 
7 -9 1 28 97 -9 -9 64 3 1 202 -9 0 
7 -9 1 28 97 -9 -9 65 3 1 202 -9 0 
7 -9 1 28 97 -9 -9 66 4 1 202 -9 0 
7 -9 1 28 97 -9 -9 67 4 1 202 -9 0 
7 -9 1 28 97 -9 -9 68 1 1 202 -9 0 
7 -9 1 28 97 -9 -9 70 2 1 202 -9 0 
7 -9 1 28 97 -9 -9 78 1 1 202 -9 0 
7 -9 1 28 97 -9 -9 79 1 1 202 -9 0 
7 -9 1 30 97 -9 -9 53 2 2 202 -9 0 
7 -9 1 30 97 -9 -9 54 1 2 202 -9 0 
7 -9 1 30 97 -9 -9 55 2 2 202 -9 0 
7 -9 1 30 97 -9 -9 56 1 2 202 -9 0 
7 -9 1 30 97 -9 -9 58 1 2 202 -9 0 
7 -9 1 30 97 -9 -9 59 1 2 202 -9 0 
7 -9 1 30 97 -9 -9 60 1 2 202 -9 0 
7 -9 1 30 97 -9 -9 61 6 2 202 -9 0 
7 -9 1 30 97 -9 -9 62 4 2 202 -9 0 
7 -9 1 30 97 -9 -9 63 4 2 202 -9 0 
7 -9 1 30 97 -9 -9 64 4 2 202 -9 0 
7 -9 1 30 97 -9 -9 65 4 2 202 -9 0 
7 -9 1 30 97 -9 -9 66 7 2 202 -9 0 
7 -9 1 30 97 -9 -9 67 6 2 202 -9 0 
7 -9 1 30 97 -9 -9 68 2 2 202 -9 0 
7 -9 1 30 97 -9 -9 69 3 2 202 -9 0 
7 -9 1 30 97 -9 -9 70 5 2 202 -9 0 
7 -9 1 30 97 -9 -9 71 5 2 202 -9 0 
7 -9 1 30 97 -9 -9 72 2 2 202 -9 0 
7 -9 1 30 97 -9 -9 73 3 2 202 -9 0 
7 -9 1 30 97 -9 -9 74 1 2 202 -9 0 
7 -9 1 30 97 -9 -9 75 5 2 202 -9 0 
7 -9 1 30 97 -9 -9 76 1 2 202 -9 0 
7 -9 1 30 97 -9 -9 77 3 2 202 -9 0 
7 -9 1 30 97 -9 -9 78 4 2 202 -9 0 
1 -9 2 12 97 -9 -9 50 1 2 202 -9 0 
1 -9 2 12 97 -9 -9 56 1 2 202 -9 0 
1 -9 2 12 97 -9 -9 57 1 2 202 -9 0 
1 -9 2 12 97 -9 -9 58 1 2 202 -9 0 
1 -9 2 12 97 -9 -9 59 2 2 202 -9 0 
1 -9 2 12 97 -9 -9 60 4 2 202 -9 0 
1 -9 2 12 97 -9 -9 63 1 2 202 -9 0 
1 -9 2 12 97 -9 -9 64 1 2 202 -9 0 
1 -9 2 12 97 -9 -9 65 1 2 202 -9 0 
1 -9 2 12 97 -9 -9 66 5 2 202 -9 0 
1 -9 2 12 97 -9 -9 67 7 2 202 -9 0 
1 -9 2 12 97 -9 -9 68 3 2 202 -9 0 
1 -9 2 12 97 -9 -9 69 2 2 202 -9 0 
1 -9 2 12 97 -9 -9 70 5 2 202 -9 0 
1 -9 2 12 97 -9 -9 71 2 2 202 -9 0 
1 -9 2 12 97 -9 -9 72 1 2 202 -9 0 
1 -9 2 12 97 -9 -9 73 3 2 202 -9 0 
1 -9 2 12 97 -9 -9 74 3 2 202 -9 0 
1 -9 2 12 97 -9 -9 75 4 2 202 -9 0 
1 -9 2 12 97 -9 -9 76 2 2 202 -9 0 
1 -9 2 12 97 -9 -9 77 1 2 202 -9 0 
1 -9 2 12 97 -9 -9 78 1 2 202 -9 0 
1 -9 2 12 97 -9 -9 79 3 2 202 -9 0 
1 -9 2 12 97 -9 -9 80 3 2 202 -9 0 
7 -9 1 9 97 -9 -9 55 2 2 202 -9 0 
7 -9 1 9 97 -9 -9 58 3 2 202 -9 0 
7 -9 1 9 97 -9 -9 60 1 2 202 -9 0 
7 -9 1 9 97 -9 -9 61 2 2 202 -9 0 
7 -9 1 9 97 -9 -9 62 2 2 202 -9 0 
7 -9 1 9 97 -9 -9 63 4 2 202 -9 0 
7 -9 1 9 97 -9 -9 64 2 2 202 -9 0 
7 -9 1 9 97 -9 -9 65 3 2 202 -9 0 
7 -9 1 9 97 -9 -9 66 2 2 202 -9 0 
7 -9 1 9 97 -9 -9 67 2 2 202 -9 0 
7 -9 1 9 97 -9 -9 68 2 2 202 -9 0 
7 -9 1 9 97 -9 -9 69 1 2 202 -9 0 
7 -9 1 9 97 -9 -9 70 1 2 202 -9 0 
7 -9 1 9 97 -9 -9 71 1 2 202 -9 0 
7 -9 1 9 97 -9 -9 72 2 2 202 -9 0 
7 -9 1 9 97 -9 -9 73 4 2 202 -9 0 
7 -9 1 9 97 -9 -9 74 4 2 202 -9 0 
7 -9 1 9 97 -9 -9 75 1 2 202 -9 0 
7 -9 1 9 97 -9 -9 76 1 2 202 -9 0 
7 -9 1 9 97 -9 -9 77 3 2 202 -9 0 
7 -9 1 9 97 -9 -9 78 2 2 202 -9 0 
7 -9 1 9 97 -9 -9 79 2 2 202 -9 0 
1 -9 1 9 97 -9 -9 80 3 2 202 -9 0 
1 -9 1 9 97 -9 -9 81 2 2 202 -9 0 
1 -9 1 9 97 -9 -9 84 1 2 202 -9 0 
1 -9 1 9 97 -9 -9 85 1 2 202 -9 0 
1 -9 1 9 97 -9 -9 54 1 1 202 -9 0 
1 -9 1 9 97 -9 -9 57 1 1 202 -9 0 
1 -9 1 9 97 -9 -9 63 1 1 202 -9 0 
1 -9 1 9 97 -9 -9 64 3 1 202 -9 0 
1 -9 1 9 97 -9 -9 66 3 1 202 -9 0 
1 -9 1 9 97 -9 -9 68 2 1 202 -9 0 
1 -9 1 9 97 -9 -9 70 3 1 202 -9 0 
1 -9 1 9 97 -9 -9 72 4 1 202 -9 0 
1 -9 1 9 97 -9 -9 73 4 1 202 -9 0 
1 -9 1 9 97 -9 -9 74 1 1 202 -9 0 
1 -9 1 9 97 -9 -9 75 1 1 202 -9 0 
1 -9 1 9 97 -9 -9 78 1 1 202 -9 0 
1 -9 1 9 97 -9 -9 80 1 1 202 -9 0 
1 -9 1 9 97 -9 -9 82 1 1 202 -9 0 
1 -9 1 9 97 -9 -9 84 1 1 202 -9 0 
1 -9 1 16 98 -9 -9 78 6 2 202 -9 0 
1 -9 1 16 98 -9 -9 79 2 2 202 -9 0 
1 -9 1 16 98 -9 -9 81 2 2 202 -9 0 
1 -9 1 16 98 -9 -9 83 3 2 202 -9 0 
1 -9 1 16 98 -9 -9 84 1 2 202 -9 0 
1 -9 1 16 98 -9 -9 87 2 2 202 -9 0 
1 -9 1 16 98 -9 -9 96 1 2 202 -9 0 
1 -9 1 16 98 -9 -9 53 1 1 202 -9 0 
1 -9 1 16 98 -9 -9 58 2 1 202 -9 0 
1 -9 1 16 98 -9 -9 59 1 1 202 -9 0 
1 -9 1 16 98 -9 -9 60 3 1 202 -9 0 
1 -9 1 16 98 -9 -9 62 2 1 202 -9 0 
1 -9 1 16 98 -9 -9 63 3 1 202 -9 0 
1 -9 1 16 98 -9 -9 64 6 1 202 -9 0 
1 -9 1 16 98 -9 -9 65 2 1 202 -9 0 
1 -9 1 16 98 -9 -9 66 5 1 202 -9 0 
1 -9 1 16 98 -9 -9 67 2 1 202 -9 0 
1 -9 1 16 98 -9 -9 68 6 1 202 -9 0 
1 -9 1 16 98 -9 -9 70 4 1 202 -9 0 
1 -9 1 16 98 -9 -9 71 5 1 202 -9 0 
1 -9 1 16 98 -9 -9 72 4 1 202 -9 0 
1 -9 1 16 98 -9 -9 73 7 1 202 -9 0 
1 -9 1 16 98 -9 -9 74 6 1 202 -9 0 
1 -9 1 16 98 -9 -9 75 1 1 202 -9 0 
1 -9 1 16 98 -9 -9 76 5 1 202 -9 0 
1 -9 1 16 98 -9 -9 77 1 1 202 -9 0 
1 -9 1 16 98 -9 -9 78 2 1 202 -9 0 
1 -9 1 16 98 -9 -9 79 3 1 202 -9 0 
1 -9 1 16 98 -9 -9 80 1 1 202 -9 0 
1 -9 1 16 98 -9 -9 81 2 1 202 -9 0 
1 -9 1 16 98 -9 -9 82 1 1 202 -9 0 
1 -9 1 16 98 -9 -9 83 1 1 202 -9 0 
1 -9 1 16 98 -9 -9 84 1 1 202 -9 0 
1 -9 1 16 98 -9 -9 85 2 1 202 -9 0 
1 -9 1 16 98 -9 -9 87 1 1 202 -9 0 
1 -9 1 16 98 -9 -9 88 2 1 202 -9 0 
7 -9 1 16 98 -9 -9 54 1 2 202 -9 0 
7 -9 1 16 98 -9 -9 59 2 2 202 -9 0 
7 -9 1 16 98 -9 -9 60 3 2 202 -9 0 
7 -9 1 16 98 -9 -9 61 2 2 202 -9 0 
7 -9 1 16 98 -9 -9 62 2 2 202 -9 0 
7 -9 1 16 98 -9 -9 64 2 2 202 -9 0 
7 -9 1 16 98 -9 -9 65 4 2 202 -9 0 
7 -9 1 16 98 -9 -9 66 1 2 202 -9 0 
7 -9 1 16 98 -9 -9 67 3 2 202 -9 0 
7 -9 1 16 98 -9 -9 68 3 2 202 -9 0 
7 -9 1 16 98 -9 -9 69 4 2 202 -9 0 
7 -9 1 16 98 -9 -9 70 3 2 202 -9 0 
7 -9 1 16 98 -9 -9 71 3 2 202 -9 0 
7 -9 1 16 98 -9 -9 72 3 2 202 -9 0 
7 -9 1 16 98 -9 -9 73 6 2 202 -9 0 
7 -9 1 16 98 -9 -9 74 4 2 202 -9 0 
7 -9 1 16 98 -9 -9 75 4 2 202 -9 0 
7 -9 1 16 98 -9 -9 76 2 2 202 -9 0 
7 -9 1 16 98 -9 -9 77 1 2 202 -9 0 
7 -9 1 19 98 -9 -9 55 1 2 202 -9 0 
7 -9 1 19 98 -9 -9 58 1 2 202 -9 0 
7 -9 1 19 98 -9 -9 59 1 2 202 -9 0 
7 -9 1 19 98 -9 -9 60 4 2 202 -9 0 
7 -9 1 19 98 -9 -9 61 2 2 202 -9 0 
7 -9 1 19 98 -9 -9 62 3 2 202 -9 0 
7 -9 1 19 98 -9 -9 63 3 2 202 -9 0 
7 -9 1 19 98 -9 -9 64 2 2 202 -9 0 
7 -9 1 19 98 -9 -9 65 4 2 202 -9 0 
7 -9 1 19 98 -9 -9 66 2 2 202 -9 0 
7 -9 1 19 98 -9 -9 67 7 2 202 -9 0 
7 -9 1 19 98 -9 -9 68 5 2 202 -9 0 
7 -9 1 19 98 -9 -9 69 3 2 202 -9 0 
7 -9 1 19 98 -9 -9 70 2 2 202 -9 0 
7 -9 1 19 98 -9 -9 71 2 2 202 -9 0 
7 -9 1 19 98 -9 -9 72 4 2 202 -9 0 
7 -9 1 19 98 -9 -9 73 4 2 202 -9 0 
7 -9 1 19 98 -9 -9 74 7 2 202 -9 0 
7 -9 1 19 98 -9 -9 75 4 2 202 -9 0 
7 -9 1 19 98 -9 -9 76 3 2 202 -9 0 
7 -9 1 19 98 -9 -9 77 1 2 202 -9 0 
7 -9 1 19 98 -9 -9 78 4 2 202 -9 0 
7 -9 1 19 98 -9 -9 79 2 2 202 -9 0 
7 -9 1 19 98 -9 -9 81 2 2 202 -9 0 
7 -9 1 19 98 -9 -9 82 1 2 202 -9 0 
7 -9 1 19 98 -9 -9 83 2 2 202 -9 0 
7 -9 1 19 98 -9 -9 84 1 2 202 -9 0 
7 -9 1 19 98 -9 -9 86 1 2 202 -9 0 
1 -9 1 19 98 -9 -9 87 2 2 202 -9 0 
1 -9 1 19 98 -9 -9 88 2 2 202 -9 0 
1 -9 1 19 98 -9 -9 89 1 2 202 -9 0 
1 -9 1 19 98 -9 -9 95 1 2 202 -9 0 
1 -9 1 19 98 -9 -9 53 1 1 202 -9 0 
1 -9 1 19 98 -9 -9 55 1 1 202 -9 0 
1 -9 1 19 98 -9 -9 58 1 1 202 -9 0 
1 -9 1 19 98 -9 -9 60 1 1 202 -9 0 
1 -9 1 19 98 -9 -9 61 1 1 202 -9 0 
1 -9 1 19 98 -9 -9 62 1 1 202 -9 0 
1 -9 1 19 98 -9 -9 63 6 1 202 -9 0 
1 -9 1 19 98 -9 -9 64 3 1 202 -9 0 
1 -9 1 19 98 -9 -9 65 2 1 202 -9 0 
1 -9 1 19 98 -9 -9 66 3 1 202 -9 0 
1 -9 1 19 98 -9 -9 67 2 1 202 -9 0 
1 -9 1 19 98 -9 -9 68 6 1 202 -9 0 
1 -9 1 19 98 -9 -9 69 5 1 202 -9 0 
1 -9 1 19 98 -9 -9 70 6 1 202 -9 0 
1 -9 1 19 98 -9 -9 71 3 1 202 -9 0 
1 -9 1 19 98 -9 -9 72 11 1 202 -9 0 
1 -9 1 19 98 -9 -9 73 2 1 202 -9 0 
1 -9 1 19 98 -9 -9 74 3 1 202 -9 0 
1 -9 1 19 98 -9 -9 75 2 1 202 -9 0 
1 -9 1 19 98 -9 -9 76 4 1 202 -9 0 
1 -9 1 19 98 -9 -9 77 2 1 202 -9 0 
1 -9 1 19 98 -9 -9 78 3 1 202 -9 0 
1 -9 1 19 98 -9 -9 79 2 1 202 -9 0 
1 -9 1 19 98 -9 -9 80 2 1 202 -9 0 
1 -9 1 19 98 -9 -9 81 2 1 202 -9 0 
1 -9 1 19 98 -9 -9 84 1 1 202 -9 0 
1 -9 2 14 98 -9 -9 55 1 2 202 -9 0 
1 -9 2 14 98 -9 -9 77 2 1 202 -9 0 
1 -9 2 14 98 -9 -9 78 3 1 202 -9 0 
1 -9 2 14 98 -9 -9 80 1 1 202 -9 0 
1 -9 2 14 98 -9 -9 81 3 1 202 -9 0 
4 -9 2 14 98 -9 -9 60 2 2 202 -9 0 
4 -9 2 14 98 -9 -9 61 3 2 202 -9 0 
4 -9 2 14 98 -9 -9 62 1 2 202 -9 0 
4 -9 2 14 98 -9 -9 63 1 2 202 -9 0 
4 -9 2 14 98 -9 -9 64 1 2 202 -9 0 
4 -9 2 14 98 -9 -9 65 1 2 202 -9 0 
4 -9 2 14 98 -9 -9 66 5 2 202 -9 0 
4 -9 2 14 98 -9 -9 67 2 2 202 -9 0 
4 -9 2 14 98 -9 -9 68 3 2 202 -9 0 
4 -9 2 14 98 -9 -9 69 3 2 202 -9 0 
4 -9 2 14 98 -9 -9 70 3 2 202 -9 0 
4 -9 2 14 98 -9 -9 71 6 2 202 -9 0 
4 -9 2 14 98 -9 -9 72 1 2 202 -9 0 
4 -9 2 14 98 -9 -9 73 7 2 202 -9 0 
4 -9 2 14 98 -9 -9 74 6 2 202 -9 0 
4 -9 2 14 98 -9 -9 75 5 2 202 -9 0 
4 -9 2 14 98 -9 -9 76 2 2 202 -9 0 
4 -9 2 14 98 -9 -9 77 4 2 202 -9 0 
4 -9 2 14 98 -9 -9 78 5 2 202 -9 0 
4 -9 2 14 98 -9 -9 79 4 2 202 -9 0 
4 -9 2 14 98 -9 -9 80 4 2 202 -9 0 
4 -9 2 14 98 -9 -9 81 1 2 202 -9 0 
4 -9 2 14 98 -9 -9 82 3 2 202 -9 0 
4 -9 2 14 98 -9 -9 84 1 2 202 -9 0 
4 -9 2 14 98 -9 -9 85 2 2 202 -9 0 
4 -9 2 14 98 -9 -9 87 1 2 202 -9 0 
4 -9 2 14 98 -9 -9 88 1 2 202 -9 0 
4 -9 2 14 98 -9 -9 55 1 1 202 -9 0 
4 -9 2 14 98 -9 -9 57 1 1 202 -9 0 
4 -9 2 14 98 -9 -9 58 1 1 202 -9 0 
4 -9 2 14 98 -9 -9 60 1 1 202 -9 0 
4 -9 2 14 98 -9 -9 61 1 1 202 -9 0 
4 -9 2 14 98 -9 -9 62 2 1 202 -9 0 
4 -9 2 14 98 -9 -9 63 3 1 202 -9 0 
4 -9 2 14 98 -9 -9 64 2 1 202 -9 0 
4 -9 2 14 98 -9 -9 65 2 1 202 -9 0 
4 -9 2 14 98 -9 -9 66 3 1 202 -9 0 
4 -9 2 14 98 -9 -9 68 5 1 202 -9 0 
4 -9 2 14 98 -9 -9 69 2 1 202 -9 0 
4 -9 2 14 98 -9 -9 70 4 1 202 -9 0 
4 -9 2 14 98 -9 -9 71 4 1 202 -9 0 
4 -9 2 14 98 -9 -9 72 4 1 202 -9 0 
4 -9 2 14 98 -9 -9 73 5 1 202 -9 0 
4 -9 2 14 98 -9 -9 74 6 1 202 -9 0 
4 -9 2 14 98 -9 -9 75 5 1 202 -9 0 
4 -9 2 14 98 -9 -9 76 1 1 202 -9 0 
1 -9 2 19 98 -9 -9 48 1 2 202 -9 0 
1 -9 2 19 98 -9 -9 50 1 2 202 -9 0 
1 -9 2 19 98 -9 -9 54 1 2 202 -9 0 
1 -9 2 19 98 -9 -9 57 1 2 202 -9 0 
1 -9 2 19 98 -9 -9 58 1 2 202 -9 0 
1 -9 2 19 98 -9 -9 60 1 2 202 -9 0 
1 -9 2 20 98 -9 -9 66 1 2 202 -9 0 
1 -9 2 20 98 -9 -9 67 3 2 202 -9 0 
1 -9 2 20 98 -9 -9 68 3 2 202 -9 0 
1 -9 2 20 98 -9 -9 69 3 2 202 -9 0 
1 -9 2 20 98 -9 -9 70 4 2 202 -9 0 
1 -9 2 20 98 -9 -9 71 4 2 202 -9 0 
1 -9 2 20 98 -9 -9 72 2 2 202 -9 0 
1 -9 2 20 98 -9 -9 73 4 2 202 -9 0 
1 -9 2 20 98 -9 -9 74 6 2 202 -9 0 
1 -9 2 20 98 -9 -9 75 4 2 202 -9 0 
1 -9 2 20 98 -9 -9 76 3 2 202 -9 0 
1 -9 2 20 98 -9 -9 77 2 2 202 -9 0 
1 -9 2 20 98 -9 -9 79 3 2 202 -9 0 
1 -9 2 20 98 -9 -9 80 2 2 202 -9 0 
1 -9 2 20 98 -9 -9 81 2 2 202 -9 0 
1 -9 2 20 98 -9 -9 82 2 2 202 -9 0 
1 -9 2 20 98 -9 -9 83 2 2 202 -9 0 
1 -9 2 20 98 -9 -9 84 1 2 202 -9 0 
1 -9 2 20 98 -9 -9 86 1 2 202 -9 0 
1 -9 2 20 98 -9 -9 87 2 2 202 -9 0 
1 -9 2 20 98 -9 -9 88 1 2 202 -9 0 
1 -9 2 20 98 -9 -9 89 1 2 202 -9 0 
1 -9 2 20 98 -9 -9 90 1 2 202 -9 0 
1 -9 2 20 98 -9 -9 91 1 2 202 -9 0 
1 -9 2 20 98 -9 -9 92 2 2 202 -9 0 
1 -9 2 20 98 -9 -9 93 1 2 202 -9 0 
1 -9 2 20 98 -9 -9 96 1 2 202 -9 0 
1 -9 2 20 98 -9 -9 97 1 2 202 -9 0 
1 -9 2 20 98 -9 -9 98 1 2 202 -9 0 
1 -9 2 20 98 -9 -9 99 1 2 202 -9 0 
1 -9 2 20 98 -9 -9 46 1 1 202 -9 0 
1 -9 2 20 98 -9 -9 47 1 1 202 -9 0 
1 -9 2 20 98 -9 -9 50 1 1 202 -9 0 
1 -9 2 20 98 -9 -9 51 1 1 202 -9 0 
1 -9 2 20 98 -9 -9 52 1 1 202 -9 0 
1 -9 2 20 98 -9 -9 57 1 1 202 -9 0 
1 -9 2 20 98 -9 -9 58 1 1 202 -9 0 
1 -9 2 20 98 -9 -9 59 1 1 202 -9 0 
1 -9 2 20 98 -9 -9 60 2 1 202 -9 0 
1 -9 2 20 98 -9 -9 61 2 1 202 -9 0 
1 -9 2 20 98 -9 -9 62 1 1 202 -9 0 
1 -9 2 19 98 -9 -9 67 5 1 202 -9 0 
1 -9 2 19 98 -9 -9 68 4 1 202 -9 0 
1 -9 2 19 98 -9 -9 69 4 1 202 -9 0 
1 -9 2 19 98 -9 -9 70 5 1 202 -9 0 
1 -9 2 19 98 -9 -9 71 2 1 202 -9 0 
1 -9 2 19 98 -9 -9 72 6 1 202 -9 0 
1 -9 2 19 98 -9 -9 73 2 1 202 -9 0 
1 -9 2 19 98 -9 -9 74 5 1 202 -9 0 
1 -9 2 19 98 -9 -9 75 1 1 202 -9 0 
1 -9 2 19 98 -9 -9 76 1 1 202 -9 0 
1 -9 2 19 98 -9 -9 77 2 1 202 -9 0 
1 -9 2 19 98 -9 -9 78 1 1 202 -9 0 
1 -9 2 19 98 -9 -9 80 1 1 202 -9 0 
1 -9 2 19 98 -9 -9 84 2 1 202 -9 0 
1 -9 2 19 98 -9 -9 85 2 1 202 -9 0 
1 -9 2 19 98 -9 -9 89 1 1 202 -9 0 
1 -9 2 20 98 -9 -9 33 1 2 202 -9 0 
1 -9 2 20 98 -9 -9 46 1 2 202 -9 0 
1 -9 2 20 98 -9 -9 48 1 2 202 -9 0 
1 -9 2 20 98 -9 -9 59 1 2 202 -9 0 
1 -9 2 20 98 -9 -9 61 2 2 202 -9 0 
1 -9 2 20 98 -9 -9 63 1 2 202 -9 0 
1 -9 2 20 98 -9 -9 65 2 2 202 -9 0 
1 -9 2 20 98 -9 -9 66 4 2 202 -9 0 
1 -9 2 20 98 -9 -9 67 1 2 202 -9 0 
1 -9 2 20 98 -9 -9 68 3 2 202 -9 0 
7 -9 2 21 98 -9 -9 64 3 2 202 -9 0 
7 -9 2 21 98 -9 -9 65 3 2 202 -9 0 
7 -9 2 21 98 -9 -9 67 1 2 202 -9 0 
7 -9 2 21 98 -9 -9 68 2 2 202 -9 0 
7 -9 2 21 98 -9 -9 69 3 2 202 -9 0 
7 -9 2 21 98 -9 -9 70 6 2 202 -9 0 
1 -9 2 20 98 -9 -9 46 1 2 202 -9 0 
1 -9 2 20 98 -9 -9 55 1 2 202 -9 0 
1 -9 2 20 98 -9 -9 56 1 2 202 -9 0 
1 -9 2 20 98 -9 -9 58 2 2 202 -9 0 
1 -9 2 20 98 -9 -9 60 2 2 202 -9 0 
1 -9 2 20 98 -9 -9 62 1 2 202 -9 0 
1 -9 2 20 98 -9 -9 64 3 2 202 -9 0 
1 -9 2 20 98 -9 -9 65 1 2 202 -9 0 
1 -9 2 20 98 -9 -9 64 3 1 202 -9 0 
1 -9 2 20 98 -9 -9 65 4 1 202 -9 0 
1 -9 2 20 98 -9 -9 66 3 1 202 -9 0 
1 -9 2 20 98 -9 -9 67 2 1 202 -9 0 
1 -9 2 20 98 -9 -9 68 4 1 202 -9 0 
1 -9 2 20 98 -9 -9 69 6 1 202 -9 0 
1 -9 2 20 98 -9 -9 70 6 1 202 -9 0 
1 -9 2 20 98 -9 -9 71 5 1 202 -9 0 
1 -9 2 20 98 -9 -9 72 5 1 202 -9 0 
1 -9 2 20 98 -9 -9 73 6 1 202 -9 0 
1 -9 2 20 98 -9 -9 74 4 1 202 -9 0 
1 -9 2 20 98 -9 -9 75 3 1 202 -9 0 
1 -9 2 20 98 -9 -9 76 2 1 202 -9 0 
1 -9 2 20 98 -9 -9 77 3 1 202 -9 0 
1 -9 2 20 98 -9 -9 78 4 1 202 -9 0 
1 -9 2 20 98 -9 -9 79 1 1 202 -9 0 
1 -9 2 20 98 -9 -9 80 1 1 202 -9 0 
1 -9 2 20 98 -9 -9 83 2 1 202 -9 0 
1 -9 2 20 98 -9 -9 86 2 1 202 -9 0 
1 -9 2 20 98 -9 -9 87 2 1 202 -9 0 
1 -9 2 20 98 -9 -9 89 1 1 202 -9 0 
1 -9 3 28 98 -9 -9 62 1 2 202 -9 0 
1 -9 3 28 98 -9 -9 63 2 2 202 -9 0 
1 -9 3 28 98 -9 -9 64 4 2 202 -9 0 
1 -9 3 28 98 -9 -9 65 3 2 202 -9 0 
1 -9 3 28 98 -9 -9 66 1 2 202 -9 0 
1 -9 3 28 98 -9 -9 67 5 2 202 -9 0 
1 -9 3 28 98 -9 -9 68 8 2 202 -9 0 
1 -9 3 28 98 -9 -9 69 4 2 202 -9 0 
1 -9 3 28 98 -9 -9 70 5 2 202 -9 0 
1 -9 3 28 98 -9 -9 71 5 2 202 -9 0 
1 -9 3 28 98 -9 -9 72 6 2 202 -9 0 
1 -9 3 28 98 -9 -9 73 7 2 202 -9 0 
1 -9 3 28 98 -9 -9 74 3 2 202 -9 0 
1 -9 3 28 98 -9 -9 75 1 2 202 -9 0 
1 -9 3 28 98 -9 -9 76 1 2 202 -9 0 
1 -9 3 28 98 -9 -9 77 3 2 202 -9 0 
1 -9 3 28 98 -9 -9 79 2 2 202 -9 0 
1 -9 3 28 98 -9 -9 80 2 2 202 -9 0 
1 -9 3 28 98 -9 -9 81 1 2 202 -9 0 
1 -9 3 28 98 -9 -9 82 3 2 202 -9 0 
1 -9 3 28 98 -9 -9 85 1 2 202 -9 0 
1 -9 3 28 98 -9 -9 86 1 2 202 -9 0 
1 -9 2 20 98 -9 -9 69 1 2 202 -9 0 
1 -9 2 20 98 -9 -9 70 1 2 202 -9 0 
1 -9 2 20 98 -9 -9 71 2 2 202 -9 0 
1 -9 2 20 98 -9 -9 72 2 2 202 -9 0 
1 -9 2 20 98 -9 -9 73 3 2 202 -9 0 
1 -9 2 20 98 -9 -9 74 4 2 202 -9 0 
1 -9 2 20 98 -9 -9 75 3 2 202 -9 0 
1 -9 2 20 98 -9 -9 76 2 2 202 -9 0 
1 -9 2 20 98 -9 -9 77 4 2 202 -9 0 
1 -9 2 20 98 -9 -9 78 1 2 202 -9 0 
1 -9 2 20 98 -9 -9 79 1 2 202 -9 0 
1 -9 2 20 98 -9 -9 80 1 2 202 -9 0 
1 -9 2 20 98 -9 -9 81 4 2 202 -9 0 
1 -9 2 20 98 -9 -9 82 3 2 202 -9 0 
1 -9 2 20 98 -9 -9 83 3 2 202 -9 0 
1 -9 2 20 98 -9 -9 84 3 2 202 -9 0 
1 -9 2 20 98 -9 -9 85 1 2 202 -9 0 
1 -9 2 20 98 -9 -9 42 1 1 202 -9 0 
1 -9 2 20 98 -9 -9 43 1 1 202 -9 0 
1 -9 2 20 98 -9 -9 44 2 1 202 -9 0 
1 -9 2 20 98 -9 -9 48 1 1 202 -9 0 
1 -9 2 20 98 -9 -9 56 1 1 202 -9 0 
1 -9 2 20 98 -9 -9 59 1 1 202 -9 0 
1 -9 2 20 98 -9 -9 61 2 1 202 -9 0 
1 -9 2 20 98 -9 -9 62 1 1 202 -9 0 
1 -9 2 20 98 -9 -9 63 5 1 202 -9 0 
1 -9 2 20 98 -9 -9 65 6 1 202 -9 0 
1 -9 2 20 98 -9 -9 66 5 1 202 -9 0 
1 -9 2 20 98 -9 -9 67 4 1 202 -9 0 
1 -9 2 20 98 -9 -9 68 6 1 202 -9 0 
1 -9 2 20 98 -9 -9 69 3 1 202 -9 0 
1 -9 2 20 98 -9 -9 70 2 1 202 -9 0 
1 -9 2 20 98 -9 -9 71 5 1 202 -9 0 
1 -9 2 20 98 -9 -9 72 4 1 202 -9 0 
1 -9 2 20 98 -9 -9 73 1 1 202 -9 0 
1 -9 2 20 98 -9 -9 74 2 1 202 -9 0 
1 -9 2 20 98 -9 -9 75 4 1 202 -9 0 
1 -9 2 20 98 -9 -9 76 3 1 202 -9 0 
1 -9 2 20 98 -9 -9 77 3 1 202 -9 0 
1 -9 2 20 98 -9 -9 79 3 1 202 -9 0 
1 -9 2 20 98 -9 -9 80 1 1 202 -9 0 
1 -9 2 20 98 -9 -9 81 1 1 202 -9 0 
1 -9 2 20 98 -9 -9 83 2 1 202 -9 0 
1 -9 2 20 98 -9 -9 84 1 1 202 -9 0 
1 -9 2 20 98 -9 -9 86 1 1 202 -9 0 
1 -9 2 21 98 -9 -9 53 2 2 202 -9 0 
1 -9 2 21 98 -9 -9 55 1 2 202 -9 0 
1 -9 2 21 98 -9 -9 57 1 2 202 -9 0 
1 -9 2 21 98 -9 -9 60 2 2 202 -9 0 
1 -9 2 21 98 -9 -9 61 3 2 202 -9 0 
1 -9 2 21 98 -9 -9 62 4 2 202 -9 0 
1 -9 2 21 98 -9 -9 63 3 2 202 -9 0 
7 -9 3 28 98 -9 -9 51 1 2 202 -9 0 
7 -9 3 28 98 -9 -9 53 2 2 202 -9 0 
7 -9 3 28 98 -9 -9 54 1 2 202 -9 0 
7 -9 3 28 98 -9 -9 57 2 2 202 -9 0 
7 -9 3 28 98 -9 -9 58 1 2 202 -9 0 
7 -9 3 28 98 -9 -9 59 3 2 202 -9 0 
7 -9 3 28 98 -9 -9 60 2 2 202 -9 0 
7 -9 3 28 98 -9 -9 61 2 2 202 -9 0 
1 -9 2 19 98 -9 -9 62 3 2 202 -9 0 
1 -9 2 19 98 -9 -9 63 5 2 202 -9 0 
1 -9 2 19 98 -9 -9 65 4 2 202 -9 0 
1 -9 2 19 98 -9 -9 66 3 2 202 -9 0 
1 -9 2 19 98 -9 -9 68 2 2 202 -9 0 
1 -9 2 19 98 -9 -9 69 1 2 202 -9 0 
1 -9 2 19 98 -9 -9 70 4 2 202 -9 0 
1 -9 2 19 98 -9 -9 71 3 2 202 -9 0 
1 -9 2 19 98 -9 -9 72 5 2 202 -9 0 
1 -9 2 19 98 -9 -9 74 1 2 202 -9 0 
1 -9 2 19 98 -9 -9 75 4 2 202 -9 0 
1 -9 2 19 98 -9 -9 76 4 2 202 -9 0 
1 -9 2 19 98 -9 -9 77 4 2 202 -9 0 
1 -9 2 19 98 -9 -9 78 2 2 202 -9 0 
1 -9 2 19 98 -9 -9 79 4 2 202 -9 0 
1 -9 2 19 98 -9 -9 80 4 2 202 -9 0 
1 -9 2 19 98 -9 -9 81 1 2 202 -9 0 
1 -9 2 19 98 -9 -9 82 1 2 202 -9 0 
1 -9 2 19 98 -9 -9 83 1 2 202 -9 0 
1 -9 2 19 98 -9 -9 84 1 2 202 -9 0 
1 -9 2 19 98 -9 -9 85 3 2 202 -9 0 
1 -9 2 19 98 -9 -9 87 1 2 202 -9 0 
1 -9 2 19 98 -9 -9 88 1 2 202 -9 0 
1 -9 2 19 98 -9 -9 51 1 1 202 -9 0 
1 -9 2 19 98 -9 -9 58 1 1 202 -9 0 
1 -9 2 19 98 -9 -9 59 1 1 202 -9 0 
1 -9 2 19 98 -9 -9 60 1 1 202 -9 0 
1 -9 2 19 98 -9 -9 61 1 1 202 -9 0 
1 -9 2 19 98 -9 -9 63 6 1 202 -9 0 
1 -9 2 19 98 -9 -9 64 2 1 202 -9 0 
1 -9 2 19 98 -9 -9 65 1 1 202 -9 0 
1 -9 2 19 98 -9 -9 66 3 1 202 -9 0 
1 -9 2 21 98 -9 -9 71 5 2 202 -9 0 
1 -9 2 21 98 -9 -9 72 2 2 202 -9 0 
1 -9 2 21 98 -9 -9 73 3 2 202 -9 0 
1 -9 2 21 98 -9 -9 74 4 2 202 -9 0 
1 -9 2 21 98 -9 -9 75 4 2 202 -9 0 
1 -9 2 21 98 -9 -9 76 4 2 202 -9 0 
1 -9 2 21 98 -9 -9 77 1 2 202 -9 0 
1 -9 2 21 98 -9 -9 78 2 2 202 -9 0 
1 -9 2 21 98 -9 -9 79 4 2 202 -9 0 
1 -9 2 21 98 -9 -9 80 2 2 202 -9 0 
1 -9 2 21 98 -9 -9 81 3 2 202 -9 0 
1 -9 2 21 98 -9 -9 83 1 2 202 -9 0 
1 -9 2 21 98 -9 -9 84 2 2 202 -9 0 
1 -9 2 21 98 -9 -9 88 1 2 202 -9 0 
1 -9 2 21 98 -9 -9 57 1 1 202 -9 0 
1 -9 2 26 98 -9 -9 52 1 2 202 -9 0 
1 -9 2 26 98 -9 -9 56 1 2 202 -9 0 
1 -9 2 26 98 -9 -9 57 1 2 202 -9 0 
1 -9 2 26 98 -9 -9 58 2 2 202 -9 0 
1 -9 2 26 98 -9 -9 59 1 2 202 -9 0 
1 -9 2 26 98 -9 -9 61 2 2 202 -9 0 
1 -9 2 26 98 -9 -9 62 1 2 202 -9 0 
1 -9 2 26 98 -9 -9 63 2 2 202 -9 0 
1 -9 2 26 98 -9 -9 64 2 2 202 -9 0 
1 -9 2 26 98 -9 -9 65 3 2 202 -9 0 
1 -9 2 26 98 -9 -9 66 6 2 202 -9 0 
1 -9 2 26 98 -9 -9 67 3 2 202 -9 0 
1 -9 2 26 98 -9 -9 68 4 2 202 -9 0 
1 -9 2 26 98 -9 -9 69 5 2 202 -9 0 
1 -9 2 26 98 -9 -9 70 3 2 202 -9 0 
1 -9 2 26 98 -9 -9 71 4 2 202 -9 0 
1 -9 2 26 98 -9 -9 72 4 2 202 -9 0 
1 -9 2 26 98 -9 -9 73 3 2 202 -9 0 
1 -9 2 26 98 -9 -9 74 2 2 202 -9 0 
1 -9 2 26 98 -9 -9 75 5 2 202 -9 0 
1 -9 2 26 98 -9 -9 76 4 2 202 -9 0 
1 -9 2 26 98 -9 -9 77 6 2 202 -9 0 
1 -9 2 26 98 -9 -9 78 5 2 202 -9 0 
1 -9 2 26 98 -9 -9 79 2 2 202 -9 0 
1 -9 2 26 98 -9 -9 80 3 2 202 -9 0 
1 -9 2 26 98 -9 -9 82 1 2 202 -9 0 
1 -9 2 26 98 -9 -9 83 1 2 202 -9 0 
1 -9 2 26 98 -9 -9 84 2 2 202 -9 0 
1 -9 2 26 98 -9 -9 85 1 2 202 -9 0 
1 -9 2 26 98 -9 -9 88 1 2 202 -9 0 
1 -9 2 26 98 -9 -9 90 1 2 202 -9 0 
1 -9 2 26 98 -9 -9 91 1 2 202 -9 0 
1 -9 2 26 98 -9 -9 92 1 2 202 -9 0 
1 -9 3 28 98 -9 -9 87 1 2 202 -9 0 
1 -9 3 28 98 -9 -9 90 1 2 202 -9 0 
1 -9 3 28 98 -9 -9 92 2 2 202 -9 0 
1 -9 3 28 98 -9 -9 94 1 2 202 -9 0 
1 -9 3 28 98 -9 -9 99 1 2 202 -9 0 
1 -9 3 28 98 -9 -9 48 2 1 202 -9 0 
1 -9 3 28 98 -9 -9 49 1 1 202 -9 0 
1 -9 3 28 98 -9 -9 51 1 1 202 -9 0 
1 -9 3 28 98 -9 -9 53 2 1 202 -9 0 
1 -9 3 28 98 -9 -9 54 1 1 202 -9 0 
1 -9 3 28 98 -9 -9 55 2 1 202 -9 0 
1 -9 3 28 98 -9 -9 56 2 1 202 -9 0 
1 -9 3 28 98 -9 -9 57 1 1 202 -9 0 
1 -9 3 28 98 -9 -9 60 3 1 202 -9 0 
1 -9 3 28 98 -9 -9 61 1 1 202 -9 0 
1 -9 3 28 98 -9 -9 62 4 1 202 -9 0 
1 -9 3 28 98 -9 -9 63 6 1 202 -9 0 
1 -9 3 28 98 -9 -9 64 2 1 202 -9 0 
1 -9 3 28 98 -9 -9 65 5 1 202 -9 0 
1 -9 3 28 98 -9 -9 66 7 1 202 -9 0 
1 -9 3 28 98 -9 -9 67 3 1 202 -9 0 
1 -9 3 28 98 -9 -9 68 4 1 202 -9 0 
1 -9 3 28 98 -9 -9 69 2 1 202 -9 0 
1 -9 3 28 98 -9 -9 70 3 1 202 -9 0 
1 -9 3 28 98 -9 -9 72 3 1 202 -9 0 
1 -9 3 28 98 -9 -9 73 1 1 202 -9 0 
1 -9 3 28 98 -9 -9 74 2 1 202 -9 0 
1 -9 3 28 98 -9 -9 76 1 1 202 -9 0 
1 -9 3 28 98 -9 -9 77 1 1 202 -9 0 
1 -9 3 28 98 -9 -9 78 1 1 202 -9 0 
1 -9 3 28 98 -9 -9 83 1 1 202 -9 0 
1 -9 3 28 98 -9 -9 88 1 1 202 -9 0 
1 -9 2 26 98 -9 -9 73 3 1 202 -9 0 
1 -9 2 26 98 -9 -9 74 3 1 202 -9 0 
1 -9 2 26 98 -9 -9 75 1 1 202 -9 0 
1 -9 2 26 98 -9 -9 76 2 1 202 -9 0 
1 -9 2 26 98 -9 -9 78 2 1 202 -9 0 
1 -9 2 26 98 -9 -9 79 1 1 202 -9 0 
1 -9 2 26 98 -9 -9 81 2 1 202 -9 0 
1 -9 2 26 98 -9 -9 83 1 1 202 -9 0 
1 -9 2 26 98 -9 -9 86 1 1 202 -9 0 
1 -9 2 26 98 -9 -9 87 1 1 202 -9 0 
4 -9 2 21 98 -9 -9 59 1 1 202 -9 0 
4 -9 2 21 98 -9 -9 60 1 1 202 -9 0 
4 -9 2 21 98 -9 -9 61 2 1 202 -9 0 
4 -9 2 21 98 -9 -9 62 1 1 202 -9 0 
4 -9 2 21 98 -9 -9 63 1 1 202 -9 0 
4 -9 2 21 98 -9 -9 64 2 1 202 -9 0 
4 -9 2 21 98 -9 -9 65 1 1 202 -9 0 
4 -9 2 21 98 -9 -9 66 5 1 202 -9 0 
4 -9 2 21 98 -9 -9 67 4 1 202 -9 0 
4 -9 2 21 98 -9 -9 68 3 1 202 -9 0 
4 -9 2 21 98 -9 -9 69 9 1 202 -9 0 
4 -9 2 21 98 -9 -9 70 2 1 202 -9 0 
4 -9 2 21 98 -9 -9 71 1 1 202 -9 0 
4 -9 2 21 98 -9 -9 72 2 1 202 -9 0 
4 -9 2 21 98 -9 -9 73 4 1 202 -9 0 
4 -9 2 21 98 -9 -9 74 3 1 202 -9 0 
4 -9 2 21 98 -9 -9 75 3 1 202 -9 0 
4 -9 2 21 98 -9 -9 76 2 1 202 -9 0 
4 -9 2 21 98 -9 -9 77 2 1 202 -9 0 
4 -9 2 21 98 -9 -9 78 5 1 202 -9 0 
4 -9 2 21 98 -9 -9 79 1 1 202 -9 0 
1 -9 2 26 98 -9 -9 93 1 2 202 -9 0 
1 -9 2 26 98 -9 -9 97 1 2 202 -9 0 
1 -9 2 26 98 -9 -9 48 1 1 202 -9 0 
1 -9 2 26 98 -9 -9 50 1 1 202 -9 0 
1 -9 2 26 98 -9 -9 51 1 1 202 -9 0 
1 -9 2 26 98 -9 -9 53 1 1 202 -9 0 
1 -9 2 26 98 -9 -9 54 2 1 202 -9 0 
1 -9 2 26 98 -9 -9 57 1 1 202 -9 0 
1 -9 2 26 98 -9 -9 60 3 1 202 -9 0 
1 -9 2 26 98 -9 -9 61 2 1 202 -9 0 
1 -9 2 26 98 -9 -9 62 2 1 202 -9 0 
1 -9 2 26 98 -9 -9 63 4 1 202 -9 0 
1 -9 2 26 98 -9 -9 64 3 1 202 -9 0 
1 -9 2 26 98 -9 -9 65 4 1 202 -9 0 
1 -9 2 26 98 -9 -9 66 5 1 202 -9 0 
1 -9 2 26 98 -9 -9 67 7 1 202 -9 0 
1 -9 2 26 98 -9 -9 68 7 1 202 -9 0 
1 -9 2 26 98 -9 -9 69 5 1 202 -9 0 
1 -9 2 26 98 -9 -9 70 6 1 202 -9 0 
1 -9 2 26 98 -9 -9 71 4 1 202 -9 0 
1 -9 2 26 98 -9 -9 72 3 1 202 -9 0 
7 -9 4 9 98 -9 -9 64 3 1 202 -9 0 
7 -9 4 9 98 -9 -9 65 4 1 202 -9 0 
7 -9 4 9 98 -9 -9 66 3 1 202 -9 0 
7 -9 4 9 98 -9 -9 67 4 1 202 -9 0 
7 -9 4 9 98 -9 -9 68 4 1 202 -9 0 
7 -9 4 9 98 -9 -9 69 2 1 202 -9 0 
7 -9 4 9 98 -9 -9 70 4 1 202 -9 0 
7 -9 4 9 98 -9 -9 71 3 1 202 -9 0 
7 -9 4 9 98 -9 -9 72 1 1 202 -9 0 
7 -9 4 9 98 -9 -9 73 2 1 202 -9 0 
7 -9 4 9 98 -9 -9 74 5 1 202 -9 0 
7 -9 4 9 98 -9 -9 75 4 1 202 -9 0 
7 -9 4 9 98 -9 -9 76 3 1 202 -9 0 
7 -9 4 9 98 -9 -9 77 7 1 202 -9 0 
7 -9 4 9 98 -9 -9 78 1 1 202 -9 0 
7 -9 4 9 98 -9 -9 79 2 1 202 -9 0 
7 -9 4 9 98 -9 -9 81 1 1 202 -9 0 
7 -9 4 9 98 -9 -9 82 1 1 202 -9 0 
7 -9 4 9 98 -9 -9 83 1 1 202 -9 0 
7 -9 4 9 98 -9 -9 84 2 1 202 -9 0 
7 -9 4 9 98 -9 -9 85 1 1 202 -9 0 
7 -9 4 9 98 -9 -9 86 1 1 202 -9 0 
7 -9 4 9 98 -9 -9 89 1 1 202 -9 0 
7 -9 4 9 98 -9 -9 90 1 1 202 -9 0 
7 -9 4 9 98 -9 -9 91 1 1 202 -9 0 
7 -9 4 9 98 -9 -9 92 1 1 202 -9 0 
7 -9 4 9 98 -9 -9 77 3 2 202 -9 0 
7 -9 4 9 98 -9 -9 78 4 2 202 -9 0 
7 -9 4 9 98 -9 -9 79 8 2 202 -9 0 
7 -9 4 9 98 -9 -9 80 2 2 202 -9 0 
7 -9 4 9 98 -9 -9 82 2 2 202 -9 0 
7 -9 4 9 98 -9 -9 86 1 2 202 -9 0 
7 -9 4 9 98 -9 -9 88 3 2 202 -9 0 
7 -9 4 9 98 -9 -9 98 1 2 202 -9 0 
7 -9 4 9 98 -9 -9 52 2 1 202 -9 0 
7 -9 4 9 98 -9 -9 55 1 1 202 -9 0 
7 -9 4 9 98 -9 -9 56 2 1 202 -9 0 
7 -9 4 9 98 -9 -9 59 4 1 202 -9 0 
7 -9 4 9 98 -9 -9 60 4 1 202 -9 0 
7 -9 4 9 98 -9 -9 61 1 1 202 -9 0 
7 -9 4 9 98 -9 -9 62 4 1 202 -9 0 
7 -9 4 9 98 -9 -9 63 1 1 202 -9 0 
7 -9 4 9 98 -9 -9 50 1 2 202 -9 0 
7 -9 4 9 98 -9 -9 57 2 2 202 -9 0 
7 -9 4 9 98 -9 -9 58 1 2 202 -9 0 
7 -9 4 9 98 -9 -9 59 2 2 202 -9 0 
7 -9 4 9 98 -9 -9 60 3 2 202 -9 0 
7 -9 4 9 98 -9 -9 63 4 2 202 -9 0 
7 -9 4 9 98 -9 -9 64 4 2 202 -9 0 
7 -9 4 9 98 -9 -9 65 2 2 202 -9 0 
7 -9 4 9 98 -9 -9 66 1 2 202 -9 0 
7 -9 4 9 98 -9 -9 67 1 2 202 -9 0 
7 -9 4 9 98 -9 -9 68 2 2 202 -9 0 
7 -9 4 9 98 -9 -9 69 4 2 202 -9 0 
7 -9 4 9 98 -9 -9 70 3 2 202 -9 0 
7 -9 4 9 98 -9 -9 71 3 2 202 -9 0 
7 -9 4 9 98 -9 -9 72 2 2 202 -9 0 
7 -9 4 9 98 -9 -9 73 3 2 202 -9 0 
7 -9 4 9 98 -9 -9 74 3 2 202 -9 0 
7 -9 4 9 98 -9 -9 75 1 2 202 -9 0 
7 -9 4 9 98 -9 -9 76 3 2 202 -9 0 
4 -9 3 13 99 -9 -9 54 1 2 202 -9 0 
4 -9 3 13 99 -9 -9 56 1 2 202 -9 0 
4 -9 3 13 99 -9 -9 58 2 2 202 -9 0 
4 -9 3 13 99 -9 -9 59 2 2 202 -9 0 
4 -9 3 13 99 -9 -9 61 1 2 202 -9 0 
4 -9 3 13 99 -9 -9 62 1 2 202 -9 0 
4 -9 3 13 99 -9 -9 66 1 2 202 -9 0 
4 -9 3 13 99 -9 -9 67 3 2 202 -9 0 
4 -9 3 13 99 -9 -9 69 1 2 202 -9 0 
4 -9 3 13 99 -9 -9 71 2 2 202 -9 0 
4 -9 3 13 99 -9 -9 74 1 2 202 -9 0 
4 -9 3 13 99 -9 -9 46 1 1 202 -9 0 
4 -9 3 13 99 -9 -9 51 1 1 202 -9 0 
4 -9 3 13 99 -9 -9 52 1 1 202 -9 0 
4 -9 3 13 99 -9 -9 58 1 1 202 -9 0 
4 -9 3 13 99 -9 -9 60 2 1 202 -9 0 
4 -9 3 13 99 -9 -9 61 3 1 202 -9 0 
4 -9 3 13 99 -9 -9 62 1 1 202 -9 0 
4 -9 3 13 99 -9 -9 64 1 1 202 -9 0 
4 -9 3 13 99 -9 -9 67 1 1 202 -9 0 
4 -9 3 13 99 -9 -9 68 1 1 202 -9 0 
4 -9 3 13 99 -9 -9 70 1 1 202 -9 0 
4 -9 3 13 99 -9 -9 72 1 1 202 -9 0 
4 -9 3 13 99 -9 -9 76 1 1 202 -9 0 
7 -9 5 11 0 -9 -9 77 1 2 202 -9 0 
7 -9 5 11 0 -9 -9 59 1 1 202 -9 0 
7 -9 5 11 0 -9 -9 62 2 1 202 -9 0 
7 -9 5 27 0 -9 -9 82 1 1 202 -9 0 
7 -9 5 27 0 -9 -9 87 1 1 202 -9 0 
7 -9 5 27 0 -9 -9 58 2 2 202 -9 0 
7 -9 5 27 0 -9 -9 60 2 2 202 -9 0 
7 -9 5 27 0 -9 -9 65 1 2 202 -9 0 
7 -9 5 27 0 -9 -9 68 2 2 202 -9 0 
7 -9 5 27 0 -9 -9 73 2 2 202 -9 0 
7 -9 5 27 0 -9 -9 77 1 2 202 -9 0 
7 -9 5 27 0 -9 -9 78 2 2 202 -9 0 
7 -9 4 27 0 -9 -9 77 1 2 202 -9 0 
7 -9 4 27 0 -9 -9 78 1 2 202 -9 0 
7 -9 4 27 0 -9 -9 66 1 2 202 -9 0 
7 -9 4 27 0 -9 -9 67 1 2 202 -9 0 
7 -9 4 27 0 -9 -9 70 1 2 202 -9 0 
7 -9 4 27 0 -9 -9 72 1 2 202 -9 0 
7 -9 4 27 0 -9 -9 73 1 2 202 -9 0 
7 -9 4 27 0 -9 -9 81 1 2 202 -9 0 
7 -9 4 27 0 -9 -9 82 1 2 202 -9 0 
7 -9 4 27 0 -9 -9 88 1 2 202 -9 0 
7 -9 4 27 0 -9 -9 90 1 2 202 -9 0 
7 -9 4 27 0 -9 -9 59 1 1 202 -9 0 
7 -9 4 27 0 -9 -9 63 1 1 202 -9 0 
7 -9 4 27 0 -9 -9 68 1 1 202 -9 0 
7 -9 5 23 0 -9 -9 88 1 2 202 -9 0 
7 -9 5 23 0 -9 -9 56 1 1 202 -9 0 
4 -9 5 11 0 -9 -9 66 1 1 202 -9 0 
4 -9 5 11 0 -9 -9 68 3 1 202 -9 0 
4 -9 5 11 0 -9 -9 73 1 1 202 -9 0 
4 -9 5 11 0 -9 -9 77 1 1 202 -9 0 
4 -9 5 11 0 -9 -9 63 1 2 202 -9 0 
4 -9 5 11 0 -9 -9 65 2 2 202 -9 0 
4 -9 5 11 0 -9 -9 67 2 2 202 -9 0 
4 -9 5 11 0 -9 -9 69 1 2 202 -9 0 
4 -9 5 11 0 -9 -9 72 2 2 202 -9 0 
4 -9 5 11 0 -9 -9 74 2 2 202 -9 0 
7 -9 5 27 0 -9 -9 80 1 2 202 -9 0 
7 -9 5 27 0 -9 -9 81 2 2 202 -9 0 
7 -9 5 27 0 -9 -9 55 1 1 202 -9 0 
7 -9 5 27 0 -9 -9 57 1 1 202 -9 0 
7 -9 5 27 0 -9 -9 66 1 1 202 -9 0 
7 -9 5 27 0 -9 -9 67 1 1 202 -9 0 
7 -9 5 27 0 -9 -9 68 1 1 202 -9 0 
7 -9 5 27 0 -9 -9 69 1 1 202 -9 0 
7 -9 5 27 0 -9 -9 70 1 1 202 -9 0 
7 -9 5 27 0 -9 -9 75 1 1 202 -9 0 
7 -9 5 27 0 -9 -9 78 1 1 202 -9 0 
7 -9 5 16 0 -9 -9 78 1 1 202 -9 0 
7 -9 5 16 0 -9 -9 80 1 1 202 -9 0 
7 -9 4 26 0 -9 -9 74 4 1 202 -9 0 
7 -9 4 26 0 -9 -9 76 1 1 202 -9 0 
7 -9 4 26 0 -9 -9 83 1 1 202 -9 0 
7 -9 4 26 0 -9 -9 84 1 1 202 -9 0 
7 -9 4 26 0 -9 -9 87 1 1 202 -9 0 
7 -9 4 26 0 -9 -9 80 1 2 202 -9 0 
7 -9 4 26 0 -9 -9 53 1 2 202 -9 0 
7 -9 4 26 0 -9 -9 57 1 2 202 -9 0 
7 -9 4 26 0 -9 -9 60 1 2 202 -9 0 
7 -9 4 26 0 -9 -9 67 1 2 202 -9 0 
7 -9 4 26 0 -9 -9 70 1 2 202 -9 0 
7 -9 4 26 0 -9 -9 73 1 2 202 -9 0 
7 -9 4 26 0 -9 -9 77 2 2 202 -9 0 
7 -9 4 26 0 -9 -9 83 1 2 202 -9 0 
7 -9 4 26 0 -9 -9 87 1 2 202 -9 0 
7 -9 4 26 0 -9 -9 61 2 1 202 -9 0 
7 -9 4 26 0 -9 -9 66 1 1 202 -9 0 
7 -9 4 26 0 -9 -9 68 1 1 202 -9 0 
7 -9 4 26 0 -9 -9 69 1 1 202 -9 0 
7 -9 4 26 0 -9 -9 72 1 1 202 -9 0 
4 -9 4 27 0 -9 -9 69 1 1 202 -9 0 
4 -9 4 27 0 -9 -9 70 2 1 202 -9 0 
4 -9 4 27 0 -9 -9 71 1 1 202 -9 0 
4 -9 4 27 0 -9 -9 76 1 1 202 -9 0 
4 -9 4 27 0 -9 -9 78 1 1 202 -9 0 
4 -9 4 27 0 -9 -9 84 2 1 202 -9 0 
4 -9 4 27 0 -9 -9 87 2 1 202 -9 0 
4 -9 4 27 0 -9 -9 75 1 2 202 -9 0 
7 -9 4 28 0 -9 -9 69 1 2 202 -9 0 
7 -9 4 28 0 -9 -9 70 1 2 202 -9 0 
7 -9 4 28 0 -9 -9 73 1 2 202 -9 0 
7 -9 5 16 0 -9 -9 54 1 2 202 -9 0 
7 -9 5 16 0 -9 -9 67 1 2 202 -9 0 
7 -9 5 16 0 -9 -9 69 2 2 202 -9 0 
7 -9 5 16 0 -9 -9 72 2 2 202 -9 0 
7 -9 5 16 0 -9 -9 73 1 2 202 -9 0 
7 -9 5 16 0 -9 -9 74 1 2 202 -9 0 
7 -9 5 16 0 -9 -9 76 1 2 202 -9 0 
7 -9 5 16 0 -9 -9 78 1 2 202 -9 0 
7 -9 5 16 0 -9 -9 82 1 2 202 -9 0 
7 -9 5 16 0 -9 -9 87 1 2 202 -9 0 
7 -9 5 16 0 -9 -9 89 1 2 202 -9 0 
7 -9 5 16 0 -9 -9 58 1 1 202 -9 0 
7 -9 5 16 0 -9 -9 62 1 1 202 -9 0 
7 -9 5 16 0 -9 -9 64 2 1 202 -9 0 
7 -9 5 16 0 -9 -9 65 1 1 202 -9 0 
7 -9 5 16 0 -9 -9 68 1 1 202 -9 0 
7 -9 5 16 0 -9 -9 69 1 1 202 -9 0 
7 -9 5 16 0 -9 -9 72 1 1 202 -9 0 
7 -9 5 16 0 -9 -9 74 1 1 202 -9 0 
7 -9 5 16 0 -9 -9 77 1 1 202 -9 0 
7 -9 4 28 0 -9 -9 75 3 2 202 -9 0 
7 -9 4 28 0 -9 -9 77 1 2 202 -9 0 
7 -9 4 28 0 -9 -9 80 1 2 202 -9 0 
7 -9 4 28 0 -9 -9 82 1 2 202 -9 0 
7 -9 4 28 0 -9 -9 83 1 2 202 -9 0 
7 -9 4 28 0 -9 -9 85 1 2 202 -9 0 
7 -9 4 28 0 -9 -9 91 1 2 202 -9 0 
7 -9 4 28 0 -9 -9 62 1 1 202 -9 0 
7 -9 4 28 0 -9 -9 64 1 1 202 -9 0 
7 -9 4 28 0 -9 -9 66 2 1 202 -9 0 
7 -9 4 28 0 -9 -9 73 1 1 202 -9 0 
7 -9 4 28 0 -9 -9 76 1 1 202 -9 0 
7 -9 4 28 0 -9 -9 77 1 1 202 -9 0 
7 -9 4 28 0 -9 -9 81 2 1 202 -9 0 
7 -9 4 28 0 -9 -9 82 1 1 202 -9 0 
7 -9 4 28 0 -9 -9 85 2 1 202 -9 0 
7 -9 4 28 0 -9 -9 89 1 1 202 -9 0 
7 -9 5 23 0 -9 -9 64 1 1 202 -9 0 
7 -9 5 23 0 -9 -9 59 1 2 202 -9 0 
7 -9 5 23 0 -9 -9 62 1 2 202 -9 0 
7 -9 5 23 0 -9 -9 64 1 2 202 -9 0 
7 -9 5 23 0 -9 -9 66 1 2 202 -9 0 
7 -9 5 23 0 -9 -9 67 1 2 202 -9 0 
7 -9 4 21 0 -9 -9 61 2 2 202 -9 0 
7 -9 4 21 0 -9 -9 62 1 2 202 -9 0 
7 -9 4 21 0 -9 -9 63 1 2 202 -9 0 
7 -9 4 21 0 -9 -9 67 2 2 202 -9 0 
7 -9 4 21 0 -9 -9 71 1 2 202 -9 0 
7 -9 4 21 0 -9 -9 56 1 1 202 -9 0 
7 -9 4 21 0 -9 -9 58 1 1 202 -9 0 
7 -9 4 21 0 -9 -9 59 2 1 202 -9 0 
7 -9 4 21 0 -9 -9 60 3 1 202 -9 0 
7 -9 4 21 0 -9 -9 61 2 1 202 -9 0 
7 -9 4 21 0 -9 -9 62 1 1 202 -9 0 
7 -9 4 21 0 -9 -9 63 1 1 202 -9 0 
7 -9 4 21 0 -9 -9 64 1 1 202 -9 0 
7 -9 4 21 0 -9 -9 68 1 1 202 -9 0 
7 -9 4 21 0 -9 -9 69 1 1 202 -9 0 
7 -9 4 21 0 -9 -9 71 1 1 202 -9 0 
7 -9 4 21 0 -9 -9 56 1 2 202 -9 0 
7 -9 4 21 0 -9 -9 60 2 2 202 -9 0 
7 -9 5 23 0 -9 -9 68 1 2 202 -9 0 
7 -9 5 23 0 -9 -9 70 1 2 202 -9 0 
7 -9 5 23 0 -9 -9 71 1 2 202 -9 0 
7 -9 5 23 0 -9 -9 72 1 2 202 -9 0 
7 -9 5 23 0 -9 -9 76 1 2 202 -9 0 
7 -9 5 23 0 -9 -9 79 1 2 202 -9 0 
7 -9 5 23 0 -9 -9 80 1 2 202 -9 0 
7 -9 5 23 0 -9 -9 65 1 1 202 -9 0 
7 -9 5 23 0 -9 -9 67 2 1 202 -9 0 
7 -9 5 23 0 -9 -9 69 2 1 202 -9 0 
7 -9 5 23 0 -9 -9 73 2 1 202 -9 0 
7 -9 5 23 0 -9 -9 74 1 1 202 -9 0 
7 -9 5 23 0 -9 -9 75 1 1 202 -9 0 
7 -9 5 23 0 -9 -9 80 1 1 202 -9 0 
7 -9 4 18 0 -9 -9 65 1 1 202 -9 0 
7 -9 4 18 0 -9 -9 66 1 1 202 -9 0 
7 -9 4 18 0 -9 -9 67 1 1 202 -9 0 
7 -9 4 18 0 -9 -9 69 1 1 202 -9 0 
7 -9 4 18 0 -9 -9 70 1 1 202 -9 0 
7 -9 4 18 0 -9 -9 71 1 1 202 -9 0 
7 -9 4 18 0 -9 -9 73 2 1 202 -9 0 
7 -9 4 18 0 -9 -9 76 2 1 202 -9 0 
7 -9 4 18 0 -9 -9 77 1 1 202 -9 0 
7 -9 4 18 0 -9 -9 63 1 1 202 -9 0 
7 -9 4 18 0 -9 -9 64 1 1 202 -9 0 
7 -9 4 18 0 -9 -9 61 1 2 202 -9 0 
7 -9 4 18 0 -9 -9 62 1 2 202 -9 0 
7 -9 4 18 0 -9 -9 63 1 2 202 -9 0 
7 -9 4 18 0 -9 -9 64 1 2 202 -9 0 
7 -9 4 18 0 -9 -9 69 1 2 202 -9 0 
7 -9 4 18 0 -9 -9 70 2 2 202 -9 0 
7 -9 4 18 0 -9 -9 73 1 2 202 -9 0 
7 -9 4 5 0 -9 -9 66 1 2 202 -9 0 
7 -9 4 5 0 -9 -9 68 1 2 202 -9 0 
7 -9 4 5 0 -9 -9 69 1 2 202 -9 0 
7 -9 4 5 0 -9 -9 70 1 2 202 -9 0 
7 -9 4 5 0 -9 -9 72 1 2 202 -9 0 
7 -9 4 5 0 -9 -9 100 1 2 202 -9 0 
7 -9 4 5 0 -9 -9 58 1 1 202 -9 0 
7 -9 4 5 0 -9 -9 59 2 1 202 -9 0 
7 -9 4 5 0 -9 -9 61 1 1 202 -9 0 
7 -9 4 5 0 -9 -9 63 1 1 202 -9 0 
7 -9 4 5 0 -9 -9 65 1 1 202 -9 0 
7 -9 4 5 0 -9 -9 67 1 1 202 -9 0 
7 -9 4 5 0 -9 -9 69 1 1 202 -9 0 
7 -9 4 5 0 -9 -9 78 1 1 202 -9 0 
7 -9 4 18 0 -9 -9 77 1 2 202 -9 0 
7 -9 4 18 0 -9 -9 78 1 2 202 -9 0 
7 -9 4 18 0 -9 -9 58 1 1 202 -9 0 
7 -9 4 18 0 -9 -9 61 1 1 202 -9 0 
7 -9 4 5 0 -9 -9 53 1 2 202 -9 0 
7 -9 4 5 0 -9 -9 55 1 2 202 -9 0 
7 -9 4 5 0 -9 -9 56 2 2 202 -9 0 
7 -9 4 5 0 -9 -9 59 1 2 202 -9 0 
7 -9 4 5 0 -9 -9 61 1 2 202 -9 0 
7 -9 4 5 0 -9 -9 65 1 2 202 -9 0 
7 -9 3 24 6 -9 -9 60 1 1 202 -9 0 
7 -9 3 24 6 -9 -9 64 1 1 202 -9 0 
7 -9 3 24 6 -9 -9 67 1 1 202 -9 0 
7 -9 3 24 6 -9 -9 69 1 1 202 -9 0 
7 -9 3 24 6 -9 -9 70 1 1 202 -9 0 
7 -9 3 24 6 -9 -9 71 1 1 202 -9 0 
7 -9 3 24 6 -9 -9 72 2 1 202 -9 0 
7 -9 3 24 6 -9 -9 74 1 1 202 -9 0 
7 -9 3 24 6 -9 -9 84 1 1 202 -9 0 
7 -9 3 24 6 -9 -9 85 1 1 202 -9 0 
7 -9 3 24 6 -9 -9 61 1 2 202 -9 0 
7 -9 3 24 6 -9 -9 65 1 2 202 -9 0 
7 -9 3 24 6 -9 -9 67 3 2 202 -9 0 
7 -9 3 24 6 -9 -9 71 1 2 202 -9 0 
7 -9 3 24 6 -9 -9 73 1 2 202 -9 0 
7 -9 3 24 6 -9 -9 78 2 2 202 -9 0 
7 -9 3 24 6 -9 -9 79 1 2 202 -9 0 
7 -9 3 24 6 -9 -9 80 1 2 202 -9 0 
7 -9 3 24 6 -9 -9 85 1 2 202 -9 0 
7 -9 3 24 6 -9 -9 48 1 1 202 -9 0 
7 -9 3 24 6 -9 -9 58 1 1 202 -9 0 
7 -9 3 15 6 -9 -9 70 3 2 202 -9 0 
7 -9 3 15 6 -9 -9 75 1 2 202 -9 0 
7 -9 3 15 6 -9 -9 54 1 1 202 -9 0 
7 -9 3 15 6 -9 -9 55 2 1 202 -9 0 
7 -9 3 15 6 -9 -9 56 2 1 202 -9 0 
7 -9 3 15 6 -9 -9 57 3 1 202 -9 0 
7 -9 3 15 6 -9 -9 60 1 1 202 -9 0 
7 -9 3 15 6 -9 -9 63 1 1 202 -9 0 
7 -9 3 15 6 -9 -9 65 1 1 202 -9 0 
7 -9 3 15 6 -9 -9 67 1 1 202 -9 0 
7 -9 3 15 6 -9 -9 68 2 1 202 -9 0 
7 -9 3 15 6 -9 -9 70 3 1 202 -9 0 
7 -9 3 15 6 -9 -9 55 1 2 202 -9 0 
7 -9 3 15 6 -9 -9 56 1 2 202 -9 0 
7 -9 3 15 6 -9 -9 57 1 2 202 -9 0 
7 -9 3 15 6 -9 -9 63 1 2 202 -9 0 
7 -9 3 15 6 -9 -9 64 1 2 202 -9 0 
7 -9 3 15 6 -9 -9 65 2 2 202 -9 0 
