2 372 1 -9 1 42
2 622 2 -9 0.9 41
2 439 1 2 0.48 34
2 457 1 7 0.71 41
2 452 2 5 0.94 40
2 405 1 -9 0.99 43
1 292 1 -9 0.45 36
2 664 2 -9 0.95 42
2 652 2 -9 0.45 36
2 832 1 -9 0.45 34
2 845 2 -9 0.55 37
1 139 2 -9 0.55 35
1 349 1 3 0.74 40
1 324 1 -9 0.4 33
2 539 1 -9 0.9 42
2 436 1 2 0.53 35
1 192 1 -9 0.8 45
2 458 1 8 0.88 43
1 203 1 -9 0.15 28
2 597 1 -9 0.55 38
2 458 1 7 0.92 45
2 467 2 3 0.8 36
2 748 1 -9 0.65 39
2 736 2 -9 0.78 38
2 397 2 -9 0.42 33
2 392 2 -9 0.61 38
1 28 1 3 0.38 34
1 27 1 4 0.4 33
1 271 1 -9 0.55 37
1 295 2 -9 0.45 36
2 663 1 -9 0.65 40
2 865 1 -9 0.75 43
2 838 2 -9 0.6 37
1 77 2 -9 1.08 41
2 754 2 -9 0.75 37
2 767 1 -9 0.45 37
1 144 2 -9 1.01 43
1 248 1 -9 0.6 34
1 252 1 -9 0.6 35
1 329 1 -9 0.5 35
2 525 2 -9 0.84 40
2 757 2 -9 0.62 36
2 422 2 5 1.18 42
2 477 1 6 0.81 42
2 594 2 -9 0.3 29
2 380 2 8 1.16 43
2 748 2 -9 0.89 42
2 391 2 -9 0.49 34
2 759 2 -9 0.88 40
1 30 1 5 0.45 37
1 259 1 3 0.9 42
2 656 2 -9 0.5 34
2 869 1 -9 0.35 35
2 861 2 -9 0.9 42
1 46 2 5 1.32 43
1 127 2 -9 0.67 37
1 126 1 -9 0.75 39
1 241 2 -9 0.5 35
2 551 1 2 0.7 35
1 300 1 5 1.6 43
1 312 1 -9 0.75 40
1 309 2 -9 0.75 39
2 515 1 -9 0.55 39
2 515 2 -9 0.25 27
2 514 2 -9 0.48 34
2 533 1 -9 0.86 43
1 255 2 5 1.1 42
2 797 2 5 0.84 41
2 623 2 -9 0.54 36
2 438 1 6 0.74 41
2 445 1 5 0.8 40
2 452 2 4 0.87 41
2 473 1 9 0.9 43
2 402 1 -9 0.68 39
1 9 1 5 0.7 39
1 297 2 -9 0.4 33
2 665 1 -9 0.55 38
2 650 2 -9 0.35 31
1 67 1 -9 0.65 39
1 87 1 -9 0.22 28
1 80 2 -9 0.99 43
1 150 2 -9 0.96 41
1 246 2 -9 0.3 30
2 550 1 5 1.4 45
1 321 1 -9 0.8 41
2 371 2 -9 0.85 41
2 805 2 2 0.28 31
2 606 2 -9 0.64 38
2 443 2 2 0.49 34
1 214 1 -9 0.6 43
2 572 1 -9 0.95 42
2 733 1 -9 0.51 36
2 414 1 -9 0.49 34
2 737 1 -9 0.58 37
2 394 1 -9 0.51 34
2 713 1 -9 0.9 42
1 14 2 10 0.9 43
1 259 1 5 1 43
2 628 1 -9 0.55 37
2 667 2 -9 0.35 31
2 661 1 -9 0.45 34
2 843 1 -9 0.45 34
2 829 2 -9 1.2 46
2 863 1 -9 0.95 41
1 73 2 -9 0.69 37
2 774 2 -9 0.49 35
1 129 2 -9 0.64 39
1 359 1 6 0.66 41
1 366 1 5 0.78 44
1 351 2 5 1 42
1 230 2 -9 0.2 27
1 231 1 -9 1 42
1 102 2 -9 0.8 39
1 233 1 -9 1 43
2 562 2 5 0.7 40
2 561 2 3 0.65 37
1 337 1 -9 0.45 33
1 311 1 -9 0.65 38
2 501 2 -9 0.49 34
2 547 1 -9 0.96 43
2 580 2 -9 0.55 35
1 199 1 -9 0.5 38
1 216 2 -9 0.45 34
1 215 2 -9 0.5 37
2 760 2 -9 0.88 41
2 426 2 4 1.17 43
2 599 1 -9 0.95 44
2 395 2 -9 0.75 41
2 719 2 -9 0.75 38
2 394 2 -9 0.6 37
2 404 2 -9 0.95 42
2 703 1 -9 0.5 37
1 11 2 6 0.9 43
1 265 1 -9 0.5 37
1 290 1 -9 0.55 37
1 283 2 -9 0.35 30
2 746 2 -9 0.73 37
1 58 2 -9 0.82 41
1 95 2 -9 0.84 43
1 55 2 -9 0.6 40
1 344 1 6 0.96 49
1 347 1 4 0.8 43
1 226 1 -9 0.3 31
1 102 2 -9 1 40
1 107 1 -9 1.1 41
2 555 1 7 0.65 37
2 558 2 7 0.85 42
1 324 2 -9 0.5 33
2 524 2 -9 1.03 42
2 516 1 -9 0.43 33
2 613 1 -9 0.42 42
2 610 2 -9 0.86 39
1 201 1 -9 0.2 31
1 199 1 -9 0.45 37
2 466 2 5 0.89 41
1 194 2 -9 0.4 38
2 592 1 -9 0.45 34
2 416 1 6 1.19 46
2 708 1 -9 0.9 43
2 682 1 -9 0.75 40
2 721 2 -9 0.8 40
1 7 1 4 0.7 41
1 10 2 6 0.8 41
1 18 1 7 0.7 41
1 277 2 -9 0.75 40
2 636 2 -9 0.6 37
2 655 1 -9 0.4 33
2 841 1 -9 0.45 36
2 868 2 -9 0.45 35
1 153 2 -9 0.9 42
1 178 2 -9 1.11 42
1 163 1 -9 0.79 41
1 365 2 4 0.52 40
1 244 2 -9 0.4 29
1 243 1 -9 0.5 34
2 568 1 4 0.7 37
2 492 2 -9 1.02 43
2 488 2 -9 1.19 42
2 508 1 -9 0.75 40
2 799 1 3 0.4 35
2 796 1 2 0.41 32
2 436 1 2 0.51 35
1 197 2 -9 0.5 42
1 189 2 -9 0.7 42
2 593 2 -9 0.9 43
2 484 2 4 0.93 41
2 701 1 -9 0.5 37
2 686 2 -9 0.45 33
1 28 1 5 0.4 34
1 260 1 8 1 45
1 257 1 5 0.9 40
1 261 2 -9 0.9 43
1 284 1 -9 0.6 37
2 626 2 -9 0.6 36
2 846 1 -9 0.4 33
1 64 2 -9 0.69 39
1 61 1 -9 0.91 42
1 62 1 -9 0.8 42
1 75 2 -9 0.97 42
2 755 1 -9 0.74 40
2 764 1 -9 0.71 40
1 51 1 -9 0.7 39
1 148 2 -9 0.73 39
1 148 2 -9 0.76 39
1 126 2 -9 0.93 41
1 352 1 6 0.78 41
1 369 2 5 0.9 41
1 123 1 -9 0.6 37
2 556 2 5 1 41
2 554 2 4 0.6 37
1 315 2 -9 0.5 34
2 495 2 2 0.62 34
2 494 2 5 1.07 42
2 818 2 2 0.31 31
2 819 1 5 0.68 40
1 183 2 5 0.95 46
1 183 1 5 1.15 47
2 574 1 -9 0.4 32
2 579 1 -9 0.4 32
1 182 1 6 1.15 48
1 201 2 -9 0.25 34
2 391 1 -9 0.46 36
2 415 1 2 0.51 35
2 725 1 -9 0.62 39
1 274 2 -9 0.75 40
2 639 1 -9 0.3 30
2 655 1 -9 0.35 32
2 828 1 -9 1.1 44
2 860 2 -9 0.85 40
1 43 1 6 1.12 46
1 83 2 -9 0.35 32
1 366 2 3 0.64 41
2 491 1 -9 0.89 42
2 806 1 3 0.43 38
1 202 2 -9 0.05 13
1 198 2 -9 0.6 40
2 590 2 -9 0.5 35
2 758 2 -9 0.68 38
2 423 2 5 1.28 46
2 745 2 -9 0.46 33
2 689 1 -9 0.35 32
2 703 2 -9 0.3 30
2 683 1 -9 0.95 41
2 676 1 -9 0.5 34
2 862 2 -9 0.95 41
2 730 2 -9 0.43 32
2 750 2 -9 0.56 35
2 769 1 -9 0.5 36
1 134 2 -9 0.74 40
1 246 2 -9 0.3 28
2 551 2 7 1.3 45
2 567 1 7 1 43
2 489 1 -9 1 41
2 528 2 -9 0.86 41
2 541 1 -9 0.53 35
2 821 1 5 0.84 43
2 619 2 -9 0.64 35
2 610 2 -9 1.06 41
1 187 2 -9 1.15 45
1 200 1 -9 0.45 39
2 588 2 -9 0.45 35
2 469 2 4 0.9 41
2 470 2 5 1.1 42
1 24 1 7 0.75 41
1 297 1 -9 0.45 34
2 645 2 -9 0.4 31
2 847 2 -9 0.55 37
2 829 1 -9 0.95 42
1 127 2 -9 0.79 40
1 130 1 -9 0.68 40
1 111 1 -9 1 41
1 234 2 -9 1.2 40
1 119 1 -9 0.6 37
2 528 1 -9 0.95 43
2 798 2 2 0.45 35
2 578 1 -9 0.65 37
2 431 2 5 1 39
1 196 1 -9 0.45 36
1 203 1 -9 0.25 34
2 455 2 5 0.69 39
2 603 1 -9 0.6 36
2 737 2 -9 0.8 40
2 402 1 -9 0.82 40
2 381 2 8 1.06 45
2 720 1 -9 0.8 41
1 283 1 -9 0.4 34
2 856 2 -9 0.4 33
1 91 2 -9 0.84 39
2 767 2 -9 0.2 27
1 53 2 -9 0.64 38
1 344 1 4 1.08 47
1 343 1 8 1.04 48
1 351 2 5 0.8 39
1 221 1 -9 0.6 37
1 246 1 -9 0.5 33
2 557 1 6 0.75 40
1 308 2 -9 0.75 38
2 549 2 -9 0.41 32
2 801 2 1 0.11 23
2 788 1 5 1.16 44
2 794 2 2 0.49 34
2 820 1 5 0.71 41
2 739 2 -9 0.5 33
2 760 2 -9 0.79 38
2 423 2 9 1.13 45
2 748 1 -9 0.77 40
1 290 1 -9 0.45 37
1 287 1 -9 0.3 33
2 851 1 -9 0.45 34
1 76 1 -9 0.91 43
1 53 2 -9 0.77 42
1 147 2 -9 0.88 42
1 131 2 -9 0.76 41
1 229 2 -9 0.5 35
1 121 1 -9 0.6 36
2 562 1 3 0.6 38
1 336 1 -9 0.55 36
2 516 2 -9 0.48 34
2 786 2 -9 1.27 45
2 788 2 5 1.01 42
2 792 2 5 0.77 40
2 425 2 9 1.1 46
2 453 1 5 0.82 42
2 583 1 -9 0.35 32
2 583 2 -9 0.45 33
2 465 2 9 0.91 42
2 382 2 2 0.61 36
2 740 2 -9 0.47 33
2 700 2 -9 0.5 34
1 24 1 10 0.95 44
2 627 2 -9 0.45 35
1 369 2 6 0.9 42
2 375 1 8 1.2 45
2 793 2 3 0.67 37
2 434 1 2 0.53 36
1 195 1 -9 0.35 35
2 597 2 -9 0.75 39
2 421 2 5 1.14 41
2 459 1 6 0.91 43
2 418 2 3 1.05 42
2 413 2 -9 0.79 41
1 10 2 5 0.5 36
1 23 2 5 0.95 42
2 629 1 -9 0.8 38
2 640 1 -9 0.45 36
2 853 1 -9 0.5 34
2 855 2 -9 0.85 42
2 746 2 -9 0.59 35
1 89 2 -9 0.84 39
1 174 2 -9 0.9 40
1 167 1 -9 0.57 38
1 169 2 -9 0.42 33
1 136 2 -9 0.68 41
1 111 2 -9 1.3 41
1 238 2 -9 1.1 39
2 564 1 3 0.5 35
1 255 2 5 0.8 42
2 614 1 -9 0.88 39
2 605 2 -9 0.6 38
2 607 1 -9 0.74 42
1 179 1 5 0.9 45
2 439 2 4 0.66 39
2 445 2 2 0.41 33
2 444 1 2 0.45 33
1 180 2 5 0.95 46
2 601 2 -9 0.85 40
2 601 1 -9 0.75 42
2 593 2 -9 0.4 32
2 471 2 3 0.9 37
2 413 1 -9 0.8 42
2 681 2 -9 0.8 38
2 684 1 -9 0.65 38
1 22 1 5 0.75 39
1 286 2 -9 0.4 33
2 633 1 -9 0.5 35
1 88 2 -9 0.63 39
1 144 1 -9 0.28 29
1 149 1 -9 0.82 40
1 159 1 -9 0.84 41
1 135 2 -9 0.58 38
1 243 1 -9 0.3 32
1 233 2 -9 0.9 41
2 493 2 -9 1.08 40
1 337 1 -9 0.55 37
2 507 2 -9 0.68 37
2 511 1 -9 0.52 37
2 503 1 -9 1.15 44
2 371 2 -9 0.65 37
2 808 1 4 0.38 34
2 795 2 2 0.53 36
2 441 2 8 0.76 41
2 597 2 -9 0.85 39
2 763 1 -9 0.91 43
2 461 2 5 0.82 39
2 473 2 5 1.1 41
2 474 1 6 1.2 43
2 709 1 -9 0.8 41
2 392 1 -9 0.74 39
2 716 1 -9 0.9 42
1 38 1 3 0.4 34
1 38 1 5 0.6 39
1 272 1 -9 0.8 41
1 290 1 -9 0.5 35
2 625 2 -9 0.75 39
2 849 1 -9 0.35 34
2 838 1 -9 0.8 41
1 166 1 -9 1.04 45
1 342 1 8 1.2 46
1 343 1 5 1.06 48
1 115 1 -9 1.1 41
1 98 1 5 1.1 44
1 325 2 -9 0.5 36
2 547 2 -9 0.8 40
2 803 1 5 0.46 36
2 609 2 -9 0.62 35
2 585 2 -9 0.55 36
1 186 2 -9 0.75 42
2 739 1 -9 0.93 42
2 456 1 5 0.9 44
2 594 2 -9 0.55 36
2 473 2 3 1.15 39
2 471 2 6 1 41
2 600 2 -9 0.85 41
2 407 2 -9 0.44 34
2 673 2 3 1.05 41
2 718 2 -9 0.9 39
3 373 1 -9 3.3 58
1 14 2 5 0.8 40
1 277 2 -9 0.95 42
2 653 2 -9 0.4 33
2 849 1 -9 0.4 36
1 85 1 -9 0.35 31
1 133 1 -9 0.61 38
1 355 2 5 1.1 42
2 486 2 -9 0.78 36
2 491 1 -9 0.86 42
1 300 1 8 1.2 44
2 808 1 7 0.54 38
2 612 1 -9 0.56 34
2 435 1 8 0.8 44
2 479 1 3 0.64 38
2 427 2 6 1.12 44
2 589 2 -9 0.4 31
1 25 2 8 1 43
1 26 1 6 0.7 41
1 16 1 5 1 44
1 261 1 -9 0.7 40
2 830 2 -9 1.1 42
2 742 1 -9 0.86 42
1 52 2 -9 0.63 37
2 773 1 -9 0.11 23
1 86 1 -9 0.74 40
1 87 2 -9 0.64 38
1 175 2 -9 0.88 41
1 147 2 -9 0.76 41
1 120 1 -9 0.8 38
2 550 2 5 1.5 42
1 332 1 -9 0.45 33
2 375 2 7 0.99 42
2 801 2 2 0.41 33
2 793 2 8 0.9 43
2 825 2 -9 1.2 42
2 823 2 2 0.29 31
2 618 2 -9 0.38 30
2 615 2 -9 0.92 40
1 211 2 -9 0.1 20
1 196 1 -9 0.65 40
1 206 1 -9 0.35 36
2 453 2 5 1.04 42
2 468 1 9 1 45
2 415 2 5 0.88 42
2 406 2 -9 0.61 38
2 694 2 -9 0.65 38
1 27 1 7 0.8 41
1 12 2 6 0.7 42
1 11 2 5 1.05 43
1 261 2 -9 0.65 39
1 282 2 -9 0.55 35
2 653 2 -9 0.35 32
2 862 1 -9 0.7 40
2 862 1 -9 0.9 42
1 66 2 -9 1.08 41
1 69 2 -9 0.85 41
2 732 1 -9 0.86 41
1 83 2 -9 0.5 37
1 178 1 -9 0.45 35
1 155 1 -9 0.84 41
1 363 2 1 0.12 24
1 357 1 3 0.56 38
1 217 2 -9 1.1 41
1 241 1 -9 0.4 36
1 244 1 -9 0.2 28
2 569 2 6 0.95 40
1 305 2 -9 0.8 38
2 543 1 -9 0.63 38
2 806 1 5 0.39 36
2 623 2 -9 0.76 40
2 619 2 -9 0.46 32
2 430 2 5 1 39
2 449 1 1 0.22 27
1 186 2 -9 0.6 40
2 471 1 5 0.8 42
2 462 2 8 0.87 41
2 377 1 5 1.02 43
2 418 2 3 1.01 42
2 735 1 -9 0.48 34
2 402 1 -9 0.77 41
2 722 2 -9 0.85 40
1 263 1 -9 0.4 35
2 841 1 -9 0.25 32
2 844 2 -9 0.35 35
1 92 2 -9 1.15 42
1 174 1 -9 0.81 41
1 350 2 6 1.02 43
1 242 1 -9 0.5 33
1 245 1 -9 0.3 34
1 232 1 -9 1 43
2 537 1 -9 0.96 43
2 542 1 -9 0.98 43
2 529 1 -9 0.82 42
2 817 1 3 0.31 32
2 428 2 4 1.06 42
2 469 1 8 1.1 44
2 749 1 -9 1.05 43
1 6 1 7 0.7 42
1 292 1 -9 0.4 35
1 271 2 -9 0.9 41
2 652 1 -9 0.25 30
2 866 2 -9 0.45 33
2 868 1 -9 0.7 46
1 54 2 -9 1.01 42
2 750 2 -9 0.88 40
1 42 1 5 0.94 42
1 173 1 -9 0.7 39
1 350 2 6 0.94 41
2 563 1 3 0.55 36
2 553 1 3 1 41
1 237 1 -9 0.9 41
2 526 1 -9 0.65 40
2 619 1 -9 0.5 33
2 484 1 8 0.89 43
2 592 1 -9 0.45 34
2 383 2 5 1.03 40
2 694 1 -9 0.4 32
2 734 1 -9 0.71 39
2 674 2 2 0.85 39
1 299 2 -9 0.4 33
1 265 2 -9 0.75 40
2 638 2 -9 0.65 36
2 843 1 -9 0.35 32
2 728 2 -9 1.09 43
1 61 1 -9 0.79 40
2 764 1 -9 0.72 41
2 776 1 -9 0.42 33
1 148 2 -9 1.02 43
1 222 2 -9 0.7 38
1 251 2 -9 0.6 36
1 103 1 -9 1.1 42
2 514 1 -9 0.53 37
2 498 2 2 0.68 38
2 503 2 -9 0.81 39
2 538 1 -9 0.65 39
2 443 1 2 0.46 34
2 478 2 6 0.96 43
2 463 1 7 0.83 42
2 722 2 -9 0.9 42
2 671 1 2 0.75 38
1 36 1 4 0.5 39
1 33 1 5 0.55 38
1 14 1 5 0.7 39
1 293 2 -9 0.45 33
2 628 2 -9 0.4 31
2 857 2 -9 0.2 26
2 831 1 -9 0.6 36
2 742 2 -9 0.87 40
1 67 2 -9 1 42
2 766 1 -9 0.65 40
2 766 1 -9 0.73 41
2 729 1 -9 0.72 40
1 53 2 -9 0.56 37
1 176 1 -9 0.69 39
1 136 1 -9 0.7 40
1 127 2 -9 0.7 38
1 357 2 2 0.44 36
1 222 2 -9 0.8 39
1 249 1 -9 0.6 34
1 120 2 -9 1.2 43
2 559 1 5 0.55 35
1 315 2 -9 0.75 38
1 306 2 -9 0.5 34
1 306 2 -9 0.75 39
2 523 1 -9 0.89 41
2 504 1 -9 0.49 34
2 529 1 -9 1.17 44
2 623 1 -9 0.84 42
2 606 2 -9 0.6 38
2 621 1 -9 0.34 31
1 214 1 -9 0.55 38
2 433 2 2 0.46 33
2 590 2 -9 0.3 30
2 708 1 -9 0.8 40
2 748 1 -9 0.77 42
2 390 1 -9 0.77 42
2 699 1 -9 0.25 27
2 680 2 -9 0.9 40
2 711 2 -9 1.15 44
1 40 1 9 0.65 41
1 276 2 -9 1 42
1 274 2 -9 0.95 41
1 283 1 -9 0.45 35
2 626 1 -9 0.45 33
2 858 2 -9 0.7 35
2 849 1 -9 0.45 36
1 64 2 -9 1 41
2 765 2 -9 0.3 31
1 133 1 -9 0.74 44
1 109 1 -9 1 41
1 245 2 -9 0.3 30
1 244 2 -9 0.5 36
1 106 2 -9 0.9 38
2 552 2 5 1.2 43
2 557 1 4 0.85 41
1 312 1 -9 0.7 40
2 523 1 -9 0.81 42
2 528 1 -9 0.95 43
2 501 2 -9 0.96 42
2 532 1 -9 0.47 35
2 817 1 2 0.39 33
2 616 2 -9 0.62 37
2 605 2 -9 0.48 34
2 733 1 -9 0.49 37
1 210 2 -9 0.35 37
2 456 2 7 0.98 42
2 472 2 8 1.05 42
2 416 2 3 1.15 42
2 418 2 5 1.17 45
2 396 1 -9 0.34 31
1 2 1 5 0.95 44
1 16 1 7 1.05 43
2 827 1 -9 0.8 38
2 752 1 -9 0.63 37
2 743 1 -9 0.58 36
2 776 1 -9 0.38 34
1 89 1 -9 0.91 42
1 96 2 -9 0.82 42
1 51 2 -9 0.79 41
1 94 1 -9 0.4 32
1 248 1 -9 0.5 34
1 120 2 -9 0.7 36
2 553 1 2 0.7 36
1 313 1 -9 0.7 38
1 335 1 -9 0.5 35
2 509 2 -9 0.87 40
2 371 1 -9 1.1 45
2 804 2 2 0.39 32
2 786 1 2 0.73 38
2 615 2 -9 0.4 31
2 429 2 4 0.88 39
1 212 1 -9 0.35 30
1 194 1 -9 0.45 38
2 425 1 8 1.15 45
2 702 1 -9 0.25 26
1 37 2 4 0.6 38
1 256 2 5 1.1 42
1 278 2 -9 1.2 41
1 277 1 -9 0.85 42
2 832 1 -9 0.2 26
2 852 1 -9 0.55 37
2 837 1 -9 0.5 36
1 42 2 5 1.19 43
1 45 1 5 1.01 43
1 141 1 -9 0.87 42
1 145 2 -9 0.38 32
1 226 1 -9 0.7 40
1 243 1 -9 0.6 37
1 323 2 -9 0.8 41
1 326 2 -9 0.35 32
1 302 2 5 1.1 42
2 519 1 -9 0.89 43
2 375 2 8 1.16 43
2 795 1 3 0.59 38
1 205 2 -9 0.35 35
2 446 1 2 0.26 28
1 190 1 -9 0.6 41
2 428 2 4 1.14 42
2 723 1 -9 1 45
2 737 2 -9 0.75 40
2 403 2 -9 0.49 34
2 393 1 -9 0.51 35
1 7 1 5 0.7 41
1 33 1 5 0.45 36
1 285 1 -9 0.55 38
2 667 2 -9 0.2 29
2 639 2 -9 0.65 39
2 835 1 -9 0.7 39
2 769 1 -9 0.4 33
1 170 1 -9 0.61 37
1 170 1 -9 0.88 44
1 130 1 -9 0.77 40
1 99 2 6 1.2 43
2 568 2 6 0.7 37
1 321 2 -9 1 41
1 338 1 -9 0.35 31
2 543 1 -9 0.78 44
2 525 2 -9 0.84 39
2 371 2 -9 0.75 40
2 604 2 -9 0.46 34
2 581 1 -9 0.85 41
1 180 2 9 0.9 47
1 206 2 -9 0.1 13
2 587 2 -9 0.45 33
2 415 1 2 0.45 34
1 20 1 4 0.95 42
1 276 2 -9 0.7 40
1 283 1 -9 0.4 35
1 270 2 -9 0.7 39
2 647 1 -9 0.45 33
2 854 1 -9 0.4 32
1 126 2 -9 1.02 42
1 109 1 -9 1.2 40
1 253 2 -9 0.9 38
1 98 1 4 1 44
1 323 1 -9 0.95 43
1 335 1 -9 0.45 34
1 306 1 -9 0.7 40
2 495 2 5 1.29 41
2 820 1 6 0.84 43
2 622 1 -9 0.6 35
2 613 1 -9 1.12 45
1 212 2 -9 0.15 21
2 435 2 4 0.69 39
1 182 2 8 1.2 47
2 412 2 -9 0.52 36
2 404 1 -9 0.48 34
2 684 1 -9 0.6 36
2 722 2 -9 0.75 37
2 680 1 -9 0.6 36
1 258 2 8 1.1 40
2 649 1 -9 0.25 29
2 834 1 -9 0.55 35
1 75 1 -9 0.74 41
2 777 2 -9 0.32 30
2 769 1 -9 0.37 32
1 48 2 -9 0.8 38
1 125 2 -9 0.72 38
1 252 1 -9 0.5 34
1 248 2 -9 0.6 33
1 322 2 -9 0.1 20
2 487 1 -9 0.81 43
2 537 1 -9 0.5 36
2 546 1 -9 0.82 41
2 545 1 -9 0.76 42
2 518 2 -9 0.29 29
2 795 2 5 1 42
2 609 2 -9 1.06 41
1 179 2 6 1.1 46
1 182 2 5 1.1 47
2 733 1 -9 0.85 41
2 586 2 -9 0.35 32
2 459 2 5 0.79 38
2 389 2 -9 0.48 33
2 782 2 -9 0.41 32
2 390 1 -9 0.47 34
1 284 2 -9 0.2 27
2 665 2 -9 0.6 37
2 853 2 -9 0.4 32
1 97 1 -9 0.73 40
1 243 1 -9 0.2 29
2 561 1 6 0.5 37
2 569 1 5 0.95 41
2 544 1 -9 0.59 36
2 496 2 2 0.63 35
2 532 1 -9 0.62 39
2 826 1 -9 1.4 39
2 607 2 -9 0.96 44
1 181 1 3 0.8 43
2 573 2 -9 0.7 37
1 190 2 -9 0.65 43
1 182 1 5 1 45
2 401 2 -9 0.73 40
1 263 2 -9 0.8 40
2 630 1 -9 0.7 40
2 861 1 -9 0.8 42
2 727 2 -9 0.81 37
1 90 1 -9 0.75 42
1 89 1 -9 0.7 40
1 81 2 -9 0.47 32
1 143 1 -9 0.74 40
1 368 2 11 0.86 47
1 249 1 -9 0.4 33
1 112 2 -9 1.4 42
2 564 1 5 0.55 37
1 334 2 -9 0.45 34
1 332 1 -9 0.4 35
1 337 2 -9 0.45 34
1 330 1 -9 0.45 34
2 524 1 -9 0.62 37
2 544 1 -9 1.02 43
2 519 2 -9 0.9 41
2 542 1 -9 0.92 43
2 608 2 -9 0.58 34
2 615 2 -9 0.4 31
2 617 2 -9 0.56 36
1 205 1 -9 0.4 34
2 448 2 5 0.34 32
1 188 2 -9 0.95 44
1 209 1 -9 0.3 29
2 423 1 10 1.1 47
2 401 2 -9 0.6 38
2 417 1 8 0.95 42
2 418 2 5 1.25 44
2 391 1 -9 0.47 35
2 398 1 -9 0.91 44
2 412 1 -9 0.5 36
2 694 1 -9 0.55 37
2 683 2 -9 0.6 36
1 25 1 5 0.8 41
2 628 2 -9 0.7 38
2 644 2 -9 0.6 40
2 641 2 -9 0.35 32
1 72 1 -9 0.67 38
2 778 1 -9 0.32 30
1 60 1 -9 0.46 36
1 163 2 -9 0.91 42
1 168 2 -9 0.77 41
1 135 1 -9 0.64 39
1 132 1 -9 0.72 39
1 358 2 5 0.98 44
1 349 2 4 0.64 39
1 249 2 -9 0.3 32
1 116 1 -9 1.1 40
1 230 1 -9 0.4 35
1 303 2 5 1 41
1 307 2 -9 0.85 39
2 609 2 -9 0.72 36
2 610 2 -9 0.88 41
1 207 1 -9 0.4 39
2 582 2 -9 0.7 37
1 184 2 -9 1.45 50
2 461 2 5 1.09 44
2 424 2 5 1.39 45
2 393 1 -9 0.53 36
2 690 2 -9 0.25 26
2 690 2 -9 0.5 35
1 40 2 7 0.85 34
1 23 1 5 0.8 40
1 280 2 -9 0.7 37
1 286 1 -9 0.45 34
1 293 1 -9 0.5 35
2 668 2 -9 0.35 32
2 666 1 -9 0.8 42
2 827 2 -9 0.55 35
2 838 2 -9 0.5 35
1 77 2 -9 0.79 42
2 777 1 -9 0.46 34
2 774 2 -9 0.22 27
1 92 2 -9 0.8 40
1 47 1 -9 0.3 31
1 145 2 -9 1 40
1 147 1 -9 0.71 39
1 129 1 -9 0.84 42
1 241 2 -9 0.5 34
1 227 1 -9 0.3 30
2 561 1 2 0.3 30
1 315 2 -9 0.6 36
1 316 2 -9 0.8 40
1 338 2 -9 0.4 34
2 527 1 -9 0.95 42
2 375 1 7 1.18 45
2 584 1 -9 0.35 32
2 576 1 -9 0.9 40
1 209 1 -9 0.35 37
2 411 1 -9 0.65 39
2 396 1 -9 0.84 42
1 21 2 5 1.2 43
1 15 1 5 0.75 39
2 664 1 -9 0.7 41
2 643 2 -9 0.2 28
2 662 1 -9 0.75 41
2 852 1 -9 0.45 33
2 855 2 -9 0.4 33
2 858 2 -9 0.4 34
2 865 1 -9 0.45 35
1 79 2 -9 0.87 39
1 43 2 5 1.23 44
1 54 2 -9 0.71 40
1 157 2 -9 1.04 43
1 148 2 -9 0.42 32
1 353 1 4 0.74 40
1 219 2 -9 1.2 42
1 113 1 -9 1.2 42
1 102 1 -9 1 43
1 107 2 -9 1.1 40
2 557 2 3 0.65 36
2 488 2 -9 1.49 42
2 538 2 -9 0.75 39
2 535 1 -9 0.86 42
2 817 2 2 0.6 36
2 822 2 2 0.54 36
2 443 1 2 0.55 36
1 205 2 -9 0.5 35
2 441 1 3 0.69 38
2 445 1 5 0.89 43
1 190 1 -9 0.7 46
2 457 1 8 0.66 39
2 457 2 4 0.78 41
1 8 1 12 1.2 47
1 17 2 7 0.9 40
1 21 2 5 1.05 43
1 258 1 5 0.95 41
2 660 2 -9 0.8 40
2 668 1 -9 0.3 32
2 835 1 -9 0.65 39
1 73 1 -9 0.74 41
2 753 2 -9 0.52 34
2 768 1 -9 0.49 36
1 151 2 -9 0.76 40
1 358 1 5 0.82 44
1 217 1 -9 0.9 40
1 251 2 -9 0.7 36
2 555 2 5 0.7 38
2 491 2 -9 0.84 39
1 339 1 -9 0.6 37
1 321 1 -9 0.9 42
2 524 1 -9 0.89 42
2 495 2 5 1.04 45
2 510 1 -9 0.77 40
2 798 2 2 0.16 28
2 809 2 1 0.22 27
2 612 2 -9 0.84 40
2 618 2 -9 0.56 33
2 620 2 -9 0.62 36
2 617 2 -9 0.42 31
2 448 1 6 0.41 34
1 191 2 -9 0.65 40
2 458 1 5 1 44
2 762 1 -9 0.74 40
2 465 1 5 0.7 41
2 594 1 -9 0.5 35
2 603 2 -9 0.75 39
2 723 1 -9 1.2 46
2 782 2 -9 0.6 35
2 405 1 -9 0.61 37
1 37 2 3 0.4 35
1 13 2 5 1 41
2 637 2 -9 0.4 34
2 642 2 -9 0.4 33
2 859 1 -9 0.95 43
2 779 2 -9 0.47 34
1 49 1 -9 0.7 37
2 770 2 -9 0.54 36
2 771 2 -9 0.46 35
1 80 2 -9 0.81 39
1 139 1 -9 0.55 37
1 100 1 8 1.1 43
1 103 1 -9 1.2 43
1 235 2 -9 1 41
2 569 1 5 0.6 37
1 322 1 -9 0.6 39
1 305 2 -9 0.7 39
2 496 2 8 1.15 45
2 525 2 -9 0.86 42
2 536 1 -9 0.9 42
2 458 2 5 1.01 42
2 593 2 -9 0.7 38
2 422 1 5 1.28 45
2 453 1 5 0.85 42
2 688 2 -9 1 40
2 698 2 -9 0.4 32
2 724 1 -9 0.76 42
1 272 2 -9 1 41
1 296 1 -9 0.5 35
2 657 2 -9 1.25 41
2 851 1 -9 0.45 36
1 45 2 -9 1.33 45
1 97 2 -9 1.16 45
1 57 2 -9 0.83 39
1 156 2 -9 0.8 38
1 356 2 5 0.92 41
1 364 1 10 0.94 45
1 252 1 -9 0.5 35
1 247 2 -9 0.6 36
1 228 1 -9 0.6 37
1 99 2 8 1.1 42
1 99 1 8 1.3 47
1 301 1 5 0.95 42
2 454 1 8 0.84 42
2 480 2 2 0.5 35
2 422 2 4 1.17 42
2 592 2 -9 0.2 24
2 452 2 6 0.9 42
2 472 1 5 1 43
2 479 2 6 0.58 36
2 406 2 -9 0.5 35
2 744 2 -9 0.7 38
2 694 2 -9 0.3 30
2 670 2 4 1.15 43
2 636 1 -9 0.3 29
2 642 2 -9 0.3 31
2 853 1 -9 0.3 30
2 869 1 -9 0.35 33
2 726 2 -9 0.96 43
1 82 1 -9 0.47 36
1 156 2 -9 0.83 39
1 150 1 -9 0.84 42
1 353 2 4 0.6 38
1 366 2 5 0.88 45
2 504 2 -9 0.92 43
2 536 1 -9 0.82 41
2 800 1 2 0.44 34
2 821 1 6 0.85 43
2 437 2 2 0.56 36
1 197 1 -9 0.4 35
2 475 1 5 1.2 43
2 426 2 6 1.05 42
2 476 1 5 0.79 40
2 471 2 8 1.1 40
2 589 1 -9 0.5 38
2 389 1 -9 0.47 34
2 705 2 -9 0.6 34
2 385 1 -9 0.44 33
2 383 2 7 1.08 42
2 413 1 -9 0.95 44
2 696 1 -9 0.3 29
2 691 1 -9 0.5 36
1 34 1 6 0.5 35
1 35 2 3 0.4 33
1 289 1 -9 0.5 37
1 269 1 -9 0.7 39
2 627 1 -9 0.65 38
2 667 2 -9 0.4 34
2 669 2 -9 0.45 33
2 665 1 -9 0.5 34
2 643 2 -9 0.5 34
2 645 1 -9 0.5 38
1 70 1 -9 0.81 42
2 784 1 -9 0.58 35
1 60 1 -9 0.55 37
1 172 2 -9 0.98 42
1 169 1 -9 0.63 39
1 242 1 -9 0.6 35
1 339 2 -9 0.6 36
2 544 1 -9 0.51 35
2 514 2 -9 0.48 33
2 542 1 -9 0.51 35
2 536 1 -9 0.74 40
2 805 1 1 0.18 27
2 436 1 5 0.8 42
1 204 1 -9 0.6 46
2 573 1 -9 1 43
1 216 1 -9 0.25 31
2 379 2 2 0.69 38
1 275 1 -9 0.9 42
2 639 1 -9 0.4 36
2 647 2 -9 0.75 40
2 655 2 -9 0.9 38
2 848 1 -9 0.45 36
1 73 1 -9 0.94 43
1 70 2 -9 0.65 39
1 78 2 -9 0.87 40
1 90 2 -9 0.78 40
1 172 1 -9 0.83 42
1 124 2 -9 0.78 31
1 353 1 5 0.72 38
1 220 1 -9 0.8 40
1 227 1 -9 0.6 37
2 569 1 2 0.6 35
1 332 2 -9 0.55 34
1 325 2 -9 0.35 32
1 331 2 -9 0.4 34
1 330 1 -9 0.45 34
2 497 2 5 1.06 42
2 613 2 -9 0.6 35
2 607 1 -9 0.94 42
2 434 2 2 0.45 33
1 193 2 -9 0.75 45
2 435 2 1 0.22 27
1 190 1 -9 0.7 41
1 210 1 -9 0.5 40
2 485 2 2 0.39 32
2 474 1 5 1.1 44
2 717 2 -9 0.95 42
1 5 1 8 0.9 45
1 280 1 -9 0.8 41
1 287 1 -9 0.5 35
1 292 1 -9 0.45 33
1 269 2 -9 0.85 40
1 267 2 -9 0.9 41
2 635 1 -9 0.45 37
2 636 2 -9 0.55 36
2 631 2 -9 0.9 41
2 729 2 -9 0.5 34
1 51 2 -9 0.71 40
1 218 1 -9 0.9 40
1 229 2 -9 0.8 39
2 553 2 2 0.6 34
2 537 1 -9 0.83 43
2 618 2 -9 0.76 36
2 619 2 -9 0.54 37
1 183 1 3 1.1 45
1 185 2 -9 0.9 45
2 575 1 -9 0.6 38
2 461 2 8 0.79 41
2 601 1 -9 0.7 40
2 780 1 -9 0.82 41
2 463 2 5 0.84 42
2 704 1 -9 0.6 36
2 382 2 5 0.99 43
2 686 2 -9 0.55 35
2 682 1 -9 0.55 36
1 295 1 -9 0.4 35
2 628 1 -9 0.6 38
2 624 1 -9 0.8 43
2 866 1 -9 0.65 40
2 853 2 -9 0.45 33
1 52 2 -9 0.26 29
1 62 1 -9 0.82 40
2 726 1 -9 1.1 45
2 755 2 -9 0.75 36
2 776 2 -9 0.43 34
1 362 1 5 0.78 43
2 565 1 2 0.3 30
2 566 2 2 0.6 35
1 312 1 -9 0.6 38
2 825 1 -9 1.2 40
2 613 2 -9 0.4 30
2 606 2 -9 0.76 40
2 621 1 -9 0.78 40
1 205 2 -9 0.25 27
1 209 2 -9 0.45 36
2 481 1 8 0.84 43
2 378 1 6 1.26 45
2 382 1 5 1.19 45
2 675 2 -9 0.6 34
1 41 2 6 1 41
2 643 2 -9 0.65 38
1 84 1 -9 0.27 30
2 741 1 -9 0.59 35
1 57 2 -9 0.29 29
1 167 1 -9 0.73 40
1 165 2 -9 1 41
1 130 1 -9 0.76 41
1 143 1 -9 0.77 41
1 132 1 -9 0.85 41
1 347 2 6 0.78 44
1 239 2 -9 1.1 43
1 235 2 -9 1 39
1 301 1 6 0.87 41
2 487 1 -9 0.77 41
1 339 1 -9 0.25 28
1 311 2 -9 0.85 40
2 520 1 -9 1.01 45
2 540 2 -9 0.6 37
2 791 2 5 0.86 42
2 437 2 5 0.71 38
2 443 1 2 0.53 36
2 580 1 -9 0.6 37
2 581 1 -9 0.6 38
2 429 2 6 0.83 39
1 210 2 -9 0.15 22
2 475 1 7 1.05 41
2 602 1 -9 0.4 33
2 714 2 -9 1 42
1 4 1 5 1 43
2 656 1 -9 0.65 36
2 844 2 -9 0.6 36
2 845 1 -9 0.45 36
2 850 2 -9 0.6 37
2 848 1 -9 0.4 36
2 835 2 -9 0.5 36
1 65 1 -9 0.81 42
2 742 1 -9 0.73 39
1 52 2 -9 0.37 32
1 92 2 -9 0.97 43
1 176 2 -9 1.04 41
1 159 2 -9 0.86 41
1 364 2 2 0.38 33
1 223 1 -9 0.9 38
2 552 1 6 1.5 43
1 341 1 -9 0.2 28
2 486 1 -9 1.06 42
1 334 1 -9 0.55 36
1 314 1 -9 0.95 42
2 513 1 -9 0.23 28
2 499 2 -9 0.8 40
2 810 1 2 0.3 32
2 584 1 -9 0.5 36
1 206 2 -9 0.4 34
2 760 1 -9 0.71 40
2 721 1 -9 0.7 39
2 721 1 -9 0.65 40
1 1 1 5 0.9 44
1 278 2 -9 0.95 42
1 278 1 -9 0.85 43
1 291 2 -9 0.25 29
2 857 2 -9 0.3 31
2 850 2 -9 0.3 31
2 775 2 -9 0.17 26
2 783 1 -9 0.48 37
1 89 2 -9 0.75 38
1 141 1 -9 0.32 31
1 365 2 6 0.86 43
1 230 1 -9 0.3 35
1 105 2 -9 1.1 40
1 117 2 -9 0.5 34
2 562 1 2 0.5 37
1 323 2 -9 0.75 39
2 522 1 -9 1.06 42
2 545 1 -9 0.85 44
2 502 2 -9 0.56 35
2 576 2 -9 0.75 39
2 779 1 -9 0.6 38
2 466 1 -9 0.84 43
2 478 2 2 0.43 34
2 598 1 -9 0.45 35
2 672 2 3 1.05 40
2 700 2 -9 0.4 32
1 273 2 -9 0.95 42
1 288 2 -9 0.4 33
2 662 2 -9 0.95 41
2 864 2 -9 0.6 37
2 728 1 -9 0.95 44
2 727 1 -9 1.02 46
1 94 1 -9 0.78 40
1 342 1 6 1.18 48
1 348 1 5 0.84 41
1 226 1 -9 0.6 39
1 116 1 -9 1.1 41
1 117 2 -9 0.7 36
2 522 1 -9 0.9 41
2 528 2 -9 0.79 38
2 541 2 -9 0.95 41
2 529 1 -9 0.61 37
2 375 2 8 1.16 44
2 787 2 2 0.71 36
2 795 2 2 0.4 32
2 814 2 2 0.31 31
2 817 2 4 0.74 40
2 414 1 -9 0.94 43
2 782 1 -9 0.54 35
2 761 2 -9 0.77 39
2 397 1 -9 0.24 28
2 679 1 -9 0.8 42
2 670 2 4 1.1 43
2 718 2 -9 0.95 40
1 8 2 7 1 42
1 288 1 -9 0.4 35
2 659 1 -9 0.8 41
2 650 2 -9 0.95 42
2 765 2 -9 0.45 34
2 729 1 -9 0.46 35
1 354 1 2 0.44 36
1 220 2 -9 0.9 39
1 106 2 -9 1 40
1 306 2 -9 0.65 37
2 787 1 2 0.65 37
2 438 2 4 0.86 40
2 454 1 6 0.89 43
2 455 1 8 1.05 44
2 710 1 -9 0.85 41
2 745 2 -9 0.87 41
2 403 1 -9 0.55 37
2 419 2 6 1.18 44
2 388 1 -9 0.98 43
2 689 1 -9 0.5 38
1 33 1 5 0.5 37
2 854 2 -9 0.35 30
2 831 1 -9 1.1 43
2 868 1 -9 0.75 41
1 81 1 -9 0.5 36
1 74 2 -9 0.89 40
2 768 1 -9 0.21 27
2 765 2 -9 0.43 33
2 778 2 -9 0.33 30
1 165 2 -9 0.89 40
1 159 2 -9 0.91 40
1 363 1 6 0.7 43
1 361 2 5 0.8 42
1 223 1 -9 0.7 38
1 224 1 -9 0.8 38
1 250 1 -9 0.6 34
1 115 1 -9 1 41
1 119 1 -9 0.5 34
1 334 1 -9 0.45 34
2 508 2 -9 0.76 38
2 504 2 -9 0.77 42
2 531 2 -9 0.94 41
2 800 2 4 0.59 37
2 577 1 -9 0.9 42
2 442 1 3 0.68 39
1 184 2 -9 0.5 42
1 184 2 -9 0.8 42
1 209 1 -9 0.5 38
1 180 2 8 1 47
1 215 1 -9 0.5 38
2 596 1 -9 0.9 44
2 482 2 7 0.86 40
2 414 2 -9 0.74 41
2 384 2 5 0.89 43
2 781 1 -9 0.86 41
2 681 1 -9 0.85 42
2 697 2 -9 0.4 31
2 711 2 -9 0.55 36
2 713 2 -9 1 42
1 19 1 8 0.85 44
1 16 2 5 1.1 42
1 281 2 -9 0.9 38
1 276 1 -9 0.75 39
2 866 1 -9 0.75 41
1 76 1 -9 0.9 42
2 775 1 -9 0.24 27
1 51 1 -9 0.71 41
1 161 2 -9 0.77 39
1 176 1 -9 0.63 38
1 155 1 -9 0.78 39
1 146 2 -9 0.67 41
1 112 2 -9 1.1 40
1 319 1 -9 0.9 44
2 492 2 -9 0.93 43
2 513 1 -9 0.16 25
2 538 1 -9 0.86 42
2 606 2 -9 0.44 34
2 621 2 -9 0.42 31
2 584 2 -9 0.5 34
1 204 2 -9 0.1 19
1 198 1 -9 0.5 39
1 180 1 5 0.9 47
2 762 1 -9 0.48 35
2 464 1 8 1.01 44
2 600 2 -9 0.8 39
2 482 1 5 0.73 39
2 399 1 -9 0.43 33
2 715 1 -9 0.9 42
2 749 2 -9 0.6 36
2 411 1 -9 1.07 45
2 724 1 -9 0.78 42
1 34 2 3 0.5 36
1 41 1 8 0.65 41
1 13 1 5 0.7 39
1 259 1 5 1 42
1 298 1 -9 0.45 36
1 285 2 -9 0.45 34
2 630 1 -9 0.5 34
2 756 1 -9 0.82 42
1 161 1 -9 0.59 38
1 165 1 -9 0.81 42
1 128 2 -9 0.35 30
1 352 1 8 0.76 42
1 245 1 -9 0.5 37
1 244 2 -9 0.5 36
1 254 2 -9 0.6 38
1 319 1 -9 0.9 40
1 310 2 -9 0.7 37
1 329 1 -9 0.55 37
2 512 1 -9 0.41 35
2 530 1 -9 0.72 40
2 534 1 -9 0.57 36
2 807 2 1 0.24 29
2 440 1 5 0.77 41
2 484 1 5 0.78 41
2 427 2 6 0.97 43
2 389 1 -9 0.69 38
2 417 2 2 0.78 39
2 687 2 -9 0.55 35
1 29 1 3 0.5 35
1 17 2 6 1.1 42
1 298 1 -9 0.65 42
1 289 1 -9 0.4 34
2 647 2 -9 0.4 33
2 654 1 -9 0.45 35
2 851 2 -9 0.3 31
1 74 1 -9 0.74 40
2 376 2 5 1.2 43
1 342 2 8 0.92 43
1 367 1 5 0.8 39
1 228 1 -9 0.8 37
2 516 1 -9 0.49 37
2 502 2 -9 0.66 36
2 508 1 -9 0.79 40
2 809 1 2 0.34 32
2 574 2 -9 0.8 39
2 442 2 2 0.53 35
2 431 1 -9 0.95 40
1 195 1 -9 0.75 39
2 586 2 -9 0.25 29
2 673 2 6 1.05 43
2 720 2 -9 0.9 41
2 697 1 -9 0.5 35
1 3 1 8 0.95 44
1 3 1 5 0.9 43
1 32 2 5 0.5 37
1 299 1 -9 0.45 34
1 271 2 -9 1 41
2 626 2 -9 0.7 39
1 362 1 11 0.96 49
1 357 1 3 0.6 40
2 553 2 5 1 42
2 556 2 3 0.7 37
2 490 2 -9 1.29 42
1 335 1 -9 0.6 37
1 327 1 -9 0.5 35
2 826 2 -9 1.2 42
2 800 1 2 0.42 33
2 823 1 5 0.98 43
1 211 2 -9 0.25 31
2 467 1 5 1 42
2 598 1 -9 0.75 40
2 378 1 5 1.07 43
2 675 1 -9 0.75 37
1 29 1 7 0.7 40
1 41 2 5 0.7 39
1 10 2 5 0.6 40
1 263 2 -9 0.7 38
1 294 2 -9 0.55 37
2 644 1 -9 0.45 35
2 656 2 -9 0.7 40
2 651 2 -9 0.85 39
2 859 2 -9 1 42
2 780 1 -9 0.6 37
2 764 2 -9 0.52 35
1 78 1 -9 0.7 40
1 78 2 -9 0.88 42
2 534 2 -9 0.99 42
2 791 2 3 0.76 40
2 622 2 -9 0.88 43
2 584 2 -9 0.45 33
2 601 1 -9 0.8 41
2 450 2 7 1.16 44
2 462 1 7 0.83 42
2 483 1 3 0.76 41
2 399 2 -9 0.42 33
2 420 1 4 1.09 43
2 702 2 -9 0.45 33
1 5 1 5 1.1 47
1 41 2 7 0.7 40
1 22 2 6 1 42
1 11 2 5 1.1 43
1 256 2 11 1.8 48
1 262 2 -9 0.6 37
1 296 1 -9 0.5 35
2 849 2 -9 0.3 31
1 84 1 -9 0.44 36
1 59 2 -9 0.39 33
1 92 2 -9 0.85 40
1 44 1 5 0.86 42
1 162 1 -9 0.9 43
1 124 1 -9 1.24 44
1 227 2 -9 0.6 36
1 123 1 -9 0.6 37
1 100 2 5 1.4 44
1 105 1 -9 0.8 38
2 564 2 5 0.55 36
2 506 2 -9 0.41 32
2 504 2 -9 0.78 39
2 533 2 -9 1.11 42
2 786 2 5 1 43
2 789 1 8 0.8 43
2 825 1 -9 1.2 40
2 814 2 2 0.38 33
2 615 2 -9 0.96 41
2 581 1 -9 0.85 42
2 432 1 5 0.93 42
1 213 1 -9 0.4 34
2 571 2 -9 0.65 36
2 449 1 5 0.47 34
1 187 2 -9 0.75 44
2 760 2 -9 0.97 42
2 480 1 7 0.76 42
2 745 2 -9 0.69 37
2 381 2 3 0.87 41
2 738 2 -9 1.05 41
2 711 1 -9 0.7 40
1 263 2 -9 0.65 36
2 836 1 -9 0.55 35
2 861 2 -9 0.9 41
1 58 1 -9 0.26 29
2 732 1 -9 0.65 41
1 175 2 -9 0.74 40
1 129 2 -9 0.59 39
1 348 1 5 0.92 42
1 353 1 4 0.86 41
1 305 2 -9 0.7 38
1 309 2 -9 0.65 37
2 545 1 -9 0.92 44
2 549 1 -9 0.81 42
2 802 1 2 0.3 31
2 451 1 8 0.84 42
2 456 2 5 0.97 41
2 463 2 5 0.92 42
2 736 2 -9 0.6 36
2 761 1 -9 0.93 44
2 406 1 -9 0.8 42
2 698 1 -9 0.35 31
2 701 2 -9 0.3 28
2 678 1 -9 0.65 37
1 3 1 5 1 43
1 65 1 -9 0.87 43
1 91 2 -9 0.99 42
1 43 1 8 1.01 44
1 341 1 -9 0.15 26
1 328 1 -9 0.5 36
2 799 2 4 0.56 37
2 789 2 5 1.13 43
2 426 2 5 1.2 44
2 380 2 -9 1.09 44
2 419 1 10 1.24 45
2 381 2 2 0.84 39
2 692 1 -9 0.6 38
2 744 2 -9 0.58 36
1 12 2 4 0.6 36
2 869 2 -9 0.8 40
2 868 1 -9 0.4 35
2 862 1 -9 0.75 42
1 76 2 -9 0.7 41
2 773 2 -9 0.31 29
1 88 2 -9 0.64 39
1 48 1 -9 0.56 35
1 143 2 -9 1.03 41
1 124 1 -9 0.91 43
1 137 1 -9 0.82 42
1 354 1 3 0.62 41
1 247 2 -9 0.7 36
1 103 1 -9 0.8 39
1 316 2 -9 0.75 38
1 336 1 -9 0.45 36
1 327 2 -9 0.35 32
1 338 1 -9 0.4 33
2 512 1 -9 0.4 34
2 516 2 -9 0.5 35
2 533 2 -9 1.03 44
2 536 2 -9 0.86 40
2 812 2 2 0.44 33
2 617 1 -9 0.38 31
1 207 1 -9 0.7 40
2 763 1 -9 0.75 40
2 603 2 -9 0.8 40
2 706 2 -9 0.35 31
2 681 2 -9 0.65 37
2 676 1 -9 0.5 34
2 700 1 -9 0.3 29
2 859 2 -9 0.9 42
2 863 2 -9 0.25 29
2 770 2 -9 0.19 24
1 139 2 -9 0.43 36
1 343 1 6 1.08 49
1 350 1 5 0.78 41
1 369 2 6 1.06 42
1 250 1 -9 0.4 35
1 234 2 -9 0.9 40
1 324 1 -9 0.45 35
2 502 2 -9 0.45 33
2 604 2 -9 0.6 38
1 181 2 7 0.9 47
2 576 1 -9 0.55 35
1 211 2 -9 0.25 32
2 465 1 6 0.82 42
2 386 1 -9 1.14 45
2 410 1 -9 0.72 41
2 384 2 4 1.07 43
2 738 1 -9 0.98 44
2 716 2 -9 0.9 40
2 685 1 -9 0.45 35
1 30 1 5 0.6 40
1 257 2 5 1.2 41
1 262 1 -9 0.65 39
1 281 2 -9 0.7 40
1 266 1 -9 0.8 42
1 282 1 -9 0.45 37
2 629 1 -9 0.55 36
2 649 1 -9 0.35 32
2 659 2 -9 1.5 43
2 653 1 -9 0.35 33
2 625 2 -9 0.8 41
2 833 2 -9 0.9 39
2 851 2 -9 0.55 35
2 858 1 -9 0.7 43
2 773 2 -9 0.13 23
2 783 2 -9 0.45 35
1 356 2 2 0.36 30
1 251 2 -9 0.4 32
1 123 1 -9 0.5 36
1 300 1 5 1 41
1 304 1 -9 0.6 37
2 523 1 -9 0.78 41
2 370 1 -9 0.8 40
2 608 2 -9 0.48 33
2 612 2 -9 0.28 28
2 572 1 -9 0.65 38
1 184 1 -9 0.95 46
2 481 2 2 0.55 36
2 468 2 4 1.1 42
2 707 2 -9 0.9 39
2 408 1 -9 0.67 40
2 744 1 -9 0.78 42
2 689 1 -9 0.45 37
2 695 2 -9 0.25 26
2 683 2 -9 0.55 34
2 676 1 -9 0.45 34
1 21 2 5 1.1 41
1 257 1 4 1.1 42
1 262 2 -9 0.85 41
1 273 1 -9 0.9 42
1 286 1 -9 0.4 33
2 624 1 -9 0.9 44
2 635 1 -9 0.3 31
2 654 1 -9 0.3 32
2 652 1 -9 0.4 32
1 49 2 -9 0.54 35
1 90 2 -9 0.84 41
1 140 1 -9 0.44 35
1 364 2 6 0.72 40
1 101 2 -9 0.9 40
1 236 2 -9 0.9 39
2 557 2 6 0.8 39
1 231 2 -9 0.9 41
2 490 1 -9 0.9 41
1 329 2 -9 0.45 34
1 330 2 -9 0.5 34
2 799 2 4 0.48 36
2 614 1 -9 0.46 33
1 179 2 5 1 46
2 577 2 -9 0.6 37
2 430 2 5 1.01 41
2 572 2 -9 0.75 39
2 586 2 -9 0.25 28
2 484 1 2 0.43 34
2 470 1 6 0.8 44
2 688 1 -9 0.45 35
2 674 2 2 0.8 39
1 19 2 6 1.15 44
1 286 2 -9 0.85 40
1 269 1 -9 0.75 40
2 731 2 -9 0.46 34
2 754 1 -9 0.76 39
1 79 2 -9 0.74 39
1 128 1 -9 0.68 41
1 140 1 -9 0.6 38
1 218 1 -9 1.1 42
1 234 1 -9 0.9 38
2 560 1 6 0.95 43
1 237 1 -9 0.8 41
2 567 1 6 1 43
1 305 1 -9 0.5 37
1 335 1 -9 0.4 33
2 522 1 -9 0.94 44
2 526 2 -9 0.97 41
2 548 1 -9 0.43 34
1 189 2 -9 0.95 45
2 451 2 5 1.03 41
2 421 2 6 1.17 45
2 483 1 7 0.72 42
2 703 1 -9 0.3 29
2 670 1 5 1 44
1 36 2 5 0.7 38
1 25 2 6 0.9 39
1 284 2 -9 0.15 28
2 828 2 -9 1.15 48
1 76 1 -9 0.74 39
1 146 1 -9 0.86 42
1 355 2 8 1.06 44
1 113 1 -9 1.1 41
1 239 2 -9 1.2 43
2 566 1 2 0.35 32
2 570 1 8 0.9 43
1 340 1 -9 0.15 22
2 498 2 -9 1.1 42
2 509 2 -9 1.02 41
2 582 2 -9 0.6 38
2 447 1 3 0.46 35
2 447 2 3 0.51 35
1 199 2 -9 0.55 39
2 478 2 6 0.8 40
2 600 2 -9 0.5 34
2 705 2 -9 0.55 34
2 707 2 -9 1.4 45
2 740 1 -9 0.89 41
1 5 1 5 1.1 44
1 40 1 5 0.55 36
1 293 2 -9 0.45 33
1 267 2 -9 0.75 37
2 630 1 -9 0.7 41
2 784 1 -9 0.28 28
1 145 1 -9 0.73 40
1 344 2 5 1.1 46
1 354 2 5 1 44
1 114 2 -9 0.1 20
1 235 1 -9 0.8 43
2 493 2 -9 0.83 38
1 314 1 -9 0.65 38
1 185 2 -9 0.75 43
2 436 2 2 0.53 35
2 432 1 2 0.43 34
2 425 2 9 1.09 43
2 588 1 -9 0.45 35
2 385 2 -9 0.5 35
2 759 1 -9 0.81 42
2 677 2 -9 0.85 39
2 679 1 -9 0.5 33
2 720 2 -9 0.85 41
1 256 2 7 1.2 43
2 657 1 -9 0.75 43
2 646 1 -9 0.35 33
2 646 1 -9 0.5 33
2 629 2 -9 0.75 39
2 846 1 -9 0.5 38
1 64 1 -9 0.8 42
2 774 2 -9 0.44 35
1 110 2 -9 1.4 42
1 254 2 -9 0.6 38
1 232 2 -9 0.9 43
2 570 1 6 0.85 42
2 546 2 -9 0.42 33
2 810 1 3 0.23 33
2 821 2 3 0.51 35
2 452 1 7 0.93 43
2 460 2 4 0.82 41
2 736 1 -9 0.8 40
2 745 1 -9 0.87 42
1 33 1 5 0.5 36
1 26 1 5 0.95 42
1 264 2 -9 0.9 39
1 267 2 -9 1.15 42
2 842 1 -9 0.45 36
2 846 1 -9 0.5 35
1 59 2 -9 0.43 34
2 777 1 -9 0.38 35
2 753 2 -9 1.06 42
2 558 1 6 0.85 41
1 234 2 -9 1.1 41
1 320 1 -9 0.2 29
1 320 1 -9 0.9 42
2 541 1 -9 0.88 42
2 797 2 4 0.79 39
2 608 1 -9 0.56 34
1 194 2 -9 0.45 40
2 475 2 5 0.8 40
2 595 1 -9 0.75 40
2 704 1 -9 0.35 31
2 692 2 -9 0.5 33
2 706 2 -9 0.35 32
2 677 1 -9 1.05 43
1 29 2 4 0.75 38
1 26 1 6 0.7 40
2 663 2 -9 1 41
2 847 1 -9 0.4 34
1 71 2 -9 1.07 41
1 151 2 -9 0.88 42
1 168 1 -9 0.85 42
1 158 2 -9 0.94 42
1 141 2 -9 1.06 42
1 346 1 3 0.8 40
1 223 1 -9 1.1 43
1 104 2 -9 0.7 37
1 336 2 -9 0.4 34
2 534 2 -9 1.08 42
2 499 2 -9 1.27 47
2 509 2 -9 0.77 40
2 806 1 4 0.44 36
2 580 1 -9 0.8 40
2 446 2 2 0.39 32
2 453 1 6 0.78 41
2 475 1 7 1 41
2 464 1 8 0.71 41
2 457 1 5 0.8 43
2 479 2 2 0.58 36
2 603 2 -9 0.55 36
2 712 2 -9 0.8 37
2 696 2 -9 0.55 34
1 257 1 5 1 42
1 272 2 -9 1.05 41
1 292 2 -9 0.5 36
2 633 1 -9 0.6 38
2 649 2 -9 0.5 34
2 867 1 -9 0.55 36
2 742 1 -9 0.73 39
1 96 2 -9 0.72 40
1 139 1 -9 0.45 34
1 365 2 6 0.9 45
1 224 1 -9 1 40
1 219 1 -9 0.9 41
1 246 1 -9 0.6 38
2 517 2 -9 0.58 35
2 517 2 -9 0.35 31
2 818 1 2 0.46 35
2 739 2 -9 0.91 40
2 762 1 -9 0.41 32
2 596 2 -9 0.9 40
2 386 2 -9 0.7 39
2 749 1 -9 0.67 39
2 403 2 -9 0.45 34
2 716 1 -9 0.4 33
1 285 2 -9 0.6 36
1 297 1 -9 0.5 36
1 294 1 -9 0.5 36
1 269 1 -9 0.7 39
2 850 1 -9 0.4 34
2 830 2 -9 1.15 43
2 837 1 -9 0.6 39
2 746 1 -9 0.82 44
1 61 2 -9 0.43 33
2 755 2 -9 0.85 40
2 753 1 -9 0.84 41
2 775 2 -9 0.34 31
1 128 1 -9 0.42 33
1 222 1 -9 0.6 37
1 224 2 -9 1.2 39
1 238 2 -9 1 40
2 562 2 2 0.35 31
2 560 2 2 0.35 31
2 804 2 4 0.42 35
2 792 2 5 0.64 38
2 796 1 5 0.89 42
2 608 1 -9 0.86 41
2 620 2 -9 0.62 34
2 611 2 -9 0.36 32
1 197 2 -9 0.35 36
1 188 2 -9 0.5 39
2 421 2 5 1.14 41
2 401 2 -9 0.75 40
2 410 1 -9 0.79 41
2 399 1 -9 0.48 36
2 749 2 -9 0.86 41
2 724 1 -9 0.82 41
1 36 1 6 0.55 38
1 4 2 6 1.2 44
1 37 2 3 0.5 35
2 635 2 -9 0.6 40
2 642 1 -9 0.45 35
1 65 2 -9 1.02 41
1 69 1 -9 0.8 42
2 779 2 -9 0.63 37
2 750 1 -9 0.54 35
2 732 2 -9 0.8 43
1 86 2 -9 0.69 37
1 54 1 -9 0.6 41
1 47 2 -9 0.29 30
1 166 2 -9 0.99 40
1 121 2 -9 0.8 35
2 555 2 4 0.75 40
2 372 2 -9 1.4 48
2 790 2 2 0.67 36
2 788 2 2 0.56 34
2 822 1 5 0.77 41
1 200 1 -9 0.35 36
2 378 2 5 1.02 43
2 412 1 -9 0.28 30
1 39 2 2 0.3 30
1 28 1 2 0.45 34
1 20 2 3 0.85 39
1 22 1 5 0.95 42
1 273 1 -9 0.7 41
2 834 1 -9 0.5 35
2 842 1 -9 0.4 33
1 81 1 -9 0.41 33
2 772 2 -9 0.19 26
2 730 2 -9 0.48 33
1 160 2 -9 1.01 42
1 363 1 1 0.16 26
1 359 1 5 0.7 40
1 369 1 5 0.5 37
1 100 2 5 1.4 42
1 118 2 -9 0.8 35
2 790 1 3 1.09 43
2 823 2 5 0.89 41
1 213 2 -9 0.55 38
1 212 1 -9 0.4 36
2 433 1 2 0.5 35
2 444 2 2 0.52 36
2 460 1 8 0.86 44
2 590 1 -9 0.55 38
2 709 2 -9 0.95 42
2 391 1 -9 0.54 36
2 394 1 -9 0.49 34
1 1 1 5 0.8 42
1 7 1 -9 0.75 38
1 265 1 -9 0.5 40
2 633 1 -9 0.7 38
2 848 1 -9 0.15 25
2 829 1 -9 1.15 43
2 839 2 -9 0.65 39
1 70 2 -9 0.45 34
2 756 2 -9 0.88 40
1 93 2 -9 1.01 42
2 743 2 -9 1.01 41
2 766 1 -9 0.63 38
1 47 1 -9 0.3 30
1 171 1 -9 0.73 41
2 559 2 2 0.65 36
2 489 1 -9 1.06 42
1 326 1 -9 0.45 34
2 507 2 -9 0.48 34
2 497 2 3 0.99 42
2 535 2 -9 0.83 42
2 790 2 3 1.17 43
2 813 1 5 0.5 37
2 582 1 -9 0.8 40
1 214 2 -9 0.65 44
2 595 1 -9 0.8 42
1 216 2 -9 0.4 35
2 587 1 -9 0.25 29
2 389 1 -9 0.45 34
2 404 1 -9 0.47 34
2 734 2 -9 0.48 34
1 34 1 3 0.4 35
2 661 2 -9 1 42
2 659 1 -9 0.85 43
2 645 2 -9 0.4 32
2 859 1 -9 0.9 43
2 752 1 -9 0.71 40
2 730 1 -9 0.37 31
1 48 2 -9 1.03 40
1 158 2 -9 0.76 40
1 137 1 -9 0.63 38
1 137 1 -9 0.68 39
1 115 1 -9 0.9 43
1 114 2 -9 0.1 18
1 111 2 -9 1.3 40
2 560 1 8 0.85 41
2 493 1 -9 0.83 40
2 487 1 -9 0.92 43
1 324 2 -9 0.45 33
2 788 2 4 1.09 43
2 812 2 2 0.38 32
2 604 2 -9 0.56 38
3 374 1 -9 1.8 53
1 212 2 -9 0.3 35
1 192 1 -9 0.9 46
2 733 2 -9 0.55 36
2 454 1 5 0.89 42
1 194 1 -9 0.4 37
2 405 2 -9 0.75 38
1 13 1 7 0.75 43
1 13 1 8 0.8 44
1 2 1 6 1.3 46
1 279 1 -9 0.85 41
1 298 2 -9 0.45 34
1 42 1 8 1.14 45
1 162 1 -9 0.72 40
1 238 1 -9 0.8 38
1 108 2 -9 1 40
2 496 1 2 0.5 34
2 501 1 -9 0.73 39
2 620 2 -9 0.94 40
2 440 1 2 0.51 35
2 469 1 8 1.1 43
2 379 1 2 0.71 37
2 409 2 -9 0.77 40
2 687 1 -9 0.6 38
2 671 2 5 1.15 44
2 725 2 -9 0.76 40
1 31 2 5 0.4 37
2 636 2 -9 0.55 36
2 647 1 -9 0.3 32
2 840 2 -9 0.5 36
1 72 2 -9 0.66 39
2 747 1 -9 0.91 41
1 60 1 -9 0.43 36
1 162 2 -9 0.91 40
1 127 2 -9 0.69 38
2 496 2 10 1.08 43
2 510 2 -9 0.48 35
2 510 2 -9 0.78 38
2 541 1 -9 0.47 34
2 531 2 -9 0.95 41
2 614 2 -9 0.54 34
1 186 2 -9 0.65 43
1 191 1 -9 0.7 44
1 203 2 -9 0.2 28
2 586 2 -9 0.55 36
2 464 1 5 0.86 42
2 421 2 3 1.15 41
2 428 2 3 1.08 42
2 468 1 6 0.9 43
2 723 2 -9 1.54 44
2 408 1 -9 0.42 33
2 398 2 -9 0.75 41
2 725 1 -9 0.68 40
1 22 1 6 0.85 42
2 841 1 -9 0.3 29
2 845 1 -9 0.4 36
1 72 2 -9 0.78 40
1 63 2 -9 0.72 40
1 75 1 -9 0.71 40
1 232 2 -9 1.1 41
2 537 1 -9 0.74 42
2 505 2 -9 0.73 40
1 198 1 -9 0.45 39
2 451 1 6 0.9 43
2 587 2 -9 0.5 34
2 450 2 5 0.89 41
2 704 1 -9 0.75 41
2 781 2 -9 0.83 42
2 420 1 5 1.23 45
2 392 2 -9 0.5 34
2 393 1 -9 0.69 38
1 290 2 -9 0.6 35
2 633 1 -9 0.85 44
2 771 2 -9 0.17 25
2 774 1 -9 0.49 35
1 360 1 5 0.84 45
1 351 2 5 0.94 40
1 101 2 -9 1.1 40
2 551 1 6 1.1 42
2 552 2 9 1.3 46
1 341 2 -9 0.2 27
1 340 2 -9 0.05 18
1 333 2 -9 0.45 33
2 527 1 -9 0.73 42
2 500 1 -9 0.92 41
2 505 2 -9 0.8 39
2 802 1 3 0.5 36
2 806 2 3 0.3 32
2 794 1 3 0.72 40
2 432 2 5 0.78 39
2 448 2 3 0.56 36
1 202 1 -9 0.3 29
2 446 2 5 0.54 37
2 583 2 -9 0.4 31
2 485 2 2 0.6 36
2 485 2 5 0.73 38
2 455 2 5 1.02 41
2 472 1 8 1.2 44
2 398 1 -9 0.47 34
1 25 1 7 0.7 40
1 288 2 -9 0.55 35
2 840 1 -9 0.45 34
2 852 1 -9 0.35 33
2 768 1 -9 0.39 35
2 777 1 -9 0.19 26
1 345 2 5 0.76 41
2 568 1 5 1.05 43
1 325 1 -9 0.45 34
1 313 2 -9 1 41
2 539 1 -9 0.87 42
2 815 1 5 0.46 37
2 577 1 -9 0.4 34
2 427 1 5 1.12 44
2 423 2 5 1.15 43
2 377 1 2 0.64 37
2 736 2 -9 0.81 40
2 396 1 -9 0.81 41
1 14 1 8 0.8 45
1 10 2 5 0.85 42
1 278 1 -9 0.8 39
1 275 1 -9 0.75 40
2 637 1 -9 0.45 34
2 644 1 -9 0.3 32
2 650 2 -9 0.4 34
2 858 1 -9 0.4 34
2 854 2 -9 0.4 31
2 863 1 -9 0.8 43
1 69 2 -9 0.6 39
2 376 1 5 1.3 44
1 164 2 -9 1.17 42
1 346 2 3 0.7 38
1 112 2 -9 0.9 40
1 302 1 5 1 42
2 546 1 -9 0.77 40
2 515 1 -9 0.19 26
2 622 1 -9 0.84 42
1 195 1 -9 0.6 44
2 758 2 -9 0.46 33
2 476 2 2 0.57 36
2 599 2 -9 0.85 41
2 400 1 -9 0.75 41
2 400 2 -9 0.78 41
2 417 2 2 0.79 38
2 397 1 -9 0.73 41
2 388 1 -9 0.4 34
2 688 2 -9 0.4 33
2 701 1 -9 0.45 34
1 12 1 3 0.6 37
1 277 2 -9 0.4 32
1 274 1 -9 0.8 39
1 295 1 -9 0.35 33
2 847 1 -9 0.45 35
1 46 1 5 0.97 42
1 48 1 -9 0.32 31
1 156 1 -9 0.66 39
1 351 2 4 0.76 39
1 222 2 -9 0.9 40
1 112 2 -9 1 41
1 121 1 -9 0.7 36
1 232 1 -9 0.9 39
2 531 1 -9 0.78 40
2 826 1 -9 1.2 43
2 790 2 4 1.06 42
2 616 1 -9 1.16 43
1 192 1 -9 0.8 45
2 780 2 -9 0.83 40
2 594 2 -9 0.2 28
2 602 2 -9 0.4 33
2 400 2 -9 0.51 35
2 395 1 -9 0.77 41
2 705 1 -9 0.45 34
2 409 2 -9 0.81 41
2 703 2 -9 0.4 32
2 685 2 -9 0.75 38
2 697 1 -9 0.6 39
1 40 2 7 0.65 39
1 26 1 4 0.8 40
2 640 2 -9 0.65 38
2 864 1 -9 0.8 42
2 848 1 -9 0.3 31
2 827 2 -9 0.35 31
2 747 1 -9 0.97 43
1 102 1 -9 0.9 42
1 107 1 -9 1 42
1 103 2 -9 0.7 36
1 118 2 -9 0.6 33
1 318 1 -9 0.65 39
1 334 1 -9 0.4 34
1 313 1 -9 0.75 38
1 311 2 -9 0.45 33
2 523 1 -9 0.86 40
2 518 1 -9 0.38 33
2 813 2 2 0.22 30
2 818 1 2 0.53 35
2 447 2 3 0.41 35
2 481 1 5 0.74 42
2 712 2 -9 1 42
2 782 2 -9 0.91 40
2 381 2 3 1.03 42
2 689 2 -9 0.7 38
2 671 2 5 1.35 44
2 702 1 -9 0.3 29
1 5 1 5 1 44
1 19 1 12 0.75 44
2 627 2 -9 0.55 40
2 655 2 -9 0.5 35
2 832 1 -9 0.8 39
2 840 2 -9 0.4 34
2 838 1 -9 0.65 40
2 860 2 -9 0.75 39
2 776 1 -9 0.42 37
1 173 1 -9 0.58 37
1 124 1 -9 0.84 42
1 132 1 -9 0.6 37
2 823 2 4 0.8 39
2 611 1 -9 0.34 29
2 578 2 -9 2 37
1 208 1 -9 0.4 39
2 595 1 -9 0.75 41
2 384 1 2 0.85 39
2 387 1 -9 0.88 46
2 419 2 5 1.13 43
2 692 1 -9 0.4 32
2 738 1 -9 0.86 40
2 699 2 -9 0.3 28
2 627 1 -9 0.55 38
2 661 1 -9 0.65 39
2 651 1 -9 0.3 32
1 50 2 -9 0.59 38
1 58 1 -9 0.65 39
1 82 2 -9 0.42 35
1 152 1 -9 0.75 39
1 157 1 -9 0.77 40
1 356 2 6 0.94 42
1 224 1 -9 1.1 42
1 106 1 -9 0.8 38
1 318 2 -9 0.45 29
1 304 2 -9 0.7 39
2 518 2 -9 0.35 30
2 787 2 5 1.04 42
2 803 2 2 0.49 34
2 812 1 2 0.24 28
1 197 1 -9 0.35 35
2 579 1 -9 0.85 43
2 757 1 -9 0.75 42
2 591 2 -9 0.85 39
2 719 1 -9 0.5 36
2 717 2 -9 0.8 40
2 387 1 -9 0.5 35
2 420 2 2 0.72 38
2 699 1 -9 0.6 36
2 721 1 -9 0.95 43
2 718 2 -9 0.6 34
2 720 1 -9 0.45 33
1 35 2 4 0.6 36
1 279 2 -9 0.95 41
2 653 2 -9 0.4 32
2 654 2 -9 0.35 32
2 651 2 -9 0.55 35
2 866 1 -9 0.25 31
1 86 2 -9 0.64 40
1 44 2 8 1.09 42
1 147 2 -9 0.9 41
1 128 2 -9 1.03 42
1 217 1 -9 1.2 45
1 223 1 -9 0.9 40
2 549 1 -9 0.75 43
2 532 2 -9 0.86 40
2 786 1 2 0.62 36
2 808 2 2 0.17 27
2 803 1 3 0.32 33
2 793 2 5 0.66 38
1 185 1 -9 0.9 46
1 188 2 -9 1 44
1 216 1 -9 0.45 37
2 714 2 -9 0.35 30
2 419 2 5 1.19 45
1 275 2 -9 1.05 41
2 865 1 -9 0.7 40
1 73 2 -9 0.98 39
1 84 1 -9 0.44 33
1 63 1 -9 0.58 37
2 784 1 -9 0.71 39
2 728 1 -9 1.08 44
1 79 2 -9 0.98 41
1 44 2 4 1.03 41
1 46 1 8 0.94 42
1 97 2 -9 0.97 42
1 101 1 -9 1.1 44
1 310 1 -9 0.6 38
1 326 1 -9 0.2 28
2 495 2 6 1.01 41
2 521 1 -9 0.87 42
2 535 1 -9 0.79 42
2 825 2 -9 1 42
2 585 1 -9 0.15 26
2 416 2 5 1.18 44
1 31 2 3 0.5 34
1 274 1 -9 0.9 42
1 291 2 -9 0.55 35
1 268 1 -9 0.65 41
2 634 1 -9 0.4 32
2 634 2 -9 0.6 36
2 660 2 -9 1.25 42
2 867 1 -9 0.4 32
1 86 1 -9 0.69 40
1 80 1 -9 0.64 38
1 94 1 -9 0.64 38
1 146 2 -9 0.86 41
1 131 1 -9 0.71 38
1 247 1 -9 0.6 35
1 109 1 -9 1.1 40
1 240 2 -9 0.9 39
1 106 2 -9 1.1 41
2 559 1 2 0.5 33
2 548 2 -9 0.58 35
2 499 1 -9 0.57 36
2 818 1 2 0.36 33
2 609 1 -9 0.56 34
2 616 2 -9 0.46 32
1 187 2 -9 0.9 45
1 208 1 -9 0.25 30
2 390 1 -9 0.41 33
2 701 1 -9 0.35 31
2 699 1 -9 0.35 32
1 29 2 6 0.8 43
1 285 2 -9 0.5 34
2 646 1 -9 0.45 35
2 850 1 -9 0.7 39
1 74 2 -9 0.99 40
2 750 1 -9 0.73 40
2 765 1 -9 0.4 33
1 176 2 -9 0.81 41
1 344 1 4 0.92 45
1 345 1 6 1.02 45
1 236 1 -9 1 43
1 235 1 -9 0.9 42
1 301 1 3 0.83 39
1 307 1 -9 0.7 39
2 507 2 -9 0.78 40
1 255 1 5 1.05 42
2 612 2 -9 0.58 33
2 571 1 -9 1.3 45
2 472 1 5 0.9 42
2 483 2 2 0.38 31
2 706 2 -9 0.5 34
2 408 2 -9 0.55 36
1 296 2 -9 0.45 33
1 294 1 -9 0.4 34
2 648 1 -9 0.25 27
2 847 2 -9 0.35 34
2 837 2 -9 0.85 40
2 771 2 -9 0.19 26
1 85 2 -9 0.54 37
1 55 2 -9 0.77 42
1 47 2 -9 0.31 31
1 172 1 -9 0.94 43
1 225 1 -9 0.8 41
1 109 1 -9 0.9 39
2 563 2 4 0.55 36
2 530 1 -9 0.66 37
2 502 1 -9 0.81 41
2 810 2 2 0.38 33
2 792 2 3 0.84 42
2 582 1 -9 0.45 35
2 480 1 4 0.51 36
2 405 2 -9 0.54 35
2 396 1 -9 0.54 35
3 373 1 -9 2.45 54
1 35 1 5 0.55 38
2 667 1 -9 0.75 40
2 843 1 -9 0.6 39
2 860 2 -9 0.95 44
1 82 2 -9 0.55 35
1 166 1 -9 0.82 41
1 360 1 3 0.54 38
1 328 2 -9 0.45 34
1 330 1 -9 0.5 35
2 506 2 -9 0.81 40
2 811 2 2 0.37 33
1 213 2 -9 0.4 36
2 714 2 -9 0.75 40
2 758 1 -9 0.78 42
2 691 1 -9 0.45 36
1 266 1 -9 0.6 36
2 835 1 -9 0.5 36
2 752 2 -9 0.56 36
1 50 2 -9 0.58 36
1 50 2 -9 0.6 39
1 348 2 4 0.66 39
1 218 1 -9 1 41
1 220 2 -9 1 41
1 219 1 -9 0.8 39
1 225 1 -9 0.7 39
1 239 1 -9 1.1 43
2 556 1 5 0.8 40
1 318 1 -9 0.9 42
2 486 2 -9 0.98 41
1 326 2 -9 0.3 32
1 328 2 -9 0.6 37
1 309 1 -9 0.85 41
2 816 2 3 0.46 34
2 735 2 -9 0.96 41
2 407 2 -9 0.44 33
2 686 2 -9 0.5 33
2 716 1 -9 0.85 41
2 679 2 -9 0.55 35
1 7 2 5 0.8 39
1 265 2 -9 0.9 40
1 291 1 -9 0.4 35
2 643 2 -9 0.55 36
2 864 1 -9 0.45 36
2 869 1 -9 0.45 40
2 865 2 -9 0.55 34
2 860 2 -9 0.85 41
2 778 2 -9 0.17 25
2 729 1 -9 0.74 39
1 346 1 5 1.2 47
2 562 1 3 0.5 35
2 562 2 3 0.55 36
1 301 1 5 0.84 41
1 341 1 -9 0.3 30
1 340 2 -9 0.05 18
2 499 2 -9 0.71 38
2 519 1 -9 1.01 42
2 798 1 5 0.36 32
2 791 2 4 0.76 40
2 819 1 5 0.7 40
2 621 2 -9 0.42 31
2 439 2 7 0.82 41
2 572 1 -9 0.7 39
1 200 2 -9 0.4 37
2 763 1 -9 0.63 39
2 779 2 -9 0.87 42
2 762 1 -9 0.72 41
2 428 2 3 0.91 40
2 715 2 -9 1.05 43
2 707 2 -9 0.35 31
2 707 2 -9 1.1 43
2 387 2 -9 0.9 43
2 724 2 -9 0.92 41
1 31 2 3 0.6 36
1 32 1 5 0.45 37
1 17 1 5 0.95 41
2 662 1 -9 1.05 44
2 660 1 -9 0.8 39
1 44 1 5 0.94 41
1 94 1 -9 0.28 29
1 83 1 -9 0.4 34
1 167 1 -9 0.76 41
1 361 1 6 0.78 41
1 226 1 -9 0.7 38
1 233 2 -9 1 41
2 563 1 5 0.55 37
2 556 1 6 0.9 43
1 308 1 -9 0.75 40
2 544 2 -9 0.87 40
2 517 2 -9 0.45 33
2 497 1 2 0.74 37
2 501 2 -9 0.55 35
2 789 1 2 0.74 39
2 813 2 2 0.4 35
2 811 1 2 0.4 33
1 187 1 -9 0.6 42
1 201 2 -9 0.05 20
1 199 2 -9 0.35 36
1 196 1 -9 0.75 41
2 480 1 2 0.4 33
2 485 2 3 0.66 37
2 386 1 -9 0.74 39
2 400 1 -9 0.49 35
2 385 2 -9 0.45 34
2 413 1 -9 0.5 35
2 687 1 -9 0.55 36
1 271 2 -9 0.65 37
1 297 2 -9 0.7 38
2 634 2 -9 0.45 34
2 658 1 -9 0.8 41
2 631 2 -9 0.75 38
2 843 2 -9 0.5 37
2 856 2 -9 0.45 34
1 68 1 -9 0.82 42
1 154 1 -9 0.63 38
1 146 2 -9 0.93 41
1 241 2 -9 0.3 34
1 251 2 -9 0.3 32
1 320 2 -9 1 41
2 487 1 -9 0.8 41
1 331 2 -9 0.4 35
1 311 1 -9 0.5 36
2 506 1 -9 0.82 43
2 815 1 6 0.49 38
2 816 1 2 0.39 34
2 431 2 6 0.9 41
1 206 2 -9 0.3 27
2 454 1 6 0.96 44
2 455 2 6 1.1 43
2 459 1 5 0.79 42
2 385 1 -9 1 43
2 407 1 -9 0.54 37
2 725 2 -9 0.94 41
1 11 2 7 0.8 41
1 9 2 3 0.6 36
1 280 2 -9 0.8 38
1 282 2 -9 0.3 31
2 635 1 -9 0.5 39
2 831 2 -9 0.95 43
1 49 1 -9 0.62 39
2 751 2 -9 0.7 36
2 754 2 -9 0.92 39
1 174 2 -9 0.89 40
1 142 2 -9 0.85 39
1 359 1 5 0.82 39
1 229 1 -9 0.9 41
1 228 1 -9 0.7 40
1 240 1 -9 1 40
1 122 2 -9 0.6 33
1 120 1 -9 0.7 36
1 318 1 -9 0.9 41
2 507 2 -9 0.78 40
2 498 2 2 0.86 39
2 526 2 -9 0.93 42
2 815 2 5 0.53 36
2 611 2 -9 0.28 29
2 574 2 -9 0.45 33
2 580 2 -9 0.55 36
1 200 2 -9 0.3 36
1 215 1 -9 0.3 33
2 470 2 3 0.6 35
2 477 1 2 0.55 36
2 589 2 -9 0.8 39
2 474 1 5 0.95 44
2 408 2 -9 1.04 44
2 693 2 -9 0.45 32
2 683 2 -9 0.45 33
2 722 1 -9 0.75 40
2 680 2 -9 0.8 40
1 32 1 2 0.2 29
2 641 2 -9 0.4 31
2 625 1 -9 0.8 39
2 641 1 -9 0.5 36
2 834 1 -9 0.55 36
1 79 1 -9 0.68 40
1 168 1 -9 0.78 41
1 129 1 -9 0.57 40
1 368 1 7 0.86 47
1 107 1 -9 0.8 39
2 566 2 4 0.45 35
1 323 1 -9 0.85 41
1 331 1 -9 0.6 39
2 798 1 5 0.51 37
2 809 1 3 0.36 35
2 757 2 -9 0.81 39
2 600 2 -9 0.7 36
2 463 1 9 0.82 42
2 380 2 5 1.09 43
2 714 2 -9 1.1 42
2 387 1 -9 0.89 41
2 693 2 -9 0.45 33
2 833 1 -9 0.35 33
1 70 1 -9 0.79 43
1 63 2 -9 0.48 35
1 68 2 -9 0.64 38
2 726 2 -9 1.22 43
1 93 2 -9 0.63 39
2 743 2 -9 1.08 42
1 60 2 -9 0.39 33
1 56 2 -9 0.95 41
1 254 1 -9 0.7 38
2 567 1 7 1 44
1 300 2 5 1.3 41
1 316 2 -9 0.85 39
2 508 2 -9 0.77 38
2 539 1 -9 0.8 41
2 793 2 5 0.74 40
2 618 1 -9 0.58 35
1 183 1 7 1 49
2 444 1 1 0.32 31
2 440 2 2 0.54 35
2 465 2 6 1.12 43
2 478 1 2 0.55 36
2 410 2 -9 0.82 41
2 735 1 -9 0.48 34
2 411 2 -9 0.42 32
2 403 1 -9 0.51 36
2 676 2 -9 0.9 43
1 6 2 7 1 44
1 272 2 -9 0.7 38
2 630 2 -9 0.5 38
2 842 1 -9 0.45 36
2 844 2 -9 0.4 33
2 863 1 -9 0.75 41
2 771 2 -9 0.19 26
1 78 2 -9 0.71 40
1 164 1 -9 0.87 45
1 141 2 -9 1.01 41
1 131 1 -9 0.75 41
1 368 1 9 0.7 45
1 352 1 7 0.88 42
1 110 1 -9 1.3 44
1 238 2 -9 1.2 41
2 554 2 4 0.62 37
2 492 1 -9 0.92 44
2 424 2 10 0.99 43
2 461 2 8 0.97 43
2 479 2 6 1.15 44
2 715 2 -9 0.5 34
2 392 2 -9 0.86 40
2 402 1 -9 0.54 37
2 695 2 -9 0.4 30
2 702 1 -9 0.4 34
1 3 1 8 1.1 45
1 18 1 9 0.8 40
1 287 2 -9 0.45 36
2 669 1 -9 0.75 42
2 649 2 -9 0.95 41
2 625 1 -9 1 42
1 77 2 -9 0.78 41
1 93 2 -9 1 41
1 85 2 -9 0.94 41
1 88 1 -9 0.79 41
1 96 2 -9 0.86 41
1 131 2 -9 0.87 40
1 360 1 4 0.8 44
1 360 2 2 0.4 33
1 225 1 -9 0.7 41
2 559 2 3 0.55 35
1 303 1 8 1.2 45
1 313 2 -9 0.65 37
2 515 2 -9 0.2 27
2 799 1 5 0.48 36
2 449 2 2 0.2 27
2 430 2 6 1.05 41
2 379 2 5 0.94 41
2 412 1 -9 0.51 36
2 690 1 -9 0.45 34
2 675 2 -9 0.85 41
2 685 2 -9 0.5 34
2 713 2 -9 0.4 35
1 6 1 5 0.7 40
1 27 2 5 0.7 40
1 20 2 5 1.1 42
1 260 1 5 1.1 42
1 264 2 -9 1 41
1 268 1 -9 0.75 39
2 631 1 -9 0.6 36
2 831 2 -9 0.65 36
2 785 1 -9 0.92 44
2 741 2 -9 0.53 34
2 773 2 -9 0.16 26
1 140 1 -9 0.4 33
1 142 1 -9 0.75 40
1 110 2 -9 1.5 41
1 303 2 5 1.4 43
1 314 1 -9 0.8 39
1 302 2 3 1.2 42
1 307 2 -9 0.65 36
1 308 1 -9 0.65 39
2 805 1 2 0.3 32
2 801 1 5 0.41 35
2 789 2 5 0.89 41
2 816 1 3 0.24 30
2 611 2 -9 0.22 27
2 575 2 -9 0.8 39
2 431 2 4 0.8 39
2 470 2 5 1 43
2 705 2 -9 0.3 29
2 735 1 -9 0.74 40
2 672 2 2 0.8 37
2 388 1 -9 0.44 34
2 839 1 -9 0.8 41
2 746 2 -9 1 42
1 75 2 -9 0.25 29
2 751 1 -9 0.98 41
1 82 2 -9 0.07 19
1 134 1 -9 0.7 36
1 367 1 5 0.6 41
1 349 1 5 0.74 40
1 221 1 -9 0.7 38
1 108 2 -9 0.8 38
2 800 1 4 0.46 35
2 610 2 -9 0.9 39
1 181 2 7 0.75 45
2 574 1 -9 0.7 40
2 430 2 -9 0.85 40
2 595 2 -9 1.05 41
2 598 1 -9 0.85 42
2 602 2 -9 0.55 35
2 695 2 -9 0.55 34
2 759 1 -9 0.78 41
2 734 1 -9 0.7 40
2 677 2 -9 0.55 34
1 38 2 3 0.45 33
1 276 2 -9 1.05 42
1 298 2 -9 0.25 29
1 287 1 -9 0.35 34
2 631 1 -9 0.8 40
2 638 1 -9 0.5 35
1 59 1 -9 0.49 37
2 768 2 -9 0.25 29
1 56 2 -9 1.26 43
1 161 1 -9 0.38 32
1 162 1 -9 0.8 41
1 173 1 -9 0.96 42
1 137 2 -9 0.95 41
1 355 2 6 1 42
1 253 2 -9 0.5 34
1 304 2 -9 0.75 40
2 530 1 -9 0.8 41
2 494 2 5 1.34 43
2 814 2 2 0.21 32
2 438 2 8 1.51 46
2 588 2 -9 0.45 33
2 456 1 3 0.68 39
2 415 2 2 0.56 35
2 709 1 -9 0.85 41
2 781 2 -9 0.35 31
1 4 2 5 0.9 42
1 9 1 5 0.7 39
2 658 2 -9 1.05 42
2 668 2 -9 0.55 35
2 751 2 -9 0.58 34
1 87 2 -9 0.6 39
1 113 1 -9 1.3 43
1 240 1 -9 0.9 41
2 564 2 3 0.55 34
1 328 1 -9 0.45 34
2 547 1 -9 0.84 43
2 535 2 -9 1.2 42
2 820 2 5 1.02 43
1 207 1 -9 0.5 38
2 446 2 3 0.52 34
1 208 2 -9 0.3 30
2 424 2 6 1.17 43
2 467 1 7 0.9 41
2 589 2 -9 0.4 33
2 706 1 -9 0.45 37
2 390 2 -9 0.71 40
2 382 2 2 0.58 35
1 4 1 8 1.1 46
1 35 1 3 0.45 35
1 258 1 8 0.9 44
1 270 2 -9 0.9 40
2 632 1 -9 0.95 44
2 665 1 -9 0.8 40
2 660 1 -9 0.85 42
2 856 1 -9 0.45 34
1 43 2 7 1.03 43
1 149 2 -9 -9 39
1 155 2 -9 0.94 41
1 171 2 -9 0.73 38
1 342 1 4 1.12 44
1 227 2 -9 0.9 40
2 555 2 2 0.6 35
2 797 2 5 0.83 41
2 819 1 6 0.93 42
2 605 2 -9 0.52 34
2 605 2 -9 0.54 35
2 607 1 -9 0.94 44
2 577 1 -9 0.8 40
1 202 1 -9 0.55 40
2 440 1 5 0.65 42
1 201 1 -9 0.4 35
1 196 2 -9 0.7 39
2 715 1 -9 0.6 37
2 723 2 -9 1.02 42
2 394 1 -9 0.42 34
2 379 2 2 0.81 39
2 388 1 -9 0.41 33
1 279 1 -9 0.75 42
1 295 2 -9 0.75 37
2 642 1 -9 0.25 30
2 662 1 -9 0.85 44
2 832 2 -9 0.6 36
2 839 1 -9 0.6 39
1 42 2 5 1.04 40
1 133 2 -9 0.95 40
1 113 1 -9 1.2 44
1 116 2 -9 0.9 40
2 805 1 1 0.18 26
2 813 1 2 0.31 30
2 614 2 -9 0.46 31
2 573 1 -9 0.3 32
2 583 2 -9 0.35 31
2 466 2 6 1.15 44
2 467 1 7 0.9 43
2 462 2 4 1.04 41
2 404 2 -9 0.41 33
2 692 2 -9 0.35 31
2 693 2 -9 0.55 36
2 670 1 2 0.8 38
1 15 2 5 0.5 39
2 666 1 -9 1.1 44
2 836 1 -9 0.7 39
2 836 2 -9 0.8 41
1 65 2 -9 0.68 39
1 55 2 -9 0.6 36
1 55 1 -9 0.61 38
1 81 1 -9 0.37 33
1 56 1 -9 0.67 38
1 83 2 -9 0.57 36
1 136 1 -9 0.62 39
1 356 1 6 0.72 41
1 350 1 5 0.78 41
1 338 2 -9 0.45 33
1 309 2 -9 0.65 36
2 521 1 -9 0.91 43
2 826 1 -9 0.8 35
2 395 2 -9 0.72 40
2 710 2 -9 0.9 41
2 700 2 -9 0.65 38
2 671 2 3 1.15 42
1 1 1 5 0.9 43
1 8 2 5 0.7 40
2 624 1 -9 0.65 34
2 629 2 -9 0.7 39
2 837 1 -9 0.8 42
1 91 2 -9 0.87 41
1 67 1 -9 0.65 39
2 754 1 -9 0.65 36
2 772 1 -9 0.4 32
2 772 1 -9 0.45 37
2 767 2 -9 0.39 32
1 142 1 -9 0.81 40
1 229 1 -9 0.7 38
1 325 2 -9 0.45 32
2 804 2 2 0.34 33
2 797 2 2 0.29 31
2 617 1 -9 0.34 30
1 179 1 8 1 46
1 193 1 -9 0.6 40
2 427 2 10 1.18 45
2 596 2 -9 1.25 41
2 687 2 -9 0.6 37
1 39 2 4 0.6 37
1 37 1 3 0.5 35
1 260 1 5 1.2 43
1 264 2 -9 0.85 41
1 279 2 -9 0.45 35
2 644 1 -9 0.5 36
2 646 2 -9 0.35 32
1 71 2 -9 0.82 42
1 93 2 -9 0.83 40
2 732 2 -9 0.9 42
1 97 1 -9 0.83 42
1 144 1 -9 0.68 41
1 253 1 -9 0.6 36
1 231 2 -9 1.2 41
1 108 1 -9 1 41
2 490 1 -9 0.95 42
1 314 1 -9 0.8 40
1 333 2 -9 0.55 35
1 317 2 -9 0.75 39
2 522 2 -9 0.69 36
2 511 1 -9 0.83 42
2 526 1 -9 0.85 43
2 532 1 -9 0.77 42
2 807 2 4 0.51 36
2 810 1 1 0.18 27
2 578 2 -9 0.55 35
1 211 2 -9 0.45 40
1 195 1 -9 0.25 35
2 451 2 6 1 41
2 477 1 9 1.01 44
2 417 2 4 1.2 44
2 407 2 -9 0.5 35
2 734 1 -9 0.77 42
2 678 1 -9 0.55 35
2 680 2 -9 1 41
1 8 2 5 0.9 41
2 855 2 -9 0.45 35
2 747 2 -9 0.78 37
1 96 2 -9 0.93 42
1 170 2 -9 1 42
1 346 1 3 0.8 40
1 357 1 6 0.82 46
1 123 1 -9 0.7 37
1 122 1 -9 0.6 35
2 568 2 6 1.05 42
1 320 2 -9 0.95 40
1 319 2 -9 1.1 41
2 492 1 -9 0.89 41
1 327 1 -9 0.3 28
2 545 1 -9 0.66 42
2 546 1 -9 0.4 32
2 510 1 -9 0.58 38
2 531 2 -9 0.84 40
1 255 2 7 1.2 43
2 807 1 2 0.35 33
2 575 1 -9 0.85 42
2 739 1 -9 0.82 40
2 599 1 -9 0.8 41
1 36 1 5 0.5 37
1 27 1 8 0.8 43
1 288 1 -9 0.6 38
2 669 2 -9 0.85 40
2 663 1 -9 1.05 45
2 650 1 -9 0.35 32
2 648 2 -9 0.45 33
1 50 2 -9 0.68 40
1 140 1 -9 0.28 30
1 142 1 -9 0.79 40
1 250 2 -9 0.2 27
1 110 2 -9 1.1 40
1 117 1 -9 0.7 37
1 307 2 -9 0.7 39
2 521 1 -9 0.7 39
2 807 1 4 0.49 37
2 787 2 3 1 41
2 816 2 2 0.43 33
2 573 2 -9 0.9 40
2 780 1 -9 0.93 42
2 425 2 5 1.08 42
2 460 1 8 0.86 43
2 468 1 7 1.2 42
2 698 1 -9 0.5 34
2 691 2 -9 0.3 27
2 674 2 2 0.75 38
2 674 1 5 1.3 45
2 713 1 -9 0.85 40
1 267 1 -9 1.5 44
2 840 1 -9 0.4 34
1 66 1 -9 0.81 41
1 66 2 -9 1 41
1 71 2 -9 0.66 41
1 49 2 -9 0.66 37
1 62 1 -9 0.88 44
2 751 1 -9 0.93 42
1 358 2 6 0.76 43
1 218 1 -9 1.1 45
1 225 1 -9 0.3 31
1 230 1 -9 0.2 26
1 254 2 -9 0.7 38
1 119 1 -9 0.7 35
2 550 2 5 1.25 42
1 322 1 -9 0.9 42
2 540 1 -9 0.77 41
2 808 2 2 0.46 34
2 803 1 2 0.32 32
2 623 1 -9 0.78 42
2 575 1 -9 0.85 41
2 581 1 -9 0.8 40
2 441 2 2 0.47 34
2 450 2 5 0.8 40
2 424 2 12 1.09 45
2 679 2 -9 0.4 32
1 32 1 3 0.4 35
1 259 2 7 1.2 42
1 291 1 -9 0.45 35
1 294 2 -9 0.3 30
2 641 1 -9 0.4 32
1 66 1 -9 0.83 42
1 62 1 -9 0.75 41
2 766 1 -9 0.75 41
1 53 1 -9 0.91 45
1 163 1 -9 0.79 40
1 135 2 -9 0.65 39
1 359 1 7 0.76 42
1 329 1 -9 0.5 35
1 308 1 -9 0.65 39
2 548 2 -9 0.82 39
2 505 1 -9 0.8 43
2 542 2 -9 0.75 39
2 539 1 -9 0.5 35
2 444 2 2 0.58 36
2 576 1 -9 0.8 41
1 186 1 -9 0.6 41
1 203 1 -9 0.1 21
2 708 2 -9 0.9 42
2 761 2 -9 0.49 39
2 397 1 -9 0.4 33
2 688 2 -9 0.4 32
1 20 2 6 0.9 42
1 262 2 -9 0.8 41
1 281 1 -9 0.75 41
2 659 1 -9 0.65 42
2 664 2 -9 0.8 40
2 663 1 -9 0.55 38
1 72 1 -9 0.78 43
2 755 1 -9 0.56 34
1 45 1 5 1.05 44
1 149 2 -9 0.76 40
1 160 2 -9 0.83 40
1 132 2 -9 0.78 38
1 358 1 3 0.64 42
1 221 2 -9 0.8 40
1 116 1 -9 1 40
1 253 1 -9 0.5 33
1 99 2 5 1 42
2 560 1 5 0.8 40
2 524 2 -9 0.93 41
2 506 2 -9 0.62 38
2 498 2 5 1.05 42
2 519 2 -9 0.95 41
2 815 1 3 0.29 31
2 620 2 -9 0.8 38
2 432 2 5 0.76 41
1 207 2 -9 0.3 31
1 208 1 -9 0.4 37
2 377 1 5 1.49 47
2 384 2 5 1.28 44
2 411 1 -9 0.75 41
2 740 2 -9 0.93 43
1 39 1 3 0.4 34
1 2 1 5 0.95 43
2 664 2 -9 0.85 38
2 752 1 -9 0.71 42
2 376 1 6 1.2 45
1 45 2 7 0.79 42
1 249 1 -9 0.6 33
1 240 1 -9 0.8 40
1 104 1 -9 0.8 38
2 561 1 2 0.3 30
1 321 1 -9 0.7 41
1 317 2 -9 1 41
2 540 1 -9 0.57 34
2 604 1 -9 0.46 34
2 462 1 6 0.88 43
2 477 2 2 0.47 35
2 693 2 -9 0.4 33
1 6 2 3 0.75 40
1 24 1 5 1 42
1 299 2 -9 0.45 36
1 293 1 -9 0.4 35
2 640 1 -9 0.6 38
2 658 2 -9 0.95 45
2 648 2 -9 0.35 31
2 833 2 -9 0.85 40
2 855 1 -9 0.5 36
2 856 2 -9 0.35 32
1 67 1 -9 0.71 41
1 138 1 -9 0.63 38
1 361 1 7 0.76 41
1 252 1 -9 0.6 34
1 228 1 -9 0.9 40
2 565 2 2 0.55 34
2 525 1 -9 0.64 38
2 372 1 -9 1.2 43
2 824 2 -9 0.8 40
2 811 1 5 0.64 39
1 185 1 -9 0.7 42
2 578 1 -9 0.85 42
2 429 2 5 0.96 42
2 585 1 -9 0.4 34
1 193 2 -9 0.6 42
2 433 1 2 0.46 34
1 189 1 -9 0.6 42
1 198 2 -9 0.5 39
2 414 2 -9 0.72 43
2 685 2 -9 0.5 35
1 30 2 3 0.5 35
1 18 2 5 1.1 41
1 9 1 7 1 44
1 289 2 -9 0.4 34
1 284 1 -9 0.5 35
2 657 2 -9 0.9 41
2 656 1 -9 0.75 41
2 668 2 -9 0.95 42
1 71 2 -9 0.67 40
1 52 1 -9 0.64 39
2 747 1 -9 0.82 41
1 95 2 -9 0.28 30
1 177 2 -9 0.94 41
1 352 2 5 1.04 43
1 217 1 -9 1 43
2 554 1 2 0.35 32
2 567 2 3 1.05 39
2 493 1 -9 0.82 41
1 331 1 -9 0.45 35
1 302 1 5 1 41
2 543 1 -9 0.58 37
2 543 1 -9 0.75 42
2 520 1 -9 0.83 43
2 372 1 -9 1 41
2 801 2 3 0.57 37
2 812 2 2 0.38 32
1 215 1 -9 0.6 40
2 466 1 5 0.83 43
2 591 1 -9 0.5 34
2 719 2 -9 0.65 34
2 378 1 5 1.06 41
2 383 2 5 1.22 45
2 409 2 -9 0.87 41
2 684 1 -9 0.65 38
2 691 2 -9 0.45 32
2 697 2 -9 0.45 32
1 12 2 5 0.9 41
1 23 1 8 1 44
2 637 2 -9 0.3 30
2 637 1 -9 0.5 34
2 841 1 -9 0.5 37
2 861 1 -9 0.95 43
1 85 1 -9 0.84 42
1 88 1 -9 0.66 38
1 343 1 8 1.3 51
1 248 2 -9 0.6 34
1 104 1 -9 0.8 40
1 108 2 -9 1.1 41
1 337 2 -9 0.65 38
2 513 2 -9 0.41 34
2 802 1 4 0.46 37
1 204 2 -9 0.55 38
1 192 1 -9 0.8 46
2 442 2 6 0.59 37
2 435 2 2 0.46 34
2 441 2 2 0.42 33
2 579 1 -9 0.65 38
2 579 2 -9 0.85 40
2 476 1 8 0.74 41
1 15 2 3 0.55 36
1 299 2 -9 0.5 36
2 640 1 -9 0.4 35
2 648 2 -9 0.4 32
2 638 2 -9 0.5 34
1 69 2 -9 0.96 43
2 726 1 -9 0.92 44
1 58 2 -9 0.28 29
2 772 2 -9 0.62 38
2 770 1 -9 0.37 32
1 366 2 5 0.76 43
1 236 2 -9 1.1 42
2 558 2 3 0.75 37
1 303 1 5 1.2 44
1 316 2 -9 0.9 38
1 317 2 -9 0.85 41
2 820 1 2 0.44 35
2 571 2 -9 1 43
1 191 1 -9 0.3 35
2 474 1 6 1 43
2 386 2 -9 0.94 42
2 672 1 2 0.75 37
2 740 1 -9 0.63 37
2 682 1 -9 0.7 40
2 675 2 -9 0.55 33
2 626 2 -9 1.25 43
2 857 2 -9 0.3 30
1 64 2 -9 1.04 39
2 756 1 -9 0.54 34
2 731 1 -9 0.68 40
2 741 2 -9 0.59 36
2 743 1 -9 0.75 41
2 770 1 -9 0.48 34
1 153 2 -9 1.07 43
1 144 1 -9 0.81 41
1 130 2 -9 0.85 42
1 362 2 -9 0.32 33
1 247 1 -9 0.7 37
1 250 1 -9 0.7 37
1 242 2 -9 0.1 19
1 122 1 -9 0.8 40
1 118 1 -9 0.7 35
1 118 2 -9 0.9 37
1 304 2 -9 0.9 39
1 310 1 -9 0.6 35
2 512 1 -9 0.46 35
2 497 2 5 0.87 42
2 529 1 -9 0.94 42
2 826 2 -9 1.2 39
2 792 2 6 0.92 42
2 597 1 -9 0.8 43
2 585 1 -9 0.8 41
2 464 2 5 1.07 43
2 460 2 5 0.95 42
2 708 1 -9 0.7 38
2 710 2 -9 0.9 42
2 393 2 -9 0.66 39
2 698 1 -9 0.55 37
2 686 2 -9 0.7 38
1 281 1 -9 0.65 38
2 652 2 -9 0.75 38
2 842 2 -9 0.5 35
1 63 1 -9 0.83 42
2 727 2 -9 1.18 44
1 177 1 -9 0.78 42
2 570 2 6 0.85 42
1 339 1 -9 0.45 36
1 327 1 -9 0.3 30
2 518 2 -9 0.32 29
2 791 1 6 0.91 44
2 449 1 1 0.24 27
1 188 2 -9 0.7 42
2 473 2 6 1.2 41
2 399 1 -9 0.57 36
2 717 1 -9 1 44
2 398 2 -9 0.54 35
2 673 2 2 0.6 33
2 383 2 2 0.52 35
2 681 1 -9 0.5 35
2 711 1 -9 0.85 41
1 296 1 -9 0.35 32
2 657 1 -9 0.85 43
2 666 1 -9 0.65 39
2 829 2 -9 0.95 42
2 867 1 -9 0.5 37
1 59 1 -9 0.4 33
1 74 2 -9 0.76 40
2 778 2 -9 0.2 26
1 347 2 4 0.64 42
1 349 2 4 0.9 40
1 363 1 6 0.78 44
1 239 1 -9 0.8 42
2 560 2 7 0.6 38
1 333 2 -9 0.5 33
2 811 2 2 0.42 32
2 821 1 5 0.72 41
1 193 1 -9 0.85 45
1 202 2 -9 0.35 30
2 420 1 5 1.21 46
2 761 2 -9 0.46 35
1 38 2 5 0.5 38
1 24 2 7 1 43
1 258 2 3 0.9 41
1 289 2 -9 0.3 31
1 266 2 -9 0.85 39
2 661 1 -9 0.95 44
2 830 2 -9 1.1 42
2 867 1 -9 0.55 37
1 77 1 -9 0.74 39
1 57 1 -9 0.72 40
1 143 1 -9 0.74 41
1 347 2 5 1 48
1 114 1 -9 1 43
1 233 1 -9 0.9 38
2 563 2 2 0.35 31
2 530 1 -9 0.71 39
2 511 2 -9 0.89 39
2 521 1 -9 0.78 41
2 538 1 -9 0.99 44
2 809 1 2 0.36 34
2 794 2 2 0.54 35
1 181 1 8 0.95 50
1 210 2 -9 0.15 21
2 587 2 -9 0.25 29
2 450 2 8 1.14 45
2 476 2 3 0.83 39
2 401 2 -9 0.52 35
2 395 2 -9 0.36 32
2 744 2 -9 0.7 37
2 677 1 -9 0.65 38
3 373 1 -9 2.35 51
1 30 1 3 0.4 34
1 31 2 3 0.55 36
1 17 1 5 0.9 41
2 669 1 -9 0.35 33
2 638 2 -9 0.55 36
2 833 1 -9 0.4 33
2 836 1 -9 0.4 35
1 84 1 -9 0.41 34
2 376 2 8 1.45 45
1 80 1 -9 0.83 42
1 355 1 6 0.8 42
1 365 1 9 0.76 45
1 111 2 -9 1.1 42
1 105 2 -9 1.3 41
1 319 1 -9 0.9 41
2 491 1 -9 0.88 41
2 548 1 -9 0.82 42
2 500 2 -9 0.67 35
2 794 1 5 0.66 39
2 825 2 -9 1.2 41
2 571 2 -9 1 42
1 204 2 -9 0.4 36
1 189 1 -9 0.75 42
2 469 2 4 1 41
2 409 2 -9 0.88 42
2 695 1 -9 0.45 33
1 2 1 5 0.8 41
1 256 1 5 1 44
1 264 2 -9 0.7 38
2 624 1 -9 0.5 34
2 658 2 -9 1 43
2 645 2 -9 0.65 37
2 639 1 -9 0.2 25
2 767 1 -9 0.49 36
1 87 2 -9 0.89 41
1 171 2 -9 0.79 40
1 134 2 -9 0.96 42
1 348 2 5 0.76 40
1 361 1 6 0.8 44
1 115 1 -9 1 40
1 245 1 -9 0.5 35
1 119 2 -9 0.7 37
2 500 2 -9 0.69 37
2 520 2 -9 0.63 35
2 549 2 -9 0.58 35
2 796 2 5 0.73 36
2 796 2 5 0.88 40
1 213 2 -9 0.5 36
2 429 1 2 0.57 36
2 588 1 -9 0.3 31
2 481 1 5 0.86 42
2 380 2 2 0.83 38
2 377 2 2 0.63 37
2 717 1 -9 0.8 42
2 696 2 -9 0.5 33
1 18 2 4 0.9 40
1 261 1 -9 0.65 39
1 270 1 -9 0.7 40
1 268 2 -9 0.9 40
2 632 1 -9 0.85 40
2 634 2 -9 0.5 36
2 654 2 -9 0.95 43
2 651 2 -9 0.5 34
2 864 2 -9 1.2 44
2 852 1 -9 0.5 35
2 844 1 -9 0.65 38
2 775 1 -9 0.25 30
1 95 2 -9 0.84 40
1 151 2 -9 1.01 42
1 354 1 7 0.9 48
1 242 1 -9 0.3 30
1 117 1 -9 0.7 36
2 558 2 8 0.95 40
1 317 1 -9 0.8 40
2 500 2 -9 0.93 41
2 517 2 -9 0.5 35
2 540 1 -9 0.86 42
2 804 1 5 0.44 35
2 448 2 5 0.34 32
2 763 1 -9 0.72 41
2 422 2 4 1.26 44
2 459 1 5 0.93 44
2 482 2 3 0.74 39
2 410 1 -9 0.73 41
2 672 2 5 1.25 43
2 682 1 -9 0.55 38
1 260 2 3 1.1 41
1 275 2 -9 0.9 39
1 282 1 -9 0.5 36
2 632 1 -9 0.75 39
2 846 2 -9 0.55 37
2 839 1 -9 0.75 40
2 756 1 -9 0.57 35
1 345 1 6 1.2 46
1 100 1 4 0.9 42
1 315 1 -9 0.95 42
1 312 2 -9 0.8 37
2 534 1 -9 0.74 40
2 547 1 -9 0.72 39
2 824 1 -9 1.1 42
2 434 1 2 0.48 34
2 445 2 5 0.87 41
2 483 1 8 0.77 42
2 416 2 3 0.87 40
1 39 1 5 0.5 36
1 280 2 -9 0.85 40
2 632 2 -9 0.35 33
2 854 1 -9 0.3 30
1 61 1 -9 0.81 41
2 753 1 -9 0.75 37
1 46 1 5 0.86 41
1 57 1 -9 0.64 37
1 171 2 -9 0.7 38
1 126 2 -9 0.63 37
1 364 2 4 0.7 40
1 221 1 -9 0.7 38
1 219 1 -9 0.9 41
1 104 1 -9 0.9 39
1 101 2 -9 1 40
2 554 2 4 0.65 38
2 503 2 -9 0.82 38
2 533 2 -9 0.8 40
2 802 1 5 0.5 38
2 814 2 2 0.36 33
2 819 1 5 0.82 42
2 434 2 2 0.55 35
2 599 1 -9 0.55 35
2 590 2 -9 0.7 37
2 482 1 6 0.88 43
2 719 2 -9 0.75 37
2 758 2 -9 0.96 42
2 684 1 -9 0.9 40
2 678 2 -9 0.6 35
2 673 2 8 1.05 44
1 28 2 3 0.4 33
1 270 1 -9 0.7 41
1 266 1 -9 0.75 38
2 834 2 -9 0.8 40
2 845 1 -9 0.25 32
2 830 1 -9 1.1 45
1 54 2 -9 0.86 40
1 56 1 -9 0.79 41
2 552 2 7 1.3 46
1 332 1 -9 0.45 34
2 513 2 -9 0.36 32
2 509 2 -9 0.88 40
2 822 2 7 0.91 41
2 616 1 -9 0.42 30
1 191 2 -9 1 45
2 709 2 -9 0.8 40
2 406 1 -9 0.74 40
2 690 2 -9 0.25 26
2 696 1 -9 0.45 35
2 678 2 -9 0.4 32
1 273 1 -9 0.85 40
1 268 2 -9 0.85 39
2 857 1 -9 0.2 27
1 68 2 -9 0.62 38
1 68 1 -9 0.72 39
1 134 2 -9 0.96 39
1 362 2 5 0.7 43
1 105 1 -9 1.2 40
2 562 2 2 0.4 32
2 550 1 2 0.65 36
1 237 2 -9 0.1 18
1 322 2 -9 0.85 41
1 310 1 -9 0.75 41
1 336 2 -9 0.55 39
