1 361 2 8 0.64 39
1 200 2 -9 2.16 54
1 240 1 -9 0.24 29
1 316 2 -9 0.68 39
1 104 1 4 0.84 40
1 373 2 3 1.13 40
1 374 1 9 1.26 48
2 577 2 -9 0.5 35
2 507 1 -9 0.86 38
2 559 2 -9 0.68 40
2 636 2 -9 0.5 34
2 719 2 -9 0.8 40
2 916 2 3 0.51 34
2 921 2 2 0.4 32
2 1170 1 -9 0.41 33
2 1125 1 7 0.51 39
2 1224 2 2 0.69 37
2 838 1 -9 0.63 36
2 753 1 -9 0.16 26
1 219 1 -9 0.74 42
1 370 2 -9 0.38 32
1 101 2 8 0.87 41
1 168 1 -9 0.95 42
1 169 1 -9 0.96 41
1 416 1 -9 0.8 41
1 121 2 -9 0.44 34
1 414 1 -9 0.78 40
2 578 1 7 0.52 37
2 715 1 -9 0.34 31
2 526 1 4 0.66 38
2 1214 1 -9 0.6 38
2 939 1 3 0.32 33
2 945 1 -9 0.82 42
2 910 1 4 0.6 38
2 1010 2 -9 0.51 33
2 1016 2 8 0.81 39
2 1103 2 2 0.64 37
2 1107 1 4 0.83 41
2 755 2 -9 0.27 30
2 791 1 2 0.25 30
1 238 1 -9 0.64 39
1 390 2 -9 0.75 40
1 177 2 -9 0.77 41
1 141 1 10 0.78 41
2 680 1 6 0.43 36
2 503 1 3 1.55 47
2 505 1 3 1.7 46
2 1167 2 5 0.57 37
2 1190 2 2 0.55 35
2 663 1 5 0.61 39
2 1018 2 -9 0.43 32
2 1026 2 2 0.41 31
2 773 2 4 0.48 37
2 886 2 4 0.67 37
1 9 1 -9 1 42
1 224 1 -9 0.73 39
1 213 1 4 0.56 37
1 319 1 -9 0.52 39
1 131 2 -9 0.44 33
1 377 2 -9 0.8 42
2 683 1 3 0.92 43
2 686 1 2 0.54 34
2 1143 2 -9 0.35 31
2 1146 2 8 0.61 37
2 1153 2 -9 0.47 35
2 951 2 -9 0.27 30
2 1247 1 -9 0.38 35
2 999 1 -9 0.54 37
2 813 1 2 0.36 33
2 784 1 -9 0.37 34
2 785 2 1 0.2 27
2 792 1 7 0.52 38
2 857 1 2 0.28 30
2 896 2 -9 0.79 39
2 1128 1 -9 0.35 33
1 257 1 -9 0.46 33
1 225 1 8 0.8 42
1 236 1 9 0.74 40
1 242 1 -9 0.56 38
1 212 2 -9 0.63 40
1 21 1 -9 0.5 36
1 296 1 -9 0.4 33
1 314 2 -9 0.6 36
1 43 2 -9 0.84 40
1 146 1 -9 0.83 41
1 413 1 -9 0.74 41
2 461 1 -9 0.76 41
2 456 2 -9 1.68 47
2 552 1 5 0.7 40
2 555 2 -9 0.34 31
2 557 1 2 0.2 29
2 542 1 -9 0.56 35
2 615 2 -9 0.87 40
2 640 2 2 0.42 33
2 1146 2 -9 0.51 35
2 835 1 -9 0.53 36
2 1128 1 3 0.42 36
2 1180 1 8 0.59 39
1 364 1 7 0.64 38
1 214 2 4 0.6 36
1 314 2 6 0.58 38
1 401 2 -9 1.08 45
1 153 2 7 1.12 42
1 131 2 -9 0.31 30
2 492 1 -9 1.37 45
2 693 2 -9 0.62 37
2 527 1 -9 0.68 40
2 543 2 2 0.38 32
2 607 1 4 0.88 42
2 740 1 1 0.2 25
2 1127 1 -9 0.42 33
2 822 1 3 0.5 35
2 1064 1 7 0.88 43
2 832 1 1 0.18 25
2 772 2 3 0.5 35
2 903 2 2 0.58 36
1 261 2 -9 0.43 35
1 263 2 -9 0.3 30
1 220 1 -9 0.56 36
1 252 1 7 0.51 36
1 77 1 9 0.57 40
1 319 1 5 0.52 37
1 151 1 9 0.92 43
1 278 2 -9 0.6 39
1 47 2 -9 1.14 42
2 489 2 7 1.31 47
2 510 2 3 1.07 42
2 453 2 9 1.5 46
2 690 1 2 0.44 34
2 589 2 -9 0.32 31
2 644 2 3 0.62 38
2 1147 1 9 0.61 38
2 966 1 2 0.41 33
2 650 1 7 0.53 34
2 1229 1 -9 0.78 42
2 814 1 -9 0.55 38
2 891 1 -9 0.58 37
1 254 2 -9 0.6 38
1 367 2 -9 0.7 38
1 86 2 -9 0.15 26
1 270 2 4 0.32 32
1 410 1 -9 1.13 45
1 322 2 -9 0.6 38
1 391 1 -9 0.9 43
2 686 1 -9 0.78 41
2 567 1 8 0.64 43
2 503 1 -9 2.36 51
2 1160 2 2 0.49 33
2 1181 1 7 0.59 39
2 659 1 2 0.39 32
2 781 2 2 0.62 35
2 800 1 -9 0.45 35
2 851 1 7 0.53 37
2 1121 2 -9 0.4 35
2 889 2 -9 0.43 33
2 902 1 8 1.07 43
2 1219 1 1 0.29 30
1 15 2 7 0.52 38
1 360 2 -9 0.7 38
1 244 1 8 0.52 36
1 282 2 7 0.6 38
1 271 1 -9 0.4 33
1 423 1 -9 0.92 43
1 391 1 -9 0.91 43
2 462 1 -9 0.9 41
2 458 2 8 1.58 45
2 508 2 -9 1.14 43
2 448 2 8 1.5 47
2 452 2 -9 1.42 45
2 911 2 -9 0.34 30
2 639 2 -9 0.54 35
2 601 2 -9 0.74 40
2 1208 1 4 0.62 38
2 916 2 -9 0.6 36
2 1228 2 -9 0.75 38
2 1041 2 2 0.36 32
2 1000 2 2 0.34 31
2 824 1 4 0.54 37
1 352 1 7 0.48 37
1 14 1 2 0.36 31
1 64 2 -9 0.76 41
1 65 2 4 0.57 40
1 251 2 -9 0.86 40
1 437 1 9 2.08 53
1 300 2 -9 0.47 33
1 77 1 -9 0.53 36
1 90 2 -9 0.25 28
1 400 1 -9 1.14 46
1 412 1 -9 0.8 41
1 382 1 -9 0.72 43
2 489 2 6 1.16 44
2 458 1 -9 1.36 43
2 684 2 -9 0.54 36
2 527 2 7 0.67 39
2 512 1 7 1.86 50
2 733 2 -9 0.76 41
2 944 1 -9 0.92 42
2 1087 1 9 0.79 41
2 1027 1 5 0.56 38
2 1067 1 -9 0.88 42
2 768 1 -9 0.36 32
1 9 1 9 0.76 40
1 3 1 9 1.86 50
1 235 1 -9 0.48 35
1 103 1 7 0.77 40
1 106 1 6 1.02 44
1 291 1 -9 0.5 35
1 135 1 -9 0.47 35
2 490 1 -9 1.81 50
2 457 1 -9 1.84 50
2 444 2 5 1.4 47
2 511 1 -9 0.56 38
2 540 1 2 0.4 35
2 504 2 -9 1.53 44
2 725 1 -9 0.56 39
2 646 1 -9 0.54 35
2 599 1 2 0.54 35
2 1142 1 8 0.55 39
2 1211 2 -9 0.83 39
2 924 2 -9 0.69 38
2 1149 1 -9 0.14 25
2 1091 1 9 0.8 42
2 1093 2 -9 0.67 36
2 1097 1 -9 0.76 40
2 982 2 8 0.5 37
2 1034 1 -9 0.51 37
2 1060 1 -9 0.34 31
2 826 2 -9 0.68 38
2 842 1 2 0.4 33
2 895 1 -9 0.59 37
2 899 1 -9 0.37 33
1 17 1 -9 0.37 32
1 345 2 -9 0.34 31
1 363 1 -9 0.6 39
1 20 1 -9 0.84 42
1 371 2 9 0.5 40
1 307 2 -9 0.54 37
1 406 1 -9 0.94 42
1 272 2 2 0.16 25
1 276 2 6 0.84 40
1 36 2 -9 0.46 33
1 188 1 -9 0.44 33
2 495 1 7 1.64 49
2 440 1 -9 0.78 39
2 694 1 5 0.44 36
2 565 2 3 0.5 34
2 607 2 -9 0.62 35
2 596 1 -9 0.92 44
2 915 1 -9 0.54 38
2 917 1 2 0.4 33
2 1215 2 1 0.3 30
2 943 2 6 0.88 42
2 865 2 -9 0.6 35
2 1237 2 2 0.66 37
2 998 2 10 0.7 38
2 811 2 2 0.45 33
2 787 1 8 0.4 35
2 758 1 -9 0.42 37
2 790 2 -9 0.48 34
1 4 1 3 0.74 37
1 136 2 3 0.32 31
1 435 1 -9 0.72 39
1 323 1 -9 0.82 41
1 396 1 -9 0.88 43
2 518 1 -9 1.58 48
2 451 2 -9 1.24 46
2 685 2 -9 0.91 40
2 505 2 2 0.9 39
2 645 2 -9 0.44 32
2 980 1 -9 0.59 37
2 1030 2 3 0.46 33
2 798 2 -9 0.61 35
2 765 2 -9 0.62 39
2 869 2 -9 0.79 39
2 1118 1 -9 0.44 35
1 63 1 9 0.77 43
1 248 2 4 0.5 36
1 249 1 6 0.58 39
1 228 2 4 0.56 38
1 280 2 -9 0.66 40
1 303 1 -9 0.62 39
1 295 2 -9 0.5 37
1 387 1 -9 0.76 41
1 150 2 -9 0.39 33
1 32 2 -9 0.59 37
1 190 1 -9 0.4 36
1 52 1 -9 0.83 41
2 490 2 7 1.56 45
2 473 1 -9 0.44 33
2 445 1 -9 1.22 46
3 454 2 4 0.52 34
2 511 2 5 0.5 37
2 689 1 -9 0.35 34
2 641 1 7 0.56 39
2 611 1 -9 0.7 41
2 913 1 9 0.49 38
2 950 1 -9 0.48 38
2 984 1 9 0.6 38
2 1061 1 2 0.41 32
2 898 2 -9 0.51 34
1 6 2 -9 1.05 42
1 19 2 -9 0.61 37
1 112 1 7 0.76 43
1 44 2 4 0.8 39
1 169 2 9 0.92 43
1 427 1 -9 0.82 42
1 175 2 -9 0.57 36
1 187 1 -9 0.45 33
1 377 2 -9 0.97 42
2 468 1 2 0.26 28
2 578 1 -9 0.58 39
2 604 1 8 0.8 41
2 608 1 9 0.78 40
2 641 1 -9 0.38 32
2 613 2 -9 0.68 37
2 704 1 -9 0.2 26
2 736 2 -9 0.56 35
2 1144 2 5 0.67 39
2 1206 1 -9 0.7 38
2 1184 1 -9 0.6 36
2 1238 1 7 0.91 42
2 1019 1 3 0.47 34
2 1055 2 1 0.18 25
2 852 1 7 0.53 37
2 853 1 2 0.33 31
2 894 2 -9 0.59 39
1 7 1 7 0.91 42
1 218 1 -9 0.31 30
1 68 2 8 0.72 43
1 70 2 -9 0.72 43
1 78 2 -9 0.54 37
1 107 2 -9 1.1 42
1 407 2 -9 1.16 43
1 133 1 5 0.53 37
2 493 2 -9 1.18 43
2 514 2 -9 1.5 46
2 632 2 -9 0.48 26
2 1198 2 2 0.45 33
2 910 2 -9 0.62 37
2 1037 2 -9 0.6 39
2 811 1 -9 0.41 36
2 816 2 -9 0.28 29
2 1069 1 2 0.46 34
2 875 2 -9 0.38 36
2 894 2 7 0.46 37
1 227 1 9 0.86 41
1 350 1 -9 0.56 38
1 359 1 -9 0.6 39
1 22 2 7 0.54 37
1 78 1 -9 0.56 38
1 273 1 -9 0.58 38
1 195 1 -9 0.52 37
1 425 2 -9 1.03 41
1 31 2 -9 0.55 35
1 148 2 5 0.78 41
1 129 2 -9 0.71 39
2 490 1 -9 1.93 49
2 458 2 -9 1.64 48
2 498 2 -9 1.33 44
2 511 1 4 0.7 36
2 985 1 8 0.88 43
2 1065 1 -9 0.75 37
2 1068 1 -9 0.78 42
2 1070 1 2 0.51 33
2 1077 1 2 0.6 35
2 831 2 -9 0.41 32
1 313 2 4 0.6 36
1 168 1 7 0.83 42
1 293 2 -9 0.66 38
1 138 2 2 0.21 28
2 498 2 -9 1.52 46
2 649 2 2 0.36 30
2 598 2 -9 0.76 38
2 696 2 -9 1.08 43
2 746 1 5 0.53 38
2 1193 2 -9 0.35 31
2 1130 2 -9 0.34 32
2 949 2 3 0.45 34
2 954 2 -9 0.28 31
2 844 1 2 0.41 33
2 856 1 -9 0.32 31
2 1113 1 -9 0.16 24
2 446 2 -9 1.3 45
1 200 1 3 1.38 45
1 85 2 6 0.53 39
1 86 2 6 0.74 40
2 520 1 -9 0.85 41
2 708 1 -9 0.44 34
2 714 1 2 0.44 32
2 931 1 -9 0.34 34
2 934 2 3 0.48 34
2 815 1 -9 0.53 37
2 643 1 3 0.45 35
1 366 1 -9 0.52 38
1 209 2 -9 0.88 40
1 153 1 -9 0.78 42
1 438 1 8 1.88 50
2 688 1 -9 0.88 42
2 666 2 -9 0.7 39
2 671 1 -9 0.56 38
2 539 2 -9 0.76 40
2 912 1 -9 0.65 39
2 715 1 1 0.09 21
2 526 2 1 0.08 21
2 1216 1 5 0.62 40
2 938 1 -9 0.4 34
2 625 1 1 0.18 26
2 880 1 8 0.47 36
2 1003 2 7 0.7 37
2 863 2 2 0.75 37
1 344 1 -9 0.26 31
1 4 2 7 1.56 48
1 223 1 9 1.06 44
1 74 1 -9 0.51 36
1 340 1 -9 0.9 41
1 431 2 -9 1.1 42
1 433 1 -9 0.94 45
1 185 1 -9 0.24 28
1 438 1 -9 0.76 49
2 491 1 -9 1.17 46
2 475 1 2 0.32 31
2 513 2 -9 1.22 42
2 590 1 -9 0.12 22
2 601 1 9 0.9 42
2 969 2 9 0.78 41
2 1062 1 -9 1.03 44
2 1081 1 2 0.69 37
2 825 1 10 0.65 38
2 793 1 -9 0.34 32
2 1123 1 -9 0.24 31
2 893 1 -9 0.38 33
1 217 1 8 0.77 43
1 297 1 -9 0.49 37
1 439 2 9 1.46 46
1 152 2 6 1.05 41
1 181 1 4 0.52 35
1 44 1 -9 0.87 42
1 423 1 -9 0.8 42
1 26 1 -9 0.29 30
1 118 1 -9 0.81 42
2 508 1 7 1.62 47
2 447 2 8 1.46 50
2 539 1 -9 0.5 36
2 739 1 -9 0.64 35
2 651 1 -9 1.09 43
2 1072 1 9 0.81 41
2 833 1 2 0.58 35
2 855 2 5 0.41 35
1 65 1 -9 0.67 41
1 235 2 6 0.6 38
1 366 2 -9 0.48 36
1 436 1 8 1.83 49
1 302 1 -9 0.62 39
1 96 2 9 0.99 39
1 113 1 5 0.88 41
1 123 1 -9 0.34 31
1 140 2 7 1.04 42
2 495 2 10 1.58 46
2 691 1 -9 0.27 31
2 564 2 9 0.56 40
2 537 1 4 0.74 40
2 960 2 7 1.1 43
2 714 2 -9 0.77 39
2 1140 2 2 0.41 32
2 1192 1 -9 0.54 36
2 734 2 13 2.58 52
2 658 2 -9 1.02 40
2 988 1 -9 0.62 37
2 823 1 4 0.41 35
1 269 2 -9 0.35 33
1 43 2 -9 0.83 41
1 156 2 4 0.96 42
1 159 2 4 1.2 42
1 48 2 6 1.06 41
1 142 2 7 1.1 42
1 413 1 -9 0.95 45
2 462 1 4 0.62 37
2 482 1 -9 0.84 40
2 688 1 2 0.62 35
2 572 2 -9 0.64 37
2 1071 1 6 0.78 41
2 868 1 1 0.2 27
2 902 1 -9 0.99 42
1 357 2 -9 0.44 35
1 206 2 -9 0.53 35
1 301 2 -9 0.74 38
1 337 1 -9 0.76 42
1 194 1 -9 0.45 34
1 178 1 3 0.42 35
1 325 2 -9 0.9 41
1 126 2 -9 0.28 30
2 488 1 9 1.45 47
2 463 1 7 0.7 39
2 481 2 -9 0.6 35
2 531 2 -9 0.76 40
2 622 2 -9 0.74 38
2 918 2 -9 0.59 35
2 948 1 2 0.33 30
2 867 1 -9 1.06 42
2 1080 1 4 1.02 43
2 763 1 3 0.46 36
1 310 1 2 0.24 28
1 80 2 6 0.75 39
1 270 2 -9 0.4 32
1 176 2 2 0.26 29
1 122 2 -9 0.88 40
1 438 1 10 1.85 52
2 516 2 6 1.61 43
2 522 2 9 0.69 39
2 672 1 3 0.42 34
2 726 2 -9 0.59 37
2 649 2 -9 0.72 38
2 1218 1 -9 0.28 29
2 1186 2 -9 0.75 39
2 979 2 -9 0.28 29
2 794 2 2 0.92 40
2 1015 1 -9 0.56 36
2 1112 1 1 0.13 23
2 1112 1 -9 0.31 31
1 58 2 -9 0.64 39
1 283 1 -9 0.66 40
1 290 1 8 0.55 39
1 439 2 7 1.43 46
1 417 1 -9 0.9 44
1 386 1 -9 0.94 44
2 493 1 -9 1.15 46
2 467 1 5 0.58 37
2 484 2 5 1 41
2 497 2 8 1.84 49
2 545 1 9 0.58 41
2 560 1 4 0.34 36
2 1163 1 -9 0.54 36
2 1170 1 2 0.44 35
2 937 1 -9 0.43 35
2 1086 2 -9 0.81 38
2 1003 1 -9 0.63 38
2 770 1 -9 0.39 34
2 807 1 -9 0.42 34
2 862 2 -9 0.36 32
1 356 1 -9 0.56 37
1 10 2 8 0.93 41
1 68 2 -9 0.28 30
1 231 2 6 0.66 38
1 215 2 -9 0.66 39
1 405 1 -9 0.75 40
1 405 1 -9 0.9 43
1 165 2 7 0.9 43
2 461 1 -9 0.5 37
2 474 1 -9 0.3 29
2 485 2 6 0.82 42
2 498 2 -9 1.73 48
2 689 2 -9 0.5 35
2 563 2 -9 0.54 41
2 660 2 -9 0.48 34
2 1085 2 -9 0.67 36
2 1028 2 -9 0.58 36
2 774 1 -9 0.44 36
2 1099 2 2 0.65 35
2 870 1 5 0.75 39
1 357 1 9 0.78 39
1 268 1 -9 0.11 23
1 278 1 -9 0.5 36
1 144 1 8 0.81 42
1 37 1 -9 0.47 35
2 669 2 -9 0.48 34
2 575 2 -9 0.22 27
2 529 1 -9 0.98 46
2 629 1 -9 0.76 39
2 1209 2 -9 0.63 38
2 928 2 -9 0.35 30
2 661 2 -9 0.48 34
2 821 2 -9 0.5 35
2 1031 2 -9 0.62 36
2 1008 1 -9 0.6 37
2 1069 1 -9 0.89 42
2 801 1 -9 0.61 40
1 73 2 4 0.7 37
1 233 1 7 0.56 38
1 45 2 7 1.07 43
1 434 1 -9 0.91 44
1 30 1 -9 0.54 35
1 183 2 -9 0.22 27
1 393 2 -9 0.67 41
2 535 2 -9 0.52 36
2 558 2 3 0.46 34
2 587 1 -9 0.38 35
2 603 2 -9 0.58 35
2 1150 1 -9 0.25 30
2 1157 2 6 0.95 42
2 946 1 9 1.05 44
2 656 1 -9 1.14 45
2 834 1 -9 0.63 38
1 370 1 4 0.4 35
1 300 1 -9 0.16 26
1 104 1 -9 0.9 43
1 171 1 6 0.92 41
1 145 1 7 1.12 46
1 380 1 -9 0.89 43
1 395 2 -9 0.83 40
2 468 2 -9 0.36 30
2 517 1 7 1.69 49
2 548 2 -9 0.72 41
2 573 1 2 0.42 33
2 590 1 -9 0.24 27
2 597 1 -9 0.94 42
2 1135 2 2 0.34 31
2 1199 2 -9 0.69 38
2 1211 2 1 0.31 30
2 967 2 -9 0.72 40
2 907 1 -9 0.82 42
2 643 2 -9 0.67 36
1 420 1 -9 0.96 40
1 60 2 6 0.59 39
1 76 2 -9 0.47 34
2 492 2 -9 1.43 43
2 447 2 -9 1.32 49
2 670 1 -9 0.48 34
2 640 2 -9 0.42 35
2 711 2 -9 0.4 33
2 722 2 -9 0.52 35
2 630 1 2 0.29 29
2 1149 1 3 0.41 34
2 1166 2 -9 0.75 38
2 933 1 4 0.41 36
2 945 2 2 0.56 35
2 967 1 7 0.64 39
2 1221 1 1 0.3 29
2 1014 1 -9 0.44 32
2 1246 1 -9 0.35 32
2 1017 1 -9 0.63 37
2 1044 2 -9 0.36 32
2 814 1 6 0.58 39
2 1082 1 -9 0.81 42
1 234 1 -9 0.67 41
1 26 1 -9 0.56 30
1 401 2 -9 0.92 41
1 274 2 -9 0.64 38
1 193 1 2 0.29 31
1 177 1 -9 0.32 30
2 463 1 -9 0.8 41
2 584 2 -9 0.52 39
2 595 2 -9 0.64 36
2 633 2 -9 0.28 30
2 1147 1 -9 0.48 36
2 1151 2 1 0.19 26
2 1159 2 -9 0.5 36
2 998 1 -9 0.66 38
2 1242 1 2 0.64 37
2 991 2 -9 0.77 39
2 837 1 -9 0.94 42
2 759 1 -9 0.42 36
2 771 2 -9 0.34 31
2 875 1 2 0.36 30
1 354 1 10 0.54 38
1 266 2 -9 0.44 35
1 176 1 -9 0.49 34
2 444 2 3 1.56 47
2 685 1 7 0.84 44
2 583 1 -9 0.34 33
2 597 1 9 0.88 42
2 738 2 -9 0.52 33
2 697 1 2 0.74 37
2 1158 2 -9 0.95 41
2 970 2 -9 0.75 39
2 655 1 8 0.86 41
2 958 2 -9 0.27 30
2 1235 1 -9 0.79 40
2 1036 1 -9 0.39 32
2 1004 1 -9 0.51 36
2 839 1 7 0.92 44
2 764 2 2 0.48 35
2 793 2 2 0.47 35
2 886 1 -9 0.88 42
1 17 1 6 0.45 36
1 246 1 -9 0.53 37
1 201 2 6 1.1 43
1 299 1 5 0.48 36
1 82 1 4 0.54 38
1 184 2 4 0.42 33
1 126 1 2 0.32 30
2 494 2 7 1.63 49
2 517 1 -9 1.27 46
2 522 2 -9 0.56 35
2 675 2 2 0.41 33
2 552 1 -9 0.56 38
2 586 1 -9 0.44 36
2 562 2 -9 0.38 31
2 1150 2 4 0.6 37
2 968 1 -9 0.54 37
2 950 1 -9 0.31 32
2 1229 1 4 0.91 41
2 1019 1 -9 0.47 33
2 1058 1 -9 0.38 33
2 1099 1 -9 0.84 41
2 836 1 8 1.01 44
2 790 2 -9 0.32 31
2 854 2 2 0.22 26
1 257 2 -9 0.76 38
1 102 2 -9 0.85 42
1 108 1 9 0.53 38
1 273 2 4 0.58 34
1 410 2 -9 0.61 38
1 161 1 -9 0.86 41
1 186 1 -9 0.3 31
1 397 1 -9 0.76 40
2 450 1 -9 1.6 50
2 717 1 9 0.72 41
2 1151 1 -9 0.28 29
2 963 1 2 0.35 30
2 953 1 -9 0.39 36
2 780 2 5 0.61 38
2 1086 1 8 0.88 43
2 1065 1 2 0.53 36
2 803 1 -9 0.63 38
2 846 1 1 0.16 25
1 237 1 -9 0.31 30
1 5 2 6 1.5 46
1 72 1 -9 0.64 41
1 365 2 8 0.88 41
1 203 2 -9 0.92 42
1 409 1 -9 0.8 42
1 147 1 -9 0.78 40
1 326 1 -9 0.96 42
1 327 1 -9 0.9 43
1 34 2 -9 0.39 31
1 38 2 3 0.53 35
1 373 2 3 1.29 45
2 465 1 3 0.44 33
2 517 1 7 1.32 44
2 681 1 -9 0.42 35
2 690 2 -9 0.4 32
2 676 2 -9 0.44 35
2 503 1 -9 1.3 46
2 1196 1 7 0.59 40
2 917 2 -9 0.68 37
2 926 1 3 0.53 37
2 962 1 -9 0.35 31
2 666 2 2 0.33 30
2 1248 1 -9 0.29 31
2 1040 1 2 0.37 31
2 1063 2 2 0.47 32
2 808 1 -9 0.27 29
2 798 2 7 0.94 41
2 848 1 -9 0.52 39
2 768 1 -9 0.29 30
2 878 2 -9 0.59 36
1 56 1 -9 0.79 41
1 262 2 7 0.45 37
1 249 2 -9 0.86 39
1 330 1 -9 0.68 38
1 404 2 -9 0.77 41
1 101 2 -9 1.04 43
1 117 1 9 0.87 43
1 164 1 -9 0.64 37
1 138 1 -9 0.15 25
1 395 2 -9 1.08 45
2 459 1 11 1.08 46
2 682 1 -9 0.9 44
2 636 1 -9 0.64 38
2 750 1 -9 0.52 38
2 720 2 -9 0.43 33
2 914 1 -9 0.62 38
2 652 1 2 0.54 34
2 663 2 -9 0.23 27
2 987 1 4 0.52 36
2 1033 1 -9 0.55 40
2 817 2 -9 0.48 33
1 211 2 4 0.56 36
1 371 2 -9 0.64 37
1 332 1 7 1.02 43
1 92 1 -9 1 44
1 166 1 -9 0.83 42
1 191 1 7 0.51 37
1 130 2 6 0.59 37
2 545 2 -9 0.76 43
3 528 1 9 1.52 49
2 647 1 -9 0.3 31
2 648 1 -9 0.48 35
2 946 1 -9 0.6 36
2 1091 2 -9 1.06 45
2 1095 1 8 1.16 45
2 810 1 -9 0.64 39
2 785 2 -9 0.27 31
1 349 2 -9 0.7 38
1 11 1 4 0.54 36
1 345 2 -9 0.54 38
1 256 2 -9 0.5 34
1 241 1 -9 0.51 37
1 421 2 -9 1.03 44
1 146 2 7 1.08 41
2 467 2 -9 0.78 40
2 681 2 3 0.58 36
2 550 1 -9 0.48 37
2 566 2 7 0.68 38
2 1197 2 7 0.8 39
2 923 1 5 0.51 36
2 1084 1 -9 1.18 46
2 975 1 -9 0.53 37
2 1032 2 -9 0.61 37
2 1039 1 -9 0.24 29
2 1078 1 7 0.79 41
1 352 2 -9 0.56 38
1 372 2 -9 1.01 43
1 411 2 -9 0.61 41
1 33 1 -9 0.51 35
1 119 1 4 1 43
1 121 2 -9 0.66 36
1 381 1 -9 0.82 42
1 392 1 -9 0.8 42
2 492 1 10 1.99 51
2 553 1 -9 0.36 32
2 536 2 -9 0.52 38
2 615 2 2 0.62 35
2 627 1 2 0.44 34
2 1155 1 9 0.93 42
2 1210 2 -9 0.33 29
2 1234 1 2 0.45 34
2 995 1 4 0.53 37
2 1070 1 -9 0.82 42
2 831 1 5 0.57 39
2 766 1 2 0.37 32
2 1119 1 -9 0.61 40
1 8 1 -9 1.12 45
1 216 1 4 0.47 34
1 310 1 -9 0.28 29
1 83 1 -9 0.51 36
1 329 1 -9 0.8 41
1 338 1 -9 0.7 38
1 425 1 -9 0.75 41
2 495 1 9 1.47 49
2 460 1 -9 1.02 44
2 921 2 -9 0.57 35
2 1156 2 -9 0.91 41
2 1244 2 -9 0.98 41
2 1002 2 4 0.71 37
2 1036 1 7 0.55 38
2 1060 2 -9 0.56 37
2 885 1 1 0.24 28
1 255 2 8 0.72 39
1 260 1 -9 0.41 36
1 251 1 4 0.58 38
1 284 2 -9 0.64 37
1 301 1 4 0.66 40
1 91 2 5 0.51 37
1 275 2 6 0.66 40
1 429 1 -9 0.83 42
1 183 1 -9 0.28 29
1 375 1 8 1.13 47
2 668 1 1 0.24 29
2 546 2 3 0.58 39
2 747 1 4 0.72 40
2 1138 2 3 0.5 35
2 1183 2 -9 0.77 38
2 1090 2 -9 0.71 38
2 1083 1 8 0.85 42
2 978 2 4 0.66 39
2 1056 1 4 0.49 37
2 773 1 -9 0.5 38
2 761 2 2 0.29 32
2 1114 1 -9 0.47 37
1 245 1 -9 0.61 40
1 230 1 7 0.57 38
1 25 2 -9 0.62 36
1 387 1 -9 0.76 41
1 81 2 -9 0.55 38
1 94 2 -9 1.06 41
1 412 2 -9 0.72 41
1 29 1 9 0.52 37
1 41 2 -9 0.33 31
1 140 1 -9 0.97 43
1 380 2 -9 0.77 43
2 447 1 -9 1.88 51
2 574 2 2 0.4 30
2 519 2 -9 1.56 45
2 727 1 4 0.46 36
2 730 2 -9 0.58 39
2 1248 2 1 0.21 27
2 1040 1 -9 0.49 36
2 993 1 8 0.64 40
2 787 1 -9 0.48 39
2 828 2 5 0.7 37
2 802 1 8 0.68 40
2 757 2 -9 0.4 32
1 222 1 -9 0.78 42
1 280 2 7 0.64 37
1 75 1 -9 0.54 40
1 293 2 -9 0.56 38
1 32 1 4 0.42 33
1 40 2 2 0.2 27
1 139 2 4 1.18 44
2 481 2 5 0.8 41
2 477 2 -9 0.74 38
2 478 2 7 0.68 40
2 487 2 7 1.02 44
2 508 2 -9 1.32 45
2 1143 2 2 0.4 31
2 1168 1 -9 0.69 40
2 1202 2 -9 0.29 29
2 657 1 8 0.87 44
2 879 2 -9 0.45 32
2 1236 1 -9 0.99 43
2 986 1 7 0.56 39
2 1047 2 -9 0.45 33
2 999 1 4 0.55 37
2 1030 1 -9 0.52 38
2 1031 1 -9 0.62 39
2 1038 1 -9 0.36 32
2 861 1 7 0.52 38
2 1120 2 -9 0.2 27
1 59 2 -9 0.84 41
1 243 2 -9 0.62 39
1 106 2 -9 0.76 41
1 416 1 -9 0.94 43
1 426 1 -9 0.91 43
1 323 1 9 0.8 42
1 324 1 10 0.86 42
2 486 1 -9 0.66 36
2 553 2 -9 0.68 37
2 589 2 3 0.54 36
2 1194 1 5 0.56 38
2 1160 2 -9 0.49 33
2 623 1 7 0.67 40
2 1096 2 2 0.68 36
2 1033 2 5 0.59 38
2 1005 1 -9 0.6 38
2 817 1 4 0.57 39
2 840 1 7 1.28 47
2 762 2 -9 0.48 34
2 877 2 -9 0.61 36
1 61 2 -9 0.67 40
1 247 1 9 0.8 43
1 242 1 9 0.55 37
1 81 2 -9 0.77 41
1 271 1 -9 0.21 29
1 93 2 -9 1.12 44
1 279 2 -9 0.7 39
1 167 1 -9 0.78 41
1 179 2 -9 0.62 36
1 33 2 3 0.5 35
1 149 2 4 1.07 41
1 320 1 8 0.44 37
2 496 2 3 1.73 45
2 521 2 -9 0.69 39
2 586 2 2 0.32 31
2 602 2 -9 0.92 43
2 724 1 2 0.37 32
2 737 1 6 1.04 42
2 923 1 -9 0.53 38
2 625 1 -9 0.33 30
2 952 1 2 0.33 31
2 1013 1 -9 0.35 29
2 976 2 4 0.7 37
2 984 1 -9 0.68 38
2 1049 1 -9 0.63 39
2 1050 2 -9 0.68 37
2 815 1 -9 0.63 37
2 843 1 4 0.48 36
2 882 1 2 0.34 31
1 361 2 -9 0.78 41
1 111 1 7 0.86 43
1 182 2 3 0.44 26
1 30 2 2 0.36 32
1 386 1 -9 0.8 42
2 533 2 -9 0.4 32
2 569 2 -9 0.34 30
2 570 1 -9 0.5 34
2 678 1 -9 0.33 32
2 744 2 -9 0.42 32
2 915 1 2 0.4 32
2 935 1 -9 0.4 33
2 941 1 -9 0.9 43
2 796 2 2 0.65 36
2 1028 1 -9 0.55 35
2 1081 1 -9 0.81 42
2 1115 2 -9 0.34 33
1 351 2 -9 0.4 37
1 288 1 -9 0.52 37
1 308 1 -9 0.48 35
1 87 1 3 0.39 34
1 157 2 7 0.7 37
1 35 1 3 0.44 33
1 374 1 9 1.34 48
2 474 1 2 0.24 27
2 510 1 -9 1.03 41
2 514 2 5 1.41 43
2 959 2 7 1.11 43
2 524 2 -9 1.45 44
2 1137 1 -9 0.54 41
2 1195 1 8 0.7 39
2 1172 1 -9 0.48 35
2 906 1 -9 0.63 37
2 1001 2 5 0.7 38
2 1054 2 -9 0.55 37
2 1068 1 2 0.58 36
2 1122 2 2 0.33 30
2 889 2 6 0.61 36
1 290 2 -9 0.75 39
1 103 1 -9 0.8 40
2 452 2 -9 1.24 43
2 549 1 -9 0.28 28
2 544 2 -9 0.62 40
2 738 2 2 0.86 39
2 739 1 6 1.08 45
2 1136 2 -9 0.32 35
2 1007 1 -9 0.35 32
2 820 2 2 0.52 35
2 800 1 -9 0.42 33
1 353 1 5 0.56 38
1 14 1 -9 0.58 38
1 256 1 5 0.51 37
1 217 1 -9 0.67 41
1 66 2 -9 0.29 29
1 295 1 4 0.3 32
1 331 2 4 0.9 42
1 339 1 -9 0.86 42
1 167 1 6 0.85 42
1 28 1 -9 0.5 36
1 40 1 -9 0.22 27
1 48 1 -9 0.74 41
1 127 2 6 0.8 40
2 583 2 2 0.38 32
2 612 1 -9 0.82 42
2 751 2 -9 0.71 40
2 705 2 -9 0.63 36
2 629 1 2 0.43 33
2 716 2 -9 0.34 30
2 634 1 -9 0.68 42
2 821 1 5 0.6 39
2 866 1 -9 0.5 33
2 1009 1 -9 0.61 37
2 823 2 -9 0.29 30
2 1108 1 7 1.01 42
2 860 2 -9 0.46 34
1 7 1 -9 1.07 43
1 55 1 8 0.82 41
1 272 2 -9 0.28 29
1 132 1 -9 0.27 30
1 429 1 -9 0.98 45
1 184 2 -9 0.5 35
2 496 2 3 1.47 44
3 454 1 9 2.32 51
2 559 2 -9 0.34 32
2 565 1 -9 0.42 33
2 568 1 -9 0.26 30
2 646 1 2 0.36 31
2 705 1 -9 0.62 40
2 1175 2 7 0.8 41
2 1228 1 9 0.83 43
2 1232 1 2 0.6 36
2 1064 1 -9 0.93 44
2 761 2 -9 0.38 30
2 851 2 -9 0.33 32
2 765 1 -9 0.3 30
1 346 2 -9 0.38 32
1 265 2 -9 0.54 36
1 224 1 8 0.82 42
1 228 1 -9 0.7 40
1 437 1 9 2.12 53
1 110 1 7 0.97 43
1 172 2 -9 0.85 41
1 433 1 -9 1.04 45
2 576 1 2 0.36 31
2 588 2 -9 0.46 35
2 635 1 -9 0.57 38
2 734 2 -9 1 44
2 1200 1 -9 0.55 39
2 1092 1 7 0.97 44
3 695 2 8 1.3 45
2 1087 2 -9 0.56 35
2 1102 1 -9 0.77 40
2 792 2 -9 0.38 32
2 845 1 10 0.42 36
1 53 1 8 0.9 42
1 376 2 8 1.74 46
1 148 1 -9 0.8 42
1 49 1 -9 0.86 41
2 449 1 3 1.52 46
2 566 1 -9 0.78 40
2 582 1 5 0.52 38
2 546 1 -9 0.6 42
2 962 1 -9 0.45 37
2 922 2 2 0.27 27
2 943 1 -9 0.95 44
2 949 2 -9 0.28 32
2 833 1 -9 0.5 33
2 859 1 -9 0.31 32
1 116 1 8 0.77 41
2 1048 1 -9 0.27 28
1 250 1 -9 0.58 38
1 240 1 9 0.55 38
1 22 1 -9 0.54 38
1 155 1 -9 0.79 42
1 170 1 -9 0.69 39
1 34 2 -9 0.52 34
1 39 1 3 0.55 36
2 521 1 -9 0.72 41
2 451 1 -9 1.66 48
2 584 1 -9 0.32 31
2 504 1 8 2.03 51
2 1216 1 -9 0.62 39
2 997 2 4 0.66 37
3 695 1 8 1.62 49
2 1088 1 -9 0.74 37
2 988 1 8 0.45 37
2 809 1 -9 0.21 30
2 1110 1 7 0.78 41
2 899 2 -9 0.33 31
1 237 2 5 0.88 39
2 446 1 -9 2.04 53
1 46 2 8 0.86 41
1 403 1 -9 0.78 42
2 499 1 -9 1.32 47
2 497 2 7 1.72 48
2 912 1 8 0.6 39
2 618 1 2 0.42 34
2 709 2 -9 0.68 39
2 723 2 -9 0.42 33
2 723 1 7 0.65 40
2 925 2 -9 0.67 38
2 942 1 7 0.91 44
2 1089 1 2 0.67 36
2 1238 1 -9 0.91 44
2 1118 1 4 0.3 31
2 903 2 -9 0.64 36
1 274 2 -9 0.7 40
1 291 2 4 0.34 32
2 488 1 7 1.57 49
2 456 1 -9 2.29 52
2 707 1 2 0.56 35
2 630 1 -9 0.39 32
2 1189 2 2 0.42 33
2 964 1 7 0.38 34
2 1222 2 2 0.51 34
2 1001 1 -9 0.65 38
2 1057 2 -9 0.65 38
2 840 1 -9 0.87 42
2 807 1 7 0.32 33
1 206 1 -9 0.57 40
1 336 1 -9 0.84 42
1 165 2 -9 0.85 39
1 170 2 4 0.77 41
1 173 2 -9 0.48 35
1 179 2 7 0.78 42
1 27 2 4 0.56 35
2 455 2 -9 1.25 45
2 504 2 10 1.44 48
2 701 1 6 0.6 38
2 717 2 -9 0.37 31
2 985 2 -9 0.35 30
2 1105 1 -9 0.85 40
2 890 1 -9 0.4 32
2 898 2 7 0.45 36
1 243 1 5 0.65 39
1 110 1 -9 1 44
1 156 2 -9 1.02 41
1 108 1 -9 0.89 44
1 424 2 -9 0.83 42
2 472 2 2 0.42 32
2 480 1 2 0.3 31
2 729 2 -9 0.72 38
2 730 1 4 0.52 36
2 645 1 -9 0.54 36
2 1159 2 2 0.5 35
2 930 2 -9 0.25 28
2 1185 2 -9 0.66 38
2 965 1 -9 0.38 34
2 1012 2 -9 0.43 32
2 1020 2 -9 0.24 26
2 1023 2 3 0.62 36
2 836 1 -9 0.78 42
2 766 2 -9 0.2 27
2 877 2 1 0.24 28
1 4 2 8 1.45 46
1 364 2 -9 0.98 40
1 437 1 9 1.86 51
1 389 1 -9 0.63 40
1 94 2 4 0.86 39
1 102 1 9 0.75 43
1 120 2 -9 0.59 38
1 123 1 6 0.55 37
1 128 2 -9 0.62 38
1 321 2 4 0.62 37
2 452 1 -9 1.62 50
2 536 1 -9 0.5 36
2 507 2 -9 1.48 45
2 609 1 8 0.7 44
2 621 2 -9 0.31 30
2 731 2 -9 0.78 38
2 1212 1 2 0.49 33
2 1239 2 -9 0.63 35
2 1043 1 -9 0.44 34
2 764 1 -9 0.43 36
2 861 1 -9 0.28 32
2 887 1 -9 0.58 38
2 900 1 7 1.06 44
2 981 1 3 0.47 34
1 200 1 9 1.7 49
1 279 2 -9 0.89 40
1 75 2 -9 0.73 40
1 315 2 -9 0.56 34
1 338 1 5 0.8 40
2 445 2 -9 1.18 42
2 502 2 7 1.68 48
2 537 2 -9 0.46 32
2 748 1 7 0.67 40
2 704 2 2 0.34 29
2 1195 2 -9 0.6 35
2 1089 1 -9 0.9 43
2 1236 1 6 0.83 42
2 1221 1 -9 0.59 41
2 1075 1 3 0.66 37
2 848 1 1 0.23 28
2 769 2 -9 0.51 35
2 446 1 -9 1.5 49
1 260 2 -9 0.26 29
1 263 2 -9 0.57 38
1 197 1 -9 0.38 34
1 199 2 -9 0.58 37
1 119 1 -9 0.93 41
1 125 1 -9 0.58 38
2 500 1 7 1.52 47
2 667 1 1 0.13 25
2 672 1 -9 0.22 28
2 560 1 -9 0.54 40
2 743 2 -9 0.73 37
2 913 2 -9 0.61 37
2 925 1 2 0.44 33
2 1173 2 -9 0.67 37
2 954 1 5 0.43 35
2 956 2 -9 0.46 33
2 1234 1 -9 1.02 44
2 812 1 -9 0.51 36
2 788 2 3 0.55 36
2 760 1 2 0.29 30
2 895 2 4 0.66 37
1 356 1 2 0.3 30
1 358 1 9 0.6 39
1 66 1 -9 0.75 41
1 365 2 -9 0.52 37
1 24 2 7 0.62 36
1 306 2 -9 0.42 34
1 150 1 -9 0.4 34
1 276 1 -9 0.66 40
1 160 2 4 0.9 40
1 432 1 -9 0.8 41
1 51 2 -9 0.59 39
2 486 2 5 1.34 44
2 521 1 7 0.71 39
2 567 1 -9 0.52 39
2 506 2 -9 1.42 44
2 741 1 2 0.5 35
2 1142 1 -9 0.61 38
2 1173 2 -9 0.53 35
2 971 1 -9 0.72 38
2 972 1 9 0.8 41
2 1202 2 8 0.69 37
2 978 1 -9 0.52 35
2 990 1 -9 0.45 32
2 1100 1 9 0.77 41
2 1117 2 1 0.17 25
1 5 1 8 1.94 49
1 258 1 8 0.53 37
1 42 1 8 0.83 43
1 407 1 -9 0.94 44
1 185 1 7 0.51 37
1 398 1 -9 0.9 44
2 445 1 -9 1.52 46
2 453 1 7 1.62 49
2 675 2 -9 0.23 28
2 600 1 -9 0.88 42
2 718 1 7 0.56 39
2 1190 1 -9 0.75 38
2 732 1 -9 0.85 42
2 1141 1 -9 0.36 32
2 656 1 10 0.78 41
2 1024 1 5 0.64 38
2 1074 1 2 0.52 35
2 1078 2 -9 0.74 36
2 881 2 -9 0.51 35
2 883 2 -9 0.4 31
1 3 1 8 1.83 49
1 267 1 -9 0.25 32
1 362 1 3 0.36 31
1 238 2 6 0.71 38
1 134 1 5 0.57 37
1 124 1 -9 0.28 29
1 385 2 -9 0.82 40
2 687 1 -9 0.56 35
2 582 2 -9 0.42 32
2 541 1 3 0.58 37
2 614 1 2 0.46 32
2 710 2 3 0.64 36
2 734 1 3 0.86 41
2 1162 1 9 0.88 42
2 1008 2 1 0.21 26
2 782 1 -9 0.74 42
2 1111 2 -9 0.21 27
2 789 1 -9 0.54 37
2 805 1 -9 0.33 29
2 1120 1 4 0.4 34
1 71 2 4 0.74 40
1 84 2 -9 0.64 36
1 329 1 8 0.82 42
1 89 1 -9 0.23 28
1 192 2 3 0.45 32
1 435 2 -9 0.88 41
2 466 1 2 0.3 38
2 522 1 -9 0.74 40
2 693 2 4 0.32 32
2 579 1 2 0.34 31
2 501 1 -9 1.5 48
2 591 1 3 0.42 34
2 642 1 -9 0.39 32
2 735 1 -9 0.84 42
2 1014 1 5 0.53 37
2 1240 1 -9 0.85 41
2 989 1 9 0.66 39
2 1079 2 -9 0.75 37
1 343 1 -9 0.22 28
1 62 1 7 0.67 41
1 362 1 -9 0.24 28
1 262 2 -9 0.25 29
1 141 1 -9 0.83 41
2 471 1 2 0.32 31
2 475 1 -9 0.34 31
2 500 2 -9 1.14 43
2 508 2 5 1.54 45
3 454 2 7 1.16 45
2 550 2 -9 0.44 35
2 527 2 -9 0.81 40
2 706 1 4 0.56 36
2 633 2 1 0.22 28
2 1139 2 4 0.39 34
2 1133 1 -9 0.5 37
2 1172 2 5 0.62 38
2 867 2 3 0.92 40
2 825 2 -9 0.38 30
2 1042 1 2 0.32 30
2 767 2 2 0.48 35
1 1 1 9 1.7 50
1 2 1 9 1.38 46
1 61 2 -9 0.56 39
1 307 1 4 0.48 35
1 408 1 -9 0.78 41
1 134 1 -9 0.45 34
2 441 1 5 0.98 43
2 551 1 3 0.58 39
2 529 2 7 1.06 46
2 515 2 3 1.61 45
2 507 2 -9 1.26 42
2 519 2 3 1.24 43
2 702 1 -9 0.38 31
2 1132 1 -9 0.44 37
2 928 1 2 0.34 30
2 1179 2 -9 0.68 38
2 1203 2 -9 0.65 37
2 775 1 -9 0.44 36
3 695 1 9 1.64 49
2 1037 2 -9 0.44 32
2 832 1 -9 0.47 38
1 59 1 9 0.66 39
1 214 1 -9 0.32 30
1 79 1 -9 0.59 38
1 318 1 -9 0.46 36
1 320 2 -9 0.5 34
2 456 2 7 1.92 49
2 444 2 7 1.34 46
2 511 1 8 0.6 38
2 533 1 -9 0.68 38
2 554 1 4 0.42 38
2 727 1 -9 0.6 38
2 706 2 -9 0.34 31
2 918 2 2 0.39 32
2 965 2 -9 0.43 34
2 525 1 -9 1.77 47
2 653 1 2 0.59 36
2 1049 1 2 0.32 31
2 1107 1 -9 0.93 42
2 879 2 2 0.3 31
2 1115 1 -9 0.32 32
1 250 1 4 0.55 37
1 200 2 3 1.51 46
1 229 2 -9 0.46 34
1 335 1 -9 0.64 40
1 195 2 -9 0.28 29
1 399 2 -9 0.58 40
1 375 2 3 1.23 43
2 576 1 -9 0.48 36
2 729 2 4 0.68 38
2 1138 1 -9 0.31 30
2 1126 1 8 0.33 34
2 1183 1 3 0.55 37
2 948 1 -9 0.34 31
2 665 1 4 0.54 36
2 996 2 7 0.7 39
2 1180 2 -9 0.6 36
1 211 1 -9 0.6 40
1 71 1 -9 0.53 38
1 196 1 -9 0.38 34
1 426 1 -9 0.87 43
1 36 2 3 0.5 34
2 494 2 8 1.79 48
2 457 2 -9 1.37 45
2 520 1 -9 0.86 42
2 535 2 2 0.52 37
2 1210 1 8 0.5 35
2 820 2 -9 0.76 40
2 1052 1 -9 0.12 23
2 1101 2 2 0.6 35
2 758 2 3 0.4 33
2 871 1 9 0.64 41
1 227 1 -9 0.74 40
1 226 1 -9 1.07 43
1 25 1 -9 0.54 37
1 419 1 -9 0.72 38
1 294 2 9 0.69 39
1 41 2 -9 0.25 29
1 189 1 9 0.46 37
1 383 1 -9 0.84 41
2 506 2 -9 1.8 46
2 585 2 2 0.38 32
2 585 2 -9 0.48 35
2 561 1 -9 0.46 36
2 699 2 -9 0.72 39
2 1161 1 -9 0.69 41
2 964 1 -9 0.48 33
2 1201 2 3 0.63 37
2 1016 1 -9 0.61 35
2 1027 1 -9 0.46 38
2 1038 2 2 0.28 28
2 824 2 -9 0.62 36
2 837 2 3 0.84 42
2 882 1 -9 0.52 38
1 437 1 7 1.56 47
1 105 1 9 0.8 42
1 277 2 7 0.57 38
1 159 2 -9 0.82 41
1 120 2 8 0.98 42
2 471 2 -9 0.34 32
2 530 2 7 0.94 44
2 504 2 -9 1.11 41
2 603 1 9 0.78 42
2 737 1 -9 0.92 40
2 733 2 7 0.57 37
2 1200 2 2 0.44 33
2 930 1 3 0.32 32
2 1245 1 7 0.98 44
2 865 2 8 0.74 40
2 1230 2 -9 0.66 35
2 1015 2 4 0.66 37
2 774 1 -9 0.33 31
2 1066 2 -9 0.67 36
2 755 2 2 0.33 31
2 791 2 -9 0.37 32
2 770 1 4 0.38 35
2 888 2 -9 0.52 36
1 2 2 8 2.39 50
1 347 2 -9 0.54 37
1 259 2 -9 0.7 37
1 82 2 -9 0.71 39
1 42 1 -9 0.79 42
1 432 1 -9 0.84 42
2 490 1 9 1.53 46
2 497 2 7 1.59 45
2 483 2 8 1.2 45
2 555 2 2 0.34 31
2 742 2 -9 0.17 26
2 742 1 4 0.56 38
2 1198 1 -9 0.47 36
2 526 1 -9 0.28 30
2 937 2 3 0.47 34
2 941 1 8 1.25 46
2 947 1 -9 0.3 30
2 970 2 -9 0.64 37
2 780 1 -9 0.54 35
2 1034 2 -9 0.66 39
2 1052 2 -9 0.16 25
2 818 2 2 0.27 30
2 1102 1 6 0.87 42
2 1109 2 -9 0.71 37
1 54 2 7 0.84 42
1 332 1 -9 0.88 42
1 402 1 -9 0.98 43
1 428 1 -9 0.76 43
2 725 1 3 0.46 36
2 648 1 -9 0.34 32
2 716 1 2 0.4 33
2 909 1 4 0.46 34
2 955 1 3 0.41 34
2 972 2 -9 0.63 38
2 662 1 4 0.53 38
2 1084 1 7 0.77 41
2 796 2 -9 0.52 34
2 1007 2 2 0.42 33
2 839 1 -9 0.66 37
2 852 2 -9 0.18 25
1 232 2 -9 0.67 40
1 282 2 -9 0.42 34
1 88 1 -9 0.26 32
1 89 1 -9 0.2 28
1 191 1 -9 0.41 34
1 415 2 -9 0.6 39
1 304 2 -9 0.52 35
2 563 2 6 0.74 42
2 523 1 -9 1.77 51
2 722 1 6 0.56 38
2 1145 1 -9 0.55 36
2 1179 2 -9 0.71 36
2 653 2 -9 1.08 42
2 1231 2 -9 0.58 35
2 1242 1 -9 0.87 42
2 1005 1 6 0.56 39
2 838 1 9 0.85 44
2 1117 1 -9 0.41 33
1 302 1 -9 0.3 30
1 339 2 7 0.76 40
1 173 2 6 0.72 38
2 579 1 -9 0.62 38
2 635 2 4 0.6 37
2 1213 1 2 0.34 31
2 922 2 -9 0.57 36
2 1168 1 -9 0.56 39
2 929 1 -9 0.74 41
2 932 1 -9 0.37 35
2 1186 1 4 0.57 37
2 906 1 8 0.82 42
2 661 2 3 0.41 33
2 1223 1 -9 0.44 33
2 1247 1 3 0.37 33
2 1018 2 7 0.74 38
2 983 2 -9 0.6 36
2 819 2 2 0.41 33
2 772 2 -9 0.56 36
2 1114 1 -9 0.4 34
2 891 1 4 0.55 36
1 210 2 -9 0.84 42
1 315 1 -9 0.46 37
1 389 1 -9 0.77 40
1 95 1 4 0.82 40
2 455 2 -9 1.07 40
2 450 1 3 1.32 47
2 530 2 -9 0.98 42
2 592 1 -9 1.04 43
2 505 2 3 1.38 43
2 1162 2 -9 0.6 40
2 662 2 -9 0.29 29
2 1046 1 2 0.4 33
2 1079 1 4 0.89 40
2 846 1 -9 0.23 29
2 884 2 1 0.29 28
2 981 2 -9 0.68 37
1 16 2 4 0.76 37
1 223 1 -9 0.89 40
1 229 1 -9 0.52 36
1 100 2 -9 0.79 41
1 277 2 -9 0.48 34
1 145 1 -9 0.89 42
1 328 2 -9 0.7 39
1 383 1 -9 0.84 41
2 491 2 -9 1.32 45
2 745 2 -9 0.2 26
2 745 1 5 0.56 37
2 708 1 -9 0.62 37
2 1177 2 2 0.47 33
2 936 2 -9 0.49 35
2 776 2 2 0.45 33
2 776 1 -9 0.38 32
2 1224 1 -9 0.55 35
2 1041 2 -9 0.41 32
2 1057 1 8 0.3 34
2 1004 2 2 0.36 30
2 1104 1 -9 0.92 43
2 843 2 -9 0.38 32
2 806 1 -9 0.59 37
1 264 1 4 0.43 35
1 63 1 -9 0.6 38
1 204 2 5 0.74 40
1 207 1 4 0.54 36
1 67 2 -9 0.47 34
1 236 1 -9 0.48 36
1 275 2 -9 0.72 41
1 194 2 7 0.65 37
1 431 1 -9 0.76 41
1 51 2 6 0.81 41
2 447 1 8 1.72 50
2 532 2 2 0.58 37
2 687 1 2 0.54 35
2 750 1 1 0.2 27
2 1139 1 -9 0.21 27
2 919 1 3 0.45 34
2 1233 1 7 0.98 42
2 973 1 2 0.5 35
2 991 1 3 0.45 35
2 1023 2 -9 0.58 35
2 858 1 -9 0.49 38
1 259 2 7 0.72 38
1 369 1 -9 0.48 38
1 113 2 -9 0.84 41
1 154 2 -9 0.9 41
1 393 1 -9 0.85 41
2 499 1 -9 1.63 48
2 514 2 -9 1.84 48
2 512 2 3 1.7 45
2 1207 2 -9 0.7 38
2 1209 2 2 0.41 31
2 1167 1 -9 0.58 38
2 938 1 -9 0.41 37
2 1188 1 -9 0.6 38
2 1205 1 2 0.33 32
2 1230 1 5 0.89 43
2 1009 1 7 0.55 38
2 1074 1 -9 0.66 39
2 802 1 -9 0.5 36
2 860 1 3 0.39 35
2 1119 1 -9 0.43 33
2 901 2 2 0.8 38
1 56 1 6 1 42
1 369 1 -9 0.48 38
1 111 2 -9 0.86 42
1 305 1 -9 0.5 34
1 166 2 6 0.82 40
1 144 1 -9 0.89 42
2 683 1 -9 1.3 45
2 671 1 2 0.34 31
2 564 1 -9 0.58 41
2 515 2 6 1.66 46
2 541 1 -9 0.58 37
2 604 1 -9 1.02 44
2 678 1 3 0.34 32
2 731 2 -9 2.48 50
2 703 1 4 0.58 37
2 749 2 -9 0.22 27
2 652 1 -9 0.58 35
2 866 2 2 0.7 36
2 1054 2 -9 0.49 35
2 842 2 -9 0.32 33
2 804 1 -9 0.54 36
2 771 2 -9 0.4 33
1 348 1 5 0.6 39
1 344 2 3 0.32 31
1 213 1 -9 0.68 39
1 434 2 -9 0.94 43
1 118 2 7 1.02 42
2 496 2 6 1.79 46
2 677 2 -9 0.45 33
2 959 2 -9 1.08 43
2 969 2 -9 0.57 35
2 1220 2 -9 0.34 30
2 1244 1 7 0.9 43
2 864 2 2 0.56 34
2 1067 1 4 0.92 42
2 1073 1 -9 0.95 44
2 1082 1 4 0.76 42
1 20 2 4 1.08 42
1 303 2 -9 0.68 37
1 197 1 6 0.55 36
1 39 2 -9 0.22 28
1 322 2 5 0.66 36
2 495 1 7 1.64 48
2 491 2 6 1.41 46
2 457 2 -9 1.31 45
2 476 2 -9 0.88 42
2 451 2 3 1.54 45
2 572 2 2 0.34 31
2 731 1 4 0.84 40
2 696 2 7 0.76 36
2 1124 1 -9 0.4 34
2 907 1 7 1.14 44
2 1233 1 -9 0.9 43
2 1111 2 -9 0.29 32
2 844 1 -9 0.64 39
2 849 1 -9 0.39 33
2 1116 2 -9 0.34 33
1 286 2 -9 0.49 35
1 313 2 -9 0.48 36
1 178 2 -9 0.26 30
1 180 2 -9 0.28 30
1 50 1 -9 0.81 41
1 129 1 4 0.43 33
2 443 2 5 0.94 41
2 587 1 -9 0.42 34
2 726 1 8 0.5 37
2 720 1 7 0.68 40
2 1161 2 -9 0.56 38
2 1217 2 -9 0.69 38
2 1131 2 -9 0.31 31
2 951 1 4 0.42 36
2 1241 1 -9 0.99 43
2 1104 2 2 0.52 35
2 804 1 3 0.52 36
2 858 2 2 0.24 28
2 874 2 -9 0.35 30
2 1122 2 -9 0.29 30
2 893 2 -9 0.42 33
1 12 1 -9 0.39 33
1 232 2 -9 0.63 38
1 83 1 7 0.52 38
2 489 2 9 1.45 46
1 373 2 3 1.12 41
3 454 1 9 2.28 54
2 513 2 6 1.47 46
2 920 2 -9 0.58 35
2 1163 2 6 0.69 38
2 1130 2 -9 0.14 23
2 968 1 10 0.52 38
2 650 1 -9 0.94 43
2 654 1 -9 0.94 44
2 1204 1 1 0.2 28
2 1076 1 -9 0.82 43
2 783 2 -9 0.24 30
2 783 2 -9 0.5 35
2 873 1 4 0.58 39
2 878 1 2 0.45 32
2 884 2 -9 0.56 35
2 470 1 -9 0.76 40
1 355 2 -9 0.52 35
1 210 1 4 0.78 40
1 233 1 -9 0.57 38
1 88 2 6 0.41 35
2 489 1 3 1.4 44
2 478 2 -9 0.5 34
2 457 2 8 1.23 45
2 498 2 10 1.77 46
2 691 1 9 0.51 39
2 523 2 -9 1.33 46
2 961 2 6 1.04 43
2 728 1 -9 0.7 39
2 599 1 -9 0.9 44
2 709 1 3 0.6 37
2 735 2 2 0.65 35
2 1197 1 -9 0.48 35
2 1208 2 -9 0.91 40
2 1215 1 -9 0.39 30
2 1204 1 -9 0.44 34
2 1205 1 -9 0.2 26
2 779 2 3 0.84 38
2 880 2 -9 0.37 31
2 1050 2 1 0.18 25
2 1055 2 -9 0.44 32
2 863 2 -9 0.65 36
2 849 1 2 0.32 30
2 769 1 7 0.55 38
2 892 1 6 0.97 43
1 355 1 7 0.54 38
1 358 2 -9 0.52 34
1 69 1 -9 0.54 36
1 230 2 -9 0.62 40
1 372 1 9 1.69 49
1 281 2 2 0.38 32
1 287 2 -9 0.62 39
1 384 1 -9 0.9 45
2 464 1 2 0.28 28
2 469 1 -9 0.56 36
2 477 1 5 0.84 39
2 441 1 -9 1.04 41
2 574 2 -9 0.6 38
2 960 1 -9 0.6 38
2 701 1 -9 0.4 32
2 751 1 9 0.56 37
2 1148 2 1 0.15 24
2 1191 1 -9 0.74 39
2 1192 2 3 0.7 36
2 1126 2 -9 0.28 31
2 1134 2 2 0.28 29
2 622 2 2 0.54 35
2 822 2 -9 0.62 37
2 974 2 -9 0.66 38
2 1022 1 -9 0.41 34
2 1006 1 -9 0.47 33
2 834 2 8 1.01 43
2 835 1 7 0.97 44
1 253 2 3 0.57 36
1 420 1 -9 0.89 43
1 54 1 -9 0.87 44
1 247 2 -9 0.72 39
1 248 2 -9 0.51 34
1 287 2 3 0.5 35
1 305 2 4 0.68 38
1 308 1 8 0.64 40
1 163 2 4 0.94 40
1 430 1 -9 0.76 43
1 37 1 7 0.55 38
1 439 1 9 1.51 49
1 142 1 -9 0.7 39
2 676 2 -9 0.36 32
2 637 1 2 0.41 33
2 1164 2 -9 0.61 35
2 779 1 -9 1.18 45
2 1010 2 9 0.72 40
2 1239 1 7 0.86 42
2 1243 1 -9 0.78 42
2 977 2 -9 0.58 37
2 1085 1 2 0.62 35
2 1035 1 -9 0.67 39
2 1059 1 -9 0.3 31
2 1103 2 -9 0.61 35
2 883 2 2 0.3 29
1 55 1 -9 0.73 40
1 222 2 5 0.74 41
1 306 1 -9 0.66 40
1 318 1 2 0.26 29
1 99 1 -9 0.55 39
1 182 1 -9 0.2 33
2 480 2 -9 0.24 28
2 500 2 -9 1.33 45
2 532 1 -9 0.54 36
2 501 2 -9 1.24 46
2 608 1 -9 0.94 44
2 1176 2 -9 0.69 40
2 1093 1 7 0.81 41
2 1017 2 2 0.53 34
2 1053 1 -9 0.38 35
2 1061 2 -9 0.32 30
2 805 1 7 0.51 37
1 8 1 9 0.87 44
1 208 1 4 0.73 39
1 69 2 -9 0.49 35
1 316 1 9 0.44 35
1 406 2 -9 0.64 39
1 97 2 -9 0.71 39
1 154 2 4 1.02 41
1 35 1 -9 0.35 32
1 438 2 9 1.81 50
1 384 2 -9 0.86 40
1 394 2 -9 0.93 41
1 398 1 -9 0.8 41
2 506 2 -9 1.51 44
2 679 1 -9 0.43 36
2 628 1 6 0.62 37
2 932 2 -9 0.47 34
2 1189 2 -9 0.19 27
2 623 2 -9 0.32 30
2 1226 2 -9 1.02 40
2 1022 1 3 0.53 35
2 1000 1 -9 0.57 38
2 1035 1 9 0.55 38
2 1124 2 -9 0.33 32
1 353 2 -9 0.56 36
1 367 1 8 0.6 39
1 112 2 -9 1.05 44
1 334 2 -9 0.7 37
1 152 1 -9 0.88 43
1 196 2 3 0.3 30
1 143 1 9 0.88 43
2 670 1 1 0.2 26
2 575 1 2 0.38 32
2 593 1 -9 0.8 42
2 719 2 2 0.3 29
2 1164 2 -9 0.65 37
2 939 2 -9 0.34 33
2 1047 1 -9 0.36 31
2 1002 1 -9 0.68 39
2 799 2 3 0.52 35
2 876 2 -9 0.71 40
2 901 2 -9 0.48 34
1 376 2 7 1.86 50
1 180 2 -9 0.48 33
1 394 1 -9 0.98 43
1 400 1 -9 0.86 44
2 511 2 -9 0.54 36
2 927 2 -9 0.34 30
2 1178 1 -9 0.7 39
2 963 1 -9 0.33 31
2 1024 1 -9 0.44 34
2 1056 1 -9 0.33 33
2 1044 1 3 0.48 35
2 752 1 -9 0.24 30
2 868 2 -9 0.16 27
1 19 2 -9 0.72 38
1 283 2 4 0.54 35
1 298 1 -9 0.45 36
1 97 2 8 0.81 43
1 418 1 -9 0.76 40
1 130 2 -9 0.36 32
2 460 1 7 1.04 45
2 517 1 -9 1.24 46
2 568 1 2 0.34 32
2 519 1 -9 1 47
2 644 1 -9 0.48 35
2 1184 1 7 0.57 39
2 1187 1 -9 0.56 38
2 973 2 -9 0.67 36
2 1077 1 -9 0.93 43
2 753 2 -9 0.15 25
1 13 1 -9 0.42 36
1 342 1 3 0.24 29
1 62 2 -9 0.61 37
1 21 1 6 0.53 35
1 298 2 -9 0.54 38
1 388 1 -9 0.92 44
1 334 2 5 1.14 43
1 336 1 10 0.9 43
1 340 1 9 0.84 42
1 45 1 -9 0.87 42
1 155 2 4 1.06 41
2 500 2 8 1.5 46
2 562 2 2 0.4 32
2 523 1 9 1.04 46
2 616 2 -9 1.04 41
2 620 1 3 0.47 36
2 638 1 -9 0.54 36
2 1174 2 8 0.75 39
2 1094 1 -9 0.93 41
3 695 1 9 1.96 52
2 1246 1 -9 0.29 31
2 1029 2 7 0.77 39
2 782 1 4 0.9 42
2 900 1 -9 0.64 36
2 1021 2 2 0.58 35
2 1219 1 -9 0.28 29
1 13 1 -9 0.11 27
1 219 1 3 0.5 35
1 436 1 9 1.89 51
1 374 1 9 1.04 47
2 472 1 -9 0.3 30
2 448 2 -9 1.06 41
2 1188 2 -9 0.72 37
2 660 1 7 0.54 38
2 830 1 -9 0.5 37
2 859 1 -9 0.34 32
2 873 2 -9 0.51 35
1 231 2 -9 0.69 38
1 158 2 5 1.1 41
1 164 2 8 0.8 40
1 125 1 7 0.69 39
2 482 2 4 1.04 41
1 375 1 9 1.38 49
2 496 2 7 1.47 46
2 927 1 4 0.63 38
2 740 1 -9 0.2 27
2 924 2 2 0.39 32
2 926 1 -9 0.56 38
2 905 1 9 0.86 42
2 909 1 -9 0.36 33
2 1094 1 4 0.7 39
2 1243 1 8 0.8 42
2 864 1 -9 0.77 43
2 767 1 -9 0.46 38
1 1 1 9 1.86 49
1 203 1 8 0.63 39
1 85 1 -9 0.57 38
1 409 1 -9 0.77 42
1 114 1 7 0.71 39
1 135 1 7 0.6 39
1 189 1 -9 0.4 33
2 479 1 -9 0.36 34
2 483 1 -9 1.14 44
2 453 2 -9 1.3 45
2 547 1 -9 0.52 35
2 527 2 -9 0.66 41
2 620 2 -9 0.39 31
2 626 2 -9 0.73 37
2 628 1 -9 0.56 38
2 1191 2 6 0.76 38
2 953 1 -9 0.46 37
2 809 2 -9 0.65 36
2 1071 1 -9 0.84 42
2 1076 1 4 0.88 42
2 854 1 -9 0.16 25
1 363 2 -9 0.78 40
1 205 2 -9 0.28 29
1 221 2 6 0.72 41
1 216 2 -9 0.65 39
1 317 2 -9 0.68 37
1 109 2 -9 0.72 41
1 378 1 -9 0.89 44
2 680 2 -9 0.39 32
2 502 2 -9 1.42 44
2 503 1 -9 1.56 49
2 605 2 -9 0.64 36
2 1135 1 -9 0.34 31
2 929 1 -9 0.3 30
2 775 1 3 0.4 34
2 1096 1 -9 0.89 42
2 983 1 7 0.59 37
2 992 2 -9 0.73 39
2 795 2 11 0.84 42
2 818 2 -9 0.28 30
2 870 1 -9 0.76 40
2 872 2 -9 0.7 38
1 80 1 -9 0.59 41
1 267 1 5 0.46 36
1 181 1 -9 0.46 35
1 418 2 -9 0.95 42
1 321 2 -9 0.64 39
1 397 1 -9 0.87 42
2 492 2 -9 1.42 43
2 451 2 -9 1.44 44
2 557 2 -9 0.32 36
2 619 2 -9 0.63 38
2 639 1 -9 0.66 40
2 647 2 7 0.6 37
2 627 1 -9 0.64 40
2 940 1 -9 0.34 33
2 1182 1 -9 0.54 39
2 624 2 -9 0.44 33
2 659 2 -9 0.5 34
2 1106 1 -9 0.73 38
2 763 2 -9 0.41 34
1 202 2 4 1.01 41
1 289 2 -9 0.63 39
1 74 2 7 0.54 38
1 294 2 -9 0.72 39
1 136 1 -9 0.49 35
2 684 2 2 0.58 35
2 1155 2 -9 0.89 42
2 778 2 2 0.62 36
2 995 1 -9 0.46 35
2 1063 1 -9 0.67 37
2 1043 1 -9 0.49 39
1 341 1 10 0.94 44
1 436 1 10 1.44 47
1 92 1 4 0.71 40
1 46 2 -9 1.09 40
1 158 1 -9 0.84 41
1 190 1 9 0.52 38
1 127 2 -9 0.47 34
2 491 2 -9 1.46 46
1 374 1 8 1.4 47
2 444 2 3 1.56 46
2 449 1 -9 1.86 49
2 558 2 -9 0.44 33
2 614 2 -9 0.88 42
2 728 1 2 0.48 34
2 711 1 -9 0.44 34
2 1214 2 2 0.55 34
2 1181 1 -9 0.67 39
2 657 2 -9 0.53 34
2 665 2 -9 0.32 32
2 777 2 2 0.57 35
2 1232 1 -9 1.06 44
2 1011 1 -9 0.39 30
2 1062 1 7 1.15 44
2 826 1 2 0.34 31
2 869 1 3 0.48 35
2 871 2 -9 0.33 32
2 890 1 -9 0.58 37
1 258 1 -9 0.61 41
1 333 1 7 0.88 42
1 427 2 -9 0.78 42
1 328 2 4 1.08 41
2 448 2 -9 1.36 47
2 692 1 -9 0.5 38
2 692 1 -9 0.27 30
2 556 2 -9 0.4 33
2 556 2 -9 0.32 32
2 569 2 6 0.72 38
2 581 2 -9 0.48 36
2 942 1 -9 0.85 44
2 1182 2 -9 0.39 32
2 955 1 -9 0.27 28
2 664 2 1 0.22 27
2 1222 1 -9 0.94 43
2 1012 2 2 0.55 35
2 1042 1 -9 0.18 27
2 797 2 -9 0.95 40
2 1051 1 -9 0.23 27
2 1072 1 -9 0.91 42
2 784 2 -9 0.51 35
2 713 1 -9 0.68 41
1 18 1 -9 0.3 30
1 254 1 -9 0.52 36
1 368 2 7 0.62 38
1 95 1 -9 0.9 42
1 38 2 -9 0.4 32
1 392 1 -9 0.74 42
2 442 1 -9 0.72 39
2 573 1 -9 0.66 41
2 602 2 7 0.78 41
2 724 1 -9 0.49 37
2 524 2 3 1.77 48
2 746 2 -9 0.43 33
2 799 1 -9 0.48 36
2 845 2 -9 0.19 26
2 1113 1 9 0.46 39
2 897 1 5 0.64 40
1 73 2 -9 0.83 43
1 221 1 -9 0.77 42
1 286 2 -9 0.89 41
1 187 2 3 0.48 33
2 464 1 -9 0.62 38
2 548 1 4 0.66 40
2 554 2 -9 0.32 34
2 679 2 -9 0.37 32
2 617 1 -9 0.44 35
2 598 1 2 0.58 37
2 933 2 -9 0.47 34
2 1187 2 4 0.62 37
2 947 1 -9 0.44 35
2 1045 2 -9 0.33 30
2 1073 1 9 0.85 43
2 857 2 -9 0.52 35
2 806 1 -9 0.64 36
1 6 2 4 0.98 40
1 15 2 -9 0.3 31
1 368 1 -9 0.48 38
1 281 2 -9 0.78 40
1 296 2 7 1.04 42
1 151 1 -9 0.77 41
1 175 1 -9 0.3 30
1 147 2 7 0.81 40
1 122 2 6 0.75 37
2 493 2 7 1.53 45
1 375 1 8 1.22 47
2 961 1 -9 0.82 41
2 699 1 -9 0.48 36
2 1136 2 -9 0.61 37
2 966 1 -9 0.4 33
2 1203 2 3 0.66 37
2 1240 1 2 0.56 35
2 1053 1 7 0.43 35
2 1058 2 2 0.44 34
2 1059 1 -9 0.2 26
2 862 1 -9 0.44 38
2 887 2 -9 0.66 38
1 253 2 -9 0.58 37
1 342 1 -9 0.04 19
1 372 2 -9 1.13 43
1 312 1 -9 0.46 35
1 79 1 4 0.51 35
1 91 1 -9 0.24 29
1 172 2 4 0.7 37
1 399 2 -9 1.02 43
2 448 1 -9 1.5 49
2 502 2 -9 1.62 46
3 528 2 8 1.47 48
2 610 1 7 0.84 43
2 596 1 9 0.8 43
2 702 2 -9 0.5 34
2 748 2 -9 0.48 34
2 721 2 -9 0.52 34
2 526 1 -9 0.81 39
2 1169 1 9 0.7 40
2 1154 1 2 0.5 34
2 908 1 2 0.32 30
2 982 1 -9 0.57 37
2 828 2 -9 0.56 35
2 1116 2 5 0.29 33
2 892 1 -9 0.53 38
1 116 1 -9 0.99 40
2 1048 1 -9 0.38 35
1 349 1 5 0.6 38
1 359 2 4 0.64 37
1 162 2 7 0.86 41
1 292 2 -9 0.62 36
1 415 1 -9 0.84 43
1 324 1 -9 0.84 41
1 325 2 9 0.8 43
1 137 2 8 0.36 34
2 452 1 8 1.88 52
2 700 1 4 0.54 37
2 634 1 4 0.49 36
2 1158 2 6 1.21 44
2 1169 2 -9 0.75 38
2 1131 1 4 0.41 35
2 931 2 4 0.63 37
2 944 1 9 0.78 43
2 655 2 -9 0.8 41
2 956 1 -9 0.21 27
2 974 2 6 0.7 39
2 829 2 4 0.69 38
2 754 2 -9 0.42 33
2 897 2 -9 0.48 33
1 360 2 -9 0.74 39
1 252 1 -9 0.63 40
1 289 1 -9 0.45 36
1 98 1 7 0.9 44
1 107 1 8 0.9 42
1 373 1 8 1.27 46
2 443 1 -9 1.04 43
2 669 2 1 0.22 27
2 549 2 7 0.6 39
2 502 2 -9 1.74 48
2 698 2 -9 0.97 41
2 743 2 6 0.57 37
2 631 2 2 0.41 32
2 1176 2 -9 0.37 32
2 935 1 -9 0.47 38
2 1201 1 -9 0.67 40
2 827 2 2 0.42 32
2 1109 1 8 1.02 45
2 1123 1 -9 0.31 30
1 57 2 -9 0.68 37
1 337 2 8 0.72 38
1 422 1 -9 0.88 44
1 115 2 9 0.83 41
1 27 1 -9 0.61 40
1 31 2 -9 0.76 39
2 499 1 -9 2.31 52
2 440 2 9 1.24 42
2 674 2 -9 0.4 32
2 538 2 9 0.6 40
2 519 2 -9 1.36 46
2 1145 1 7 0.53 38
2 1235 1 2 0.5 34
2 1223 1 7 0.96 43
2 1088 1 2 0.59 35
2 1039 2 3 0.32 31
2 759 1 -9 0.33 31
2 760 1 -9 0.29 30
2 847 2 -9 0.73 39
2 876 1 1 0.18 26
1 348 2 -9 0.68 38
1 266 1 2 0.19 27
1 212 2 -9 0.63 39
1 309 1 -9 0.44 33
1 311 2 2 0.28 28
1 403 1 -9 0.84 41
1 186 2 -9 0.48 35
1 128 1 -9 0.45 35
2 488 1 2 1 41
2 479 1 -9 0.34 32
2 510 2 -9 1.24 42
2 450 1 -9 1.68 50
2 513 2 -9 1.64 46
2 534 2 -9 0.84 40
3 528 1 9 1.53 49
2 617 2 -9 0.53 34
2 524 2 -9 1.72 47
2 1207 2 4 0.65 36
2 914 1 4 0.45 35
2 1127 2 5 0.45 37
2 975 2 -9 0.5 36
2 1100 1 -9 0.61 36
2 786 1 6 0.36 36
2 673 1 -9 0.32 31
1 285 1 7 0.71 41
1 330 1 4 0.88 41
1 417 1 -9 0.86 43
1 326 1 7 1 43
1 379 1 -9 1 44
2 514 1 -9 1.51 47
2 577 1 1 0.22 27
2 506 2 7 1.55 45
2 581 1 -9 0.48 38
2 540 1 -9 0.7 42
2 543 1 -9 0.5 36
2 606 2 -9 0.68 37
2 677 1 3 0.38 33
2 747 2 -9 0.57 36
2 1137 1 -9 0.37 32
2 1141 1 6 0.58 37
2 920 2 3 0.55 35
2 1132 2 3 0.35 33
2 1178 2 3 0.6 37
2 1080 2 -9 0.57 34
2 786 1 -9 0.34 32
2 756 1 -9 0.42 35
1 351 1 9 0.72 39
1 346 1 3 0.4 33
1 347 1 8 0.56 37
1 218 1 -9 0.55 36
1 23 1 -9 0.57 37
1 335 2 5 1.02 38
1 117 1 -9 0.87 43
1 414 1 -9 0.82 41
1 422 1 -9 0.84 43
1 385 2 -9 0.81 40
2 465 1 -9 0.46 34
2 466 2 -9 0.3 29
2 476 1 -9 0.82 38
2 485 2 -9 0.74 40
2 580 2 -9 0.42 33
2 741 2 -9 0.66 35
2 611 1 5 0.86 42
2 613 1 5 0.62 39
2 1125 2 -9 0.4 35
2 936 1 4 0.46 37
2 1098 1 -9 0.94 44
2 1245 2 -9 0.76 37
2 1241 1 3 0.65 37
2 986 2 -9 0.73 38
2 1101 1 -9 0.83 42
2 888 1 6 0.6 40
1 18 2 8 0.29 33
1 304 1 4 0.48 35
1 317 1 5 0.52 38
1 331 1 -9 0.9 41
1 157 1 -9 0.78 41
2 494 1 3 1.48 47
2 463 1 5 0.54 34
2 484 1 -9 0.5 32
2 515 1 8 1.2 47
2 744 1 4 0.51 38
2 1148 1 -9 0.2 27
2 1165 2 6 0.62 36
2 908 1 -9 0.37 32
2 1097 1 6 0.93 44
2 1098 2 2 0.6 34
2 980 1 4 0.56 37
2 994 2 -9 0.37 31
2 829 2 -9 0.63 37
2 789 2 -9 0.22 27
2 1121 2 -9 0.34 33
1 202 1 -9 0.78 41
1 220 2 7 0.67 37
1 90 1 3 0.33 34
1 105 1 -9 0.98 45
1 139 1 -9 0.97 44
2 445 1 7 1.8 49
2 637 1 -9 0.4 34
2 600 1 9 0.78 41
2 700 2 -9 0.58 35
2 1129 1 -9 0.43 36
2 971 2 -9 0.82 40
2 904 1 -9 0.9 42
2 813 2 -9 0.43 35
2 819 2 -9 0.73 40
2 1110 2 -9 0.65 36
2 855 2 -9 0.3 31
1 350 1 7 0.58 37
1 209 2 -9 0.79 41
1 226 2 6 0.77 40
1 333 1 -9 0.82 41
1 93 2 4 1.04 43
1 192 1 -9 0.38 32
1 174 1 -9 0.28 30
2 509 2 -9 1.3 45
2 594 1 -9 0.9 42
2 619 2 2 0.38 32
2 718 2 -9 0.43 32
2 1133 2 -9 0.29 30
2 624 1 2 0.56 38
2 525 1 -9 1.46 46
2 958 2 5 0.53 38
2 658 2 2 0.6 34
2 778 1 -9 0.85 43
2 1226 1 6 0.88 42
2 1227 1 8 0.78 42
2 816 1 2 0.28 29
2 850 1 2 0.18 26
1 234 1 7 0.67 42
1 284 1 -9 0.49 37
1 404 2 -9 0.92 41
1 408 1 -9 0.9 43
1 430 1 -9 0.88 42
1 174 2 -9 0.18 26
1 124 2 -9 0.64 38
2 493 1 8 1.14 45
2 473 1 -9 0.34 30
2 694 1 -9 0.3 31
2 667 2 -9 0.22 28
2 507 1 9 2.12 51
2 524 2 3 1.29 43
2 905 1 -9 0.89 41
2 664 2 -9 0.14 24
2 1090 1 7 0.84 42
2 1020 2 3 0.72 37
2 993 1 -9 0.41 33
2 994 1 3 0.74 40
2 1025 1 -9 0.68 40
2 795 2 -9 0.84 38
2 810 1 5 0.53 37
2 788 1 -9 0.43 36
2 841 2 -9 0.68 36
2 756 1 -9 0.31 30
1 57 2 5 1.03 42
1 225 1 -9 0.78 40
1 239 1 -9 0.57 36
1 312 2 -9 0.64 40
1 388 1 -9 0.77 41
1 76 1 4 0.54 37
1 381 1 -9 0.81 41
2 463 1 -9 0.64 39
2 571 2 -9 0.34 30
2 512 2 9 1.37 50
2 934 2 -9 0.41 33
2 1185 2 -9 0.66 38
2 957 1 4 0.42 35
2 1092 2 -9 0.97 39
2 1231 2 2 0.51 34
2 989 2 -9 0.45 32
2 1105 2 2 0.66 38
2 1108 1 -9 0.95 44
2 762 1 -9 0.3 31
2 850 2 -9 0.21 26
2 808 1 3 0.59 37
2 872 2 5 0.67 38
1 205 2 -9 0.72 38
1 84 2 -9 0.43 32
1 29 2 -9 0.62 36
1 378 1 -9 0.81 43
2 497 2 3 1.53 44
2 456 1 9 1.09 46
2 442 1 9 0.84 40
2 547 1 -9 0.46 33
2 593 1 9 1.34 47
2 618 1 -9 0.72 40
2 952 1 -9 0.28 31
2 996 2 -9 0.74 39
2 1225 1 -9 1.02 46
2 992 1 8 0.61 37
2 1045 2 2 0.34 30
2 446 1 -9 1.7 50
1 354 2 -9 0.52 37
1 265 2 -9 0.34 32
1 245 2 4 0.57 36
1 244 2 -9 0.48 36
1 109 2 4 0.95 41
1 161 2 9 1.06 43
1 419 2 -9 0.78 42
1 421 1 -9 0.95 44
1 52 1 9 0.91 42
2 487 1 -9 0.88 40
2 534 2 2 0.52 35
2 570 2 2 0.4 33
2 501 2 9 1.36 46
2 544 2 -9 0.58 38
2 605 1 8 0.94 43
2 606 1 7 0.8 42
2 561 2 2 0.32 30
2 710 1 -9 0.68 43
2 721 1 5 0.5 36
2 1156 1 8 1.24 46
2 654 1 2 0.65 38
2 904 1 6 1.12 44
2 1006 2 1 0.21 27
2 803 2 -9 0.48 34
2 757 1 2 0.42 33
1 53 1 -9 0.86 41
1 255 2 -9 0.62 37
1 163 1 -9 0.92 42
1 424 1 -9 0.88 41
1 149 2 -9 1.05 41
1 188 1 8 0.58 38
2 458 2 -9 1.84 46
2 516 2 -9 1.73 45
2 538 2 -9 0.46 33
2 698 2 2 0.53 32
2 707 1 -9 0.36 30
2 632 1 -9 0.2 38
2 1144 1 -9 0.49 36
2 777 1 -9 0.98 44
2 979 1 -9 0.37 31
2 987 2 -9 0.88 41
2 812 1 -9 0.57 38
1 207 2 -9 0.82 39
1 215 2 -9 0.78 41
1 269 1 4 0.42 34
1 341 1 -9 1 42
1 133 1 -9 0.56 36
2 459 1 -9 1.16 44
2 469 1 4 0.69 36
2 520 2 8 0.68 39
2 521 1 -9 0.62 38
2 449 1 -9 0.9 40
2 610 1 -9 0.94 42
2 505 2 3 1.7 46
2 703 1 -9 0.64 39
2 712 2 -9 0.58 35
2 1175 2 -9 0.63 38
2 1218 2 2 0.38 32
2 1177 2 -9 0.91 40
2 940 1 4 0.41 35
2 651 1 9 0.77 41
2 1011 2 7 0.79 40
2 1021 1 -9 0.48 38
1 261 2 2 0.17 27
1 70 1 6 0.74 43
1 72 2 -9 0.67 38
1 24 1 -9 0.49 38
1 100 2 5 0.83 40
1 160 1 -9 0.7 37
1 411 1 -9 0.98 44
2 515 1 9 1.25 47
2 588 2 3 0.52 34
2 911 1 7 0.63 37
2 1152 2 -9 0.46 35
2 1194 2 -9 0.29 28
2 1217 2 6 0.71 38
2 781 1 -9 0.68 40
2 1025 2 -9 0.76 40
2 754 2 1 0.24 28
2 797 2 3 0.97 40
2 874 1 8 0.54 37
2 885 2 -9 0.26 29
1 246 2 -9 0.54 34
1 311 1 -9 0.44 34
1 87 2 -9 0.65 40
1 327 2 5 1.04 41
1 439 1 9 1.86 49
2 520 2 -9 1.01 42
2 449 2 -9 1.18 43
2 450 2 2 1.12 43
2 453 1 -9 1.8 51
2 668 2 -9 0.67 37
2 592 2 2 0.58 36
2 616 2 2 0.66 36
2 621 1 2 0.34 30
2 1237 2 -9 0.73 38
2 1083 1 -9 0.96 43
2 752 1 2 0.29 30
1 60 1 -9 0.57 38
1 204 1 -9 0.67 39
1 239 2 3 0.51 35
1 297 2 9 0.61 39
1 268 1 -9 0.15 27
1 402 1 -9 0.84 43
1 198 1 5 0.54 37
1 199 2 -9 0.6 35
1 28 2 -9 0.72 37
1 47 2 10 0.94 42
1 50 2 7 0.5 37
2 516 2 -9 2.13 49
2 499 1 9 1.46 48
2 674 1 1 0.17 25
2 531 2 4 0.72 36
2 749 1 8 0.59 38
2 712 2 3 0.56 35
2 1153 1 5 0.48 34
2 1013 1 4 0.42 35
2 1051 1 2 0.35 32
2 673 1 -9 0.34 32
1 201 1 -9 0.84 41
1 288 1 4 0.59 38
1 309 1 -9 0.5 34
1 98 1 -9 0.95 42
1 114 1 -9 0.85 41
1 292 1 -9 0.58 38
1 132 1 2 0.19 26
1 137 2 -9 0.48 34
2 551 1 -9 0.68 44
2 580 1 2 0.32 29
2 631 2 -9 0.44 32
2 1140 1 -9 0.2 26
2 732 1 2 0.59 35
2 1174 2 -9 0.79 40
2 841 1 2 0.43 33
2 881 1 3 0.43 34
2 801 1 3 0.51 36
2 896 1 -9 0.31 30
1 4 2 10 1.57 47
1 67 2 3 0.49 34
1 193 1 -9 0.34 32
1 162 2 -9 1.02 40
1 171 1 -9 0.8 40
1 49 2 7 0.79 40
1 396 2 -9 0.64 40
2 638 2 4 0.66 38
2 626 2 1 0.24 28
2 736 2 6 0.88 41
2 1199 2 8 0.76 39
2 1212 2 -9 0.54 33
2 919 2 -9 0.5 33
2 1171 2 -9 0.73 39
2 1227 2 -9 1.05 41
2 1026 2 -9 0.39 32
2 794 2 -9 0.64 36
2 1046 1 -9 0.25 28
2 1032 2 4 0.33 32
2 1075 1 -9 0.86 43
2 470 1 -9 0.58 35
1 372 2 5 1.11 44
1 390 1 -9 0.8 40
1 143 1 -9 0.62 37
2 522 1 11 0.75 42
2 682 1 2 0.66 38
2 595 1 7 1.2 47
2 642 1 -9 0.57 36
2 697 2 -9 0.86 39
2 957 2 -9 0.28 30
2 990 1 9 0.57 37
2 1029 2 -9 0.88 40
2 847 2 4 0.56 34
