2 1039 2 -9 0.68 38
2 961 1 -9 0.54 36
3 320 1 -9 1.62 47
3 310 2 -9 1.12 42
2 1182 2 6 0.72 39
2 1205 1 -9 0.44 34
3 468 2 -9 1.45 46
3 490 2 -9 1.58 46
1 259 2 -9 0.62 38
1 176 1 -9 0.42 35
2 1120 2 -9 0.52 37
3 276 1 -9 1.21 44
3 277 2 -9 1.13 43
2 1127 1 -9 0.52 39
2 1107 1 2 0.28 30
2 379 1 -9 0.58 36
2 790 1 6 0.54 38
2 780 1 -9 0.42 35
2 608 1 -9 0.43 36
2 669 2 3 0.52 34
2 817 1 -9 0.4 34
2 660 1 -9 0.48 36
2 543 1 2 0.5 36
1 106 2 -9 0.4 33
1 122 2 -9 0.52 39
1 121 1 -9 0.29 28
1 133 2 -9 0.54 36
2 335 2 2 0.6 36
2 1082 1 -9 0.56 37
2 1044 2 -9 0.64 36
2 1087 1 -9 0.47 34
2 1088 2 -9 0.55 35
2 837 2 4 0.8 38
2 1035 1 5 0.63 38
2 900 1 -9 0.55 37
2 1008 2 -9 0.42 32
2 1178 1 5 0.5 34
2 429 2 -9 0.85 38
3 491 1 -9 1.26 44
3 313 1 -9 1.3 45
1 256 2 4 0.48 36
1 81 1 -9 0.5 36
1 70 2 -9 0.52 36
1 145 1 -9 0.54 37
1 223 1 -9 0.42 34
2 304 2 5 1 39
2 301 2 5 1.05 40
2 1153 1 5 0.68 40
2 753 2 -9 0.64 37
2 778 2 5 0.57 34
2 756 1 -9 0.51 35
2 803 2 -9 0.5 35
2 669 2 -9 0.52 35
2 655 2 -9 0.51 34
2 553 2 -9 0.54 35
2 580 1 -9 0.5 35
2 592 1 3 0.46 34
2 592 1 -9 0.5 35
1 119 1 5 0.46 35
1 113 1 5 0.51 36
2 1075 2 -9 0.55 36
2 1099 2 -9 0.73 39
2 994 1 -9 0.44 35
2 824 2 -9 0.45 33
2 921 1 -9 0.54 36
2 1006 2 -9 0.52 35
2 875 1 3 0.39 33
2 884 1 4 0.45 36
2 897 2 4 0.65 37
1 274 1 -9 1.1 43
2 1159 2 -9 0.65 36
2 1158 2 -9 0.68 36
2 454 2 -9 0.55 34
3 486 2 -9 1.4 44
2 442 2 -9 0.6 37
2 426 2 -9 0.5 35
2 441 1 -9 0.45 32
1 100 2 -9 0.58 36
1 251 2 6 0.54 37
1 237 1 4 0.42 36
1 240 1 -9 0.48 38
1 158 2 3 0.32 33
1 202 1 -9 0.34 31
1 194 2 -9 0.5 35
2 1116 2 -9 0.7 39
2 1112 2 3 0.6 38
2 1123 1 -9 0.56 37
2 380 2 -9 0.8 38
2 713 1 -9 0.5 35
2 692 2 -9 0.55 35
2 679 1 -9 0.51 36
2 569 1 3 0.5 37
2 545 2 -9 0.7 39
2 508 2 -9 0.6 36
2 595 2 3 0.38 34
2 561 1 -9 0.54 39
1 112 2 -9 0.58 34
2 357 1 4 0.42 36
1 130 1 5 0.42 34
2 356 1 5 0.56 37
2 344 2 -9 0.76 38
2 1045 2 2 0.46 34
2 1103 1 5 0.5 37
2 1046 1 -9 0.5 35
2 1104 1 -9 0.4 33
2 1098 1 6 0.46 38
1 38 2 -9 0.48 35
1 43 1 -9 0.33 32
2 1028 2 3 0.56 35
2 937 2 -9 0.6 36
2 856 2 -9 0.8 39
2 986 2 4 0.33 33
3 318 2 -9 1.4 42
1 62 1 -9 0.42 34
1 257 2 6 0.52 36
1 260 1 -9 0.3 34
1 67 2 -9 0.24 32
1 172 2 -9 0.48 35
1 298 1 -9 1.25 45
2 307 1 5 1.2 42
2 302 2 5 0.75 37
2 1149 2 -9 0.5 35
2 323 2 5 0.8 40
2 772 2 -9 0.27 29
2 752 2 5 0.68 37
2 766 1 -9 0.58 37
2 727 2 -9 0.58 35
2 620 1 -9 0.44 35
2 769 2 -9 0.38 31
2 756 1 -9 0.59 37
2 394 2 -9 0.25 29
2 795 2 -9 0.7 36
2 788 1 -9 0.5 34
2 571 1 -9 0.44 33
2 551 1 -9 0.28 28
2 555 1 4 0.6 37
1 130 2 -9 0.58 34
2 1045 1 -9 0.6 38
1 23 2 -9 0.46 34
1 28 2 -9 0.62 37
1 14 1 5 0.41 33
1 52 2 -9 0.4 35
2 895 1 -9 0.6 38
2 948 2 -9 0.55 35
2 1030 1 -9 0.44 35
2 889 2 -9 0.58 35
2 1006 2 -9 0.53 35
2 893 1 -9 0.49 36
2 901 1 -9 0.51 36
2 1155 2 6 0.86 40
3 468 1 -9 1.25 45
2 444 2 -9 0.7 36
3 474 2 -9 1.15 45
1 80 1 -9 0.44 35
1 248 1 -9 0.72 40
1 97 2 -9 0.2 29
1 75 1 -9 0.44 34
1 254 2 -9 0.6 40
1 151 2 -9 0.36 31
2 305 2 4 0.8 38
2 1147 1 -9 0.55 34
2 324 2 6 1.02 43
2 734 1 3 0.46 35
2 597 2 5 0.76 39
2 821 1 2 0.54 35
2 729 1 -9 0.45 35
2 397 1 -9 0.6 39
2 760 2 -9 0.6 36
2 608 1 -9 0.36 29
2 612 1 -9 0.41 34
2 783 2 5 0.56 35
2 686 1 3 0.5 35
2 573 1 -9 0.42 34
2 355 2 -9 0.68 35
2 350 1 -9 0.46 35
2 358 1 3 0.42 34
1 10 1 -9 1 43
2 1050 2 3 0.69 38
2 1091 2 4 0.54 36
1 19 2 -9 0.54 34
1 54 2 6 0.5 37
1 46 2 3 0.36 32
2 826 2 -9 0.57 35
2 974 2 -9 0.5 35
2 887 1 -9 0.35 34
2 862 2 -9 0.59 35
2 933 1 3 0.4 33
2 987 1 -9 0.69 38
1 268 2 -9 0.47 36
3 321 2 -9 1.3 45
2 1193 1 -9 0.44 34
2 1191 1 -9 0.42 34
3 498 1 -9 1.3 46
3 497 1 -9 1.16 44
1 259 2 -9 0.46 35
1 238 2 6 0.64 39
1 233 2 3 0.36 33
1 160 1 -9 0.38 33
1 173 1 -9 0.4 33
2 391 2 4 0.65 38
2 386 2 -9 0.95 39
2 615 1 3 0.43 32
2 655 2 3 0.62 36
2 577 1 -9 0.46 34
1 107 1 5 0.5 34
1 117 2 -9 0.68 40
1 113 1 -9 0.44 35
1 137 2 -9 0.48 34
2 336 2 4 0.68 38
2 1047 2 3 0.51 34
2 1042 2 5 0.66 39
2 1063 2 -9 0.66 36
1 28 1 -9 0.42 34
1 48 1 -9 0.48 34
2 895 2 5 0.74 39
2 998 1 4 0.52 36
2 1018 2 3 0.48 34
2 983 2 -9 0.54 36
2 866 1 -9 0.46 35
2 985 2 5 0.54 36
2 881 2 -9 0.55 36
2 1161 2 -9 0.64 37
2 1160 2 -9 0.58 33
2 1185 1 -9 0.43 34
2 453 1 3 0.51 35
1 65 1 -9 0.42 34
1 96 1 -9 0.42 34
1 231 2 -9 0.32 32
1 220 2 -9 0.55 35
1 213 2 -9 0.22 29
2 1122 1 -9 0.42 35
2 1146 1 4 0.48 37
2 1150 1 3 0.45 33
2 1151 2 -9 0.54 35
2 598 2 4 0.89 40
3 290 1 -9 1.24 46
2 740 1 -9 0.38 33
2 733 1 5 0.42 34
2 402 1 3 0.35 32
2 669 1 -9 0.38 33
2 814 2 -9 0.56 35
2 801 2 -9 0.8 39
2 652 1 -9 0.48 35
2 645 2 5 0.66 37
2 558 2 5 0.7 38
2 570 1 -9 0.42 33
2 578 1 -9 0.4 33
2 344 1 -9 0.58 36
2 1058 2 -9 0.6 34
2 1072 2 3 0.5 35
2 1087 1 4 0.47 35
1 40 1 -9 0.58 35
2 1023 1 5 0.36 35
2 874 1 -9 0.48 36
2 978 2 3 0.56 34
3 310 2 -9 1.1 42
2 1174 2 -9 0.46 36
2 426 2 -9 0.55 36
1 79 1 5 0.4 35
1 239 1 -9 0.36 33
1 167 1 -9 0.38 34
1 195 2 -9 0.48 34
2 1120 1 -9 0.4 35
2 632 1 -9 0.54 37
2 763 1 -9 0.4 33
2 709 2 -9 0.76 37
2 701 2 -9 0.83 36
2 404 2 -9 0.5 35
2 418 2 -9 0.55 35
2 417 1 -9 0.4 33
2 818 1 -9 0.49 35
2 683 1 -9 0.41 34
2 792 1 5 0.51 35
2 656 1 -9 0.46 33
2 642 2 -9 0.67 37
2 548 1 -9 0.6 35
2 552 2 -9 0.48 33
2 566 1 -9 0.44 32
2 584 2 4 0.34 32
2 517 2 -9 0.58 34
1 266 1 -9 1 42
1 139 2 -9 0.3 29
2 355 1 -9 0.42 34
2 1043 2 -9 0.62 36
2 1067 1 -9 0.5 36
1 47 2 6 0.52 36
1 49 1 -9 0.36 35
1 25 2 -9 0.62 36
2 837 1 -9 0.49 34
2 832 1 5 0.47 36
2 999 1 -9 0.41 35
2 878 2 -9 0.64 39
2 1014 1 -9 0.36 33
2 1174 2 -9 0.92 40
2 1188 1 3 0.42 34
1 250 2 -9 0.44 35
1 95 2 -9 0.62 38
1 69 2 6 0.7 40
2 1121 1 -9 0.4 33
2 1114 2 3 0.46 34
3 325 2 -9 1.02 41
3 292 2 -9 1.18 43
3 292 1 -9 1.39 45
2 747 1 -9 0.56 36
2 611 2 -9 0.46 34
2 677 2 -9 0.67 38
2 414 2 -9 0.4 32
2 672 2 -9 0.54 35
2 658 1 -9 0.45 35
2 678 2 -9 0.4 33
2 782 1 -9 0.41 33
2 642 2 6 0.76 39
2 526 2 -9 0.6 36
2 592 2 5 0.78 37
1 135 2 5 0.52 34
1 140 2 3 0.4 30
2 1059 1 -9 0.7 40
2 1090 1 -9 0.42 34
1 50 1 -9 0.5 37
2 840 2 3 0.6 36
2 923 2 -9 0.7 38
2 967 2 3 0.75 37
2 966 2 -9 0.59 35
2 1009 1 -9 0.44 33
2 942 2 -9 0.56 35
2 1024 2 -9 0.57 36
2 1025 2 -9 0.57 35
2 846 1 -9 0.48 36
2 1031 1 -9 0.39 34
2 844 1 -9 0.41 34
2 859 2 -9 0.43 33
2 869 2 -9 0.7 38
2 884 1 -9 0.44 36
3 481 2 -9 1.42 47
2 446 1 -9 0.5 36
1 280 1 -9 1.03 45
1 80 1 -9 0.46 35
1 83 2 -9 0.58 38
1 170 2 6 0.48 35
1 179 1 -9 0.54 35
1 203 2 -9 0.48 34
2 322 1 5 0.76 39
2 1124 2 -9 0.56 36
2 389 2 -9 0.7 36
3 294 2 -9 1.16 45
2 711 2 -9 0.65 35
2 624 1 3 0.36 32
2 694 1 -9 0.46 34
2 697 2 -9 0.6 36
2 778 2 3 0.57 34
2 394 1 -9 0.4 34
2 633 2 -9 0.62 36
2 637 2 -9 0.66 37
2 653 2 -9 0.39 32
2 639 2 -9 0.6 36
2 537 2 5 0.67 37
2 562 2 7 0.7 40
2 511 1 -9 0.5 35
1 127 1 -9 0.42 37
1 136 2 -9 0.5 35
1 10 2 -9 1.3 42
2 1082 2 -9 0.46 34
1 43 2 -9 0.37 34
2 905 1 -9 0.75 40
2 834 2 -9 0.74 39
2 977 1 -9 0.49 36
2 940 2 -9 0.49 34
2 860 1 4 0.55 37
2 867 1 3 0.45 33
2 933 2 3 0.36 31
2 925 1 -9 0.32 32
2 852 1 -9 0.51 37
2 1171 2 -9 0.58 35
2 1192 2 -9 0.69 38
3 480 1 -9 1.3 43
2 449 1 -9 0.6 38
1 263 1 -9 0.34 35
1 243 1 -9 0.48 37
1 224 2 -9 0.4 32
2 324 2 4 1 40
2 326 2 -9 1.46 45
2 1129 2 -9 0.5 36
2 381 1 3 0.5 35
2 689 2 3 0.73 38
2 408 1 -9 0.4 33
2 401 1 -9 0.45 35
2 779 1 -9 0.33 31
2 750 2 -9 0.63 36
2 405 1 -9 0.4 35
2 678 1 2 0.41 34
2 640 2 -9 0.75 38
2 574 2 -9 0.52 34
2 587 2 -9 0.52 36
1 126 1 -9 0.42 32
2 355 1 -9 0.24 29
2 356 2 -9 0.66 39
2 349 2 5 0.8 40
1 29 1 -9 0.36 34
1 33 2 -9 0.52 34
1 36 2 -9 0.4 36
2 825 2 -9 0.4 33
2 992 2 -9 0.54 36
2 919 2 -9 0.62 37
2 1032 1 -9 0.41 35
2 1168 1 -9 0.52 37
3 472 2 -9 0.84 41
3 504 2 -9 1.45 45
2 444 1 -9 0.65 37
1 260 1 4 0.46 36
1 240 1 -9 0.4 35
1 147 2 -9 0.24 28
1 214 2 -9 0.46 32
1 187 1 -9 0.5 35
2 301 2 5 1 40
2 303 1 6 1.15 46
2 1138 2 -9 0.56 36
2 1142 2 5 0.69 37
2 1131 2 -9 0.38 34
2 388 2 -9 0.65 35
2 731 2 -9 0.45 33
1 281 2 -9 1.04 43
2 419 2 -9 0.6 35
2 395 1 -9 0.55 37
2 646 2 -9 0.24 27
2 685 1 -9 0.41 35
2 564 1 -9 0.44 34
2 586 2 -9 0.46 35
2 512 1 -9 0.52 35
1 111 1 -9 0.46 34
1 120 2 -9 0.53 35
2 372 2 -9 0.6 36
1 11 2 -9 1.2 45
2 1066 2 -9 0.78 37
2 1089 2 -9 0.57 36
1 19 2 -9 0.45 33
1 22 2 -9 0.56 35
2 977 1 -9 0.46 35
2 863 2 -9 0.62 36
2 891 1 -9 0.42 34
3 309 1 -9 1.32 47
2 1178 2 -9 0.94 40
2 459 1 -9 0.55 37
1 65 2 -9 0.4 34
1 76 1 -9 0.34 32
1 256 1 -9 0.32 33
1 246 1 4 0.32 34
1 204 1 9 0.68 43
2 1126 1 -9 0.56 36
2 1128 2 -9 0.55 34
2 1124 2 -9 0.72 37
2 689 2 4 0.78 39
2 405 2 -9 0.45 36
2 708 2 -9 0.6 36
3 311 2 -9 1.35 45
2 771 2 -9 0.62 35
1 136 2 -9 0.5 35
2 369 1 -9 0.44 34
1 104 1 -9 1.3 44
2 1102 1 -9 0.47 36
1 21 2 -9 0.36 36
2 989 1 -9 0.75 41
2 918 2 -9 0.74 39
2 1030 1 -9 0.41 35
2 1023 1 -9 0.37 32
2 941 1 -9 0.34 33
2 433 1 -9 0.6 36
3 473 2 -9 1.08 41
2 452 1 -9 0.45 34
2 447 2 -9 0.7 36
3 479 2 -9 1.08 44
1 254 1 -9 0.54 38
1 251 2 -9 0.5 35
1 252 2 5 0.4 33
1 214 1 -9 0.36 29
1 184 1 -9 0.62 37
2 1141 2 -9 0.7 38
2 790 1 -9 0.4 33
2 808 2 3 0.66 36
2 623 2 4 0.75 38
2 727 1 -9 0.58 38
2 638 1 5 0.51 36
2 601 1 -9 0.42 33
2 630 2 -9 0.7 38
2 784 2 -9 0.52 35
2 630 1 4 0.47 34
2 526 1 -9 0.62 37
2 582 1 -9 0.44 35
1 110 2 -9 0.59 38
1 128 1 -9 0.42 34
1 141 1 -9 0.33 32
2 375 2 3 0.88 42
2 340 2 -9 0.52 36
1 39 2 5 0.52 35
2 837 2 -9 0.58 36
2 992 2 -9 0.16 25
2 880 2 -9 0.56 36
2 1004 1 -9 0.41 33
2 952 1 5 0.47 36
2 957 1 -9 0.45 34
2 850 1 3 0.44 34
2 1156 1 5 0.67 36
2 428 2 3 0.63 35
2 440 1 -9 0.43 35
1 57 1 -9 0.38 34
1 251 1 -9 0.42 35
1 181 1 -9 0.38 33
1 191 2 6 0.48 37
2 599 2 2 0.76 40
2 624 1 -9 0.34 32
2 647 1 -9 0.25 29
2 786 2 -9 0.56 36
2 651 1 4 0.51 36
2 674 2 -9 0.54 36
2 797 2 3 0.59 35
2 621 1 3 0.38 33
2 604 2 -9 0.98 41
2 518 2 1 0.26 27
1 109 2 5 0.8 38
1 119 2 -9 0.43 35
2 357 1 -9 0.56 39
2 337 2 -9 1.6 35
2 1068 1 -9 0.5 35
2 1091 2 -9 0.56 35
2 1074 2 -9 0.63 37
2 1098 2 -9 0.58 35
1 51 1 -9 0.56 39
1 52 1 -9 0.48 35
2 972 2 -9 0.49 33
2 833 2 -9 0.83 40
2 980 1 -9 0.41 33
2 963 1 -9 0.44 35
2 845 2 -9 0.59 36
2 899 2 -9 0.5 35
2 848 1 -9 0.5 35
2 1155 1 3 0.72 37
2 1197 2 -9 0.58 37
2 1192 2 -9 0.56 36
2 452 2 3 0.6 36
3 481 2 -9 1.02 42
1 280 2 -9 1.18 43
1 94 1 -9 0.42 34
1 238 1 -9 0.54 40
1 242 1 -9 0.32 36
1 157 2 -9 0.54 36
1 143 1 -9 0.48 36
1 176 2 -9 0.44 33
1 189 1 -9 0.44 34
1 194 2 -9 0.61 38
2 1121 1 4 0.5 36
2 773 2 -9 0.2 26
2 766 1 -9 0.79 40
2 404 2 1 0.15 27
2 414 1 -9 0.55 35
2 396 2 -9 0.22 27
2 544 1 -9 0.66 40
2 341 1 -9 0.62 37
2 346 2 -9 0.76 38
2 1050 2 5 0.81 38
2 1069 1 -9 0.4 33
1 29 2 4 0.6 35
1 28 2 4 0.46 36
2 931 1 -9 0.43 33
2 956 1 -9 0.47 34
2 968 1 -9 0.52 35
3 317 1 -9 1.28 45
2 1165 1 -9 0.6 38
2 1188 2 -9 0.66 37
2 1200 2 4 0.66 36
2 1191 2 -9 0.4 32
1 87 1 3 0.44 34
1 237 1 -9 0.36 32
1 297 1 -9 1.2 43
2 1145 2 -9 0.66 37
2 324 2 5 1.14 42
2 1129 1 -9 0.6 37
2 1153 1 5 0.75 41
2 729 2 4 0.58 37
2 598 2 -9 0.68 37
2 405 2 -9 0.55 35
2 712 2 -9 0.49 34
2 744 2 -9 0.58 36
2 717 2 2 0.56 33
2 721 1 -9 0.36 35
2 627 1 5 0.49 38
2 682 1 -9 0.41 36
2 613 2 -9 0.65 36
2 789 2 -9 0.6 35
2 629 1 -9 0.56 38
2 643 2 -9 0.68 36
2 562 2 -9 0.54 35
2 533 2 -9 0.76 39
1 8 1 -9 0.7 37
2 1083 1 5 0.44 37
2 1064 2 3 0.6 35
2 1069 2 6 0.72 39
2 1092 1 -9 0.36 34
1 32 2 -9 0.42 37
2 991 2 -9 0.67 38
2 980 2 -9 0.69 38
2 974 2 -9 0.51 35
2 1012 2 -9 0.53 35
2 846 1 3 0.4 33
2 952 2 -9 0.52 35
2 858 2 -9 0.48 34
2 1015 2 -9 0.54 36
2 915 2 -9 0.72 37
2 1189 2 -9 0.42 33
2 455 2 -9 0.5 35
3 314 1 -9 1.06 41
1 85 2 -9 0.52 35
1 233 1 -9 0.5 39
1 239 2 -9 0.5 35
1 144 2 4 0.52 35
1 208 2 -9 0.49 35
1 185 2 -9 0.5 36
2 301 2 5 1 41
2 1147 1 -9 0.45 35
2 1133 2 3 0.62 36
2 1128 2 -9 0.8 40
2 1119 1 -9 0.42 35
2 1107 2 3 0.64 35
2 393 1 -9 0.35 32
3 289 2 -9 1.16 43
2 762 1 -9 0.47 34
2 579 2 3 0.42 31
2 552 2 -9 0.52 34
1 129 1 -9 0.37 35
1 115 2 -9 0.52 32
2 362 1 3 0.38 32
2 342 2 -9 0.88 40
2 1084 1 -9 0.39 34
1 47 2 6 0.58 39
1 45 2 -9 0.48 36
1 25 1 -9 0.46 31
2 842 2 4 0.65 36
2 967 2 -9 0.57 36
2 945 2 4 0.62 36
2 1029 2 -9 0.69 38
2 1020 1 -9 0.22 28
3 317 2 -9 1.62 47
2 1165 2 6 0.67 37
3 471 2 -9 1.38 46
2 461 2 -9 0.5 35
3 493 2 -9 1 43
2 436 2 -9 0.6 36
3 495 1 -9 1.4 45
1 250 2 -9 0.5 34
1 99 2 -9 0.4 34
1 238 1 -9 0.54 37
1 158 2 -9 0.52 36
1 217 2 -9 0.42 34
1 210 1 4 0.78 34
2 1134 2 -9 0.58 36
2 1107 2 5 0.58 37
2 386 1 3 0.6 34
2 742 1 -9 0.49 35
2 748 1 5 0.78 38
2 726 1 3 0.5 35
2 419 2 3 0.4 32
3 333 2 -9 1.4 45
2 579 2 -9 0.4 30
2 581 2 1 0.28 28
2 524 2 -9 0.6 33
2 510 1 -9 0.58 36
1 124 1 -9 0.42 33
1 132 2 -9 0.38 32
2 1057 2 -9 0.44 33
2 1073 2 -9 0.62 37
2 1101 2 -9 0.32 31
1 27 2 -9 0.47 34
2 970 1 -9 0.49 36
2 984 2 5 0.54 36
2 863 1 4 0.46 36
2 874 1 3 0.46 35
2 855 2 -9 0.67 38
2 856 1 -9 0.44 34
2 955 1 -9 0.51 36
2 876 2 3 0.67 36
2 925 1 -9 0.47 35
2 1162 2 -9 0.66 38
2 1184 1 -9 0.48 34
2 1160 2 4 0.68 36
2 1200 2 -9 0.56 34
2 447 1 -9 0.35 30
3 479 2 -9 1.06 40
3 480 2 -9 1.18 43
3 489 1 -9 1.64 47
1 98 1 -9 0.42 34
1 58 1 5 0.48 35
1 94 2 3 0.4 32
1 244 2 -9 0.34 32
1 143 1 -9 0.44 34
1 153 2 -9 0.5 34
1 215 2 -9 0.44 33
1 298 1 -9 1.15 45
2 1114 2 -9 0.72 39
2 1141 2 -9 0.56 36
2 1118 1 -9 0.46 36
2 315 2 6 1.05 41
2 770 1 -9 0.26 29
2 755 1 -9 0.52 35
2 723 2 -9 0.48 33
2 418 2 -9 0.4 31
2 415 2 -9 0.6 35
2 410 1 -9 0.5 36
2 406 2 -9 0.5 33
2 629 1 -9 0.58 37
2 550 2 -9 0.46 34
2 533 2 -9 0.66 36
2 585 1 -9 0.5 37
2 589 2 -9 0.62 38
1 5 2 -9 1.36 44
1 134 2 5 0.54 36
2 334 2 3 0.76 37
2 1054 2 -9 0.74 37
1 50 2 -9 0.54 34
2 999 2 -9 0.68 37
2 974 2 -9 0.58 37
2 1001 1 -9 0.38 33
2 1004 1 5 0.55 37
2 941 1 3 0.38 34
2 962 1 -9 0.39 34
2 962 1 -9 0.49 36
2 890 2 -9 0.43 34
2 902 1 3 0.35 32
2 968 2 6 0.61 37
2 947 2 -9 0.52 36
2 1190 1 -9 0.35 32
2 429 2 -9 0.65 37
3 498 2 -9 1.34 44
2 329 1 -9 1.05 41
1 98 2 1 0.06 19
1 91 2 -9 0.54 36
1 245 1 -9 0.42 34
3 275 1 -9 1.37 48
2 393 1 -9 0.5 35
2 705 1 -9 0.6 36
2 710 2 -9 0.58 35
2 633 1 -9 0.52 35
2 396 1 4 0.45 36
2 651 2 -9 0.49 35
2 680 1 3 0.43 35
2 679 1 -9 0.46 35
2 799 1 4 0.6 37
2 618 2 -9 0.65 37
2 678 1 -9 0.38 34
2 506 1 -9 0.46 36
2 549 1 -9 0.46 37
2 369 1 3 0.46 35
1 48 1 -9 0.4 32
1 21 1 -9 0.25 29
2 922 1 -9 0.53 37
2 923 2 -9 0.52 36
2 853 1 -9 0.51 35
2 906 2 -9 0.59 38
3 318 1 -9 1 42
3 332 2 -9 1.29 43
2 1178 2 -9 0.66 37
2 1174 1 -9 0.8 41
2 1167 1 -9 0.44 34
2 1196 2 -9 0.39 33
3 475 2 -9 1.11 43
1 76 1 5 0.44 35
1 243 1 5 0.42 35
1 145 2 -9 0.5 34
1 147 2 -9 0.4 33
1 143 1 -9 4.8 35
1 218 1 5 0.48 35
1 219 2 -9 0.58 36
1 198 2 -9 0.68 39
1 280 1 -9 1.38 48
2 1124 1 -9 0.56 36
2 386 2 -9 0.59 34
2 1108 1 -9 0.71 38
2 759 1 -9 0.48 36
2 776 1 -9 0.44 34
2 602 1 -9 0.43 34
2 755 1 -9 0.45 32
2 401 1 2 0.35 32
2 415 1 3 0.47 34
2 674 2 4 0.6 37
2 661 2 -9 0.5 35
2 816 2 -9 0.52 34
2 679 1 -9 0.51 37
2 591 2 -9 0.68 37
1 135 2 5 0.44 33
2 366 2 -9 0.64 37
2 345 2 -9 0.91 38
2 336 2 3 0.76 37
2 335 2 5 0.5 36
2 951 2 -9 0.76 38
2 1004 1 -9 0.35 32
2 977 1 -9 0.44 34
2 944 2 -9 0.64 37
2 888 1 -9 0.33 32
2 963 2 -9 0.72 37
2 957 2 4 0.65 37
2 902 1 -9 0.62 39
2 954 1 3 0.48 35
3 331 2 -9 1.37 44
2 1177 1 -9 0.51 35
2 1180 1 4 0.59 37
2 1168 2 -9 0.58 34
2 1196 2 -9 0.62 37
2 422 2 3 0.7 37
2 453 1 -9 0.47 34
2 461 2 -9 0.5 35
2 458 2 -9 0.65 36
3 497 1 -9 1.02 41
1 165 2 6 0.52 35
1 162 2 4 0.42 34
1 180 1 5 0.44 32
1 194 1 5 0.48 36
2 306 1 4 1 40
2 1138 1 -9 0.54 37
2 1109 2 -9 0.7 39
2 677 2 -9 0.47 34
2 779 2 -9 0.63 36
2 719 1 -9 0.24 27
2 608 1 -9 0.43 35
2 635 2 -9 0.54 34
2 636 1 -9 0.61 39
2 579 1 -9 0.38 35
2 526 1 -9 0.46 34
2 573 2 -9 0.46 37
1 3 2 -9 1.52 45
1 118 2 -9 0.5 35
1 134 2 -9 0.58 36
1 4 2 -9 1.41 45
2 363 1 -9 0.48 36
2 1083 2 -9 0.56 35
2 1065 2 -9 0.68 37
2 1099 2 -9 0.64 38
1 50 1 -9 0.4 32
2 838 2 -9 0.69 38
2 831 2 -9 0.64 37
2 927 2 -9 0.52 35
2 862 2 -9 0.72 38
2 854 1 4 0.4 34
2 857 1 -9 0.42 33
2 855 2 -9 0.62 37
2 986 2 -9 0.58 34
3 319 1 -9 1.46 47
2 1168 1 -9 0.48 37
2 1202 2 -9 0.56 34
2 1194 2 -9 0.61 36
2 432 1 -9 0.65 39
2 455 2 -9 0.59 34
1 97 1 -9 0.34 33
1 68 2 -9 0.52 35
1 69 2 -9 0.52 39
1 196 1 -9 0.58 39
2 305 1 7 1.1 45
2 1148 2 4 0.46 35
2 1153 1 3 0.6 36
2 391 1 -9 0.63 39
2 421 1 -9 0.7 39
3 290 1 -9 1.08 46
2 667 2 -9 0.54 36
2 761 2 -9 0.73 39
2 813 1 -9 0.54 35
2 636 1 4 0.55 36
2 649 1 -9 0.4 33
2 616 1 -9 0.41 34
2 792 1 -9 0.44 35
2 686 1 -9 0.45 34
2 556 1 -9 0.46 36
2 375 1 3 0.64 38
2 1042 2 -9 0.6 35
2 1062 2 5 0.58 36
1 46 2 -9 0.52 37
2 836 2 -9 0.69 37
2 904 2 -9 0.57 35
2 1039 1 -9 0.59 37
2 1001 1 -9 0.34 33
2 973 2 -9 0.61 37
2 893 1 -9 0.54 35
2 850 2 -9 0.62 36
3 332 2 -9 1.39 43
1 249 2 -9 0.66 38
1 97 2 5 0.42 35
1 64 2 -9 0.64 38
1 58 1 -9 0.38 33
1 241 1 -9 0.42 36
1 152 1 -9 0.42 35
1 155 1 -9 0.4 31
2 1121 2 -9 0.55 35
2 1151 1 -9 0.5 34
2 1139 1 3 0.4 33
2 687 2 4 0.69 39
2 709 2 -9 0.7 36
2 693 2 -9 0.68 37
2 392 2 -9 0.24 29
2 711 2 -9 0.45 32
2 663 2 -9 0.57 35
2 655 2 4 0.53 35
2 535 2 -9 0.56 35
2 591 2 -9 0.78 38
1 266 1 -9 0.9 40
2 344 1 -9 0.46 33
1 13 1 -9 0.38 32
1 33 1 -9 0.59 37
2 1037 1 5 0.63 40
2 995 2 4 0.69 38
2 948 2 -9 0.63 36
2 891 2 -9 0.52 37
2 1199 2 -9 0.68 38
2 450 1 -9 0.45 33
3 503 2 -9 1.32 45
1 87 1 -9 0.46 32
2 326 2 -9 0.98 44
2 420 2 3 0.7 38
2 316 1 8 0.79 43
2 749 1 -9 0.62 36
2 408 2 -9 0.55 36
2 597 2 3 0.69 37
2 404 2 -9 0.65 38
2 416 2 3 0.45 33
2 410 2 -9 0.7 37
2 722 1 -9 0.46 33
2 622 2 5 0.54 34
2 653 2 -9 0.74 36
2 536 2 -9 0.58 38
1 106 2 -9 0.6 36
1 140 2 -9 0.52 35
2 370 1 -9 0.46 40
2 1082 2 3 0.62 36
1 13 2 -9 0.4 33
2 996 1 7 0.73 42
2 1038 2 5 0.64 37
2 857 1 -9 0.41 32
2 892 1 -9 0.4 34
2 916 1 -9 0.57 36
2 422 2 2 0.45 33
3 497 1 -9 1.46 46
3 330 1 -9 1.32 47
1 61 2 -9 0.64 40
1 174 2 -9 0.44 35
1 216 2 -9 0.62 37
1 185 1 -9 0.42 35
2 303 1 5 1 43
2 1151 2 -9 0.62 35
3 293 1 -9 1.56 48
2 379 2 6 0.82 40
2 815 2 -9 0.43 33
2 1117 1 -9 0.55 35
2 754 1 -9 0.46 33
2 650 2 -9 0.55 34
2 661 2 3 0.6 36
2 814 2 -9 0.58 38
2 616 2 -9 0.52 34
2 560 1 -9 0.52 36
1 110 1 -9 0.84 43
1 121 1 -9 0.32 32
1 6 1 -9 1.43 49
1 122 1 -9 0.29 30
2 1085 1 -9 0.44 36
2 1101 2 -9 0.7 37
1 43 2 -9 0.53 36
2 972 2 -9 0.58 36
2 928 1 -9 0.48 36
2 866 2 -9 0.58 37
2 869 2 -9 0.57 35
2 955 2 -9 0.74 38
2 901 2 5 0.65 38
2 916 2 -9 0.48 35
3 318 2 -9 0.98 42
2 1206 2 3 0.7 38
2 1202 2 -9 0.34 31
2 1201 2 6 0.54 37
2 423 2 4 0.8 39
2 457 2 -9 0.5 33
2 470 2 -9 1.38 48
3 489 1 -9 1.06 41
3 494 1 -9 1.65 49
2 439 2 -9 0.45 32
1 92 2 -9 0.62 37
1 61 2 -9 0.56 35
1 84 2 -9 0.48 35
1 91 2 -9 0.58 35
1 241 1 4 0.54 38
1 164 2 -9 0.5 36
1 177 2 -9 0.5 34
1 198 1 5 0.48 34
1 296 2 -9 1.4 46
2 1132 2 -9 0.72 39
2 383 1 -9 0.5 35
2 382 1 4 0.6 35
2 781 1 4 0.41 35
2 791 2 -9 0.5 35
2 810 2 3 0.5 33
2 598 2 3 0.9 42
2 765 2 -9 0.6 37
2 405 2 4 0.6 36
2 732 1 -9 0.23 27
2 625 2 5 0.61 37
2 702 2 -9 0.53 33
2 713 1 1 0.3 27
2 628 2 -9 0.55 35
2 621 2 -9 0.58 35
2 548 2 -9 0.72 38
2 539 1 -9 0.72 40
2 581 1 -9 0.4 33
2 507 1 -9 0.56 36
2 1051 2 -9 0.64 36
2 1072 2 -9 0.52 35
1 21 2 -9 0.38 34
2 832 2 -9 0.67 38
2 832 1 -9 0.73 40
2 984 2 -9 0.58 36
2 1025 1 3 0.39 34
2 866 2 -9 0.44 32
2 898 2 -9 0.64 37
2 871 1 -9 0.48 36
2 906 1 -9 0.56 36
3 310 1 -9 1.37 46
1 273 1 -9 1.06 45
2 1172 1 -9 0.48 35
2 1180 2 -9 0.69 37
2 1189 2 -9 0.62 38
3 488 1 -9 1.46 47
3 486 2 -9 1.2 42
3 489 2 -9 1.22 43
2 459 2 -9 0.6 35
1 159 2 -9 0.42 33
1 166 1 -9 0.4 33
1 183 2 -9 0.68 37
2 1122 2 -9 0.62 37
3 277 1 -9 1.22 46
3 291 1 -9 1.52 48
3 288 1 -9 1.08 46
2 729 1 -9 0.45 36
2 708 2 -9 0.5 34
2 417 2 -9 0.65 38
2 676 2 3 0.56 35
2 627 2 -9 0.59 35
2 662 2 -9 0.41 32
3 312 1 -9 1.25 44
2 629 1 -9 0.47 34
2 542 1 -9 0.54 36
2 536 1 -9 0.6 38
2 516 2 -9 0.62 37
1 135 1 -9 0.4 33
2 355 2 1 0.28 28
2 374 2 -9 0.56 35
1 7 2 -9 0.89 43
2 347 1 -9 0.6 36
2 351 2 6 0.62 38
2 1080 1 -9 0.5 36
2 1062 2 -9 0.46 33
2 1088 1 -9 0.44 35
2 1010 1 -9 0.49 36
2 842 1 -9 0.5 36
2 962 1 5 0.5 37
2 926 1 5 0.37 34
2 964 2 4 0.69 36
2 924 1 -9 0.42 35
2 830 2 -9 0.62 37
2 1167 2 3 0.52 36
2 434 1 -9 0.7 37
3 477 2 -9 1.32 41
3 477 2 -9 1.56 45
2 442 2 -9 0.65 37
1 59 1 -9 0.4 36
1 72 2 -9 0.52 35
1 227 2 4 0.52 36
2 1116 1 -9 0.34 29
2 1150 2 -9 0.32 31
2 688 2 4 0.83 38
2 739 1 -9 0.4 33
2 796 1 -9 0.55 36
2 541 2 -9 0.5 35
1 139 1 -9 0.22 28
2 345 2 -9 0.81 38
2 341 1 -9 0.82 41
2 375 1 3 0.62 38
2 351 1 -9 0.41 35
2 354 2 -9 0.52 34
2 1055 2 -9 0.68 37
2 1046 1 -9 0.62 36
1 21 2 -9 0.33 31
2 992 1 -9 0.5 37
2 993 1 -9 0.38 35
2 903 1 -9 0.67 40
2 991 2 -9 0.42 31
2 943 1 -9 0.36 34
2 1007 1 4 0.39 33
2 928 2 4 0.46 35
2 1025 1 -9 0.47 36
2 1016 2 -9 0.59 35
2 891 1 4 0.37 32
2 841 2 -9 0.69 37
2 1195 2 -9 0.48 34
3 467 2 -9 1.26 43
3 467 2 -9 1.48 46
1 68 2 6 0.7 39
1 260 1 -9 0.36 32
1 258 2 -9 0.54 37
1 155 2 -9 0.42 32
1 173 2 -9 0.52 36
1 211 2 -9 0.52 36
1 183 1 -9 0.54 36
1 184 1 -9 0.48 33
2 1125 2 4 0.66 37
2 376 2 3 0.6 37
2 388 2 -9 0.45 33
1 286 2 -9 1.2 45
2 408 1 6 0.6 38
2 735 2 -9 0.6 35
2 750 2 6 0.86 41
2 703 2 3 0.5 33
2 817 1 3 0.42 34
2 553 2 3 0.38 33
1 121 1 5 0.31 33
1 129 1 5 0.43 33
2 339 2 -9 0.68 39
2 354 2 -9 0.3 29
2 1058 2 -9 0.64 36
2 1041 2 4 0.8 39
1 16 2 -9 0.34 32
1 32 1 -9 0.36 33
2 980 2 -9 0.62 37
2 1019 1 -9 0.42 36
2 835 2 -9 0.69 39
2 988 1 -9 0.71 40
2 1168 1 -9 0.42 34
2 1168 2 -9 0.56 34
2 1163 2 4 0.62 35
3 480 1 -9 1.34 45
1 255 2 -9 0.34 32
1 71 1 4 0.6 37
1 244 1 -9 0.4 34
1 244 1 -9 0.44 37
1 245 1 -9 0.36 32
1 207 2 -9 0.54 34
2 1149 2 -9 0.52 38
2 1109 2 -9 0.44 33
2 1106 2 3 0.79 38
2 382 2 -9 0.85 38
2 781 1 -9 0.39 33
2 734 1 -9 0.44 34
2 774 1 -9 0.44 34
2 746 1 -9 0.57 40
2 657 2 -9 0.58 36
2 622 2 -9 0.69 36
2 652 1 4 0.54 37
2 538 2 -9 0.7 35
2 371 2 5 0.76 40
2 359 1 -9 0.62 39
2 347 2 -9 0.63 36
2 1063 2 -9 0.7 38
1 30 1 -9 0.46 35
1 48 1 -9 0.42 34
1 55 1 -9 0.25 30
1 45 1 -9 0.32 34
2 1038 1 2 0.46 34
2 944 2 3 0.64 35
2 944 2 -9 0.63 36
2 960 2 -9 0.7 37
2 985 1 -9 0.54 37
2 898 1 -9 0.44 34
2 1184 2 -9 0.5 33
2 1198 2 -9 0.46 33
3 477 2 -9 1.06 39
3 484 2 -9 0.88 39
1 81 2 -9 0.38 34
1 71 1 -9 0.54 39
1 244 1 -9 0.38 34
1 199 2 -9 0.52 36
1 299 1 -9 1.1 42
2 1122 2 -9 0.6 35
2 1152 1 -9 0.55 38
3 325 1 -9 1.34 45
3 295 2 -9 1.08 42
2 745 2 -9 0.68 36
2 755 1 5 0.63 38
2 611 1 -9 0.44 35
2 602 1 -9 0.25 29
2 691 2 -9 0.5 37
2 646 1 -9 0.42 32
2 737 1 -9 0.45 35
2 654 2 4 0.6 36
2 521 2 -9 0.6 36
2 559 2 3 0.4 34
2 556 1 3 0.34 33
1 122 1 4 0.35 33
1 123 1 -9 0.4 33
2 349 2 -9 0.66 38
2 1055 2 -9 0.8 39
2 1064 2 -9 0.92 39
2 1066 2 -9 0.78 39
2 1071 1 3 0.38 33
2 1100 2 -9 0.5 34
2 1097 1 -9 0.42 35
1 52 2 5 0.42 37
2 989 1 -9 0.48 35
2 847 2 -9 0.44 34
2 882 1 -9 0.44 35
2 860 2 -9 0.81 39
2 854 2 3 0.61 37
2 957 1 -9 0.43 34
2 899 1 -9 0.52 39
2 1022 2 -9 0.55 35
2 875 1 -9 0.31 31
3 502 1 -9 1.53 45
2 464 1 -9 0.55 36
3 484 1 -9 1.16 43
2 433 2 3 0.7 36
1 261 2 -9 0.3 32
1 234 1 -9 0.3 34
1 205 2 -9 0.42 32
1 178 2 -9 0.64 38
2 1112 2 -9 0.5 36
2 1141 1 -9 0.52 36
2 382 2 -9 1.35 47
2 808 1 -9 0.5 35
2 632 2 3 0.7 36
2 395 1 -9 0.5 36
2 412 2 -9 0.55 36
2 635 2 -9 0.69 35
2 622 1 -9 0.48 34
2 788 1 -9 0.45 35
2 657 2 -9 0.46 33
2 629 2 -9 0.7 37
2 565 1 -9 0.44 35
1 138 1 -9 0.36 32
2 337 1 -9 1.5 34
1 7 2 -9 1.43 45
2 363 1 -9 0.28 34
2 375 1 2 0.5 34
2 1061 2 -9 0.94 40
2 1094 2 -9 0.6 37
1 24 2 -9 0.52 35
1 18 1 6 0.44 36
2 1010 2 -9 0.49 34
2 981 2 -9 0.51 34
2 983 2 -9 0.59 35
2 888 2 -9 0.41 33
2 872 2 -9 0.54 36
2 1008 1 -9 0.51 36
2 906 1 -9 0.62 39
2 1164 1 3 0.42 33
2 1165 2 -9 0.72 36
2 438 2 -9 0.75 39
3 498 1 -9 1.58 48
1 57 2 -9 0.4 33
1 99 2 4 0.62 37
1 248 1 -9 0.7 41
1 78 1 -9 0.34 33
1 145 1 -9 0.48 34
1 208 1 -9 0.25 28
2 306 2 3 0.8 37
2 326 2 -9 1.18 43
2 736 1 -9 0.34 32
2 407 2 5 0.63 37
2 377 1 -9 0.5 35
2 410 1 -9 0.5 36
2 627 1 -9 0.66 35
2 541 1 6 0.62 39
2 551 1 1 0.24 28
2 514 2 -9 0.6 34
2 568 2 -9 0.52 34
2 567 1 -9 0.38 34
2 586 2 -9 0.36 32
1 2 1 -9 1.21 45
1 114 2 -9 0.26 31
2 366 1 -9 0.24 28
2 1055 2 -9 0.68 37
2 1100 2 -9 0.46 34
2 1092 2 -9 0.64 36
2 1084 1 -9 0.54 36
1 36 2 -9 0.59 38
2 965 2 -9 0.46 35
2 965 1 -9 0.47 35
2 864 2 5 0.5 33
2 892 2 1 0.24 28
2 978 2 -9 0.64 36
2 900 2 4 0.6 36
2 982 2 -9 0.59 37
2 954 1 -9 0.58 37
1 274 2 -9 1.24 45
2 1176 1 -9 0.53 37
2 1168 2 3 0.62 36
2 438 2 -9 0.7 37
3 500 1 -9 1.39 46
1 279 1 -9 1.14 46
1 259 1 5 0.34 34
1 231 2 -9 0.4 35
1 159 1 -9 0.5 35
2 326 2 -9 1.25 45
2 380 1 -9 0.8 41
2 696 2 -9 0.55 36
2 666 2 -9 0.49 34
2 698 2 -9 0.5 32
2 714 1 3 0.58 35
2 650 1 -9 0.46 36
2 782 2 -9 0.72 37
2 664 2 -9 0.5 36
2 656 1 -9 0.43 35
2 797 1 -9 0.61 36
2 594 1 -9 0.44 35
2 577 1 -9 0.32 34
2 593 2 -9 0.64 35
1 107 2 -9 0.4 30
2 1103 1 -9 0.46 36
2 1092 1 -9 0.54 37
1 55 2 -9 0.4 35
2 1016 2 -9 0.56 37
2 1009 1 -9 0.48 36
2 860 1 3 0.45 35
2 869 1 -9 0.52 37
2 876 2 -9 0.57 36
2 883 1 5 0.52 35
3 309 2 -9 1.56 45
2 1158 2 -9 0.64 34
2 1194 2 -9 0.54 35
2 422 2 3 0.75 38
3 475 2 -9 1.23 45
2 439 1 -9 0.5 35
1 246 2 -9 0.5 35
1 231 2 3 0.26 30
1 234 1 -9 0.34 35
1 184 1 6 0.62 39
1 208 1 4 0.45 33
2 1109 1 -9 0.64 35
2 687 2 5 0.79 39
2 690 2 3 0.8 39
2 794 2 -9 0.38 32
2 738 1 -9 0.31 30
2 603 2 -9 0.59 37
2 718 2 -9 0.6 35
2 682 1 -9 0.44 37
2 640 1 -9 0.49 34
2 528 2 -9 0.5 33
2 568 1 3 0.42 35
2 532 1 -9 0.5 35
2 554 2 -9 0.56 36
1 125 1 -9 0.38 32
1 105 1 -9 0.32 31
2 368 1 -9 0.76 41
2 370 2 -9 0.46 36
2 1097 2 -9 0.58 37
1 53 1 -9 0.44 33
1 39 2 -9 0.5 35
2 972 1 5 0.48 36
2 823 2 -9 0.53 35
2 828 1 -9 0.64 38
2 932 1 -9 0.43 34
2 883 1 4 0.51 36
2 1206 2 3 0.66 37
2 436 2 -9 0.75 38
1 280 1 -9 1.18 45
1 102 1 -9 0.32 31
1 101 1 -9 0.38 35
1 152 1 -9 0.3 34
1 159 2 -9 0.36 33
1 223 1 -9 0.38 33
1 300 2 -9 0.8 41
2 1144 2 6 0.5 37
2 1150 2 -9 0.64 37
2 1151 2 -9 0.62 35
2 689 2 4 0.75 38
2 596 1 3 0.69 38
3 287 2 -9 1.32 44
2 397 1 1 0.2 28
2 777 2 -9 0.65 37
2 639 2 -9 0.57 36
2 587 2 3 0.5 34
1 119 2 -9 0.46 37
1 118 2 -9 0.59 36
2 1065 2 3 0.6 36
1 24 1 -9 0.44 34
2 994 1 3 0.48 35
2 862 1 -9 0.63 39
2 885 1 4 0.39 33
3 469 2 -9 1.48 45
2 470 2 -9 1.25 43
2 441 2 -9 0.75 37
1 77 2 -9 0.46 36
1 161 2 -9 0.6 39
1 150 1 -9 0.46 36
1 212 1 -9 0.55 35
2 328 2 -9 1.14 42
2 1119 2 -9 0.6 37
2 791 2 -9 0.4 32
2 781 1 3 0.45 34
2 745 1 -9 0.7 43
2 743 1 -9 0.61 38
2 704 2 -9 0.73 36
2 701 2 3 0.71 35
2 764 2 -9 0.77 40
2 626 2 -9 0.74 38
2 649 1 -9 0.55 35
2 619 2 -9 0.54 34
2 792 1 4 0.44 34
2 567 1 -9 0.5 36
2 531 2 6 0.7 40
1 138 2 3 0.12 25
2 360 2 -9 0.74 37
2 1051 2 -9 0.34 32
2 1069 2 -9 0.68 36
1 54 2 -9 0.36 37
1 22 2 -9 0.62 36
2 945 1 -9 0.52 36
2 961 1 -9 0.52 36
2 1171 2 5 0.6 36
2 1163 2 -9 0.52 35
2 452 2 -9 0.44 34
1 60 1 -9 0.44 34
1 97 2 -9 0.26 28
1 64 2 -9 0.48 34
1 202 2 -9 0.32 31
1 214 1 3 0.4 32
1 201 2 -9 0.69 40
2 305 1 5 1.1 43
2 1117 2 -9 0.6 38
2 384 2 -9 0.55 36
2 688 2 5 0.66 38
2 804 1 -9 0.65 35
2 805 2 -9 0.78 39
2 728 1 5 0.53 38
2 620 1 4 0.43 34
2 780 1 -9 0.4 34
2 401 2 -9 0.55 36
2 737 2 4 0.61 35
2 649 2 -9 0.64 36
2 816 2 -9 0.4 32
2 618 2 -9 0.65 36
2 581 1 -9 0.4 33
2 570 1 6 0.46 36
2 583 1 -9 0.32 30
2 513 1 -9 0.7 42
1 133 2 5 0.54 36
2 1066 1 4 0.52 36
2 1076 1 -9 0.39 34
1 20 2 -9 0.34 31
2 1035 1 -9 0.68 39
2 1003 2 3 0.52 35
2 888 1 -9 0.46 34
2 935 1 1 0.17 25
2 964 2 -9 0.45 34
2 969 2 -9 0.56 36
2 1157 2 -9 0.69 36
1 90 2 -9 0.56 36
1 148 2 4 0.38 33
1 165 2 -9 0.48 34
1 177 2 -9 0.36 30
2 1120 1 -9 0.4 37
2 1139 1 3 0.46 36
2 316 1 -9 1.26 47
2 754 2 4 0.58 35
2 761 1 4 0.58 36
2 760 2 -9 0.63 37
2 692 2 -9 0.51 33
2 707 2 -9 0.6 36
2 671 2 3 0.6 35
2 534 2 -9 0.58 37
2 552 2 -9 0.7 38
2 505 1 -9 0.6 35
2 555 1 -9 0.5 36
1 111 1 -9 0.58 38
2 368 2 -9 0.58 37
2 365 2 -9 0.54 35
2 1084 2 4 0.57 35
1 15 1 -9 0.46 35
1 14 1 -9 0.45 37
2 843 1 -9 0.51 37
2 928 1 -9 0.33 33
2 854 1 -9 0.44 35
2 1196 1 8 0.71 45
2 1201 2 -9 0.68 38
2 1185 2 -9 0.56 35
3 479 1 -9 1.3 45
2 444 1 -9 0.4 34
2 435 1 -9 0.55 35
2 463 2 -9 0.75 37
1 262 2 -9 0.38 33
1 88 1 -9 0.26 31
1 93 2 -9 0.62 36
1 160 1 -9 0.4 34
1 172 2 -9 0.44 34
1 169 1 -9 0.4 35
1 192 2 -9 0.72 36
1 296 2 -9 1.3 43
2 307 2 5 1 40
2 1144 2 4 0.76 38
2 787 1 -9 0.58 38
2 647 1 3 0.44 34
2 786 2 5 0.68 38
2 392 1 -9 0.45 35
2 651 2 5 0.49 34
2 816 2 -9 0.53 34
2 617 2 7 0.67 39
2 792 1 -9 0.44 34
2 640 2 -9 0.55 34
2 590 1 -9 0.48 36
1 2 2 -9 1.47 45
1 116 1 -9 0.68 39
1 120 2 4 0.63 37
2 343 1 -9 0.61 36
2 339 2 -9 0.84 39
2 1052 2 -9 0.46 32
2 1066 1 -9 0.58 36
2 1105 1 -9 0.42 33
2 826 2 -9 0.57 35
2 921 2 -9 0.72 38
2 995 1 -9 0.62 38
2 844 2 3 0.62 36
3 332 2 -9 1.14 42
2 1205 2 -9 0.6 36
3 468 1 -9 1.17 47
2 451 2 -9 0.65 36
2 428 2 -9 0.7 38
2 435 2 5 0.65 37
2 426 2 -9 0.6 36
2 441 1 -9 0.45 35
1 200 1 -9 0.52 36
1 198 2 -9 0.52 33
2 1148 1 -9 0.28 29
2 1135 2 -9 0.56 36
1 286 2 -9 1.6 46
2 731 1 -9 0.56 37
2 735 2 -9 0.44 32
2 610 2 -9 0.56 35
2 762 2 -9 0.6 35
2 407 2 -9 0.52 35
2 634 2 3 0.69 36
2 703 1 -9 0.7 37
2 630 1 -9 0.55 38
3 312 2 -9 1.3 46
2 798 2 -9 0.42 33
2 660 2 -9 0.57 36
2 656 2 -9 0.4 31
1 124 2 -9 0.42 33
1 117 2 -9 0.62 37
1 120 1 -9 0.62 40
2 361 1 -9 0.42 35
2 370 2 -9 0.42 35
2 342 2 -9 0.62 36
2 334 2 3 0.66 35
2 1056 2 4 0.73 37
2 1085 2 -9 0.62 37
1 13 1 -9 0.39 34
1 50 2 5 0.7 38
2 917 2 -9 0.51 34
2 921 2 -9 0.46 34
2 984 2 -9 0.51 35
2 1003 1 -9 0.45 35
2 1025 1 -9 0.42 34
2 959 2 4 0.54 35
2 960 1 -9 0.51 36
2 939 2 -9 0.19 26
2 897 2 -9 0.57 38
2 1163 2 -9 0.68 35
2 465 1 5 0.5 35
3 477 2 -9 1.6 45
1 73 2 -9 0.72 38
1 252 2 -9 0.62 42
1 94 2 -9 0.48 35
1 245 1 -9 0.2 29
1 146 1 -9 0.41 34
1 171 1 -9 0.48 38
1 206 2 -9 0.36 34
1 206 1 -9 0.44 35
2 307 2 5 1.1 39
2 611 2 -9 0.61 35
2 417 1 3 0.35 33
2 769 1 5 0.35 32
2 659 2 -9 0.59 35
2 672 2 -9 0.55 35
2 665 2 -9 0.41 32
2 681 1 -9 0.43 36
2 782 2 -9 0.41 33
2 570 1 -9 0.42 34
2 560 2 -9 0.48 36
2 549 2 -9 0.74 40
1 6 1 -9 1.12 43
2 1076 1 -9 0.46 37
2 1079 1 -9 0.4 33
2 1093 1 -9 0.62 37
2 1086 1 -9 0.49 37
1 49 1 -9 0.42 36
1 54 1 -9 0.5 36
1 53 1 -9 0.32 36
2 840 2 -9 0.58 37
2 997 1 -9 0.64 39
2 975 2 -9 0.57 34
2 1017 2 -9 0.62 36
2 929 1 -9 0.38 32
2 968 2 -9 0.51 34
2 906 1 -9 0.56 35
2 1178 2 -9 0.6 36
2 1164 2 -9 0.7 37
2 1165 1 -9 0.47 34
2 449 2 -9 0.6 35
1 259 2 -9 0.54 38
1 235 1 3 0.4 34
1 240 1 -9 0.36 33
1 159 1 -9 0.44 34
1 171 1 -9 0.4 34
1 211 2 4 0.4 32
1 1 2 -9 1.1 42
3 293 1 -9 0.71 38
2 384 1 -9 0.7 38
2 772 1 -9 0.46 34
2 793 2 -9 0.44 33
2 807 2 3 0.56 35
2 797 1 -9 0.49 34
2 505 1 -9 0.74 39
1 2 1 -9 1.44 44
1 126 2 -9 0.45 37
2 368 1 5 0.62 36
2 334 2 3 0.76 37
2 1080 1 3 0.42 32
2 1096 2 4 0.7 37
1 52 1 -9 0.38 36
1 17 1 3 0.31 32
1 35 2 -9 0.46 38
2 905 2 -9 0.43 34
2 917 1 -9 0.75 40
2 1039 1 3 0.65 39
2 1036 2 3 0.68 37
2 920 1 -9 0.57 37
2 1007 1 -9 0.6 37
2 939 1 -9 0.44 34
1 273 2 -9 1.08 43
2 1155 1 3 0.77 38
2 1200 2 4 0.62 35
1 262 1 -9 0.3 34
1 148 1 -9 0.28 31
2 690 2 4 0.83 39
2 810 2 -9 0.59 35
2 638 2 -9 0.58 35
2 802 2 5 0.6 36
2 521 2 -9 0.48 34
2 531 2 -9 0.8 41
2 519 1 -9 0.6 36
1 107 2 -9 0.38 32
1 128 2 -9 0.42 36
1 138 1 -9 0.32 30
2 372 2 5 0.56 36
2 341 2 4 0.66 37
2 1081 2 -9 0.52 36
2 1068 1 -9 0.44 34
2 1068 1 -9 0.56 38
2 1048 2 5 0.88 41
1 41 1 -9 0.4 33
2 827 1 -9 0.54 37
2 1030 1 4 0.48 36
2 849 2 -9 0.59 36
2 935 2 -9 0.47 34
2 988 1 -9 0.63 37
2 1181 1 -9 0.57 32
2 1184 1 -9 0.4 34
2 1187 2 -9 0.64 36
2 456 1 -9 0.5 35
3 490 2 -9 1.07 44
2 458 2 -9 0.5 35
3 469 2 -9 1.2 44
3 484 1 -9 1.41 45
2 462 2 -9 0.6 35
1 99 2 -9 0.6 36
1 98 1 -9 0.26 31
1 231 1 -9 0.28 31
1 73 2 -9 0.5 36
1 155 1 -9 0.44 35
1 190 2 5 0.4 33
1 178 2 -9 0.62 37
2 1143 2 4 0.5 35
2 379 1 -9 0.6 37
2 753 2 -9 0.64 36
2 749 2 -9 0.55 36
2 746 1 -9 0.46 33
2 715 2 -9 0.57 34
2 803 2 -9 0.53 35
2 621 2 -9 0.55 36
2 607 1 5 0.49 34
2 535 1 3 0.52 37
2 537 1 -9 0.6 39
2 579 1 4 0.5 36
2 532 2 -9 0.74 39
1 133 2 -9 0.54 36
1 103 1 -9 1.1 44
2 346 2 -9 0.88 42
2 1056 2 3 0.75 38
2 1063 2 -9 0.72 37
2 1102 1 -9 0.43 35
1 14 1 -9 0.44 32
2 912 1 -9 0.56 37
2 831 1 -9 0.57 38
2 908 1 6 0.65 38
2 910 2 -9 0.64 37
2 1038 2 -9 0.65 36
2 863 2 4 0.64 37
2 865 2 -9 0.5 36
2 854 2 -9 0.75 38
2 875 2 -9 0.4 34
2 898 2 -9 0.78 41
1 226 1 6 0.9 44
2 432 2 -9 0.7 38
3 501 1 -9 1.07 42
1 78 2 -9 0.54 35
1 258 1 -9 0.46 38
1 63 1 6 0.68 39
1 147 2 -9 0.26 29
2 1123 1 -9 0.52 35
2 763 2 2 0.52 34
2 733 1 -9 0.46 34
2 403 1 -9 0.4 31
2 641 1 -9 0.5 35
2 784 2 -9 0.63 35
2 801 2 3 0.55 34
2 518 1 -9 0.74 37
1 267 1 -9 1.1 41
2 367 2 -9 0.52 36
2 355 1 5 0.52 37
2 336 1 3 0.66 38
2 338 2 -9 0.74 38
2 1103 1 -9 0.36 33
2 1071 1 -9 0.46 35
2 1094 1 -9 0.4 33
2 835 2 -9 0.59 37
2 1022 1 -9 0.39 34
2 995 2 -9 0.67 38
2 1021 2 -9 0.53 35
2 1026 2 -9 0.55 36
2 871 1 -9 0.36 32
2 1178 1 -9 0.68 40
2 1167 1 -9 0.54 36
2 1169 1 -9 0.42 34
2 1190 2 3 0.57 34
2 429 2 3 0.7 38
3 476 2 -9 1.63 47
1 99 2 5 0.54 34
1 75 1 -9 0.62 38
1 232 2 -9 0.4 32
1 239 2 -9 0.48 34
1 189 1 -9 0.48 36
2 376 2 5 0.8 37
2 388 2 -9 0.7 40
2 804 2 -9 0.57 35
3 295 1 -9 1.46 47
2 754 1 -9 0.53 36
2 776 1 3 0.39 33
2 609 1 -9 0.36 32
2 716 1 -9 0.48 35
2 612 1 5 0.47 37
2 782 1 -9 0.5 34
2 807 1 -9 0.43 34
2 517 2 -9 0.84 38
2 371 2 -9 0.64 37
2 342 1 -9 0.58 36
2 1044 1 -9 0.44 34
1 26 2 -9 0.5 35
1 51 1 -9 0.42 37
1 41 2 -9 0.3 33
1 46 1 -9 0.46 37
2 918 2 -9 0.78 39
2 1037 1 3 0.6 36
2 991 2 3 0.6 36
2 983 2 -9 0.52 35
2 971 1 -9 0.36 33
2 884 2 -9 0.39 31
2 976 1 5 0.51 38
1 273 2 -9 1.3 44
2 1172 2 -9 0.58 36
2 1161 2 3 0.65 37
1 232 2 3 0.48 35
1 170 1 -9 0.36 34
1 298 2 -9 1.2 45
2 1146 2 -9 0.6 37
2 794 1 -9 0.44 34
2 601 2 -9 0.27 28
2 394 2 2 0.4 33
2 670 2 -9 0.46 32
2 566 1 4 0.7 39
2 519 2 4 0.7 35
1 109 2 -9 0.6 34
2 342 1 3 0.6 34
2 1080 1 -9 0.48 35
2 1060 1 -9 0.6 38
2 1057 2 -9 0.68 36
2 1082 1 -9 0.44 34
2 1052 2 -9 0.5 36
2 1067 2 -9 0.92 39
1 24 1 5 0.39 34
2 914 1 6 0.64 38
2 865 2 -9 0.66 37
2 932 1 -9 0.54 37
2 857 1 4 0.34 33
2 978 1 -9 0.46 35
2 924 1 -9 0.4 35
2 1193 2 -9 0.56 35
3 473 2 -9 1.22 44
2 454 2 -9 0.45 33
1 145 1 -9 0.48 33
1 163 2 -9 0.48 34
1 149 2 -9 0.4 33
1 222 2 -9 0.52 35
1 202 2 -9 0.58 37
2 790 1 -9 0.45 34
1 282 2 -9 0.98 44
2 598 2 5 0.74 40
1 285 1 -9 1.1 42
2 770 1 -9 0.45 36
2 602 2 -9 0.53 35
2 720 2 -9 0.54 35
3 333 2 -9 1.24 44
2 803 2 3 0.55 36
2 771 2 -9 0.6 36
2 565 1 -9 0.22 27
2 574 2 -9 0.62 35
2 590 2 -9 0.5 36
2 536 2 -9 0.6 38
1 5 1 -9 1.12 44
2 362 1 -9 0.38 34
1 108 1 4 0.42 35
2 1047 1 -9 0.57 36
2 1054 2 4 0.94 39
2 1075 2 -9 0.51 34
1 28 2 -9 0.44 33
1 20 1 -9 0.25 30
2 823 2 -9 0.62 37
2 877 1 4 0.44 36
2 1039 1 4 0.65 39
2 951 1 -9 0.57 37
2 868 1 3 0.49 34
2 911 1 -9 0.64 39
2 893 2 3 0.65 36
2 982 2 -9 0.56 36
3 321 1 -9 1.65 48
2 1164 1 -9 0.44 32
2 1193 1 3 0.4 33
1 257 2 -9 0.56 38
1 236 1 6 0.44 36
1 240 2 -9 0.42 33
3 276 2 -9 1.14 43
3 277 2 -9 1.03 44
2 1126 2 5 0.76 40
2 384 2 -9 0.75 39
3 294 2 -9 1.12 41
3 290 2 -9 1.32 45
2 759 1 -9 0.56 35
2 606 1 3 0.35 32
2 528 1 -9 0.5 34
2 1060 2 -9 0.72 38
2 1062 2 -9 0.82 39
2 904 2 -9 0.78 40
2 910 1 -9 0.72 38
2 890 1 3 0.36 34
2 933 2 -9 0.64 36
2 1034 1 -9 0.31 33
2 925 1 -9 0.39 35
2 1154 2 3 0.64 36
2 1182 1 -9 0.56 36
2 1186 2 -9 0.55 35
2 464 2 -9 0.4 32
3 483 2 -9 1.27 43
1 93 2 3 0.31 32
1 70 1 -9 0.66 40
1 69 2 -9 0.4 32
1 228 1 -9 0.42 36
2 304 2 4 0.75 37
2 1144 2 -9 0.52 35
2 726 1 -9 0.8 36
2 786 2 -9 0.46 33
2 414 2 -9 0.64 36
2 665 1 4 0.46 36
2 637 2 -9 0.69 39
2 567 1 -9 0.52 35
2 583 1 3 0.4 33
2 527 1 -9 0.54 35
2 593 1 -9 0.46 35
1 134 2 -9 0.59 36
2 367 1 -9 0.62 42
2 1094 2 4 0.68 40
1 35 2 -9 0.46 34
2 836 2 -9 0.6 36
2 913 2 -9 0.55 35
2 951 2 -9 0.58 36
2 1033 1 6 0.55 37
2 1032 2 -9 0.51 36
2 1011 2 -9 0.57 37
2 883 1 -9 0.38 34
2 848 2 -9 0.54 34
2 424 2 -9 0.8 37
1 242 1 -9 0.26 34
1 142 1 -9 0.48 33
1 173 1 -9 0.4 33
1 209 2 -9 0.42 35
1 271 2 -9 1.23 44
2 1139 1 4 0.5 37
3 278 2 -9 1.34 34
2 323 2 6 0.79 40
2 1136 1 -9 0.4 37
2 385 1 -9 0.6 37
2 728 1 -9 0.44 33
2 774 2 -9 0.53 34
2 757 1 -9 0.51 37
2 704 2 -9 0.73 35
2 407 1 -9 0.68 40
2 818 2 -9 0.56 36
2 563 1 -9 0.42 35
2 364 2 -9 0.48 34
2 1054 2 -9 0.66 37
2 1051 2 -9 0.64 36
1 53 2 9 0.6 41
2 993 1 -9 0.47 36
2 1015 1 -9 0.45 36
3 319 1 -9 1.5 48
2 1179 1 -9 0.55 36
2 438 2 -9 0.65 36
3 501 1 -9 1.39 46
2 463 2 -9 0.55 34
1 86 2 5 0.58 35
1 222 1 -9 0.4 35
1 213 1 -9 0.32 31
2 1147 2 4 0.58 37
2 390 2 5 0.8 39
2 388 2 -9 0.7 37
2 740 2 -9 0.96 42
2 768 2 -9 0.58 35
2 692 2 -9 0.6 36
2 807 2 -9 0.55 35
2 684 2 5 0.38 32
2 612 2 -9 0.54 34
2 523 2 3 0.6 33
2 533 2 -9 0.7 38
1 123 2 4 0.56 35
1 267 1 -9 1.28 45
2 365 2 -9 0.56 35
2 1068 2 -9 0.54 35
1 9 2 -9 1 43
2 1098 1 -9 0.48 35
1 37 1 5 0.55 33
2 839 1 -9 0.65 37
2 918 2 3 0.58 35
2 943 1 -9 0.54 38
2 1004 1 -9 0.43 35
2 890 2 -9 0.48 34
2 926 1 3 0.38 33
2 830 1 3 0.67 37
2 1005 2 -9 0.56 36
2 852 2 -9 0.56 36
1 274 1 -9 1.6 49
2 1154 2 3 0.66 37
2 1179 2 -9 0.93 39
2 425 2 -9 0.6 35
2 329 1 -9 1.35 44
1 58 1 -9 0.4 34
1 72 2 -9 0.58 40
1 67 2 -9 0.62 37
1 211 1 -9 0.38 31
3 278 2 -9 1.36 38
2 1131 2 -9 0.6 37
2 390 2 -9 0.83 40
2 389 1 -9 0.5 36
2 745 2 -9 0.6 36
2 775 2 -9 0.36 32
2 758 2 -9 0.63 37
2 693 2 -9 0.72 38
2 396 1 -9 0.42 36
2 698 2 -9 0.73 38
2 588 2 -9 0.64 37
2 546 2 -9 0.56 37
2 512 2 3 0.6 36
1 265 2 -9 1.3 43
1 6 2 -9 1.18 42
2 347 1 3 0.55 34
1 38 2 6 0.48 35
2 887 1 -9 0.53 37
2 967 1 -9 0.34 34
2 964 1 -9 0.5 34
2 872 2 -9 0.62 37
3 309 2 -9 1.2 40
3 309 2 -9 1.3 41
2 1177 1 5 0.54 36
2 1177 2 -9 0.6 36
2 427 2 -9 0.7 38
3 492 1 -9 0.92 38
2 456 2 -9 0.5 35
1 64 2 -9 0.5 37
1 87 2 -9 0.32 30
1 253 2 -9 0.46 36
1 192 1 -9 0.48 35
2 1138 2 5 0.64 38
2 1117 1 -9 0.48 36
2 1132 1 -9 0.6 38
3 291 2 -9 1.14 43
2 382 1 -9 0.7 38
2 696 2 -9 0.55 35
2 400 1 -9 0.42 34
2 767 1 -9 0.5 36
2 591 1 -9 0.56 35
2 523 2 -9 0.8 37
2 566 2 -9 0.7 37
2 563 1 5 0.52 37
2 574 2 -9 0.52 35
2 524 2 -9 0.7 35
1 117 2 -9 0.7 35
2 362 1 -9 0.52 39
2 1067 2 5 0.68 40
2 1046 2 -9 0.76 38
1 56 2 -9 0.49 35
1 39 1 -9 0.49 35
2 827 2 -9 0.53 36
2 1026 2 -9 0.53 36
2 963 2 5 0.67 39
2 856 2 -9 0.49 35
2 938 1 3 0.43 33
2 884 2 5 0.54 35
2 925 1 3 0.47 34
2 848 1 5 0.52 35
3 321 2 -9 1.3 44
2 1155 1 3 0.67 37
2 1179 2 3 0.46 32
2 448 1 -9 0.45 36
3 496 2 -9 1.26 44
3 494 2 -9 1.25 42
1 166 2 -9 0.48 33
2 1132 1 5 0.59 37
2 383 2 -9 0.45 33
2 376 2 3 0.6 36
1 286 2 -9 1.02 43
2 811 2 -9 0.26 29
2 732 2 -9 0.53 35
2 610 1 -9 0.48 36
2 395 1 -9 0.44 34
2 394 1 -9 0.45 35
2 636 1 -9 0.45 35
2 682 1 5 0.45 36
2 542 2 9 0.74 44
2 557 2 -9 0.28 29
2 572 1 -9 0.52 37
2 520 2 -9 0.4 32
2 515 2 -9 0.38 32
2 515 2 3 0.5 34
1 116 2 -9 0.52 35
2 337 1 -9 1.7 35
1 130 1 -9 0.22 31
1 4 2 -9 0.88 40
2 363 1 -9 0.42 35
1 8 2 -9 1.2 45
2 1104 1 -9 0.38 34
2 1104 1 -9 0.44 34
1 12 1 -9 0.41 34
2 833 2 -9 0.81 39
2 981 2 -9 0.51 35
2 1009 1 -9 0.44 34
2 971 1 -9 0.42 35
2 858 2 -9 0.67 37
2 915 2 4 0.63 37
2 898 2 6 0.69 39
1 270 2 -9 0.54 35
2 434 2 -9 0.65 35
3 496 2 -9 1.24 42
3 497 1 -9 1.39 46
1 90 1 -9 0.38 33
1 206 1 -9 0.32 32
2 1110 2 3 0.54 35
3 325 1 -9 1.28 45
2 1125 2 -9 0.84 40
2 382 2 -9 0.75 37
2 408 2 -9 0.45 34
2 762 1 -9 0.65 37
2 398 1 -9 0.4 34
2 751 2 -9 0.6 36
2 646 1 -9 0.45 36
2 692 2 4 0.52 34
2 683 1 -9 0.54 37
2 789 2 -9 0.64 37
2 558 1 -9 0.5 37
1 103 1 -9 1.2 45
2 1064 2 -9 0.72 38
2 1069 1 -9 0.38 34
1 9 2 -9 1 40
1 22 1 -9 0.38 34
2 991 1 -9 0.37 33
2 1031 1 -9 0.46 35
2 865 1 -9 0.48 36
2 849 2 -9 0.5 35
2 1034 1 -9 0.14 25
2 969 2 -9 0.72 36
2 968 1 -9 0.52 37
2 871 2 -9 0.59 36
3 319 1 -9 1.34 45
2 1162 2 -9 0.28 28
2 1186 2 4 0.75 38
2 430 2 -9 0.7 38
2 444 1 -9 0.4 33
1 263 1 -9 0.38 35
1 74 2 -9 0.7 37
1 230 2 -9 0.5 36
1 227 1 -9 0.32 31
1 153 1 4 0.44 33
1 196 2 4 0.62 35
2 301 2 7 1.2 43
2 303 2 4 1.05 42
2 1145 2 -9 0.76 40
2 809 2 -9 0.65 35
2 402 1 -9 0.5 36
2 786 2 -9 0.61 36
2 641 2 -9 0.63 36
2 659 1 -9 0.41 34
2 665 2 -9 0.45 34
2 607 2 -9 0.74 38
2 802 2 -9 0.54 35
2 535 1 -9 0.64 36
2 510 1 -9 0.56 37
2 373 1 5 0.52 37
2 339 2 3 0.7 37
2 1067 2 -9 0.58 35
2 1077 1 -9 0.38 34
1 31 1 -9 0.38 35
1 17 1 -9 0.46 35
2 840 1 -9 0.66 38
2 1036 2 4 0.76 39
2 1017 1 -9 0.55 38
2 841 2 -9 0.7 40
2 872 1 -9 0.59 37
3 317 1 -9 0.42 31
3 472 2 -9 1.6 45
3 490 2 -9 1.42 46
2 435 2 3 0.55 35
1 88 1 4 0.32 31
1 261 1 -9 0.4 34
1 245 2 3 0.34 33
1 215 2 -9 0.32 31
2 327 1 -9 0.86 41
2 388 2 4 0.75 38
2 815 2 -9 0.52 36
2 805 2 -9 0.69 36
3 287 2 -9 1.12 42
2 759 1 -9 0.44 33
2 768 2 3 0.44 33
2 602 1 -9 0.47 35
2 401 1 -9 0.4 36
2 412 1 -9 0.5 35
2 707 2 -9 0.59 35
2 783 1 -9 0.46 35
2 546 2 -9 0.62 37
1 131 2 -9 0.59 36
2 350 2 -9 0.74 39
1 103 1 -9 1.5 47
2 1081 1 -9 0.4 34
2 1044 1 -9 0.62 37
2 923 1 4 0.51 37
2 843 1 -9 0.46 37
2 966 1 -9 0.37 33
2 1027 1 -9 0.47 37
2 936 2 -9 0.34 33
2 853 2 -9 0.56 36
2 1198 2 4 0.6 36
2 1198 2 -9 0.63 36
3 469 2 -9 1.22 44
2 443 1 -9 0.45 34
3 500 1 -9 1.54 47
2 435 2 3 0.65 39
1 262 1 -9 0.44 35
1 86 2 -9 0.32 32
1 89 2 -9 0.4 33
1 100 2 -9 0.48 34
1 61 2 -9 0.92 43
1 237 1 -9 0.52 36
1 157 1 -9 0.5 35
1 149 1 -9 0.52 36
1 195 1 -9 0.72 40
2 421 2 -9 0.8 39
2 393 1 -9 0.45 33
2 393 1 3 0.45 35
2 738 2 -9 0.28 28
2 766 1 4 0.67 39
2 601 1 5 0.47 35
2 651 1 -9 0.47 35
2 534 2 -9 0.7 36
2 572 2 3 0.44 33
2 523 2 -9 0.6 34
2 523 2 -9 0.7 36
2 509 1 -9 0.7 36
2 549 2 3 0.5 36
2 555 1 -9 0.46 34
1 114 2 -9 0.92 40
2 340 2 -9 1 38
2 348 2 -9 0.9 38
1 104 1 -9 1.5 53
2 1058 1 -9 0.6 37
2 912 2 -9 0.71 39
2 840 2 -9 0.68 38
2 1009 1 -9 0.47 35
2 962 1 -9 0.47 37
2 879 2 -9 0.56 37
1 226 2 5 0.8 40
2 1173 1 -9 0.4 32
2 1179 2 -9 0.41 31
2 1185 1 -9 0.46 35
2 1194 1 4 0.43 35
2 430 2 -9 0.73 36
1 95 2 -9 0.54 36
1 243 2 -9 0.46 35
1 174 2 4 0.42 37
1 187 2 5 0.51 33
2 308 2 5 1.4 42
2 1140 1 -9 0.43 34
2 1106 1 4 0.75 38
2 1108 2 -9 0.69 36
3 295 1 -9 1.12 42
2 787 2 3 0.59 36
2 1111 2 -9 0.62 36
2 687 2 5 0.83 42
2 731 1 -9 0.32 30
2 315 2 5 1.07 44
2 820 2 3 0.65 37
2 740 1 -9 0.64 37
2 753 1 4 0.53 37
2 743 2 3 0.64 36
2 378 2 -9 1.6 38
2 666 2 -9 0.67 37
2 406 2 3 0.55 34
2 607 2 -9 0.42 33
2 563 1 -9 0.38 34
1 131 2 -9 0.54 37
2 359 2 -9 0.56 34
2 1085 2 -9 0.52 35
2 1032 1 3 0.38 34
2 914 1 -9 0.62 39
2 824 1 -9 0.39 35
2 971 1 -9 0.43 35
2 929 1 4 0.44 36
2 928 1 -9 0.33 34
2 1011 2 -9 0.5 34
2 893 2 -9 0.54 37
2 876 1 -9 0.38 33
2 881 2 -9 0.56 38
2 985 2 -9 0.53 35
3 320 1 -9 1.46 46
2 1181 1 -9 0.53 35
2 1187 1 -9 0.4 33
3 502 1 -9 1.46 45
2 470 2 -9 1.01 43
1 72 2 -9 0.52 35
1 204 1 -9 0.5 38
1 210 2 -9 0.42 33
2 381 2 -9 0.7 37
2 774 1 -9 0.2 26
2 758 1 5 0.58 37
2 600 2 3 0.69 38
2 700 2 -9 0.6 34
2 698 1 -9 0.52 35
2 608 1 3 0.51 35
2 604 1 -9 0.52 36
2 559 1 -9 0.4 35
2 559 1 -9 0.5 37
2 590 2 5 0.6 37
1 108 1 -9 0.42 35
1 4 2 -9 1.42 46
1 137 2 -9 0.44 34
2 371 1 -9 0.32 32
2 1053 2 -9 0.65 36
2 1105 2 3 0.46 34
2 1079 1 5 0.42 35
1 44 1 5 0.56 35
2 1031 1 -9 0.47 36
2 933 2 -9 0.6 36
2 934 2 -9 0.63 37
2 915 1 -9 0.7 42
2 909 2 -9 0.76 38
2 950 1 -9 0.52 36
1 268 1 4 0.37 33
2 1192 2 -9 0.54 35
2 460 2 -9 0.6 36
3 499 2 -9 1.4 45
1 59 2 -9 0.6 37
1 67 2 4 0.62 37
2 1152 2 -9 0.49 35
2 1130 2 -9 0.6 36
2 740 2 -9 0.68 38
2 739 1 -9 0.58 45
2 623 2 -9 0.61 38
1 281 2 -9 1.52 46
2 704 2 -9 0.76 37
2 392 2 -9 0.3 33
2 616 2 -9 0.49 36
2 545 1 3 0.6 36
2 529 2 -9 0.6 35
2 554 2 -9 0.32 29
1 114 2 -9 0.42 32
2 356 1 -9 0.4 34
2 1059 1 -9 0.6 37
2 1072 2 -9 0.56 36
2 1035 2 -9 0.74 38
2 947 2 -9 0.63 38
2 1006 1 -9 0.46 37
2 927 1 -9 0.48 35
2 934 1 3 0.39 33
2 954 2 -9 0.66 36
3 332 1 -9 1.01 39
2 1170 2 -9 0.52 35
3 485 2 -9 1.26 41
1 248 2 -9 0.72 38
1 89 2 -9 0.62 38
1 253 1 4 0.38 36
2 324 1 5 0.96 42
2 1136 1 6 0.42 37
2 1126 1 -9 0.56 38
1 285 1 -9 1.6 52
2 599 2 5 0.69 36
2 632 2 -9 0.58 34
2 736 1 3 0.42 34
2 727 2 5 0.43 34
2 780 1 -9 0.52 37
2 400 1 -9 0.45 34
2 744 2 -9 0.63 37
2 638 1 -9 0.49 35
2 686 1 -9 0.42 33
2 771 2 -9 0.55 34
2 522 1 -9 0.5 36
2 578 1 -9 0.24 28
1 140 1 -9 0.22 29
1 11 2 -9 1.2 44
2 1083 1 -9 0.46 36
2 1056 1 -9 0.57 36
2 1070 1 -9 0.54 37
1 45 2 -9 0.34 35
2 1036 2 2 0.57 37
2 966 1 -9 0.55 36
2 1014 1 -9 0.45 35
2 942 1 5 0.48 37
2 1029 2 -9 0.6 35
2 932 2 -9 0.46 34
2 870 2 -9 0.67 36
2 1203 2 -9 0.52 35
3 478 1 -9 1.6 48
2 446 2 -9 0.58 34
1 66 2 -9 0.32 31
1 63 2 5 0.6 38
1 237 1 -9 0.54 37
1 168 1 -9 0.4 33
1 207 2 5 0.4 35
1 178 2 -9 0.74 39
2 1152 2 -9 0.5 34
2 1119 1 -9 0.44 35
2 1111 2 -9 0.72 37
2 820 1 5 0.66 39
2 615 2 -9 0.63 36
2 647 1 -9 0.15 25
2 795 2 -9 0.68 36
2 643 2 -9 0.62 37
2 569 1 -9 0.52 37
2 518 2 -9 0.58 35
2 564 1 -9 0.46 36
1 114 2 -9 0.7 37
2 358 1 -9 0.54 39
2 349 1 -9 0.66 37
2 354 1 -9 0.38 32
2 1060 1 -9 0.66 39
2 1099 2 3 0.5 35
1 27 2 -9 0.54 36
2 1002 2 -9 0.66 36
2 970 2 -9 0.54 34
2 846 2 -9 0.38 33
2 886 1 -9 0.44 34
2 969 1 3 0.38 34
2 1181 2 -9 0.63 36
2 1172 2 3 0.5 33
2 1160 2 -9 0.64 35
2 1203 2 -9 0.65 37
2 427 1 -9 0.55 36
2 429 2 -9 0.7 36
2 456 2 -9 0.6 36
3 485 1 -9 1.04 41
3 484 2 -9 1.46 46
2 443 1 -9 0.4 34
1 76 1 -9 0.54 36
1 271 1 -9 1.23 45
2 381 1 -9 0.6 37
2 776 1 -9 0.41 35
2 779 1 -9 0.36 33
2 406 2 -9 0.57 36
2 695 2 3 0.67 37
2 396 1 -9 0.45 36
2 714 2 -9 0.6 34
2 591 2 5 0.66 36
2 575 1 -9 0.44 34
2 510 2 -9 0.64 36
2 531 2 -9 1 43
2 519 1 -9 0.8 45
1 127 2 -9 0.58 35
1 105 1 -9 0.35 31
1 116 2 -9 0.73 38
1 141 1 -9 0.38 33
2 1057 1 -9 0.66 36
2 1053 1 -9 0.56 37
2 1078 1 -9 0.38 33
2 1077 2 -9 0.46 36
1 47 1 -9 0.44 35
1 36 1 -9 0.34 34
1 27 2 -9 0.52 33
2 845 2 -9 0.54 34
2 920 2 -9 0.66 37
2 1006 2 3 0.46 34
2 973 1 -9 0.41 36
2 990 2 6 0.73 39
3 320 1 -9 1.1 41
3 482 1 -9 1.1 43
2 450 1 -9 0.45 35
3 483 2 -9 1.15 42
2 442 2 -9 0.4 30
1 257 2 7 0.6 39
1 151 1 -9 0.5 34
1 161 2 -9 0.54 36
1 204 2 -9 0.48 35
1 197 2 -9 0.58 36
2 1138 2 -9 0.58 36
2 1125 2 -9 0.98 41
2 688 2 5 0.7 38
2 724 1 -9 0.43 34
2 419 1 -9 0.4 33
2 675 2 -9 0.54 36
2 784 1 -9 0.44 34
2 670 2 -9 0.52 33
2 639 1 -9 0.63 40
2 547 1 -9 0.68 37
2 567 1 -9 0.48 37
2 530 1 -9 0.46 34
2 513 1 -9 0.5 37
2 515 1 -9 0.6 37
1 115 2 -9 0.48 35
1 123 1 -9 0.4 34
2 1062 2 -9 0.96 40
2 1078 1 -9 0.36 32
2 1102 1 4 0.56 37
2 1097 2 3 0.5 32
1 31 1 -9 0.36 34
1 17 2 -9 0.48 35
2 838 2 -9 0.67 37
2 998 1 -9 0.49 35
2 878 2 -9 0.53 35
2 867 1 -9 0.58 39
2 1183 2 -9 0.49 33
2 1175 1 -9 0.64 38
2 1202 2 -9 0.6 36
3 486 1 -9 1.39 46
3 487 2 -9 1.66 47
3 487 1 -9 1.8 49
3 495 1 -9 1.32 46
1 150 1 4 0.46 36
1 161 1 6 0.54 38
1 177 2 -9 0.68 38
2 421 2 4 0.65 36
2 721 2 4 0.58 37
2 400 1 -9 0.5 38
2 699 2 -9 0.6 35
2 411 2 -9 0.6 37
2 416 2 -9 0.65 36
2 817 1 -9 0.51 35
2 806 2 -9 0.44 32
2 538 1 -9 0.62 37
2 539 2 5 0.68 39
2 575 1 4 0.5 35
1 131 2 5 0.39 34
2 1071 1 -9 0.58 37
2 1086 2 3 0.47 34
1 18 1 -9 0.42 34
2 907 1 -9 0.54 38
2 975 1 -9 0.54 37
2 1002 1 -9 0.31 31
2 926 2 -9 0.23 29
2 926 1 4 0.4 35
2 864 1 -9 0.45 34
2 935 1 -9 0.33 31
2 915 2 -9 0.62 39
2 946 2 -9 0.69 38
2 950 1 -9 0.45 35
3 487 2 -9 1.72 47
3 494 1 -9 1.1 41
3 478 2 -9 1.52 46
2 443 1 -9 0.45 34
1 263 2 4 0.34 32
1 260 2 -9 0.5 36
1 80 1 -9 0.36 35
1 85 2 -9 0.48 36
1 230 1 -9 0.3 31
1 228 1 -9 0.58 37
1 229 1 -9 0.32 34
1 146 1 -9 0.39 32
2 302 2 5 0.7 40
2 1148 2 -9 0.26 29
2 1135 2 -9 0.68 37
2 1129 1 -9 0.54 38
2 754 1 -9 0.54 37
2 620 1 -9 0.43 33
2 603 2 -9 0.67 37
2 702 2 -9 0.77 36
2 667 2 -9 0.54 35
2 691 2 -9 0.6 36
2 697 2 5 0.66 38
2 601 1 -9 0.53 35
2 711 2 2 0.46 32
2 707 1 -9 0.5 37
2 650 1 3 0.5 34
2 670 2 -9 0.28 30
2 661 2 -9 0.72 38
2 799 2 -9 0.51 33
2 532 2 -9 0.56 35
2 507 2 -9 0.5 34
2 530 1 -9 0.28 29
1 113 2 -9 0.42 34
2 348 2 -9 0.72 39
2 1081 2 -9 0.1 22
2 1093 2 -9 0.4 33
2 1048 2 3 0.67 37
2 1048 2 4 0.79 39
2 919 2 -9 0.76 39
2 981 2 -9 0.47 33
2 932 1 -9 0.46 35
2 900 1 -9 0.56 38
2 900 2 -9 0.88 42
2 852 2 -9 0.49 35
2 1195 1 4 0.5 36
2 458 1 -9 0.5 34
2 425 2 -9 0.6 36
2 439 1 6 0.37 32
1 60 1 5 0.44 34
1 144 1 -9 0.48 35
1 220 2 -9 0.64 35
2 308 2 6 1.1 41
2 1137 2 -9 0.49 35
2 1143 2 3 0.52 35
2 1135 2 -9 0.58 34
3 293 1 -9 1.18 49
2 420 1 3 0.6 36
2 644 1 -9 0.52 36
2 603 2 -9 0.58 36
2 674 1 -9 0.49 35
2 813 2 3 0.48 34
2 706 2 2 0.48 34
2 394 1 -9 0.4 35
2 784 2 -9 0.7 37
1 112 2 -9 0.64 36
1 3 2 -9 1.42 45
2 357 1 -9 0.44 35
2 1100 2 -9 0.61 37
1 41 2 -9 0.69 35
2 837 1 -9 0.69 39
2 864 2 -9 0.65 37
2 1019 1 -9 0.45 36
2 1020 1 -9 0.13 25
2 858 1 -9 0.52 36
2 976 1 -9 0.46 36
2 1156 2 -9 0.5 33
2 465 2 -9 0.75 38
3 501 1 -9 2 52
2 446 1 3 0.57 36
2 459 1 -9 0.5 33
1 91 2 -9 0.32 30
1 210 2 -9 0.52 33
1 187 1 -9 0.42 35
1 195 2 -9 0.42 33
2 1110 1 -9 0.44 33
2 1148 2 5 0.34 34
2 1133 1 -9 0.44 33
2 389 1 -9 0.5 35
2 804 1 -9 0.47 36
2 644 2 -9 0.51 32
2 644 2 5 0.58 35
2 667 2 3 0.44 32
2 626 2 -9 0.7 38
2 618 1 -9 0.53 36
2 617 1 -9 0.49 34
2 685 1 -9 0.45 36
2 654 1 -9 0.37 33
2 540 2 -9 0.44 34
2 582 1 -9 0.44 34
2 348 2 -9 0.96 35
2 1103 1 -9 0.42 36
2 1088 1 4 0.46 36
1 27 1 -9 0.49 32
2 839 2 -9 0.61 36
2 993 1 3 0.44 36
2 873 1 6 0.55 37
2 849 2 5 0.58 36
2 895 2 -9 0.5 35
2 1173 2 -9 0.46 34
1 66 2 -9 0.72 38
1 169 2 6 0.48 36
1 179 2 4 0.41 33
1 219 1 -9 0.32 30
1 188 2 -9 0.58 36
1 182 2 -9 0.6 35
2 1133 2 -9 0.63 36
1 286 1 -9 1.08 44
2 736 1 -9 0.33 30
2 761 2 5 0.74 39
2 699 2 -9 0.54 35
2 413 2 -9 0.5 34
2 717 2 -9 0.5 32
2 680 1 -9 0.45 37
2 540 2 -9 0.74 39
2 588 1 3 0.5 36
2 517 2 -9 0.62 36
1 140 2 -9 0.5 34
2 1105 1 -9 0.56 37
2 1041 2 3 0.8 38
1 48 1 -9 0.54 35
1 32 2 -9 0.4 33
2 998 2 -9 0.65 37
2 823 2 -9 0.59 37
2 922 2 -9 0.77 39
2 903 2 -9 0.61 39
2 1018 2 -9 0.55 36
3 320 2 -9 1.6 46
2 1174 2 5 0.68 36
2 465 1 3 0.65 37
3 474 2 -9 1.48 47
3 500 1 -9 1.43 46
2 455 2 -9 0.66 37
1 73 2 5 0.68 39
1 249 2 -9 0.62 40
1 71 2 -9 0.64 37
1 157 1 -9 0.42 34
1 225 2 -9 0.62 36
1 217 1 3 0.48 33
1 189 2 -9 0.56 34
1 300 2 -9 1.25 42
1 192 2 -9 0.58 35
2 1110 2 -9 0.62 36
2 380 2 -9 0.7 35
2 390 2 -9 0.85 40
2 1108 1 4 0.75 38
2 821 1 3 0.53 36
2 614 1 -9 0.43 34
2 624 2 -9 0.37 31
2 413 1 -9 0.45 34
2 412 1 4 0.4 34
2 638 1 -9 0.59 36
2 675 2 3 0.43 33
2 675 2 -9 0.41 33
2 798 2 -9 0.65 37
2 648 2 -9 0.51 35
2 534 1 -9 0.7 37
2 519 2 2 0.5 32
2 516 1 -9 0.54 35
1 103 1 -9 1 43
1 11 2 -9 1 42
2 1058 1 5 0.48 34
2 923 2 3 0.69 37
2 919 2 3 0.56 36
2 920 2 -9 0.55 35
2 847 1 -9 0.47 36
2 1028 1 -9 0.49 37
2 1018 1 -9 0.44 34
2 1014 2 -9 0.68 37
2 940 1 5 0.46 35
2 841 1 -9 0.73 39
2 909 2 -9 0.6 37
1 269 1 6 0.51 36
2 1159 2 -9 0.64 35
2 1192 1 3 0.38 31
2 440 2 -9 0.45 33
1 250 2 -9 0.5 35
3 330 2 -9 1.06 42
1 246 1 -9 0.38 35
1 182 1 -9 0.32 31
2 306 1 3 0.8 38
3 294 1 -9 1.04 43
2 736 1 -9 0.43 35
2 615 2 -9 0.55 35
2 403 2 -9 0.45 33
2 409 1 -9 0.49 37
2 719 1 -9 0.42 22
2 703 2 -9 0.68 36
2 619 1 5 0.56 37
2 771 2 -9 0.61 35
2 545 1 -9 0.68 36
2 542 2 -9 0.6 37
2 585 1 -9 0.42 35
1 106 1 -9 0.46 35
1 111 1 4 0.31 31
1 132 2 4 0.39 32
2 1057 2 3 0.77 38
2 1055 2 -9 0.88 39
2 1076 1 -9 0.34 32
2 1078 2 5 0.54 35
2 1089 1 -9 0.39 34
2 912 1 3 0.62 36
2 831 1 -9 0.58 38
2 922 2 -9 0.7 36
2 1013 1 -9 0.49 35
2 1023 1 -9 0.4 32
2 941 2 2 0.34 31
2 868 2 -9 0.52 35
2 857 1 -9 0.57 37
2 959 2 -9 0.51 34
3 331 1 -9 1.4 42
2 1178 2 -9 0.58 36
3 492 1 -9 1.42 43
3 491 1 -9 1.1 42
2 436 2 5 0.6 35
1 261 2 -9 0.62 38
1 258 1 -9 0.38 35
1 172 2 5 0.52 35
1 1 1 -9 1 44
2 743 1 -9 0.53 36
2 745 1 -9 0.5 36
2 626 2 -9 0.88 40
2 604 2 6 0.56 37
2 569 1 -9 0.42 35
2 550 2 -9 0.4 34
2 590 1 -9 0.5 38
2 512 1 -9 0.6 36
2 516 1 -9 0.48 35
1 6 1 -9 0.92 43
2 366 2 -9 0.64 37
2 352 2 -9 0.6 39
2 1080 1 -9 0.4 34
2 1045 2 -9 0.64 38
2 1098 2 -9 0.5 34
2 831 1 -9 0.5 37
2 877 2 4 0.51 36
2 913 2 -9 0.59 37
2 999 1 -9 0.61 38
2 434 2 -9 0.85 37
3 492 2 -9 1.3 43
3 475 2 -9 1.39 46
2 445 2 3 0.55 36
2 455 2 5 0.5 36
1 156 2 -9 0.52 37
1 300 1 -9 1 43
2 303 2 5 0.9 40
2 1146 2 -9 0.6 37
2 791 1 -9 0.4 34
2 647 1 -9 0.47 35
2 777 1 -9 0.46 36
2 409 2 4 0.68 36
2 814 2 -9 0.57 36
2 618 1 -9 0.39 33
2 617 2 -9 0.66 38
2 656 2 4 0.6 37
2 526 1 -9 0.5 36
2 580 1 -9 0.42 34
2 561 1 4 0.48 35
2 346 2 4 0.8 40
2 334 2 4 0.68 37
1 42 2 -9 0.4 35
1 20 2 -9 0.51 37
2 861 2 3 0.54 35
2 960 2 -9 0.63 36
2 848 2 3 0.55 33
2 911 2 -9 0.87 38
3 331 1 -9 1.35 44
2 1195 2 -9 0.64 37
2 1194 2 -9 0.69 38
3 474 2 -9 1.28 45
2 458 1 -9 0.6 39
2 431 2 -9 0.72 37
2 437 2 -9 0.85 39
1 248 1 6 0.8 41
1 84 2 -9 0.5 35
1 92 2 -9 0.48 34
1 85 2 5 0.55 38
1 167 1 3 0.3 31
1 299 2 -9 1.3 44
2 668 1 3 0.46 34
2 725 1 -9 0.3 36
2 418 2 -9 0.55 35
2 411 1 -9 0.4 34
2 607 2 -9 0.66 36
2 522 1 -9 0.44 33
2 511 2 -9 0.42 34
1 137 2 -9 0.58 36
2 374 2 4 0.58 36
2 336 2 3 0.74 38
2 1059 2 3 0.54 35
2 1073 2 -9 0.45 33
1 8 2 -9 1.1 43
2 1096 2 -9 0.6 37
2 1089 2 4 0.59 35
2 1040 2 4 0.73 39
1 34 2 -9 0.4 31
2 826 2 -9 0.7 36
2 995 2 -9 0.63 36
2 847 2 -9 0.48 35
2 887 1 3 0.44 34
2 927 2 -9 0.37 32
2 871 2 3 0.58 36
2 911 1 -9 0.62 38
1 269 1 -9 0.61 39
2 1170 2 3 0.62 36
2 1199 2 4 0.52 34
2 1186 2 4 0.58 35
3 504 2 -9 1.5 44
2 441 1 -9 0.45 34
1 254 1 -9 0.42 37
1 100 2 5 0.5 37
1 236 1 -9 0.44 35
1 229 1 -9 0.42 36
1 239 1 -9 0.4 37
1 154 2 -9 0.32 31
1 184 2 -9 0.85 37
2 1115 1 -9 0.46 35
2 1115 1 -9 0.58 37
2 1139 1 -9 0.42 35
2 1123 2 -9 0.6 37
2 1111 1 -9 0.48 32
2 730 1 -9 0.41 33
2 399 2 -9 0.5 34
2 712 2 2 0.47 32
2 691 2 -9 0.4 34
2 407 1 -9 0.45 35
3 312 2 -9 1.25 45
2 619 1 -9 0.45 35
2 588 2 -9 0.64 36
2 578 1 -9 0.4 32
2 507 1 -9 0.6 38
1 3 2 -9 1.51 46
1 5 2 -9 1.29 45
1 112 2 -9 0.32 30
1 117 1 -9 0.54 35
2 336 2 3 0.68 38
2 358 2 -9 0.68 38
2 353 2 -9 0.5 36
2 1089 1 -9 0.43 35
2 824 2 -9 0.54 35
2 824 1 4 0.59 37
2 913 1 -9 0.59 38
2 1024 2 -9 0.6 35
2 885 2 -9 0.55 36
2 937 2 -9 0.61 37
2 955 2 -9 0.57 36
2 916 2 -9 0.71 36
2 881 2 -9 0.53 36
1 272 2 -9 1.1 42
2 1173 1 -9 0.5 35
2 1159 2 -9 0.61 35
2 1191 2 -9 0.56 34
2 1204 2 3 0.68 36
2 454 2 -9 0.45 34
3 487 2 -9 1.52 44
3 493 1 -9 1.2 45
3 493 2 -9 1.62 46
1 233 1 -9 0.48 36
1 241 2 -9 0.58 37
1 142 1 -9 0.42 34
2 1128 2 -9 0.62 37
2 1132 2 -9 0.61 36
2 387 2 -9 0.7 39
2 383 1 -9 0.48 35
2 389 2 5 0.7 38
2 380 2 -9 0.6 36
3 283 1 -9 1.2 44
2 763 1 -9 0.6 40
2 765 1 -9 0.6 35
2 726 1 3 0.5 35
2 600 2 4 1.06 42
2 709 2 -9 0.6 36
2 398 1 -9 0.45 34
2 723 1 5 0.56 38
2 397 1 -9 0.45 36
2 683 1 4 0.42 34
2 654 1 -9 0.36 34
2 595 2 -9 0.46 33
2 524 2 -9 0.8 38
2 349 2 -9 0.66 37
2 1040 2 5 0.82 40
2 1041 2 5 0.58 36
2 873 2 -9 0.6 37
2 1036 1 5 0.64 40
2 953 2 3 0.44 33
2 1015 2 3 0.46 34
2 888 1 -9 0.41 33
2 1020 1 -9 0.18 26
2 1034 1 -9 0.35 33
2 1169 1 3 0.54 36
3 472 1 -9 1.11 45
1 88 1 -9 0.26 29
1 96 2 6 0.56 36
1 100 1 -9 0.36 32
1 72 1 6 0.54 37
1 169 2 -9 0.22 30
1 150 1 -9 0.4 35
1 218 2 -9 0.48 33
1 162 2 -9 0.48 34
2 304 2 5 0.9 39
2 308 2 7 1.2 43
2 327 1 -9 1.18 45
2 322 2 3 0.72 38
2 1131 1 -9 0.6 39
2 1130 2 -9 0.74 39
2 385 2 4 0.7 35
3 294 2 -9 1.34 44
2 597 2 3 0.69 37
2 777 1 -9 0.3 33
2 378 2 -9 0.6 39
2 785 1 -9 0.47 36
2 634 2 -9 0.73 37
2 676 2 -9 0.62 36
2 628 1 -9 0.49 35
2 653 1 -9 0.39 32
2 642 1 -9 0.55 37
2 648 2 4 0.74 37
2 538 1 5 0.74 39
2 551 2 -9 0.38 33
2 834 1 -9 0.63 39
2 1001 1 5 0.44 36
2 984 1 5 0.48 37
2 843 1 -9 0.54 37
2 863 1 -9 0.48 35
2 890 2 -9 0.42 33
2 990 1 -9 0.65 40
2 1008 2 -9 0.35 30
2 924 1 -9 0.52 38
2 982 2 3 0.65 36
3 317 1 -9 1.22 44
2 1176 1 -9 0.67 40
2 1197 2 -9 0.4 31
2 1186 2 4 0.73 37
2 430 2 -9 0.7 35
2 453 2 -9 0.6 36
2 464 2 -9 0.55 34
1 258 1 -9 0.4 35
1 246 1 5 0.34 33
1 230 2 4 0.44 35
1 154 1 -9 0.54 36
1 216 2 -9 0.42 33
1 175 1 -9 0.41 33
1 182 2 5 0.46 35
3 325 1 -9 1.4 45
2 1140 1 -9 0.48 35
2 1136 1 -9 0.46 36
2 383 2 -9 0.6 38
3 287 2 -9 1.28 43
2 747 2 2 0.59 34
1 281 1 -9 1.3 47
2 813 2 -9 0.42 34
2 693 2 -9 0.72 38
2 412 1 -9 0.4 33
2 679 1 3 0.48 35
2 606 2 -9 0.51 35
2 648 1 -9 0.47 35
2 684 1 -9 0.36 32
2 645 2 -9 0.71 38
2 525 1 -9 0.5 33
2 550 1 -9 0.44 35
2 562 1 -9 0.44 35
2 573 1 -9 0.46 37
2 524 2 -9 0.6 34
2 335 1 2 0.58 36
2 1083 1 -9 0.44 34
2 1043 2 -9 0.66 37
2 1061 2 -9 0.7 38
2 1042 2 -9 0.76 38
2 1074 2 -9 0.6 35
2 1095 2 -9 0.46 33
2 1040 2 3 0.36 33
1 56 1 -9 0.43 34
1 38 1 -9 0.4 34
2 917 1 -9 0.64 39
2 1001 1 3 0.4 33
2 976 1 -9 0.45 35
3 321 1 -9 1.16 44
2 1171 1 -9 0.45 35
2 1166 1 -9 0.58 36
2 1200 2 -9 0.54 33
2 1189 1 4 0.48 36
2 427 2 -9 0.75 38
2 433 2 -9 0.55 35
3 499 2 -9 1.1 43
3 476 2 -9 1.09 42
3 478 1 -9 1.08 43
2 462 2 -9 0.7 36
1 77 1 -9 0.42 34
1 142 1 -9 0.36 32
1 143 2 4 0.76 37
1 224 2 -9 0.36 32
1 183 2 -9 0.72 39
2 1142 2 -9 0.58 35
2 387 2 4 0.8 37
2 382 1 -9 0.65 38
2 743 2 -9 0.86 39
2 722 1 -9 0.3 30
2 628 1 -9 0.48 35
2 664 2 -9 0.47 34
2 547 2 5 0.62 36
2 514 1 -9 0.5 34
2 362 1 -9 0.5 36
2 353 1 3 0.38 31
2 1074 1 -9 0.43 36
1 23 1 -9 0.43 34
1 30 1 -9 0.4 36
1 47 1 -9 0.5 37
1 49 2 -9 0.34 31
1 41 2 5 0.38 33
1 40 2 -9 0.4 37
1 34 1 2 0.28 31
2 918 1 -9 0.47 36
2 975 1 -9 0.49 35
2 965 2 -9 0.59 35
2 1029 1 -9 0.39 33
2 851 2 5 0.63 36
2 990 2 -9 0.57 34
2 988 1 -9 0.55 37
2 939 2 -9 0.19 26
3 318 2 -9 0.8 39
1 71 2 -9 0.58 38
1 81 1 -9 0.38 32
1 86 2 -9 0.7 37
1 160 2 -9 0.24 29
1 164 1 -9 0.42 34
1 222 2 -9 0.58 36
2 307 2 5 0.8 39
2 387 2 -9 0.8 37
2 673 2 -9 0.54 35
2 671 1 -9 0.49 36
2 801 2 -9 0.7 37
2 798 2 -9 0.52 34
2 653 2 3 0.47 33
2 678 1 -9 0.36 33
2 545 2 -9 0.62 36
2 585 2 -9 0.42 33
2 584 1 -9 0.38 34
2 576 1 5 0.28 32
2 592 2 -9 0.68 37
2 589 1 -9 0.74 38
2 511 1 -9 0.58 36
1 128 1 -9 0.28 31
1 136 2 -9 0.5 33
2 1061 2 -9 0.84 39
1 23 1 5 0.46 36
1 19 2 -9 0.42 35
1 25 1 -9 0.48 33
2 864 2 -9 0.66 36
2 877 1 -9 0.58 37
2 953 1 -9 0.38 33
2 967 1 -9 0.47 37
2 855 2 -9 0.49 34
2 894 2 -9 0.76 38
2 1005 2 -9 0.54 34
1 273 2 -9 0.98 43
2 1187 2 4 0.66 37
2 427 2 -9 0.75 37
3 473 2 -9 1.34 44
2 453 2 -9 0.55 34
1 253 2 -9 0.44 35
1 227 1 -9 0.4 35
1 161 1 -9 0.42 35
1 200 1 -9 0.62 38
2 328 1 -9 1.1 45
2 1134 2 -9 0.66 37
2 1145 2 -9 0.68 38
2 387 1 -9 0.65 37
2 690 2 5 0.72 37
2 730 1 -9 0.45 35
2 729 1 -9 0.5 37
2 316 1 7 1.05 44
3 295 2 -9 1.22 45
2 739 1 -9 0.37 33
2 400 1 -9 0.4 34
2 819 2 -9 0.72 37
2 508 2 -9 0.5 34
2 506 1 -9 0.46 32
2 1061 2 3 0.76 38
1 18 1 -9 0.38 35
2 1003 2 -9 0.47 36
2 861 2 -9 0.6 37
2 1022 2 -9 0.52 36
2 1169 1 -9 0.4 35
3 501 2 -9 1.23 44
1 82 1 4 0.4 36
1 252 1 -9 0.28 34
1 228 1 -9 0.44 38
1 229 1 6 0.38 33
1 146 2 4 0.49 36
1 203 1 -9 0.46 35
1 182 2 -9 0.8 39
2 306 1 5 1.15 43
2 391 1 -9 0.6 37
2 734 1 -9 0.42 33
2 625 2 -9 0.6 35
2 721 1 -9 0.46 36
2 399 1 -9 0.38 33
2 413 1 -9 0.5 36
2 662 2 3 0.56 35
2 681 1 -9 0.41 35
2 669 2 -9 0.5 35
2 547 2 -9 0.74 39
2 551 2 -9 0.5 34
2 556 2 -9 0.2 26
2 343 2 -9 0.91 37
2 1056 2 -9 0.79 39
2 1070 1 -9 0.42 34
1 33 2 -9 0.36 32
2 840 1 -9 0.75 41
2 936 1 -9 0.5 37
2 869 1 -9 0.54 38
2 901 1 -9 0.67 40
2 902 2 -9 0.62 36
2 899 1 4 0.56 37
2 909 2 6 0.89 43
2 852 1 -9 0.51 36
2 950 2 -9 0.73 38
2 946 2 -9 0.56 35
2 1183 2 3 0.34 32
3 466 2 -9 1.1 42
2 445 2 -9 0.25 27
1 102 1 5 0.42 36
1 68 2 4 0.34 30
1 242 2 5 0.4 34
1 167 1 -9 0.5 36
1 223 2 -9 0.46 33
1 214 2 -9 0.52 33
3 292 1 -9 1.36 46
2 316 1 9 1 45
2 752 1 -9 0.53 35
2 611 1 3 0.42 33
2 785 2 -9 0.65 36
2 755 2 -9 0.47 38
2 709 2 -9 0.53 34
2 717 1 -9 0.5 34
2 676 1 -9 0.49 35
2 635 2 -9 0.6 36
2 652 2 -9 0.46 33
2 594 2 -9 0.68 38
2 536 2 -9 0.68 38
1 128 1 -9 0.48 37
1 3 2 -9 1.49 45
2 337 2 5 2 38
2 355 1 -9 0.42 34
1 130 1 -9 0.52 35
2 343 2 -9 0.79 36
2 338 2 -9 0.74 38
2 1044 1 5 0.56 36
2 1071 1 -9 0.5 36
2 1091 1 -9 0.58 39
1 44 1 -9 0.4 34
2 829 2 -9 0.7 37
2 827 2 4 0.51 35
2 828 2 -9 0.63 36
2 879 2 -9 0.62 36
2 980 2 -9 0.7 38
2 947 1 -9 0.51 37
2 1013 1 -9 0.55 38
2 944 2 -9 0.56 34
2 945 1 -9 0.34 33
2 885 2 -9 0.73 38
2 1027 1 5 0.51 38
2 892 2 -9 0.58 35
2 841 2 -9 0.52 36
2 845 1 -9 0.45 36
2 951 1 3 0.51 36
1 272 2 -9 1 41
2 1175 1 3 0.56 35
3 466 2 -9 1.18 41
3 500 1 -9 1.31 46
2 329 2 -9 1.4 46
1 262 1 3 0.62 41
1 67 2 6 0.64 38
1 222 2 6 0.58 37
2 1140 1 -9 0.45 35
2 1142 1 -9 0.48 37
2 599 2 2 0.75 38
2 769 2 -9 0.32 31
2 402 1 -9 0.27 28
2 708 2 -9 0.72 36
2 410 2 -9 0.55 35
2 612 2 -9 0.46 33
2 546 2 5 0.62 37
2 514 2 -9 0.6 35
2 564 2 3 0.42 33
1 265 1 -9 1.17 45
1 109 1 -9 0.66 41
1 106 2 -9 0.6 36
1 124 2 5 0.38 31
1 133 2 -9 0.51 34
2 334 2 3 0.62 36
2 350 2 -9 0.56 36
2 1050 2 4 0.72 37
2 1040 2 5 0.89 42
1 15 1 -9 0.44 35
2 842 1 -9 0.56 38
2 839 1 -9 0.81 41
2 1038 2 6 0.66 37
2 887 2 5 0.43 34
2 943 2 -9 0.56 37
2 873 1 -9 0.44 34
2 859 1 -9 0.47 36
2 934 2 -9 0.71 36
1 270 2 -9 0.46 35
2 1160 1 -9 0.44 35
2 1190 1 -9 0.43 34
2 451 2 -9 0.65 39
3 479 1 -9 1.42 47
2 445 2 -9 0.35 30
1 256 2 -9 0.42 35
1 91 1 -9 0.34 32
1 148 2 -9 0.36 33
1 215 2 -9 0.42 34
1 299 2 -9 1.1 44
2 1111 1 -9 0.51 34
2 730 1 -9 0.36 32
2 625 1 -9 0.46 36
2 715 2 -9 0.31 29
2 668 1 -9 0.56 36
2 644 1 -9 0.5 37
2 636 2 -9 0.62 35
2 548 2 -9 0.7 40
2 537 2 -9 0.64 38
2 543 2 -9 0.62 36
2 564 1 -9 0.42 32
2 568 1 -9 0.5 36
1 129 2 -9 0.7 37
2 1050 2 4 0.77 37
2 1084 1 -9 0.43 35
1 23 1 -9 0.44 35
1 31 2 5 0.38 33
2 996 1 -9 0.47 35
2 836 1 -9 0.69 39
2 833 1 -9 0.65 37
2 833 2 -9 0.65 37
2 990 2 -9 0.86 39
2 986 1 -9 0.41 34
2 987 2 3 0.71 37
2 897 2 3 0.56 36
2 1168 2 -9 0.6 36
2 1185 2 -9 0.56 35
3 499 2 -9 1.48 44
3 474 2 -9 1.17 43
1 255 1 4 0.36 33
1 247 2 -9 0.4 35
1 224 2 -9 0.54 37
2 315 2 6 0.97 42
2 596 2 3 0.7 38
2 766 1 6 0.65 39
2 770 1 3 0.3 30
2 775 1 -9 0.43 35
1 281 1 -9 1.12 44
2 600 2 4 0.72 37
2 415 1 -9 0.45 34
2 751 2 -9 0.5 34
2 695 2 -9 0.56 36
2 671 2 -9 0.55 35
2 571 1 3 0.38 34
2 582 1 -9 0.32 33
2 507 2 3 0.58 37
1 112 2 -9 0.34 31
1 118 2 2 0.24 29
1 135 2 -9 0.56 35
2 1047 2 -9 0.65 37
1 33 1 3 0.32 34
2 913 1 -9 0.68 43
2 1028 1 -9 0.45 35
2 1030 1 5 0.45 35
2 889 1 5 0.42 34
2 965 2 3 0.76 37
2 961 2 4 0.52 36
2 1205 1 -9 0.4 34
2 1190 2 -9 0.61 37
3 467 2 -9 1.46 46
2 423 2 4 0.85 38
2 447 1 -9 0.45 35
2 456 2 -9 0.55 34
3 499 2 -9 1.36 44
2 428 1 -9 0.5 35
1 74 2 -9 0.64 40
1 221 2 -9 0.54 36
2 1134 2 4 0.6 36
3 287 1 -9 1.2 42
2 776 1 3 0.41 33
2 609 2 -9 0.42 32
2 603 2 5 0.62 36
2 705 2 4 0.62 34
2 762 1 -9 0.75 40
2 706 1 -9 0.67 37
2 760 1 3 0.58 36
2 641 1 -9 0.55 36
2 663 1 -9 0.38 33
2 630 2 -9 0.61 37
2 658 2 4 0.66 36
2 795 2 3 0.55 35
2 640 1 -9 0.47 35
2 505 1 -9 0.54 35
2 560 2 3 0.42 34
2 575 1 -9 0.4 34
2 509 1 -9 0.4 32
1 107 2 -9 0.46 33
2 349 1 5 0.54 37
2 1095 2 4 0.64 36
2 1048 2 3 0.62 37
1 45 1 -9 0.39 34
2 993 1 -9 0.37 34
2 934 1 -9 0.34 33
2 973 2 -9 0.57 36
2 1167 2 -9 0.33 29
2 1161 2 -9 0.52 34
2 1199 2 -9 0.6 35
3 491 1 -9 1.15 43
1 62 2 -9 0.38 36
1 251 2 -9 0.42 34
2 1143 2 -9 0.72 39
2 1128 2 4 0.53 35
2 787 1 -9 0.41 33
2 690 1 5 0.61 38
2 596 2 5 0.91 41
2 705 2 -9 0.82 37
2 737 1 5 0.46 36
2 658 1 -9 0.53 37
2 613 1 -9 0.56 37
2 538 2 -9 0.8 38
2 550 2 3 0.58 36
2 566 2 -9 0.52 36
1 129 2 -9 0.38 33
2 372 2 -9 0.58 35
2 1090 1 4 0.4 34
2 1101 2 -9 0.58 36
1 34 1 3 0.48 35
1 44 2 -9 0.42 34
2 877 2 -9 0.53 36
2 828 1 -9 0.68 38
2 828 2 -9 0.57 37
2 903 2 5 0.57 38
2 1000 1 -9 0.51 37
2 918 2 -9 0.37 33
2 949 2 -9 0.53 34
2 983 2 4 0.62 36
2 927 1 2 0.34 32
2 851 2 -9 0.45 36
2 894 1 -9 0.51 36
2 938 1 -9 0.44 33
2 851 1 -9 0.45 35
1 270 1 -9 0.49 35
3 478 1 -9 1 43
2 437 2 -9 0.55 34
1 92 2 -9 0.56 37
1 89 2 5 0.46 34
1 253 2 -9 0.34 33
1 236 1 -9 0.4 35
1 154 2 4 0.5 34
1 220 1 6 0.4 34
1 186 1 -9 0.36 32
3 278 1 -9 1.34 35
2 794 1 5 0.62 37
2 812 2 -9 0.52 34
2 811 1 4 0.54 37
2 632 1 -9 0.46 34
2 668 2 -9 0.55 37
2 710 2 -9 0.65 37
2 394 1 3 0.45 35
2 394 1 -9 0.5 36
2 378 2 -9 0.6 35
2 681 1 -9 0.48 36
2 671 1 -9 0.46 35
2 658 1 -9 0.46 34
2 621 2 -9 0.64 36
2 670 2 4 0.55 35
2 573 1 4 0.5 38
2 584 1 -9 0.36 33
2 347 2 -9 0.59 35
1 19 1 5 0.4 36
2 905 2 -9 0.74 37
2 922 1 6 0.53 37
2 910 2 -9 0.7 39
2 1000 2 -9 0.82 39
2 889 2 -9 0.55 35
2 868 2 -9 0.67 38
2 844 2 -9 0.49 34
2 894 2 -9 0.53 35
3 475 2 -9 1.22 43
2 450 2 5 0.6 36
3 330 2 -9 1.52 46
1 235 1 -9 0.54 39
2 328 2 -9 0.82 39
2 1130 2 -9 0.52 36
2 688 2 4 0.74 38
2 748 1 -9 0.61 37
2 769 1 -9 0.18 25
2 800 2 -9 0.55 35
2 715 1 -9 0.46 32
2 622 1 -9 0.5 35
2 525 2 3 0.8 36
2 562 2 -9 0.56 35
2 580 1 3 0.36 31
2 515 1 -9 0.46 33
1 123 2 -9 0.56 36
2 365 2 -9 0.6 38
2 1086 2 -9 0.53 36
2 838 1 -9 0.53 36
2 904 2 -9 0.72 39
2 825 2 -9 0.45 34
2 878 2 -9 0.59 36
2 878 2 -9 0.56 37
2 1018 2 -9 0.62 37
2 867 2 -9 0.57 36
2 936 1 -9 0.47 37
2 901 1 4 0.53 38
2 924 2 -9 0.61 37
2 911 1 -9 0.52 36
1 226 1 5 0.75 40
3 310 2 -9 1.3 42
1 272 2 -9 1.4 46
2 1182 1 -9 0.42 34
3 467 1 -9 1.5 46
1 263 2 -9 0.34 33
1 82 1 -9 0.34 34
1 58 1 -9 0.36 32
1 79 2 -9 0.5 38
1 230 1 -9 0.42 34
1 205 1 -9 0.36 34
1 213 1 -9 0.3 30
1 191 2 -9 0.6 37
2 1116 2 -9 0.62 35
2 794 1 -9 0.34 32
2 395 1 -9 0.48 35
2 416 2 -9 0.5 34
2 819 2 -9 0.57 36
1 132 2 -9 0.55 35
2 1059 2 -9 0.34 29
2 1091 2 -9 0.58 36
2 1101 2 -9 0.62 36
1 15 1 -9 0.34 31
1 56 2 -9 0.32 31
1 18 1 -9 0.4 33
1 43 1 -9 0.38 36
2 994 1 -9 0.47 35
2 879 1 -9 0.45 36
2 949 2 -9 0.69 36
2 1027 1 -9 0.44 34
2 870 1 -9 0.49 36
2 954 1 -9 0.66 38
2 1206 2 4 0.74 38
2 1178 1 -9 0.52 35
2 1170 2 -9 0.52 36
2 1197 2 -9 0.5 35
2 1193 2 -9 0.62 36
3 490 2 -9 1.3 43
3 495 2 -9 1.02 42
3 485 2 -9 1.58 44
1 279 2 -9 0.84 41
1 249 2 9 0.78 42
1 261 2 -9 0.5 37
1 216 2 5 0.58 37
1 193 1 -9 0.48 35
1 297 2 -9 1.25 43
3 291 2 -9 1.12 43
2 385 2 -9 0.7 36
2 687 2 6 0.82 40
2 790 1 -9 0.31 31
3 290 1 -9 1.22 45
2 765 1 -9 0.76 39
2 738 1 -9 0.48 34
2 757 1 -9 0.53 35
2 413 1 4 0.5 35
2 415 2 -9 0.26 30
2 666 2 -9 0.45 34
2 605 1 -9 0.96 43
2 795 2 -9 0.9 36
2 508 1 -9 0.6 36
2 529 2 3 0.5 35
2 578 1 -9 0.38 33
1 267 2 -9 1.2 43
1 137 2 5 0.42 32
2 1043 1 -9 0.52 35
2 1096 2 -9 0.54 35
2 1100 2 5 0.55 35
1 40 2 -9 0.68 35
2 829 1 -9 0.63 37
2 1023 1 -9 0.45 34
2 914 1 -9 0.53 36
2 1021 1 -9 0.38 34
2 1002 1 -9 0.52 39
2 844 1 -9 0.44 35
2 853 1 -9 0.51 35
2 896 1 -9 0.57 37
2 1181 2 -9 0.64 35
2 1183 2 -9 0.42 32
2 1162 1 -9 0.48 38
2 1188 1 -9 0.46 33
3 495 2 -9 1.1 41
3 485 2 -9 1 41
1 76 1 -9 0.74 40
1 101 2 -9 0.52 37
1 234 2 3 0.36 32
1 174 1 4 0.52 37
1 196 2 -9 0.64 37
3 276 2 -9 1.03 43
2 420 1 6 0.7 40
2 822 2 3 0.67 36
2 739 1 -9 0.41 32
2 614 2 -9 0.6 35
2 404 1 -9 0.45 36
2 631 2 4 0.81 39
3 312 2 -9 1 44
1 264 2 -9 1.2 41
2 555 2 -9 0.58 36
2 366 2 3 0.64 36
1 104 1 -9 1.3 50
2 1090 2 -9 0.62 38
1 29 2 -9 0.48 36
1 35 2 -9 0.78 36
1 12 2 -9 0.39 33
2 825 2 3 0.56 36
2 975 1 3 0.41 34
2 1012 1 5 0.53 38
2 939 2 -9 0.44 33
2 1197 2 -9 0.68 37
3 502 1 -9 1.22 45
3 502 1 -9 1.38 48
2 470 2 -9 1.35 47
1 93 2 -9 0.48 36
2 804 1 3 0.44 32
2 610 1 3 0.43 33
2 378 2 -9 0.5 37
2 635 1 -9 0.55 35
2 685 1 -9 0.52 37
2 605 2 5 0.5 33
2 789 1 6 0.58 39
2 643 2 -9 0.64 37
2 542 2 -9 0.58 36
2 540 1 -9 0.6 39
1 110 2 5 0.77 39
1 115 1 -9 0.48 34
2 360 1 -9 0.52 38
2 367 2 -9 0.68 39
2 352 2 -9 0.6 37
2 1105 1 -9 0.54 36
1 51 2 5 0.54 39
1 17 1 -9 0.37 32
2 1000 1 -9 0.6 38
2 873 2 -9 0.65 36
2 963 2 -9 0.61 37
2 1008 2 4 0.55 33
2 897 1 -9 0.61 39
2 450 1 -9 0.47 35
1 66 2 -9 0.58 35
1 247 2 -9 0.54 39
1 235 2 -9 0.52 35
1 149 1 4 0.22 31
1 208 2 -9 0.52 36
1 186 2 -9 0.56 36
1 296 2 -9 1.35 43
2 1147 2 -9 0.49 34
2 1137 2 -9 0.49 34
3 293 1 -9 1.22 45
2 787 1 -9 0.42 33
2 812 1 -9 0.39 33
2 748 2 -9 0.62 36
2 623 1 -9 0.45 35
3 284 2 -9 1.46 45
2 418 2 3 0.5 35
2 744 2 5 0.56 35
2 605 1 -9 0.44 34
2 803 2 -9 0.45 35
2 565 1 3 0.5 36
2 581 1 -9 0.38 33
2 561 2 -9 0.78 39
2 570 2 -9 0.5 35
2 556 1 -9 0.48 38
2 530 1 3 0.56 35
1 125 1 3 0.32 29
2 349 1 -9 0.4 35
1 10 2 -9 1.3 43
2 1051 2 2 0.4 33
2 1053 2 2 0.49 33
2 1064 2 -9 0.6 37
1 22 2 5 0.6 37
2 834 2 5 0.76 38
2 880 2 -9 0.64 38
2 1021 1 -9 0.42 35
2 892 2 -9 0.49 35
2 935 1 3 0.46 34
2 973 1 -9 0.38 34
2 894 1 -9 0.61 39
2 976 2 -9 0.48 34
2 1161 1 -9 0.4 33
2 1188 2 -9 0.58 36
2 423 2 3 0.65 36
3 488 2 -9 0.56 34
3 498 2 -9 1.33 43
2 462 2 -9 0.65 38
1 59 1 -9 0.46 35
3 330 2 -9 1.42 45
1 94 1 -9 0.38 34
1 165 2 -9 0.62 37
1 224 2 -9 0.54 36
2 1133 2 -9 0.49 34
2 379 2 -9 0.75 37
2 694 1 -9 0.6 37
2 667 1 -9 0.36 33
2 392 1 -9 0.45 35
2 721 1 3 0.5 35
2 657 1 -9 0.56 37
2 673 1 5 0.41 33
2 680 1 -9 0.51 37
2 373 2 -9 0.68 36
1 108 1 -9 0.48 35
1 104 1 -9 1.4 46
2 1065 1 -9 0.52 34
2 1046 1 -9 0.68 37
2 1092 1 4 0.5 36
1 55 2 -9 0.25 30
2 910 2 -9 0.79 38
2 1016 1 5 0.44 36
2 966 2 -9 0.55 34
2 846 2 3 0.49 35
2 931 1 -9 0.41 34
2 952 1 -9 0.39 33
2 959 2 -9 0.67 36
1 226 1 4 1 41
2 1157 1 -9 0.38 32
2 1171 1 5 0.38 34
2 1165 1 -9 0.5 36
2 460 2 -9 0.6 35
1 255 1 -9 0.32 33
1 84 2 -9 0.56 35
1 235 2 -9 0.42 33
1 168 1 -9 0.4 34
1 168 2 -9 0.46 34
1 164 2 -9 0.58 35
1 168 2 5 0.56 36
1 221 1 -9 0.42 33
1 219 2 5 0.62 37
2 1152 1 4 0.48 34
2 1145 2 -9 0.7 38
2 1114 2 -9 0.56 37
2 815 2 3 0.6 36
2 815 2 -9 0.59 37
2 730 1 -9 0.38 33
2 747 1 -9 0.58 37
2 735 2 -9 0.55 36
2 764 2 6 0.6 37
2 693 2 5 0.48 33
2 659 2 -9 0.5 35
2 631 2 -9 0.81 39
2 660 2 -9 0.45 33
2 572 2 -9 0.66 37
2 540 1 -9 0.76 44
2 529 2 4 0.7 36
2 528 1 3 0.6 34
2 533 2 3 0.68 38
2 576 1 -9 0.44 37
2 561 1 -9 0.38 33
2 374 1 -9 0.5 36
1 44 1 -9 0.3 32
2 965 2 -9 0.63 36
2 961 1 3 0.48 35
2 856 2 -9 0.51 36
2 850 2 4 0.59 36
2 987 1 -9 0.55 37
2 947 1 -9 0.48 35
2 1173 2 -9 0.62 38
2 1180 1 -9 0.52 36
2 1180 1 -9 0.68 38
2 461 1 -9 0.45 35
2 440 1 -9 0.45 33
1 254 2 -9 0.56 37
1 96 2 3 0.26 29
1 83 2 -9 0.5 35
2 1143 2 -9 0.56 36
2 624 2 -9 0.52 34
2 404 2 -9 0.8 38
2 646 2 -9 0.45 34
2 666 2 4 0.61 36
2 605 1 -9 0.45 36
2 663 2 5 0.58 36
3 311 1 -9 1.45 46
2 604 2 -9 0.49 34
2 617 1 -9 0.53 36
2 685 2 3 0.55 36
2 789 2 5 0.85 39
2 522 1 -9 0.52 35
2 595 1 -9 0.4 32
2 527 1 1 0.32 30
2 510 2 -9 0.52 36
2 516 2 3 0.62 36
2 1087 1 -9 0.54 36
2 1041 2 4 0.75 39
1 26 1 3 0.46 34
2 839 1 -9 0.78 39
2 920 2 3 0.55 35
2 847 1 -9 0.35 33
2 930 1 -9 0.5 36
2 937 2 3 0.51 34
2 1178 1 -9 0.64 38
2 1203 2 -9 0.6 35
2 448 1 7 0.47 38
2 451 2 -9 0.5 34
3 496 2 -9 1.15 43
1 255 2 -9 0.46 35
1 238 1 -9 0.48 36
1 148 2 -9 0.44 35
1 171 2 -9 0.58 36
1 172 2 -9 0.48 37
1 221 2 -9 0.7 38
1 210 2 -9 0.42 34
2 1116 1 3 0.38 33
1 1 2 -9 1.22 43
1 1 2 -9 1.65 47
2 1131 1 4 0.62 40
2 384 2 3 0.6 37
2 600 2 5 0.81 39
2 780 1 -9 0.4 33
2 697 2 -9 0.68 35
2 700 1 -9 0.54 35
2 818 2 3 0.6 36
2 684 1 -9 0.27 28
2 520 2 -9 0.6 36
2 577 2 -9 0.22 28
2 576 1 -9 0.42 32
2 527 2 4 0.46 34
1 134 2 -9 0.5 36
2 338 2 -9 0.56 38
2 1099 2 -9 0.49 36
2 1096 2 -9 0.76 39
2 874 1 5 0.41 35
2 938 1 -9 0.42 35
2 1159 2 -9 0.62 36
2 1156 1 -9 0.41 32
2 460 2 -9 0.6 37
2 443 2 -9 0.5 34
3 503 2 -9 1.22 44
1 64 1 -9 0.46 36
1 78 2 -9 0.48 34
2 302 1 6 1.05 43
2 322 1 4 0.86 40
2 1129 1 -9 0.58 38
2 1127 1 4 0.46 34
2 772 1 3 0.45 34
2 752 2 -9 0.5 34
2 720 2 -9 0.42 32
2 713 2 -9 0.4 32
2 662 2 -9 0.56 36
2 649 2 3 0.59 35
2 616 2 3 0.5 34
2 529 1 -9 0.5 34
2 575 2 -9 0.48 36
2 584 1 -9 0.38 33
2 580 1 -9 0.24 29
2 345 2 4 0.69 36
2 1054 2 -9 0.84 38
2 1063 2 9 0.9 43
2 1065 2 -9 0.74 38
2 1070 2 5 0.58 36
1 51 2 -9 0.4 34
1 39 2 -9 0.46 34
2 834 1 4 0.61 39
2 1026 2 -9 0.58 37
2 862 1 3 0.49 35
2 859 2 -9 0.47 33
2 850 2 3 0.57 35
2 896 1 -9 0.77 41
1 268 2 -9 0.43 34
2 426 1 6 0.6 37
2 451 2 -9 0.45 34
3 489 1 -9 1.16 42
1 74 2 5 0.64 37
1 173 1 -9 0.42 33
1 203 2 -9 0.42 32
1 176 1 3 0.38 33
1 271 1 -9 1.24 45
3 292 1 -9 1.08 43
2 376 2 -9 0.6 37
2 800 1 -9 0.4 33
2 746 2 -9 0.69 36
2 718 2 5 0.6 37
2 715 2 -9 0.78 36
2 615 2 -9 0.55 35
2 637 1 -9 0.56 38
2 684 1 -9 0.56 37
2 686 1 -9 0.46 34
2 652 2 -9 0.62 37
2 819 2 -9 0.57 36
2 557 1 -9 0.24 28
2 546 2 -9 0.64 40
2 521 1 2 0.42 34
1 127 2 3 0.38 30
2 338 2 5 0.66 37
2 1079 2 -9 0.54 35
1 26 1 -9 0.42 33
2 829 1 6 0.58 37
2 914 1 -9 0.47 34
2 979 2 -9 0.39 32
2 1014 2 3 0.5 35
2 882 1 -9 0.4 34
2 930 2 -9 0.52 34
2 886 2 -9 0.5 35
2 964 1 -9 0.56 37
2 872 1 5 0.47 36
2 969 2 -9 0.67 37
2 988 1 -9 0.59 39
2 1175 2 4 0.72 38
2 465 1 -9 0.7 39
2 454 1 -9 0.5 35
3 481 1 -9 1.66 49
1 102 2 5 0.46 35
1 92 1 -9 0.44 33
1 228 2 -9 0.34 36
1 218 2 -9 0.62 36
1 188 1 -9 0.43 33
1 201 2 -9 0.62 37
2 791 1 -9 0.42 31
2 390 2 -9 0.65 36
2 620 1 -9 0.4 33
2 809 2 -9 0.43 35
2 399 2 -9 0.63 36
2 737 2 -9 0.41 31
2 665 2 -9 0.57 35
2 661 1 -9 0.42 35
3 311 2 -9 0.9 38
2 619 2 -9 0.7 37
2 613 1 3 0.39 34
2 643 1 -9 0.57 39
2 539 2 -9 0.7 36
2 547 2 -9 0.68 37
2 583 1 -9 0.34 30
2 543 1 -9 0.72 38
2 589 1 5 0.44 33
2 554 1 -9 0.26 29
1 122 1 -9 0.43 36
1 267 1 -9 1.1 41
1 141 1 -9 0.33 32
2 350 1 -9 0.36 34
2 886 1 -9 0.33 32
2 1034 1 1 0.17 26
1 270 1 -9 0.62 42
1 274 2 -9 1.2 43
2 432 2 -9 0.75 38
3 471 1 -9 1.26 45
2 428 2 -9 0.73 38
1 62 1 -9 0.42 36
1 61 1 5 0.42 35
1 223 2 4 0.52 36
1 299 2 -9 1.4 44
2 1142 2 -9 0.5 33
2 811 2 3 0.52 35
1 282 1 -9 1.32 45
2 695 1 -9 0.52 35
2 668 2 -9 0.61 36
2 724 1 -9 0.33 38
2 633 2 -9 0.65 37
2 714 1 -9 0.36 27
2 783 2 3 0.6 35
2 796 2 4 0.61 36
2 541 1 -9 0.68 41
2 553 2 -9 0.62 37
2 583 1 -9 0.22 27
2 517 2 4 0.8 38
1 111 2 -9 0.4 33
1 124 2 -9 0.6 36
2 373 2 -9 0.62 36
2 356 1 -9 0.48 36
2 1081 1 -9 0.46 35
2 1052 1 -9 0.46 34
2 1078 2 -9 0.62 36
2 1077 2 4 0.58 36
2 1095 2 4 0.78 38
2 1086 1 -9 0.45 35
1 20 1 3 0.42 34
1 12 2 -9 0.48 35
2 912 1 -9 0.58 38
2 919 2 -9 0.66 39
2 861 2 -9 0.55 34
2 1022 1 -9 0.46 36
2 894 1 -9 0.54 37
2 978 1 -9 0.48 35
2 853 2 -9 0.31 31
2 851 2 4 0.53 35
2 1157 2 -9 0.62 36
2 329 2 -9 0.95 39
1 249 2 -9 0.78 39
1 75 1 -9 0.62 35
1 174 2 -9 0.54 36
1 213 2 -9 0.2 26
1 188 1 -9 0.5 36
1 189 2 5 0.44 37
2 305 1 3 0.8 38
2 322 2 6 1.03 41
2 381 2 -9 0.6 36
2 725 1 4 0.48 35
2 716 1 -9 0.46 32
2 767 2 -9 0.6 37
2 631 2 -9 0.8 39
2 537 2 -9 0.72 42
1 264 2 -9 1.4 42
2 525 2 -9 0.5 34
1 266 1 -9 1.38 46
2 353 2 -9 0.29 27
2 825 1 6 0.52 37
2 949 1 -9 0.49 36
2 1026 2 5 0.59 37
2 986 2 -9 0.19 25
2 896 1 -9 0.6 39
3 331 2 -9 0.85 40
2 1168 2 -9 0.52 35
2 1187 2 -9 0.58 34
3 476 1 -9 1.6 54
3 493 2 -9 1.06 41
2 442 2 -9 0.6 37
1 77 2 6 0.44 35
1 101 2 -9 0.38 33
1 227 1 -9 0.5 38
1 234 1 -9 0.54 38
1 169 2 -9 0.38 33
2 1124 2 -9 0.76 40
2 1113 2 -9 0.7 39
2 805 1 5 0.42 34
2 758 1 -9 0.48 36
2 723 2 -9 0.46 37
2 407 2 -9 0.65 38
2 657 2 -9 0.41 32
2 585 1 5 0.52 36
1 141 1 3 0.19 28
2 1075 2 -9 0.67 37
2 1088 1 -9 0.42 35
1 24 1 -9 0.37 33
2 838 1 5 0.53 37
2 992 1 -9 0.45 35
2 1013 1 -9 0.48 38
2 860 1 3 0.45 33
2 1019 1 4 0.47 37
2 1027 2 -9 0.47 35
2 849 2 -9 0.43 33
2 835 2 -9 0.68 37
2 875 1 -9 0.37 33
2 909 2 -9 0.57 35
3 471 2 -9 1.36 43
3 471 2 -9 1.58 46
2 445 1 -9 0.45 34
1 95 1 -9 0.3 33
1 63 1 -9 0.48 37
1 69 2 -9 0.36 34
1 232 1 -9 0.56 37
1 215 2 2 0.28 29
1 203 1 3 0.07 26
2 388 2 -9 0.55 36
2 609 2 3 0.48 34
2 807 2 3 0.58 36
2 650 1 -9 0.55 37
2 505 1 5 0.68 37
2 552 2 -9 0.38 31
2 514 2 -9 0.6 36
2 568 1 4 0.44 35
2 577 1 -9 0.4 34
2 527 1 -9 0.62 37
2 554 1 -9 0.4 36
1 113 2 -9 0.39 33
2 368 2 -9 0.58 37
2 351 2 -9 0.61 37
2 1094 2 -9 0.28 30
1 13 1 -9 0.33 30
1 36 1 4 0.4 37
2 1037 2 5 0.64 37
2 953 2 -9 0.43 33
2 1015 2 -9 0.49 35
2 941 1 -9 0.49 35
2 956 1 -9 0.47 36
2 881 2 5 0.53 36
3 309 2 -9 1.62 47
1 272 1 -9 1.1 44
1 273 2 -9 1.04 42
2 1177 1 -9 0.6 37
2 1204 2 -9 0.4 33
3 494 1 -9 1.04 41
1 70 1 -9 0.46 37
1 243 1 -9 0.5 40
2 308 2 5 1.3 44
2 1134 2 -9 0.54 34
2 1140 2 -9 0.64 38
2 1113 2 -9 0.46 34
3 291 1 -9 1.44 47
2 385 1 -9 0.75 39
2 420 1 5 0.6 37
2 810 1 -9 0.54 35
1 285 2 -9 1.4 46
2 741 2 7 0.85 39
2 726 1 -9 0.5 36
2 414 2 -9 0.65 35
2 634 1 -9 0.45 35
2 633 2 3 0.72 37
2 718 2 -9 0.58 35
2 595 1 -9 0.52 37
2 512 1 -9 0.62 36
1 265 2 -9 1.66 43
1 136 2 -9 0.54 35
2 344 1 -9 0.66 39
1 26 1 -9 0.4 35
1 14 2 -9 0.47 34
1 46 1 -9 0.48 36
1 37 2 -9 0.58 36
2 1002 1 5 0.4 33
2 1032 1 -9 0.51 36
2 958 1 -9 0.4 34
2 982 2 -9 0.58 36
2 987 2 -9 0.6 36
2 1163 1 -9 0.46 33
2 1166 2 3 0.68 37
2 1201 2 -9 0.48 35
3 504 2 -9 1.24 41
3 480 1 -9 1.35 45
1 78 1 -9 0.4 34
1 79 2 -9 0.62 35
1 73 2 -9 0.5 35
1 158 1 4 0.52 36
1 183 1 -9 0.66 41
2 302 1 6 1.05 43
3 278 1 -9 1.73 44
2 1109 1 -9 0.62 35
2 386 2 -9 0.9 39
2 315 2 6 0.79 38
2 597 2 6 0.74 39
2 775 2 -9 0.37 31
2 660 1 -9 0.35 33
2 565 1 -9 0.48 36
2 522 2 -9 0.62 36
2 509 2 -9 0.7 37
1 7 2 -9 1.43 45
2 346 2 -9 0.78 39
2 1053 2 -9 0.54 35
2 1087 2 -9 0.54 34
2 1093 2 -9 0.68 37
1 31 1 -9 0.44 34
1 49 1 -9 0.6 37
1 55 1 -9 0.26 30
2 921 2 -9 0.67 36
2 999 1 -9 0.59 37
2 970 1 4 0.46 36
2 874 1 -9 0.45 35
2 865 2 -9 0.59 36
2 959 2 3 0.49 34
2 902 1 3 0.53 36
2 1205 2 3 0.52 35
3 468 2 -9 1.17 42
3 504 1 -9 1.52 45
1 82 2 -9 0.46 34
1 170 1 -9 0.4 34
1 179 1 -9 0.55 37
1 209 1 4 0.4 33
1 300 1 -9 1.25 45
2 327 1 -9 1.29 45
2 1137 2 -9 0.54 32
2 1113 2 -9 0.62 38
2 623 1 -9 0.58 38
2 777 2 -9 0.6 36
2 398 2 -9 0.5 35
2 751 2 -9 0.5 34
2 699 2 3 0.6 35
2 778 2 -9 0.5 35
2 411 1 -9 0.45 36
2 394 2 -9 0.7 38
2 641 2 4 0.7 36
2 409 1 -9 0.53 36
2 695 2 -9 0.61 37
2 648 2 -9 0.48 33
2 560 2 -9 0.26 29
2 587 1 -9 0.44 34
2 509 2 3 0.6 36
1 139 2 -9 0.3 30
2 352 2 -9 0.58 36
2 1076 1 4 0.47 35
2 1079 2 -9 0.44 34
2 1090 1 -9 0.44 33
2 1085 2 5 0.5 35
2 1049 2 3 0.73 38
1 30 1 5 0.48 36
2 972 2 -9 0.55 34
2 1037 2 -9 0.6 36
2 907 1 -9 0.61 39
2 1028 2 -9 0.53 35
2 1012 1 -9 0.43 33
2 1007 1 -9 0.34 34
2 985 2 -9 0.53 35
1 269 1 -9 0.48 36
2 1166 1 -9 0.44 34
2 1166 1 -9 0.46 34
2 1202 2 3 0.52 34
2 1196 2 -9 0.64 37
2 438 2 -9 0.75 37
3 492 2 -9 1.3 43
3 481 2 -9 1.26 45
3 496 1 -9 1.52 46
2 446 1 -9 0.45 34
3 503 2 -9 1.28 42
1 102 2 -9 0.52 36
1 79 1 -9 0.48 35
1 247 1 -9 0.4 35
1 167 1 -9 0.46 36
1 216 1 3 0.42 33
1 192 2 6 0.56 36
1 271 1 -9 1.19 44
1 298 1 -9 0.9 41
2 596 2 4 0.78 38
2 677 2 -9 0.65 37
2 767 2 -9 0.76 38
2 626 2 4 0.77 38
2 675 1 -9 0.52 37
2 557 2 1 0.58 37
2 528 2 -9 0.6 35
2 586 1 -9 0.34 34
2 1093 2 5 0.72 37
2 1049 2 4 0.66 39
1 40 2 -9 0.4 32
1 34 2 -9 0.42 34
2 836 2 6 0.72 38
2 908 1 -9 0.48 35
2 997 1 5 0.66 40
2 870 2 -9 0.59 36
2 1011 2 4 0.73 40
2 858 1 -9 0.28 29
2 955 2 -9 0.79 38
2 938 1 4 0.38 33
2 1170 2 -9 0.51 34
2 461 1 -9 0.4 34
2 457 1 -9 0.5 34
3 476 2 -9 1.06 41
2 459 2 -9 0.75 36
1 65 2 -9 0.52 36
1 60 1 -9 0.4 34
1 166 2 -9 0.46 36
1 194 2 -9 0.52 36
2 1118 2 4 0.66 38
2 397 1 -9 0.22 31
2 628 1 -9 0.6 37
2 637 2 5 0.63 37
2 788 1 -9 0.38 34
2 806 1 -9 0.52 35
2 543 1 -9 0.5 35
2 544 2 -9 0.72 38
2 563 2 -9 0.42 35
2 589 1 -9 0.42 34
2 513 1 -9 0.5 35
2 361 1 -9 0.38 34
2 1075 1 4 0.42 35
2 1021 1 -9 0.37 34
2 882 1 3 0.47 35
2 977 2 3 0.66 36
2 843 2 3 0.59 36
2 945 2 3 0.48 34
2 956 1 -9 0.48 36
2 1191 2 -9 0.34 32
2 433 2 -9 0.8 39
2 437 2 -9 0.6 36
1 57 2 5 0.54 36
1 257 1 -9 0.42 35
1 70 2 -9 0.44 34
1 153 1 -9 0.38 33
1 217 2 -9 0.56 35
2 1112 1 -9 0.62 37
2 1118 2 -9 0.64 37
2 689 2 4 0.77 38
2 764 1 -9 0.77 40
2 761 1 -9 0.68 38
2 416 1 -9 0.35 34
2 700 2 -9 0.48 31
2 676 2 -9 0.57 34
2 662 1 -9 0.47 35
2 520 2 -9 0.7 36
2 525 1 -9 0.6 35
1 108 1 4 0.33 33
1 126 2 -9 0.58 38
1 131 2 -9 0.45 33
2 343 2 3 0.62 37
2 375 2 4 0.82 38
1 9 2 -9 1.2 42
1 9 2 -9 1.3 42
2 1095 2 -9 0.56 35
2 1049 2 3 0.65 39
1 54 1 -9 0.4 37
2 905 1 5 0.57 38
2 827 1 -9 0.4 32
2 979 2 -9 0.73 39
2 929 1 -9 0.54 38
2 859 2 -9 0.61 38
2 916 2 -9 0.56 37
2 899 2 -9 0.48 35
2 430 2 -9 0.77 38
3 486 1 -9 1.66 46
3 483 1 -9 1.41 44
2 431 2 5 0.8 40
1 77 1 -9 0.3 31
1 256 1 -9 0.3 33
1 157 1 -9 0.36 33
1 181 2 -9 0.52 36
1 176 1 -9 0.36 33
3 284 1 -9 1.3 46
1 285 2 -9 1.2 41
2 702 2 -9 0.71 36
2 659 2 4 0.76 38
2 680 1 -9 0.42 35
2 645 2 -9 0.66 37
2 534 1 4 0.58 38
2 506 1 3 0.66 37
2 559 1 -9 0.46 35
2 593 1 -9 0.4 33
2 511 1 -9 0.36 33
1 125 1 -9 0.42 32
1 119 2 -9 0.71 39
2 342 1 -9 0.58 36
2 341 2 -9 0.58 35
2 1042 1 -9 0.58 39
2 895 1 -9 0.62 40
2 989 1 4 0.57 39
2 904 2 5 0.54 37
2 994 1 -9 0.4 33
2 952 1 -9 0.49 35
2 956 2 -9 0.5 35
2 1024 1 5 0.34 32
2 946 1 3 0.41 34
3 310 2 -9 1.33 45
2 1172 1 -9 0.48 35
2 449 1 5 0.5 37
1 95 1 -9 0.38 34
1 66 1 -9 0.46 35
1 83 2 5 0.46 34
1 151 1 -9 0.5 35
1 163 1 -9 0.34 30
1 217 2 -9 0.32 32
1 196 2 -9 0.71 38
2 781 2 -9 0.68 37
2 821 2 3 0.69 38
2 733 1 -9 0.38 33
2 609 1 -9 0.53 36
2 701 2 -9 0.6 34
2 707 1 4 0.6 37
2 672 2 -9 0.46 35
2 788 2 3 0.54 34
2 572 1 -9 0.46 36
2 587 1 4 0.4 35
1 125 1 -9 0.48 37
1 266 2 -9 0.95 43
1 118 2 -9 0.52 35
2 364 2 5 0.52 36
2 360 2 4 0.74 37
2 1052 2 -9 0.6 34
1 29 1 -9 0.68 37
2 930 1 -9 0.45 36
2 866 2 4 0.52 34
2 835 2 -9 0.62 37
2 896 2 -9 0.65 36
2 946 2 7 0.55 38
2 1183 1 -9 0.45 34
2 1204 2 -9 0.57 35
2 464 1 -9 0.5 34
1 88 2 -9 0.36 32
1 90 1 6 0.44 34
1 207 2 -9 0.46 35
2 328 1 -9 1.02 43
2 388 2 -9 0.75 38
2 785 2 -9 0.52 37
2 723 2 -9 0.58 36
2 664 1 -9 0.38 33
2 664 2 3 0.57 36
2 582 1 -9 0.34 33
1 265 2 -9 0.95 42
2 1045 1 -9 0.54 38
2 997 1 -9 0.56 38
2 880 2 -9 0.57 37
2 981 2 5 0.53 35
2 979 1 -9 0.39 34
2 931 1 -9 0.4 33
2 1189 1 -9 0.36 32
3 472 1 -9 1.28 47
1 153 2 -9 0.48 36
1 191 1 -9 0.5 35
1 178 1 -9 0.72 42
2 1122 1 5 0.48 36
2 731 1 5 0.48 36
2 773 1 -9 0.5 55
2 757 1 -9 0.6 37
2 402 1 -9 0.55 37
2 702 2 3 0.6 36
2 377 2 -9 0.78 37
2 634 1 -9 0.62 38
3 311 1 -9 1.45 45
2 613 2 -9 0.67 36
1 110 1 -9 0.66 39
1 109 2 -9 0.8 37
1 5 1 -9 1.25 45
1 126 1 -9 0.4 35
2 354 1 -9 0.49 36
1 10 2 -9 0.9 42
2 1043 2 6 0.64 38
2 1074 1 5 0.49 37
2 908 2 -9 0.54 35
2 997 1 -9 0.58 38
2 1017 2 -9 0.55 36
2 882 1 -9 0.46 36
2 868 2 -9 0.68 37
2 1011 2 -9 0.85 40
2 960 2 -9 0.63 36
2 881 2 -9 0.71 40
2 1005 2 3 0.55 35
2 1206 1 4 0.58 39
2 1199 2 -9 0.66 36
2 448 2 -9 0.5 33
3 482 2 -9 1.12 41
3 482 2 -9 1.3 43
3 488 1 -9 1.38 45
3 488 1 -9 1.32 46
1 68 2 -9 0.66 36
1 101 1 -9 0.36 32
1 155 2 -9 0.48 35
1 144 1 -9 0.39 33
1 202 1 -9 0.48 35
1 297 2 -9 1.15 40
2 1114 2 -9 0.52 35
2 380 1 3 0.4 36
2 773 1 1 0.21 26
2 728 1 -9 0.47 35
3 283 1 -9 1.44 48
2 735 1 -9 0.3 31
2 696 2 3 0.6 35
2 725 2 -9 0.6 35
2 399 1 -9 0.45 35
2 403 1 3 0.3 31
2 606 1 -9 0.41 34
2 594 2 -9 0.42 33
2 574 1 3 0.4 33
2 531 2 -9 0.64 37
2 530 2 -9 0.46 34
1 116 1 -9 0.66 39
2 339 2 -9 0.68 37
2 1070 1 -9 0.42 33
2 1097 2 -9 0.6 37
1 38 2 -9 0.5 36
2 829 1 -9 0.6 39
2 989 1 -9 0.57 37
2 880 2 -9 0.57 36
2 889 1 3 0.41 34
2 937 1 -9 0.47 37
2 1024 1 -9 0.46 35
2 1176 2 -9 0.7 38
3 491 1 -9 1.04 39
1 232 1 -9 0.38 35
1 186 2 -9 0.54 36
1 197 2 6 0.52 34
3 276 2 -9 1.11 43
2 400 1 4 0.45 35
2 785 2 -9 0.52 34
2 377 2 -9 0.75 38
2 722 2 -9 0.4 32
2 663 2 -9 0.56 34
2 682 1 -9 0.49 37
2 606 2 -9 0.71 38
2 639 1 4 0.66 38
2 535 2 -9 0.68 39
2 544 2 -9 0.52 35
2 508 1 -9 0.6 35
2 521 1 -9 0.46 35
2 532 2 -9 0.74 39
1 4 1 -9 1.3 44
2 1072 1 -9 0.64 38
1 56 2 -9 0.52 37
2 996 2 -9 0.7 37
2 879 2 -9 0.53 35
2 948 1 -9 0.47 35
2 971 1 4 0.56 38
2 970 2 -9 0.45 32
2 936 1 -9 0.57 38
2 950 2 -9 0.58 35
3 482 1 -9 1 46
2 463 2 -9 0.45 35
1 96 2 -9 0.34 32
1 81 1 -9 0.36 33
1 247 1 5 0.48 34
1 84 2 -9 0.5 33
1 85 2 3 0.48 35
1 242 1 -9 0.3 35
1 160 2 5 0.44 33
1 144 1 -9 0.4 35
1 154 2 4 0.52 36
2 599 2 5 0.84 38
2 610 1 -9 0.38 32
2 419 2 -9 0.6 36
2 673 2 3 0.32 31
2 673 2 -9 0.49 35
2 654 1 -9 0.54 36
2 642 1 -9 0.54 36
2 518 2 -9 0.6 34
2 364 1 -9 0.46 36
2 369 2 -9 0.5 36
2 1073 2 -9 0.48 34
1 30 1 -9 0.42 36
1 32 2 -9 0.44 36
2 908 2 -9 0.71 38
2 930 1 2 0.37 31
2 1157 2 -9 0.51 33
2 1184 2 -9 0.74 38
2 457 1 -9 0.3 29
2 457 2 -9 0.45 32
2 449 2 -9 0.5 33
3 483 2 -9 1.48 44
3 503 2 -9 1.26 45
2 462 2 -9 0.6 36
1 59 1 -9 0.4 34
1 252 1 -9 0.36 34
1 219 2 -9 0.3 30
1 166 1 -9 0.4 32
2 304 2 5 0.85 38
2 1149 2 -9 0.56 37
2 1153 1 4 0.7 39
2 805 2 -9 0.41 33
2 411 2 3 0.47 33
2 417 2 -9 0.45 36
2 713 2 -9 0.6 38
2 806 2 3 0.69 36
2 569 1 -9 0.56 38
2 335 2 5 0.9 40
2 341 2 -9 0.76 37
2 358 1 -9 0.42 35
2 1073 2 9 0.48 35
1 12 1 5 0.55 37
2 929 2 -9 0.53 34
2 855 2 -9 0.6 36
2 845 2 -9 0.72 37
2 830 2 -9 0.71 38
2 1198 2 -9 0.55 35
2 1201 1 -9 0.5 36
2 1204 1 -9 0.42 34
2 460 1 -9 0.55 36
1 62 1 -9 0.48 35
1 241 1 -9 0.4 35
1 206 1 5 0.35 33
1 296 1 -9 1.7 48
2 1127 1 -9 0.44 34
2 391 1 -9 0.55 36
2 808 1 -9 0.46 35
2 759 1 -9 0.54 36
2 722 2 3 0.56 34
2 674 2 -9 0.51 35
2 586 1 3 0.46 34
2 576 1 -9 0.42 35
2 365 2 5 0.5 34
2 1077 2 -9 0.62 37
2 1049 2 3 0.73 38
1 42 1 5 0.46 37
1 25 2 4 0.55 36
2 1010 1 5 0.29 30
2 1035 2 -9 0.75 38
2 998 1 -9 0.66 41
2 1033 1 -9 0.45 34
2 979 2 5 0.49 34
2 974 1 3 0.45 34
2 883 1 5 0.5 37
1 269 1 -9 0.43 35
2 1175 2 -9 0.84 39
2 1176 2 -9 0.59 36
2 1195 2 -9 0.52 35
2 1203 2 3 0.54 36
2 447 2 -9 0.65 36
1 65 2 -9 0.44 34
1 86 2 -9 0.24 29
1 225 1 -9 0.45 36
1 212 1 -9 0.44 35
2 1115 2 4 0.54 36
2 1118 2 -9 0.5 35
2 677 2 5 0.51 35
2 809 2 -9 0.62 36
2 779 2 -9 0.52 33
2 409 2 4 0.68 37
2 627 2 -9 0.66 37
2 645 1 4 0.48 36
2 655 2 -9 0.58 37
2 548 1 -9 0.58 38
2 557 1 -9 0.46 36
2 520 2 -9 0.6 41
1 121 1 -9 0.37 34
1 120 1 -9 0.46 35
1 115 1 -9 0.42 32
2 374 2 -9 0.52 37
2 348 2 -9 0.52 43
2 1047 2 -9 0.48 35
2 1102 2 -9 0.57 36
2 1104 1 -9 0.48 36
2 842 1 -9 0.52 37
2 832 2 5 0.66 36
2 996 1 -9 0.62 39
2 917 2 -9 0.76 40
2 923 1 -9 0.54 37
2 907 1 -9 0.58 38
2 907 2 -9 0.61 39
2 1000 2 5 0.85 40
2 942 2 -9 0.77 39
2 885 1 -9 0.44 36
2 886 2 -9 0.58 36
2 891 2 -9 0.42 33
2 870 1 3 0.49 36
1 268 2 -9 0.49 35
2 1169 1 -9 0.48 34
1 74 1 -9 0.5 37
1 60 1 -9 0.36 32
1 80 1 4 0.34 33
1 90 1 -9 0.44 36
1 170 1 -9 0.34 33
1 195 1 -9 0.64 39
1 297 2 -9 1.4 44
2 1112 1 1 0.22 26
2 1120 2 4 0.72 39
2 1141 1 3 0.46 34
2 421 2 2 0.5 34
2 763 2 -9 0.5 35
2 733 1 -9 0.48 35
2 614 1 -9 0.39 33
2 614 2 6 0.6 37
2 727 2 -9 0.58 35
2 725 2 -9 0.7 37
2 700 2 -9 0.65 35
2 681 1 -9 0.43 35
2 683 2 -9 0.65 39
2 541 1 -9 0.7 38
2 588 1 -9 0.48 35
2 539 1 -9 0.66 37
2 549 1 -9 0.42 33
2 513 2 2 0.5 35
2 357 1 -9 0.52 38
1 7 2 -9 1.31 45
1 15 1 6 0.52 36
