2 729 1 -9 0.56 38
2 750 1 -9 0.28 30
1 220 1 4 0.46 34
1 199 1 -9 0.31 34
1 315 2 -9 0.84 40
1 162 1 -9 0.42 36
1 119 2 5 0.72 39
1 132 1 4 0.3 34
2 1071 2 -9 0.52 35
1 279 1 -9 0.81 39
2 1003 2 3 0.45 33
2 898 1 -9 0.32 34
3 359 2 -9 0.93 43
2 839 2 -9 0.56 34
2 811 2 2 0.14 27
2 939 1 -9 0.54 47
2 784 1 -9 0.58 37
2 953 1 -9 0.36 33
2 524 2 -9 0.46 33
2 524 1 -9 0.58 35
2 531 2 -9 0.5 34
1 251 2 -9 0.38 33
2 408 2 -9 0.66 38
1 37 2 5 0.55 36
2 730 1 -9 0.48 35
2 712 2 -9 0.5 34
2 740 2 -9 0.46 34
2 710 2 -9 0.42 35
2 927 1 -9 0.44 35
2 908 2 -9 0.2 27
1 228 1 3 0.49 36
1 213 2 4 0.45 34
3 462 2 5 1.47 48
3 452 1 4 1.11 46
2 1107 1 -9 0.49 34
1 90 1 -9 0.62 39
2 1074 1 -9 0.58 41
3 479 2 4 1.4 45
2 1054 1 -9 0.36 33
2 563 1 -9 0.45 36
3 358 2 3 1.29 43
2 853 1 -9 0.65 40
2 840 2 -9 0.33 34
2 938 1 -9 0.45 34
2 768 2 -9 0.58 34
2 814 1 -9 0.26 29
3 366 2 -9 1.02 40
2 758 2 -9 0.68 36
3 357 2 -9 1.1 45
3 357 2 -9 1.27 45
2 632 2 -9 0.53 34
3 328 2 -9 1.14 45
1 236 2 3 0.4 32
2 402 1 -9 0.49 35
3 480 1 -9 1.1 41
1 29 2 -9 0.4 35
2 710 2 -9 0.72 39
2 751 1 3 0.32 31
2 919 1 -9 0.44 33
1 212 1 -9 0.22 28
1 122 2 3 0.42 33
1 153 2 -9 0.54 36
3 439 1 -9 1.15 44
2 1110 1 -9 0.56 35
2 1081 2 -9 0.45 33
2 545 1 -9 0.35 30
2 551 2 4 0.65 35
3 356 2 -9 1.37 45
1 9 1 -9 0.28 31
2 822 2 -9 0.4 33
2 940 1 -9 0.5 36
2 942 2 -9 0.47 33
2 966 2 -9 0.63 38
2 952 1 -9 0.38 33
2 792 2 -9 0.7 37
2 1089 1 -9 0.33 34
2 494 1 -9 0.6 37
2 411 2 -9 0.63 35
2 436 1 -9 0.45 32
1 302 2 -9 0.53 37
2 706 1 -9 0.33 31
2 685 2 -9 0.36 32
2 672 2 -9 0.52 34
2 678 2 -9 0.6 36
1 230 2 4 0.5 36
1 214 1 5 0.41 37
1 200 2 -9 0.39 32
1 311 2 -9 1.14 43
1 107 1 4 0.42 34
1 168 1 -9 0.28 32
1 190 2 5 0.44 34
3 478 2 -9 1.14 42
2 1027 1 -9 0.7 38
2 1014 2 -9 0.36 33
3 349 2 -9 1 40
2 571 2 -9 0.55 35
2 847 1 4 0.48 36
2 862 2 -9 0.44 32
2 816 2 -9 0.38 33
3 368 2 -9 0.78 39
2 648 2 -9 0.3 31
2 502 2 -9 0.45 32
2 601 2 -9 0.64 36
2 640 2 2 0.31 30
1 256 1 -9 0.52 36
2 418 2 -9 0.5 35
2 436 2 3 0.64 38
1 13 1 5 0.55 39
2 661 1 -9 0.5 35
2 914 2 -9 0.68 38
1 76 1 -9 0.3 32
1 209 2 -9 0.3 30
1 154 2 5 0.54 37
1 149 2 -9 0.32 31
1 135 2 -9 0.42 35
1 105 2 -9 0.76 40
2 1050 2 -9 0.5 34
2 991 2 -9 0.52 34
2 1037 2 2 0.26 28
3 350 2 -9 1.25 45
2 590 1 -9 0.35 33
2 837 2 -9 0.71 36
2 844 1 -9 0.56 36
2 845 2 -9 0.63 37
2 618 2 4 0.57 34
2 534 2 -9 0.73 38
2 643 1 3 0.34 33
2 525 2 -9 0.58 35
2 520 1 -9 0.41 33
1 239 2 -9 0.6 36
1 16 1 4 0.35 32
1 25 2 -9 0.45 35
2 746 1 -9 0.2 28
2 673 2 -9 0.36 31
3 329 2 -9 1.32 43
2 911 1 -9 0.38 33
1 57 2 -9 0.74 41
2 384 1 2 0.41 31
3 465 2 -9 0.75 39
3 471 1 4 1.07 42
1 139 1 -9 0.46 35
2 1098 1 -9 0.57 38
2 1070 2 -9 0.42 32
2 1064 1 -9 0.46 36
2 1011 1 -9 0.76 41
2 572 2 -9 0.75 37
2 565 2 -9 0.75 38
2 863 1 -9 0.47 36
2 862 1 -9 0.51 35
2 945 2 -9 0.42 32
2 821 2 -9 0.32 30
2 947 2 3 0.6 35
2 495 1 -9 0.49 35
2 515 2 -9 0.52 35
2 541 1 3 0.4 34
2 514 2 4 0.41 34
1 258 1 4 0.38 34
1 236 2 -9 0.55 38
1 241 2 -9 0.55 36
2 429 2 -9 0.68 35
2 431 2 -9 0.64 36
2 389 1 -9 0.35 35
2 416 2 -9 0.49 33
1 11 2 4 0.55 35
1 16 1 -9 0.37 33
1 28 1 -9 0.4 33
2 722 1 4 0.44 34
3 331 2 4 0.98 41
2 903 2 4 0.66 40
1 310 2 -9 1.02 43
3 322 1 -9 0.96 40
1 275 1 -9 0.7 38
1 121 1 3 0.4 34
1 138 2 -9 0.46 34
3 444 1 -9 0.96 42
3 467 1 -9 1.21 43
3 468 1 -9 1.4 43
2 1043 1 -9 0.27 29
2 888 2 -9 0.28 29
2 566 2 5 0.75 38
2 848 2 -9 0.69 38
2 856 1 -9 0.45 36
2 876 2 -9 0.58 35
2 843 2 -9 0.42 32
2 956 2 -9 0.48 34
2 795 1 -9 0.36 31
2 766 2 -9 0.74 37
2 805 2 -9 0.66 37
2 608 2 -9 0.58 35
2 648 2 -9 0.36 33
2 614 2 4 0.56 34
2 519 2 -9 0.48 33
1 257 2 -9 0.38 32
1 243 2 3 0.36 32
1 21 2 3 0.35 32
1 43 2 -9 0.55 34
1 26 2 -9 0.55 34
2 732 1 -9 0.5 36
2 738 2 -9 0.62 35
2 724 2 -9 0.58 35
2 706 1 -9 0.72 39
2 653 1 -9 0.43 33
2 676 2 -9 0.5 34
3 333 1 -9 1.45 45
1 227 2 4 0.41 35
1 51 1 4 0.4 35
1 57 2 -9 0.4 37
1 222 1 4 0.53 37
1 226 1 2 0.18 26
1 275 1 2 0.6 36
1 192 1 -9 0.48 35
1 140 2 -9 0.42 34
2 1107 1 -9 0.58 37
2 1102 2 -9 0.62 38
3 337 1 -9 1 43
2 984 2 -9 0.55 34
2 985 2 3 0.45 33
2 980 2 2 0.34 30
2 1024 1 3 0.45 35
3 362 2 -9 1.6 48
2 782 2 4 0.62 35
2 498 1 8 0.65 41
2 393 2 -9 0.62 34
2 433 2 -9 0.65 37
1 18 1 -9 0.4 34
1 37 2 -9 0.5 34
2 752 1 3 0.48 36
2 714 2 -9 0.64 37
2 745 2 -9 0.44 33
2 655 1 -9 0.6 38
2 669 2 -9 0.62 36
2 912 2 -9 0.46 35
2 901 2 -9 0.62 37
2 905 2 -9 0.6 37
1 62 2 -9 0.7 36
1 107 1 4 0.6 37
1 108 1 -9 0.4 33
1 90 1 4 0.38 34
2 1029 1 -9 0.34 32
1 295 2 4 0.85 42
3 479 1 -9 1.06 42
2 1018 2 -9 0.33 32
2 1006 1 -9 0.38 33
2 868 2 3 0.49 34
2 974 2 -9 0.48 35
2 960 2 -9 0.28 29
2 760 2 -9 0.7 38
2 793 1 -9 0.62 40
3 379 2 -9 1.12 40
2 485 1 -9 0.55 39
1 246 1 -9 0.62 43
1 238 2 -9 0.5 35
2 735 1 -9 0.38 34
2 735 2 4 0.58 35
2 708 2 -9 0.2 28
3 307 2 -9 1.34 44
3 330 2 -9 1.44 44
2 916 2 -9 0.64 36
1 73 1 -9 0.24 29
1 59 1 -9 0.52 40
1 220 2 3 0.37 34
1 224 2 3 0.41 33
1 225 2 4 0.53 35
1 77 1 -9 0.4 34
1 313 1 -9 0.74 40
3 323 1 -9 1.1 46
1 157 2 5 0.5 35
1 187 2 -9 0.46 34
1 142 2 -9 0.44 34
2 1104 1 2 0.34 31
2 992 2 -9 0.4 31
2 1036 2 -9 0.49 35
2 1062 1 -9 0.43 33
2 576 2 -9 0.7 36
2 548 2 4 0.5 33
2 867 2 2 0.35 31
2 936 2 -9 0.37 30
2 757 2 3 0.62 36
2 827 2 -9 0.58 35
2 955 1 -9 0.49 33
2 1092 2 -9 0.42 32
2 635 1 -9 0.28 32
2 489 2 -9 0.48 33
2 517 2 -9 0.56 35
2 514 1 -9 0.5 36
2 400 2 4 0.5 33
2 424 2 -9 0.61 35
2 433 2 -9 0.47 34
1 303 1 -9 0.3 30
2 729 1 -9 1.1 47
2 718 2 -9 0.58 36
2 673 1 -9 0.5 33
2 675 1 -9 0.36 30
2 699 1 -9 0.3 33
2 903 2 -9 0.56 36
1 71 2 4 0.38 33
1 309 2 5 0.96 46
1 318 1 -9 1.12 42
1 167 1 -9 0.44 36
1 134 2 -9 0.34 32
3 473 2 -9 1.1 44
1 98 1 -9 0.82 42
3 341 2 -9 1.18 43
2 1000 2 -9 0.65 37
1 286 1 -9 0.66 40
2 998 1 2 0.35 31
2 577 2 -9 0.75 37
1 1 2 -9 0.44 35
2 849 2 -9 0.55 36
2 860 1 -9 0.48 35
2 855 1 -9 0.37 32
2 932 1 -9 0.6 37
2 787 2 -9 0.66 36
2 501 1 -9 0.42 32
2 506 2 7 0.6 40
2 487 1 -9 0.5 38
2 536 2 -9 0.72 39
2 542 2 4 0.57 35
2 517 2 -9 0.92 43
1 250 1 -9 0.55 35
1 18 2 3 0.3 30
1 15 2 4 0.6 34
2 714 2 4 0.58 34
2 711 2 -9 0.6 37
2 744 1 -9 0.4 34
3 335 1 -9 0.88 40
2 920 2 -9 0.46 35
1 60 2 -9 0.58 40
1 309 2 -9 1.1 42
2 412 2 -9 0.72 39
1 183 1 -9 0.54 38
1 169 1 -9 0.4 34
1 187 1 5 0.34 33
1 270 2 -9 1.4 43
1 93 1 -9 0.46 38
1 295 2 -9 1.25 43
2 1056 1 -9 0.32 32
2 1055 2 4 0.37 31
2 989 2 -9 0.56 35
2 997 2 3 0.3 29
2 979 1 -9 0.74 41
2 842 1 -9 0.55 35
2 808 2 -9 0.48 35
2 769 1 -9 0.52 34
2 789 2 -9 0.6 35
2 611 2 -9 0.95 42
2 649 2 -9 0.41 33
2 614 2 -9 0.64 36
2 610 2 -9 0.48 35
2 539 1 -9 0.46 33
1 259 1 8 0.8 43
1 260 1 -9 0.45 33
1 249 1 4 0.45 34
1 238 1 -9 0.35 33
2 415 1 -9 0.44 33
2 398 2 -9 0.48 34
2 398 1 -9 0.57 37
2 692 1 4 0.46 37
2 707 1 -9 0.46 35
2 919 2 -9 0.62 38
1 214 1 -9 0.79 43
3 1096 2 4 1.1 40
1 150 1 -9 0.44 36
1 112 2 -9 0.7 40
1 159 2 -9 0.36 33
1 172 1 -9 0.36 34
1 83 2 -9 0.16 27
2 1072 2 -9 0.52 35
2 1079 2 -9 0.44 33
2 1035 1 2 0.52 35
2 987 2 -9 0.7 39
2 829 2 -9 0.59 37
2 937 2 -9 0.39 31
2 813 1 -9 0.42 32
2 963 1 -9 0.25 29
3 378 2 -9 1.56 44
2 509 2 -9 0.51 34
2 492 1 -9 0.41 33
2 601 2 -9 0.56 36
2 422 2 -9 0.55 35
1 35 2 -9 0.4 33
1 39 2 -9 0.5 37
2 728 1 -9 0.56 37
2 664 2 -9 0.7 38
2 681 2 -9 0.62 38
2 698 2 -9 0.26 29
1 112 2 -9 0.58 37
3 438 2 -9 1.25 47
1 92 2 -9 0.63 37
1 287 1 -9 1.08 42
2 983 1 4 0.5 34
2 984 2 -9 0.66 35
2 573 2 -9 0.65 37
2 861 2 -9 0.35 31
2 760 2 -9 0.72 37
2 763 2 4 0.74 38
1 78 2 -9 1.32 44
2 643 1 -9 0.47 33
2 531 1 -9 0.49 35
1 263 1 -9 0.36 36
1 267 1 -9 0.35 32
1 242 2 -9 0.43 33
1 239 2 4 0.45 35
1 266 2 -9 0.35 33
2 432 2 2 0.28 30
2 727 1 -9 0.54 34
2 701 1 -9 0.49 36
2 657 2 5 0.78 39
2 907 1 4 0.48 38
1 177 1 -9 0.44 37
3 460 1 -9 0.79 40
1 171 1 -9 0.3 32
2 1074 1 3 0.56 38
2 994 1 -9 0.28 30
2 1060 2 4 0.48 33
2 576 2 4 0.5 34
2 555 2 -9 0.6 37
2 858 2 2 0.43 32
2 854 1 -9 0.66 38
2 823 2 -9 0.3 29
2 825 2 -9 0.4 32
2 960 1 -9 0.42 35
3 381 2 -9 1.42 44
3 361 1 -9 1.24 41
3 373 2 -9 1.22 44
2 406 2 -9 0.59 36
1 240 2 -9 0.4 33
2 403 2 -9 0.83 43
1 35 1 -9 0.7 41
1 33 2 -9 0.4 32
2 731 2 -9 0.4 32
2 691 1 -9 0.48 37
2 687 1 -9 0.48 34
2 662 1 4 0.62 37
2 672 2 -9 0.5 35
2 672 2 4 0.56 36
2 913 1 -9 0.38 33
2 914 2 -9 0.42 34
1 55 2 -9 0.4 39
1 223 2 4 0.77 38
1 215 1 4 0.37 36
1 198 1 -9 0.38 34
1 195 1 4 0.36 33
1 45 2 4 0.88 38
1 211 2 -9 0.34 33
1 317 1 -9 0.94 41
1 315 2 4 1.14 42
1 318 1 -9 1 42
1 193 1 5 0.58 39
1 182 1 -9 0.62 40
3 469 2 4 0.83 39
1 82 1 3 0.36 33
1 100 1 -9 0.28 30
2 1023 1 -9 0.44 36
1 287 1 -9 1.15 45
1 9 2 -9 0.16 29
2 849 2 4 0.72 38
2 858 2 -9 0.54 35
2 967 2 -9 0.55 34
2 964 2 -9 0.35 31
2 756 2 3 0.56 36
2 626 1 -9 0.35 32
3 327 1 -9 1.36 48
2 616 2 -9 0.59 35
2 522 2 4 0.53 34
1 255 1 -9 0.36 35
2 407 2 -9 0.54 35
2 391 1 -9 0.49 34
2 399 2 -9 0.52 35
2 398 1 6 0.71 39
2 420 2 3 0.52 33
3 307 1 4 1.36 45
3 329 2 -9 1.37 44
2 910 2 -9 0.5 34
1 69 2 -9 0.5 38
1 71 1 -9 0.36 32
1 56 2 -9 0.5 36
1 197 2 -9 0.34 33
1 197 2 -9 0.64 39
1 276 1 -9 1.56 54
3 1097 1 -9 1.3 45
1 114 2 -9 0.6 38
1 135 1 -9 0.28 32
1 79 1 5 0.77 39
2 1019 1 -9 0.4 33
2 1079 1 -9 0.36 31
2 991 2 -9 0.38 32
2 582 1 -9 0.5 34
2 761 2 -9 0.54 35
2 1093 2 -9 0.28 31
2 611 1 3 0.38 34
2 1088 2 3 0.31 31
2 612 1 -9 0.56 39
2 599 1 -9 0.49 36
2 598 2 -9 0.56 35
2 536 2 -9 0.62 38
2 541 2 -9 0.56 35
1 237 2 -9 0.21 26
1 304 1 -9 0.28 31
2 716 1 -9 0.22 29
2 728 2 5 0.48 35
2 689 2 -9 0.62 38
2 704 1 -9 0.3 31
2 931 1 4 0.62 38
1 197 2 -9 0.44 35
2 382 2 4 0.76 37
3 1096 2 -9 1.14 42
1 178 1 -9 0.48 38
3 448 2 -9 0.77 39
1 177 2 -9 0.5 36
1 88 1 -9 0.44 36
2 1069 2 -9 0.54 35
2 986 1 -9 0.56 34
2 980 1 -9 0.34 31
2 1005 2 3 0.44 33
2 1046 1 -9 0.43 34
2 879 2 4 0.42 32
2 876 1 -9 0.47 35
2 801 2 -9 0.68 36
2 943 2 -9 0.22 26
2 941 2 -9 0.59 35
2 933 1 -9 0.47 35
2 818 1 -9 0.38 33
3 375 2 -9 0.94 41
2 1083 2 -9 0.54 34
2 1085 2 -9 0.42 33
2 491 2 -9 0.79 39
1 251 1 -9 0.41 33
1 237 1 4 0.31 32
2 417 2 -9 0.44 32
1 30 1 -9 0.4 33
2 735 2 -9 0.68 42
2 743 1 2 0.48 34
2 742 1 -9 0.4 34
2 671 1 -9 0.5 36
2 697 1 -9 0.3 30
2 683 2 -9 0.56 35
1 226 2 3 0.35 33
1 72 1 -9 0.36 33
1 52 1 -9 0.52 37
1 207 2 3 0.33 31
1 120 1 7 0.7 45
1 133 2 2 0.18 27
3 456 1 -9 0.97 43
3 465 1 -9 1.05 44
2 978 2 3 0.83 39
2 1047 1 -9 0.36 30
2 1069 1 -9 0.53 36
2 983 2 -9 0.59 35
2 1065 1 -9 0.43 34
1 281 1 4 1.15 44
2 1054 2 2 0.38 32
2 992 2 2 0.41 32
2 1024 1 -9 0.58 41
2 1044 2 3 0.5 35
2 575 2 -9 0.5 33
2 550 2 -9 0.65 36
2 855 2 -9 0.78 38
2 937 1 -9 0.55 34
2 757 2 -9 0.62 35
2 772 1 -9 0.36 33
2 962 1 -9 0.39 34
2 947 1 -9 0.48 35
2 799 2 -9 0.54 36
2 758 2 -9 0.76 41
2 611 1 -9 0.44 34
2 501 1 -9 0.48 35
2 628 1 -9 0.35 31
2 604 2 -9 0.66 36
2 516 1 3 0.57 35
1 268 2 3 0.4 33
1 240 1 -9 0.55 40
1 247 1 -9 0.15 26
2 429 2 5 0.62 36
2 427 2 -9 0.34 30
1 18 2 -9 0.25 28
1 37 1 -9 0.35 33
2 696 2 -9 0.36 31
2 911 2 3 0.42 33
2 915 1 -9 0.32 32
2 916 1 -9 0.46 34
1 65 1 -9 0.36 35
1 109 1 -9 0.36 30
1 129 1 -9 0.3 31
1 171 1 -9 0.42 35
3 339 2 -9 1.3 47
1 287 1 -9 1.12 43
3 477 1 -9 0.92 39
2 1082 1 -9 0.3 31
2 1070 2 3 0.6 36
2 1063 2 3 0.52 34
2 989 2 5 0.82 40
2 546 1 -9 0.45 31
2 567 2 -9 0.8 40
1 3 1 -9 0.3 31
2 802 2 3 0.58 36
2 814 1 -9 0.24 29
3 366 2 4 1.12 43
3 371 2 -9 1.22 46
3 357 2 -9 1.05 44
2 1092 1 -9 0.5 35
2 602 1 -9 0.42 36
2 633 1 -9 0.48 34
2 613 2 -9 0.58 37
2 529 2 -9 0.5 33
2 410 2 -9 0.61 36
2 435 2 -9 0.66 37
2 423 2 -9 0.63 36
1 17 1 -9 0.2 25
2 912 1 -9 0.42 35
2 920 1 -9 0.5 37
1 201 2 -9 0.47 37
1 314 1 -9 0.86 40
1 146 2 -9 0.6 36
1 145 2 -9 0.52 35
1 128 1 -9 0.34 33
1 174 2 -9 0.36 31
1 185 2 5 0.56 35
3 479 1 -9 1.32 45
2 1055 1 -9 0.28 29
2 988 1 3 0.34 32
2 1059 2 -9 0.42 34
2 1035 2 -9 0.29 29
2 1062 2 -9 0.41 32
2 987 2 -9 0.51 35
2 574 2 -9 0.9 41
2 567 2 -9 0.65 36
1 5 2 -9 0.27 30
2 869 2 -9 0.58 35
2 945 1 -9 0.58 39
2 794 2 -9 0.64 35
2 783 2 -9 0.64 36
3 369 2 -9 1.2 43
2 799 2 4 0.6 35
2 782 2 -9 0.64 37
3 376 2 -9 0.88 40
2 608 2 -9 0.44 33
2 633 2 -9 0.46 33
2 490 2 -9 0.82 40
2 387 1 3 0.58 35
2 399 2 -9 0.47 33
1 14 2 4 0.6 37
1 299 1 -9 0.4 33
1 301 2 5 0.47 34
2 723 2 -9 0.52 36
2 695 2 -9 0.48 34
2 707 2 -9 0.5 34
2 652 1 -9 0.49 35
2 684 2 -9 0.39 32
2 674 1 6 0.54 39
2 900 2 -9 0.54 35
1 207 1 -9 0.43 34
3 320 2 -9 1 39
1 213 2 -9 0.37 32
2 385 1 3 0.57 36
1 124 1 4 0.46 35
1 112 1 4 0.42 34
2 1098 2 -9 0.44 35
2 1111 2 -9 0.48 35
2 977 2 4 1.05 38
1 100 1 -9 0.33 30
2 1030 2 -9 0.72 37
2 1022 1 4 0.62 36
2 1069 2 -9 0.48 34
2 593 2 -9 0.55 35
2 548 2 -9 0.55 34
3 348 1 -9 1.38 43
2 865 2 -9 0.47 34
2 819 2 -9 0.56 34
2 934 2 -9 0.33 29
2 788 2 -9 0.74 37
2 814 1 -9 0.34 32
3 371 2 -9 1.52 45
2 505 2 -9 0.6 36
2 627 2 -9 0.22 29
2 641 1 -9 0.53 36
2 527 2 -9 0.59 36
2 516 1 -9 0.37 31
2 541 2 -9 0.54 36
2 433 1 -9 0.4 33
1 30 1 3 0.45 34
1 297 1 -9 0.13 25
1 299 1 -9 0.35 32
2 709 1 4 0.48 36
2 691 2 3 0.6 36
2 676 2 -9 0.48 35
1 75 1 3 0.38 31
3 324 2 -9 1.38 43
1 195 1 -9 0.28 32
1 277 2 -9 1.1 42
1 144 1 -9 0.5 38
1 145 1 -9 0.58 40
1 109 2 -9 0.48 31
1 130 2 4 0.4 32
3 446 2 -9 1.2 44
3 469 1 -9 1.14 45
1 174 2 -9 0.34 32
2 1109 2 7 0.72 40
1 96 2 -9 0.52 36
2 1028 1 -9 0.38 33
2 1016 2 -9 0.5 34
2 1052 1 5 0.34 32
2 983 2 -9 0.64 36
2 1042 2 4 0.44 33
2 1037 2 -9 0.63 38
2 887 2 -9 0.3 32
2 582 2 -9 0.45 34
2 861 1 -9 0.41 32
2 877 2 4 0.51 37
2 785 2 -9 0.58 36
2 952 1 -9 0.31 31
2 776 1 8 0.58 38
2 786 2 -9 0.9 39
2 484 1 -9 0.6 38
2 489 1 -9 0.61 38
2 615 2 -9 0.52 35
2 534 2 -9 0.41 32
1 246 1 -9 0.15 26
1 249 2 -9 0.5 35
1 238 1 -9 0.2 27
2 393 1 -9 0.53 34
1 19 2 -9 0.2 27
2 684 1 -9 0.2 27
2 909 2 -9 0.48 35
2 915 2 -9 0.68 38
1 210 2 -9 0.52 36
1 203 2 4 0.34 33
1 314 2 -9 1.24 43
1 192 2 -9 0.38 30
3 448 2 5 1.22 44
1 191 1 3 0.3 31
1 94 2 -9 0.72 41
1 95 2 4 0.42 33
2 1072 1 -9 0.48 35
2 1081 1 -9 0.39 32
1 296 2 -9 0.97 43
2 1009 1 -9 0.58 40
2 999 2 -9 0.28 29
2 886 1 -9 0.26 29
2 555 1 -9 0.55 41
2 937 2 -9 0.55 34
2 785 1 -9 0.5 35
2 948 2 -9 0.46 34
2 934 2 -9 0.46 33
2 933 1 2 0.43 34
2 933 1 -9 0.45 34
2 818 1 -9 0.34 30
2 800 2 -9 0.5 35
2 599 1 -9 0.66 40
2 633 1 -9 0.48 34
2 641 2 -9 0.63 35
2 532 1 4 0.55 37
2 515 1 -9 0.41 33
2 538 2 -9 0.42 32
2 410 1 -9 0.59 36
2 387 2 -9 0.61 35
1 37 2 -9 0.35 31
1 38 2 -9 0.4 34
2 739 2 -9 0.3 32
2 691 1 -9 0.46 35
2 677 1 5 0.52 35
2 907 1 -9 0.38 35
2 922 1 -9 0.3 32
2 910 2 -9 0.5 35
1 229 2 4 0.52 34
1 196 2 -9 0.5 35
1 169 2 -9 0.4 34
1 156 1 5 0.58 40
1 144 2 -9 0.2 28
3 442 2 4 0.93 44
3 339 1 -9 1.68 48
2 999 2 -9 0.39 32
2 896 1 4 0.4 34
2 566 1 -9 0.5 35
2 943 1 2 0.4 31
2 1083 1 -9 0.27 30
2 634 1 -9 0.41 35
1 265 2 -9 0.5 36
1 234 2 -9 0.3 29
2 429 2 -9 0.68 38
2 394 2 -9 0.33 28
2 424 2 4 0.66 37
1 15 2 2 0.25 26
2 724 2 -9 0.5 33
2 650 2 5 0.66 38
2 652 2 -9 0.51 35
2 680 2 4 0.46 34
2 926 1 -9 0.6 39
1 219 2 2 0.36 32
1 207 1 -9 0.35 32
1 46 2 3 0.51 37
1 274 1 4 1.36 46
1 124 1 4 0.42 35
1 110 2 -9 0.72 41
3 469 1 -9 1.12 46
1 103 2 -9 0.9 42
3 340 1 -9 1.3 45
2 1010 1 -9 0.48 34
1 294 1 -9 0.95 40
1 295 1 -9 1.09 43
2 1034 1 3 0.41 34
2 988 2 -9 0.48 33
1 288 2 -9 0.87 40
2 1006 2 3 0.36 31
2 1040 2 -9 0.38 32
2 1038 2 2 0.35 31
2 990 1 -9 0.48 36
3 351 2 -9 1.4 43
2 590 1 -9 0.3 30
2 885 2 -9 0.36 31
1 8 1 2 0.28 30
2 785 2 -9 0.56 36
2 765 2 3 0.58 35
2 759 2 4 0.74 39
2 1089 2 2 0.28 29
2 621 2 -9 0.64 37
3 327 1 -9 1.17 46
2 616 1 3 0.47 36
2 609 2 -9 0.46 34
1 268 2 -9 0.74 39
1 250 1 -9 0.45 32
2 418 1 -9 0.42 34
2 424 2 -9 0.42 34
2 417 2 -9 0.48 35
1 20 1 -9 0.32 31
1 40 2 -9 0.45 35
2 707 1 -9 0.37 32
2 668 1 -9 0.5 38
2 713 1 -9 0.28 31
2 658 2 -9 0.67 39
2 677 2 -9 0.6 36
1 51 2 3 0.4 34
1 216 1 -9 0.47 37
1 212 1 -9 0.35 32
2 382 2 4 0.69 37
2 384 2 3 0.6 35
2 412 2 4 0.47 33
3 466 1 -9 1.01 44
2 1107 1 -9 0.5 35
2 1098 1 -9 0.36 32
1 102 2 -9 1.06 42
3 341 2 -9 1.14 42
2 1010 1 -9 0.5 56
2 1008 1 -9 0.4 34
2 559 2 -9 0.6 35
2 844 1 -9 0.49 36
2 868 2 -9 0.57 35
2 798 2 -9 0.38 33
2 775 2 -9 0.5 34
2 800 2 -9 0.62 34
2 501 1 -9 0.51 35
2 625 1 -9 0.32 31
3 328 2 4 1.45 47
2 623 2 -9 0.56 37
2 639 1 2 0.32 31
2 617 1 -9 0.38 33
2 403 2 -9 0.54 34
2 403 2 7 1.05 44
2 417 2 -9 0.66 36
3 481 1 4 1.18 41
3 481 2 -9 1.2 42
1 301 2 -9 0.28 30
2 734 2 -9 0.54 34
2 729 2 -9 0.62 34
2 738 1 -9 0.48 35
2 721 2 4 0.52 33
2 687 2 -9 0.46 32
2 710 2 -9 0.66 38
2 698 1 -9 0.42 32
3 329 2 -9 1.32 42
1 58 1 -9 0.52 37
1 221 1 2 0.36 32
1 223 1 4 0.53 37
1 121 2 4 0.56 36
1 166 2 -9 0.44 34
1 189 2 -9 0.18 26
2 1049 1 4 0.32 33
2 1077 2 -9 0.58 36
1 293 1 -9 0.95 43
2 1013 1 -9 0.58 38
2 994 1 4 0.39 34
2 1041 2 -9 0.29 30
2 1039 2 -9 0.5 34
2 1005 2 -9 0.62 36
2 556 2 3 0.7 36
2 883 1 4 0.36 35
2 840 1 -9 0.47 38
1 346 2 -9 1.24 43
2 971 1 -9 0.43 33
2 969 2 -9 0.32 31
2 620 2 -9 0.67 35
2 645 2 -9 0.35 31
2 540 1 -9 0.49 35
2 396 2 -9 0.5 33
2 386 1 4 0.88 42
2 413 1 2 0.3 30
1 26 2 -9 0.45 34
2 709 2 -9 0.42 32
2 740 2 -9 0.4 33
3 333 2 -9 1.48 43
1 226 2 4 0.76 41
1 210 1 -9 0.39 33
1 45 2 4 0.65 35
1 145 1 -9 0.5 37
3 462 2 -9 0.84 42
1 137 1 3 0.32 32
3 466 1 3 1.08 43
1 159 1 -9 0.46 38
1 81 2 3 0.38 33
2 1068 2 -9 0.5 35
3 336 2 -9 0.95 41
2 1036 1 -9 0.4 34
2 895 1 -9 0.26 30
2 576 2 -9 0.6 36
1 7 2 2 0.3 30
1 10 2 -9 0.22 31
2 809 1 -9 0.4 34
2 801 1 5 0.52 36
2 813 1 -9 0.32 31
2 789 2 4 0.66 37
2 501 1 -9 0.42 33
2 600 2 -9 0.62 37
2 631 1 -9 0.56 38
2 612 2 -9 0.52 35
3 326 1 -9 0.84 42
2 489 2 -9 0.5 34
2 512 2 -9 0.48 32
1 264 2 -9 0.45 33
1 258 2 -9 0.6 38
2 428 2 -9 0.51 33
2 735 2 -9 0.6 35
2 665 2 5 0.59 36
2 658 1 -9 0.6 40
2 753 1 -9 0.38 31
2 670 1 -9 0.17 26
2 929 1 4 0.38 36
2 931 2 -9 0.52 33
1 63 1 -9 0.46 36
1 224 2 4 0.77 40
1 201 2 -9 0.51 35
1 213 1 -9 0.21 29
1 125 1 -9 0.34 32
1 114 2 -9 0.48 36
1 188 1 -9 0.36 33
3 449 1 -9 1.45 46
2 1073 2 -9 0.53 35
2 1072 1 -9 0.48 35
2 1042 1 -9 0.45 35
2 1037 2 -9 0.5 36
2 1039 1 2 0.32 31
2 893 2 4 0.56 35
3 347 2 -9 1.16 43
2 966 2 4 0.67 37
2 819 2 -9 0.38 33
2 815 2 2 0.28 31
2 761 2 -9 0.6 37
3 368 2 4 1.06 40
2 604 2 4 0.82 40
2 530 1 -9 0.56 35
2 646 1 5 0.51 38
1 259 2 -9 0.6 36
1 252 1 -9 0.4 32
2 423 2 -9 0.75 37
1 305 1 -9 0.46 36
2 730 2 -9 0.52 34
2 738 1 -9 0.42 34
2 703 2 -9 0.4 32
2 683 2 -9 0.5 35
2 925 1 -9 0.46 35
1 53 2 -9 0.26 29
1 53 2 -9 0.62 39
1 205 1 -9 0.34 33
1 313 1 -9 1.14 45
1 123 2 4 0.66 38
1 175 1 -9 0.4 34
1 154 1 -9 0.38 33
1 184 1 -9 0.36 33
1 97 2 -9 0.44 33
2 1021 1 -9 0.62 39
1 280 2 -9 0.75 41
2 988 1 -9 0.36 33
1 285 2 -9 1.15 41
2 990 2 -9 0.64 37
2 896 1 -9 0.42 36
2 568 2 -9 0.6 35
2 584 2 -9 0.55 34
3 347 2 -9 0.92 42
2 832 2 -9 0.66 37
2 770 2 -9 0.52 34
2 776 1 -9 0.48 34
2 780 2 -9 0.5 36
3 361 2 -9 1.04 44
3 327 2 4 1.34 47
1 78 2 -9 1.22 42
2 485 1 -9 0.55 35
2 525 1 -9 0.31 29
2 617 2 -9 0.6 37
1 21 2 -9 0.2 26
1 25 1 -9 0.45 35
2 723 1 -9 0.5 34
2 660 2 -9 0.6 35
2 656 1 5 0.63 40
1 58 1 4 0.4 34
1 63 2 -9 0.72 42
1 199 2 4 0.48 35
1 217 1 -9 0.42 36
1 122 1 4 0.56 37
1 173 1 -9 0.42 34
3 464 1 -9 1.32 43
3 470 2 5 1.17 44
1 179 2 -9 0.6 39
2 978 2 7 1.05 44
2 1032 1 -9 0.48 35
2 1000 1 -9 0.34 31
2 573 2 4 0.55 36
1 6 1 -9 0.39 36
2 842 1 -9 0.75 43
2 828 2 2 0.28 29
2 821 1 -9 0.38 34
2 972 2 -9 0.33 30
2 777 2 -9 0.48 34
2 784 1 -9 0.86 43
2 762 2 -9 0.8 38
3 362 2 -9 1.02 41
2 406 2 -9 0.65 37
2 1084 2 3 0.53 34
2 610 2 -9 0.6 37
2 599 2 5 0.82 39
2 635 1 -9 0.42 34
2 646 1 -9 0.29 31
2 521 2 -9 0.42 33
2 386 2 3 0.99 41
2 716 1 -9 0.4 35
1 203 1 -9 0.29 32
1 149 2 3 0.42 34
3 975 1 -9 0.94 41
1 101 2 -9 1.3 45
1 292 2 -9 1.35 49
2 998 2 -9 0.5 33
2 996 1 -9 0.44 34
3 351 2 -9 1.35 43
2 889 1 -9 0.42 34
2 566 2 -9 0.4 33
2 841 1 -9 0.55 38
2 867 1 2 0.34 31
2 768 2 -9 0.82 38
2 756 2 2 0.42 32
2 755 2 -9 0.64 35
2 505 1 -9 0.59 38
2 497 2 -9 0.41 32
2 644 2 3 0.41 34
2 540 1 5 0.45 35
2 726 2 -9 0.62 36
2 688 2 -9 0.4 33
2 657 2 -9 0.56 36
2 682 2 -9 0.26 30
2 754 1 3 0.18 31
2 670 2 4 0.57 35
1 64 1 -9 0.28 32
1 68 2 -9 0.42 35
1 68 2 -9 0.46 35
1 60 2 -9 0.4 35
1 204 2 -9 0.45 35
3 1097 1 -9 1.16 41
1 161 1 -9 0.34 33
1 167 1 -9 0.4 34
2 1110 1 -9 0.62 38
1 272 1 4 1.2 41
1 79 1 5 0.62 39
1 88 1 -9 0.28 32
2 1002 2 -9 0.46 33
2 997 1 -9 0.48 35
2 577 1 4 0.75 38
1 8 1 -9 0.38 33
2 873 1 -9 0.55 36
2 809 1 -9 0.38 32
2 757 1 -9 0.52 35
2 757 1 -9 0.62 36
3 366 2 -9 0.94 39
3 373 2 -9 0.78 41
2 1084 2 -9 0.36 32
2 621 1 -9 0.42 34
2 596 2 6 0.72 38
2 624 2 -9 0.49 35
2 523 1 -9 0.46 32
2 515 2 -9 0.49 33
2 539 2 -9 0.59 35
1 258 2 -9 0.45 35
1 260 2 3 0.5 34
2 432 1 -9 0.28 28
1 11 2 3 0.4 32
2 713 2 -9 0.56 36
2 746 1 -9 0.2 29
3 330 2 -9 1.02 42
2 900 1 2 0.4 32
1 72 2 -9 0.42 33
2 383 1 4 0.8 39
1 193 2 5 0.78 39
1 120 1 4 0.5 36
1 138 1 -9 0.24 29
1 184 1 -9 0.44 34
1 165 1 -9 0.32 31
3 461 2 4 1.22 46
1 188 1 -9 0.36 34
3 471 1 -9 1.07 43
1 93 2 -9 0.62 37
1 94 1 -9 0.58 40
3 343 1 -9 1.26 43
2 1053 2 -9 0.38 33
2 1055 1 -9 0.34 33
2 1081 2 -9 0.47 33
2 1060 1 -9 0.64 36
2 897 1 -9 0.34 34
2 553 1 -9 0.3 30
2 954 2 -9 0.32 30
2 807 2 -9 0.44 33
2 409 2 -9 0.72 38
2 595 2 -9 0.57 35
2 637 2 -9 0.3 30
2 625 2 -9 0.28 30
2 519 1 -9 0.58 38
2 645 2 3 0.53 34
2 512 2 -9 0.52 35
2 725 2 -9 0.52 33
2 653 2 -9 0.44 33
2 686 2 -9 0.49 33
2 654 2 -9 0.45 33
2 911 2 -9 0.48 35
1 61 2 -9 0.56 38
1 228 1 4 0.27 31
1 62 2 -9 0.52 35
1 160 1 -9 0.4 36
1 143 1 5 0.6 39
3 441 2 -9 1.13 44
1 142 1 3 0.34 32
1 84 1 -9 0.68 42
2 1058 1 -9 0.4 35
2 1007 1 5 0.46 34
2 585 2 -9 0.5 32
2 544 2 -9 0.6 37
2 581 1 -9 0.45 34
2 548 2 -9 0.5 34
1 10 2 -9 0.42 33
2 866 1 4 0.5 36
2 967 1 -9 0.51 37
2 765 1 -9 0.46 34
2 815 2 -9 0.38 30
2 756 1 4 0.68 39
2 484 1 -9 0.46 34
2 618 1 -9 0.46 36
2 627 2 -9 0.66 37
2 613 1 -9 0.45 34
2 526 1 -9 0.39 32
1 245 2 -9 0.15 25
2 401 2 -9 0.93 41
2 431 1 -9 0.45 32
1 32 2 -9 0.55 37
1 28 1 -9 0.45 37
1 40 2 -9 0.45 35
2 662 2 -9 0.48 33
2 680 2 4 0.5 34
2 698 1 -9 0.41 32
2 922 2 4 0.64 38
1 61 2 7 0.68 40
1 229 2 4 0.49 34
1 204 1 4 0.66 40
1 203 2 -9 0.35 34
1 165 2 4 0.24 30
1 130 2 -9 0.38 33
1 185 2 -9 0.6 38
1 159 1 3 0.36 32
2 1100 2 -9 0.38 32
2 1015 1 -9 0.5 37
1 9 1 -9 0.49 38
2 846 1 -9 0.54 38
2 937 1 -9 0.46 35
2 823 1 -9 0.38 33
2 939 2 -9 0.54 34
3 367 2 -9 1.44 43
3 364 2 -9 0.94 40
2 633 1 3 0.44 35
1 268 2 -9 0.6 38
2 436 1 -9 0.54 35
1 32 2 6 0.55 38
2 660 1 -9 0.6 36
2 674 2 -9 0.52 37
2 928 2 -9 0.64 38
1 63 1 -9 0.58 36
1 222 2 4 0.33 33
1 197 2 3 0.3 32
1 122 1 3 0.4 35
1 158 2 3 0.42 34
1 118 1 -9 0.2 28
1 128 1 -9 0.58 40
1 170 1 -9 0.4 34
1 174 1 4 0.32 32
2 1052 1 -9 0.36 32
3 352 2 4 1.15 43
3 355 2 -9 1.37 46
3 358 2 -9 0.87 40
1 346 2 4 1.4 45
2 867 2 -9 0.49 33
2 796 1 -9 0.24 29
2 779 2 -9 0.46 33
2 767 1 -9 0.42 33
2 827 2 -9 0.4 33
2 783 2 -9 0.66 36
3 367 1 -9 0.96 43
3 380 2 -9 0.98 41
2 1088 1 -9 0.13 26
2 493 2 -9 0.6 37
2 520 1 -9 0.4 31
2 405 2 -9 0.66 38
1 12 2 4 0.55 35
1 30 1 -9 0.45 33
1 34 2 -9 0.4 33
2 721 2 -9 0.68 39
2 711 2 -9 0.52 34
2 746 1 2 0.3 32
2 917 2 -9 0.52 37
1 314 1 -9 1.12 44
1 83 1 -9 0.36 31
1 278 2 3 0.96 40
2 437 2 4 0.8 40
2 1037 1 -9 0.42 32
3 899 2 -9 1.2 44
2 885 2 -9 0.58 38
1 346 2 -9 1.24 43
2 874 1 -9 0.42 32
2 809 2 -9 0.48 34
2 963 1 3 0.36 33
2 812 1 -9 0.34 30
2 815 2 -9 0.56 35
2 797 1 2 0.22 27
2 793 2 -9 0.74 38
2 603 1 -9 0.46 34
2 614 2 -9 0.41 32
2 624 2 -9 0.31 30
2 392 2 -9 0.47 32
2 393 1 -9 0.24 28
2 420 2 2 0.32 30
1 25 2 -9 0.4 33
2 739 2 2 0.44 33
1 62 2 -9 0.72 40
3 462 2 -9 1.08 43
3 478 2 4 1.02 41
2 1067 1 -9 0.47 36
1 281 2 -9 1.15 42
2 562 2 -9 0.55 34
2 558 2 -9 0.55 35
2 549 2 -9 0.55 35
2 765 2 -9 0.38 31
2 774 1 -9 0.44 33
2 812 2 3 0.48 35
2 826 1 4 0.38 34
2 817 1 2 0.24 28
2 776 2 -9 0.62 36
2 775 2 4 0.42 33
2 611 2 -9 0.66 37
2 483 2 -9 0.52 35
2 496 2 -9 0.66 39
2 597 2 -9 0.46 33
2 640 1 -9 0.31 30
2 525 2 -9 0.31 32
2 528 2 -9 0.65 37
2 624 2 4 0.39 32
1 264 2 4 0.5 35
2 407 2 -9 0.56 35
2 396 1 -9 0.64 36
2 420 2 -9 0.61 36
3 482 1 -9 1.34 44
1 16 2 -9 0.45 33
2 728 1 -9 0.44 35
2 693 2 -9 0.61 36
2 678 2 2 0.14 26
2 751 2 -9 0.34 32
2 921 2 -9 0.62 37
1 45 2 5 0.7 40
1 129 2 -9 0.24 28
1 128 2 -9 0.48 35
1 142 1 -9 0.48 33
1 171 2 2 0.32 31
2 1103 1 -9 0.36 31
1 80 1 4 0.45 37
2 984 2 -9 0.53 34
1 290 1 -9 1.66 56
2 1051 1 -9 0.21 28
3 359 1 -9 1.27 47
2 851 2 3 0.57 35
2 866 1 -9 0.25 31
2 845 1 -9 0.36 33
2 949 1 -9 0.41 33
2 763 2 -9 0.66 36
3 369 2 4 1.04 41
3 381 1 -9 1.4 46
2 804 2 -9 0.38 31
2 780 2 -9 0.4 31
2 787 2 -9 0.74 39
2 409 1 3 0.57 35
2 626 2 4 0.43 34
2 634 2 -9 0.41 32
2 627 1 3 0.34 33
2 643 1 -9 0.45 34
2 639 2 -9 0.56 35
2 644 2 -9 0.51 35
1 244 1 -9 0.4 33
2 425 2 -9 0.66 35
1 15 2 2 0.3 29
2 721 2 -9 0.54 35
2 664 2 -9 0.7 36
2 657 2 -9 0.48 34
2 753 1 -9 0.34 32
2 926 1 -9 0.52 37
2 928 2 -9 0.66 38
1 75 1 -9 0.4 34
1 198 1 3 0.32 32
1 310 2 4 0.88 40
3 319 2 -9 1.18 48
1 152 2 -9 0.56 37
1 176 2 -9 0.38 33
1 130 1 -9 0.4 33
3 464 1 -9 1.11 41
3 465 1 -9 1 42
1 89 2 5 0.64 38
1 294 1 -9 1.3 46
2 1026 2 -9 0.54 35
2 437 1 4 0.9 41
2 1045 2 2 0.46 34
2 567 2 -9 0.6 36
2 863 2 2 0.44 32
2 879 1 -9 0.46 32
2 825 2 2 0.4 32
2 796 2 2 0.38 32
2 941 2 -9 0.63 36
2 794 1 -9 0.46 34
3 379 2 4 1.62 46
2 601 2 4 0.63 37
2 619 2 -9 0.5 35
2 647 1 -9 0.49 36
1 268 1 -9 0.39 34
1 269 1 -9 0.4 34
2 389 1 -9 0.43 32
1 305 1 -9 0.44 37
2 741 1 4 0.36 33
2 683 1 -9 0.4 34
2 926 1 -9 0.58 39
2 913 2 -9 0.26 29
1 51 2 3 0.2 33
1 70 1 -9 0.42 35
1 166 1 -9 0.38 33
1 153 2 -9 0.48 35
1 164 1 -9 0.3 31
1 186 1 -9 0.38 36
1 81 2 5 0.68 38
1 99 1 -9 0.3 34
1 89 2 -9 0.64 39
2 1073 2 -9 0.42 33
2 1064 2 -9 0.72 37
1 289 2 -9 1.09 41
2 1006 2 -9 0.48 34
2 1040 2 -9 0.46 35
2 589 2 -9 0.55 35
3 358 2 -9 1.13 44
2 853 2 -9 0.56 36
2 833 2 -9 0.64 37
2 772 1 4 0.52 34
2 778 2 -9 0.54 34
3 374 2 -9 0.92 40
2 1095 1 3 0.44 34
2 639 1 -9 0.33 31
2 522 1 -9 0.9 44
1 255 2 -9 0.46 35
1 252 1 -9 0.45 35
1 245 2 -9 0.25 29
2 395 2 6 0.49 34
1 17 2 3 0.3 30
1 302 2 -9 0.25 29
1 298 2 -9 0.46 33
2 712 2 -9 0.54 35
2 724 2 3 0.56 36
2 692 1 -9 0.44 33
2 708 2 -9 0.39 31
1 208 1 4 0.37 34
1 112 2 -9 0.6 39
1 116 2 -9 0.34 33
1 141 2 -9 0.16 28
3 456 2 -9 1.1 44
3 473 1 -9 1.22 43
1 139 1 -9 0.44 36
2 1031 2 -9 0.52 34
2 1075 2 -9 0.52 34
2 1027 2 -9 0.64 38
2 1042 1 -9 0.41 33
2 886 2 3 0.34 33
2 829 2 -9 0.58 34
2 848 2 -9 0.8 41
2 880 1 -9 0.41 33
2 834 2 4 0.54 36
2 769 1 -9 0.34 31
2 950 2 -9 0.55 34
2 933 2 -9 0.45 32
2 792 2 5 0.68 36
2 791 2 -9 0.74 40
2 781 2 -9 0.76 39
3 375 1 -9 1.28 45
2 1092 2 -9 0.34 31
2 1085 2 -9 0.55 36
2 503 1 3 0.52 36
3 325 2 -9 1.36 45
2 596 2 -9 0.76 38
2 497 1 -9 0.29 29
2 642 1 -9 0.49 36
1 267 2 -9 0.45 34
1 236 2 -9 0.45 34
2 397 2 4 0.6 36
2 416 2 -9 0.47 34
2 413 1 -9 0.39 32
3 481 1 -9 1.18 41
3 482 2 -9 1.46 47
1 29 2 -9 0.45 33
1 297 2 -9 0.33 35
1 299 1 -9 0.6 38
2 748 1 4 0.42 35
2 689 1 -9 0.56 37
2 651 1 -9 0.59 37
2 740 1 4 0.41 33
2 924 2 -9 0.5 34
2 924 2 -9 0.64 37
2 921 2 5 0.66 38
1 70 1 -9 0.34 34
1 223 1 4 0.41 33
1 209 2 -9 0.18 26
3 1097 2 -9 1.12 41
1 116 2 -9 0.66 41
3 438 2 -9 1.08 45
1 85 1 5 0.5 36
1 294 2 -9 1.24 43
2 1049 1 -9 0.29 30
1 296 2 -9 1.18 45
2 984 2 3 0.57 36
2 1075 2 -9 0.56 35
2 1060 2 -9 0.48 34
2 884 2 2 0.46 34
2 591 1 4 0.55 36
2 562 1 -9 0.45 34
2 579 1 4 0.45 34
2 564 2 3 0.7 38
2 548 2 -9 0.45 33
2 856 2 -9 0.51 35
2 806 2 -9 0.22 28
2 808 2 -9 0.5 34
2 784 1 -9 0.48 35
2 964 2 -9 0.47 34
3 369 2 -9 1.4 44
3 363 2 4 1.08 43
2 492 2 -9 0.65 37
2 535 2 -9 0.59 36
1 263 2 5 0.55 35
1 250 2 -9 0.5 34
2 428 1 -9 0.56 35
2 388 1 -9 0.26 28
2 389 2 -9 0.45 32
2 386 2 4 1.16 43
2 702 1 -9 0.21 28
2 661 2 -9 0.44 35
2 699 2 3 0.63 36
2 669 2 -9 0.49 35
2 696 1 3 0.32 31
2 917 2 -9 0.48 38
2 931 1 -9 0.76 39
1 210 1 4 0.35 33
3 321 1 -9 0.98 41
2 404 2 -9 0.55 33
1 167 1 -9 0.4 34
3 450 2 -9 1.07 41
1 93 1 4 0.46 35
1 284 1 -9 0.81 40
2 1033 1 2 0.38 33
2 1010 1 4 0.54 38
3 475 2 3 1.36 44
2 1003 2 -9 0.45 32
1 288 1 4 1 45
2 574 1 -9 0.5 35
2 938 2 -9 0.55 36
2 801 2 4 0.54 34
2 824 1 -9 0.46 34
2 806 1 3 0.44 34
2 771 2 -9 0.78 38
2 764 2 -9 0.52 35
2 950 1 -9 0.4 33
2 953 2 -9 0.42 33
2 511 1 -9 0.51 35
2 391 1 -9 0.56 35
2 422 1 2 0.45 33
2 706 2 2 0.32 31
2 694 1 -9 0.57 40
1 219 2 4 0.47 35
1 195 2 -9 0.61 37
1 193 2 8 0.66 40
1 167 1 -9 0.52 37
1 182 2 -9 0.58 37
3 445 1 -9 1.35 47
1 191 2 -9 0.38 34
2 1103 2 4 0.58 35
2 1112 2 2 0.53 33
1 94 1 5 0.5 36
2 1073 2 -9 0.56 35
2 1032 1 4 0.62 39
2 1026 1 -9 0.46 36
2 1080 1 -9 0.28 30
2 1001 2 -9 0.64 38
3 899 2 -9 1.38 46
2 893 2 -9 0.3 30
2 559 2 -9 0.45 34
2 828 1 -9 0.26 30
2 955 1 -9 0.45 33
2 951 1 -9 0.45 35
2 783 1 -9 0.64 38
2 766 2 -9 0.56 35
2 1094 2 -9 0.27 28
2 621 2 -9 0.74 39
2 637 1 -9 0.34 32
1 248 1 -9 0.25 28
1 256 2 -9 0.66 41
2 422 2 -9 0.49 34
1 31 2 -9 0.55 36
2 733 2 -9 0.4 34
2 723 2 -9 0.46 36
2 751 2 -9 0.38 33
2 697 1 -9 0.44 35
3 331 1 -9 1.04 43
1 76 1 -9 0.36 33
1 196 2 -9 0.32 32
1 274 2 -9 0.84 43
1 178 1 -9 0.36 32
1 175 2 3 0.46 33
1 147 1 -9 0.42 34
1 150 2 -9 0.46 34
1 188 2 2 0.16 26
1 137 2 -9 0.36 32
2 1111 2 -9 0.42 34
3 478 2 -9 0.92 41
2 1034 2 -9 0.3 29
2 1078 1 -9 0.4 34
2 1018 1 -9 0.44 36
1 282 2 -9 0.8 41
2 1013 2 -9 0.68 38
2 1059 2 -9 0.49 35
2 1062 1 3 0.48 34
2 895 2 -9 0.52 36
2 586 1 -9 0.4 33
2 580 1 -9 0.55 42
2 574 1 -9 0.55 37
2 555 2 -9 0.55 37
2 838 2 -9 0.63 36
2 828 2 -9 0.24 28
2 936 2 -9 0.48 35
2 785 2 -9 0.52 34
2 765 1 -9 0.46 35
2 954 1 3 0.43 33
2 401 2 -9 0.7 39
1 12 1 4 0.45 34
1 34 2 4 0.6 35
1 301 2 -9 0.3 30
1 303 2 -9 0.44 33
2 745 1 -9 0.38 34
1 228 2 5 0.6 40
1 200 1 4 0.39 35
1 47 1 3 0.35 33
1 171 1 -9 0.4 33
1 88 2 -9 0.54 36
2 1026 1 -9 0.66 41
2 986 2 4 0.62 35
2 1001 2 4 0.46 33
2 1004 1 -9 0.38 35
2 553 1 3 0.4 33
2 558 2 -9 0.6 37
2 871 1 -9 0.52 36
2 857 2 -9 0.39 31
2 848 1 -9 0.55 35
2 880 2 -9 0.57 35
2 935 1 2 0.49 35
2 945 2 -9 0.62 36
2 811 1 -9 0.42 32
2 961 2 -9 0.23 28
2 961 1 -9 0.34 32
2 972 1 -9 0.27 30
2 941 2 4 0.58 38
2 781 2 -9 0.64 36
2 1086 2 3 0.37 32
2 483 2 -9 0.66 37
2 640 2 -9 0.33 31
2 511 1 4 0.41 33
1 232 1 -9 0.25 28
1 253 2 -9 0.56 36
2 392 2 -9 0.58 34
2 435 2 4 0.5 35
2 701 1 -9 0.41 32
2 685 1 4 0.46 35
2 692 1 -9 0.38 34
2 690 1 2 0.47 34
2 907 2 -9 0.36 34
2 908 2 -9 0.34 31
1 211 1 -9 0.31 31
1 202 2 -9 0.51 36
1 46 2 5 0.71 39
1 203 1 -9 0.16 26
2 384 2 5 0.67 38
1 120 1 4 0.46 36
1 152 1 -9 0.3 32
1 150 1 -9 0.4 34
1 164 2 -9 0.28 30
1 127 2 -9 0.4 33
3 453 2 -9 1.11 45
1 181 2 2 0.34 32
2 1106 2 -9 0.28 28
3 337 2 3 1.1 45
2 1047 1 -9 0.43 36
2 1014 2 3 0.48 36
2 1066 2 -9 0.48 34
2 566 2 -9 0.75 38
1 10 1 -9 0.4 34
2 881 2 3 0.5 34
2 811 2 -9 0.54 35
2 773 1 -9 0.48 35
2 771 2 -9 0.6 38
3 367 2 -9 1.26 42
3 374 2 4 1.26 42
2 1094 2 -9 0.39 32
2 489 1 -9 0.5 35
1 259 1 -9 0.35 32
1 269 1 -9 0.35 31
2 435 2 -9 0.48 35
2 732 2 3 0.38 32
2 687 2 -9 0.44 34
2 754 1 -9 0.36 37
1 57 2 -9 0.84 39
1 44 1 8 0.68 42
3 323 2 4 1.28 42
1 194 2 4 0.4 33
1 158 1 -9 0.34 32
1 116 1 -9 0.42 34
1 85 2 -9 0.72 40
1 92 2 -9 0.56 37
2 1004 1 -9 0.33 32
2 594 1 -9 0.35 33
2 853 1 8 0.64 41
2 872 2 -9 0.56 35
2 821 1 -9 0.34 33
2 794 2 -9 0.68 36
2 789 2 -9 0.52 36
2 603 2 -9 0.56 35
2 1086 1 -9 0.46 35
2 502 1 -9 0.47 33
2 641 2 5 0.51 34
2 595 2 -9 0.53 33
2 507 1 -9 0.49 36
2 646 2 -9 0.46 35
2 530 1 3 0.51 35
1 247 2 -9 0.2 27
2 415 2 -9 0.55 33
1 17 2 -9 0.47 33
1 23 2 -9 0.1 23
1 24 2 -9 0.5 35
2 734 2 -9 0.54 36
2 732 1 -9 0.56 37
2 752 2 -9 0.46 33
2 677 1 3 0.38 35
2 670 1 -9 0.3 30
2 911 1 -9 0.26 30
1 227 2 5 0.58 39
2 385 2 4 0.75 38
1 148 1 -9 0.4 34
1 141 1 -9 0.18 27
3 459 1 -9 1.33 46
1 105 1 4 1.12 41
1 103 2 3 0.92 40
3 476 1 -9 1.1 42
2 1080 2 2 0.37 33
2 1055 2 -9 0.54 35
2 1058 1 3 0.42 35
2 979 2 -9 0.68 36
2 860 2 -9 0.53 34
2 868 2 -9 0.51 36
2 881 2 -9 0.56 35
2 795 1 -9 0.22 27
2 958 2 -9 0.39 31
2 783 2 -9 0.58 35
2 782 2 -9 0.86 41
3 361 1 -9 1.02 41
2 604 2 -9 0.64 36
2 1090 2 2 0.28 29
2 505 1 -9 0.48 35
3 328 2 -9 1.15 43
2 397 2 -9 0.48 33
2 731 2 2 0.38 32
2 667 2 4 0.74 38
2 912 2 -9 0.28 30
2 927 1 -9 0.64 40
2 910 2 5 0.52 35
1 50 1 3 0.4 34
3 457 2 -9 1.04 43
2 1072 1 4 0.44 34
2 1048 1 -9 0.38 34
2 1014 1 -9 0.48 35
2 898 1 3 0.4 36
2 882 1 -9 0.44 35
2 886 1 -9 0.36 34
2 865 2 2 0.27 30
2 808 1 -9 0.34 31
2 779 2 -9 0.58 35
2 774 1 -9 0.54 35
2 760 2 5 0.64 38
3 361 2 -9 1.16 42
2 606 2 -9 0.5 34
2 498 1 -9 0.53 35
2 610 2 -9 0.58 36
2 630 2 -9 0.41 32
2 619 2 -9 0.58 36
1 22 1 -9 0.5 33
2 709 2 -9 0.5 34
2 651 2 -9 0.55 34
2 671 2 3 0.6 36
1 119 1 -9 0.44 32
1 133 2 -9 0.24 30
2 1109 2 -9 0.78 39
1 105 2 -9 1.04 44
1 84 1 -9 0.38 34
2 982 1 -9 0.57 36
2 885 1 -9 0.4 36
2 889 1 -9 0.3 31
3 373 2 -9 0.86 39
2 509 1 -9 0.5 35
2 634 2 3 0.51 35
3 327 1 -9 1.11 45
3 326 2 -9 1.42 43
2 527 1 -9 0.44 34
2 538 1 -9 0.48 35
1 248 1 -9 0.45 31
1 244 1 -9 0.3 31
2 421 1 -9 0.49 36
1 39 2 -9 0.45 36
2 743 1 -9 0.46 35
3 331 1 -9 1.22 45
2 910 2 -9 0.52 37
1 48 2 3 0.52 33
1 201 2 4 0.45 35
1 192 2 4 0.56 36
1 272 1 -9 1.4 44
1 86 1 4 0.4 34
2 1074 2 -9 0.48 34
2 986 2 -9 0.34 31
2 551 1 -9 0.5 34
2 833 2 -9 0.56 34
2 869 2 2 0.39 31
2 831 2 -9 0.54 36
2 878 1 -9 0.44 35
2 852 1 -9 0.65 40
2 805 2 -9 0.58 33
2 822 2 -9 0.46 33
2 766 1 2 0.4 31
3 374 2 -9 1.12 41
2 494 2 -9 0.6 35
2 625 2 2 0.4 32
2 522 2 -9 0.35 31
2 521 2 -9 0.45 33
2 532 2 -9 0.6 35
1 232 2 -9 0.65 35
1 243 2 -9 0.6 37
2 392 2 3 0.67 36
1 23 2 -9 0.45 35
1 304 1 4 0.42 35
2 663 2 -9 0.72 38
2 724 2 -9 0.6 37
2 650 1 -9 0.6 37
2 652 2 -9 0.74 38
2 713 2 -9 0.48 33
2 745 2 -9 0.44 32
2 750 1 4 0.54 38
2 698 2 2 0.27 29
2 670 2 -9 0.47 34
2 909 1 -9 0.36 31
2 909 2 2 0.38 32
2 930 2 -9 0.64 38
1 76 1 3 0.36 33
1 212 1 -9 0.37 32
1 119 2 -9 0.22 28
3 445 1 7 1.78 50
1 172 1 -9 0.32 32
1 181 2 -9 0.48 37
1 270 1 -9 1.1 42
2 1101 2 -9 0.46 35
2 1002 1 -9 0.37 33
2 989 2 -9 0.8 40
2 545 2 -9 0.8 37
1 3 1 -9 0.34 34
2 840 1 -9 0.73 40
2 873 2 -9 0.57 34
2 816 1 -9 0.58 38
2 770 2 2 0.54 34
2 966 2 -9 0.47 32
2 1087 1 -9 0.38 34
2 1087 1 5 0.46 36
2 597 2 -9 0.46 33
1 78 2 -9 1.1 44
2 485 1 4 0.57 37
2 647 2 4 0.52 36
1 233 1 -9 0.31 31
2 421 1 2 0.29 30
2 741 1 -9 0.38 34
2 687 2 -9 0.56 36
2 658 1 -9 0.63 41
2 719 2 -9 0.5 35
1 69 2 -9 0.6 38
1 50 2 4 0.6 35
1 50 2 4 0.6 36
1 126 2 5 0.52 35
3 460 2 -9 1.3 45
2 1099 1 6 0.54 38
1 101 2 -9 0.98 42
1 103 1 -9 0.86 42
3 342 2 4 0.92 41
1 86 1 -9 0.38 33
3 340 2 -9 1.4 44
1 2 1 -9 0.36 34
1 6 1 -9 0.45 35
3 347 1 -9 1.2 43
2 865 2 -9 0.37 31
2 857 1 -9 0.27 29
2 777 2 3 0.6 36
2 767 2 -9 0.46 34
2 764 1 -9 0.54 36
2 943 1 -9 0.46 32
2 817 2 -9 0.5 34
3 380 2 -9 1.1 42
2 797 1 -9 0.32 31
2 1095 2 -9 0.47 35
2 602 1 -9 1 44
2 499 2 -9 0.59 39
2 632 2 3 0.39 32
1 248 2 -9 0.45 31
1 255 2 -9 0.45 35
1 257 1 -9 0.39 33
1 71 2 -9 0.4 34
1 220 1 3 0.42 33
1 74 2 -9 0.31 31
1 214 2 -9 0.46 36
1 316 1 -9 0.86 40
1 276 1 -9 1 42
1 115 1 -9 0.38 33
1 108 1 -9 0.22 28
1 165 1 -9 0.22 29
3 461 1 -9 1.29 47
2 1112 2 4 0.78 38
2 1079 1 -9 0.34 33
2 1009 1 3 0.46 35
2 979 2 3 0.54 34
2 588 2 2 0.3 30
2 890 1 -9 0.24 30
2 583 2 -9 0.3 29
3 355 2 -9 1.2 44
2 849 2 -9 0.78 39
2 936 2 -9 0.56 36
2 955 2 4 0.59 34
2 790 2 -9 0.64 37
2 799 1 -9 0.44 36
2 755 2 4 0.64 37
2 508 1 -9 0.4 31
2 638 1 -9 0.2 27
2 605 2 -9 0.58 35
2 529 1 -9 0.53 35
1 239 2 -9 0.15 24
2 401 2 -9 0.83 42
2 390 2 3 0.7 36
2 434 2 -9 0.77 39
2 422 2 -9 0.69 37
1 42 2 -9 0.42 32
1 306 2 -9 0.44 34
2 692 2 -9 0.55 35
2 929 1 -9 0.42 35
1 65 1 -9 0.42 36
1 315 2 -9 0.92 41
1 147 1 -9 0.42 34
1 180 1 -9 0.36 33
3 338 1 -9 1.28 47
2 1015 2 3 0.32 31
2 1018 1 2 0.47 35
3 350 2 -9 1.4 44
2 895 2 3 0.34 32
2 573 1 -9 0.65 39
2 569 2 -9 0.7 37
2 570 1 -9 0.5 35
2 874 1 -9 0.47 34
2 838 2 -9 0.49 34
2 841 1 -9 0.5 36
2 820 1 -9 0.42 33
2 777 2 -9 0.44 33
3 365 2 -9 1.28 45
2 780 2 -9 0.94 42
3 372 1 -9 0.56 34
3 372 2 -9 1.1 42
2 620 2 -9 0.58 36
2 486 1 -9 0.42 34
1 260 2 -9 0.6 36
2 402 2 -9 0.58 36
3 480 2 -9 1.34 43
1 13 2 4 0.5 34
1 38 2 -9 0.35 32
1 35 2 -9 0.5 33
1 29 2 -9 0.4 31
2 718 2 -9 0.64 36
2 663 2 -9 0.7 38
2 654 2 3 0.37 33
2 747 2 -9 0.22 29
2 675 1 -9 0.56 36
1 44 1 5 0.53 38
2 384 2 2 0.45 31
1 155 2 -9 0.6 38
3 460 2 4 1.13 43
2 978 2 5 0.9 40
2 1102 1 -9 0.42 34
2 977 2 4 0.7 36
1 85 2 -9 0.37 32
1 89 1 -9 0.5 37
3 308 1 -9 0.56 34
2 1033 2 -9 0.28 29
2 980 1 -9 0.42 33
2 1008 2 -9 0.31 30
2 999 1 3 0.26 33
2 891 2 -9 0.56 35
2 561 1 -9 0.5 33
3 353 2 -9 0.99 45
2 831 1 5 0.51 35
2 809 2 2 0.44 33
2 825 1 -9 0.36 33
2 973 2 -9 0.44 34
2 824 2 -9 0.34 31
2 800 2 5 0.5 34
3 375 2 4 0.8 37
2 500 1 3 0.53 34
1 254 1 -9 0.3 32
2 393 1 -9 0.49 33
2 414 2 -9 0.51 34
1 31 2 4 0.45 34
2 715 1 3 0.42 34
2 719 2 4 0.5 37
2 673 1 2 0.3 31
1 67 2 -9 0.68 41
1 229 2 4 0.61 37
1 225 2 3 0.45 34
1 206 2 2 0.27 29
1 214 1 -9 0.36 34
3 439 2 -9 1.05 42
3 440 1 4 0.93 43
1 190 1 -9 0.42 35
3 975 2 -9 1.23 43
1 95 2 -9 0.5 35
2 1040 2 -9 0.32 31
2 586 1 -9 0.3 30
2 971 2 -9 0.4 32
2 959 2 -9 0.53 34
2 932 2 -9 0.48 33
2 952 2 -9 0.69 40
2 797 2 2 0.22 27
2 1085 2 -9 0.31 30
2 524 1 4 0.5 34
1 247 2 2 0.15 26
1 300 1 -9 0.11 24
2 688 2 -9 0.71 39
2 686 2 -9 0.52 34
1 73 2 -9 0.34 32
1 205 1 5 0.51 39
1 231 2 -9 0.82 40
3 442 1 -9 1 43
3 451 1 -9 1.32 47
3 440 2 -9 1.18 43
1 179 2 -9 0.42 33
1 96 2 -9 0.43 34
1 87 1 4 0.36 33
2 1047 2 3 0.39 33
2 1020 2 -9 0.62 36
2 1042 2 -9 0.5 34
2 1003 1 -9 0.4 34
2 897 2 3 0.38 33
2 568 2 -9 0.5 34
3 353 2 -9 0.85 41
2 850 2 -9 0.72 40
2 834 2 -9 0.59 36
2 839 1 -9 0.57 36
2 823 1 2 0.38 31
2 803 1 -9 0.54 37
2 970 2 -9 0.66 35
2 772 2 -9 0.5 33
2 767 2 -9 0.5 37
2 764 1 -9 0.56 35
3 368 2 -9 1.16 42
2 1094 1 -9 0.55 37
2 494 2 -9 0.56 37
2 609 2 -9 0.54 34
2 620 1 -9 0.43 35
2 536 2 -9 0.5 36
2 519 1 -9 0.49 36
2 533 2 -9 0.51 37
2 407 1 -9 0.53 35
2 423 2 -9 0.63 36
1 41 2 -9 0.6 36
2 661 2 -9 0.53 36
2 693 2 2 0.28 29
2 697 1 2 0.26 30
3 335 2 4 1.22 43
1 230 2 4 0.48 35
1 206 2 -9 0.17 27
1 155 2 -9 0.34 31
1 109 2 -9 0.54 35
3 468 1 5 1.27 46
2 1103 2 -9 0.58 35
1 283 2 -9 0.85 41
2 1057 1 -9 0.3 29
2 1061 1 -9 0.43 35
2 1038 1 -9 0.36 33
2 993 2 3 0.43 33
2 898 1 3 0.46 36
2 890 2 -9 0.48 34
2 554 1 3 0.4 32
3 359 1 -9 1.25 43
1 3 1 -9 0.29 31
2 964 2 -9 0.33 30
3 369 2 -9 1.06 42
2 781 1 -9 0.44 34
2 502 1 -9 0.59 38
2 645 2 -9 0.31 29
2 395 2 -9 0.55 33
2 731 2 -9 0.56 35
2 695 2 -9 0.33 31
2 668 2 -9 0.62 36
2 682 2 -9 0.3 28
2 918 1 -9 0.6 38
1 69 1 -9 0.52 36
1 54 2 -9 0.4 35
1 317 1 -9 0.88 41
3 468 2 -9 1.18 44
2 1108 2 4 0.6 35
3 339 2 4 1.1 42
2 1022 1 -9 0.48 36
1 285 1 -9 0.78 43
2 1008 2 4 0.54 35
2 1036 2 2 0.44 32
2 579 1 -9 0.45 35
2 546 2 4 1.65 37
2 859 2 -9 0.55 33
2 839 1 -9 0.71 41
2 968 2 -9 0.49 34
2 963 1 -9 0.46 35
2 969 1 2 0.34 31
2 818 2 2 0.38 32
3 364 2 -9 1.4 47
2 606 2 -9 0.6 37
2 607 2 -9 0.51 34
2 612 1 -9 0.54 36
2 617 1 -9 0.24 31
2 528 2 -9 0.54 35
2 432 1 -9 0.48 34
2 400 2 -9 0.88 41
2 743 2 -9 0.4 31
2 667 1 -9 0.68 39
2 653 1 -9 0.62 38
2 744 2 -9 0.44 33
2 901 2 2 0.42 33
2 906 2 -9 0.5 36
1 56 1 -9 0.52 39
1 162 1 -9 0.26 29
1 170 2 -9 0.36 32
1 80 1 2 0.27 30
2 1025 2 -9 0.72 40
2 1080 2 -9 0.34 35
2 1027 1 -9 0.81 41
2 993 1 -9 0.46 37
3 356 2 -9 1.34 45
2 944 2 -9 0.41 33
2 614 1 -9 0.58 36
2 490 1 -9 0.55 36
2 528 2 7 0.4 36
2 526 1 -9 0.48 34
1 242 2 3 0.24 30
2 421 2 -9 0.63 36
1 19 2 -9 0.4 34
2 738 1 -9 0.56 38
2 662 1 -9 0.58 36
2 711 1 -9 0.29 30
2 921 2 4 0.54 36
1 195 2 -9 0.45 36
1 194 2 5 0.7 40
1 125 1 4 0.38 32
1 107 2 4 0.58 36
1 106 2 4 0.74 39
1 181 2 -9 0.62 38
3 308 2 -9 1.36 43
2 1063 1 -9 0.4 32
2 437 2 4 1.25 44
2 993 2 -9 0.46 35
2 569 2 -9 0.55 35
2 564 2 -9 0.85 41
3 348 1 4 1.48 47
1 7 2 -9 0.44 34
2 779 2 4 0.56 36
2 768 2 -9 0.84 39
2 807 2 -9 0.62 36
2 1090 2 -9 0.57 35
2 626 1 -9 0.49 34
2 649 2 2 0.31 29
2 507 1 -9 0.51 34
2 644 1 -9 0.38 33
2 419 1 2 0.26 28
1 21 1 -9 0.25 28
1 297 1 -9 0.58 40
2 703 2 -9 0.34 31
2 688 1 -9 0.46 35
2 683 1 3 0.4 34
1 55 2 -9 0.2 35
1 77 1 -9 0.32 30
3 467 1 -9 1.19 36
1 130 2 -9 0.26 29
3 464 2 -9 1.18 43
1 190 2 -9 0.44 34
1 83 1 4 0.3 31
2 1017 2 -9 0.5 35
2 1014 1 -9 0.5 37
2 1051 2 -9 0.5 35
2 1048 2 -9 0.52 34
2 584 1 -9 0.4 33
2 560 2 -9 0.45 33
2 853 2 -9 0.5 35
2 847 1 -9 0.81 42
2 606 2 -9 0.64 36
2 503 1 -9 0.45 34
2 601 2 -9 0.49 35
1 237 2 -9 0.17 25
2 397 1 -9 0.4 32
2 433 2 -9 0.7 37
2 427 2 -9 0.52 34
1 31 2 8 0.7 40
1 34 1 -9 0.4 35
2 667 1 -9 0.84 43
2 919 2 -9 0.4 33
2 928 2 -9 0.56 37
1 53 2 -9 0.58 37
1 276 1 -9 1.26 46
3 1097 1 4 1.16 44
1 151 2 -9 0.5 36
1 149 2 -9 0.76 40
1 127 2 -9 0.36 33
3 440 2 -9 1.09 43
1 172 1 4 0.3 31
2 1099 1 -9 0.4 34
1 102 2 4 0.94 40
1 86 2 -9 0.5 38
1 84 2 -9 0.52 35
1 97 2 -9 0.56 38
1 291 1 7 1.18 49
1 293 1 -9 0.92 42
2 987 2 4 0.6 36
3 349 2 -9 1.05 40
3 352 2 -9 1.15 43
2 892 1 -9 0.34 34
2 554 2 -9 0.35 31
2 855 2 -9 0.62 36
2 944 1 -9 0.5 34
2 773 1 4 0.5 34
2 827 2 -9 0.46 34
2 939 1 -9 0.44 36
2 761 2 -9 0.62 36
3 378 2 4 1.4 44
2 490 2 -9 0.48 34
2 488 1 -9 0.48 36
1 239 1 -9 0.55 38
2 399 2 4 0.59 38
2 405 2 -9 0.57 36
2 720 2 -9 0.53 35
2 700 2 -9 0.64 37
2 707 2 2 0.38 30
2 715 2 -9 0.8 41
3 334 2 -9 1.23 42
2 913 1 2 0.3 30
2 913 2 -9 0.46 43
1 309 1 -9 1.7 50
1 118 1 -9 0.34 33
1 114 1 11 0.72 42
1 133 2 -9 0.36 33
1 186 1 -9 0.56 40
1 189 1 -9 0.18 26
3 453 2 -9 0.89 41
1 96 2 -9 0.61 37
3 308 1 4 1.12 43
3 479 1 -9 1.5 46
2 1023 1 3 0.46 35
1 289 2 -9 1.06 40
2 1058 1 -9 0.28 31
2 897 2 -9 0.42 35
2 770 2 -9 0.34 32
2 495 2 -9 0.53 36
2 595 2 -9 0.63 36
2 635 1 -9 0.39 33
1 22 2 -9 0.6 35
1 12 1 5 0.6 37
2 729 1 -9 0.6 38
2 737 2 -9 0.62 37
2 659 2 -9 0.43 32
2 930 2 -9 0.64 40
1 52 2 -9 0.48 34
1 213 1 -9 0.22 29
1 311 2 -9 1.02 43
1 144 2 -9 0.44 33
1 148 1 4 0.3 32
1 115 1 -9 0.62 38
1 117 1 -9 0.4 34
1 142 1 -9 0.36 34
1 91 2 -9 0.71 35
3 338 1 -9 1 42
2 1019 2 -9 0.4 34
2 1067 1 5 0.62 39
2 1011 1 -9 0.52 36
2 1024 1 -9 0.54 38
2 1007 2 -9 0.54 35
2 882 2 -9 0.5 34
2 882 1 4 0.44 35
2 545 2 -9 0.8 38
2 845 2 -9 0.55 34
2 835 2 3 0.55 34
2 970 2 -9 0.59 36
2 962 1 -9 0.33 31
2 957 1 -9 0.3 30
2 960 2 -9 0.25 30
2 807 2 -9 0.52 34
2 1087 2 -9 0.38 32
2 632 2 -9 0.55 36
1 24 2 -9 0.45 35
1 42 1 -9 0.4 33
1 68 1 -9 0.34 31
1 220 2 4 0.4 34
1 208 1 -9 0.44 35
3 1097 1 -9 1.2 43
1 123 2 4 0.6 35
1 152 2 4 0.54 37
1 180 1 -9 0.38 35
1 187 2 -9 0.46 34
2 1033 1 -9 0.52 37
2 1034 2 -9 0.43 32
2 983 1 -9 0.29 30
2 1011 2 -9 0.55 37
2 982 2 -9 0.6 36
2 592 1 -9 0.25 29
2 578 1 -9 0.4 33
2 580 2 -9 0.6 37
1 2 1 4 0.4 35
2 863 2 -9 0.35 31
2 816 2 -9 0.44 33
2 813 2 2 0.48 33
2 825 2 -9 0.24 29
2 965 1 -9 0.74 42
2 793 2 3 0.56 35
3 372 2 4 1.28 43
2 632 1 -9 0.39 33
2 628 1 -9 0.37 34
2 637 2 -9 0.26 31
2 518 1 -9 0.45 34
2 400 2 -9 0.67 37
2 736 2 -9 0.6 36
2 916 2 -9 0.56 36
1 48 1 3 0.4 34
1 53 2 -9 0.62 40
1 216 2 -9 0.4 36
1 276 2 4 1.14 41
1 152 2 -9 0.76 40
1 148 2 -9 0.52 35
1 110 1 -9 0.36 32
3 453 1 -9 1.18 44
1 190 1 -9 0.36 33
1 271 2 4 1.3 41
2 1071 2 -9 0.64 38
1 282 2 -9 0.8 41
3 350 2 4 1 42
2 892 2 3 0.66 38
2 553 2 -9 0.45 33
2 839 1 -9 0.57 37
2 837 2 -9 0.55 36
2 868 2 -9 0.62 35
2 811 2 -9 0.66 37
2 821 2 2 0.38 32
2 948 2 -9 0.53 34
2 774 2 -9 0.3 29
2 957 1 -9 0.63 40
2 788 2 3 0.62 34
2 622 2 -9 0.43 33
2 633 1 -9 0.32 31
2 615 2 -9 0.54 35
2 491 1 3 0.53 35
2 511 1 -9 0.5 37
1 261 2 -9 0.45 33
1 261 2 -9 0.51 37
1 251 1 -9 0.36 33
1 27 2 -9 0.4 32
1 39 2 -9 0.45 36
2 736 1 -9 0.56 38
2 734 1 -9 0.46 35
2 656 2 -9 0.57 36
2 904 1 -9 0.44 35
1 59 2 -9 0.64 42
1 210 2 -9 0.33 33
1 209 2 -9 0.41 33
1 218 1 -9 0.34 34
1 275 2 -9 0.82 40
2 382 2 4 0.69 37
1 156 1 -9 0.4 35
1 160 2 -9 0.56 37
1 155 2 -9 0.46 37
1 146 2 -9 0.52 34
1 150 2 -9 0.7 41
1 110 1 -9 0.38 33
1 135 2 -9 0.4 34
1 168 2 4 0.52 35
2 1105 1 -9 0.46 34
1 92 2 -9 0.29 30
1 278 2 -9 1 40
2 1033 1 -9 0.32 29
3 477 2 -9 0.8 38
2 1078 2 -9 0.41 33
2 1063 2 -9 0.54 34
2 1009 1 -9 0.44 36
1 279 2 -9 0.7 40
2 990 1 -9 0.38 33
2 887 2 4 0.5 36
2 894 2 -9 0.4 34
2 894 1 -9 0.38 35
2 578 2 -9 0.7 38
2 562 2 4 0.4 31
2 354 2 4 1.02 41
1 6 2 -9 0.18 27
1 5 2 -9 0.31 31
2 846 1 -9 0.58 37
2 805 2 3 0.58 34
2 774 2 -9 0.54 35
2 969 2 -9 0.35 32
2 755 1 4 0.88 41
2 637 2 2 0.29 28
1 238 2 4 0.5 35
2 430 2 -9 0.36 31
1 35 1 -9 0.8 41
1 298 2 -9 0.45 34
1 303 2 6 0.51 39
2 715 2 -9 0.52 34
2 912 2 4 0.54 36
2 930 2 -9 0.54 36
2 906 2 4 0.58 36
1 231 1 -9 0.46 40
1 221 2 4 0.65 37
1 204 1 -9 0.43 35
1 218 1 -9 0.49 38
1 318 2 -9 1.24 42
2 404 2 -9 0.52 35
1 156 2 -9 0.44 34
1 164 2 -9 0.34 31
1 129 1 -9 0.28 31
1 174 1 -9 0.4 34
2 1102 1 -9 0.56 37
1 84 2 -9 0.3 31
1 284 2 -9 1.1 41
2 1053 1 -9 0.38 33
2 1077 1 4 0.48 35
2 893 1 -9 0.24 29
2 560 1 -9 0.35 32
2 549 2 -9 0.4 34
2 872 1 -9 0.42 33
2 830 1 3 0.32 32
2 832 1 -9 0.52 35
2 851 2 -9 0.88 42
2 947 2 -9 0.6 38
2 961 2 -9 0.69 40
2 932 1 -9 0.48 35
2 778 2 -9 0.38 31
2 406 1 -9 0.7 41
2 602 2 -9 0.6 35
2 615 2 -9 0.7 37
2 513 1 -9 0.42 33
2 537 1 -9 0.44 35
2 537 2 -9 0.61 37
1 266 2 -9 0.6 39
2 716 1 3 0.18 27
2 650 2 -9 0.6 38
2 695 2 4 0.53 36
2 719 2 -9 0.35 32
2 677 1 -9 0.48 35
1 70 2 -9 0.54 36
1 62 2 4 0.46 35
1 312 2 4 0.6 37
1 208 2 -9 0.2 28
1 113 1 -9 0.66 41
1 113 1 -9 0.42 32
1 132 1 -9 0.18 27
2 1016 2 -9 0.62 37
2 1015 2 -9 0.5 34
2 1051 1 2 0.35 32
2 550 1 -9 0.45 33
2 820 2 -9 0.3 29
2 944 2 -9 0.47 34
2 954 1 -9 0.33 31
2 788 2 -9 0.62 36
2 790 2 -9 0.82 40
3 365 2 -9 1.12 43
3 367 1 4 1.2 45
2 1084 1 -9 0.42 33
2 498 1 -9 0.49 36
2 530 2 -9 0.35 31
1 257 2 6 0.65 41
2 394 2 6 0.5 36
1 26 2 -9 0.43 31
1 28 1 -9 0.4 33
1 36 1 -9 0.4 34
1 43 1 -9 0.4 35
2 728 1 -9 0.44 35
2 737 2 -9 0.64 35
2 723 2 4 0.72 38
2 725 2 -9 0.54 34
2 685 2 -9 0.48 34
2 744 1 2 0.36 32
2 674 2 -9 0.48 35
2 673 2 -9 0.29 29
1 65 1 -9 0.48 39
1 66 1 -9 0.58 39
1 222 2 4 0.66 39
1 52 1 3 0.3 31
1 314 1 4 1.02 42
2 383 1 3 0.57 35
1 192 1 5 0.44 37
2 978 1 4 0.81 39
2 977 1 8 1.11 46
1 101 2 -9 1.06 43
1 82 2 4 0.54 35
2 1010 1 -9 0.6 37
1 291 2 -9 0.65 39
2 1064 2 -9 0.6 37
3 359 2 -9 1.49 45
2 830 2 -9 0.66 38
2 877 2 -9 0.37 30
2 961 1 4 0.41 35
2 771 1 3 0.54 36
2 1095 1 -9 0.34 33
2 495 2 -9 0.71 41
2 618 1 3 0.31 32
2 520 1 -9 0.41 32
2 533 1 -9 0.53 37
1 267 2 6 0.45 36
1 256 1 -9 0.5 36
2 434 2 -9 0.39 32
1 19 1 3 0.3 31
1 32 2 -9 0.6 40
2 702 2 -9 0.56 35
2 664 1 -9 0.62 40
2 655 2 -9 0.73 38
3 321 2 -9 0.92 41
1 274 2 -9 0.84 39
1 277 2 -9 1.18 42
1 153 2 -9 0.48 36
1 99 1 -9 0.32 32
1 87 2 -9 0.32 31
1 87 1 -9 0.42 36
1 90 2 -9 0.66 38
2 1017 2 -9 0.66 37
2 1048 1 -9 0.33 32
2 1041 1 3 0.38 33
2 1038 2 -9 0.34 31
2 582 2 -9 0.45 34
2 576 2 -9 0.45 34
2 859 1 -9 0.28 30
2 837 2 4 0.64 37
2 760 2 -9 0.7 38
2 787 1 -9 0.54 37
3 379 2 -9 1.34 42
2 487 1 -9 0.57 36
2 623 2 -9 0.48 34
2 616 2 -9 0.52 33
2 513 2 -9 0.43 32
2 532 2 -9 0.5 34
2 540 1 -9 0.47 36
1 235 2 -9 0.27 30
2 416 2 3 0.49 35
2 743 1 -9 0.42 32
2 659 2 4 0.63 35
2 669 2 -9 0.52 35
2 922 2 -9 0.58 37
1 75 2 -9 0.22 29
1 273 2 -9 0.92 41
1 173 2 -9 0.42 32
1 151 2 -9 0.56 37
3 454 2 -9 1.17 46
1 133 2 -9 0.56 37
2 1098 2 4 0.61 37
2 1103 2 -9 0.42 33
2 1076 1 -9 0.41 35
2 1020 2 4 0.54 35
2 884 1 -9 0.34 31
2 870 2 -9 0.58 35
2 865 2 -9 0.43 31
2 830 2 -9 0.47 34
2 859 1 -9 0.43 34
2 848 1 -9 0.51 35
2 973 2 3 0.49 34
2 968 2 4 0.53 35
2 1087 2 -9 0.4 32
2 610 2 -9 0.42 34
2 491 2 -9 0.49 34
2 640 2 -9 0.45 34
2 533 1 -9 0.63 38
1 257 2 -9 0.55 38
2 396 2 3 0.54 34
2 402 2 -9 0.64 38
2 419 1 -9 0.3 29
2 430 2 4 0.51 34
2 386 1 4 1.23 44
2 700 1 -9 0.38 34
2 685 1 -9 0.44 35
2 705 1 -9 0.39 32
1 72 2 -9 0.52 35
1 205 1 -9 0.4 34
1 124 1 3 0.42 33
1 161 1 3 0.32 32
1 177 1 -9 0.46 36
1 132 2 3 0.32 32
1 86 2 -9 0.7 39
2 1030 1 4 0.48 37
2 1082 1 -9 0.42 35
2 995 2 -9 0.64 36
2 1057 2 2 0.34 32
2 1007 2 -9 0.52 35
2 891 1 -9 0.48 37
2 857 1 3 0.4 33
2 874 1 -9 0.44 34
2 852 2 -9 0.5 34
2 777 2 -9 0.5 33
2 763 2 -9 0.62 36
2 791 1 -9 0.58 38
2 804 1 -9 0.32 30
3 376 2 -9 1.42 45
3 370 2 -9 1.2 42
2 1091 1 -9 0.38 34
2 1089 1 -9 0.52 38
2 599 2 -9 0.89 40
2 537 2 4 0.62 35
1 241 1 -9 0.3 31
2 431 1 5 0.7 38
2 400 1 -9 0.58 36
1 21 1 -9 0.35 32
2 736 2 -9 0.66 36
2 908 1 -9 0.4 33
1 75 2 -9 0.4 33
1 77 1 -9 0.36 33
1 209 1 -9 0.38 33
2 385 1 5 0.73 40
1 161 2 -9 0.3 31
1 149 1 -9 0.38 34
1 117 2 -9 0.54 34
1 137 1 -9 0.38 34
3 450 2 -9 1.38 48
1 83 2 -9 0.46 33
2 1025 1 -9 0.5 37
2 1082 1 -9 0.3 32
1 293 2 -9 1.1 42
2 891 2 -9 0.34 33
2 544 2 -9 0.4 33
1 9 2 -9 0.41 34
2 849 1 -9 0.56 37
2 935 2 -9 0.71 39
2 801 2 -9 0.5 35
2 828 2 -9 0.3 30
2 810 2 -9 0.28 29
2 962 1 -9 0.4 33
2 960 1 2 0.35 31
2 799 2 -9 0.56 35
2 791 2 -9 0.72 39
3 371 2 -9 1.26 43
3 357 2 5 1.1 43
2 1091 2 2 0.3 31
2 510 2 -9 0.42 32
2 596 2 -9 0.56 36
2 631 2 -9 0.42 33
3 328 2 -9 1.06 44
2 491 1 -9 0.46 35
2 485 1 -9 0.48 35
2 486 2 -9 0.61 36
2 515 2 2 0.52 34
2 541 1 -9 0.4 33
2 426 1 5 0.53 36
2 430 2 -9 0.42 33
1 300 2 -9 0.42 34
2 737 2 -9 0.6 38
2 689 2 -9 0.44 33
2 923 2 -9 0.46 35
2 914 1 -9 0.72 40
1 48 1 4 0.34 33
1 227 2 3 0.5 36
1 56 1 -9 0.62 40
1 77 1 -9 0.44 32
1 208 1 -9 0.29 34
2 404 2 -9 0.71 38
1 155 2 -9 0.44 35
1 151 2 -9 0.5 34
1 118 2 -9 0.52 34
3 458 2 -9 1.42 47
3 448 2 -9 0.97 42
3 454 2 6 1.18 45
1 137 1 -9 0.26 30
1 134 1 -9 0.38 34
2 1043 1 -9 0.35 32
2 1038 1 -9 0.39 33
2 861 1 4 0.48 35
2 858 2 -9 0.6 37
2 949 1 -9 0.47 35
2 972 2 -9 0.49 35
2 796 2 -9 0.5 34
2 934 1 3 0.47 35
2 767 2 5 0.5 36
2 942 1 -9 0.53 37
2 963 1 -9 0.35 33
2 953 2 -9 0.42 32
2 492 2 4 0.65 37
2 638 2 -9 0.21 28
2 631 1 -9 0.4 32
2 504 2 -9 0.51 34
2 512 2 -9 0.45 34
1 262 2 -9 0.55 37
2 432 1 -9 0.39 32
2 421 1 2 0.32 31
2 425 1 2 0.4 32
1 300 2 -9 0.13 25
1 302 2 4 0.23 30
2 344 2 4 0.9 40
2 717 2 2 0.46 34
2 722 2 -9 0.48 35
2 710 2 3 0.6 36
2 751 2 -9 0.56 36
2 754 1 -9 0.5 35
1 49 1 6 0.65 43
1 206 2 -9 0.25 30
3 444 2 -9 0.92 42
3 440 2 -9 1.35 45
3 465 2 4 1.37 44
1 284 2 -9 0.86 41
2 1051 2 -9 0.29 29
1 288 2 -9 0.98 43
2 1020 2 -9 0.52 33
2 1061 1 -9 0.67 41
2 557 2 -9 0.5 34
2 564 2 -9 0.55 35
2 833 2 -9 0.38 31
2 829 2 -9 0.62 37
2 857 2 -9 0.31 30
2 834 1 -9 0.44 35
2 790 2 -9 0.7 37
2 791 2 4 0.74 38
2 804 2 -9 0.36 33
3 325 1 4 1.29 46
2 596 2 -9 0.64 36
2 615 2 -9 0.8 38
2 487 2 -9 0.81 42
2 521 1 -9 0.48 36
2 511 2 -9 0.49 34
1 262 2 -9 0.65 37
3 480 2 -9 1.48 43
1 27 1 3 0.35 32
1 40 1 -9 0.6 41
2 726 1 -9 0.46 35
2 694 1 2 0.36 31
2 659 1 -9 0.62 36
2 688 2 2 0.48 34
2 676 2 -9 0.67 36
2 905 2 -9 0.58 36
1 113 2 -9 0.7 35
1 136 1 3 0.44 33
3 453 2 4 0.88 40
3 460 1 -9 1.12 45
2 1101 2 -9 0.56 35
1 88 2 -9 0.67 37
2 1012 1 -9 0.4 34
1 290 2 -9 0.84 40
2 1041 2 -9 0.23 29
2 844 2 3 0.59 35
2 856 2 -9 0.48 35
2 843 1 -9 0.54 37
2 795 1 2 0.3 29
2 817 1 -9 0.34 29
3 381 2 4 1.16 43
3 362 1 4 1.1 42
2 638 1 2 0.37 32
2 527 2 -9 0.53 35
2 408 2 6 0.55 38
2 416 1 -9 0.44 34
3 482 1 -9 1.26 44
1 306 2 -9 0.41 33
2 748 1 -9 0.32 34
2 727 1 -9 0.52 38
2 712 2 3 0.46 33
2 671 2 -9 0.66 37
1 59 2 5 0.64 41
1 49 2 5 0.56 39
1 54 2 -9 0.4 37
3 1096 1 -9 1.4 43
1 154 1 -9 0.4 35
2 1101 2 -9 0.52 34
3 340 2 4 1.12 44
1 287 1 4 0.93 41
2 1054 1 -9 0.26 29
2 1002 2 4 0.67 35
2 951 2 4 0.33 32
3 365 2 -9 0.96 40
2 786 2 3 0.48 34
3 373 2 4 1.04 41
2 406 2 -9 0.63 36
2 1083 1 -9 0.38 34
2 612 2 -9 0.72 38
2 635 1 2 0.25 29
2 490 1 -9 0.48 35
1 269 1 -9 0.3 31
1 235 1 -9 0.19 27
2 434 2 -9 0.51 35
1 18 1 -9 0.35 31
2 732 1 -9 0.52 34
2 702 2 2 0.37 32
2 921 2 -9 0.56 37
2 920 1 -9 0.46 36
2 904 2 -9 0.66 38
2 900 1 -9 0.4 33
1 221 2 2 0.28 30
1 230 1 4 0.52 37
1 224 1 4 0.51 37
2 412 1 -9 0.55 36
1 108 2 2 0.22 29
1 180 1 -9 0.42 34
3 443 1 -9 1.12 45
2 1108 2 -9 0.74 39
1 270 2 -9 1.5 46
2 1011 1 -9 0.47 36
2 1016 1 3 0.6 39
2 1076 1 -9 0.39 33
2 1004 2 -9 0.31 29
2 996 2 -9 0.29 30
3 349 2 -9 1.05 42
2 896 1 -9 0.42 35
2 557 2 -9 0.25 30
2 572 1 -9 0.7 37
3 355 2 -9 1.3 45
2 872 2 -9 0.66 36
2 856 1 -9 0.5 36
2 880 1 -9 0.51 35
2 844 1 -9 0.51 36
2 842 2 -9 0.66 36
2 854 1 11 0.82 43
2 806 2 -9 0.3 30
2 965 2 -9 0.72 38
2 769 1 -9 0.36 33
2 802 1 -9 0.36 33
3 377 2 -9 1.12 42
3 362 2 -9 1.16 43
2 622 1 -9 0.45 35
3 325 2 -9 1.41 47
2 488 1 -9 0.55 36
2 534 1 -9 0.42 34
2 512 1 -9 0.4 33
2 408 1 -9 0.58 37
2 398 1 -9 0.51 36
1 300 2 -9 0.2 29
2 708 2 -9 0.44 33
2 704 1 -9 0.33 31
3 334 1 4 1.24 44
3 332 2 -9 0.86 39
1 69 1 -9 0.35 34
1 277 2 -9 1.04 41
1 180 2 -9 0.44 33
3 472 1 -9 1.14 42
3 459 2 -9 1.26 44
1 140 1 -9 0.28 30
1 105 1 -9 0.92 40
1 104 2 -9 0.94 38
2 1021 2 -9 0.56 37
3 475 1 -9 0.9 42
2 1056 1 -9 0.45 37
2 1053 1 3 0.33 34
2 1068 1 -9 0.55 37
2 999 2 -9 0.43 34
2 982 2 -9 0.52 36
2 888 2 -9 0.66 35
2 547 2 -9 0.55 36
2 587 1 -9 0.35 31
2 779 2 -9 0.6 35
2 943 2 -9 0.44 32
2 974 1 -9 0.23 29
2 974 1 -9 0.36 32
3 376 2 3 0.94 40
1 233 2 2 0.21 25
2 390 2 -9 0.86 42
2 344 1 4 1.04 42
2 720 1 3 0.54 35
2 726 2 -9 0.98 41
2 706 2 -9 0.54 35
2 705 1 -9 0.32 30
2 675 1 -9 0.38 33
3 335 2 -9 0.95 41
2 928 1 -9 0.54 36
1 215 2 -9 0.45 34
1 206 1 -9 0.41 35
2 404 1 8 0.69 41
1 158 1 -9 0.32 30
1 138 2 -9 0.42 36
1 191 2 -9 0.3 30
1 80 1 4 0.47 35
3 475 2 -9 1.04 43
2 1013 2 -9 0.58 36
2 897 1 -9 0.32 33
2 570 2 -9 0.45 34
2 589 2 -9 0.75 37
1 2 1 -9 0.35 33
2 850 1 -9 0.65 39
2 935 2 -9 0.49 33
2 484 1 3 0.52 32
2 508 1 -9 0.6 36
2 504 2 -9 0.6 36
2 530 1 -9 0.51 35
2 527 2 -9 0.5 34
1 232 2 3 0.45 33
1 254 2 -9 0.55 34
2 407 2 -9 0.58 37
1 24 1 2 0.25 29
1 42 1 -9 0.4 34
2 716 1 -9 0.38 33
2 691 1 -9 0.48 34
2 678 2 -9 0.5 35
2 749 2 -9 0.52 35
2 923 2 -9 0.52 34
1 49 2 4 0.56 36
3 324 1 -9 1.3 45
1 47 1 3 0.55 36
1 126 1 -9 0.36 33
1 272 2 -9 1.5 43
1 98 2 -9 0.42 36
3 308 2 -9 1.04 42
2 1050 2 2 0.3 30
2 1067 2 -9 0.6 37
2 1065 2 -9 0.52 34
2 594 1 -9 0.25 29
2 889 2 2 0.4 32
2 552 2 -9 0.75 40
2 769 1 -9 0.44 33
2 814 1 2 0.3 30
3 378 2 -9 1.46 44
3 381 2 -9 1.38 44
2 505 1 -9 0.53 34
2 607 1 -9 0.45 35
2 641 1 -9 0.65 40
2 497 2 4 0.51 34
1 232 1 -9 0.35 33
1 269 1 8 0.8 42
2 392 2 -9 0.63 36
2 662 2 -9 0.78 39
2 666 1 -9 0.57 36
2 679 2 4 0.51 35
2 674 1 -9 0.3 31
1 59 2 -9 0.58 40
1 275 2 -9 1.32 42
1 273 2 -9 0.88 38
1 157 1 -9 0.4 34
1 169 1 -9 0.56 38
1 165 2 -9 0.5 33
1 135 2 2 0.2 29
1 185 2 -9 0.66 41
3 451 1 -9 1.42 46
2 1104 1 -9 0.42 35
2 997 2 -9 0.38 32
2 567 2 -9 0.25 30
2 823 1 -9 0.36 33
2 764 2 -9 0.68 37
2 958 2 -9 0.58 35
3 363 2 -9 1.38 46
2 605 2 -9 0.72 41
1 247 2 -9 0.3 29
2 414 2 3 0.56 34
2 389 2 5 0.75 39
1 17 2 -9 0.2 27
2 689 2 3 0.52 34
2 693 1 -9 0.28 29
2 654 1 -9 0.44 33
2 750 1 -9 0.38 33
2 679 2 -9 0.56 37
1 71 2 -9 0.48 35
1 64 2 4 0.52 35
1 67 2 -9 0.32 30
1 225 2 5 0.75 40
1 200 2 -9 0.44 36
1 199 1 -9 0.36 35
1 123 2 4 0.58 37
1 125 2 -9 0.38 33
1 125 1 -9 0.42 33
1 164 2 -9 0.4 34
3 472 2 -9 1.4 45
1 291 2 -9 1.1 41
2 1068 1 -9 0.45 34
1 286 2 -9 0.9 43
2 885 1 -9 0.28 30
2 871 1 -9 0.48 36
2 867 2 -9 0.53 35
2 808 2 -9 0.6 35
2 798 2 -9 0.36 30
2 946 2 -9 0.61 35
2 946 1 -9 0.58 36
2 755 1 2 0.48 34
2 598 2 3 0.52 33
2 625 2 -9 0.18 27
2 535 2 -9 0.71 35
2 533 2 -9 0.55 34
1 244 2 -9 0.8 42
1 234 2 3 0.3 28
2 411 2 -9 0.58 35
2 388 2 -9 0.31 28
1 13 1 4 0.5 37
1 30 1 -9 0.45 34
2 718 2 -9 0.58 37
2 748 2 -9 0.48 34
2 701 1 -9 0.49 35
2 652 1 -9 0.37 31
2 909 2 -9 0.42 33
2 918 2 -9 0.78 39
1 64 2 4 0.58 35
3 319 2 -9 1.02 42
1 123 2 4 0.6 36
1 138 1 -9 0.38 33
1 119 1 -9 0.42 33
1 114 1 -9 0.38 32
2 976 1 2 0.55 34
2 1106 2 -9 0.46 35
1 102 2 -9 1 41
2 1019 1 -9 0.51 37
2 1035 2 -9 0.32 31
3 899 2 -9 1.18 45
2 586 2 2 0.3 29
2 581 2 3 0.35 31
2 768 2 -9 0.68 38
2 492 1 -9 0.52 36
2 493 1 3 0.53 37
2 536 1 4 0.4 34
1 248 2 2 0.4 32
1 259 2 -9 0.45 34
2 410 1 -9 0.42 33
2 415 1 -9 0.44 32
2 417 1 5 0.38 35
1 22 2 -9 0.3 28
1 14 1 4 0.5 36
2 717 2 -9 0.38 32
2 734 1 -9 0.66 39
3 307 2 -9 1.06 43
2 749 1 -9 0.42 35
1 56 2 -9 0.36 32
1 68 2 -9 0.5 36
1 277 2 4 0.86 39
1 145 2 -9 0.58 39
3 455 1 -9 1.05 42
3 451 2 3 1.03 42
3 473 2 -9 1.28 48
3 450 1 5 0.93 41
1 140 2 -9 0.22 30
1 140 2 -9 0.42 33
2 1110 2 -9 0.68 36
2 1100 1 -9 0.32 32
1 272 2 -9 1.5 43
1 93 1 -9 0.47 36
2 1050 1 -9 0.34 33
1 281 2 -9 1.24 43
1 286 2 -9 1.15 43
2 1035 2 -9 0.62 36
2 583 1 4 0.5 34
2 564 1 -9 0.25 30
2 570 1 -9 0.45 33
2 549 2 -9 0.55 37
2 850 1 -9 0.57 37
2 877 1 -9 0.41 35
2 819 2 -9 0.52 36
2 932 2 -9 0.57 35
2 967 2 -9 0.37 31
2 951 1 -9 0.22 27
2 602 2 -9 0.52 34
2 483 1 3 0.47 33
2 630 2 -9 0.55 34
2 493 1 -9 0.48 34
2 410 2 -9 0.62 38
2 390 1 -9 0.58 35
2 426 2 -9 0.31 29
2 727 2 -9 0.4 31
2 718 2 5 0.54 37
2 663 2 -9 0.58 35
2 742 2 3 0.64 37
2 666 1 -9 0.52 36
2 699 2 -9 0.4 31
2 923 2 -9 0.66 37
2 924 2 5 0.7 39
1 312 1 -9 1.1 44
2 385 1 5 0.72 39
1 144 2 4 0.38 31
1 176 2 -9 0.44 33
1 91 2 -9 0.71 38
3 476 2 -9 1.2 45
2 1017 2 -9 0.5 35
2 1001 2 -9 0.6 35
1 285 2 -9 1.1 43
2 1045 2 -9 0.52 35
3 352 2 -9 1 41
2 561 1 -9 0.5 35
3 356 2 -9 1.18 43
2 860 1 -9 0.35 30
3 364 2 -9 1.02 42
2 1086 2 -9 0.25 28
2 488 2 -9 0.75 39
2 504 2 -9 0.69 37
2 605 2 5 0.79 38
1 256 1 -9 0.7 43
1 262 1 -9 0.45 33
1 249 2 -9 0.4 33
2 387 2 -9 0.78 38
2 413 1 -9 0.4 32
1 298 1 -9 0.45 34
2 655 2 -9 0.53 37
2 746 2 -9 0.3 31
1 54 2 -9 0.6 37
3 455 2 -9 1.1 44
1 126 1 -9 0.48 37
3 450 2 -9 1.42 46
1 104 2 -9 1 41
1 102 2 -9 0.88 40
2 1073 1 -9 0.4 33
2 1023 2 -9 0.48 36
2 989 2 3 0.58 36
2 888 2 4 0.74 37
2 547 2 -9 0.65 37
3 360 2 -9 1.13 43
2 946 1 -9 0.45 34
2 766 2 -9 0.36 31
2 962 1 2 0.38 32
2 954 2 -9 0.4 33
2 788 1 -9 0.52 36
2 826 1 4 0.48 35
2 758 2 -9 0.72 38
2 609 2 4 0.58 36
2 519 1 -9 0.49 34
2 532 1 -9 0.61 39
2 540 1 -9 0.69 42
1 264 1 -9 0.65 40
1 262 1 -9 0.5 36
1 243 1 -9 0.25 30
2 388 2 -9 0.4 31
2 394 2 -9 0.66 37
2 419 2 -9 0.34 30
1 22 1 2 0.3 26
1 297 1 4 0.4 33
2 726 1 -9 0.64 39
2 752 1 -9 0.56 38
2 905 2 -9 0.6 37
1 44 2 5 0.6 38
1 143 1 -9 0.44 36
1 185 2 -9 0.5 36
1 82 2 4 0.58 36
2 1016 2 -9 0.66 38
2 1078 1 -9 0.4 35
2 1015 2 5 0.58 37
2 1065 2 -9 0.41 33
1 1 1 -9 0.19 29
2 832 2 -9 0.52 34
2 879 2 -9 0.47 35
2 841 2 -9 0.63 36
2 805 2 -9 0.52 34
2 969 2 -9 0.47 32
2 608 2 -9 0.56 36
2 629 2 -9 0.48 34
2 499 1 -9 0.4 33
2 619 2 -9 0.52 35
2 520 1 3 0.5 35
2 516 2 -9 0.45 31
2 524 1 -9 0.5 35
2 399 2 -9 0.86 43
2 731 2 -9 0.58 34
2 722 1 -9 0.5 35
2 700 2 -9 0.58 34
2 665 2 -9 0.54 35
2 699 2 -9 0.39 33
2 671 2 -9 0.62 36
1 48 2 4 0.48 35
1 221 1 5 0.58 37
1 216 1 -9 0.41 34
1 312 1 -9 1.08 44
3 458 2 -9 1.02 43
3 457 2 -9 1.02 42
1 128 1 6 0.58 40
1 111 2 -9 0.42 32
2 1105 1 2 0.34 32
2 1077 1 -9 0.4 33
2 1063 2 -9 0.42 35
2 1024 1 -9 0.58 39
2 1061 2 -9 0.54 35
2 1039 1 -9 0.46 36
2 982 2 2 0.52 35
2 831 1 -9 0.49 36
2 838 1 -9 0.63 37
2 802 2 3 0.38 32
2 824 1 -9 0.3 31
2 826 2 -9 0.44 33
2 786 2 -9 0.7 36
2 1093 2 -9 0.28 29
2 633 2 -9 0.44 34
2 598 2 -9 0.56 35
2 628 1 -9 0.36 34
2 623 1 -9 0.32 33
2 486 1 3 0.31 31
2 542 2 -9 0.58 34
2 405 1 -9 0.48 34
2 405 2 -9 0.73 38
1 19 1 -9 0.35 34
1 28 2 -9 0.5 37
1 302 1 -9 0.13 26
1 304 2 -9 0.34 34
2 700 1 3 0.34 31
2 664 2 -9 0.72 39
2 654 1 -9 0.5 36
2 681 2 3 0.36 31
2 903 1 -9 0.44 36
1 200 1 -9 0.35 32
1 312 1 -9 0.84 42
1 196 2 4 0.43 34
1 199 1 -9 0.33 33
1 154 2 -9 0.46 34
1 106 2 4 0.52 35
3 472 1 -9 1.1 41
3 471 1 -9 1.03 41
1 103 2 -9 0.98 41
1 79 2 4 0.6 36
2 1025 1 -9 0.66 40
1 282 2 -9 0.82 40
2 995 2 -9 0.57 38
2 1077 1 -9 0.37 32
2 985 2 -9 0.78 39
2 1040 2 3 0.44 34
3 350 2 -9 0.85 39
2 898 1 -9 0.4 34
2 896 1 -9 0.34 33
2 354 2 5 1.22 49
2 878 1 -9 0.38 32
2 861 2 -9 0.48 34
2 873 1 4 0.47 35
2 936 2 -9 0.48 34
2 934 1 -9 0.45 35
2 974 2 4 0.54 34
2 784 2 3 0.5 34
2 762 2 -9 0.66 37
3 379 1 -9 0.64 34
2 495 2 3 0.55 35
2 600 1 -9 0.4 35
2 517 2 -9 0.71 37
2 414 2 -9 0.72 36
2 712 2 -9 0.54 35
2 752 2 -9 0.26 28
2 682 1 -9 0.34 33
2 679 2 -9 0.57 36
2 697 2 -9 0.35 32
1 58 1 -9 0.46 36
1 215 1 -9 0.37 32
1 313 2 -9 1.2 45
1 122 1 4 0.5 37
1 173 1 -9 0.34 33
1 143 2 -9 0.62 41
1 127 2 -9 0.16 27
1 139 1 -9 0.32 33
1 139 1 4 0.38 34
1 170 2 -9 0.4 34
2 976 2 5 1.16 43
1 98 2 -9 0.84 44
2 985 2 -9 0.65 38
1 289 1 -9 0.98 42
2 1075 2 3 0.5 34
2 1043 1 -9 0.45 33
3 349 2 -9 1.25 43
2 590 2 2 0.3 31
2 575 2 -9 0.6 36
1 2 2 -9 0.38 33
2 869 2 -9 0.56 35
2 967 2 4 0.64 36
2 948 1 -9 0.45 34
2 953 2 2 0.37 31
2 807 1 -9 0.4 34
2 1095 1 -9 0.35 33
2 506 1 -9 0.8 42
2 523 1 -9 0.52 35
1 244 1 5 0.55 39
2 395 2 -9 0.41 31
2 426 1 -9 0.44 34
1 13 2 3 0.45 33
1 41 2 -9 0.5 34
2 694 2 -9 0.62 37
2 681 2 -9 0.15 26
2 903 1 -9 0.46 35
1 222 1 4 0.52 37
1 201 2 -9 0.3 32
1 169 2 -9 0.42 36
1 147 2 4 0.48 35
1 146 1 -9 0.38 34
1 131 1 -9 0.16 26
1 189 2 2 0.2 28
3 451 2 -9 1.8 44
1 179 2 -9 0.48 35
1 104 2 -9 1.04 41
1 91 2 -9 0.45 34
2 1012 2 -9 0.54 36
2 1074 1 -9 0.58 38
2 991 1 -9 0.36 32
2 986 2 -9 0.54 33
2 1059 2 -9 0.46 34
2 1062 2 -9 0.67 39
2 892 2 4 0.68 37
2 888 1 -9 0.26 32
2 870 2 4 0.75 37
2 851 2 -9 0.64 37
2 852 1 -9 0.57 36
2 877 2 -9 0.34 31
2 942 1 -9 0.34 31
2 940 2 -9 0.51 35
3 376 2 -9 1.38 46
2 1091 1 -9 0.44 36
2 510 1 -9 0.55 36
2 624 2 -9 0.43 32
2 518 2 -9 0.5 34
1 265 1 -9 0.9 44
1 242 1 -9 0.2 27
1 253 1 -9 0.64 41
1 250 1 4 0.5 34
1 41 2 -9 0.5 34
2 737 2 4 0.52 35
2 668 2 -9 0.44 33
2 907 1 -9 0.44 34
1 66 2 -9 0.5 35
3 322 2 -9 1.2 43
1 156 1 -9 0.32 33
1 121 2 4 0.68 39
1 183 1 -9 0.4 36
1 47 1 5 0.4 35
1 184 2 4 0.52 36
1 168 1 -9 0.38 33
3 342 2 -9 1.48 47
1 96 2 7 0.67 40
1 95 2 -9 0.68 40
2 1012 1 -9 0.48 34
2 1081 1 2 0.39 32
2 1068 2 -9 0.42 33
1 292 2 5 0.98 43
2 1005 2 -9 0.5 34
2 1046 1 -9 0.33 30
2 893 2 -9 0.32 31
2 887 2 -9 0.44 33
2 544 2 4 0.55 34
2 574 2 4 0.65 37
2 543 1 -9 0.5 34
2 847 2 -9 0.66 36
2 835 2 -9 0.72 37
2 971 1 1 0.2 26
2 970 1 -9 0.49 35
2 948 1 -9 0.39 31
2 792 2 -9 0.6 36
3 377 2 -9 1.14 43
2 648 1 -9 0.35 32
2 607 2 -9 0.89 40
2 525 1 2 0.4 33
2 535 1 -9 0.41 32
1 253 2 3 0.35 30
1 251 2 -9 0.68 36
1 20 1 4 0.3 30
1 23 1 -9 0.4 34
1 31 2 -9 0.7 41
2 650 1 -9 0.54 35
2 690 2 -9 0.55 34
2 678 2 -9 0.54 36
2 744 1 -9 0.36 33
2 917 1 -9 0.46 36
1 198 2 -9 0.54 36
3 321 1 -9 1.08 44
1 117 1 -9 0.4 34
1 173 2 -9 0.5 35
1 184 2 -9 0.54 37
1 187 1 -9 0.34 32
2 1029 2 -9 0.65 38
2 1056 2 -9 0.45 33
2 1057 2 -9 0.45 32
2 1023 1 -9 0.44 35
1 289 1 4 1 43
1 296 2 -9 0.92 41
2 1045 1 -9 0.28 29
2 860 1 3 0.4 33
2 881 1 -9 0.27 29
2 818 2 -9 0.3 29
2 502 1 4 0.4 33
2 499 1 -9 0.43 35
1 261 2 -9 0.31 30
2 423 2 3 0.55 35
2 434 2 -9 0.88 40
2 709 2 -9 0.5 34
2 750 2 -9 0.26 28
3 307 2 -9 1.06 41
2 679 2 -9 0.56 36
1 231 2 8 0.5 38
1 230 1 2 0.29 31
3 322 1 -9 1.04 40
1 315 2 -9 0.94 44
2 383 2 3 0.63 36
1 158 1 -9 0.3 32
3 466 1 -9 0.85 41
1 271 2 -9 1.5 43
1 92 1 -9 0.43 33
2 1028 2 3 0.5 36
2 1031 2 -9 0.53 34
2 992 1 2 0.43 32
2 1003 2 -9 0.27 28
2 1044 2 -9 0.51 35
2 993 1 -9 0.25 29
2 580 1 4 0.45 35
2 550 2 -9 0.7 37
2 549 2 4 0.55 36
1 7 1 -9 0.35 34
2 863 1 -9 0.26 30
2 854 2 -9 0.61 36
2 803 2 -9 0.36 31
2 819 2 7 0.62 39
2 951 1 -9 0.28 30
2 778 1 -9 0.46 34
2 800 1 -9 0.4 34
3 371 2 -9 1.32 41
2 636 2 -9 0.39 33
2 605 2 -9 0.79 38
2 643 2 -9 0.34 30
2 542 1 -9 0.46 33
2 431 2 -9 0.42 34
1 306 2 -9 0.47 33
2 667 1 -9 0.62 39
2 929 2 -9 0.82 43
2 916 2 -9 0.54 36
2 383 1 2 0.5 34
3 1096 1 -9 1.44 44
1 160 2 -9 0.5 34
1 106 2 4 0.28 31
1 177 2 -9 0.5 34
2 1112 2 5 0.78 38
1 293 1 -9 0.9 40
2 1009 1 4 0.52 37
2 1044 1 -9 0.36 33
2 870 2 -9 0.49 34
2 837 2 11 0.87 42
2 816 1 4 0.42 35
2 949 2 -9 0.47 35
2 792 2 -9 0.54 34
2 775 2 -9 0.44 33
2 761 2 -9 0.72 38
3 378 2 -9 1.36 43
2 1088 1 -9 0.31 31
2 642 1 2 0.31 31
2 483 2 -9 0.52 34
2 510 2 -9 0.55 35
2 598 2 -9 0.48 33
1 235 2 -9 0.5 36
1 241 2 -9 0.55 36
1 20 2 -9 0.4 33
1 25 2 5 0.6 35
1 34 2 -9 0.5 37
2 660 2 -9 0.6 36
2 708 2 -9 0.4 37
2 680 1 -9 0.36 32
3 332 2 -9 1.37 44
2 929 2 -9 0.76 40
1 211 1 -9 0.35 33
3 323 1 -9 1.14 42
1 157 1 -9 0.4 34
1 141 1 -9 0.3 31
1 176 2 -9 0.62 36
1 99 2 3 0.48 36
2 1022 2 -9 0.54 36
2 1050 1 -9 0.42 34
2 1078 1 3 0.39 35
2 1067 1 -9 0.4 32
2 1019 1 -9 0.55 35
2 1065 2 3 0.62 35
2 1036 1 -9 0.5 38
2 997 2 -9 0.5 31
3 899 2 -9 0.56 39
2 579 1 -9 0.5 33
2 543 2 -9 0.55 32
2 552 2 -9 0.55 36
2 855 2 -9 0.62 35
2 846 2 3 0.55 36
2 942 1 2 0.39 31
2 949 1 3 0.48 34
2 971 2 -9 0.5 33
2 940 2 3 0.56 35
2 956 1 2 0.36 30
2 956 2 -9 0.45 33
2 972 1 2 0.14 25
2 827 1 -9 0.42 35
3 380 2 -9 1.32 44
3 370 2 -9 1.64 45
2 1093 1 3 0.45 34
2 513 2 -9 0.55 34
1 261 1 -9 0.4 32
1 235 2 5 0.55 36
2 386 1 4 0.72 39
1 42 1 -9 0.4 33
2 717 2 -9 0.38 32
2 739 2 -9 0.22 29
2 666 2 5 0.57 37
2 684 2 3 0.21 29
2 902 2 -9 0.42 34
1 60 2 -9 0.44 33
1 204 2 -9 0.4 34
1 212 2 -9 0.31 32
1 310 2 -9 0.86 42
1 273 2 -9 1.36 43
1 175 1 -9 0.44 34
1 163 1 -9 0.44 37
1 113 2 -9 0.54 35
1 186 2 -9 0.48 34
3 439 1 -9 1.44 48
1 159 1 -9 0.38 32
1 100 1 -9 0.21 27
1 98 1 -9 0.62 44
2 1049 1 -9 0.35 33
2 981 1 -9 0.49 34
2 887 2 -9 0.3 31
2 559 1 -9 0.5 34
1 4 2 -9 0.24 28
2 876 2 -9 0.48 34
2 773 2 -9 0.6 38
2 966 2 -9 0.47 33
3 380 2 4 1.3 42
3 326 1 -9 1.29 45
2 619 2 4 0.6 35
2 507 2 6 0.71 38
1 263 2 -9 0.5 34
1 252 1 -9 0.4 33
1 33 1 7 0.65 39
2 695 2 2 0.25 29
1 58 1 -9 0.61 40
1 229 1 4 0.49 36
1 273 2 4 1.14 41
1 161 1 -9 0.28 30
1 47 1 5 0.55 38
1 136 1 -9 0.3 31
3 338 2 -9 0.76 40
1 82 2 3 0.34 33
1 94 2 -9 0.72 41
1 90 2 -9 0.48 35
2 1012 1 -9 0.46 34
2 985 2 -9 0.52 36
2 1059 2 4 0.54 37
2 1066 2 3 0.61 36
2 578 1 -9 0.45 32
2 547 2 -9 0.65 30
2 572 2 -9 0.6 36
2 543 2 -9 0.6 35
2 864 1 -9 0.43 33
2 872 2 -9 0.57 35
2 843 1 -9 0.51 34
2 842 1 3 0.6 36
2 950 1 -9 0.57 37
2 957 2 2 0.33 29
2 776 2 -9 0.4 33
2 797 1 -9 0.36 32
2 496 2 -9 0.78 38
2 621 1 4 0.38 34
2 609 2 -9 0.57 36
2 613 1 -9 0.44 34
1 265 2 -9 0.53 35
2 418 1 5 0.5 37
1 43 2 -9 0.55 36
2 717 2 -9 0.48 34
2 714 2 -9 0.72 38
2 686 2 -9 0.72 38
1 115 1 -9 0.4 36
3 447 1 -9 1.2 41
1 172 1 -9 0.54 38
2 1030 1 -9 0.48 34
2 1029 1 3 0.55 37
2 1022 2 -9 0.32 31
2 1041 2 -9 0.42 33
2 578 1 6 0.6 37
3 347 1 4 1.08 43
2 838 2 -9 0.61 36
2 835 2 -9 0.56 35
2 945 2 2 0.37 31
2 813 1 -9 0.41 31
2 810 2 -9 0.54 35
2 965 2 4 0.54 37
2 789 1 -9 0.6 37
2 606 1 2 0.34 31
2 600 2 5 0.74 39
2 630 2 -9 0.58 35
2 636 2 -9 0.46 34
2 497 2 -9 0.75 38
2 647 2 3 0.57 36
1 263 2 -9 0.45 34
1 234 2 -9 0.25 27
1 237 2 -9 0.28 29
1 27 2 -9 0.5 34
1 305 1 -9 0.41 35
2 714 2 -9 0.6 37
2 725 2 -9 0.46 33
2 741 2 -9 0.58 36
2 655 1 -9 0.64 37
3 335 2 -9 1.06 43
1 219 1 2 0.36 32
1 202 1 -9 0.39 35
1 317 2 4 0.76 39
1 124 2 4 0.56 36
1 129 1 3 0.22 29
1 181 1 -9 0.42 34
2 1079 2 -9 0.62 36
2 1031 2 -9 0.54 38
2 1018 1 -9 0.54 36
3 336 1 -9 1.15 44
2 996 2 -9 0.43 34
2 891 1 4 0.3 33
3 360 1 4 1.88 51
2 864 1 2 0.4 32
2 796 1 -9 0.36 33
2 1086 2 -9 0.63 39
2 503 1 -9 0.9 45
2 508 1 -9 0.52 33
2 535 2 -9 0.31 28
1 265 2 -9 0.71 40
1 243 2 -9 0.16 24
2 402 2 3 0.62 36
2 395 2 -9 0.57 33
1 40 1 -9 0.55 40
2 345 2 3 1.02 41
2 748 2 -9 0.84 39
2 703 2 -9 0.41 32
3 329 2 4 1.08 43
2 915 2 3 0.64 38
1 207 2 -9 0.28 32
1 318 2 -9 1.26 44
1 157 2 -9 0.4 38
3 456 1 4 1.31 44
2 1111 2 -9 0.66 39
1 283 1 -9 0.67 37
2 562 2 -9 0.65 36
1 1 1 -9 0.46 35
2 876 2 -9 0.53 35
2 794 2 -9 0.68 37
2 958 2 -9 0.55 34
2 826 1 -9 0.34 32
2 804 2 -9 0.34 30
2 793 2 -9 0.64 36
2 498 2 -9 0.71 40
2 629 2 -9 0.44 34
2 504 2 -9 0.61 38
2 486 2 -9 0.74 39
2 617 2 5 0.66 38
1 32 1 -9 0.35 33
3 330 1 5 0.87 41
2 925 2 -9 0.86 41
1 46 2 5 0.79 38
1 45 1 4 0.61 36
3 319 1 4 1 43
1 178 2 -9 0.28 30
1 141 1 -9 0.38 32
3 445 2 -9 1.34 46
2 1108 1 -9 0.56 36
2 1028 1 -9 0.44 34
2 988 1 -9 0.44 34
2 998 1 -9 0.36 33
2 979 2 -9 0.5 33
2 1046 2 -9 0.35 32
2 591 2 -9 0.35 31
2 546 2 -9 0.65 37
2 552 1 -9 0.7 35
2 869 2 -9 0.48 33
2 881 2 -9 0.32 31
2 854 1 -9 0.65 38
2 944 2 4 0.48 34
2 770 2 -9 0.68 38
2 787 2 -9 0.56 35
2 1089 1 -9 0.42 35
2 649 2 -9 0.48 33
2 508 1 3 0.47 33
2 538 1 -9 0.5 36
2 396 2 -9 0.51 33
2 394 2 -9 0.61 36
1 14 2 3 0.45 33
1 41 1 4 0.35 33
1 299 2 -9 0.41 33
2 694 1 -9 0.16 25
2 684 1 -9 0.3 31
3 332 1 4 1.28 43
2 914 1 -9 0.38 34
1 224 1 4 0.56 39
1 166 2 3 0.34 31
1 160 1 -9 0.4 33
1 111 1 -9 0.62 41
3 444 2 -9 1.38 44
1 131 2 -9 0.52 35
3 446 1 -9 1.07 43
3 455 1 3 0.86 41
1 176 2 -9 0.68 37
2 976 1 5 0.81 40
3 341 1 3 1.4 44
2 884 2 -9 0.28 30
2 546 2 -9 0.65 36
3 348 1 -9 1.28 47
2 851 1 -9 0.53 35
2 815 2 -9 0.8 38
2 763 2 -9 0.64 37
2 759 2 -9 0.72 37
2 1094 1 3 0.47 35
2 600 1 -9 0.5 35
2 630 1 4 0.47 35
2 607 2 4 0.53 34
1 246 1 -9 0.15 25
2 411 2 -9 0.53 34
2 408 1 -9 0.53 36
2 387 1 -9 0.61 37
2 391 1 -9 0.39 31
2 424 2 -9 0.47 33
2 427 1 -9 0.38 30
2 425 2 -9 0.39 31
1 14 2 4 0.55 36
2 711 2 -9 0.46 33
2 665 2 -9 0.61 38
1 219 2 4 0.55 36
1 316 2 -9 1.34 45
1 116 1 4 0.36 33
1 179 1 -9 0.42 35
1 271 2 -9 1.4 42
2 1101 2 -9 0.66 36
1 97 1 -9 0.4 35
2 1052 1 -9 0.26 30
2 1049 2 -9 0.32 30
1 290 2 -9 1.09 42
2 994 2 -9 0.43 34
2 889 1 -9 0.22 28
3 355 2 -9 1.13 40
2 973 2 -9 0.37 32
2 762 2 3 0.64 35
3 364 1 -9 1.14 44
2 503 1 -9 0.45 36
2 627 1 -9 0.38 35
2 636 2 -9 0.55 35
2 620 2 4 0.51 36
2 428 2 2 0.46 32
1 306 1 -9 0.34 33
2 730 2 -9 0.46 35
2 730 2 -9 0.6 36
2 663 2 -9 0.78 39
2 661 1 -9 0.44 33
2 741 1 -9 0.4 34
2 705 2 -9 0.38 31
2 745 1 3 0.32 30
2 720 2 -9 0.46 33
1 46 2 4 0.58 38
1 147 2 -9 0.48 35
1 108 1 -9 0.4 34
3 443 1 4 0.92 43
3 441 1 -9 1.13 44
1 168 2 -9 0.4 34
2 1076 1 -9 0.48 36
2 980 1 -9 0.36 31
2 1075 2 -9 0.46 33
2 990 2 -9 0.52 35
2 584 1 -9 0.35 32
3 353 1 -9 0.93 41
1 1 2 -9 0.29 32
3 348 2 -9 1.18 45
2 935 1 -9 0.5 35
2 803 2 2 0.36 32
2 946 1 -9 0.54 37
2 812 2 -9 0.4 32
3 377 2 -9 1.28 44
2 409 2 -9 0.58 35
2 1090 2 -9 0.55 36
2 510 2 -9 0.6 36
3 325 2 -9 1.21 43
2 633 1 -9 0.48 35
2 595 2 -9 0.42 31
2 493 1 -9 0.44 35
2 488 1 -9 0.5 35
2 639 1 -9 0.34 34
2 542 1 3 0.4 33
2 426 1 -9 0.44 32
2 720 1 -9 0.52 36
2 917 1 -9 0.66 42
1 231 2 4 0.56 36
1 65 1 -9 0.42 39
1 67 1 3 0.36 33
3 324 2 -9 1.32 44
1 316 1 -9 0.84 40
1 120 2 4 0.48 34
1 178 2 4 0.3 32
1 162 1 -9 0.32 33
1 163 2 -9 0.38 33
1 163 2 -9 0.46 35
1 182 2 -9 0.54 38
3 442 1 -9 1.15 44
1 100 1 -9 0.31 31
2 1021 2 -9 0.64 36
2 1032 2 -9 0.46 34
1 282 1 12 1.31 55
2 587 1 2 0.4 32
2 570 2 -9 0.55 36
1 3 1 -9 0.35 34
1 6 1 -9 0.5 38
2 798 2 3 0.48 35
2 973 1 -9 0.45 33
2 806 1 -9 0.4 34
3 377 2 -9 1.46 44
2 642 2 -9 0.31 30
2 633 2 2 0.46 33
1 266 2 -9 0.36 33
1 236 2 -9 0.2 26
1 252 2 -9 0.4 34
2 429 1 -9 0.6 36
1 20 2 -9 0.25 28
1 43 1 3 0.3 32
1 36 2 -9 0.35 32
2 705 1 4 0.37 33
2 668 2 -9 0.52 34
2 749 1 2 0.32 32
1 49 2 4 0.58 35
1 63 2 -9 0.3 29
1 202 2 3 0.3 31
1 217 1 -9 0.38 35
3 319 2 -9 1.02 41
1 106 1 5 0.56 38
3 445 2 -9 1.23 45
1 170 2 3 0.38 32
1 87 1 -9 0.3 32
2 1047 1 -9 0.3 30
1 292 1 -9 0.85 40
1 296 2 -9 0.94 43
2 437 2 4 0.9 41
2 1058 1 -9 0.42 35
2 1060 2 -9 0.5 33
2 554 2 -9 0.65 38
2 875 2 -9 0.55 37
2 772 2 -9 0.62 36
2 950 1 -9 0.47 36
2 958 1 4 0.37 33
3 365 2 4 1.1 42
2 1091 2 -9 0.44 34
1 78 2 -9 0.94 40
2 623 2 -9 0.58 37
2 613 1 -9 0.42 34
2 517 1 -9 0.69 39
2 514 1 -9 0.52 38
1 255 2 -9 0.3 31
1 249 1 -9 0.45 35
2 388 2 -9 0.29 30
1 36 1 -9 0.55 40
2 727 2 4 0.44 33
2 702 2 -9 0.34 31
2 682 1 -9 0.4 33
2 753 1 2 0.48 35
2 747 2 3 0.42 33
2 704 1 -9 0.49 36
3 331 2 -9 1.12 43
1 57 2 -9 0.71 41
1 225 2 4 0.56 36
3 320 1 -9 1.18 44
1 274 2 -9 1.12 41
1 194 2 5 0.74 40
1 162 1 -9 0.3 31
1 143 1 -9 0.36 34
1 126 1 -9 0.4 34
1 189 2 -9 0.24 28
3 449 2 -9 0.98 41
1 111 2 -9 0.58 38
2 1100 2 2 0.4 33
2 1025 2 5 0.64 37
2 1034 1 -9 0.31 29
2 1064 1 2 0.3 30
1 292 2 -9 0.94 42
2 884 2 -9 0.72 38
3 360 2 -9 1.09 44
1 8 2 -9 0.46 34
2 878 1 -9 0.41 34
2 835 2 -9 0.6 36
3 375 2 -9 1.12 41
2 1085 1 3 0.4 33
2 1084 1 -9 0.5 35
2 496 1 -9 0.59 40
2 597 2 -9 0.49 32
2 636 1 -9 0.32 30
2 534 1 -9 0.52 34
2 518 2 -9 0.43 32
2 526 1 -9 0.65 38
1 245 2 -9 0.3 30
2 436 1 -9 0.41 31
1 26 2 6 0.6 38
1 39 1 -9 0.35 32
2 701 1 2 0.32 31
2 754 1 -9 0.18 27
2 669 2 4 0.47 35
2 696 1 -9 0.42 33
2 926 2 -9 0.56 36
2 901 1 -9 0.44 35
1 55 2 -9 0.4 40
1 67 1 -9 0.44 37
1 66 2 4 0.5 36
1 223 2 7 0.8 43
1 226 2 4 0.5 35
1 74 2 -9 0.24 29
1 73 2 -9 0.18 26
1 196 2 -9 0.42 35
1 317 1 -9 1.2 46
1 121 2 4 0.4 33
1 194 2 3 0.4 33
1 118 2 4 0.46 36
1 136 2 -9 0.16 26
3 438 1 -9 1.08 43
3 447 2 -9 1.15 44
3 441 2 -9 1.07 43
3 343 2 -9 1.32 44
1 283 2 -9 1.18 44
2 1082 2 -9 0.42 32
2 1052 1 -9 0.32 33
2 1057 2 -9 0.51 34
2 1069 1 -9 0.5 35
2 1048 1 5 0.5 37
2 894 2 -9 0.44 35
2 590 2 -9 0.4 32
2 883 2 -9 0.38 32
1 4 1 -9 0.29 32
2 875 2 -9 0.52 36
2 866 2 -9 0.26 29
2 834 2 -9 0.3 29
2 841 2 -9 0.47 34
2 845 2 -9 0.65 37
2 956 2 -9 0.5 34
2 773 2 -9 0.54 34
2 957 2 -9 0.64 37
3 366 2 -9 0.9 38
2 499 2 -9 0.77 38
2 500 1 -9 0.43 33
2 526 2 -9 0.43 33
1 266 2 8 0.77 42
1 245 2 4 0.45 34
2 430 1 -9 0.46 33
2 736 2 4 0.68 36
2 713 2 5 0.52 35
2 747 1 -9 0.36 31
3 334 1 -9 1.26 43
2 906 1 -9 0.42 35
1 60 2 -9 0.4 34
1 76 2 -9 0.52 36
1 134 1 4 0.28 33
3 474 2 -9 1.42 46
1 101 2 4 1.08 45
1 283 2 -9 0.95 41
2 1056 2 3 0.33 31
2 1026 1 -9 0.64 41
2 1031 2 -9 0.44 34
2 1000 2 -9 0.61 36
2 1020 2 -9 0.8 41
2 892 2 -9 0.72 39
1 4 2 -9 0.26 30
2 965 1 -9 0.4 35
2 775 1 -9 0.54 35
2 1092 1 3 0.4 34
2 603 2 -9 0.81 40
2 622 2 -9 0.34 32
2 628 1 2 0.18 26
2 513 1 3 0.44 33
2 514 1 -9 0.45 34
1 267 2 -9 0.5 34
1 240 1 -9 0.16 27
2 411 2 -9 0.7 37
2 413 2 -9 0.57 34
3 482 1 4 1.08 40
2 690 2 -9 0.56 36
2 680 1 -9 0.4 32
3 332 2 -9 1.21 42
1 74 2 -9 0.5 40
1 215 2 -9 0.39 33
3 321 2 3 1.04 42
1 309 2 -9 1.22 43
3 455 2 -9 1.23 45
3 452 2 -9 1.18 42
3 473 2 -9 1.15 44
2 977 2 4 0.73 36
1 81 2 3 0.45 34
1 79 1 3 0.53 36
2 1032 2 -9 0.4 32
2 991 2 2 0.36 32
2 1006 2 -9 0.3 30
2 1007 2 -9 0.58 37
2 981 2 4 0.81 37
2 894 1 2 0.38 31
2 864 2 -9 0.55 35
2 970 2 3 0.43 33
2 939 2 -9 0.6 35
2 968 2 -9 0.61 37
2 817 2 -9 0.2 28
3 374 2 -9 1.08 42
2 409 2 -9 0.71 37
2 1088 2 -9 0.39 32
2 642 2 -9 0.38 31
2 631 2 -9 0.5 34
2 516 1 -9 0.71 43
2 539 2 -9 0.29 32
1 233 1 -9 0.37 34
1 240 2 -9 0.3 32
2 420 2 -9 0.26 31
1 16 1 -9 0.35 31
1 301 1 -9 0.3 29
2 733 2 4 0.46 34
2 690 2 -9 0.6 35
2 719 1 -9 0.42 34
1 64 2 -9 0.3 31
3 324 2 4 1.24 43
1 202 2 -9 0.23 28
2 382 1 5 0.78 41
1 107 2 4 0.74 38
3 461 2 -9 1.25 44
2 1106 1 3 0.48 35
1 104 2 -9 1.02 42
1 81 2 4 0.69 37
3 476 1 -9 1.22 45
2 1071 1 -9 0.51 38
2 1004 1 4 0.45 35
2 1061 2 4 0.63 37
3 336 2 -9 1.2 42
2 1046 2 2 0.31 30
2 569 2 -9 0.55 34
3 353 1 5 1.65 48
2 847 2 -9 0.66 37
1 5 2 -9 0.49 34
2 875 2 4 0.55 35
2 820 1 2 0.24 29
2 947 1 -9 0.46 34
2 964 2 4 0.34 32
2 762 2 -9 0.58 35
2 509 1 4 0.44 33
2 618 2 -9 0.57 35
1 253 2 -9 0.5 34
2 435 2 -9 0.59 35
2 403 2 -9 0.55 35
2 419 1 -9 0.26 30
1 36 2 -9 0.4 33
2 658 2 -9 0.52 34
2 672 2 4 0.52 35
3 333 2 -9 1.12 41
3 330 2 -9 1.01 40
2 925 2 -9 0.6 37
2 902 1 -9 0.5 36
1 70 1 4 0.32 33
1 52 1 -9 0.4 35
3 320 2 -9 1.16 44
1 217 2 -9 0.56 37
1 313 2 4 1.06 40
1 153 2 -9 0.46 34
1 117 1 8 0.7 42
1 110 2 -9 0.6 38
3 975 2 4 1.11 42
1 95 2 -9 0.4 36
1 89 2 -9 0.62 37
2 1021 1 8 0.62 43
2 1030 2 -9 0.56 35
2 1008 2 -9 0.32 29
2 1066 2 -9 0.71 37
3 351 2 -9 0.9 39
2 890 2 -9 0.22 29
2 555 1 4 0.55 37
1 8 2 -9 0.59 37
2 875 1 -9 0.62 40
2 866 2 -9 0.46 33
2 940 1 -9 0.46 35
2 822 1 4 0.46 35
3 370 2 4 0.98 39
3 370 2 -9 0.92 40
2 604 2 -9 0.62 34
2 522 1 -9 0.48 33
2 539 2 -9 0.46 32
2 647 1 -9 0.34 33
1 304 2 -9 0.44 37
2 721 2 -9 0.5 35
2 715 2 -9 0.42 33
2 693 2 -9 0.32 31
2 749 1 -9 0.38 34
2 924 1 -9 0.32 32
2 908 2 3 0.42 35
2 930 2 -9 0.76 42
1 73 1 3 0.36 33
1 55 2 5 0.6 38
1 193 2 5 0.6 37
1 146 2 -9 0.64 39
1 163 1 -9 0.38 33
1 109 1 -9 0.52 34
1 182 1 3 0.36 32
3 454 1 -9 0.88 40
3 463 2 -9 1.13 43
1 131 1 -9 0.2 27
1 136 1 -9 0.32 34
1 186 2 5 0.58 38
3 452 1 -9 0.89 41
2 992 2 -9 0.56 33
2 859 2 2 0.44 32
2 871 2 -9 0.54 36
2 864 2 -9 0.53 34
2 878 1 2 0.25 28
2 874 2 -9 0.53 35
2 836 1 -9 0.47 32
2 846 2 -9 0.46 32
2 778 2 -9 0.42 32
2 756 2 2 0.44 32
2 782 2 -9 0.64 36
2 786 2 5 0.78 39
2 1083 2 3 0.37 32
2 597 1 4 0.49 36
2 538 2 4 0.53 34
1 233 1 -9 0.26 29
1 254 2 -9 0.55 36
1 264 1 -9 0.3 30
1 260 2 -9 0.5 34
1 27 1 -9 0.25 31
2 666 2 4 0.71 37
1 74 2 2 0.2 28
1 316 1 -9 0.92 42
1 183 1 4 0.4 34
1 148 2 -9 0.62 37
3 443 2 -9 1.58 48
3 975 1 -9 1.37 44
1 295 1 -9 1.3 45
2 1076 2 -9 0.41 32
2 1071 1 -9 0.48 34
3 352 2 -9 1.15 44
2 560 2 -9 0.4 32
2 559 1 -9 0.6 39
2 563 2 5 0.7 38
2 354 2 4 0.64 37
2 850 2 4 0.68 40
1 7 1 4 0.5 36
2 829 2 -9 0.67 37
2 812 2 -9 0.38 33
3 372 2 -9 0.96 41
2 649 1 -9 0.21 28
2 629 1 -9 0.42 34
2 634 2 -9 0.5 35
1 254 2 -9 0.95 43
2 397 2 -9 0.49 33
2 414 2 -9 0.51 34
1 29 1 -9 0.47 33
1 303 2 -9 0.59 37
2 660 1 -9 0.5 37
2 681 2 -9 0.66 40
2 704 1 -9 0.29 31
2 906 2 -9 0.74 39
3 320 2 4 0.76 39
1 211 2 3 0.2 28
1 218 1 8 0.75 43
3 323 2 -9 1.28 44
1 111 2 -9 0.66 39
2 1080 1 -9 0.47 34
2 981 2 -9 0.58 33
2 1045 1 -9 0.44 36
2 987 2 -9 0.6 35
2 995 2 2 0.42 32
2 556 2 -9 0.55 35
2 544 2 -9 0.6 36
1 4 1 3 0.35 32
1 10 2 4 0.26 31
2 873 1 -9 0.57 35
2 858 1 -9 0.38 32
2 836 2 -9 0.7 36
2 802 2 -9 0.62 35
2 484 1 -9 0.48 33
2 487 1 7 0.76 42
2 646 2 -9 0.41 33
2 521 2 -9 0.45 35
2 531 1 3 0.39 32
1 258 2 -9 0.55 36
1 241 2 2 0.15 26
2 391 1 2 0.49 32
2 425 2 -9 0.57 34
1 305 2 -9 0.59 33
2 703 1 4 0.37 33
2 665 2 -9 0.55 36
2 696 1 2 0.38 31
2 915 1 -9 0.44 35
1 51 2 3 0.2 32
1 50 1 4 0.4 34
1 66 1 -9 0.48 36
1 72 1 -9 0.26 25
1 198 2 -9 0.46 34
1 310 2 -9 1.02 40
1 175 1 -9 0.36 32
1 134 2 -9 0.44 32
3 471 2 -9 1.35 43
1 191 2 -9 0.78 42
2 976 2 4 0.67 38
2 1027 1 -9 0.36 32
2 998 1 -9 0.34 33
2 995 2 -9 0.58 35
3 351 2 4 1.1 43
2 573 1 -9 0.35 29
2 840 2 -9 0.58 39
2 832 2 -9 0.65 37
2 798 1 -9 0.44 34
2 795 1 -9 0.42 34
2 955 1 -9 0.4 34
2 952 2 3 0.52 33
2 781 2 -9 0.72 38
2 758 2 -9 0.7 39
2 507 1 -9 0.43 33
2 528 1 -9 0.49 34
2 401 1 -9 0.64 37
2 428 2 -9 0.56 34
1 15 2 4 0.5 35
2 344 2 3 0.94 40
2 725 2 -9 0.58 36
2 742 2 -9 0.3 31
2 653 2 -9 0.33 31
2 686 2 -9 0.5 34
2 753 1 -9 0.16 27
3 333 1 -9 1.22 44
2 920 1 4 0.54 35
1 228 2 4 0.6 37
1 216 2 5 0.54 38
1 205 1 -9 0.29 32
1 218 1 -9 0.32 32
1 115 2 -9 0.56 39
3 444 2 4 0.98 42
1 127 1 3 0.34 33
1 85 1 -9 0.43 36
1 290 2 6 1.4 46
2 1054 1 -9 0.32 30
2 1066 1 -9 0.46 34
2 981 2 -9 0.58 36
2 895 1 -9 0.32 31
2 810 2 -9 0.62 35
2 959 2 -9 0.53 34
2 941 2 -9 0.61 36
3 368 2 -9 1.36 43
2 1093 2 -9 0.53 35
2 1090 2 -9 0.58 35
2 626 1 -9 0.43 35
2 616 2 -9 0.67 36
2 531 1 -9 0.4 34
3 481 2 -9 0.98 41
2 739 2 -9 0.62 36
2 740 1 -9 0.42 33
2 747 2 -9 0.42 33
1 54 2 5 0.6 38
1 217 1 -9 0.43 36
1 183 1 -9 0.3 32
1 151 1 -9 0.52 36
3 457 1 4 1.46 46
3 446 2 -9 1.08 43
3 472 1 -9 1.26 44
2 1109 2 -9 0.66 36
2 1101 2 5 0.66 36
3 339 2 -9 0.94 41
1 80 2 4 0.61 36
1 97 2 -9 0.54 37
2 1028 2 -9 0.4 30
2 1053 1 -9 0.36 32
2 1017 2 -9 0.48 35
2 1000 2 -9 0.68 38
2 1002 2 3 0.45 33
2 1001 2 2 0.5 33
3 336 1 -9 1.4 46
2 552 2 -9 0.45 33
2 871 2 3 0.36 31
2 879 1 -9 0.4 34
2 820 1 -9 0.32 33
2 803 2 3 0.5 34
2 822 2 -9 0.42 33
2 959 2 -9 0.52 34
2 824 2 2 0.32 30
2 780 2 -9 0.68 37
3 363 2 -9 1.12 43
2 603 2 -9 0.65 36
2 622 2 -9 0.51 35
2 518 2 -9 0.53 35
1 234 2 -9 0.45 34
2 390 2 -9 0.65 37
2 418 2 -9 0.37 33
1 23 1 -9 0.15 24
1 33 2 -9 0.55 35
2 722 2 -9 0.54 35
2 742 2 -9 0.6 36
2 676 1 4 0.43 35
2 901 1 -9 0.46 34
1 227 1 4 0.58 38
1 44 1 4 0.51 37
1 132 1 -9 0.42 34
1 188 2 -9 0.4 33
2 1110 1 -9 0.48 35
1 271 2 -9 1.4 42
1 91 1 -9 0.53 40
2 1029 1 -9 0.4 34
1 278 1 -9 1.1 40
2 1013 2 -9 0.56 35
2 1039 1 -9 0.34 31
2 560 1 4 0.5 35
2 886 2 -9 0.58 36
2 558 2 -9 0.45 34
1 5 1 -9 0.26 30
2 831 1 -9 0.54 35
2 830 1 -9 0.49 35
2 870 1 -9 0.37 33
2 843 2 -9 0.57 36
2 938 1 -9 0.54 35
2 810 2 -9 0.38 31
2 759 2 -9 0.7 37
3 363 2 -9 1.16 42
2 509 1 -9 0.52 37
2 537 2 -9 0.5 34
2 644 1 -9 0.24 28
