1 362 1 -9 1.02 44
1 26 1 6 0.3 34
1 92 1 -9 0.55 37
1 313 2 -9 0.87 40
1 349 2 4 0.83 40
1 117 1 -9 0.84 44
2 475 1 8 0.92 43
3 667 2 -9 1.59 44
2 563 1 7 0.39 33
2 613 1 2 0.43 32
2 694 2 5 1.59 46
2 825 1 -9 0.96 44
3 1073 2 -9 1.76 48
2 1240 1 -9 0.69 38
2 1318 1 12 0.9 44
2 754 2 -9 1.22 43
1 329 2 -9 0.68 37
1 193 2 -9 0.71 38
1 118 2 -9 0.82 39
2 491 2 -9 0.88 43
2 460 2 5 1.03 41
2 458 2 6 1.84 49
2 898 2 2 0.42 32
2 602 2 2 0.39 29
2 845 2 -9 0.61 34
2 850 1 -9 0.74 39
2 803 2 -9 1.02 41
2 886 1 -9 0.72 41
3 1078 1 12 2.08 54
2 1267 1 -9 1.1 45
2 1163 1 5 1.04 44
2 1017 1 5 0.91 43
2 1193 2 -9 0.74 37
2 984 2 -9 0.88 39
2 1309 2 3 0.99 41
2 486 2 -9 1 41
1 22 1 4 0.3 33
1 279 2 -9 1 40
1 131 1 4 0.34 32
2 425 1 4 0.25 31
2 848 2 -9 1.01 42
2 796 1 -9 0.9 44
2 734 1 2 0.34 30
2 701 1 6 0.52 36
2 1048 2 -9 0.67 35
2 1109 2 -9 0.76 37
2 894 1 -9 0.79 40
2 1235 2 4 0.94 41
2 1065 1 -9 0.87 45
2 1029 1 -9 0.94 43
2 1210 2 9 0.9 42
2 1213 2 -9 1.25 44
2 1218 1 6 0.9 44
2 1292 2 -9 1.14 41
2 999 1 2 0.68 38
1 12 2 -9 1.24 44
1 154 2 -9 0.91 42
1 355 1 -9 0.7 42
1 206 1 -9 0.77 42
1 395 1 3 0.3 31
1 136 1 13 0.72 41
2 514 1 2 0.18 25
2 455 1 7 1.82 52
2 634 2 2 0.24 27
2 638 1 7 0.4 35
2 653 1 -9 1.02 42
2 914 2 -9 0.69 36
2 928 1 -9 0.91 43
2 958 1 -9 1.04 45
3 776 1 5 1.7 47
2 858 1 4 0.78 40
2 1045 1 -9 1.09 45
2 1206 1 -9 0.79 40
2 1214 1 -9 0.93 43
2 1288 2 -9 1.1 41
2 1304 2 -9 0.82 39
1 60 1 -9 0.74 42
1 44 1 -9 0.86 44
1 285 1 -9 1.15 47
1 314 2 -9 0.87 41
1 288 1 -9 0.75 41
1 180 1 -9 0.83 41
1 334 1 5 0.92 44
2 483 1 4 0.75 39
2 420 2 6 0.24 30
2 571 2 5 0.44 34
2 851 1 -9 0.86 43
2 932 1 -9 1.05 45
2 813 1 -9 0.9 42
2 861 1 -9 0.87 44
3 1083 1 8 1.23 52
2 985 1 -9 0.68 37
2 1300 1 -9 1.12 46
2 1303 2 -9 1.2 42
1 41 1 -9 0.72 40
1 93 2 -9 0.82 40
1 244 2 -9 0.97 42
1 154 1 -9 0.8 42
1 385 2 -9 1.14 43
1 342 1 -9 0.9 44
1 275 2 -9 1.12 42
2 504 2 -9 1.04 43
2 446 1 3 0.35 30
2 558 2 4 1.11 43
2 926 1 -9 1 42
2 951 1 4 0.84 41
2 828 2 -9 0.73 38
2 682 2 -9 1.1 42
2 834 1 -9 1.04 45
2 838 1 -9 1.04 46
2 1091 2 -9 1.02 42
2 1136 1 -9 1.02 43
3 1079 1 -9 1.59 54
2 885 2 -9 1.03 41
2 860 1 -9 0.96 43
2 1065 1 8 0.81 44
2 985 1 -9 0.7 38
2 991 2 -9 1.18 43
2 1203 1 -9 0.97 46
2 992 1 -9 0.91 43
2 1258 1 -9 0.97 46
2 1327 1 -9 0.82 42
2 486 1 -9 1.21 45
1 75 1 7 0.46 37
1 292 2 -9 0.65 38
1 204 1 -9 0.6 37
1 117 1 5 0.94 42
1 398 2 5 0.28 32
2 466 1 -9 1.02 45
2 540 2 -9 1.08 43
2 597 2 7 0.39 34
2 744 2 2 0.52 33
2 790 1 6 1.11 47
2 676 2 2 0.34 29
2 694 2 5 1.42 44
2 753 1 10 0.88 42
2 742 2 2 0.28 28
2 1135 1 -9 1 45
2 1205 2 -9 0.92 40
2 1161 1 5 1 43
3 1082 1 12 1.23 49
2 1174 2 -9 1.24 48
2 988 1 -9 0.84 41
2 1218 1 -9 0.89 44
2 1222 2 -9 1.01 42
2 1286 2 -9 1.19 44
2 1299 1 -9 1 44
1 53 1 -9 0.64 38
1 401 1 6 0.42 35
2 525 2 -9 0.96 40
2 534 1 -9 1.18 42
1 410 1 10 1.02 46
2 657 2 6 1.06 46
2 935 1 -9 1 44
2 693 2 5 1.44 46
2 675 2 3 0.22 30
2 758 2 6 1.33 45
2 1052 1 -9 0.7 39
3 1075 1 -9 1.35 46
2 881 1 -9 1 42
3 1078 1 -9 2.04 52
2 857 1 -9 0.92 44
2 1129 1 -9 0.76 39
2 1166 1 -9 0.84 40
2 1001 1 -9 0.91 41
2 1060 1 -9 0.75 39
2 1311 1 -9 0.84 44
2 1314 1 -9 0.88 43
2 895 1 3 0.38 32
2 943 1 -9 0.87 44
1 36 1 11 0.7 44
1 13 1 -9 0.86 42
1 40 2 -9 0.72 39
1 87 2 -9 0.87 40
1 406 1 5 0.25 32
1 250 2 -9 0.8 40
1 356 1 -9 0.98 45
1 165 2 -9 0.7 42
1 232 1 -9 0.76 43
1 392 1 4 0.36 33
2 517 2 -9 1.14 43
2 426 1 5 0.24 28
2 904 1 -9 0.91 41
2 723 1 2 0.32 30
2 939 1 -9 0.93 45
2 812 2 -9 0.86 40
2 815 1 -9 1.01 45
2 692 2 5 1.55 46
2 839 2 -9 1.05 42
2 1051 1 -9 0.97 45
3 1072 2 -9 1.62 44
2 1226 1 9 1.04 46
2 1012 1 -9 0.79 44
2 1214 1 -9 1 43
1 21 1 -9 0.72 43
1 190 1 -9 0.53 36
1 364 1 -9 0.86 42
2 479 1 -9 0.98 44
2 798 1 -9 0.85 41
2 805 1 -9 0.65 37
2 836 2 5 1.02 41
2 1126 1 -9 0.96 44
2 997 1 -9 0.9 42
2 1035 1 -9 0.62 38
1 18 2 -9 0.68 40
1 51 2 -9 0.86 40
1 194 1 -9 0.68 39
1 281 1 -9 0.73 39
1 241 1 -9 0.91 44
1 367 2 -9 0.79 41
1 198 2 -9 0.75 42
1 137 1 -9 0.88 40
1 129 1 -9 0.84 40
2 497 1 13 0.96 44
2 428 1 4 0.35 32
3 665 1 -9 2.42 51
2 760 2 4 0.56 34
2 950 1 -9 0.8 41
2 922 1 -9 1.05 44
2 695 2 4 1.45 44
2 1050 1 5 1.35 42
3 1072 1 10 1.15 51
2 1108 2 -9 1.08 43
2 1139 1 -9 1.06 47
2 880 1 -9 1.05 45
2 1274 1 -9 1.03 45
2 1170 1 -9 0.96 43
2 1283 1 -9 0.76 39
1 231 1 -9 0.92 43
1 77 2 -9 0.86 40
1 4 2 5 0.68 39
1 44 1 -9 0.84 46
1 54 1 -9 0.82 43
1 161 1 9 0.79 41
1 342 1 -9 0.82 42
1 297 1 -9 0.93 43
1 327 1 -9 0.78 43
1 408 2 -9 0.9 41
2 548 1 -9 0.93 40
2 436 1 4 0.27 29
2 634 1 2 0.34 30
2 900 2 2 0.25 28
2 913 1 -9 0.98 45
2 629 2 3 0.46 32
2 844 1 -9 0.74 40
2 825 1 -9 0.94 42
2 826 1 -9 0.99 43
2 748 2 2 0.36 30
2 709 2 -9 1.22 43
3 1079 2 -9 1.3 46
2 1271 1 -9 0.62 35
2 1233 1 -9 0.9 44
2 1164 1 -9 0.84 43
2 1045 1 -9 0.81 38
2 970 2 -9 0.9 42
2 1018 1 -9 1.05 44
2 895 2 2 0.39 32
1 98 1 -9 0.67 43
1 90 2 -9 0.96 41
1 256 1 -9 0.81 40
1 230 2 -9 1.06 42
1 392 2 4 0.68 38
1 374 1 -9 0.85 44
2 500 2 -9 0.79 40
2 502 1 -9 1.2 43
2 578 1 -9 1.03 44
2 591 2 4 0.29 30
2 917 2 -9 0.83 41
2 673 2 7 0.52 40
2 1110 2 -9 1 44
2 968 1 -9 0.75 38
1 58 1 -9 0.66 39
1 250 2 -9 0.87 40
1 348 1 -9 0.9 45
1 113 1 -9 0.92 44
1 370 1 10 0.73 43
2 512 2 2 0.25 27
2 485 1 -9 0.84 40
3 772 2 7 1.46 46
2 602 2 5 0.5 33
2 928 1 -9 0.97 44
2 959 1 4 0.89 42
2 826 2 9 0.89 42
3 783 1 -9 1.59 47
2 733 2 4 0.5 33
2 1134 2 -9 0.88 40
2 1037 1 -9 0.94 42
2 1159 1 -9 1.06 44
2 1027 1 -9 0.81 42
2 1197 2 -9 0.75 41
2 1288 1 -9 1.04 45
1 100 2 4 0.68 37
1 46 2 -9 0.62 37
1 204 1 -9 0.68 43
1 277 2 -9 0.67 37
1 119 1 -9 0.86 42
1 122 2 5 0.6 37
2 535 2 -9 0.98 40
2 466 2 -9 1.12 41
2 545 2 -9 0.94 43
2 443 1 2 0.16 25
2 605 2 4 0.56 35
2 954 2 -9 0.81 38
2 922 1 -9 0.88 40
3 778 2 7 1.78 48
3 771 1 -9 1.43 45
3 1074 2 5 1.22 43
2 1262 1 -9 0.7 37
1 156 1 4 0.66 37
1 177 1 5 0.32 33
1 291 1 -9 0.82 42
1 354 1 -9 0.81 40
1 353 2 4 0.96 41
2 516 2 4 0.2 26
1 379 1 -9 0.9 46
2 445 2 4 0.22 27
2 413 2 3 1.26 43
2 637 2 6 0.27 31
2 691 1 6 1.75 48
2 807 1 -9 0.84 43
3 775 1 -9 3 56
3 776 1 -9 1.78 47
3 782 1 -9 1.34 45
2 1099 2 -9 0.96 40
2 1100 2 2 0.78 38
2 1112 1 -9 0.64 37
2 879 1 5 0.9 43
3 1083 1 -9 1.77 54
2 1178 1 -9 0.73 39
2 1172 2 -9 0.78 42
2 1304 1 12 0.9 43
2 1322 2 -9 0.84 39
1 63 1 -9 0.88 42
1 37 1 -9 0.68 38
1 58 1 9 0.8 44
1 308 2 4 0.83 39
1 308 1 -9 0.83 43
1 339 1 -9 0.76 44
1 175 1 5 0.27 32
1 359 1 -9 0.64 42
1 193 1 -9 0.57 35
2 472 1 -9 1.08 44
2 448 1 2 0.24 27
2 463 1 -9 1.03 41
2 457 1 5 1.36 48
2 417 2 5 0.34 31
2 903 2 -9 0.94 42
2 844 1 -9 0.92 45
2 761 2 4 0.64 34
2 705 2 -9 1.02 44
2 864 1 -9 0.89 42
2 1017 1 -9 0.62 38
2 1255 1 -9 0.87 43
2 1220 2 4 1.04 44
2 1257 1 -9 0.97 45
2 1291 2 4 1.14 42
1 324 1 -9 0.85 45
1 394 1 5 0.47 36
2 449 2 2 0.21 26
2 717 2 4 0.8 38
2 670 1 -9 0.76 41
2 693 1 5 1.9 53
2 682 2 -9 0.7 36
2 689 2 5 1.41 44
2 791 1 -9 0.7 37
2 831 2 -9 0.77 37
2 1132 2 -9 1.16 45
2 1234 2 -9 1.13 42
2 1044 1 -9 0.87 42
3 1067 2 4 2.22 50
3 1081 1 5 2.18 51
2 1210 1 -9 0.77 42
1 18 1 -9 0.8 44
1 153 2 -9 0.92 42
1 218 2 -9 0.85 40
1 388 1 7 0.21 30
2 542 1 5 1.04 40
2 563 2 3 0.57 35
2 641 2 5 0.46 35
2 614 2 5 0.54 35
2 659 1 8 1.12 47
2 610 1 2 0.33 30
2 1279 2 -9 0.78 39
2 1101 2 -9 1.06 43
3 1080 1 11 1.53 52
2 1238 1 -9 0.85 43
2 1003 1 -9 0.74 40
1 158 1 -9 0.76 45
1 306 1 -9 0.63 39
1 338 2 -9 1.04 43
1 221 2 -9 0.72 37
1 122 2 -9 0.82 40
2 531 1 5 1.12 43
2 496 2 -9 0.9 40
3 661 2 6 1.81 48
2 600 1 2 0.22 30
2 963 2 4 0.89 41
2 789 1 -9 0.84 42
3 773 1 -9 1.88 50
2 823 2 -9 0.94 41
3 1082 1 12 1.77 53
1 67 1 6 0.4 35
1 310 1 -9 1 45
1 208 1 -9 0.9 44
1 210 2 -9 0.61 37
2 526 2 -9 0.94 41
2 474 2 4 1.06 43
2 452 1 5 0.26 28
2 503 1 10 1.1 45
2 587 1 2 0.33 29
2 843 1 -9 0.97 44
2 797 2 4 1.14 43
2 702 2 4 0.58 45
2 883 1 -9 0.83 40
2 1059 1 -9 0.93 43
2 1202 1 -9 0.98 44
2 1263 1 11 0.79 44
1 42 2 -9 0.78 38
1 281 1 -9 0.7 38
1 191 2 -9 0.97 41
1 363 1 -9 0.89 44
1 236 1 -9 1.02 45
1 353 1 -9 0.89 44
2 414 1 8 0.53 38
2 518 2 -9 0.96 41
2 473 2 -9 1.1 43
2 501 1 -9 0.84 40
2 911 2 -9 1.06 42
2 614 2 4 0.37 33
2 616 2 2 0.39 29
2 823 1 5 0.75 40
3 778 1 4 1.28 43
2 1093 2 -9 1.32 42
2 1130 1 -9 0.84 42
2 1228 1 -9 0.9 44
2 1162 1 -9 1.04 44
2 1194 1 -9 1 46
2 1242 1 -9 0.82 40
2 1004 1 -9 0.95 42
2 1034 2 -9 0.92 40
1 391 1 6 0.5 38
1 74 1 4 0.32 32
1 20 1 -9 0.59 37
1 1 1 -9 0.82 43
1 39 1 -9 0.68 39
1 55 1 10 0.84 44
1 89 2 -9 1.01 44
1 401 1 5 0.3 30
1 316 1 -9 0.99 45
1 367 1 -9 0.77 44
1 206 1 -9 0.89 43
1 112 2 -9 0.8 42
2 549 2 6 0.88 38
2 570 2 -9 1.01 42
2 685 2 4 1 41
2 748 1 2 0.2 26
2 842 1 9 0.98 45
2 1147 1 5 0.84 40
2 1090 2 -9 1.1 43
2 872 1 -9 0.95 45
2 1175 2 4 1.02 42
2 977 2 5 0.92 42
2 978 1 -9 1.07 44
2 1253 1 -9 0.83 41
1 26 1 6 0.5 38
1 104 1 4 0.29 32
1 304 1 -9 0.69 44
1 192 2 -9 0.67 37
1 256 2 -9 0.81 41
2 517 2 -9 0.91 40
2 473 1 -9 0.87 41
2 457 1 4 1.46 46
2 908 1 4 0.74 39
2 719 2 -9 0.96 44
2 675 1 2 0.27 28
3 773 1 -9 1.16 45
2 684 1 5 0.86 40
3 775 2 -9 1.65 50
2 727 1 4 0.38 32
2 750 2 5 0.32 32
3 1072 1 12 1.92 54
3 771 2 2 0.85 38
2 1265 1 -9 0.98 46
2 1040 1 -9 1.16 47
2 1020 2 -9 1.21 43
1 314 1 -9 0.65 38
1 351 2 -9 0.87 42
1 197 1 -9 0.87 41
1 226 1 -9 0.79 43
1 378 1 -9 0.88 44
1 138 2 -9 0.52 36
2 505 2 6 1.02 43
3 666 1 -9 1.66 47
2 560 2 5 0.29 30
2 941 1 -9 0.68 37
2 757 1 6 1.75 50
2 838 1 3 0.81 41
2 1085 2 -9 1 45
2 874 1 -9 0.89 44
1 33 2 -9 0.66 40
1 34 2 -9 0.64 39
1 43 1 -9 0.76 42
1 94 2 -9 0.43 34
1 320 2 -9 0.62 38
1 170 1 4 0.4 34
1 178 1 -9 0.72 40
1 188 1 -9 0.81 44
1 242 2 -9 0.99 40
1 360 1 -9 0.94 44
1 365 1 -9 0.74 42
1 366 1 -9 0.8 43
1 203 2 -9 0.92 40
2 528 1 -9 1.26 45
2 452 1 2 0.18 25
2 910 2 -9 0.98 41
2 846 2 -9 1.06 41
2 934 1 -9 0.56 34
2 801 2 -9 0.82 38
2 714 1 -9 1.26 46
2 830 2 2 0.73 37
2 1105 2 -9 1.2 45
2 871 2 -9 1.04 41
2 998 1 12 0.87 44
2 994 1 4 0.89 42
2 1223 2 -9 0.98 41
2 1287 1 -9 0.82 42
1 22 2 2 0.27 29
1 52 1 -9 0.86 40
1 330 1 -9 0.64 38
1 183 2 7 0.86 39
1 142 2 4 0.5 34
1 133 1 -9 0.92 43
2 536 1 -9 0.95 39
2 508 2 -9 1.07 42
2 579 2 -9 1.04 42
2 631 1 5 0.76 41
2 712 2 -9 0.9 41
2 970 2 4 1.11 40
2 1196 2 -9 0.83 40
1 290 1 -9 0.82 45
3 412 2 4 1.63 46
1 372 1 10 0.91 44
2 524 2 -9 0.91 39
2 534 2 -9 1.14 42
2 467 2 -9 1.16 44
2 646 2 -9 0.94 40
2 655 1 -9 0.79 42
2 612 1 2 0.3 29
2 916 1 -9 0.96 46
2 933 1 5 0.95 43
2 757 1 6 1.75 51
3 1074 1 5 1.62 47
3 1077 1 12 1.98 55
2 965 2 -9 0.53 34
2 966 1 4 0.93 43
2 1033 1 -9 0.95 45
2 1277 1 -9 0.98 45
2 1249 1 -9 1.13 47
2 1258 1 11 0.78 42
2 1284 2 -9 1.04 42
1 182 1 -9 0.83 43
1 175 2 5 0.58 38
1 238 1 -9 0.92 44
1 138 1 -9 0.66 38
2 544 1 -9 0.9 45
2 545 2 -9 1.01 40
2 551 1 -9 0.92 44
2 581 2 -9 0.94 41
2 962 1 -9 0.86 41
2 681 2 -9 1.03 39
2 925 1 -9 0.85 41
2 925 1 -9 0.81 44
3 778 2 -9 2.46 50
2 706 2 -9 0.8 41
3 1069 2 12 1.52 50
2 1325 1 -9 1.04 45
2 606 1 2 0.43 30
1 263 1 -9 0.99 42
1 285 2 -9 0.83 42
1 158 1 5 0.64 40
1 399 1 6 0.31 31
1 332 2 -9 1.06 44
1 390 2 6 0.31 34
1 375 2 -9 0.82 42
1 144 1 2 0.26 29
2 528 2 -9 1.1 42
2 510 1 2 0.23 28
2 488 1 -9 0.9 45
2 478 2 -9 1.24 42
2 646 1 5 1.16 43
2 558 2 -9 0.91 39
2 899 2 2 0.44 33
2 915 2 -9 1.18 42
2 946 1 12 1.09 47
2 729 2 2 0.32 28
2 701 2 4 0.52 35
2 1100 2 -9 0.84 39
2 1236 1 -9 0.9 44
2 1191 2 -9 1.04 43
1 62 2 -9 0.76 37
1 87 1 -9 0.71 40
1 253 1 -9 0.77 41
1 405 1 5 0.3 30
1 337 1 -9 0.73 44
1 219 2 -9 0.94 41
1 394 1 4 0.49 37
2 499 2 -9 1.03 41
3 666 2 -9 1.83 50
2 905 1 -9 1 44
2 601 2 2 0.34 29
2 595 1 4 0.55 35
2 916 1 -9 0.98 45
2 788 1 -9 0.92 41
3 781 2 -9 1.42 46
3 769 2 5 1.4 46
2 1268 1 -9 0.71 40
2 1245 1 -9 0.83 45
2 1029 2 -9 1.1 42
1 109 1 -9 0.88 42
1 324 1 -9 0.55 37
1 201 2 -9 0.71 40
1 134 1 -9 0.52 37
2 533 2 -9 1.04 43
2 559 1 2 0.12 23
2 635 2 4 0.24 29
2 909 2 -9 0.82 37
2 723 1 2 0.52 33
2 932 1 -9 0.93 41
2 787 1 4 1 44
3 776 2 4 1.88 48
3 776 1 5 2.2 50
2 793 2 -9 1.15 43
2 824 1 -9 1.01 43
2 836 1 -9 0.69 43
2 740 1 4 0.24 29
2 1201 1 11 1.13 46
2 1213 1 4 0.77 41
2 1221 1 11 1.04 45
2 1306 1 5 0.98 43
2 1315 1 -9 0.9 42
1 160 1 -9 0.78 40
1 73 1 5 0.51 38
1 252 1 -9 0.79 39
1 151 1 -9 0.82 42
1 332 1 -9 0.8 41
1 335 1 -9 0.88 44
1 207 1 -9 0.8 41
1 373 2 -9 0.69 37
1 397 1 6 0.36 34
2 449 2 2 0.17 24
2 567 1 2 0.34 30
3 663 1 -9 1.62 53
2 908 1 -9 0.94 44
2 763 2 5 0.63 35
2 694 2 4 1.51 46
2 880 1 -9 0.91 43
2 861 1 -9 1.05 47
2 1131 2 5 0.94 42
2 1132 2 -9 0.92 40
2 1230 1 -9 0.85 41
2 1016 1 2 0.76 39
2 1254 1 -9 0.85 44
2 1256 1 -9 1.1 48
2 1323 1 -9 0.64 39
1 343 1 -9 0.82 44
1 189 1 -9 0.79 41
1 357 2 -9 0.98 42
1 393 1 3 0.32 32
1 135 2 -9 0.92 40
2 454 1 2 0.25 28
2 557 1 -9 1.14 44
2 574 1 3 0.27 30
2 854 1 -9 0.65 37
2 676 1 2 0.32 29
3 773 1 5 1.82 49
3 783 1 5 1.84 50
2 704 1 -9 0.88 41
2 1150 2 -9 1.04 41
2 1125 2 5 0.88 41
2 1055 2 5 1.09 42
2 1133 1 -9 1.02 43
2 1064 1 -9 0.99 42
2 1251 2 5 1.14 44
2 1280 2 -9 0.72 38
2 1317 1 -9 1.1 44
1 66 2 2 0.2 28
1 30 2 4 0.47 34
1 33 2 6 1.08 43
1 12 1 -9 0.76 42
1 17 1 -9 0.56 37
1 50 1 -9 0.68 39
1 278 1 -9 1.03 42
1 183 2 -9 0.75 38
3 412 1 -9 2.47 54
2 481 1 -9 1.28 45
2 487 2 -9 1.02 42
2 640 2 10 0.46 35
2 655 2 -9 1.01 41
3 665 1 5 1.35 47
2 618 2 4 0.43 32
2 620 1 2 0.35 31
2 843 1 -9 0.79 41
2 764 2 4 0.4 33
2 738 1 8 0.72 38
2 1148 2 -9 0.9 40
2 1265 1 -9 0.87 43
1 47 1 -9 0.84 41
1 57 2 -9 0.82 41
1 92 1 -9 0.82 42
1 267 2 -9 0.83 39
1 151 2 -9 0.7 39
1 297 1 -9 0.8 43
1 241 1 -9 0.77 38
1 235 2 -9 0.84 41
2 467 2 -9 0.92 41
2 547 2 -9 0.91 39
2 900 1 2 0.23 27
2 621 2 2 0.29 28
2 934 1 -9 1.1 41
2 671 1 2 0.29 29
2 800 1 5 0.92 43
2 689 1 12 1.05 45
2 728 2 2 0.3 29
2 1053 1 2 0.83 38
2 1054 1 -9 0.93 45
2 1278 1 -9 0.89 46
3 771 1 4 1.72 49
2 874 1 -9 0.8 42
2 1246 1 -9 0.8 43
2 971 2 -9 0.75 38
2 1283 1 4 0.76 38
1 171 2 4 0.4 34
1 181 2 -9 0.84 40
1 360 1 11 0.78 42
1 135 1 5 0.68 39
2 491 1 -9 1.09 42
2 599 1 2 0.4 31
2 719 1 -9 0.6 34
2 950 2 -9 1 42
2 670 1 -9 0.82 43
2 955 2 -9 1.18 43
3 778 1 5 1.71 47
3 771 1 -9 1.84 52
2 690 2 5 1.44 44
2 1275 1 -9 0.92 45
2 1026 2 -9 0.53 33
2 1292 1 -9 0.78 39
2 1273 1 -9 0.97 45
1 148 1 2 0.16 26
1 85 1 5 0.89 43
1 307 2 -9 0.77 41
1 280 2 -9 1.06 43
1 222 1 -9 1 45
3 662 1 10 1.62 49
2 927 1 -9 0.75 40
2 672 1 2 0.24 28
2 675 1 2 0.2 26
3 779 2 -9 1.8 47
2 839 1 -9 1.05 46
2 1119 2 4 0.92 41
2 1099 1 5 1.04 42
3 1073 1 9 1.68 51
2 891 1 -9 1.07 46
2 1058 1 -9 0.9 44
2 1022 1 -9 0.76 42
2 1298 1 6 0.89 45
1 231 1 -9 0.8 43
1 77 2 -9 0.64 39
1 38 1 -9 0.87 44
1 171 2 5 0.64 37
2 477 2 -9 1.06 44
2 459 1 5 2.13 52
2 458 1 12 1.42 50
2 628 1 4 0.29 30
2 960 1 -9 0.85 43
2 939 1 4 0.7 39
2 790 2 5 1.19 43
2 695 2 5 1.42 45
2 876 2 -9 0.84 40
2 886 2 -9 1.06 42
2 997 1 -9 0.91 41
2 1251 1 -9 0.98 46
1 186 1 -9 0.76 42
1 23 1 4 0.38 34
1 59 1 -9 0.66 40
1 264 1 -9 0.99 42
1 289 1 11 0.74 44
1 276 1 -9 0.79 41
2 506 1 -9 1.03 43
2 459 2 6 1.41 46
2 647 1 -9 0.96 42
3 663 2 -9 1.91 49
2 649 2 -9 1.06 41
2 590 1 8 0.58 38
2 924 1 -9 0.86 41
2 806 2 -9 0.86 38
2 817 1 -9 0.79 40
2 841 1 5 0.92 42
2 1150 1 5 0.86 42
2 1154 2 -9 1.02 41
3 770 1 -9 1.62 53
2 1114 2 -9 0.9 41
2 1014 1 -9 0.62 34
2 1026 1 -9 0.91 42
2 1194 1 10 1 46
2 1254 2 7 1.1 44
2 1171 1 -9 0.9 44
2 1259 2 -9 0.94 42
2 1326 2 3 1.06 41
1 362 1 7 0.94 46
1 31 1 8 0.85 45
1 84 1 5 0.68 40
1 172 2 5 0.52 38
1 293 1 -9 0.82 44
2 471 1 -9 1.12 45
2 456 2 4 1.34 44
2 552 1 -9 1.08 45
3 661 1 5 1.66 48
3 662 1 -9 1.72 50
3 665 1 5 2.21 52
2 902 2 -9 0.78 38
2 574 1 5 0.21 29
2 633 1 10 1.03 45
2 926 1 -9 0.74 39
2 768 2 7 1.18 42
2 711 1 -9 1.12 43
2 1146 2 -9 0.92 38
2 1103 1 4 0.96 41
2 1136 1 -9 0.72 39
2 1188 1 -9 1.02 47
2 1167 1 -9 0.76 44
2 1044 1 10 0.89 44
2 1034 1 -9 0.7 39
1 76 1 -9 0.84 43
1 28 2 6 0.4 34
1 61 1 -9 0.65 39
1 249 1 -9 0.96 46
1 364 2 -9 0.94 42
1 366 1 -9 0.8 42
1 211 2 -9 0.75 39
1 224 2 -9 0.8 40
1 371 2 -9 0.86 41
1 131 2 4 0.38 32
2 524 1 -9 0.87 43
2 515 1 5 0.26 30
2 433 1 4 0.22 28
2 441 2 4 0.2 28
2 557 2 -9 0.6 34
2 572 1 3 0.17 26
2 626 1 6 0.58 34
2 711 2 5 1.06 43
2 749 2 2 0.34 28
2 741 2 2 0.4 32
2 989 1 -9 0.91 42
2 1004 1 -9 0.82 42
2 1289 2 -9 0.94 39
2 1313 1 -9 0.7 39
2 1324 1 -9 0.83 39
2 1297 1 11 0.9 44
1 49 2 4 0.63 36
1 214 1 -9 0.72 41
2 500 2 -9 0.88 40
2 651 2 -9 1.03 40
2 627 1 2 0.33 28
2 722 2 2 0.34 30
2 761 1 3 0.36 33
2 669 1 2 1.14 31
2 923 1 -9 0.76 38
2 808 2 -9 0.99 41
2 756 2 4 1.12 42
2 1121 2 -9 1.04 41
2 1124 1 -9 0.98 43
2 1095 2 -9 0.96 40
2 867 2 4 1.19 43
2 869 1 -9 0.99 47
2 1129 1 -9 0.72 38
2 1271 1 -9 1.04 46
2 1202 1 5 0.82 41
2 1325 2 -9 0.88 39
1 323 1 -9 0.62 39
1 178 1 -9 0.85 44
1 196 1 -9 -9 42
2 453 1 4 0.26 29
2 601 2 2 0.36 30
2 633 1 7 0.88 44
2 949 1 -9 0.82 41
2 789 1 -9 0.79 42
2 802 1 -9 0.89 45
2 810 1 5 0.98 43
2 816 1 -9 1.1 45
2 728 1 5 0.32 30
2 862 1 8 1.06 45
2 1062 2 -9 0.71 37
2 1033 2 -9 0.99 42
1 2 2 -9 0.82 41
1 345 1 -9 0.73 40
1 167 1 -9 0.85 43
1 200 1 -9 0.8 41
3 412 2 -9 1.68 48
2 468 1 -9 1.2 46
2 462 2 4 1.01 41
2 421 2 4 0.48 34
2 458 2 4 1.54 47
2 553 2 -9 0.88 39
2 636 1 4 0.5 34
2 599 2 5 0.45 32
2 577 1 -9 0.93 45
2 593 1 2 0.3 29
2 855 1 -9 0.72 43
2 726 1 5 0.62 38
2 837 1 -9 0.95 43
2 695 1 2 0.93 39
2 884 1 -9 0.98 44
2 892 1 -9 0.78 41
2 859 1 -9 0.81 41
2 1267 1 -9 0.71 40
2 1276 1 -9 0.72 40
2 1244 1 5 1.05 46
3 1083 2 -9 1.76 49
2 1013 2 -9 0.84 39
2 1058 1 -9 0.86 41
2 1294 1 -9 0.98 43
1 96 2 -9 0.63 41
1 99 1 -9 0.65 41
1 328 2 -9 0.65 38
1 351 2 -9 0.74 40
1 185 2 -9 0.88 40
1 213 2 -9 0.83 40
2 533 2 -9 1.04 43
1 409 1 9 0.88 44
2 594 1 4 0.36 31
2 610 2 4 0.53 35
2 786 2 -9 1.21 42
2 788 2 -9 1.07 42
2 820 1 -9 1.08 46
2 767 1 3 0.41 31
3 770 1 -9 1.18 44
2 1118 2 -9 1.06 41
2 860 2 -9 1.02 41
3 1079 2 4 1.04 45
2 1291 1 -9 0.78 42
2 1306 1 -9 1.08 45
1 35 1 -9 0.88 42
1 234 1 -9 0.8 41
2 516 2 2 0.3 28
1 379 1 -9 0.7 44
2 460 1 -9 0.92 43
2 691 2 4 1.46 46
2 944 1 -9 1.02 44
2 1049 2 -9 1.06 40
2 888 1 10 1.02 44
2 1064 2 5 1.02 41
3 1080 2 -9 1.38 47
2 1242 1 10 0.86 45
2 1327 2 -9 1.02 42
2 833 1 -9 0.84 45
1 169 1 -9 0.7 39
1 227 1 -9 0.81 42
1 230 1 -9 0.72 39
1 115 2 -9 0.94 40
2 532 2 -9 0.96 41
3 667 2 5 1.74 49
2 643 2 6 0.36 32
2 580 1 -9 1.11 45
2 607 2 2 0.13 25
2 920 2 -9 0.92 40
2 961 1 -9 0.86 38
2 821 1 -9 1.12 48
2 1120 2 -9 1.66 47
3 770 1 4 1.7 48
2 873 1 4 0.9 43
2 857 1 5 0.85 40
2 1163 1 4 0.8 41
2 1255 1 4 0.83 39
1 63 2 -9 0.8 40
1 86 1 -9 0.73 39
2 522 1 -9 1.1 42
2 451 2 5 0.3 31
2 430 1 5 0.51 34
2 559 2 2 0.38 30
2 669 2 -9 1.7 41
2 673 2 2 0.32 30
2 829 1 -9 0.82 44
3 774 2 4 1.32 45
2 730 2 7 0.78 38
2 705 2 4 0.96 40
2 1309 1 -9 0.8 41
2 1298 2 -9 1.08 43
1 73 2 5 0.55 36
1 4 1 -9 0.58 37
1 268 1 -9 0.95 45
1 162 2 5 0.71 39
1 176 2 5 0.32 32
1 296 1 10 0.78 43
1 273 1 -9 1.04 45
1 123 1 5 0.78 40
2 463 2 -9 1.06 45
2 479 2 5 0.89 40
2 423 1 4 0.38 32
2 456 2 5 1.48 46
2 619 1 5 0.47 36
2 624 1 2 0.39 30
2 961 1 4 0.76 40
3 775 1 -9 1.41 52
2 733 2 4 0.58 34
2 888 1 -9 0.96 45
2 863 1 -9 0.87 43
2 696 2 5 0.48 38
2 1231 1 8 0.95 47
2 1158 1 -9 0.8 42
2 1181 2 4 1.07 42
2 1019 1 -9 0.58 36
2 1005 1 4 0.71 38
2 1138 1 -9 1.14 44
1 25 1 7 0.37 37
1 28 2 6 0.66 40
1 101 1 -9 0.45 39
1 402 1 4 0.16 27
1 375 2 -9 0.82 40
1 141 1 10 0.86 45
2 525 2 -9 0.68 38
2 470 2 3 0.8 39
2 453 1 4 0.3 30
2 429 2 5 0.31 33
3 664 2 -9 1.8 49
2 592 1 1 0.16 24
2 658 2 5 1.42 47
2 720 2 -9 1.14 44
2 672 2 2 0.18 26
2 687 1 -9 1.13 47
2 755 2 -9 1.12 41
2 889 2 -9 0.99 41
2 1127 2 5 0.86 39
2 969 1 -9 0.79 42
1 110 1 -9 0.96 46
1 54 2 10 0.76 42
1 107 2 5 0.45 35
1 301 1 4 0.74 39
1 344 1 4 0.8 40
1 187 1 -9 0.89 44
1 311 1 6 1.03 45
1 393 2 6 0.38 35
1 116 2 -9 1 42
1 136 1 -9 0.84 44
2 527 1 -9 1.03 43
1 411 2 -9 1 42
2 511 2 5 0.31 30
2 904 1 -9 0.93 43
2 586 1 3 0.45 32
2 611 1 3 0.34 30
2 747 2 6 0.29 31
2 946 1 -9 0.93 44
2 952 1 -9 0.57 36
2 672 2 6 0.54 37
2 731 1 2 0.26 29
2 1140 2 -9 0.78 38
2 1278 2 3 1.16 42
2 1167 2 -9 0.8 37
2 1253 1 -9 0.88 43
2 1219 2 -9 0.84 40
1 32 1 -9 0.66 39
1 160 1 -9 0.78 40
1 80 1 -9 0.58 36
1 213 2 -9 0.7 40
2 454 2 2 0.22 27
2 433 2 3 0.26 28
2 561 2 5 0.31 32
2 583 1 2 0.29 28
2 763 1 2 0.39 31
2 938 1 -9 0.81 40
2 810 1 -9 1.06 46
2 1152 2 4 1.14 43
2 1098 2 -9 1.4 48
2 1228 1 -9 0.69 39
2 993 1 -9 0.94 43
2 1260 1 9 0.9 44
1 286 1 11 0.79 44
1 352 1 -9 0.92 44
1 270 1 -9 0.87 42
1 223 2 -9 0.73 40
2 413 2 4 1.48 45
2 561 2 6 0.36 33
2 896 1 4 0.22 29
3 769 1 -9 1.8 49
2 1141 1 -9 0.94 45
2 1272 1 -9 0.75 40
2 996 1 -9 0.88 42
2 943 1 -9 1.03 43
1 15 2 -9 0.82 38
1 42 1 11 0.81 42
1 102 1 8 0.4 37
1 303 1 -9 0.84 46
1 326 1 -9 0.76 42
1 296 2 -9 1.07 47
1 223 1 -9 0.7 39
1 377 2 -9 0.98 43
2 447 1 4 0.23 28
2 488 1 11 1.01 46
2 504 2 -9 0.98 42
2 648 1 -9 0.9 41
3 665 1 -9 2.13 50
2 580 1 -9 1.2 44
2 623 2 4 0.63 36
2 915 1 5 1.05 44
2 678 1 4 0.26 30
2 795 1 -9 0.84 40
2 733 2 4 0.54 44
2 1141 1 -9 0.62 36
3 1068 2 -9 1.54 47
2 974 2 -9 0.93 39
2 1212 2 -9 1.13 44
2 833 1 -9 0.82 42
1 29 1 5 0.38 35
1 45 1 -9 0.72 43
1 101 2 6 0.99 44
1 306 2 -9 1.06 43
1 346 2 7 0.84 42
1 179 1 12 0.88 44
1 369 2 -9 0.88 40
1 139 2 -9 0.58 36
2 465 2 -9 1.06 45
2 907 1 -9 0.77 39
2 849 2 -9 1.1 42
2 817 1 5 0.86 43
2 1274 1 5 1.04 45
2 984 1 -9 0.78 43
2 1281 1 4 0.8 40
1 148 2 2 0.22 28
1 20 2 5 0.92 40
1 315 2 -9 0.93 42
1 298 1 -9 0.82 42
1 212 1 -9 0.93 45
1 124 1 -9 0.96 44
2 527 2 -9 1.07 41
2 555 2 4 1.12 45
2 422 2 2 0.27 28
2 589 1 2 0.18 27
2 846 1 -9 0.95 44
2 962 1 -9 0.82 40
2 963 1 2 0.72 36
2 731 2 2 0.36 29
2 793 1 -9 0.92 43
2 879 1 -9 0.94 44
2 967 1 -9 1.02 43
2 1243 1 -9 0.87 45
2 1321 1 5 0.85 42
2 1323 2 -9 0.9 39
2 1328 1 13 0.8 44
1 81 1 -9 0.78 42
1 96 2 2 0.45 35
1 1 1 4 0.6 38
1 317 2 5 0.88 41
1 318 1 -9 0.87 43
1 255 2 -9 0.8 41
1 271 2 -9 0.87 41
1 380 1 -9 0.88 45
1 411 1 -9 0.74 41
2 469 2 -9 0.79 40
3 667 1 5 1.55 46
2 565 1 8 0.3 34
2 896 1 2 0.2 28
2 914 1 -9 1.14 47
2 660 1 5 1.36 45
2 930 1 -9 0.9 43
2 802 1 -9 1.07 46
2 830 2 -9 0.89 41
2 699 1 5 0.46 36
2 1090 2 -9 1.08 43
2 1186 1 12 0.96 47
2 974 1 -9 1.1 43
2 1193 1 -9 1 47
2 1224 2 -9 0.98 43
2 1282 1 -9 0.76 38
2 1299 1 -9 0.86 44
1 32 2 -9 0.84 40
1 7 1 4 0.75 43
1 385 1 -9 0.88 41
1 159 1 -9 0.82 41
1 316 1 -9 0.79 42
1 347 2 -9 1 41
1 233 1 -9 0.83 43
2 650 2 -9 0.97 41
2 903 1 -9 0.9 43
2 605 1 2 0.28 28
2 919 1 -9 0.74 40
2 721 2 2 0.56 34
2 953 2 -9 0.8 38
2 732 2 3 0.44 32
2 1232 2 -9 0.86 42
2 1063 1 -9 0.78 43
2 1160 1 -9 0.76 41
2 1041 1 -9 0.85 41
3 1083 1 11 2.02 54
2 1002 1 4 0.93 42
2 1170 2 -9 1.08 43
1 8 1 -9 0.8 44
1 57 1 -9 0.82 42
1 152 1 -9 0.8 41
1 283 1 12 0.75 45
1 172 1 4 0.32 33
1 327 1 -9 0.68 43
1 381 1 10 0.82 45
1 372 2 -9 0.9 41
1 126 1 -9 0.96 44
1 130 1 3 0.24 29
2 447 1 2 0.26 28
2 459 2 6 1.93 49
2 673 1 4 0.22 31
2 757 2 4 1.53 45
2 811 1 9 0.9 46
2 785 1 -9 1 45
2 1149 1 -9 0.94 44
2 1047 1 -9 0.82 42
3 769 1 5 1.2 45
2 1118 2 -9 1.12 40
3 1081 2 -9 1.52 50
2 1057 1 -9 0.98 43
2 1061 1 -9 0.85 42
2 1062 1 -9 0.67 38
2 1259 1 -9 1.04 44
2 1285 1 11 0.87 44
2 1290 1 4 0.98 42
1 322 1 -9 0.79 43
1 84 1 -9 0.69 39
1 7 1 -9 0.71 39
1 161 1 4 0.62 39
1 344 1 -9 1.01 43
1 358 1 -9 0.72 39
1 212 1 -9 0.93 45
1 270 2 -9 1.03 41
1 274 2 -9 0.93 42
3 668 2 4 1.27 45
2 652 1 7 1.22 46
2 912 2 -9 0.89 38
2 573 2 6 0.33 31
2 607 2 2 0.35 30
2 850 2 -9 0.91 40
2 745 2 2 0.16 25
2 952 1 -9 0.84 39
2 693 2 6 1.61 48
2 683 1 -9 1.2 46
2 695 2 4 1.42 45
2 737 2 2 0.38 31
2 1104 2 -9 1.02 44
2 1112 2 -9 0.7 39
3 1078 1 -9 1.28 45
3 1081 1 -9 1.85 52
2 1174 2 -9 0.96 43
2 1019 1 -9 0.69 38
2 1197 1 -9 1.04 45
1 27 2 4 0.52 35
1 198 2 -9 0.8 44
1 261 1 -9 0.85 43
1 377 2 5 0.7 40
2 438 1 2 0.28 28
2 560 2 4 0.56 35
2 630 1 4 0.43 32
2 631 1 5 0.73 39
2 609 1 2 0.36 29
2 1108 2 -9 0.92 40
2 1117 2 -9 1.2 41
2 1242 1 5 0.81 41
2 987 1 12 0.98 43
2 1030 1 -9 0.82 43
1 24 1 4 0.4 34
1 51 1 -9 0.76 41
1 400 2 4 0.22 29
1 286 1 -9 0.87 44
1 328 1 -9 0.98 45
1 320 1 -9 0.77 40
1 340 1 8 0.94 44
1 261 2 -9 0.85 42
1 237 1 -9 0.65 42
1 143 2 4 0.38 33
2 472 2 -9 0.86 41
2 493 1 -9 0.77 38
2 493 2 -9 0.85 39
2 604 2 2 0.22 28
2 918 1 -9 0.82 40
2 856 1 -9 0.85 42
2 751 1 5 0.32 30
3 779 1 10 2.04 52
2 739 2 4 0.62 35
2 1119 2 -9 1.01 43
2 1115 1 -9 0.8 40
2 1267 1 -9 0.99 45
3 1066 2 -9 1.79 50
2 1021 1 -9 0.74 43
2 1313 1 14 0.92 44
1 86 2 -9 0.77 41
1 307 2 -9 0.8 41
1 354 1 -9 0.91 42
2 520 2 4 0.82 38
2 529 2 5 1.05 42
2 507 2 5 1.06 42
2 482 2 -9 1.02 42
2 443 1 4 0.19 26
2 446 2 5 0.35 31
2 638 1 4 0.34 32
2 629 1 4 0.37 33
2 921 2 -9 0.83 42
2 681 2 -9 1.05 42
2 809 1 -9 0.93 43
2 814 2 4 1.01 41
2 832 2 -9 0.77 37
2 1151 1 -9 0.72 42
2 1095 2 -9 1.1 41
3 1071 1 -9 1.68 51
2 1105 2 -9 0.72 38
2 1277 1 -9 1.05 46
2 1128 1 -9 0.96 43
2 969 1 -9 0.81 41
3 1081 1 -9 1.41 52
2 1008 1 9 1.09 47
2 996 1 -9 0.95 44
2 1294 1 -9 0.76 44
2 1329 2 -9 1.12 42
1 17 1 -9 0.68 39
1 284 1 -9 0.82 44
1 299 1 -9 0.66 39
1 291 1 8 1 46
1 295 1 -9 0.8 45
1 333 2 -9 0.66 39
1 115 1 -9 0.84 40
1 120 2 5 1.6 47
2 475 2 -9 0.74 37
2 539 2 -9 0.66 35
2 426 2 3 0.29 30
2 591 2 2 0.28 29
2 944 1 -9 0.77 43
2 674 2 4 0.23 29
3 781 2 -9 2.32 51
2 820 1 -9 0.52 35
2 738 2 4 0.5 30
2 1054 1 -9 0.89 42
2 1086 1 -9 0.82 43
2 870 1 -9 1.04 46
2 862 1 5 0.96 43
3 1079 2 -9 0.34 32
2 1199 1 -9 1.06 47
1 292 1 -9 0.75 38
1 359 2 5 0.78 41
1 253 2 -9 0.76 38
1 216 2 -9 0.96 41
1 225 1 -9 1.05 45
1 132 1 -9 0.9 46
2 510 1 1 0.16 26
2 440 1 2 0.26 28
2 442 2 2 0.28 28
2 639 2 2 0.24 27
2 603 2 4 0.42 31
2 762 1 6 0.64 37
2 819 2 -9 0.99 42
2 730 1 6 0.58 38
2 756 2 -9 0.81 41
2 840 1 5 0.71 39
2 841 1 -9 1.04 45
2 1269 1 -9 0.91 44
2 976 2 -9 0.78 37
1 108 2 7 0.45 37
1 80 1 -9 0.68 40
1 5 1 -9 0.72 43
1 194 2 -9 0.91 43
1 302 1 -9 0.76 40
1 321 1 -9 0.92 44
1 238 1 -9 0.79 42
1 269 2 -9 0.83 40
1 146 1 4 0.28 31
2 529 2 -9 1.06 41
2 444 2 4 0.37 33
2 566 2 5 0.54 35
2 897 2 3 0.46 33
2 615 2 2 0.11 23
2 585 1 4 0.36 31
2 848 2 2 0.89 40
2 721 2 -9 0.82 40
2 953 2 -9 0.95 43
2 786 1 -9 1.03 46
2 799 2 5 1.14 42
2 725 1 2 0.4 31
2 840 1 -9 0.83 41
2 1122 1 -9 0.82 42
2 1187 2 -9 1.08 45
1 69 2 4 0.32 33
1 83 1 -9 0.77 41
1 16 1 -9 0.82 42
1 157 1 10 0.87 45
1 305 1 -9 0.67 39
1 294 1 -9 0.67 39
1 239 1 -9 0.83 43
1 262 1 -9 0.81 40
1 215 1 -9 0.66 39
1 225 2 -9 0.99 41
1 133 2 -9 0.72 37
2 490 1 -9 0.79 42
2 513 1 2 0.24 29
2 573 2 2 0.19 26
2 633 1 3 0.66 38
2 821 1 -9 0.6 37
2 732 1 2 0.26 28
3 769 2 -9 1.44 47
2 1104 2 -9 1.04 44
2 1107 2 -9 0.94 40
2 866 1 -9 1.04 45
3 1076 1 12 1.55 51
2 690 1 6 1.78 50
2 967 1 -9 0.77 40
2 980 1 -9 1.02 45
2 1250 1 -9 1.05 47
2 1286 2 4 0.95 41
1 68 1 4 0.3 31
1 29 1 4 0.43 35
1 244 1 -9 0.79 43
1 319 1 -9 0.76 41
1 173 1 8 0.38 37
1 336 1 -9 1.4 47
1 185 1 -9 0.9 44
1 361 2 -9 0.73 41
1 202 1 -9 0.66 40
1 389 2 2 0.07 22
1 128 1 -9 0.58 37
2 483 2 -9 1.2 42
2 555 2 6 1.2 45
2 556 1 -9 1.2 45
2 565 2 8 0.74 41
2 604 1 2 0.31 26
2 744 1 2 0.4 31
2 933 2 -9 1.18 42
2 940 1 -9 0.94 40
2 853 1 5 0.74 40
2 801 2 -9 0.85 40
2 816 2 -9 0.89 38
2 692 2 4 1.43 45
2 1093 2 -9 0.9 42
3 1071 1 -9 1.98 53
2 1038 2 -9 1.05 41
2 1008 1 -9 0.7 42
2 995 1 5 0.79 40
2 1302 1 7 1.08 45
2 1092 1 3 1.1 40
1 391 2 6 0.51 37
1 56 2 -9 1.04 40
1 105 2 3 0.3 32
1 245 1 -9 0.76 41
1 338 1 12 0.74 42
1 361 1 -9 0.81 41
1 272 1 -9 0.9 43
1 114 2 4 0.88 40
1 381 1 -9 0.72 43
1 132 1 -9 0.98 43
2 526 1 -9 0.96 43
2 474 1 -9 1.27 48
2 495 2 -9 0.88 41
2 651 2 -9 0.97 40
2 596 1 5 0.61 37
2 736 1 4 0.46 31
2 835 2 -9 1.11 43
2 1123 2 -9 1.16 42
2 1154 1 6 0.9 41
2 1053 1 -9 0.61 36
2 871 1 -9 0.97 43
2 1062 2 -9 0.61 36
2 1022 1 -9 0.92 45
2 1319 2 -9 1.16 44
1 109 1 -9 0.76 42
1 333 2 4 0.84 39
1 237 1 -9 0.96 42
1 378 1 6 0.7 40
2 532 2 -9 1.02 41
2 439 1 7 0.26 33
2 901 1 -9 1.09 45
2 592 2 4 0.4 32
2 957 1 -9 0.82 40
2 673 1 2 0.22 28
2 687 2 -9 0.98 41
2 700 1 2 0.32 30
2 1121 2 -9 0.92 40
2 1109 2 -9 0.94 40
2 870 1 -9 0.89 42
2 1169 2 -9 1.16 42
2 1176 2 8 1.11 43
2 1023 1 5 0.84 42
2 1030 1 -9 0.92 42
2 1206 1 -9 0.88 45
2 519 2 -9 0.96 41
2 754 2 5 1.06 43
1 100 2 -9 0.82 43
1 72 2 5 0.56 37
1 248 1 -9 0.92 43
1 323 1 -9 0.83 43
1 260 2 -9 0.87 41
1 383 1 -9 0.8 43
2 509 1 -9 1.22 46
2 464 1 -9 1.3 45
2 553 2 -9 1.24 43
3 772 1 4 1.16 42
2 673 2 3 0.24 31
2 674 1 3 0.38 34
2 827 1 -9 0.56 35
3 1074 1 10 1.79 50
2 1115 1 -9 1.04 45
2 1131 2 -9 0.88 44
2 690 2 5 1.48 45
2 1182 1 4 0.73 41
2 1239 1 5 0.82 44
2 1261 1 -9 0.8 41
2 1310 1 -9 1.02 44
2 1092 2 6 1.2 44
2 792 2 -9 1.06 43
1 79 2 -9 0.87 43
1 43 1 -9 0.7 42
1 246 1 -9 0.85 42
1 263 2 -9 0.71 37
1 305 1 -9 0.92 42
1 294 1 -9 0.82 41
1 355 1 -9 0.72 39
1 134 2 5 1.12 42
2 505 2 -9 1.25 44
2 437 2 2 0.32 29
2 441 2 4 0.3 30
2 554 2 -9 1.08 42
2 572 2 2 0.19 26
2 659 2 9 1.17 44
2 935 1 10 1.12 45
2 936 1 -9 0.9 42
2 948 2 -9 0.84 38
2 956 2 -9 0.92 40
2 794 2 -9 1.11 43
2 798 2 -9 0.92 43
2 703 1 -9 0.64 35
2 868 1 -9 0.79 39
2 1116 1 -9 1.08 45
2 1161 1 -9 1.04 43
2 978 1 -9 0.92 43
2 1012 1 -9 0.91 42
2 1216 1 -9 0.84 42
1 82 2 -9 1.18 44
1 24 2 5 0.45 37
1 146 1 2 0.3 30
2 423 2 5 0.47 33
2 413 2 4 1.4 47
2 448 2 4 0.26 29
2 902 1 -9 1.08 45
2 909 2 -9 0.76 39
2 594 2 2 0.41 31
3 779 1 -9 1.96 49
2 865 1 6 0.73 39
2 885 1 -9 0.88 43
2 893 1 -9 0.9 43
2 1134 1 -9 0.76 41
2 1204 1 -9 1.07 47
2 1183 2 -9 1.07 42
2 1238 1 -9 1.05 47
1 186 2 -9 0.84 41
1 110 1 -9 0.77 43
1 9 2 -9 0.68 40
1 60 2 -9 0.96 42
1 61 2 -9 0.53 36
1 191 2 -9 0.89 41
1 236 1 -9 0.71 39
2 537 2 -9 1.08 43
2 418 1 4 0.25 29
2 686 2 -9 0.9 40
2 698 1 4 0.5 35
2 1155 2 -9 0.94 40
2 1096 2 5 1.12 42
3 1075 2 10 1.78 49
2 965 1 -9 0.85 41
2 1156 1 -9 1.16 48
3 1067 1 12 1.79 53
2 1322 1 -9 0.92 43
2 1326 1 -9 0.98 43
1 334 1 -9 0.79 41
1 368 2 -9 0.86 41
1 124 1 -9 0.82 44
1 142 1 4 0.42 33
2 523 2 4 0.93 40
2 471 1 7 1.34 47
3 664 1 -9 1.63 47
2 575 2 4 0.24 29
2 660 1 5 1.17 45
2 809 1 -9 1.04 46
2 689 1 4 1.38 47
2 724 1 4 0.44 33
2 743 2 2 0.21 29
2 1143 1 11 1.16 46
2 859 1 -9 0.9 44
2 1269 1 -9 1 46
3 1066 1 5 1.26 45
2 1014 1 5 0.72 39
2 1260 2 -9 1.27 44
2 1307 2 -9 1.04 43
2 606 1 4 0.3 29
1 252 2 -9 0.82 41
1 343 1 -9 0.6 38
1 330 1 5 0.78 40
1 357 1 -9 1.02 47
1 390 2 8 0.24 32
1 119 2 -9 0.66 36
3 412 1 6 1.08 44
1 371 1 -9 0.86 42
2 508 2 -9 0.92 40
2 481 2 -9 0.9 42
2 562 2 4 0.44 32
2 659 1 6 1.82 51
2 627 1 2 0.31 29
2 796 1 4 0.86 41
2 710 1 -9 1.06 45
2 714 2 4 1.1 44
2 814 2 -9 0.64 36
3 777 1 4 1.88 48
2 1122 2 -9 1.04 42
2 876 1 -9 0.76 39
2 1056 1 -9 1.08 44
2 982 1 5 0.93 43
2 994 1 -9 0.65 37
2 1314 1 -9 0.9 44
1 6 2 -9 0.74 39
1 19 1 -9 0.74 45
1 251 1 -9 0.48 34
1 202 1 -9 0.75 42
1 275 2 -9 0.98 39
1 233 1 -9 0.79 42
2 550 2 -9 1.04 40
2 551 2 5 1.5 46
2 645 2 -9 1.16 42
2 927 1 -9 0.71 37
2 947 2 -9 1.13 42
2 832 1 -9 0.85 45
2 1097 2 -9 1.02 43
2 893 1 -9 1.05 44
2 1177 2 -9 1.12 43
2 1010 1 -9 1.07 45
2 979 1 -9 0.98 42
2 1021 1 -9 0.85 44
2 1006 1 -9 0.68 37
2 877 2 -9 1 39
1 37 2 -9 0.76 39
1 103 2 5 0.57 37
1 336 1 -9 0.64 37
1 254 2 -9 0.94 41
1 162 2 -9 0.73 41
1 258 2 -9 0.89 41
1 183 1 -9 0.64 39
2 514 2 4 0.36 32
2 546 2 4 0.9 41
2 439 1 6 0.28 31
2 642 2 4 0.49 34
2 766 2 4 0.56 35
2 734 2 4 0.4 32
2 1152 1 -9 0.72 43
2 1046 1 -9 0.93 42
3 1071 2 5 1.47 46
2 882 1 -9 0.9 46
2 1011 1 -9 1.03 44
2 1028 1 6 0.91 43
2 1293 1 -9 0.56 34
1 69 1 2 0.14 26
1 13 1 5 0.69 39
1 187 2 -9 0.9 42
1 255 1 -9 0.81 44
1 229 1 -9 0.8 41
1 376 2 -9 0.88 43
1 147 2 4 0.38 32
2 476 1 -9 0.88 43
2 436 2 2 0.27 28
2 566 1 2 0.41 30
2 654 2 -9 1.11 44
2 899 1 2 0.14 26
2 692 1 5 1.58 50
2 918 2 -9 1.02 41
2 716 2 -9 1.14 41
2 853 1 -9 0.85 42
2 797 2 -9 1.1 43
2 708 2 -9 1.12 42
2 1097 2 -9 1.04 41
3 1073 2 5 0.95 40
2 1248 2 -9 1.06 42
2 1023 1 -9 0.84 44
2 1252 1 -9 0.96 44
2 1257 1 -9 1.05 46
2 1303 2 -9 1.1 41
2 1311 1 -9 0.82 44
1 15 1 5 0.61 38
1 27 1 2 0.17 27
1 350 2 -9 0.64 36
1 164 1 -9 0.82 42
1 217 1 -9 0.81 40
1 220 2 -9 0.76 38
1 143 1 2 0.26 28
2 469 1 5 0.97 41
2 511 1 4 0.19 27
2 931 1 -9 0.83 41
2 939 1 4 0.96 43
2 688 1 -9 1.08 44
2 737 2 3 0.34 29
2 842 2 5 0.99 42
2 1272 1 10 1 47
2 1036 1 -9 0.73 40
2 1009 1 -9 0.88 43
2 1211 1 4 0.92 44
1 111 2 8 0.91 42
1 76 2 -9 0.91 40
1 107 2 5 0.35 33
1 182 1 10 0.65 41
1 387 1 6 0.3 33
1 396 2 4 0.43 36
1 145 1 -9 0.32 24
2 437 2 2 0.28 28
2 949 1 -9 1.06 44
2 822 1 -9 0.95 42
3 775 2 5 1.42 46
2 785 1 -9 0.86 44
2 818 2 -9 1.09 43
2 736 2 2 0.32 29
2 740 2 3 0.66 36
2 758 2 5 1.49 47
2 1226 1 2 0.63 38
2 1168 1 -9 0.92 44
2 1032 2 -9 1.04 41
3 1070 1 -9 2.22 51
2 973 2 -9 0.97 40
2 1195 1 -9 0.8 41
2 1240 2 -9 0.98 43
2 1308 1 -9 0.69 39
1 66 2 6 0.6 38
1 384 1 -9 0.86 41
1 317 2 -9 0.78 39
1 188 1 -9 0.81 39
1 239 2 -9 0.79 41
2 520 2 -9 0.83 41
1 140 2 -9 0.86 38
2 509 2 -9 1.09 42
2 476 2 -9 0.94 41
2 497 2 -9 0.94 42
2 427 1 4 0.3 32
2 564 1 7 0.53 37
2 644 1 2 0.27 28
2 650 1 5 1.04 40
2 633 1 5 0.78 41
3 782 2 4 1.52 46
2 831 2 -9 1.04 40
3 777 2 12 2.02 53
2 1229 2 2 0.8 39
2 1233 1 -9 0.6 36
2 1059 1 -9 0.91 44
2 1237 2 -9 1.17 43
2 1211 1 7 1.05 46
1 78 2 5 0.95 41
1 45 2 -9 0.82 40
1 88 1 5 0.85 41
1 246 2 -9 0.86 43
1 315 1 -9 0.75 41
1 199 1 -9 0.82 43
1 278 2 -9 0.86 40
1 120 2 -9 1.34 45
1 145 1 2 0.16 26
1 130 1 2 0.14 25
2 522 2 -9 1.07 41
2 530 2 5 0.86 40
2 920 2 -9 0.9 38
2 752 2 3 0.44 31
2 852 2 -9 1.19 41
2 829 1 -9 0.79 44
2 806 1 -9 0.96 42
2 692 2 4 1.6 46
2 1147 2 -9 1.12 41
2 1051 2 -9 0.81 38
2 1113 1 -9 0.74 37
2 1126 1 -9 0.7 42
2 1266 2 4 1.09 43
2 1270 1 10 0.95 45
2 1063 1 -9 0.82 44
2 1031 1 -9 0.4 30
2 1252 1 -9 0.7 41
2 1005 1 -9 0.87 42
2 1284 1 -9 0.84 41
1 48 1 -9 0.9 45
1 53 1 -9 0.87 43
1 102 2 7 0.58 39
1 205 2 -9 0.76 38
1 234 1 -9 0.77 40
1 386 1 4 0.17 28
2 485 2 5 1.03 42
2 549 2 -9 0.98 41
2 653 1 -9 1.19 44
2 845 1 -9 1.02 44
2 847 2 -9 0.96 42
2 699 1 4 0.42 33
2 1088 2 -9 1.02 41
2 1057 1 11 0.85 44
2 979 1 4 1 44
2 1192 1 -9 1.1 44
2 1249 2 -9 0.95 41
2 1172 1 -9 0.84 43
2 435 2 4 0.5 34
1 71 1 6 0.4 35
1 150 1 -9 1.54 52
1 347 1 -9 1.02 46
2 537 2 -9 1.06 41
2 555 1 4 1.09 43
2 422 2 2 0.19 27
2 548 2 -9 0.87 41
2 431 1 5 0.31 34
2 569 2 2 0.48 33
2 648 2 -9 0.46 32
2 598 2 4 0.48 33
2 856 1 -9 1 45
3 1072 2 5 1.71 47
2 1137 1 -9 0.84 43
2 1231 2 -9 0.8 42
2 1063 2 8 0.86 42
2 1025 1 -9 0.78 39
2 1208 2 -9 1.18 44
2 1171 1 -9 0.9 43
2 1318 1 -9 0.94 41
1 67 1 2 0.2 27
1 350 1 -9 0.68 44
2 541 2 -9 1.19 43
2 641 2 4 0.51 35
2 688 2 -9 1.02 44
3 781 1 -9 2.2 54
3 780 1 13 2.2 53
2 872 1 -9 0.91 43
2 873 1 -9 1.05 45
2 1165 1 8 1.14 45
2 1158 1 -9 0.96 44
2 1199 1 -9 0.91 44
2 1254 1 -9 0.82 44
2 1282 1 -9 0.98 44
2 877 2 -9 0.8 38
1 14 1 -9 0.6 38
1 195 1 -9 0.79 41
1 247 2 -9 0.95 42
1 265 1 -9 1.04 43
1 329 1 -9 0.82 43
1 174 2 4 0.39 32
1 277 1 -9 1.03 45
2 492 2 -9 0.95 40
2 503 1 -9 1.27 44
2 456 2 5 1.36 44
2 434 1 2 0.19 27
2 766 2 3 0.49 34
2 677 2 2 0.28 27
2 715 2 -9 1 41
2 758 1 6 1.8 51
2 1120 2 -9 0.92 46
2 1050 2 -9 1.36 42
2 1125 2 -9 0.8 40
2 887 1 -9 0.75 38
2 1157 1 -9 1 43
2 983 1 -9 0.62 39
2 1217 1 -9 0.89 45
2 1007 1 -9 0.72 37
2 1320 2 -9 1.24 44
1 68 1 5 0.44 36
1 9 2 -9 0.8 41
1 247 1 -9 0.9 45
1 155 2 -9 0.79 39
1 309 1 -9 0.79 42
1 312 1 -9 0.85 43
1 283 1 -9 0.6 38
1 163 2 -9 0.76 40
1 224 2 -9 0.88 41
2 489 2 -9 1.22 45
2 461 1 -9 0.98 43
2 540 2 -9 1.06 41
2 457 1 5 1.54 47
2 450 1 2 0.16 25
3 668 1 -9 1.39 46
3 668 1 5 1.58 47
2 958 1 -9 0.88 43
2 960 1 -9 0.78 42
2 683 1 -9 0.76 38
2 715 2 -9 0.97 42
3 780 2 10 1.73 51
2 1101 2 -9 1 42
2 1111 1 2 0.76 38
2 976 2 -9 0.86 39
2 1027 1 -9 0.66 38
2 1006 1 -9 0.96 43
2 1310 2 -9 0.92 43
1 251 1 -9 0.65 38
1 156 1 -9 0.82 42
1 300 1 -9 0.71 43
1 312 2 4 0.69 37
1 184 1 -9 0.68 39
1 217 2 -9 0.7 39
1 220 1 -9 0.8 43
1 149 2 4 0.24 29
2 425 2 5 0.56 36
2 660 2 4 1.48 45
2 764 2 2 0.38 31
2 808 1 9 1.06 46
3 782 2 9 1.41 47
2 866 1 -9 0.81 42
2 1142 1 -9 0.9 44
2 875 1 -9 0.84 43
2 973 1 -9 0.86 42
2 1256 1 -9 1 46
2 1305 1 -9 1.16 46
1 65 1 4 0.35 34
1 85 2 -9 0.82 40
1 249 2 -9 0.88 40
2 538 1 -9 0.88 45
2 484 1 -9 0.92 44
2 512 2 2 0.3 28
2 421 2 4 0.16 27
2 415 1 4 0.35 32
2 615 2 2 0.42 30
2 658 1 5 1.47 45
2 609 2 6 0.35 29
2 805 1 -9 0.93 44
2 726 2 4 0.46 35
2 735 2 2 0.44 31
3 1082 2 3 1.63 46
2 1000 1 -9 1 45
2 1020 2 4 0.91 40
2 1312 1 7 0.92 43
2 1273 1 -9 0.89 44
1 31 2 -9 0.79 39
1 404 2 5 0.26 31
1 258 1 -9 0.76 41
1 259 2 -9 0.65 38
1 383 1 -9 1 44
1 144 2 3 0.24 29
2 499 1 -9 1.23 45
2 543 2 -9 0.9 41
2 543 2 -9 1 40
2 455 2 4 1.54 45
2 555 2 4 1.27 44
2 659 1 10 1.08 46
2 722 2 2 0.44 31
3 780 1 5 2.54 54
2 966 1 -9 0.92 41
2 1248 1 -9 1.13 48
2 1041 2 -9 0.97 39
2 1217 1 -9 0.86 44
2 1221 1 -9 0.79 40
2 1225 1 -9 1.09 46
2 999 1 -9 0.85 41
1 83 1 -9 0.58 37
1 5 1 4 0.94 42
1 299 1 -9 0.89 44
1 290 1 -9 0.76 43
1 163 1 -9 0.66 39
1 218 2 -9 1.03 41
1 376 1 -9 0.77 41
1 382 1 -9 0.84 44
2 521 2 -9 0.71 43
2 501 1 -9 0.76 37
2 442 2 7 0.36 32
2 647 1 -9 1.06 43
2 622 2 2 0.41 29
2 595 1 2 0.47 30
2 847 1 -9 0.78 40
2 851 2 5 1.15 43
2 804 1 -9 1.03 45
2 684 1 -9 0.96 42
2 703 1 -9 0.62 35
2 709 1 2 0.62 37
2 1148 1 9 1.14 47
2 1128 2 -9 0.98 38
2 690 2 4 1.72 46
2 1275 1 -9 0.97 45
2 1060 1 -9 0.76 38
2 1329 1 -9 0.72 42
2 1324 1 -9 0.57 35
1 111 1 -9 1 47
1 30 2 3 0.34 34
1 97 1 4 0.73 39
1 47 1 -9 0.69 40
1 396 1 5 0.51 38
2 567 2 4 0.43 32
2 912 1 -9 0.96 44
2 626 1 2 0.35 31
2 716 2 -9 1.26 44
2 718 2 -9 0.98 41
2 937 1 9 0.78 43
2 713 1 -9 1.14 42
2 964 1 -9 0.75 39
2 1156 2 -9 0.8 40
3 1080 1 9 2.22 54
2 1010 1 -9 0.93 43
1 72 1 4 0.29 32
1 265 2 -9 1.26 43
1 125 1 4 0.68 38
2 494 2 -9 0.93 42
2 419 1 5 0.25 29
2 434 1 2 0.23 28
2 417 1 4 0.37 33
2 905 1 -9 0.92 42
2 584 2 2 0.28 28
2 1279 1 -9 0.68 39
2 869 2 -9 0.72 38
3 1076 1 -9 1.59 49
2 1127 2 -9 1.1 42
2 1065 1 -9 0.81 42
2 1042 1 -9 0.99 46
2 1308 1 -9 0.89 41
2 1316 1 -9 0.8 43
1 341 2 -9 1.04 40
1 368 2 -9 0.78 40
1 221 1 -9 0.97 43
1 127 2 -9 0.93 40
2 535 1 -9 1.2 43
2 430 1 5 0.31 33
2 589 1 5 0.4 32
2 803 1 -9 0.88 44
2 1201 1 -9 0.9 43
1 11 1 -9 0.52 35
1 264 1 -9 0.79 43
1 349 1 5 0.72 39
1 388 1 3 0.29 31
1 127 1 -9 0.82 40
1 410 2 -9 0.8 39
2 478 1 -9 1.03 43
3 664 2 6 2.1 49
2 598 2 2 0.34 29
2 608 1 2 0.23 28
2 954 1 9 0.93 45
2 824 1 -9 0.98 42
2 713 1 -9 1.22 46
2 758 1 4 1.48 47
3 1075 2 -9 1.65 48
2 881 1 -9 1.05 43
2 968 1 -9 0.84 42
2 1190 1 -9 1 46
2 987 1 -9 0.94 44
2 1227 1 -9 0.71 43
1 108 1 4 0.35 32
1 210 1 -9 0.9 40
2 492 2 4 0.94 38
2 424 1 7 0.49 35
2 539 2 3 0.84 38
3 666 1 -9 2.19 51
2 550 2 -9 1.12 43
2 570 2 -9 1.01 42
2 584 1 5 0.31 32
2 587 1 5 0.35 33
2 745 2 3 0.46 34
2 720 2 -9 0.66 35
2 672 2 3 0.34 34
2 672 2 3 0.22 29
2 693 2 4 1.45 46
2 794 2 -9 1.26 44
2 837 1 -9 0.96 46
2 743 1 2 0.22 28
3 1077 1 -9 1.38 45
2 1135 2 -9 0.8 39
2 1268 1 -9 0.87 41
2 975 1 -9 0.78 39
1 11 1 -9 0.98 46
1 402 1 4 0.34 33
1 352 1 -9 0.7 39
1 293 2 -9 0.88 40
1 331 1 -9 0.94 44
1 335 1 -9 0.94 42
1 208 1 -9 0.79 42
2 496 2 4 0.92 40
2 480 2 -9 0.81 39
3 666 1 4 1.67 47
2 635 2 5 0.38 33
2 678 2 4 0.24 28
2 795 1 -9 1.05 42
2 827 1 -9 1.03 45
2 818 1 -9 0.93 43
2 1139 1 9 0.96 46
2 1164 1 -9 1.02 43
2 1162 1 -9 0.9 42
2 1177 1 -9 0.89 42
2 1207 1 11 0.96 46
2 1208 1 -9 0.94 43
2 992 1 -9 1.04 44
2 1296 1 -9 0.86 43
1 21 1 -9 0.76 42
1 325 2 4 0.82 40
1 259 2 -9 1.04 42
1 216 2 -9 1.05 44
1 125 1 -9 0.52 36
2 494 2 6 1.07 43
2 554 2 -9 0.99 41
2 620 2 7 0.33 30
2 658 2 10 1.1 46
2 957 2 3 0.89 40
2 704 1 -9 1 45
2 1185 1 -9 0.95 43
2 1178 2 -9 0.89 43
2 1025 1 -9 1.08 45
2 1003 2 4 0.93 38
2 1315 1 -9 0.75 42
2 1321 1 -9 0.87 44
1 3 2 -9 0.94 39
1 3 1 -9 0.8 43
1 340 1 -9 0.62 36
1 325 1 -9 0.79 39
1 287 1 -9 0.78 41
1 243 2 -9 0.83 39
1 228 2 -9 0.99 42
2 415 1 5 0.45 35
2 907 2 4 1.12 41
2 956 1 -9 1.04 45
2 822 1 -9 0.86 43
2 757 2 5 1.43 45
2 800 2 -9 1.02 42
2 784 2 -9 1.24 47
2 725 2 2 0.36 30
2 738 2 2 0.32 29
2 1084 1 -9 0.86 41
2 1145 2 -9 0.78 39
2 868 1 -9 0.78 39
2 878 2 4 0.87 41
2 1001 1 -9 0.78 39
1 6 2 4 0.85 41
1 300 1 10 0.82 42
1 168 1 -9 0.78 41
1 311 2 -9 1.05 42
1 272 1 -9 0.84 42
2 568 2 2 0.42 30
2 921 1 12 0.84 42
2 751 1 2 0.4 31
2 759 2 5 0.52 36
2 768 2 -9 0.86 39
2 804 1 -9 0.93 42
2 707 1 4 0.86 38
2 882 1 -9 0.92 43
2 1036 2 -9 1 40
2 1043 1 2 0.53 34
2 1204 1 -9 0.75 39
2 1209 2 4 1.14 42
2 1222 1 -9 0.83 42
2 1007 2 -9 0.94 41
2 1300 1 -9 0.56 35
2 1328 1 -9 1.03 40
1 81 2 -9 0.79 40
1 34 1 -9 0.92 46
1 98 1 -9 0.56 36
1 268 1 -9 0.96 43
1 153 1 -9 0.78 44
1 165 1 -9 0.77 42
1 215 1 -9 0.82 44
2 530 2 -9 0.94 40
2 459 1 8 1.26 45
2 541 1 -9 1.14 46
2 652 1 -9 0.96 42
2 600 2 4 0.41 27
2 596 2 2 0.38 30
2 919 1 -9 0.74 39
2 765 2 4 0.45 32
2 937 1 -9 0.78 44
2 671 2 4 0.33 31
2 815 1 -9 1.02 44
2 819 1 -9 0.79 39
2 1094 2 -9 1.2 42
2 1040 2 -9 0.91 41
2 1189 2 4 1 40
2 1231 1 -9 0.9 43
2 972 1 5 0.8 38
2 986 1 -9 0.76 39
1 93 2 -9 0.99 41
1 348 1 -9 0.92 45
1 337 1 -9 1.01 45
1 209 1 -9 0.78 43
1 219 1 -9 0.86 42
1 386 1 4 0.28 31
2 470 1 -9 0.92 39
3 668 1 -9 1.51 46
2 759 1 5 0.63 32
2 941 1 -9 1.1 46
3 777 1 -9 1.36 49
2 737 1 4 0.5 35
2 1151 2 -9 1.12 42
2 865 1 -9 0.7 44
2 890 1 -9 0.79 42
2 1133 1 -9 0.68 37
2 1038 1 4 0.85 41
3 1069 2 -9 1.58 48
2 1028 1 -9 1.11 46
2 1262 1 -9 0.8 41
1 14 1 -9 0.86 45
1 407 1 5 0.25 32
1 319 1 -9 0.77 43
1 203 1 -9 0.5 35
1 273 1 -9 0.77 41
1 276 1 -9 0.94 43
1 389 1 7 0.34 34
1 139 2 -9 0.7 38
2 420 2 5 0.51 35
2 438 2 2 0.32 29
2 898 2 4 0.45 33
2 577 1 11 1.03 45
2 578 2 -9 0.99 43
2 630 2 2 0.47 34
2 917 2 -9 0.88 39
2 680 1 4 0.66 38
2 807 1 -9 0.88 43
2 708 2 6 0.92 41
2 1052 1 -9 0.81 41
2 1086 2 4 1.16 42
2 1089 1 -9 1.02 43
2 858 1 -9 0.93 43
2 1266 1 -9 0.88 43
2 1037 2 -9 0.56 35
2 1165 1 4 0.86 41
2 1219 1 -9 0.87 42
1 70 2 11 0.63 39
1 74 2 4 0.35 32
1 287 2 -9 0.94 41
1 257 1 -9 0.61 38
2 482 1 -9 0.84 40
2 498 2 -9 0.82 39
2 582 2 2 0.3 28
2 942 1 11 0.91 44
2 694 2 4 1.56 46
2 924 1 -9 0.86 45
2 712 1 12 0.96 43
3 781 1 -9 1.74 50
2 998 1 -9 0.76 38
2 975 2 3 0.92 39
2 1200 1 7 0.97 46
2 1203 2 -9 0.76 38
2 1225 1 10 0.92 44
2 1312 1 -9 1 45
2 1187 1 -9 0.86 43
1 404 1 2 0.16 25
1 157 1 -9 0.59 38
1 318 2 -9 0.52 35
1 167 1 -9 0.79 43
1 288 1 -9 0.79 45
1 295 1 -9 0.82 41
1 356 1 -9 1.04 46
1 369 1 -9 0.75 40
1 112 1 11 0.8 43
1 149 1 4 0.36 34
2 480 1 6 1.14 43
2 461 2 -9 1.34 45
2 418 1 5 0.33 33
2 546 2 -9 1.07 43
2 901 1 -9 0.87 40
2 582 2 5 0.53 34
2 658 1 5 1.33 45
2 931 1 -9 0.94 42
2 951 1 -9 1.04 45
3 782 2 -9 1.46 47
2 729 1 4 0.34 31
2 749 2 2 0.34 29
2 1048 1 12 0.75 41
2 1087 2 -9 1.06 42
2 1031 2 -9 1 40
1 71 2 6 0.53 37
1 38 2 -9 0.96 44
1 49 1 -9 0.58 38
1 302 1 5 0.88 41
1 114 1 -9 0.92 44
1 374 2 -9 0.79 41
1 398 1 2 0.18 26
2 910 1 -9 0.67 37
2 929 1 -9 0.91 39
2 750 2 2 0.42 31
3 1078 1 9 1.94 54
2 1276 1 -9 1.05 47
3 1082 2 -9 1.67 48
2 1013 2 -9 0.88 40
2 1024 1 10 1.14 45
2 1200 1 3 0.77 44
2 1263 1 -9 0.75 45
2 1264 1 -9 0.95 44
2 792 2 -9 0.86 43
1 8 2 4 0.72 40
1 55 1 -9 0.65 41
1 407 2 4 0.58 38
1 169 1 -9 0.86 46
1 113 1 -9 0.78 43
2 506 1 13 0.83 45
2 451 1 4 0.3 30
2 416 1 5 0.3 31
2 552 2 4 1 41
2 640 1 2 0.34 28
2 913 1 -9 0.78 42
2 622 2 7 0.28 32
2 762 2 2 0.38 31
2 791 1 -9 1.1 45
3 779 1 -9 1.84 47
2 867 2 -9 1.03 40
2 1113 2 -9 0.98 41
2 1137 2 -9 1.66 49
2 1140 2 -9 0.86 42
2 964 1 5 0.93 42
3 1068 1 -9 1.72 52
2 1009 1 -9 0.88 43
2 980 1 11 0.97 46
2 1248 1 -9 0.85 41
2 1289 1 -9 0.82 43
2 1280 1 6 0.92 43
2 1316 1 -9 1.02 45
1 19 1 -9 0.6 37
1 48 1 -9 0.64 41
1 245 1 -9 0.72 40
1 181 1 -9 0.67 39
1 222 1 -9 0.99 45
1 123 1 -9 0.66 37
1 147 1 5 0.32 32
2 542 2 -9 1.06 45
2 432 2 4 0.36 31
2 583 2 6 0.78 38
2 718 2 -9 0.9 40
2 724 1 2 0.34 30
2 942 1 -9 0.94 43
2 1155 1 -9 1.04 45
3 1073 2 -9 1.31 47
2 1110 2 3 0.98 42
2 1271 1 -9 0.94 45
2 1065 2 -9 1.05 43
2 1016 1 -9 0.89 42
2 1191 1 4 0.83 41
2 1258 1 -9 0.86 39
2 1285 1 -9 0.8 40
1 64 1 -9 0.84 42
1 41 1 -9 0.5 35
1 282 2 4 0.85 39
1 331 1 -9 0.9 46
1 235 1 -9 0.8 44
2 513 2 4 0.2 27
2 515 2 7 0.26 30
2 613 1 2 0.35 31
2 588 2 3 0.27 29
2 608 1 2 0.33 30
2 828 1 10 1.07 46
2 813 2 2 0.75 37
2 755 2 -9 0.9 41
2 1123 2 -9 0.8 38
2 1149 1 -9 0.86 42
2 1107 1 6 1 45
2 883 1 -9 0.82 40
2 892 2 -9 1.32 44
2 1157 1 -9 0.88 45
2 1160 2 3 1 39
2 1000 1 -9 0.66 37
2 1236 1 -9 0.83 41
2 995 1 -9 1 44
1 35 1 4 0.7 38
1 400 2 6 0.28 32
1 211 1 -9 0.87 44
1 141 1 -9 0.9 41
2 487 2 -9 0.8 38
2 419 2 3 0.33 31
2 413 1 6 1.19 43
2 455 2 4 1.42 44
2 456 1 4 1.46 47
2 427 1 5 0.4 35
3 772 1 -9 1.4 45
2 581 2 -9 0.83 41
2 633 1 5 0.91 42
2 679 1 -9 0.93 41
2 1166 1 -9 1.22 42
2 1159 1 -9 0.96 43
2 983 2 -9 0.99 40
1 365 1 11 0.87 45
1 254 1 -9 0.92 43
2 424 2 5 0.25 30
2 644 1 2 0.39 32
2 929 1 7 0.97 45
2 710 1 -9 0.98 44
2 1232 1 -9 0.95 46
2 1015 1 -9 0.92 44
2 1035 2 -9 1.05 41
2 1302 1 -9 0.62 37
1 88 1 -9 0.67 38
1 266 2 -9 1.12 42
1 152 2 -9 1 42
1 399 1 5 0.59 40
1 184 1 -9 0.7 42
1 192 2 -9 0.83 41
1 227 1 -9 0.95 45
2 576 2 -9 0.91 40
2 632 1 4 0.62 37
2 906 1 -9 1.1 45
2 945 2 2 0.74 36
2 812 1 -9 0.94 43
2 735 1 2 0.42 32
2 707 1 -9 1.2 45
2 1091 2 -9 1.02 43
2 1039 1 -9 0.84 45
2 988 1 -9 0.82 40
2 1205 1 -9 1.03 45
2 1301 1 3 0.78 39
2 1305 2 -9 0.87 41
1 75 2 4 0.38 35
1 91 1 -9 0.67 43
1 95 1 -9 0.94 45
1 103 2 2 0.14 25
1 267 1 -9 1.2 47
1 321 1 11 0.66 45
1 260 1 -9 0.96 42
2 498 1 -9 0.75 42
2 450 2 2 0.24 28
2 556 2 -9 1.04 41
2 645 2 -9 1.02 42
3 664 1 4 1.41 46
2 940 1 -9 0.88 43
2 675 1 2 0.3 30
2 811 1 -9 0.83 43
3 783 1 5 1.34 47
2 742 1 4 0.24 29
2 1153 1 10 1.04 44
2 1047 1 6 1.04 45
2 1168 2 4 1.04 39
2 1245 1 -9 0.95 47
2 1062 1 -9 0.96 41
2 1281 2 -9 1 42
2 1317 1 -9 1.02 44
1 82 2 -9 0.76 38
1 189 1 -9 0.78 40
1 240 2 -9 0.77 42
1 262 1 -9 0.86 40
2 468 1 -9 1.04 42
2 547 2 4 1 40
2 787 1 -9 0.7 38
2 677 1 5 0.28 29
2 1102 2 -9 0.96 40
2 1102 1 -9 0.74 43
2 894 1 -9 1.13 47
2 1270 1 -9 1.14 46
2 1229 2 -9 0.91 40
2 1244 1 -9 0.92 43
2 1043 1 -9 0.88 42
2 1179 2 -9 0.91 41
2 977 1 -9 0.9 40
2 1239 1 -9 1.1 47
2 1173 1 -9 1.1 46
1 89 2 -9 0.75 39
1 106 2 4 0.41 35
1 403 2 6 0.47 36
1 242 1 -9 0.83 41
2 465 1 5 0.91 41
2 617 1 4 0.39 33
2 624 2 2 0.28 29
2 571 2 4 0.32 31
2 611 2 8 0.41 35
2 936 1 -9 0.72 38
2 767 2 3 0.49 32
2 1094 2 -9 1.1 44
2 1144 1 -9 0.74 38
2 884 1 -9 0.92 43
2 1246 1 -9 1.01 46
3 1080 2 9 1.36 46
2 1180 1 5 1.12 44
2 989 1 -9 1.16 47
2 1319 1 -9 0.8 43
2 1297 1 -9 0.88 42
1 91 2 5 0.91 42
1 304 1 -9 0.78 41
1 126 2 -9 0.82 38
1 408 1 -9 1.12 44
2 428 2 4 0.42 36
2 597 2 4 0.48 34
3 774 1 -9 1.38 45
2 737 2 4 0.6 35
2 1153 2 -9 0.86 40
2 1106 1 -9 0.92 42
2 1143 2 -9 1.06 44
2 891 1 6 0.86 42
3 1070 2 10 1.77 52
2 1011 2 -9 1.09 41
2 981 1 -9 1.04 40
2 982 1 -9 0.94 43
2 1287 2 -9 1.06 43
2 519 2 -9 0.9 41
1 64 1 -9 0.72 43
1 104 1 7 0.36 36
1 405 1 4 0.19 29
1 174 1 5 0.42 35
1 199 1 -9 0.77 42
1 201 1 -9 0.72 41
1 209 1 -9 0.71 41
1 116 2 -9 1.1 42
1 183 1 -9 0.85 43
1 121 1 -9 0.8 41
2 484 2 -9 0.85 41
2 414 2 4 0.49 35
2 637 1 6 0.28 30
2 639 2 2 0.36 30
2 649 1 -9 1.07 44
2 654 2 5 1.02 42
2 691 2 5 1.3 44
2 632 2 3 0.48 33
2 864 1 -9 0.61 36
2 878 2 -9 0.76 40
2 1039 1 -9 0.75 40
2 1188 2 4 1 42
2 1320 1 -9 0.94 45
1 65 1 3 0.3 31
1 36 2 -9 0.86 41
1 97 1 -9 0.49 34
1 384 1 7 0.86 43
1 159 1 -9 0.71 42
1 310 2 -9 0.82 39
1 243 2 -9 0.98 42
1 214 2 -9 0.88 42
1 380 2 -9 0.76 39
2 431 2 4 0.35 31
2 416 1 4 0.26 29
2 568 2 2 0.14 25
2 642 1 4 0.34 31
2 643 2 2 0.36 30
2 612 2 6 0.35 33
2 586 1 8 0.64 39
3 773 1 4 1.22 44
2 686 1 -9 0.91 43
2 1098 2 -9 0.94 44
3 770 2 4 1.46 46
2 696 2 4 0.44 33
2 1042 2 -9 1.05 41
2 993 1 -9 0.92 42
2 1295 2 -9 1.2 46
1 50 1 -9 0.67 39
1 52 1 6 0.76 41
1 90 1 -9 0.66 39
1 105 1 2 0.19 28
1 346 1 -9 0.8 46
1 164 1 5 0.68 40
1 118 2 -9 0.76 38
2 490 2 -9 0.93 41
2 656 1 5 1.5 48
2 562 1 2 0.32 29
2 679 2 -9 0.92 42
2 693 2 5 1.48 46
3 783 2 -9 1.1 43
2 753 1 4 0.58 36
2 1106 2 9 1.06 45
2 1207 1 -9 0.68 39
2 1138 1 -9 0.82 41
1 358 1 5 0.98 43
2 477 2 -9 0.71 38
2 455 1 4 1.43 47
2 616 1 2 0.39 30
2 617 2 2 0.26 28
2 691 2 4 1.65 48
2 849 1 -9 0.76 40
2 746 2 8 0.4 35
2 760 2 2 0.45 31
2 1088 1 -9 0.64 36
3 1074 1 -9 1.69 52
2 1116 2 4 0.88 39
2 1142 1 -9 0.92 43
2 1234 1 -9 0.96 46
2 1169 1 -9 0.92 41
2 1032 1 4 1.2 45
2 1238 1 -9 0.98 46
2 1024 1 4 0.77 40
2 1241 1 -9 0.68 40
2 990 1 -9 0.85 40
2 971 1 -9 1.18 45
2 1293 1 -9 0.92 44
1 23 1 4 0.41 36
1 196 1 -9 0.76 40
1 313 1 5 0.78 40
1 226 1 -9 0.66 41
1 382 1 -9 0.76 41
2 536 2 6 1.25 42
2 489 2 -9 0.96 40
2 429 2 3 0.37 34
2 585 2 9 0.43 36
2 590 2 4 0.42 32
2 593 2 4 0.31 30
2 1096 2 5 1.02 42
2 875 1 5 0.99 43
3 1076 1 12 1.59 52
2 890 1 -9 0.78 39
2 697 2 2 0.22 36
2 1183 2 -9 0.66 38
2 1247 1 -9 0.86 46
2 1002 1 -9 1.03 46
2 972 2 -9 1.27 43
2 1056 1 -9 1.02 44
2 1215 1 -9 0.92 42
2 1301 1 -9 0.88 45
1 46 2 -9 0.76 39
1 195 1 -9 0.93 44
1 257 1 -9 0.89 43
1 128 1 -9 0.8 42
1 129 1 6 0.72 40
2 523 2 -9 0.89 41
2 507 2 -9 0.96 42
2 495 2 -9 0.98 41
2 544 2 -9 0.87 43
2 458 1 5 1.36 44
2 440 1 2 0.34 30
2 445 1 2 0.21 27
2 660 1 4 1.33 45
2 948 1 -9 0.88 44
3 774 2 -9 2.36 51
2 1124 1 -9 0.76 42
3 1075 1 -9 1.99 53
3 1077 1 -9 1.91 49
2 889 1 -9 0.88 45
2 863 1 -9 0.78 43
2 1184 1 -9 0.84 43
2 1018 1 6 1.09 45
2 1061 1 -9 0.83 41
2 991 1 -9 0.69 38
2 1264 1 9 1 46
2 1295 1 12 0.94 45
2 1296 1 -9 0.52 35
1 2 1 -9 0.56 37
1 10 2 5 0.95 42
1 16 1 -9 0.72 39
1 56 1 -9 0.6 37
1 59 1 -9 0.44 35
1 298 1 -9 0.75 44
1 173 1 4 0.36 35
1 370 1 10 0.94 47
1 271 1 -9 0.89 41
1 274 1 -9 0.95 45
1 140 2 -9 0.78 40
2 464 1 -9 0.86 39
3 667 2 4 1.35 47
2 738 2 2 0.32 30
2 1146 1 5 0.88 41
2 1198 2 5 0.63 38
1 99 1 -9 0.95 44
1 106 1 2 0.21 26
1 339 1 -9 0.92 45
1 279 2 -9 0.77 42
2 457 1 4 1.86 49
2 621 2 8 0.4 35
2 625 2 2 0.26 27
2 680 1 -9 0.88 42
2 955 1 -9 0.78 43
2 923 1 -9 0.84 44
2 799 1 -9 0.74 40
3 774 1 4 1.14 45
2 733 2 5 0.46 36
2 1055 2 -9 1.08 41
2 1114 1 -9 0.76 38
2 1145 1 -9 0.88 42
2 1276 1 2 0.6 38
2 1243 1 -9 1.05 45
2 1247 1 -9 0.6 37
2 986 1 -9 0.93 45
2 990 2 -9 1.01 41
2 1290 1 -9 0.88 43
1 322 1 4 0.81 41
1 78 1 -9 0.76 40
1 25 1 5 0.52 38
1 94 2 -9 0.74 40
1 309 1 -9 0.86 41
1 345 1 -9 0.96 44
1 166 2 -9 0.75 41
1 180 1 -9 0.87 41
1 269 1 -9 0.91 43
1 280 1 -9 0.98 41
1 397 1 4 0.29 31
2 432 2 5 0.41 35
2 588 2 7 0.4 35
2 752 2 2 0.36 29
2 852 1 -9 0.74 37
2 959 1 -9 0.7 41
2 835 1 -9 0.96 46
2 700 1 5 0.42 34
2 1046 1 -9 0.95 43
2 1111 2 -9 0.84 40
2 1117 1 -9 0.9 39
3 1077 2 4 1.67 48
2 1185 1 -9 0.97 42
2 1233 1 5 0.62 38
2 1195 1 10 0.74 45
2 435 1 6 0.44 34
1 70 1 4 0.28 32
1 10 2 -9 0.32 30
1 266 1 -9 1.01 45
1 284 2 -9 0.89 42
1 301 1 -9 1.02 44
1 326 1 8 0.76 43
1 177 1 8 0.41 37
1 363 1 -9 0.91 45
1 232 1 -9 0.94 44
2 538 1 -9 1.36 46
1 137 1 -9 0.86 42
3 772 2 -9 1.76 51
2 603 2 2 0.12 25
2 625 2 2 0.22 28
2 747 1 2 0.48 33
2 675 2 3 0.17 27
2 698 2 3 0.42 32
3 780 1 12 1.72 51
2 1087 2 -9 0.94 40
3 1071 1 -9 1.6 51
2 887 1 -9 1.01 42
2 1015 1 -9 0.96 45
2 1263 1 5 0.84 41
2 1307 1 -9 0.92 42
