2 698 1 -9 0.89 42
1 51 1 6 0.43 37
1 23 1 7 0.61 40
1 240 2 -9 0.2 27
1 251 1 2 0.4 32
2 331 1 -9 0.2 27
2 761 1 -9 0.38 31
2 737 2 2 0.38 31
2 737 2 3 0.62 36
2 392 2 1 0.22 27
1 209 1 6 1.05 44
2 768 2 -9 0.4 31
1 178 1 -9 0.6 38
2 290 1 -9 0.58 37
2 578 2 -9 0.69 40
2 666 1 6 0.72 41
2 460 2 -9 0.37 30
2 429 2 -9 0.64 36
1 76 1 -9 0.44 34
1 99 1 6 0.68 41
2 691 2 -9 0.5 35
2 701 2 -9 0.65 38
2 718 1 -9 0.18 26
2 712 2 1 0.28 29
1 42 1 3 0.45 35
1 19 2 6 0.83 42
1 234 1 -9 0.5 36
1 149 1 3 0.52 36
1 250 2 -9 0.65 47
2 388 1 -9 0.56 37
2 347 1 -9 0.78 41
2 801 1 -9 0.47 34
2 773 2 -9 0.6 42
2 776 1 -9 0.3 30
2 664 2 -9 0.78 39
2 591 1 -9 0.36 33
2 546 2 -9 0.26 29
2 450 2 -9 0.35 30
2 403 1 6 0.7 42
2 420 1 -9 0.35 31
1 68 1 -9 0.36 33
1 80 1 3 0.46 34
1 111 2 -9 0.9 42
2 683 1 -9 0.74 44
1 277 2 -9 0.35 31
1 55 1 -9 1.02 45
1 56 1 6 0.99 40
1 242 1 -9 0.15 27
1 160 2 -9 0.4 34
1 134 2 3 0.6 38
2 722 2 2 0.48 33
2 484 2 -9 0.43 32
2 726 1 -9 0.4 31
2 753 2 -9 0.94 43
2 358 2 -9 1.12 45
2 345 2 -9 0.49 36
2 392 1 -9 0.44 31
2 351 2 3 0.64 37
2 366 2 3 0.48 36
1 161 2 2 0.3 31
2 295 2 -9 0.3 29
2 295 2 -9 0.68 37
2 627 2 -9 1.1 44
2 601 2 -9 0.25 27
2 648 2 2 0.5 33
2 572 2 -9 0.77 41
2 554 2 -9 0.72 37
2 639 2 -9 0.62 36
2 637 2 3 0.55 36
2 471 2 -9 1.08 42
2 457 1 -9 0.84 44
2 415 1 -9 0.53 37
2 436 2 -9 0.29 29
1 72 1 -9 0.72 40
1 115 2 -9 0.77 41
2 698 1 -9 0.7 44
2 703 1 2 0.29 30
1 41 1 -9 0.84 43
1 49 1 -9 0.32 24
2 321 2 -9 0.9 42
2 502 2 -9 0.35 30
2 737 2 -9 0.26 29
2 393 1 2 0.4 32
2 342 1 -9 0.64 37
2 337 1 -9 0.72 39
1 171 1 -9 0.78 40
2 604 2 -9 0.73 39
2 581 2 -9 0.73 41
2 661 2 -9 0.58 34
2 637 2 -9 0.4 33
2 549 2 -9 0.34 31
2 463 2 -9 0.77 38
2 463 1 -9 0.82 42
2 440 2 -9 0.38 30
2 444 2 -9 0.67 39
1 65 2 3 0.56 36
1 259 2 -9 0.75 45
1 48 2 -9 0.65 37
1 44 2 -9 0.76 41
1 148 1 -9 0.72 40
1 160 2 2 0.14 26
1 157 2 -9 0.28 30
1 138 2 -9 0.87 39
1 148 2 6 0.62 39
2 333 1 -9 0.4 31
2 330 2 -9 0.46 35
2 486 2 3 0.76 39
2 384 1 -9 0.44 31
2 349 2 -9 0.66 38
1 190 1 8 0.72 41
2 797 2 -9 0.35 32
2 775 1 -9 0.33 31
2 291 1 6 0.92 42
1 8 1 -9 0.42 33
2 627 2 -9 0.81 39
2 671 1 -9 0.78 43
2 614 1 -9 0.42 34
2 637 2 -9 0.54 35
2 677 2 -9 0.44 37
2 455 1 -9 0.66 39
2 435 2 -9 0.68 39
1 98 1 -9 0.49 36
1 124 2 -9 0.25 32
2 717 2 -9 0.24 28
1 30 1 -9 0.64 39
1 15 2 4 1.1 44
2 500 1 5 0.61 39
2 387 2 -9 0.68 34
2 341 2 5 0.38 33
1 189 2 -9 0.95 42
2 785 2 -9 0.67 39
1 165 2 -9 0.43 36
2 594 1 -9 0.22 27
2 612 2 -9 0.42 35
2 553 1 -9 0.5 37
2 631 1 2 0.39 31
2 539 2 -9 0.43 33
2 476 2 -9 0.42 32
2 307 1 -9 0.65 39
1 117 2 -9 0.25 28
1 266 2 6 0.6 38
1 260 2 6 0.6 39
1 27 1 6 0.52 40
1 44 2 3 0.45 34
1 237 2 -9 0.55 36
2 505 2 -9 0.4 31
2 517 1 -9 0.35 32
2 388 1 -9 0.46 33
2 343 2 -9 0.46 33
2 383 2 3 0.6 34
1 196 2 -9 0.3 31
2 793 2 -9 0.24 27
1 182 2 -9 0.19 26
2 605 2 -9 0.21 27
2 559 2 -9 0.32 29
1 104 2 6 0.74 40
2 693 2 -9 0.69 40
2 697 2 -9 0.77 39
1 256 1 3 0.5 35
1 24 1 6 0.9 44
1 160 2 3 0.26 29
2 498 1 -9 0.59 36
2 792 1 -9 0.3 32
1 179 1 -9 0.69 41
2 580 1 -9 0.54 39
2 534 2 -9 0.7 37
2 660 2 -9 0.28 28
2 539 2 -9 0.61 36
2 410 2 4 0.55 37
2 434 2 -9 0.55 38
2 309 1 -9 0.68 40
1 96 2 6 0.66 37
2 699 2 -9 0.83 43
1 268 1 -9 0.6 40
1 276 2 -9 0.6 38
1 240 2 2 0.2 27
1 160 2 -9 0.1 25
1 152 2 -9 0.54 37
1 153 2 -9 0.68 43
2 331 1 -9 0.27 29
2 332 1 -9 0.36 33
2 730 2 -9 0.76 40
2 747 2 -9 0.58 34
2 375 2 -9 0.5 33
2 365 2 2 0.32 30
1 212 2 -9 0.11 23
2 767 2 -9 0.3 28
3 529 2 -9 0.61 35
2 294 1 -9 0.88 42
2 568 1 -9 0.76 42
2 586 1 -9 0.49 36
2 634 1 -9 0.7 40
2 620 1 -9 0.35 31
2 551 2 -9 0.29 33
2 445 1 -9 0.41 33
2 461 1 -9 0.86 44
2 458 1 -9 0.7 41
2 433 1 -9 0.43 32
2 543 2 -9 0.34 30
1 110 1 -9 0.79 41
1 72 1 -9 0.61 39
1 128 2 -9 0.49 38
1 78 2 -9 0.71 42
2 704 2 -9 0.67 38
1 266 1 6 0.6 39
1 34 2 -9 0.69 39
1 17 1 6 0.76 40
1 144 2 3 0.51 35
1 149 2 -9 0.75 40
2 758 2 -9 0.52 34
2 743 2 3 0.72 38
2 383 1 -9 0.82 42
2 377 2 -9 0.35 30
2 772 2 -9 0.55 35
2 784 2 -9 0.3 30
1 174 1 -9 0.37 32
1 179 2 3 0.49 35
1 175 1 -9 0.48 34
1 284 1 -9 0.8 41
2 592 2 -9 0.23 27
2 598 1 -9 0.32 30
2 577 1 -9 0.63 40
2 670 2 2 0.46 33
2 677 1 2 0.39 33
2 537 1 -9 0.75 42
2 425 1 -9 0.3 31
2 430 2 3 0.7 36
2 399 2 6 0.5 37
2 304 2 -9 0.71 40
1 87 1 10 0.71 45
1 69 1 -9 0.61 39
2 684 1 -9 0.8 41
1 141 1 -9 0.7 40
2 750 2 -9 0.4 31
2 522 2 -9 0.29 27
2 788 2 -9 0.25 27
2 791 1 -9 0.3 29
2 585 2 -9 0.55 38
2 641 1 -9 0.42 32
2 617 2 -9 0.29 31
2 622 2 -9 0.36 30
2 546 1 -9 0.33 30
2 466 2 -9 0.52 34
2 302 2 -9 0.49 37
2 302 2 -9 0.66 39
1 73 1 -9 0.44 35
1 127 2 3 0.39 34
1 47 2 3 0.44 34
1 174 2 -9 0.89 40
1 172 1 6 0.88 42
1 163 2 2 0.19 26
2 296 1 -9 0.3 31
2 583 2 -9 0.59 37
2 573 2 -9 0.43 34
2 577 1 -9 0.66 42
2 641 2 -9 0.28 29
2 615 1 -9 0.23 27
2 555 1 -9 0.29 29
2 548 2 -9 0.33 29
2 653 1 -9 0.34 31
2 636 2 -9 0.75 40
2 431 2 6 0.48 37
2 327 1 3 0.82 42
1 83 1 -9 0.21 27
1 127 2 -9 0.32 33
1 115 2 -9 0.94 42
2 678 2 -9 0.6 38
1 57 2 -9 1.19 43
1 221 1 -9 0.35 33
1 246 1 2 0.15 26
1 138 2 -9 0.82 41
2 516 2 3 0.63 34
2 391 2 -9 0.24 27
2 358 2 2 0.44 32
2 339 1 -9 0.55 38
2 382 1 -9 1.02 44
2 365 1 -9 0.3 29
1 188 2 -9 1.09 43
2 741 1 -9 0.7 41
1 180 1 -9 0.73 41
1 164 1 -9 0.45 35
2 296 2 -9 0.16 26
2 576 1 -9 0.53 38
2 643 2 3 0.41 29
2 631 1 -9 0.36 32
2 424 2 2 0.41 31
2 327 1 2 0.31 29
1 95 2 -9 1.14 43
1 114 2 -9 0.77 40
2 706 1 -9 0.7 41
1 236 1 -9 0.4 34
1 155 2 3 0.42 34
2 733 1 -9 0.61 39
2 503 1 -9 0.36 31
2 512 2 3 0.63 36
1 191 2 4 0.6 39
1 196 2 4 0.75 39
2 570 2 -9 0.71 41
2 575 1 -9 0.58 37
2 613 1 -9 0.37 31
2 658 1 2 0.38 33
2 629 2 3 0.75 38
2 538 2 -9 0.55 35
2 434 2 3 0.65 37
1 97 2 -9 0.56 35
1 106 2 -9 0.79 40
1 270 1 -9 0.6 40
1 145 1 8 0.57 39
2 340 1 2 0.24 28
2 793 2 -9 0.26 29
2 291 1 -9 0.88 40
2 598 1 -9 0.25 29
2 608 1 -9 0.23 27
2 449 1 -9 0.38 34
2 433 1 -9 0.3 29
2 435 1 3 0.42 33
2 424 1 2 0.4 31
1 70 2 -9 0.78 39
1 278 1 -9 0.8 41
1 260 2 -9 0.55 37
1 41 2 -9 0.51 35
1 39 1 6 0.61 41
1 215 1 3 0.7 36
2 493 2 5 0.8 41
2 729 2 6 0.56 36
2 751 2 -9 0.66 35
2 524 2 -9 0.47 33
2 396 1 -9 0.4 35
2 352 2 -9 0.45 44
2 379 1 2 0.38 35
2 364 2 -9 0.54 34
2 745 2 -9 0.32 31
2 778 2 -9 0.9 43
1 168 1 -9 0.43 36
2 557 1 -9 0.82 42
2 536 2 -9 0.54 34
1 131 2 -9 0.25 28
1 125 2 2 0.12 24
1 87 2 -9 0.67 40
1 120 1 -9 0.3 31
2 691 2 -9 0.78 41
1 259 1 -9 0.5 36
1 274 2 -9 0.3 29
1 33 1 4 0.54 38
2 322 1 -9 0.8 41
2 509 2 3 0.42 30
2 511 1 -9 0.98 42
2 499 2 3 0.51 36
2 753 2 -9 0.66 38
2 755 1 -9 0.7 43
2 344 1 -9 0.53 37
2 794 2 -9 0.3 30
1 175 1 -9 0.87 42
2 573 1 -9 0.67 42
2 658 1 -9 0.3 31
2 673 1 -9 0.44 37
2 550 2 -9 0.31 29
2 457 1 -9 0.76 41
2 472 1 -9 0.43 34
2 398 2 2 0.35 30
2 423 1 -9 0.77 43
2 305 2 -9 0.35 30
1 129 1 -9 0.36 35
2 687 2 4 0.73 40
2 679 2 3 0.63 37
2 705 2 -9 0.8 40
3 297 1 -9 1.1 42
1 53 2 2 0.25 29
1 139 2 -9 0.76 43
1 253 1 -9 0.76 42
2 502 2 2 0.36 31
2 501 2 -9 0.35 30
2 360 1 -9 0.38 33
2 362 1 3 0.3 35
2 337 2 -9 0.82 40
2 350 2 -9 0.72 40
2 740 2 -9 0.4 33
2 370 2 -9 0.9 41
2 796 2 -9 0.5 36
1 1 2 6 0.85 42
1 6 1 -9 0.65 38
2 610 2 -9 0.29 29
2 546 1 -9 0.39 33
2 599 2 -9 0.25 28
2 407 2 -9 0.45 34
2 407 2 3 0.46 36
2 329 2 5 0.66 39
1 73 1 3 0.35 32
1 73 2 -9 0.49 36
1 113 2 6 0.72 41
1 86 1 6 0.67 40
1 75 2 -9 0.47 34
1 122 1 -9 0.17 26
2 681 2 -9 0.61 36
1 55 1 3 0.6 36
1 31 1 -9 0.36 33
2 504 2 -9 1.2 44
2 344 1 -9 0.43 35
2 782 1 -9 0.5 38
1 2 1 2 0.28 30
2 535 2 -9 0.85 41
2 565 2 -9 0.27 30
2 547 2 -9 0.4 32
2 532 2 -9 0.49 34
2 477 2 -9 0.5 34
2 549 2 -9 0.27 29
2 440 2 -9 0.4 31
2 472 1 -9 0.5 34
2 312 2 -9 0.41 32
2 680 2 7 0.62 40
1 12 1 9 0.89 45
1 40 1 -9 0.7 42
1 224 2 4 0.75 38
1 137 2 -9 0.48 34
1 141 2 -9 0.82 43
2 758 1 -9 0.36 30
2 393 1 -9 0.18 28
2 769 1 -9 0.3 31
1 206 1 3 0.46 34
1 176 2 -9 0.81 41
2 580 2 -9 0.59 39
2 566 2 -9 0.76 42
2 676 2 -9 0.4 34
2 452 1 -9 0.38 31
2 419 2 2 0.3 29
2 314 1 -9 0.87 45
1 86 2 -9 0.58 39
1 107 2 -9 0.25 28
1 99 2 -9 0.24 28
1 112 1 -9 0.79 42
2 678 2 3 0.48 35
2 694 1 -9 0.38 32
2 710 1 9 0.74 42
1 259 2 6 0.65 40
1 279 2 -9 0.15 26
1 16 2 -9 1.27 48
1 46 1 -9 0.75 42
1 151 2 -9 0.72 40
2 331 2 -9 0.37 31
2 388 2 -9 0.36 30
2 381 1 -9 0.48 35
3 530 1 -9 0.61 36
1 190 2 -9 0.58 41
2 796 1 -9 0.3 31
2 783 2 -9 0.37 30
1 283 2 -9 0.66 37
2 624 2 -9 0.55 35
2 645 2 -9 0.65 38
2 533 2 -9 0.76 36
2 649 1 6 0.83 44
2 695 1 -9 0.71 41
2 708 1 -9 0.8 43
1 278 2 8 0.85 43
1 50 2 6 0.53 37
1 24 2 -9 0.54 37
1 12 2 6 1.05 44
1 154 1 -9 0.62 39
1 146 2 7 0.81 42
2 514 1 -9 0.41 30
2 749 2 2 0.4 32
2 346 2 3 0.71 40
2 786 1 -9 0.3 31
2 793 1 -9 0.85 43
1 287 2 -9 0.74 38
2 670 2 -9 0.68 36
2 631 1 -9 0.4 34
2 467 2 -9 0.57 34
2 427 1 -9 0.8 44
2 301 2 -9 0.68 42
1 116 2 9 0.77 41
1 93 2 -9 0.6 37
1 100 1 -9 0.78 41
2 690 2 3 0.59 38
1 266 1 -9 0.8 41
1 228 2 -9 0.65 37
1 229 1 -9 0.6 41
1 142 1 -9 0.88 43
2 333 2 -9 0.32 31
2 513 1 6 0.95 41
2 525 2 -9 0.4 31
2 360 2 -9 0.6 35
1 200 1 -9 0.66 39
2 797 1 -9 0.47 37
1 180 1 6 0.86 43
1 5 1 -9 0.85 41
2 596 1 -9 0.3 30
2 551 2 -9 0.25 28
2 534 2 -9 0.54 33
2 550 1 -9 0.73 39
2 468 1 -9 0.75 42
2 460 2 -9 0.5 35
2 423 1 -9 0.45 35
2 319 2 -9 0.74 38
1 93 2 -9 0.6 37
1 121 1 -9 0.3 31
2 688 2 6 0.84 40
2 326 2 -9 0.83 41
2 326 1 -9 0.79 42
1 221 1 -9 0.4 35
1 240 1 3 0.4 34
2 491 2 -9 0.31 29
2 752 2 2 0.38 32
2 765 2 -9 0.45 31
2 334 1 3 0.53 37
1 193 1 -9 0.36 33
1 185 1 6 0.87 43
2 801 1 -9 0.57 39
2 802 2 -9 0.25 29
2 788 2 -9 0.3 28
2 794 2 -9 0.5 32
2 597 1 -9 0.15 24
2 600 1 -9 0.4 35
2 554 1 -9 0.55 36
2 673 2 -9 0.24 29
2 638 1 -9 0.58 39
2 633 2 4 0.56 37
2 634 2 -9 0.4 34
2 471 2 -9 0.35 32
2 428 2 -9 0.5 33
2 429 1 -9 0.45 32
2 301 2 -9 0.87 44
2 320 1 -9 0.58 36
1 67 1 -9 0.58 38
1 117 1 2 0.24 28
1 104 1 -9 0.77 42
2 690 1 -9 0.66 41
1 261 1 -9 0.85 43
1 233 2 8 0.85 42
1 156 1 2 0.3 31
2 487 1 2 0.34 29
2 487 2 -9 0.52 34
2 499 2 -9 0.76 40
2 748 2 2 0.58 37
2 336 1 -9 0.76 43
2 389 2 -9 0.4 31
2 390 1 -9 0.3 29
2 382 2 -9 0.64 36
1 192 1 3 0.41 33
1 165 2 6 0.71 39
1 286 1 -9 0.92 41
2 598 1 -9 0.35 30
2 655 1 3 0.46 34
2 632 1 -9 0.65 37
2 620 2 -9 0.29 28
2 469 2 -9 0.3 28
2 564 2 -9 0.86 42
2 403 2 -9 0.9 42
2 407 2 3 0.42 34
2 310 2 -9 0.43 32
2 316 2 -9 0.45 34
2 318 1 -9 0.83 43
1 85 2 3 0.48 34
1 129 2 5 0.39 36
1 117 2 -9 0.73 41
1 100 2 -9 1.07 43
1 123 2 -9 0.28 31
1 267 2 -9 0.35 32
1 18 2 -9 0.87 42
1 36 1 -9 0.63 39
2 321 1 -9 0.4 31
2 726 1 2 0.36 31
2 743 2 -9 0.5 35
2 361 2 2 0.34 30
1 201 1 6 0.81 39
2 618 1 -9 0.19 26
2 607 1 -9 0.33 33
2 573 1 -9 0.78 42
2 617 2 -9 0.43 36
2 655 1 -9 0.34 32
2 647 2 -9 0.43 32
2 647 1 -9 0.43 35
2 471 1 -9 0.99 43
2 433 2 -9 0.3 22
1 129 2 -9 0.45 36
1 75 1 10 0.68 42
1 81 2 6 0.64 40
1 54 2 2 0.15 25
1 236 1 -9 0.7 40
1 238 2 -9 0.85 42
1 139 2 -9 0.91 42
2 515 1 -9 0.45 32
2 384 2 2 0.4 30
2 738 2 -9 0.52 34
2 766 2 -9 0.51 38
2 784 1 -9 0.8 46
2 574 2 -9 0.84 41
2 548 2 -9 0.39 32
2 547 2 -9 0.69 39
2 560 1 -9 0.81 41
2 653 1 2 0.33 30
2 440 2 -9 0.4 31
2 476 2 -9 0.75 39
2 449 1 -9 0.55 36
1 80 2 -9 0.66 39
1 88 1 6 0.71 41
2 686 2 -9 0.73 41
2 325 2 -9 0.75 37
1 279 1 3 0.4 33
1 12 1 5 0.96 45
1 233 2 3 0.55 34
1 157 2 -9 0.38 33
2 523 1 3 0.14 24
2 485 2 3 0.48 34
2 514 1 -9 0.33 29
2 359 1 -9 0.86 43
1 204 2 6 0.63 40
1 204 1 9 0.69 43
1 195 2 -9 0.45 34
1 213 1 2 0.13 25
1 177 2 -9 0.91 41
2 290 1 -9 0.42 32
1 4 1 -9 0.6 35
2 575 2 -9 0.81 41
2 469 1 -9 0.29 29
2 458 1 -9 0.34 31
2 436 2 5 0.55 37
2 430 2 -9 0.4 31
2 401 2 -9 0.7 40
2 316 1 -9 0.54 37
1 76 2 -9 0.49 35
1 109 2 -9 0.74 40
2 684 2 -9 0.53 38
2 701 2 -9 0.74 43
1 22 2 5 0.77 41
2 507 2 -9 0.38 30
2 368 2 -9 0.56 37
1 193 2 3 0.69 39
2 369 2 4 0.52 34
2 771 2 -9 0.3 31
2 787 2 -9 0.58 35
2 618 2 -9 0.31 29
2 578 1 -9 0.62 39
2 614 1 -9 0.27 28
2 459 1 -9 0.66 38
2 472 2 -9 0.46 33
2 303 1 -9 0.75 41
2 301 2 -9 0.9 43
2 318 2 -9 0.87 42
1 110 1 -9 0.72 40
1 70 2 -9 0.77 40
2 711 2 5 0.42 37
1 276 2 -9 0.65 37
1 281 1 3 0.25 30
1 18 1 6 0.68 41
1 56 2 -9 1.01 43
1 38 1 -9 0.67 41
1 243 1 -9 0.15 25
1 243 1 -9 0.25 32
1 222 2 4 0.8 39
1 145 1 -9 0.68 41
1 140 2 -9 0.72 40
2 375 1 3 0.42 34
2 340 1 -9 0.36 31
2 389 1 -9 0.28 29
2 341 1 3 0.45 33
2 379 2 -9 0.88 41
1 209 2 -9 0.56 35
3 530 2 -9 0.68 36
1 202 2 3 0.41 33
2 781 2 -9 0.83 39
2 777 2 -9 0.73 41
2 767 2 -9 0.3 30
1 182 1 -9 0.15 26
2 580 2 -9 0.88 43
2 602 1 -9 0.17 25
2 647 2 -9 0.49 33
2 557 2 -9 0.5 34
2 629 2 2 0.48 33
2 639 1 3 0.59 38
2 669 1 5 0.92 41
2 432 1 -9 0.35 30
2 315 1 -9 0.8 44
2 305 1 -9 0.46 33
2 304 2 -9 0.74 41
1 91 2 -9 0.84 40
1 104 1 -9 0.76 41
2 719 2 -9 0.23 28
1 256 2 2 0.45 33
1 35 1 6 0.83 43
1 29 2 -9 0.54 35
1 237 2 -9 0.5 34
1 215 1 6 0.8 44
1 143 2 -9 0.94 44
2 331 1 -9 0.8 45
2 735 2 3 0.57 35
2 513 2 -9 0.83 38
2 725 1 2 0.46 33
2 359 2 -9 0.82 42
2 365 2 -9 0.84 42
1 205 1 -9 0.65 41
1 208 1 3 0.25 30
2 582 2 -9 0.79 41
2 613 1 -9 0.44 34
2 648 1 -9 0.45 34
2 646 1 3 0.68 41
2 533 2 -9 0.69 38
2 657 2 3 0.62 34
2 554 2 -9 0.34 30
1 94 2 -9 0.65 39
1 133 1 -9 0.46 36
1 279 2 -9 0.15 26
1 37 2 -9 0.35 31
1 59 2 -9 0.94 44
1 21 2 7 0.68 39
1 245 1 -9 0.35 36
1 231 1 -9 0.25 31
1 144 1 -9 0.82 42
1 142 1 -9 0.2 27
2 489 1 -9 0.93 43
2 504 2 -9 0.4 31
2 506 1 -9 0.47 34
2 748 1 -9 0.32 32
2 373 2 -9 0.38 33
2 381 1 -9 0.34 30
1 195 2 -9 0.75 39
2 349 1 7 0.56 37
1 187 1 3 -9 36
2 777 2 -9 0.45 33
2 641 1 -9 0.42 34
2 670 1 2 0.33 31
2 555 2 -9 0.36 30
2 653 2 -9 0.33 30
2 622 2 -9 0.2 27
2 556 2 -9 0.55 35
2 479 2 -9 0.49 32
2 444 2 -9 0.48 35
1 101 1 6 0.8 42
1 10 1 3 0.71 39
2 678 2 2 0.4 33
2 701 1 2 0.32 30
1 263 2 -9 0.95 42
1 241 2 -9 0.1 25
1 223 1 -9 0.45 37
1 232 2 -9 0.45 33
1 226 1 -9 0.4 35
2 502 2 -9 0.26 28
2 521 2 -9 0.38 30
2 746 1 -9 0.68 39
2 752 1 2 0.44 33
2 342 2 -9 0.54 36
1 189 2 -9 0.8 42
2 363 2 3 0.55 36
1 202 1 -9 0.5 36
2 768 2 -9 0.36 30
2 767 2 -9 0.5 33
3 527 2 -9 0.68 35
2 583 1 -9 0.43 36
2 589 2 -9 0.23 27
2 455 1 -9 0.87 43
2 478 2 -9 1.04 40
2 441 2 -9 0.57 36
2 461 1 -9 0.71 42
2 436 1 -9 0.34 32
2 408 2 -9 0.35 30
2 688 2 -9 0.77 39
2 325 2 -9 0.81 39
1 277 2 -9 0.4 33
1 244 1 2 0.15 25
1 246 2 -9 0.15 26
2 333 2 -9 0.24 28
2 733 2 -9 0.42 34
2 729 1 3 0.62 38
2 757 1 -9 0.32 29
2 757 2 3 0.66 37
2 378 1 -9 1.14 44
2 374 2 -9 0.44 31
1 209 1 -9 0.42 32
2 741 1 -9 0.5 36
1 8 2 -9 0.17 27
1 4 2 3 0.7 37
2 594 2 -9 0.65 37
2 547 2 -9 0.4 32
2 645 2 -9 0.5 35
2 634 2 3 0.5 34
2 446 2 -9 0.87 40
2 447 2 -9 0.54 36
2 398 1 2 0.35 32
2 424 2 -9 0.5 34
2 328 2 -9 0.81 42
1 83 2 -9 0.35 31
1 111 1 8 0.78 41
2 720 1 2 0.54 35
1 257 1 6 0.95 47
1 39 1 -9 0.38 35
1 23 2 -9 0.18 26
1 236 2 6 0.8 39
2 515 1 -9 0.35 31
2 496 2 -9 0.81 40
2 764 2 -9 0.7 34
2 338 1 -9 0.32 29
3 530 2 -9 0.68 36
1 206 1 4 0.59 38
2 772 2 -9 0.74 40
2 775 2 -9 0.53 34
2 605 2 -9 0.28 29
2 600 2 -9 0.25 29
2 567 2 -9 0.81 40
2 558 1 -9 0.8 41
2 633 2 -9 0.62 36
2 674 2 1 0.23 28
2 436 1 2 0.4 32
2 435 2 -9 0.5 34
1 88 1 -9 0.66 40
1 11 2 -9 0.76 39
2 688 2 -9 0.55 36
1 264 2 5 0.65 38
1 224 1 -9 0.6 38
1 222 1 -9 0.75 41
1 139 1 -9 0.68 40
1 143 2 6 0.98 41
2 482 1 -9 0.88 45
2 510 2 -9 1.36 44
2 504 1 -9 0.39 33
2 731 2 -9 0.72 40
1 188 1 -9 0.68 42
1 200 1 -9 0.39 33
2 780 2 -9 0.8 42
1 161 2 2 0.35 32
2 296 1 -9 0.66 40
2 611 1 -9 0.23 27
2 576 2 -9 0.8 42
2 642 2 -9 0.5 35
2 560 2 -9 0.43 33
2 453 2 -9 0.72 38
2 459 2 -9 0.85 41
2 432 2 -9 0.67 38
2 424 2 -9 0.88 42
2 312 1 -9 0.32 30
1 76 2 3 0.48 35
1 132 2 -9 0.51 36
1 90 2 6 0.62 38
1 75 1 -9 0.67 42
1 123 1 3 0.36 33
2 689 2 -9 0.71 41
1 58 2 8 0.8 43
1 46 1 -9 0.64 41
2 519 2 5 0.7 41
2 759 2 -9 0.58 38
2 495 2 -9 1.3 45
2 500 2 -9 0.57 36
2 338 2 -9 0.56 36
2 745 1 3 0.44 36
2 371 1 -9 0.54 36
2 774 1 -9 0.33 31
2 774 2 -9 0.48 36
1 283 2 -9 0.8 40
1 184 2 -9 0.36 33
2 291 1 3 0.66 35
2 614 2 -9 0.32 30
2 635 2 3 0.54 40
2 439 2 -9 0.49 34
2 414 2 -9 0.7 39
2 433 1 -9 0.25 28
2 320 1 -9 0.68 41
1 118 2 2 0.24 28
1 116 2 -9 0.49 35
1 267 2 -9 0.85 42
1 34 2 4 0.59 37
1 42 2 -9 0.68 40
1 53 1 -9 0.21 29
1 44 1 -9 0.69 41
1 31 2 6 0.62 40
1 47 1 -9 0.55 39
1 247 1 -9 0.15 26
1 249 1 -9 0.87 42
2 724 2 3 0.72 39
2 722 1 2 0.49 34
2 730 1 -9 0.56 37
2 374 2 -9 0.42 33
1 191 1 6 0.55 38
1 191 1 -9 0.7 43
2 357 2 3 0.7 38
3 528 2 -9 0.96 40
1 175 2 9 0.89 43
1 173 1 -9 0.2 28
2 604 2 -9 0.3 29
2 624 2 -9 0.4 32
2 664 1 -9 0.8 41
2 552 2 -9 0.79 39
2 656 2 2 0.42 33
2 549 1 -9 0.36 31
2 457 1 -9 0.74 40
2 564 1 -9 0.55 36
2 415 2 -9 0.87 42
1 71 1 3 0.52 37
1 74 2 -9 0.64 38
1 93 1 3 0.35 33
1 258 1 -9 0.2 27
1 280 2 -9 0.1 23
1 260 2 -9 0.85 41
1 43 1 -9 0.67 41
2 489 1 -9 0.44 33
2 509 2 -9 0.38 31
2 505 2 2 0.32 31
2 483 2 3 0.62 38
2 746 2 -9 0.38 30
2 497 2 3 0.5 36
2 359 2 -9 0.38 31
2 738 1 2 0.36 30
2 377 2 -9 0.3 31
2 335 2 -9 0.96 39
1 208 1 -9 0.5 36
2 798 1 -9 0.3 31
2 774 1 -9 0.56 37
2 785 1 -9 0.64 41
2 790 1 -9 0.35 32
1 1 2 2 0.4 34
1 285 1 9 1.24 46
2 618 2 -9 0.24 29
2 615 2 -9 0.21 28
2 532 2 -9 0.58 35
2 567 2 -9 0.33 31
2 651 1 6 0.62 39
2 676 1 4 0.6 39
2 669 2 -9 0.38 30
2 439 2 -9 0.37 31
2 410 2 -9 0.6 40
2 414 1 6 0.7 42
1 91 1 -9 0.83 42
1 106 2 5 0.82 39
2 691 2 -9 0.72 38
2 679 2 -9 0.49 34
2 711 1 -9 0.31 31
2 697 2 -9 0.66 42
2 716 2 -9 0.26 28
1 26 1 -9 0.89 42
1 19 2 -9 0.77 42
1 33 1 -9 0.71 42
1 38 2 -9 0.73 40
1 244 1 -9 0.2 28
1 238 2 2 0.2 28
1 137 1 6 0.92 43
2 722 2 2 0.38 32
2 519 2 -9 0.94 43
2 396 1 2 0.28 29
2 343 2 -9 0.36 31
2 393 1 -9 0.3 29
2 364 2 -9 0.56 37
1 186 1 6 0.9 43
1 199 2 5 1 41
1 207 1 -9 0.5 36
2 770 1 -9 0.55 37
2 802 1 -9 0.25 30
2 785 2 -9 0.64 36
1 162 1 3 0.62 36
1 183 2 5 0.31 33
2 643 1 -9 0.54 39
2 659 1 -9 0.5 35
2 449 2 -9 0.89 42
2 406 2 -9 0.45 32
2 308 1 -9 0.52 35
2 309 2 -9 0.8 41
1 84 2 -9 0.53 36
1 69 2 -9 0.32 31
1 105 1 -9 0.8 43
2 680 1 -9 0.69 41
1 52 2 3 0.53 35
1 29 2 7 0.88 42
1 221 1 3 0.4 34
1 237 1 6 0.8 41
1 158 1 -9 0.54 36
2 485 1 3 0.7 40
2 388 2 -9 0.38 30
2 363 1 3 0.41 32
2 350 2 -9 0.44 33
2 799 1 -9 0.41 34
1 206 2 -9 0.74 38
1 181 1 -9 0.37 32
2 292 2 3 0.42 32
2 624 2 -9 0.4 36
2 479 1 -9 0.34 30
2 437 2 -9 0.38 30
2 431 2 -9 0.7 41
2 306 1 -9 0.44 35
1 270 1 6 0.55 39
1 221 2 4 0.4 34
1 247 2 -9 0.2 27
2 333 2 -9 0.23 27
2 491 1 -9 0.3 28
2 731 1 5 0.56 38
2 753 2 -9 0.36 40
2 375 1 -9 0.4 33
2 386 2 -9 0.5 35
1 191 2 4 0.85 41
2 771 2 -9 0.35 33
2 781 1 -9 0.64 38
2 782 2 -9 0.4 31
1 4 1 -9 0.7 40
2 583 1 -9 0.27 29
2 600 2 -9 0.18 25
2 601 2 -9 0.24 28
2 655 1 -9 0.7 37
2 668 1 -9 0.91 43
2 446 2 -9 0.48 36
2 404 2 -9 0.7 40
2 404 2 -9 0.7 41
1 94 1 8 0.8 43
2 686 1 -9 0.31 32
1 26 2 -9 0.64 38
1 154 2 -9 0.52 35
1 143 1 -9 0.56 36
2 509 2 -9 0.19 26
2 510 2 -9 1.05 43
2 518 1 -9 0.27 28
2 385 2 -9 0.24 28
2 386 1 -9 0.3 29
2 376 2 7 0.96 42
1 202 1 -9 0.8 41
2 371 2 -9 0.6 39
2 781 1 -9 0.37 33
1 165 1 -9 0.43 33
1 169 2 7 0.66 38
1 286 2 -9 0.8 41
2 575 2 -9 0.52 37
2 581 2 -9 0.75 40
2 561 1 -9 0.4 33
2 567 2 -9 0.88 43
2 674 1 -9 0.28 33
2 436 1 -9 0.32 31
2 419 2 -9 0.3 29
1 66 1 2 0.42 32
1 82 1 -9 0.66 42
1 61 2 6 1.08 43
1 78 2 -9 0.25 29
2 683 2 -9 0.53 36
2 692 2 4 0.67 39
1 275 2 -9 0.4 33
1 270 1 -9 0.3 31
1 58 1 -9 0.25 31
1 144 2 11 0.84 41
1 135 2 3 0.5 34
2 735 2 -9 0.78 39
2 482 1 2 0.36 31
2 746 2 2 0.38 30
2 352 2 -9 0.54 46
2 363 2 3 0.54 35
2 377 2 -9 0.78 39
2 355 2 -9 0.34 30
1 211 1 -9 0.09 24
2 776 2 -9 0.4 32
2 784 2 -9 0.4 32
2 789 1 -9 0.22 26
2 288 2 -9 0.72 37
2 664 2 -9 0.72 37
2 647 1 2 0.31 30
2 473 2 -9 0.43 33
2 397 2 2 0.35 31
2 420 2 -9 0.3 29
2 400 2 -9 0.3 29
2 316 2 -9 0.43 33
1 83 2 3 0.54 35
1 132 2 -9 0.48 36
1 67 1 3 0.39 33
1 92 2 -9 0.76 41
1 88 2 -9 0.96 43
1 9 1 4 0.77 42
1 282 1 -9 0.35 36
1 59 1 -9 0.72 39
1 248 2 -9 0.25 30
1 239 2 -9 0.5 35
1 153 2 -9 0.34 31
1 147 2 -9 0.26 29
2 723 1 2 0.5 32
2 736 2 7 0.72 38
2 497 1 -9 0.61 41
2 338 1 -9 0.36 36
2 348 1 4 0.52 37
2 390 1 -9 0.52 38
2 802 1 -9 0.3 33
1 184 1 5 0.43 37
1 3 1 -9 0.6 41
2 295 2 -9 0.64 37
2 607 1 -9 0.38 35
2 453 1 -9 1.06 44
2 454 1 -9 0.36 33
2 437 2 -9 0.53 35
2 433 1 -9 0.24 27
2 421 2 2 0.3 29
2 399 2 -9 0.85 40
2 311 2 -9 0.46 31
1 126 2 -9 0.21 27
1 81 2 -9 0.45 36
2 683 2 -9 0.77 42
2 705 1 -9 0.84 43
1 273 2 -9 0.65 37
1 281 1 6 0.45 37
1 13 1 9 0.78 45
1 151 2 -9 0.84 42
1 136 2 3 0.58 37
2 332 2 -9 0.35 30
2 345 2 -9 0.24 29
2 356 1 -9 0.28 32
2 772 1 -9 0.5 36
2 295 1 3 0.56 36
1 7 2 -9 0.32 37
2 616 1 -9 0.3 31
2 589 1 -9 0.35 30
2 569 2 -9 0.68 40
2 602 1 -9 0.19 25
2 562 2 -9 0.4 32
2 673 2 -9 0.32 31
2 464 1 -9 0.84 42
1 87 2 -9 0.75 41
1 95 2 -9 0.51 36
2 712 1 -9 0.2 26
1 265 1 -9 0.7 39
1 18 2 -9 0.84 42
1 50 2 -9 0.12 25
1 35 2 -9 0.61 39
1 39 1 -9 0.52 39
1 32 2 3 0.38 33
2 502 2 -9 0.3 30
2 496 2 -9 0.73 41
2 525 2 -9 0.48 33
2 783 1 -9 0.25 28
3 528 2 -9 0.77 36
1 1 1 4 0.7 41
2 596 1 -9 0.19 27
2 623 2 -9 0.45 36
2 477 1 -9 0.96 42
2 672 2 6 0.72 39
2 468 2 -9 0.22 26
1 116 2 -9 0.43 34
2 692 2 -9 0.76 39
2 703 2 -9 0.75 40
2 324 1 -9 0.87 43
1 271 2 -9 0.5 34
1 54 2 -9 0.5 35
1 24 2 -9 0.48 35
1 22 2 -9 0.95 43
3 531 1 -9 1.25 43
1 231 1 4 0.55 38
1 142 2 6 0.64 41
2 729 2 -9 0.72 40
2 374 2 2 0.4 31
2 342 2 -9 0.58 34
2 368 2 6 0.82 41
2 740 2 3 0.9 40
2 779 1 -9 0.78 44
2 792 1 -9 0.5 37
1 176 1 -9 0.56 34
1 287 2 -9 0.74 42
1 285 1 4 0.88 42
2 610 1 -9 0.33 31
2 593 1 -9 0.29 29
2 632 1 3 0.67 37
2 470 2 -9 0.73 41
2 442 2 -9 0.52 35
2 402 1 -9 -9 35
2 408 1 -9 0.45 32
1 63 1 6 0.9 43
1 266 2 -9 0.7 37
1 262 2 -9 0.5 34
1 272 1 7 0.7 40
2 754 2 2 0.46 33
2 494 2 3 0.56 36
2 387 2 -9 0.96 41
2 789 2 -9 0.82 38
2 289 1 -9 0.64 36
2 603 1 -9 0.33 30
2 599 1 -9 0.77 42
2 636 2 -9 0.8 40
2 479 1 -9 0.98 42
2 537 2 -9 0.22 27
2 541 1 -9 0.91 44
2 413 1 6 0.7 42
2 314 2 -9 0.45 32
1 108 2 -9 0.52 36
2 704 1 6 0.84 40
1 272 1 -9 0.75 43
1 225 2 -9 0.9 41
1 149 2 3 0.34 31
2 517 2 -9 0.69 36
2 742 1 -9 0.4 33
2 384 1 -9 0.82 41
2 344 1 2 0.35 30
1 197 2 -9 0.25 30
1 170 1 3 0.48 35
1 172 2 -9 0.54 36
2 579 2 -9 0.69 36
2 569 2 -9 0.88 40
2 586 1 -9 0.68 40
2 548 1 -9 0.38 31
2 646 2 -9 0.26 29
2 546 1 -9 0.31 31
2 466 1 -9 0.78 43
2 461 2 -9 0.39 32
2 413 2 6 0.75 40
2 428 1 8 0.68 41
2 302 1 -9 0.58 36
1 275 1 -9 0.7 42
1 216 1 3 0.6 37
1 140 1 6 0.86 41
2 510 1 3 0.6 35
2 385 1 -9 0.38 32
2 341 2 -9 0.44 36
2 371 2 -9 0.62 38
1 171 1 2 0.26 28
1 171 1 -9 0.38 32
2 576 2 -9 0.77 40
2 580 2 -9 0.77 41
2 665 2 -9 0.62 35
2 548 1 -9 0.42 32
2 648 1 -9 0.44 32
2 650 2 -9 0.25 29
2 439 2 -9 0.63 37
2 543 2 -9 0.57 36
2 406 2 3 0.55 35
2 315 2 -9 0.74 40
1 125 2 3 0.29 30
1 64 2 3 0.55 35
1 92 1 -9 0.84 42
1 10 1 6 0.81 43
2 709 1 -9 0.52 38
1 25 2 -9 0.57 38
1 42 1 -9 0.67 40
1 20 1 -9 0.87 43
1 53 2 -9 0.88 41
1 241 1 -9 0.45 35
1 135 2 3 0.93 39
1 140 2 7 0.72 40
2 481 1 6 0.52 37
2 516 2 2 0.45 32
2 763 2 -9 0.5 37
2 769 2 -9 0.7 37
1 208 1 6 0.66 40
2 795 2 -9 0.34 31
3 529 1 -9 0.27 28
3 528 1 -9 0.72 38
1 181 1 3 0.49 34
1 286 1 -9 0.88 43
2 613 2 -9 1.13 43
2 562 2 -9 0.52 37
2 642 2 -9 0.29 29
2 558 1 -9 0.67 37
2 629 2 2 0.54 35
2 545 1 -9 0.22 27
2 445 1 -9 0.51 34
2 437 2 -9 0.49 32
2 406 2 -9 0.53 34
1 43 2 -9 0.41 33
2 488 2 -9 0.67 36
2 521 2 -9 0.28 29
2 732 2 4 0.66 39
2 747 2 -9 0.5 33
2 757 2 -9 0.42 33
2 799 2 -9 0.64 38
2 617 1 -9 0.13 25
2 665 1 -9 0.46 33
2 539 2 -9 0.57 34
2 308 1 -9 0.56 39
2 313 1 -9 0.68 42
1 79 1 -9 0.77 43
2 693 2 6 0.86 43
2 713 2 3 0.32 32
1 280 2 -9 0.15 25
1 280 2 -9 0.2 27
1 272 2 -9 0.5 35
1 55 2 -9 1.36 45
1 56 1 11 0.7 42
1 33 2 -9 0.71 40
1 158 2 7 0.6 38
2 732 2 3 0.66 38
2 507 2 2 0.44 33
2 728 2 -9 0.62 41
2 359 1 -9 0.62 42
1 194 2 -9 0.52 35
1 207 1 -9 0.64 42
1 182 2 -9 0.2 29
2 594 1 -9 0.54 37
2 585 1 -9 0.63 40
2 651 2 -9 0.31 30
2 660 2 -9 0.24 26
2 464 2 -9 0.41 32
2 412 2 -9 0.65 39
2 299 1 -9 0.56 35
1 74 2 -9 0.56 36
1 90 2 -9 0.71 39
1 77 2 6 0.87 41
2 696 1 -9 0.7 42
2 721 2 2 0.42 31
1 265 1 -9 0.3 32
1 45 1 -9 0.42 34
1 55 2 -9 0.7 38
1 227 2 -9 0.75 39
1 231 1 -9 0.65 37
1 149 1 5 0.42 37
2 490 2 -9 0.33 29
2 760 2 -9 0.44 34
1 198 1 -9 0.75 41
1 205 2 2 0.18 27
2 293 1 -9 0.84 40
1 8 2 -9 0.18 27
2 584 2 -9 0.88 42
2 609 2 -9 0.22 26
2 655 1 -9 0.34 31
2 628 1 2 0.5 37
2 564 2 -9 0.24 28
2 311 1 -9 0.4 32
2 298 2 -9 0.4 32
2 308 2 -9 0.49 34
1 66 1 9 1.34 47
1 107 1 -9 0.73 42
1 99 1 -9 0.71 40
1 60 1 4 0.83 43
1 77 1 -9 0.36 33
1 10 2 6 0.99 44
2 681 1 -9 1.09 44
2 720 2 2 0.51 35
2 716 1 -9 0.25 29
1 258 1 2 0.1 22
1 22 1 -9 0.87 42
1 24 2 -9 0.78 42
2 491 2 3 0.48 33
2 508 2 -9 0.27 29
2 518 2 -9 0.42 33
2 522 2 -9 0.44 32
2 740 2 -9 0.62 37
2 773 1 -9 0.7 42
1 176 1 7 0.67 39
2 621 2 -9 0.27 27
2 574 1 -9 0.77 41
2 552 1 -9 0.27 30
2 638 1 -9 0.5 37
2 477 2 -9 0.33 31
2 431 1 -9 0.36 32
2 299 1 -9 0.79 39
1 85 1 -9 0.52 37
1 71 1 -9 0.26 29
1 133 1 6 0.35 35
1 100 1 2 0.28 29
1 52 2 3 0.47 34
1 19 2 4 0.61 38
2 481 1 -9 0.52 36
2 490 1 -9 0.35 31
2 382 1 -9 0.8 43
1 192 2 -9 0.79 40
2 354 2 -9 0.6 34
3 529 2 -9 1.46 44
1 167 2 -9 0.76 39
2 293 1 -9 0.86 44
2 624 2 -9 0.15 26
2 646 2 -9 0.34 30
2 590 1 -9 0.15 25
2 307 2 -9 0.84 42
2 693 2 -9 0.75 40
2 325 2 -9 0.95 42
2 714 2 -9 0.31 31
1 269 2 -9 0.7 41
1 256 2 6 0.9 42
1 28 2 -9 0.69 42
1 232 2 -9 0.45 33
1 134 1 3 0.6 36
2 742 2 -9 0.68 38
2 336 2 -9 0.46 36
1 188 1 -9 0.71 42
2 357 1 -9 0.54 38
2 798 1 -9 0.5 35
1 207 1 -9 0.49 34
1 170 1 -9 0.28 39
1 1 2 6 1 43
1 2 2 -9 0.7 40
1 5 1 -9 0.8 42
2 575 1 -9 0.5 35
2 652 1 -9 0.64 39
2 637 2 -9 0.6 40
2 436 2 -9 0.19 27
2 419 1 -9 0.26 28
2 328 2 4 0.69 38
1 98 2 -9 0.98 43
2 682 2 3 0.54 37
2 326 2 -9 0.74 39
2 697 2 -9 0.58 39
1 272 1 -9 0.55 37
1 49 1 -9 0.15 27
3 531 2 -9 1.25 43
1 226 2 -9 0.7 38
1 154 2 4 0.78 40
1 147 2 2 0.18 27
2 732 2 -9 0.54 36
1 194 2 -9 1 42
1 197 1 3 0.4 35
2 768 2 -9 0.48 33
2 782 1 -9 0.3 33
1 171 1 2 0.24 28
1 183 1 -9 0.23 29
2 293 1 4 0.66 37
2 595 2 -9 0.21 27
2 556 2 -9 0.29 29
2 439 2 -9 0.46 32
2 417 1 -9 0.39 31
2 416 1 2 0.29 29
2 318 1 -9 0.74 42
1 128 1 -9 0.29 31
1 65 1 3 0.61 38
1 78 1 2 0.26 30
2 679 2 6 0.72 41
2 679 2 -9 0.85 42
2 685 2 5 0.76 42
2 699 1 -9 0.64 41
1 275 2 6 0.7 41
1 226 1 11 0.75 44
1 225 2 -9 0.3 31
2 322 1 -9 0.8 42
1 138 2 -9 0.81 42
2 485 1 -9 0.54 37
2 520 2 -9 0.6 35
2 511 1 3 0.68 37
2 760 1 -9 0.34 30
2 763 1 -9 0.3 28
2 396 2 -9 0.38 31
2 334 2 -9 0.53 36
2 365 2 -9 0.3 30
2 787 2 -9 0.38 31
2 775 2 -9 0.34 30
2 792 2 -9 0.9 40
2 294 1 -9 0.58 35
2 582 2 -9 0.95 42
2 584 2 -9 0.71 39
2 599 1 -9 0.21 27
2 664 1 2 0.34 30
2 643 2 -9 0.42 34
2 538 1 -9 0.85 43
2 452 1 -9 0.45 34
2 454 2 -9 0.85 41
2 411 2 -9 0.55 36
1 125 2 -9 0.18 26
1 113 2 -9 0.45 34
1 118 1 -9 0.63 37
1 11 1 -9 0.56 38
1 48 1 -9 0.52 36
1 52 2 -9 0.87 42
1 38 2 4 0.71 40
1 219 1 2 0.15 26
1 158 2 -9 0.88 42
2 492 2 -9 0.41 31
2 480 1 2 0.43 34
2 389 2 -9 0.34 31
3 530 2 -9 0.93 39
2 370 2 -9 0.62 36
1 161 2 -9 0.4 31
1 2 1 2 0.19 26
1 6 2 -9 0.64 37
2 618 1 -9 0.32 30
2 565 1 -9 0.47 35
2 572 2 -9 0.69 39
2 644 2 2 0.3 30
2 312 2 -9 0.5 34
1 86 1 -9 0.69 41
1 102 1 -9 0.76 42
2 694 2 1 0.26 28
2 699 2 -9 0.65 38
2 719 1 -9 0.2 26
1 41 1 -9 0.65 40
1 52 2 -9 0.76 41
1 47 1 6 0.71 42
1 142 2 -9 0.92 43
2 726 1 -9 0.38 31
2 756 2 -9 0.48 34
2 797 2 -9 0.49 37
1 179 2 -9 0.35 32
2 607 1 -9 0.27 30
2 605 2 -9 0.59 36
2 585 2 -9 0.54 35
2 615 1 -9 0.22 29
2 675 2 1 0.26 28
2 478 2 -9 0.55 37
2 450 2 -9 0.36 30
2 457 1 -9 0.36 32
2 470 2 -9 0.45 33
2 442 1 -9 0.5 35
2 446 2 -9 0.66 37
2 476 1 -9 0.35 33
2 458 2 -9 0.74 38
2 564 1 -9 0.43 34
2 429 2 -9 0.35 30
2 317 2 -9 0.76 40
1 64 2 3 0.6 37
1 68 1 -9 0.64 40
1 122 1 -9 0.4 33
2 705 1 -9 0.7 41
1 276 1 -9 0.4 33
1 262 2 3 0.55 34
1 25 2 -9 0.66 41
1 45 1 6 0.63 41
1 31 2 -9 0.9 41
1 247 2 3 0.35 33
1 218 2 2 0.25 28
1 235 1 -9 0.75 43
1 230 2 -9 0.55 35
1 136 1 3 0.62 36
2 733 2 -9 0.77 39
2 516 1 -9 0.74 43
2 769 2 -9 0.55 38
2 366 1 -9 0.5 36
1 192 2 6 0.9 42
1 196 2 -9 0.79 41
1 177 1 6 0.81 42
2 568 2 -9 0.78 41
2 666 1 -9 0.78 39
2 659 2 6 0.7 40
2 672 2 -9 0.52 35
2 471 1 -9 0.37 31
2 441 1 -9 0.3 31
2 415 2 3 0.46 35
2 445 1 -9 0.34 32
2 423 2 2 0.4 32
1 118 2 -9 0.73 42
1 105 1 -9 0.77 42
2 696 2 9 0.79 43
1 20 2 5 0.78 43
1 225 1 -9 0.55 40
2 724 2 2 0.6 37
2 526 1 -9 0.41 32
2 497 1 -9 0.52 36
2 352 1 -9 0.4 44
2 390 2 -9 0.34 31
1 199 2 -9 0.82 41
1 199 2 4 0.54 35
1 212 1 -9 0.22 28
1 3 1 -9 0.3 31
2 619 1 -9 0.16 25
2 588 2 -9 0.58 38
2 577 2 -9 0.72 39
2 660 1 3 0.3 30
2 623 1 -9 0.37 35
2 542 2 -9 0.45 34
2 427 2 6 0.9 42
1 133 1 -9 0.45 35
1 103 1 6 0.72 41
1 122 1 6 0.42 37
1 119 2 3 0.43 35
2 708 1 -9 0.77 43
1 257 1 -9 0.75 41
1 270 1 -9 0.55 38
1 41 1 4 0.49 35
1 43 1 8 0.78 45
1 53 2 -9 0.58 37
1 29 2 -9 0.58 36
1 227 1 -9 0.65 41
1 236 1 2 0.2 28
1 138 2 -9 0.68 40
1 135 2 2 0.38 33
2 500 2 -9 0.73 40
2 737 2 -9 0.44 35
2 361 1 -9 0.44 34
1 192 2 -9 0.93 41
2 568 2 -9 0.69 39
2 553 1 -9 0.43 33
2 640 1 -9 0.6 39
2 668 2 -9 0.7 37
2 536 2 -9 0.69 38
1 70 2 -9 0.74 40
1 112 1 3 0.5 34
2 708 2 3 0.44 33
1 27 2 -9 0.85 43
1 46 2 6 0.72 40
2 480 2 2 0.42 33
2 394 1 -9 0.56 39
1 188 2 9 0.63 41
2 799 2 -9 0.37 32
2 795 1 -9 0.26 28
2 292 1 -9 0.44 34
2 289 2 -9 0.68 37
1 4 2 2 0.3 30
1 6 1 3 0.41 33
2 587 2 -9 0.54 40
2 577 2 -9 0.64 40
1 61 2 6 0.99 43
1 92 1 -9 0.52 35
1 88 1 -9 0.63 42
2 691 2 -9 0.59 35
2 325 2 -9 0.64 37
2 710 1 -9 0.69 38
1 262 2 -9 0.7 39
1 30 1 -9 0.44 34
1 30 2 6 0.7 41
1 221 1 -9 0.6 38
1 220 1 -9 0.4 31
1 241 1 -9 0.2 28
1 244 1 3 0.2 30
1 156 2 -9 0.38 32
1 157 1 -9 0.68 42
2 747 2 3 0.4 32
2 748 2 -9 0.48 34
2 380 2 -9 0.4 29
1 204 1 4 0.55 38
2 744 2 -9 0.48 34
2 794 1 -9 0.2 29
2 561 1 -9 0.85 43
2 654 2 -9 0.4 33
2 673 1 2 0.34 29
2 545 2 -9 0.27 30
2 563 2 -9 0.4 32
2 452 2 -9 0.45 32
2 434 2 -9 0.65 37
1 89 1 -9 0.54 38
1 119 2 -9 0.18 27
2 710 1 -9 0.68 39
1 273 1 7 0.8 42
1 257 2 3 0.55 37
1 25 2 6 0.63 39
1 16 2 -9 0.85 42
1 217 2 2 0.3 33
1 146 2 -9 0.82 41
1 155 2 -9 0.24 30
2 492 2 -9 0.39 31
2 515 2 -9 0.44 32
2 376 2 2 0.34 31
2 347 2 -9 0.66 38
2 744 1 -9 0.54 34
2 783 2 -9 0.37 32
2 779 1 -9 0.58 37
2 789 2 -9 0.95 42
1 173 2 3 0.45 34
1 183 1 -9 0.2 27
1 182 1 -9 0.3 30
2 578 1 -9 0.55 41
2 614 2 -9 0.2 27
2 649 2 -9 0.42 31
2 550 1 -9 0.45 33
2 443 2 -9 0.68 39
2 306 2 -9 0.76 41
2 329 1 -9 0.76 42
1 101 2 -9 1.03 43
1 124 2 6 0.32 34
2 711 2 3 0.5 34
2 719 1 2 0.2 27
2 324 1 -9 1.3 46
1 271 1 5 0.45 36
1 54 1 -9 0.6 38
1 219 2 -9 0.1 24
1 251 2 5 0.78 42
2 480 2 2 0.32 29
2 391 1 -9 0.4 30
2 353 2 6 0.5 44
2 381 1 -9 0.26 28
2 803 2 -9 0.42 31
2 779 2 -9 0.83 41
2 782 1 -9 0.5 38
1 173 2 -9 0.48 33
1 284 2 -9 1.06 43
2 568 2 -9 0.79 40
2 573 2 -9 0.6 40
2 625 2 -9 0.23 27
2 645 1 4 0.5 36
2 474 1 -9 0.3 30
2 541 2 -9 0.41 35
2 438 2 -9 0.99 46
2 444 2 -9 0.84 42
2 436 1 -9 0.3 30
2 543 2 -9 0.36 31
1 64 1 7 0.87 44
1 90 1 -9 0.67 41
1 98 2 3 0.52 35
1 121 2 -9 0.27 29
2 511 2 3 1.03 40
2 494 1 -9 0.56 38
2 524 1 -9 0.49 37
2 736 2 -9 0.48 32
2 385 2 -9 0.34 21
2 345 1 4 0.51 37
2 765 2 -9 0.7 37
2 379 1 3 0.4 34
2 337 2 -9 0.58 37
1 195 2 -9 0.8 42
1 214 1 -9 0.15 28
1 196 2 -9 0.72 40
2 772 1 -9 0.61 38
1 284 1 3 0.52 35
2 604 2 -9 0.35 30
2 571 2 -9 0.58 38
2 565 1 -9 0.39 34
2 473 2 -9 0.36 31
2 434 2 -9 0.5 33
2 299 2 -9 0.44 32
2 305 2 -9 0.52 34
1 109 1 -9 0.76 43
1 62 2 3 0.72 38
1 9 1 3 0.52 35
1 48 1 -9 0.7 41
1 23 2 6 0.7 40
1 233 1 -9 0.35 31
1 245 2 -9 0.25 29
1 235 1 7 0.85 43
2 516 2 -9 0.43 30
2 506 2 -9 0.33 30
2 493 1 -9 0.42 36
2 498 1 -9 0.41 33
2 522 2 3 0.34 30
2 728 2 -9 0.66 42
2 383 2 -9 0.56 34
1 209 1 3 0.73 39
2 355 2 -9 0.54 32
2 741 2 3 0.36 29
1 187 1 3 -9 41
2 799 1 -9 0.29 29
2 790 1 -9 0.5 33
1 167 2 -9 0.62 40
2 579 2 -9 0.71 39
2 641 2 2 0.3 30
2 590 1 -9 0.36 31
2 462 2 -9 1.13 42
2 429 2 -9 0.53 36
2 409 2 -9 0.4 32
2 320 2 -9 0.71 40
1 128 2 -9 0.43 35
1 246 2 -9 0.15 26
1 143 1 -9 0.18 26
2 518 2 -9 0.3 29
2 499 1 -9 0.61 39
2 367 1 -9 0.5 35
2 364 1 -9 0.64 34
2 354 2 3 0.54 35
1 170 2 -9 0.53 36
2 611 2 -9 0.28 29
2 612 1 -9 0.27 30
2 594 1 -9 0.35 31
2 597 1 -9 0.2 27
2 597 1 -9 0.21 27
2 574 2 -9 0.5 35
2 669 2 -9 0.24 27
2 475 2 -9 0.34 31
2 463 2 -9 0.29 29
2 434 2 -9 0.5 37
1 66 1 3 0.37 36
1 70 2 3 0.53 36
1 74 2 6 0.75 41
1 102 2 6 0.99 43
1 122 2 -9 0.6 36
2 702 1 2 0.34 32
2 715 1 1 0.3 29
1 282 2 -9 0.15 26
1 242 1 2 0.05 24
1 216 2 3 0.6 36
2 323 1 -9 0.5 35
2 723 2 2 0.4 31
2 734 1 -9 0.48 37
2 752 2 -9 0.58 35
2 742 1 3 0.38 34
2 759 2 -9 0.42 33
1 198 1 -9 0.4 33
1 213 1 -9 0.15 27
3 527 2 -9 0.63 35
1 7 1 -9 0.22 27
2 581 2 -9 0.96 44
2 621 2 -9 0.41 32
2 596 2 -9 0.23 27
2 559 2 -9 0.7 38
2 478 1 -9 0.34 30
2 453 2 -9 0.57 34
2 476 2 -9 0.35 30
2 536 2 -9 0.59 36
2 401 1 -9 0.44 32
2 303 1 -9 0.63 40
2 306 2 -9 0.9 42
2 315 1 -9 0.58 37
1 110 1 6 0.86 43
1 69 2 -9 0.66 38
1 102 2 -9 0.38 32
2 692 2 -9 0.39 32
2 698 1 -9 0.5 36
2 698 2 6 0.91 42
2 704 1 3 0.59 39
2 716 1 2 0.22 27
1 281 2 -9 0.4 34
1 32 1 -9 0.66 41
2 486 2 -9 0.29 30
2 725 1 -9 0.36 30
2 519 1 2 0.34 32
2 760 1 1 0.24 29
2 394 1 -9 0.4 33
2 370 1 -9 0.64 40
2 370 2 4 0.76 40
2 803 2 -9 0.37 29
2 770 2 -9 0.51 35
1 169 2 -9 0.75 40
1 7 2 2 0.25 28
1 5 1 3 0.55 35
2 592 2 -9 0.25 29
2 588 2 -9 0.35 30
2 555 2 -9 0.53 33
2 532 2 -9 0.55 32
2 452 2 -9 0.38 31
2 441 2 -9 0.22 27
2 411 1 -9 0.88 44
2 434 2 -9 0.4 32
2 434 1 4 0.54 37
2 428 1 -9 0.7 40
2 426 1 6 0.78 44
1 68 1 3 0.36 34
1 69 1 4 0.67 40
1 271 1 5 0.65 40
1 22 2 -9 0.26 29
1 37 1 3 0.47 34
1 232 1 -9 0.25 29
2 321 2 -9 0.7 39
2 515 2 2 0.37 30
2 755 1 2 0.4 33
2 611 1 -9 0.33 31
2 651 1 8 0.74 43
2 644 2 -9 0.5 33
2 479 2 -9 0.28 28
2 420 1 6 0.85 41
2 418 2 -9 0.3 31
2 311 2 -9 0.42 32
2 298 1 -9 0.44 33
1 66 1 6 0.85 44
1 113 1 7 0.91 42
1 126 2 -9 0.14 25
2 708 1 -9 0.95 44
2 719 2 -9 0.22 27
1 35 2 -9 0.5 37
2 509 2 6 0.98 41
2 506 2 -9 0.36 30
2 787 1 -9 0.57 36
2 803 2 -9 0.64 39
2 779 1 -9 0.44 35
1 168 1 -9 0.73 43
1 3 1 -9 0.7 41
1 8 1 -9 0.19 28
2 665 1 -9 0.43 31
2 642 2 -9 0.22 28
2 660 2 2 0.34 29
2 450 1 -9 0.67 41
2 466 1 -9 0.74 40
2 426 2 -9 0.65 36
1 127 2 -9 0.45 34
1 97 2 -9 0.57 37
1 102 1 -9 0.76 42
1 60 1 3 0.49 35
1 60 1 6 1.08 45
1 280 1 4 0.4 34
1 49 1 -9 0.2 28
1 229 2 5 0.75 40
2 723 1 2 0.59 35
2 503 1 -9 0.25 29
2 732 1 -9 0.64 39
2 495 1 3 0.61 37
2 497 2 -9 0.8 41
2 761 1 4 0.48 35
2 381 1 3 0.58 36
2 349 2 -9 0.8 41
2 740 2 -9 0.34 31
1 202 1 -9 0.68 41
2 774 2 -9 0.73 39
2 793 2 -9 1 40
2 288 2 -9 0.92 43
2 289 1 -9 0.88 42
2 606 2 -9 0.61 37
2 590 1 -9 0.19 27
2 451 1 -9 0.55 37
2 423 2 4 0.71 36
2 429 2 -9 0.32 30
2 408 1 3 0.4 33
2 309 2 -9 0.49 35
1 82 2 -9 0.52 37
1 91 2 -9 0.54 36
1 80 2 -9 0.83 43
1 111 1 -9 0.76 42
2 682 2 -9 0.48 34
1 16 2 -9 0.57 37
1 230 1 -9 0.55 35
1 153 1 -9 0.47 36
1 135 1 6 0.88 44
1 145 2 -9 0.22 27
2 492 1 6 0.85 42
2 392 2 -9 0.3 28
1 195 1 -9 0.2 29
1 210 2 -9 0.81 42
2 792 2 -9 0.6 35
2 780 2 -9 0.3 32
2 785 2 -9 0.33 30
1 175 1 2 0.3 29
1 166 2 -9 0.7 38
1 283 1 -9 0.76 42
2 293 2 -9 0.64 35
1 5 1 6 0.65 38
2 584 2 -9 0.81 42
2 570 2 -9 0.53 36
2 663 2 -9 0.2 24
2 625 1 -9 0.23 28
2 642 2 3 0.38 33
2 638 2 -9 0.62 37
2 465 1 -9 0.83 42
2 442 2 -9 0.5 34
2 540 2 -9 0.53 34
1 63 2 3 0.65 37
2 700 2 -9 0.91 42
2 707 2 -9 0.85 40
2 711 2 -9 0.37 32
1 271 2 -9 0.7 39
1 34 1 -9 0.73 43
3 531 1 -9 1 39
1 141 2 -9 0.68 38
1 134 1 3 0.49 34
2 481 2 -9 0.52 34
2 739 2 -9 0.7 38
2 754 1 3 0.48 34
2 739 2 3 0.48 32
2 392 2 -9 0.32 29
2 357 2 -9 0.38 31
2 335 1 -9 0.86 43
2 745 1 -9 0.52 37
1 185 2 3 0.62 36
1 205 1 3 0.43 35
1 1 1 3 0.5 36
2 588 1 -9 0.21 27
2 593 2 -9 0.31 29
2 661 2 -9 0.48 34
2 649 2 -9 0.32 29
2 310 2 -9 0.43 32
2 328 1 -9 0.62 40
1 84 2 -9 0.42 32
1 97 2 5 0.64 38
1 86 2 -9 0.82 41
1 130 1 6 0.42 36
2 700 2 2 0.38 31
2 720 2 3 0.49 35
1 277 2 -9 0.4 33
1 13 1 6 1 45
1 244 2 -9 0.1 24
2 322 1 -9 0.6 40
2 508 2 -9 0.43 31
2 486 2 2 0.46 31
2 512 2 -9 1.27 43
2 504 1 -9 0.33 30
2 727 1 -9 0.32 29
2 496 2 6 0.78 41
2 335 2 -9 0.68 37
1 210 2 -9 0.83 40
2 776 2 -9 0.3 33
1 175 1 -9 0.43 32
1 169 2 -9 0.7 40
2 609 2 -9 0.46 37
2 610 2 -9 0.22 26
2 587 2 -9 0.55 39
2 677 1 -9 0.42 32
2 633 2 -9 0.6 38
2 675 1 -9 0.4 31
2 467 1 -9 0.37 34
2 434 2 5 0.35 33
2 540 2 -9 0.5 33
2 310 1 -9 0.42 32
1 82 2 3 0.42 33
1 65 1 3 0.59 36
1 90 2 -9 0.6 38
1 80 1 -9 0.39 33
1 113 2 -9 0.84 41
1 104 1 -9 0.8 42
1 11 1 6 0.88 44
2 712 2 -9 0.27 28
1 13 2 4 0.85 42
1 50 2 3 0.45 34
1 248 2 -9 0.25 30
1 137 2 3 0.56 34
2 735 2 -9 0.78 40
2 513 2 -9 0.68 36
2 494 2 2 0.39 31
1 187 2 3 -9 40
1 197 1 -9 0.45 34
1 6 2 -9 0.85 42
2 667 2 2 0.52 32
2 667 2 -9 0.62 35
2 657 1 -9 0.36 31
2 473 2 -9 0.61 37
2 543 1 -9 0.38 33
2 406 2 -9 0.4 30
2 304 1 -9 0.51 36
1 131 2 -9 0.44 34
2 688 2 3 0.51 35
2 702 2 -9 0.59 37
1 273 1 4 0.6 38
1 261 1 -9 0.4 34
1 51 2 -9 0.48 37
1 38 2 5 0.51 35
1 224 1 3 0.55 37
1 139 2 7 0.88 42
2 524 1 -9 0.52 34
2 743 2 -9 0.72 37
2 739 2 -9 0.44 32
2 495 1 -9 0.72 40
2 755 1 -9 0.54 38
2 373 2 -9 0.48 33
2 367 1 4 0.6 37
2 738 2 -9 0.52 33
2 296 2 4 0.52 35
2 571 2 -9 0.73 39
2 582 1 -9 0.57 40
2 535 2 -9 0.75 38
2 654 2 -9 0.6 36
2 417 1 -9 0.4 32
1 63 1 6 0.92 44
2 686 2 5 0.8 41
2 718 2 2 0.23 28
3 297 1 -9 1.15 42
1 265 1 6 0.7 41
1 36 2 -9 0.75 41
1 43 2 -9 0.55 38
1 57 2 -9 1.01 41
1 228 2 -9 0.7 38
1 240 2 -9 0.35 32
2 323 2 -9 0.7 40
1 252 1 6 0.82 43
2 330 2 -9 0.39 33
2 734 2 3 0.52 35
2 348 1 -9 0.48 35
2 343 1 -9 0.45 33
2 344 1 -9 0.49 35
2 339 2 -9 0.7 39
2 356 2 -9 0.7 37
1 210 2 -9 0.87 40
2 288 2 6 0.96 42
2 588 1 -9 0.38 32
2 612 2 -9 0.31 31
2 558 1 -9 0.4 32
2 639 2 -9 0.71 39
2 478 1 -9 1.12 45
2 460 2 -9 0.81 41
2 414 2 -9 0.7 40
2 425 2 3 0.5 32
2 314 2 -9 0.61 38
2 695 2 -9 0.42 36
1 15 1 6 0.83 45
1 39 2 -9 0.68 40
1 238 1 -9 0.7 42
2 523 2 2 0.32 30
2 523 1 -9 0.26 31
2 727 2 -9 0.48 33
2 762 1 2 0.18 27
2 391 1 -9 0.48 38
2 379 2 -9 0.2 26
2 382 2 -9 0.66 36
2 366 2 -9 0.41 32
1 205 1 -9 0.65 40
3 529 2 -9 0.6 36
1 178 2 -9 0.48 34
1 178 2 6 0.66 41
1 167 1 6 0.67 40
1 168 2 4 0.6 38
2 621 2 -9 0.35 30
2 671 2 -9 0.32 30
2 562 1 -9 0.73 41
2 653 1 -9 0.3 29
2 620 1 -9 0.33 30
2 542 1 -9 0.4 32
2 450 2 -9 0.36 30
2 404 1 6 0.65 41
1 85 1 4 0.45 38
1 114 1 9 0.79 43
1 108 1 -9 0.69 39
1 120 1 -9 0.22 28
2 684 1 6 0.72 42
2 699 2 4 0.81 41
2 717 2 -9 0.16 25
1 263 2 -9 0.5 35
1 17 1 -9 0.78 42
1 247 2 4 0.5 35
2 510 2 -9 0.62 36
2 750 1 2 0.36 29
2 762 2 -9 0.4 31
2 394 2 -9 0.3 31
2 765 2 -9 0.7 36
2 377 1 -9 0.61 41
1 186 1 3 0.49 35
2 778 1 -9 0.4 33
1 179 1 -9 0.61 37
1 161 1 2 0.15 28
2 294 2 3 0.86 39
2 595 2 -9 0.27 28
2 603 1 -9 0.32 31
2 606 2 -9 0.55 37
2 559 2 -9 0.39 31
2 572 2 -9 0.76 42
2 553 2 -9 0.34 31
2 462 2 -9 0.76 37
2 312 2 -9 0.21 26
2 324 1 -9 0.76 38
1 257 2 3 0.5 34
1 51 2 -9 0.44 37
2 355 2 -9 0.58 36
2 801 1 -9 0.46 34
1 206 1 -9 0.6 39
2 766 2 -9 0.45 32
1 180 2 -9 0.48 34
2 648 2 -9 0.44 32
2 636 2 3 0.62 37
2 622 2 -9 0.92 41
2 453 2 -9 0.57 35
2 438 2 -9 0.44 31
2 416 2 -9 0.73 37
2 300 1 -9 0.67 39
1 72 1 3 0.41 33
1 123 1 -9 0.33 32
1 223 1 -9 0.3 31
1 217 1 3 0.5 35
2 723 2 2 0.46 32
2 505 2 3 0.8 39
2 747 2 2 0.38 31
2 758 2 -9 0.78 38
2 367 1 6 0.74 41
1 185 2 2 0.25 29
1 200 1 -9 0.38 33
1 164 2 -9 0.7 40
1 285 2 3 0.46 32
2 569 2 -9 0.51 35
2 601 1 -9 0.32 30
2 534 1 -9 0.7 37
2 567 2 -9 0.37 31
2 542 2 -9 0.58 36
2 454 2 -9 0.18 27
2 467 2 -9 0.32 30
2 459 2 -9 0.96 43
2 423 2 -9 0.33 30
2 313 1 -9 0.32 31
1 67 1 2 0.33 32
1 121 1 -9 0.19 29
1 105 1 -9 0.68 39
2 682 2 -9 0.73 40
1 282 2 -9 0.15 26
1 237 2 -9 0.8 41
1 238 1 -9 0.8 43
2 323 1 -9 0.7 43
2 511 1 -9 0.69 40
2 749 2 -9 0.44 33
2 372 1 -9 0.28 28
2 369 1 -9 0.74 42
2 780 1 -9 0.3 32
2 611 2 -9 0.34 29
2 619 1 -9 0.26 28
2 586 2 -9 0.32 31
2 469 1 -9 0.3 30
1 124 1 -9 0.23 29
2 687 2 3 0.6 37
2 685 2 -9 0.73 39
1 26 2 -9 0.86 41
1 156 2 3 0.32 30
1 150 1 -9 0.54 39
2 736 2 -9 0.46 31
2 757 2 -9 0.7 37
2 361 1 -9 0.9 43
2 345 1 -9 0.4 32
2 386 1 -9 0.58 37
2 741 2 -9 0.38 29
2 292 1 -9 0.62 36
1 3 1 6 0.65 40
2 560 1 -9 0.36 33
2 640 2 -9 0.36 31
2 438 2 -9 0.41 32
2 398 2 2 0.46 33
2 434 2 -9 0.37 31
2 433 1 2 0.27 29
2 427 2 -9 0.4 33
2 319 2 -9 0.84 40
2 302 2 -9 0.72 40
1 65 2 7 0.9 41
1 114 2 4 1.03 42
2 704 1 -9 0.46 35
1 48 1 8 0.79 43
1 23 2 -9 0.97 42
1 141 2 3 0.43 33
1 149 1 -9 0.65 40
2 523 1 -9 0.3 29
2 739 2 -9 0.54 36
2 512 1 -9 0.33 31
2 755 1 1 0.28 29
2 376 2 -9 0.42 32
2 354 1 2 0.3 30
1 187 1 3 -9 42
1 161 1 3 0.5 35
1 7 1 3 0.3 30
2 619 1 -9 0.24 28
2 609 1 -9 0.25 28
2 559 2 -9 0.48 33
2 658 2 -9 0.32 30
2 633 2 -9 0.68 40
2 649 2 -9 0.8 39
2 654 1 3 0.41 32
2 590 1 -9 0.43 33
2 674 1 -9 0.42 31
2 464 2 -9 0.68 37
2 475 2 -9 0.61 36
2 443 2 -9 0.84 41
2 536 2 -9 0.96 42
1 126 1 -9 0.15 26
1 121 2 3 0.3 30
2 689 1 3 0.57 38
2 721 2 2 0.54 35
2 707 2 2 0.63 33
1 274 1 4 0.4 35
1 26 2 -9 0.5 35
1 20 2 -9 0.73 38
1 32 1 -9 0.54 39
2 490 2 -9 0.47 32
2 372 2 6 0.56 37
2 334 1 -9 0.41 35
2 378 2 -9 0.5 34
2 362 2 -9 0.5 35
1 194 2 -9 0.43 34
2 335 1 -9 0.68 41
2 802 2 -9 0.3 30
2 791 2 -9 0.39 31
2 791 1 -9 0.35 32
2 780 1 -9 0.4 35
1 180 2 3 0.54 35
1 166 2 -9 0.38 33
1 4 1 -9 0.75 39
2 571 1 -9 0.45 34
2 671 1 8 0.92 43
2 562 2 -9 0.65 38
2 654 2 -9 0.62 35
2 620 2 -9 0.24 27
2 451 2 -9 0.43 32
2 544 2 -9 0.76 41
2 541 1 -9 0.68 39
2 399 2 7 0.75 41
2 307 2 -9 0.86 44
2 313 2 -9 0.64 37
1 83 1 -9 0.42 34
1 67 2 6 0.96 43
1 91 1 5 0.71 42
1 99 1 -9 0.5 36
1 130 2 -9 0.3 31
1 119 1 -9 0.34 31
1 111 1 7 0.77 41
1 9 2 2 0.42 32
2 714 1 4 0.27 31
1 273 2 -9 0.45 34
1 29 2 -9 0.74 42
1 159 2 2 0.18 27
1 137 1 -9 0.48 34
1 140 2 -9 0.62 38
2 754 2 3 0.5 34
2 375 2 -9 0.72 41
2 367 2 -9 0.62 39
1 193 2 6 0.92 41
1 173 2 3 0.37 32
2 627 2 -9 0.79 39
2 662 1 -9 0.64 36
2 622 1 -9 0.38 35
2 630 1 -9 0.5 37
2 672 2 -9 0.32 30
2 475 2 -9 0.31 29
2 462 1 -9 0.58 38
2 469 1 -9 0.34 30
2 436 1 -9 0.37 33
2 403 2 -9 0.65 41
2 424 1 -9 0.3 29
1 107 1 7 0.81 42
1 61 2 4 1.15 43
2 686 2 -9 0.85 43
2 685 1 6 0.62 40
2 713 2 -9 0.25 29
1 268 2 -9 0.6 37
1 40 2 6 0.65 40
1 45 1 -9 0.73 41
1 33 1 4 0.55 40
2 496 2 6 0.94 42
2 742 2 -9 0.46 34
1 201 1 -9 0.78 43
2 800 2 -9 0.3 31
1 212 1 -9 0.13 24
1 162 2 3 0.5 36
2 592 2 -9 0.21 27
2 607 2 -9 0.39 34
2 627 2 -9 0.72 38
2 561 1 -9 0.65 39
2 475 2 -9 0.81 38
2 463 1 -9 0.81 43
2 465 1 -9 0.23 27
2 459 1 -9 0.4 33
2 429 1 2 0.4 31
2 300 1 -9 0.91 44
1 74 1 -9 0.41 34
1 115 1 -9 0.3 29
1 94 1 -9 0.5 35
1 127 2 5 0.47 38
1 77 1 -9 0.49 36
2 696 1 3 0.59 38
2 706 1 -9 0.76 42
1 15 2 3 0.57 37
1 21 2 -9 0.83 43
1 17 2 4 0.49 35
1 228 1 -9 0.7 41
1 146 1 -9 0.38 33
2 728 2 -9 0.54 38
2 725 2 2 0.44 32
2 352 2 -9 0.64 45
2 384 2 -9 0.54 34
2 334 1 3 0.52 36
2 395 2 -9 0.34 31
2 378 2 -9 0.9 39
1 186 2 3 0.46 34
1 185 1 3 0.49 34
2 786 1 -9 0.7 42
2 605 2 -9 0.35 30
2 581 1 -9 0.5 37
2 561 1 -9 0.32 31
2 551 2 -9 0.35 30
2 661 1 -9 0.36 32
2 551 1 -9 0.51 37
2 630 2 2 0.5 35
2 477 2 -9 0.81 39
2 404 2 -9 0.75 39
2 429 2 2 0.34 30
1 68 1 3 0.48 35
1 92 2 6 0.79 41
1 114 2 -9 0.57 35
2 714 2 -9 0.15 26
1 254 1 3 0.55 36
1 263 2 -9 0.6 36
1 274 1 -9 0.6 40
1 235 1 3 0.4 34
1 249 1 6 0.7 42
2 762 2 -9 0.26 29
2 391 1 -9 0.66 41
2 339 1 4 0.47 35
2 349 2 -9 0.74 40
3 528 2 -9 0.65 35
1 166 1 4 0.54 38
2 447 2 -9 0.77 38
2 418 2 2 0.35 30
2 418 1 -9 0.6 41
2 540 1 -9 0.34 30
2 435 1 -9 0.35 32
2 314 1 -9 0.56 37
1 130 1 -9 0.44 36
1 112 1 -9 0.51 37
2 689 1 -9 0.45 35
2 706 1 3 0.67 39
2 712 1 -9 0.27 29
3 297 2 -9 0.95 41
1 232 2 -9 0.25 29
2 526 2 2 0.5 34
2 731 2 -9 0.68 38
2 501 2 -9 0.74 38
2 385 2 -9 0.4 32
2 728 2 6 0.58 39
2 368 1 -9 0.49 36
1 190 1 -9 0.49 37
1 197 2 3 0.4 33
2 587 1 -9 0.72 43
2 574 2 -9 0.74 40
2 663 2 4 0.84 38
2 608 2 -9 0.19 25
2 535 2 -9 0.67 37
2 591 2 -9 0.4 32
2 456 1 -9 0.76 40
2 544 2 -9 0.95 44
2 431 2 3 0.5 34
2 405 2 -9 -9 30
1 77 2 3 0.48 34
2 687 1 -9 0.74 43
1 262 2 -9 0.7 38
1 27 2 -9 0.63 37
1 19 1 -9 0.55 40
1 218 1 2 0.2 26
1 150 2 -9 0.42 34
1 153 2 4 0.52 37
2 492 2 2 0.4 32
2 749 2 -9 0.36 31
2 761 1 -9 0.38 32
2 396 1 -9 0.32 31
2 380 2 -9 1.3 45
1 211 2 2 0.2 27
1 208 1 5 0.73 41
1 285 2 6 0.72 41
1 2 2 -9 0.67 38
2 576 2 -9 0.9 44
2 667 1 -9 0.46 33
2 670 1 -9 0.6 39
2 643 1 -9 0.4 34
2 657 1 4 0.44 36
2 402 2 3 0.45 34
2 308 1 -9 0.58 35
1 84 2 3 0.51 35
1 96 2 -9 1.04 42
2 678 2 -9 0.4 32
1 37 1 -9 0.81 43
1 220 1 -9 0.6 39
1 234 1 6 0.8 42
1 233 1 8 0.7 41
1 136 2 3 0.84 39
2 518 1 -9 0.59 38
2 756 2 2 0.44 33
2 762 1 1 0.28 28
2 372 2 -9 0.44 31
2 342 2 -9 0.64 39
2 390 2 -9 0.4 32
2 378 1 -9 0.34 31
1 203 2 -9 0.82 40
2 798 1 -9 0.3 30
2 766 1 -9 0.35 31
2 604 2 -9 0.31 32
2 579 2 -9 0.67 37
2 587 2 -9 0.76 39
2 599 1 -9 0.27 28
2 662 1 -9 0.86 44
2 650 1 -9 0.52 36
2 632 1 -9 0.63 41
2 644 2 -9 0.48 33
2 470 1 -9 0.86 42
2 456 1 -9 0.78 43
2 473 2 -9 0.98 40
2 544 2 -9 0.46 33
2 448 1 -9 0.43 35
1 131 1 -9 0.59 37
1 95 2 6 0.83 43
1 101 1 -9 0.58 36
1 9 1 6 0.97 44
2 680 2 -9 0.72 41
1 255 1 6 0.8 45
1 279 2 -9 0.3 31
1 57 1 9 1.04 44
1 227 2 6 0.7 40
2 724 2 2 0.52 35
2 501 2 3 0.26 29
2 726 2 -9 0.44 31
2 363 1 -9 0.4 33
1 214 2 -9 0.15 26
1 167 2 -9 0.51 36
2 626 2 -9 0.28 29
2 652 2 2 0.4 31
2 666 1 7 0.86 42
2 651 1 -9 0.4 31
2 603 1 -9 0.31 29
2 468 2 -9 0.46 34
2 409 1 -9 0.85 45
1 96 2 7 0.76 41
1 103 2 -9 0.43 34
1 106 2 -9 0.77 40
2 681 2 -9 0.49 36
2 715 1 -9 0.79 43
1 258 1 2 0.2 26
1 261 2 7 0.7 40
1 264 2 -9 0.35 32
1 264 2 -9 0.9 41
1 51 1 -9 0.52 38
1 57 1 -9 0.56 37
1 59 1 -9 0.9 43
1 221 2 3 0.4 32
1 248 1 -9 0.15 25
1 239 1 -9 0.2 28
2 321 1 -9 0.5 35
1 147 1 6 0.65 40
2 734 2 4 0.82 40
2 482 2 -9 0.26 29
2 490 1 6 0.48 37
2 486 1 3 0.55 36
2 360 1 2 0.38 31
2 346 2 3 0.64 38
1 198 2 3 0.6 37
2 776 2 -9 0.3 32
2 790 2 -9 0.7 36
1 184 2 -9 0.33 32
1 163 1 -9 0.18 26
2 532 1 -9 0.46 32
2 676 1 -9 0.46 36
2 662 2 3 0.44 32
2 464 1 -9 0.84 42
2 410 2 -9 0.75 38
2 398 1 2 0.37 31
2 313 2 -9 0.41 32
1 64 1 9 0.97 46
1 132 2 3 0.3 31
1 79 2 -9 0.55 37
1 89 1 6 0.72 41
1 118 1 7 0.78 41
2 720 2 3 0.7 39
2 701 2 -9 0.71 40
1 265 2 -9 0.3 32
1 267 2 3 0.35 32
1 16 2 3 0.45 35
1 59 1 4 0.48 37
1 40 2 -9 0.76 41
1 245 1 2 0.25 30
1 235 1 -9 0.75 42
2 330 1 -9 0.3 30
2 482 1 -9 0.69 41
2 488 1 -9 0.29 28
2 480 2 3 0.8 38
2 498 1 -9 0.27 28
2 360 2 -9 0.53 33
2 764 2 -9 0.4 32
2 395 1 -9 0.38 32
2 351 2 3 0.5 35
1 193 2 -9 0.73 40
2 778 2 -9 0.4 33
2 767 2 -9 0.5 32
2 290 1 -9 0.94 43
2 616 2 -9 0.32 30
2 571 2 -9 0.52 36
2 582 2 -9 0.82 44
2 535 2 -9 0.81 39
2 552 2 -9 0.47 35
2 455 1 -9 0.64 40
2 537 1 -9 0.61 37
2 448 1 -9 0.78 42
2 425 2 -9 0.45 32
2 430 2 3 0.65 37
1 125 1 -9 0.13 25
2 703 2 -9 0.39 31
1 27 2 7 0.82 43
1 58 1 -9 0.23 28
1 234 1 6 0.65 40
1 134 2 2 0.5 32
2 488 1 -9 0.62 38
2 752 1 -9 0.54 37
2 759 2 2 0.48 34
2 759 2 6 0.56 37
2 372 2 6 0.66 42
2 773 1 -9 0.4 32
3 527 2 -9 0.66 35
1 178 2 -9 0.33 30
2 621 2 -9 0.39 30
2 671 1 -9 0.94 43
2 613 1 -9 0.44 34
2 557 2 -9 0.4 33
2 412 1 -9 0.4 34
2 299 2 -9 0.49 32
2 306 2 -9 0.88 42
1 103 2 -9 0.63 36
1 81 2 -9 0.62 37
2 689 1 -9 0.66 42
2 685 2 -9 0.61 39
2 721 1 3 0.65 38
2 710 1 -9 0.5 35
1 45 1 -9 0.7 42
1 159 2 -9 0.36 32
1 144 1 -9 0.2 27
1 158 2 3 0.48 34
2 526 1 5 0.4 34
2 491 1 4 0.62 37
2 506 1 -9 0.63 39
2 487 2 -9 0.68 39
2 519 2 10 0.84 40
2 727 1 -9 0.46 36
2 500 1 -9 0.69 41
2 763 2 2 0.32 28
2 336 2 -9 0.52 39
2 784 1 -9 0.4 35
2 790 1 -9 0.3 32
2 791 2 -9 0.56 37
1 174 1 -9 0.8 42
1 177 1 -9 0.62 37
1 8 1 2 0.17 26
2 601 1 -9 0.39 31
2 560 1 -9 0.72 41
2 656 1 -9 0.38 32
2 549 1 -9 0.81 43
2 401 1 -9 0.4 31
1 96 1 -9 0.33 32
1 62 2 6 0.99 42
2 709 2 -9 0.29 30
1 258 1 -9 0.25 30
1 28 2 -9 0.55 35
1 226 2 7 0.75 41
2 322 2 -9 0.9 41
1 151 2 4 0.58 37
2 484 2 -9 0.76 40
2 756 2 -9 0.88 39
2 758 2 2 0.26 29
2 743 2 2 0.38 31
2 763 1 -9 0.26 27
2 771 1 -9 0.4 34
2 796 2 -9 0.5 37
1 175 1 -9 0.55 36
2 289 1 3 0.42 32
2 557 1 -9 0.67 38
2 591 2 -9 0.33 30
2 456 1 -9 0.8 41
2 421 1 2 0.4 31
2 298 2 -9 0.53 34
2 714 2 -9 0.24 29
2 717 2 1 0.32 30
2 697 2 6 0.92 43
1 58 1 -9 0.67 39
1 28 2 6 0.91 42
1 50 2 -9 0.27 31
1 146 2 9 0.99 42
1 147 2 -9 0.8 40
2 484 2 -9 0.35 32
2 484 2 -9 0.52 35
2 751 2 -9 0.48 33
2 522 2 2 0.38 29
2 765 2 -9 0.6 36
2 358 1 3 0.59 37
1 201 1 3 0.31 31
2 771 2 -9 0.5 35
2 796 1 -9 0.3 32
1 170 2 -9 0.77 41
1 181 2 -9 0.77 38
1 162 2 2 0.5 35
1 286 2 5 0.96 41
2 665 2 6 0.6 37
2 625 2 -9 0.21 26
2 602 1 -9 0.36 31
2 563 1 -9 0.34 30
2 445 1 -9 0.43 33
2 425 1 -9 1 44
1 61 1 6 0.95 43
1 108 2 7 0.71 39
1 130 1 -9 0.37 36
2 692 2 -9 0.75 41
2 715 2 7 0.88 42
2 717 2 -9 0.28 29
2 716 1 -9 0.19 26
1 261 2 6 0.8 41
1 18 2 -9 0.87 43
1 222 1 6 0.8 40
2 722 2 -9 0.45 34
2 734 2 -9 0.5 36
2 489 2 3 0.6 35
2 503 1 -9 0.37 32
2 507 2 2 0.3 29
2 483 1 -9 0.38 31
2 487 2 -9 0.27 29
2 524 1 3 0.36 33
2 745 2 -9 0.36 32
1 214 1 -9 0.45 35
2 783 1 -9 0.29 31
1 176 2 -9 0.81 42
1 283 1 7 0.76 41
1 2 2 -9 0.24 28
1 6 1 -9 0.4 33
2 609 2 -9 0.32 31
2 555 2 -9 0.43 32
2 659 1 2 0.4 32
2 656 2 -9 0.38 31
2 623 2 -9 0.36 33
2 677 2 -9 0.82 41
2 544 1 -9 0.33 32
2 472 1 -9 0.37 32
2 421 1 -9 0.28 29
1 32 1 -9 0.66 40
2 730 2 4 0.72 40
2 508 2 -9 0.32 29
2 499 2 -9 0.85 40
2 756 2 -9 0.44 32
2 725 1 -9 0.37 34
2 374 2 -9 0.42 33
2 347 2 -9 0.48 34
2 355 2 3 0.38 31
1 164 1 2 0.2 28
1 287 2 3 0.74 36
2 534 2 -9 0.5 33
2 566 1 -9 0.3 31
2 426 2 -9 0.95 44
2 303 2 -9 0.7 41
1 71 1 -9 0.92 45
2 681 1 4 0.53 37
2 715 2 2 0.38 32
1 148 2 3 0.44 34
2 521 1 -9 0.4 30
2 731 2 -9 0.51 35
2 501 1 3 0.54 35
2 770 2 -9 0.5 35
2 795 2 -9 0.73 38
2 619 2 -9 0.27 28
2 635 2 -9 0.7 40
2 451 1 -9 0.38 32
2 446 2 -9 0.73 40
2 409 2 -9 0.35 32
1 128 1 7 0.43 36
1 105 2 6 0.82 41
2 700 1 -9 0.33 31
1 278 2 -9 0.25 30
1 221 1 -9 0.5 37
2 724 2 2 0.48 34
2 754 1 -9 0.68 41
2 339 1 -9 0.5 39
2 353 2 -9 0.5 35
2 595 2 -9 0.34 30
2 625 1 -9 0.42 32
2 315 1 -9 0.84 44
1 106 2 -9 0.88 42
1 110 1 -9 0.9 43
1 123 1 3 0.22 28
1 11 2 6 0.73 42
2 682 2 5 0.72 41
2 683 1 3 0.55 34
2 694 2 -9 0.28 31
2 718 1 -9 0.24 31
1 30 1 9 0.86 43
1 49 1 3 0.29 33
1 227 1 -9 0.7 40
1 151 1 -9 0.74 41
2 750 2 -9 0.62 35
2 348 2 -9 0.54 36
2 343 2 2 0.4 32
1 211 1 -9 0.18 27
1 212 1 -9 0.39 35
2 770 2 -9 0.89 43
2 766 2 -9 0.47 34
2 788 2 -9 0.6 35
2 579 2 -9 0.68 39
2 608 1 -9 0.25 28
2 563 2 -9 0.41 34
2 462 2 -9 0.66 38
2 448 2 -9 0.54 36
2 311 2 -9 0.48 34
1 79 2 -9 0.69 39
1 109 1 8 0.77 42
1 103 1 4 0.45 34
2 680 1 -9 0.38 33
2 702 1 6 0.65 41
2 713 2 1 0.24 28
1 255 2 3 0.6 37
1 21 2 -9 1.04 43
1 44 1 6 0.84 42
1 150 2 6 0.62 38
2 483 2 3 0.5 34
2 760 1 -9 0.52 36
2 525 1 2 0.37 30
2 389 2 2 0.4 31
2 768 2 -9 0.2 27
2 786 2 -9 0.7 40
1 183 2 5 0.27 32
1 3 2 8 0.75 41
2 589 1 -9 0.22 27
2 586 2 -9 0.45 33
2 565 2 -9 0.62 39
2 606 2 -9 0.6 36
2 650 2 2 0.5 34
2 646 1 -9 0.72 39
2 645 2 3 0.53 36
2 659 1 2 0.38 31
2 656 2 -9 0.4 32
2 675 2 -9 0.38 31
2 538 2 -9 0.39 30
2 538 2 -9 0.41 31
2 563 1 -9 0.32 31
2 474 1 -9 0.23 28
2 454 1 -9 0.25 29
2 447 2 -9 0.42 32
2 541 2 -9 0.36 32
2 447 1 -9 0.73 41
2 403 1 -9 0.7 41
2 422 2 -9 0.9 41
1 82 1 6 0.92 43
1 98 2 -9 0.39 33
2 694 2 -9 0.69 39
1 276 1 3 0.25 30
1 13 2 3 0.63 37
1 35 1 -9 0.63 41
1 221 1 -9 0.75 42
1 218 2 -9 0.1 24
1 157 1 -9 0.74 41
2 735 1 -9 0.72 40
2 520 2 2 0.48 33
2 512 2 -9 0.84 42
2 494 2 -9 0.86 42
2 346 2 -9 0.9 43
1 200 2 -9 0.55 36
2 597 1 -9 0.29 29
2 626 1 -9 0.29 29
2 569 2 -9 0.75 38
2 542 1 -9 0.49 37
2 672 2 -9 0.7 38
2 474 1 -9 0.9 43
2 318 2 -9 0.64 36
2 317 1 -9 0.93 41
1 84 2 -9 0.67 39
2 690 2 -9 0.64 38
2 709 1 8 0.72 42
2 713 1 -9 0.28 29
1 269 2 -9 0.6 37
1 14 2 3 0.82 40
1 229 2 -9 0.45 36
1 217 1 2 0.3 31
1 155 2 -9 0.6 37
1 152 1 -9 0.3 33
2 520 1 -9 1 43
2 488 1 2 0.4 31
2 493 2 -9 0.45 36
2 498 1 -9 0.66 40
2 387 2 -9 0.37 31
2 356 2 -9 0.52 34
2 800 2 -9 0.6 38
2 788 1 -9 0.45 37
3 527 2 -9 0.94 39
1 177 1 3 0.57 37
2 291 2 -9 0.34 29
1 184 2 2 0.21 27
2 547 1 -9 0.52 37
2 658 1 6 0.68 40
2 553 1 -9 0.47 32
2 644 2 -9 0.48 32
2 669 2 2 0.58 35
2 442 1 -9 0.42 34
1 115 2 3 0.41 33
2 687 1 -9 0.54 38
2 705 2 3 0.89 41
1 37 2 -9 0.71 41
1 28 1 -9 0.66 41
1 220 1 -9 0.5 35
1 224 1 -9 0.65 39
1 241 2 -9 0.15 25
2 332 1 -9 0.49 36
2 526 1 -9 0.79 41
2 513 1 -9 1.31 46
2 348 2 4 0.7 38
2 380 1 -9 1.1 44
2 393 1 -9 0.5 35
2 351 2 -9 0.4 33
2 781 2 -9 0.43 31
2 777 1 -9 0.76 42
1 179 2 3 0.55 36
2 592 1 -9 0.2 26
2 663 2 -9 0.52 33
2 603 1 -9 0.16 25
2 650 2 -9 0.39 31
2 566 1 -9 0.34 32
2 539 2 -9 0.58 35
2 438 2 -9 0.34 30
2 319 1 -9 0.84 41
2 304 1 -9 0.49 34
1 120 2 2 0.22 27
1 97 2 -9 0.48 34
2 718 2 1 0.12 23
1 256 1 6 1 43
1 154 1 -9 0.46 35
1 159 2 -9 0.24 31
1 156 1 -9 0.32 31
2 746 2 -9 0.48 33
2 380 1 -9 0.26 29
2 373 2 -9 0.3 30
2 341 1 -9 0.66 40
1 204 1 -9 0.59 40
2 357 1 -9 0.34 33
2 800 1 -9 0.1 25
1 171 1 -9 0.51 36
1 287 2 -9 1.04 42
2 663 2 -9 0.9 39
2 558 2 -9 0.43 33
2 470 2 -9 0.28 29
2 410 2 -9 0.9 41
2 461 2 -9 0.31 29
2 540 2 -9 0.71 39
1 72 2 -9 0.7 38
1 117 2 -9 0.61 36
1 62 1 3 0.6 37
1 243 2 2 0.2 27
1 223 2 3 0.55 37
1 219 1 -9 0.35 31
1 159 1 -9 0.28 31
1 152 1 3 0.38 32
2 729 2 -9 0.5 35
2 395 1 -9 0.28 30
2 351 2 -9 0.42 32
1 201 1 -9 0.5 35
2 798 1 -9 0.3 31
1 213 2 3 0.26 31
2 789 1 -9 0.46 31
2 294 2 -9 1.02 41
2 652 1 -9 0.36 32
2 666 1 -9 0.96 43
2 465 1 -9 0.69 40
2 449 1 -9 0.42 35
2 298 2 -9 0.73 38
2 309 1 -9 0.33 31
1 76 1 -9 0.66 40
1 63 2 4 1.03 43
1 268 2 6 0.65 39
1 56 1 -9 1 44
1 230 1 -9 0.55 35
2 514 2 -9 0.31 30
2 521 1 -9 0.45 32
2 750 1 2 0.3 29
2 361 1 -9 0.46 33
2 769 2 -9 0.45 35
2 353 2 -9 0.7 38
2 353 2 -9 0.7 38
2 775 2 -9 0.81 38
1 167 1 -9 0.82 44
2 626 2 -9 0.28 28
2 578 2 -9 0.68 39
2 652 1 -9 0.56 38
2 617 1 -9 0.3 30
2 640 2 2 0.48 33
2 662 2 3 0.48 32
2 451 2 -9 0.63 37
2 545 1 -9 0.53 37
2 397 2 2 0.5 34
2 436 2 -9 0.33 31
2 307 2 -9 0.81 42
1 109 1 6 0.75 41
1 62 1 4 0.96 45
1 42 1 -9 0.67 41
1 225 1 -9 0.75 41
1 150 1 -9 0.28 32
2 514 1 3 0.77 36
2 751 2 -9 0.7 37
1 213 1 -9 0.17 28
2 778 1 -9 0.6 38
2 570 2 -9 0.52 36
2 667 2 -9 0.5 34
2 533 2 -9 0.47 32
2 572 1 -9 0.62 43
2 638 1 4 0.56 39
2 674 1 -9 0.32 31
2 537 2 -9 0.43 32
2 319 1 -9 0.68 39
1 71 1 -9 0.61 40
1 100 2 3 0.51 34
1 120 1 -9 0.26 29
2 693 2 -9 0.73 41
1 15 2 3 0.7 38
1 12 1 4 0.95 45
1 14 1 3 0.52 36
1 234 1 -9 0.3 31
1 243 2 -9 0.2 28
2 727 2 3 0.52 36
2 751 2 -9 0.8 38
1 194 2 6 0.75 40
2 635 2 -9 0.5 36
2 635 2 -9 0.65 38
2 623 1 -9 0.29 30
2 591 2 -9 0.35 31
2 676 1 -9 0.4 32
2 668 2 2 0.38 32
2 437 1 -9 0.51 34
2 436 1 2 0.39 33
2 300 2 -9 0.69 40
1 87 1 6 0.53 39
1 89 1 -9 0.69 42
1 107 1 6 0.76 40
1 10 1 9 0.85 44
2 707 2 -9 0.86 40
1 54 1 6 0.64 40
1 239 2 -9 0.75 41
1 250 1 -9 0.65 48
2 730 2 -9 0.62 38
2 736 2 -9 0.44 31
2 340 1 3 0.34 31
2 764 2 -9 0.6 37
1 189 1 -9 0.65 40
2 369 2 -9 0.56 36
2 795 2 -9 0.84 39
2 794 1 -9 0.9 43
2 288 1 -9 0.78 39
2 290 2 -9 0.66 36
2 612 1 -9 0.28 29
2 600 1 -9 0.35 30
2 615 2 -9 0.22 27
2 545 2 -9 0.49 34
2 460 1 -9 0.33 30
2 317 1 -9 1 45
1 124 2 -9 0.43 34
1 119 2 -9 0.31 31
2 485 2 -9 0.44 33
2 520 1 3 0.51 35
2 753 1 -9 0.88 44
2 336 1 -9 0.54 37
2 395 2 -9 0.2 26
2 386 1 9 0.76 42
1 203 1 -9 0.45 33
2 362 2 -9 0.4 32
1 173 2 -9 0.55 34
1 181 1 -9 0.51 35
1 284 2 -9 0.76 38
1 7 1 -9 0.2 26
2 610 2 -9 0.38 31
2 584 1 -9 0.5 36
2 602 2 -9 0.21 27
2 639 2 -9 0.79 40
2 320 2 -9 0.73 41
1 108 1 -9 0.52 36
1 126 2 2 0.18 27
2 326 2 -9 0.75 39
2 702 2 -9 0.75 40
1 260 2 5 0.7 40
1 36 1 -9 0.32 33
1 14 2 6 1.17 44
1 46 1 -9 0.29 31
2 733 2 -9 0.5 35
2 508 2 2 0.47 33
2 517 1 -9 0.21 27
2 493 1 -9 0.58 41
2 761 1 -9 0.42 32
2 764 2 -9 0.6 33
2 366 2 -9 0.64 37
2 376 1 -9 0.78 42
1 211 2 2 0.24 30
1 165 1 6 0.7 40
2 589 1 -9 0.47 35
2 595 1 -9 0.33 29
2 616 1 -9 0.61 39
2 441 1 -9 0.35 33
2 428 1 -9 0.25 37
2 703 2 -9 0.45 33
1 278 1 -9 0.45 34
1 20 2 -9 0.87 41
1 31 2 -9 0.57 36
1 246 2 -9 0.3 32
1 152 1 -9 0.4 34
2 505 2 -9 0.72 38
2 507 2 -9 0.22 26
2 748 1 -9 0.44 36
2 394 2 2 0.42 31
2 387 1 -9 0.4 31
1 189 2 -9 0.7 40
2 773 1 -9 0.5 37
2 803 1 -9 0.44 34
2 786 2 -9 0.7 36
1 169 1 -9 0.59 40
2 598 2 -9 0.23 27
2 608 1 -9 0.17 26
2 566 1 -9 0.29 30
2 657 1 -9 0.3 30
2 458 1 -9 0.88 43
2 467 2 -9 0.39 30
2 465 1 -9 0.77 41
2 468 2 -9 0.94 43
2 432 2 -9 0.79 39
2 416 1 -9 0.45 34
2 317 1 -9 0.88 41
1 94 1 -9 0.54 36
1 112 1 -9 0.95 43
2 684 2 -9 0.74 39
2 324 2 -9 0.77 37
1 281 2 -9 0.45 35
1 40 1 4 0.41 34
1 21 2 -9 0.71 40
2 364 2 -9 0.68 38
2 738 2 2 0.46 33
1 186 1 4 0.69 42
2 801 2 -9 0.43 32
1 207 1 -9 0.65 38
2 797 2 -9 0.63 38
1 166 1 9 0.81 41
2 626 2 -9 0.22 26
2 538 2 -9 0.43 36
2 432 2 2 0.34 30
2 417 2 1 0.3 28
2 416 1 -9 0.6 37
1 81 1 -9 0.51 35
1 11 2 -9 0.81 41
1 269 1 8 0.65 40
1 264 1 6 0.7 39
1 36 2 3 0.51 35
1 47 1 -9 1.1 45
1 228 1 -9 0.65 38
1 223 1 7 0.65 42
2 525 1 -9 0.54 37
2 362 1 -9 0.5 37
2 371 2 -9 0.84 42
2 787 2 -9 0.74 38
1 5 2 -9 0.75 38
2 552 2 -9 0.49 34
2 455 2 -9 0.33 30
2 456 2 -9 0.57 36
2 415 2 3 0.57 36
2 443 2 -9 0.56 36
2 421 2 -9 0.4 31
2 426 2 -9 0.31 29
2 310 1 -9 0.39 30
1 85 2 -9 0.68 39
1 129 2 3 0.4 33
1 132 1 -9 0.36 36
1 79 2 3 0.41 33
1 75 2 -9 0.43 34
2 696 2 -9 0.53 37
2 721 2 3 0.73 37
1 255 1 3 0.5 36
1 34 1 -9 0.42 34
3 531 1 -9 1.2 42
2 332 2 -9 0.36 30
2 356 1 -9 0.8 42
1 198 2 -9 0.6 37
2 585 1 -9 0.68 42
2 554 1 -9 0.31 29
2 634 1 6 0.59 39
2 668 2 -9 0.3 29
2 474 2 -9 0.38 31
2 466 1 -9 0.73 42
2 448 1 -9 0.73 40
2 418 2 -9 1.2 43
2 401 1 2 0.46 34
2 316 2 -9 0.48 36
2 301 2 -9 0.72 39
1 89 2 -9 0.53 36
1 93 2 5 0.68 39
1 78 1 2 0.29 31
3 297 1 -9 1 43
1 14 2 5 0.96 42
1 219 2 3 0.4 33
1 145 2 -9 0.22 28
2 383 2 -9 0.72 36
2 350 2 -9 0.48 33
2 744 2 6 0.92 41
1 199 1 -9 0.41 32
1 178 2 -9 0.87 41
1 172 2 -9 0.44 33
1 163 1 -9 0.17 26
2 292 2 -9 0.56 35
2 583 2 -9 0.8 40
2 570 2 -9 0.85 43
2 661 1 2 0.32 30
2 640 1 -9 0.44 34
2 675 2 -9 0.24 24
2 440 1 -9 0.35 31
2 443 2 -9 0.86 42
2 444 1 -9 0.57 40
2 305 1 -9 0.57 36
1 131 2 3 0.33 31
1 95 2 -9 0.89 41
1 101 1 -9 0.46 34
1 60 1 4 0.9 44
1 25 2 5 0.66 39
1 17 1 -9 0.89 43
1 222 2 -9 0.85 40
2 323 2 -9 0.7 40
1 155 1 -9 0.64 38
1 252 2 -9 0.6 37
2 503 2 3 0.76 39
2 749 1 -9 0.52 36
2 358 2 -9 0.78 40
2 337 1 3 0.52 35
1 203 2 -9 0.23 28
2 346 2 -9 0.38 32
2 744 2 3 0.44 31
1 214 1 -9 0.2 29
1 172 1 4 0.46 35
1 168 1 -9 0.7 41
2 596 1 -9 0.21 27
2 632 2 9 0.7 41
2 556 2 -9 0.97 43
2 550 1 -9 0.66 39
2 420 1 3 0.4 34
2 417 1 -9 0.36 32
2 300 2 -9 0.8 40
1 73 2 -9 0.7 39
1 116 1 -9 0.59 39
1 133 1 -9 0.48 38
