3 609 2 -9 0.81 38
1 78 1 -9 0.44 38
1 86 2 -9 0.67 39
2 650 1 -9 0.46 35
1 248 1 -9 0.45 36
2 459 2 -9 0.44 34
2 452 2 -9 0.44 34
1 24 1 3 0.35 32
1 330 2 -9 0.4 34
2 626 2 -9 0.36 31
2 521 1 -9 0.59 36
2 528 2 -9 0.54 35
2 548 1 -9 0.45 34
2 983 2 -9 0.36 31
2 1042 1 -9 0.4 34
2 995 2 -9 0.64 39
1 193 2 3 0.46 33
2 436 1 -9 0.65 38
2 853 2 -9 0.55 39
2 927 1 -9 0.21 29
2 884 1 -9 0.38 31
2 850 2 -9 0.42 32
2 874 2 -9 0.2 28
2 835 2 -9 0.53 38
2 913 1 -9 0.44 33
2 824 2 -9 0.65 37
1 355 1 4 0.42 35
1 360 1 9 0.75 44
1 353 2 -9 0.8 42
1 346 1 -9 0.38 32
2 736 2 -9 0.34 31
2 585 2 -9 0.72 37
2 615 1 -9 0.33 31
1 217 2 3 0.7 38
1 162 1 -9 0.32 33
1 155 2 -9 0.55 40
2 757 2 -9 0.61 35
1 285 1 -9 0.63 41
1 279 1 3 0.52 35
3 591 2 -9 1.02 39
3 598 2 -9 1.08 41
3 366 1 -9 0.24 37
1 117 1 -9 0.19 26
1 115 2 -9 0.34 31
1 261 2 -9 0.65 39
1 392 2 -9 0.83 39
1 15 2 -9 0.4 38
1 8 2 2 0.2 28
2 625 2 3 0.4 30
2 1011 1 3 0.42 33
2 1027 2 -9 0.58 35
2 486 2 -9 0.44 36
2 921 1 -9 0.39 31
2 495 1 -9 0.36 33
2 495 2 -9 0.48 34
2 937 1 7 0.72 42
2 831 2 -9 0.36 32
2 962 1 -9 0.37 32
2 836 2 -9 0.41 32
2 912 2 2 0.41 32
2 899 1 -9 0.93 46
2 882 2 2 0.46 32
1 311 1 4 0.55 37
1 308 1 -9 0.35 33
1 327 2 -9 0.8 44
1 325 2 -9 0.6 39
2 733 1 4 0.29 31
1 46 2 7 0.7 40
2 611 2 -9 0.35 30
1 60 2 -9 0.6 39
1 177 1 -9 0.28 31
1 179 1 4 0.4 35
2 770 2 -9 0.79 37
3 607 1 -9 0.97 41
1 334 2 -9 0.83 40
1 97 1 4 0.24 29
1 133 2 -9 0.38 33
2 454 2 -9 0.51 34
2 455 2 2 0.34 31
1 38 1 -9 0.45 32
1 25 2 6 0.7 39
1 27 1 -9 0.5 39
2 544 2 -9 0.36 30
2 1015 1 -9 0.36 33
1 200 2 4 0.36 32
2 484 1 -9 0.52 36
2 848 2 -9 0.65 39
2 839 2 -9 0.37 31
2 904 2 -9 0.39 32
2 969 1 -9 0.56 39
2 971 1 -9 0.31 32
1 305 2 -9 0.5 38
1 357 1 -9 0.43 34
2 703 1 -9 0.61 39
2 739 2 -9 0.59 37
2 701 2 3 0.77 38
2 581 1 -9 0.48 33
1 240 1 -9 0.3 32
1 232 2 -9 0.4 34
2 793 1 -9 0.45 35
1 166 2 2 0.26 30
1 166 2 -9 0.35 32
1 283 1 -9 0.37 32
3 377 1 -9 0.85 38
1 119 2 -9 0.44 33
1 140 2 -9 0.65 40
2 665 2 -9 0.48 32
1 267 2 -9 0.5 38
1 264 1 -9 0.6 40
2 677 1 7 0.75 42
1 6 2 -9 0.4 32
1 35 2 -9 0.5 33
3 401 2 -9 0.98 41
1 330 1 -9 0.45 36
3 412 1 -9 1.15 42
2 1028 1 -9 0.48 34
2 445 2 -9 0.56 34
2 860 1 -9 0.51 35
2 472 1 3 0.52 35
2 556 2 -9 0.93 44
2 977 1 3 0.53 38
2 819 1 3 0.54 36
2 920 1 3 0.42 33
2 934 2 -9 0.6 37
2 945 1 -9 0.59 41
2 477 2 -9 0.34 31
2 932 1 -9 0.51 37
2 968 2 3 0.57 36
2 701 1 -9 0.38 34
2 565 2 3 0.6 36
1 64 2 -9 0.8 43
1 154 2 -9 0.38 32
1 282 2 4 0.62 37
1 104 1 -9 0.22 27
1 114 1 3 0.54 36
1 113 2 -9 1.02 41
1 246 2 3 0.45 34
1 254 1 -9 0.18 27
1 253 1 -9 0.3 31
1 332 1 3 0.23 31
2 800 1 -9 0.36 32
2 637 1 -9 0.46 35
1 302 2 -9 0.87 39
2 507 1 -9 0.72 42
2 553 1 -9 0.36 32
2 1034 2 -9 0.38 32
2 1005 2 -9 0.46 34
2 1035 2 -9 0.3 30
1 197 1 -9 0.59 42
2 483 2 -9 0.64 36
2 497 2 3 1.1 42
2 534 1 -9 0.35 31
2 819 1 3 0.74 38
2 495 1 -9 0.48 35
2 865 1 -9 0.45 35
2 927 2 -9 0.4 32
2 481 2 -9 0.49 34
2 976 2 -9 0.21 28
2 871 1 -9 0.34 31
2 882 2 -9 0.52 36
2 974 1 -9 0.3 32
1 326 1 5 0.55 43
1 324 2 -9 0.6 39
2 748 2 3 0.35 31
2 754 1 3 1.04 44
2 697 2 -9 0.6 39
2 694 1 -9 0.67 42
1 41 2 3 0.3 32
1 229 1 -9 0.4 35
2 786 2 -9 0.4 30
2 791 2 -9 0.46 34
1 177 2 -9 0.35 33
1 188 1 -9 0.32 31
1 185 1 2 0.2 28
1 287 2 -9 0.92 43
1 286 1 -9 0.76 44
1 91 2 -9 0.68 39
1 100 1 -9 0.58 38
1 259 2 -9 0.4 35
1 6 1 -9 0.7 40
2 800 2 -9 0.26 29
2 552 1 6 0.6 39
1 193 1 3 0.5 34
2 1036 2 -9 0.46 34
1 208 1 -9 0.4 36
2 471 1 3 0.54 35
2 911 1 -9 0.39 32
2 846 2 -9 0.62 35
2 938 1 -9 0.44 38
2 829 2 -9 0.34 31
2 843 2 -9 0.52 35
1 311 2 -9 0.55 40
1 321 2 -9 0.65 39
2 738 2 -9 0.47 34
2 743 1 -9 0.3 31
2 700 1 4 0.56 39
2 697 1 6 0.6 41
1 55 2 -9 0.2 27
1 56 1 -9 0.2 29
2 617 1 -9 0.55 38
1 222 2 -9 0.4 31
1 242 1 3 0.3 31
1 161 2 -9 0.68 39
1 290 2 -9 0.87 44
3 600 2 -9 0.9 37
1 333 1 -9 0.55 37
3 374 2 -9 1.65 45
1 128 1 -9 0.2 26
2 662 2 -9 0.55 35
2 669 1 -9 0.38 33
3 363 1 -9 0.78 38
1 8 2 -9 0.7 39
1 331 2 3 0.5 37
1 298 1 -9 1.1 43
2 629 1 2 0.4 33
2 630 2 1 0.24 29
2 630 1 -9 0.3 31
2 524 2 -9 0.44 33
2 515 2 -9 0.72 39
2 1017 1 3 0.44 35
2 1036 2 -9 0.34 32
2 479 2 2 0.38 32
2 849 1 -9 0.41 34
2 877 2 -9 0.41 32
2 947 1 -9 0.34 32
2 957 2 -9 0.36 32
2 972 2 -9 0.2 27
1 325 2 -9 0.7 43
2 690 2 -9 0.55 33
2 699 2 -9 0.8 42
2 778 2 7 0.58 40
1 181 1 -9 0.47 37
1 133 1 -9 0.71 40
1 120 1 -9 0.44 35
1 271 2 -9 0.5 34
2 450 1 3 0.6 36
2 461 1 -9 0.42 33
2 684 2 4 0.45 34
1 15 1 -9 0.3 30
1 298 1 -9 0.54 36
2 804 2 -9 0.25 29
2 810 2 -9 0.44 34
2 625 1 -9 0.4 33
2 533 1 -9 0.5 37
2 537 2 -9 0.58 34
2 1012 2 -9 0.42 34
2 1018 2 -9 0.46 35
2 1040 2 -9 0.52 35
2 1027 2 -9 0.64 39
2 416 2 7 1.33 45
2 1024 2 -9 0.44 33
1 209 2 -9 0.68 41
2 474 1 -9 0.52 34
2 937 1 -9 0.74 44
2 833 2 -9 0.49 34
2 876 2 -9 0.76 40
2 975 1 -9 0.46 36
1 321 1 -9 0.4 35
1 359 1 -9 0.8 42
2 747 1 -9 0.41 34
1 43 2 3 0.4 34
1 63 2 5 0.7 40
1 234 2 2 0.3 29
1 232 1 4 0.5 35
2 790 1 -9 0.5 35
1 177 1 -9 0.38 33
2 789 2 -9 0.5 35
1 186 1 5 0.5 36
1 167 2 -9 0.3 34
2 756 1 -9 0.42 32
1 296 2 -9 0.66 38
3 605 2 -9 0.97 40
3 593 1 -9 0.93 40
3 424 1 -9 1.25 43
3 368 1 -9 0.65 38
1 125 2 3 0.37 31
1 78 1 -9 0.32 31
2 449 1 2 0.42 33
2 451 2 3 0.49 33
2 674 2 -9 0.25 29
3 361 2 -9 0.96 41
3 363 1 -9 0.78 39
2 442 2 4 0.52 33
1 31 1 -9 0.3 32
1 30 1 -9 0.3 31
1 40 1 -9 0.45 37
1 332 2 4 0.84 45
2 507 2 -9 0.78 44
2 512 1 -9 0.52 37
2 1023 1 -9 0.32 30
2 1045 1 -9 0.34 32
1 207 2 2 0.1 24
2 489 2 -9 0.61 36
2 482 1 -9 0.36 32
2 503 2 -9 0.51 35
2 915 1 -9 0.47 34
2 877 1 -9 0.25 30
2 950 2 -9 0.23 28
1 320 2 -9 0.5 38
1 322 2 -9 0.45 35
1 335 2 4 0.67 38
1 338 2 -9 0.55 37
2 744 1 -9 0.34 33
2 739 2 -9 0.49 34
2 727 2 -9 0.36 31
2 713 1 4 0.34 32
2 567 2 5 0.72 39
2 586 2 3 0.44 32
1 221 1 -9 0.3 32
2 782 1 -9 0.76 42
1 174 2 4 0.65 37
1 169 2 -9 0.2 30
1 178 2 -9 0.35 31
1 274 1 3 0.39 33
1 280 2 4 0.54 38
3 367 1 -9 0.23 37
1 94 2 -9 0.4 34
1 92 2 -9 0.26 29
2 658 2 -9 0.52 33
2 649 1 -9 0.45 34
2 666 1 -9 0.37 31
1 262 1 -9 0.45 36
1 251 2 -9 0.5 34
2 456 2 -9 0.42 33
2 673 1 -9 0.25 28
2 682 1 -9 0.25 27
2 458 2 3 0.52 35
1 20 2 -9 0.3 31
1 329 2 -9 0.35 34
2 519 1 -9 0.22 28
2 510 2 -9 0.64 37
2 1025 2 -9 0.44 33
2 1041 2 -9 0.28 29
2 1048 1 2 0.52 35
1 203 2 -9 0.4 33
2 444 2 -9 0.44 35
2 915 1 -9 0.5 34
2 690 2 -9 0.43 33
2 613 1 -9 0.3 29
1 54 1 2 0.15 25
1 41 1 3 0.3 30
1 42 2 4 0.7 39
2 783 1 -9 0.36 35
2 774 2 -9 0.68 35
3 602 2 -9 1.44 46
1 19 2 -9 0.7 39
1 32 1 -9 0.4 34
3 400 1 -9 0.93 39
1 393 2 -9 0.61 35
2 803 2 -9 0.46 33
2 501 1 3 0.41 35
2 1008 2 -9 0.5 36
2 1031 2 2 0.44 32
2 1043 1 -9 0.48 34
2 1032 1 3 0.28 31
1 207 2 -9 0.55 37
2 491 1 -9 0.42 36
2 444 2 3 0.28 28
2 444 2 3 0.6 35
2 898 2 -9 0.62 36
1 340 2 -9 0.69 40
1 335 1 4 0.54 37
2 689 2 3 0.69 38
2 382 1 4 0.67 38
2 734 2 -9 0.45 33
2 382 2 3 0.78 39
2 752 1 3 0.95 41
2 724 2 -9 0.52 34
2 723 2 -9 0.41 32
2 573 2 -9 0.64 38
2 565 2 -9 0.38 34
1 55 1 -9 0.25 29
1 56 1 -9 0.2 28
1 63 2 -9 0.3 31
1 60 1 -9 0.45 37
1 227 1 -9 0.3 33
3 755 1 -9 0.98 41
1 155 2 -9 0.6 42
3 606 2 -9 1.26 41
3 378 2 -9 0.85 37
1 74 2 -9 0.28 29
1 95 2 -9 0.3 30
2 664 1 -9 0.36 31
2 469 2 -9 0.5 34
1 29 1 -9 0.2 28
3 395 1 -9 0.64 34
1 31 1 3 0.3 30
1 328 2 -9 0.35 33
2 813 1 -9 0.43 34
2 507 1 -9 0.73 43
2 535 1 -9 0.34 32
2 1042 2 3 0.58 36
2 1019 2 -9 0.52 35
2 441 2 -9 0.4 33
2 861 1 -9 0.34 31
2 542 2 -9 0.46 33
2 979 2 3 0.62 35
2 921 1 -9 0.32 30
2 884 2 -9 0.31 30
2 476 2 -9 0.48 33
2 826 1 -9 0.26 30
2 833 2 -9 0.62 36
2 892 1 -9 0.38 34
2 947 2 -9 0.38 32
2 952 2 -9 0.47 34
2 834 2 -9 0.48 34
2 971 2 -9 0.1 23
1 304 1 -9 0.35 33
2 574 2 -9 0.84 41
1 54 1 -9 0.35 31
1 65 1 -9 0.3 30
1 218 2 2 0.3 26
1 82 1 -9 0.61 41
1 93 1 -9 0.83 42
2 442 1 -9 0.42 32
1 297 2 -9 0.58 36
2 506 2 -9 0.74 42
2 1029 1 -9 0.52 38
2 437 2 -9 0.56 34
2 493 1 -9 0.6 41
2 845 2 -9 0.76 40
2 902 1 2 0.37 32
2 916 1 -9 0.55 38
2 896 1 -9 0.26 29
2 829 2 -9 0.51 35
2 895 1 3 0.33 32
2 828 2 -9 0.76 37
2 922 2 -9 0.6 36
2 957 1 -9 0.32 33
2 715 2 -9 0.52 35
2 731 2 -9 0.41 32
2 588 1 3 0.4 33
2 579 2 -9 0.48 35
2 578 2 -9 0.46 33
1 50 1 -9 0.4 32
1 43 1 3 0.5 35
1 48 2 2 0.15 28
1 187 1 -9 0.35 34
2 775 2 2 0.5 33
3 599 2 -9 1.29 42
3 605 2 -9 1.42 44
3 370 1 -9 0.72 37
3 376 1 -9 0.8 37
1 69 1 3 0.48 35
1 130 2 -9 1 42
1 91 1 6 0.74 41
3 362 2 -9 0.78 39
1 30 1 -9 0.2 26
2 629 1 2 0.3 31
2 498 1 2 0.45 33
2 506 2 -9 0.45 33
2 1009 1 -9 0.34 33
2 1005 2 -9 0.6 36
2 1030 2 -9 0.6 35
2 1018 2 -9 0.3 31
1 301 2 -9 1 41
2 441 2 -9 0.56 32
2 443 2 -9 0.6 33
2 928 2 2 0.32 29
2 532 2 -9 0.64 36
2 923 1 -9 0.18 28
2 851 1 -9 0.53 38
2 914 1 -9 0.36 31
2 709 2 3 0.59 35
2 695 2 -9 0.69 39
2 699 2 -9 0.47 35
2 588 2 -9 0.34 31
2 589 1 -9 0.38 33
1 46 2 -9 0.25 33
2 622 2 -9 0.5 32
1 63 2 -9 0.5 37
1 225 2 -9 0.4 34
1 241 2 -9 0.3 31
2 782 1 -9 0.76 43
1 157 1 -9 0.47 38
2 780 1 -9 0.76 42
2 763 2 3 0.4 31
1 277 1 5 0.71 43
3 599 1 -9 0.94 39
1 84 2 -9 0.68 38
1 72 2 4 0.59 35
1 94 1 -9 0.2 28
2 661 2 -9 0.37 29
2 642 2 -9 0.48 34
2 458 2 -9 0.56 34
3 361 2 -9 0.62 36
1 31 1 -9 0.5 38
1 23 1 -9 0.3 30
3 400 2 -9 0.83 37
2 533 2 -9 0.49 33
2 1031 1 -9 0.72 42
1 205 1 -9 0.25 29
1 212 2 -9 0.25 30
2 503 2 -9 0.54 33
2 865 2 -9 0.15 28
2 476 2 -9 0.5 33
2 960 1 2 0.35 31
2 962 1 2 0.35 32
2 957 2 -9 0.53 34
1 318 1 -9 0.25 29
1 341 1 -9 0.68 41
2 710 2 -9 0.32 31
2 705 2 -9 0.68 39
2 691 2 -9 0.39 31
1 171 1 -9 0.15 31
1 184 1 -9 0.3 30
3 422 1 -9 0.8 37
1 83 1 -9 0.29 31
1 107 1 -9 0.36 32
2 653 2 7 0.61 38
1 268 2 -9 0.65 38
1 273 2 -9 0.3 31
1 20 2 -9 0.5 35
2 628 2 -9 0.46 34
2 811 2 -9 0.48 34
2 498 1 3 0.55 35
2 515 2 -9 0.88 41
2 513 1 5 0.61 40
2 994 2 -9 0.6 37
2 986 2 -9 0.46 35
2 1011 2 -9 0.42 31
2 539 2 -9 0.45 33
2 530 2 2 0.38 31
2 1020 2 3 0.48 34
2 990 1 -9 0.72 41
2 993 2 -9 0.6 36
1 204 1 -9 0.35 33
2 817 1 3 0.71 41
2 969 2 -9 0.49 35
2 832 2 3 0.67 36
2 898 2 -9 0.78 37
2 840 2 -9 0.52 35
2 707 1 -9 0.5 35
1 53 2 -9 0.4 34
1 222 2 2 0.2 26
1 243 2 -9 0.2 28
2 761 2 -9 0.48 32
1 293 1 7 0.7 42
3 373 1 -9 0.95 40
1 71 2 3 0.39 32
1 122 1 -9 0.3 31
1 269 2 -9 0.35 31
2 456 2 -9 0.36 31
2 462 1 -9 0.42 35
1 23 2 4 0.6 38
1 20 2 -9 0.45 35
1 40 2 -9 0.75 43
2 550 2 -9 0.57 36
2 1034 2 -9 0.34 31
2 1002 2 -9 0.46 32
2 1045 2 4 0.52 35
1 202 1 -9 0.55 38
2 997 2 -9 0.48 34
2 484 2 -9 0.44 34
2 847 2 -9 0.69 40
2 858 2 -9 0.86 41
2 851 1 -9 0.65 40
2 935 1 3 0.37 33
2 963 1 -9 0.31 31
1 340 1 -9 1.02 44
1 339 1 -9 0.49 40
1 352 2 -9 0.49 38
2 693 1 -9 0.37 31
1 67 1 -9 0.57 37
1 151 2 7 0.86 43
2 788 2 -9 0.5 34
2 757 2 -9 0.54 37
1 284 2 -9 0.63 37
1 76 1 4 0.39 34
1 84 1 -9 0.35 33
1 108 1 2 0.15 25
1 141 2 -9 0.64 39
1 253 2 -9 0.2 27
3 394 1 -9 0.8 36
3 394 1 -9 0.84 38
3 398 1 -9 0.74 37
1 297 1 -9 1.66 53
2 805 1 -9 0.36 32
2 812 2 -9 0.4 32
2 983 2 -9 0.34 34
2 1000 2 3 0.44 34
2 428 2 -9 0.62 34
2 472 2 2 0.52 35
2 943 2 -9 0.54 38
2 849 2 -9 0.63 35
2 937 1 7 0.76 43
2 875 2 3 0.52 33
2 832 2 -9 0.33 31
1 307 1 -9 0.25 28
1 357 1 -9 0.47 34
2 706 1 -9 0.4 33
2 572 1 -9 0.38 36
2 751 1 3 0.76 41
2 614 1 -9 0.1 26
2 789 1 -9 0.53 36
1 171 1 -9 0.5 40
3 364 1 -9 0.2 34
1 83 1 4 0.37 35
1 112 2 -9 0.22 37
1 136 1 -9 0.29 29
1 3 2 3 0.45 34
1 2 2 3 0.6 34
1 35 2 -9 0.35 30
3 412 1 -9 0.85 38
1 298 1 -9 0.66 38
2 805 1 -9 0.34 32
2 637 1 3 0.4 32
2 1006 2 3 0.4 33
2 989 2 -9 0.62 38
1 193 2 3 0.52 34
2 1038 1 -9 0.34 33
2 489 2 -9 0.46 33
2 923 1 4 0.5 36
2 927 2 -9 0.46 33
2 959 2 -9 0.41 33
2 953 2 3 0.41 33
2 866 1 -9 0.37 31
2 952 2 -9 0.52 35
2 897 1 -9 0.41 36
2 717 2 2 0.36 31
1 45 2 -9 0.3 29
2 783 2 7 0.78 39
1 289 2 -9 0.9 42
1 275 1 3 0.42 33
2 662 2 -9 0.59 34
2 655 2 -9 0.49 34
2 649 2 -9 0.52 34
2 666 2 -9 0.55 34
1 25 1 -9 0.35 33
1 16 2 -9 0.35 31
1 13 1 -9 0.4 33
1 15 1 -9 0.4 32
2 806 1 -9 0.3 30
2 631 2 -9 0.44 33
2 519 1 -9 0.7 41
2 1014 2 -9 0.46 34
2 1019 1 -9 0.34 31
2 1047 1 3 0.56 37
2 1032 2 3 0.46 34
2 497 2 3 1.25 42
2 978 1 3 0.43 34
2 832 2 -9 0.35 31
1 315 2 2 0.2 28
1 354 2 -9 0.62 40
1 348 1 -9 0.79 43
2 733 1 -9 0.35 32
2 726 2 -9 0.59 37
2 751 1 3 0.86 42
2 586 2 -9 0.4 32
1 54 2 3 0.25 28
1 64 2 -9 0.6 37
1 240 1 -9 0.45 36
1 162 2 -9 0.3 32
1 173 2 -9 0.23 28
1 168 2 3 0.3 30
2 773 2 -9 0.74 35
3 597 2 -9 1.09 39
3 601 2 -9 1.16 43
1 89 1 -9 0.23 29
2 663 1 3 0.36 33
2 645 1 -9 0.34 32
2 639 2 -9 0.38 31
1 266 2 -9 0.6 39
1 149 1 -9 0.5 37
2 456 2 -9 0.54 35
2 463 1 2 0.28 30
3 361 1 -9 0.74 38
1 33 2 -9 0.4 33
2 637 2 -9 0.36 33
2 516 1 -9 0.81 43
2 510 2 -9 0.7 38
2 512 2 -9 0.6 36
2 426 2 4 0.68 38
2 444 2 -9 0.4 31
2 819 2 2 0.63 37
2 481 2 -9 0.41 33
2 850 2 -9 0.55 34
2 965 2 -9 0.45 34
2 875 1 -9 0.37 35
2 883 1 -9 0.39 32
2 876 1 -9 0.17 26
2 972 2 -9 0.19 26
1 337 2 6 0.72 40
2 560 2 3 0.62 37
2 620 2 -9 0.4 32
1 233 2 -9 0.3 29
3 383 2 -9 1.08 41
2 794 2 4 0.54 36
1 160 2 -9 0.73 45
2 766 2 -9 0.43 30
2 774 2 -9 0.6 36
2 757 1 -9 0.4 31
1 289 2 -9 0.58 36
1 276 1 3 0.36 32
1 279 1 3 0.39 34
3 609 2 -9 0.86 39
1 82 2 -9 0.64 40
1 80 1 -9 0.53 39
1 121 1 -9 0.44 36
1 145 2 -9 0.4 36
2 453 2 4 0.53 35
3 404 2 -9 0.85 39
2 632 1 -9 0.3 34
2 498 1 3 0.57 36
2 516 1 -9 0.62 37
2 526 1 -9 0.66 40
3 419 2 -9 1.1 40
2 545 2 -9 0.32 30
2 554 2 -9 0.63 36
2 553 2 -9 0.55 34
2 1009 2 -9 0.4 33
2 1046 2 -9 0.38 31
2 1044 2 -9 0.38 33
2 1036 1 -9 0.34 33
2 1001 2 3 0.42 32
2 429 2 -9 0.5 34
2 497 1 3 1.12 41
2 534 2 -9 0.39 31
2 979 2 3 0.59 35
2 495 1 -9 0.44 37
2 948 2 -9 0.47 33
2 877 2 -9 0.49 34
2 913 1 -9 0.38 32
2 738 2 2 0.33 30
2 718 2 3 0.39 34
2 742 1 3 0.3 31
2 712 2 3 0.49 33
2 714 2 -9 0.48 35
2 613 1 -9 0.4 31
2 615 1 5 0.45 34
2 779 1 -9 0.52 35
2 783 2 -9 1.08 42
1 291 1 -9 0.16 27
1 277 2 3 0.44 34
3 607 1 -9 1.15 43
3 366 1 -9 0.24 37
1 76 2 -9 0.36 31
1 70 2 5 0.93 41
1 102 2 -9 0.65 36
3 407 2 -9 0.7 36
2 814 2 -9 0.51 34
2 1013 2 -9 0.58 35
2 982 2 -9 1 43
2 1027 1 -9 0.32 31
2 536 1 -9 0.3 31
2 820 2 2 0.34 31
2 834 2 -9 0.54 34
1 314 1 -9 0.4 32
1 339 2 -9 0.42 34
1 342 2 5 0.71 40
2 720 2 -9 0.46 33
2 563 2 -9 0.74 41
1 51 1 -9 0.1 25
1 240 1 -9 0.45 36
2 778 1 -9 0.46 35
1 164 1 -9 0.44 36
1 283 1 3 0.42 34
1 106 1 3 0.58 35
1 139 1 -9 0.25 29
2 667 2 -9 0.28 28
1 266 2 -9 0.6 39
2 454 2 3 0.45 34
2 683 2 -9 0.3 30
1 329 1 -9 0.35 33
2 986 1 6 0.8 42
2 1037 2 -9 0.52 36
1 206 2 3 0.32 30
2 426 1 3 0.48 35
2 818 2 3 0.86 40
2 925 1 2 0.39 32
2 547 1 -9 0.51 34
2 908 2 -9 0.96 43
2 907 1 -9 0.33 33
2 893 2 -9 0.57 35
1 359 2 -9 0.88 40
2 562 2 -9 0.38 32
2 620 2 -9 0.35 30
1 226 2 -9 0.2 30
1 231 2 -9 0.3 31
2 772 2 -9 0.3 28
2 760 2 -9 0.62 36
1 290 2 -9 0.76 38
3 597 2 -9 1 39
3 423 2 -9 0.95 38
3 371 2 -9 1.1 42
3 390 1 -9 1.05 41
1 141 2 -9 0.34 31
1 140 2 -9 0.77 41
1 252 2 -9 0.35 31
1 247 2 -9 0.4 33
1 392 2 -9 0.89 39
3 398 1 -9 0.95 39
1 8 1 -9 0.5 35
3 406 2 -9 0.96 39
2 811 2 -9 0.47 35
2 521 1 -9 0.72 40
2 1030 2 -9 0.56 36
1 197 2 -9 0.61 37
2 431 2 -9 0.82 43
2 851 1 -9 0.48 35
2 902 1 -9 0.49 36
2 968 1 -9 0.43 34
2 867 2 -9 0.18 27
2 826 1 -9 0.26 30
2 954 2 2 0.28 30
1 314 1 4 0.55 37
1 317 2 -9 0.15 28
1 360 2 -9 0.72 42
2 704 2 -9 0.5 34
2 579 1 -9 0.4 33
3 557 2 -9 1 39
1 52 1 -9 0.75 40
1 169 2 3 0.2 32
2 772 2 -9 0.39 30
2 763 2 -9 0.6 34
3 593 2 -9 1.07 39
1 333 2 -9 0.82 39
1 132 2 -9 0.21 27
2 663 1 -9 0.56 35
2 667 1 -9 0.31 30
2 639 1 3 0.45 35
1 262 1 -9 0.3 29
1 269 1 -9 0.4 34
2 804 1 -9 0.31 31
2 552 2 -9 0.3 31
2 512 2 -9 0.72 39
2 1021 2 -9 0.48 33
1 191 2 3 0.5 34
1 300 2 -9 0.65 35
2 439 2 -9 0.52 33
2 855 1 -9 0.56 37
2 852 2 -9 0.5 34
2 854 1 -9 0.36 33
2 842 1 -9 0.39 32
2 881 1 4 0.36 32
2 833 2 -9 0.5 34
1 358 2 -9 0.48 35
2 583 2 -9 0.5 34
1 62 2 -9 0.25 29
1 220 2 -9 0.4 31
2 792 2 4 0.56 36
1 152 2 -9 -9 36
3 755 1 -9 0.84 39
1 167 2 -9 0.1 29
3 609 2 -9 1.13 42
3 377 1 -9 0.8 37
3 378 2 -9 1.1 42
1 264 1 -9 0.55 40
2 465 2 -9 0.66 37
3 411 2 -9 1.13 40
1 6 2 -9 0.45 32
2 633 2 -9 0.8 37
2 522 1 -9 0.69 41
2 538 1 -9 0.42 36
2 548 2 -9 0.45 32
2 1012 1 -9 0.38 34
2 1021 2 -9 0.42 33
2 985 2 -9 0.7 40
2 1029 1 -9 0.6 40
2 1040 2 -9 0.68 39
2 484 1 -9 0.32 31
2 862 1 -9 0.38 32
2 496 2 -9 0.42 33
2 472 2 3 0.58 36
2 925 2 -9 0.26 29
2 926 2 -9 0.25 27
2 868 2 -9 0.59 35
2 933 1 -9 0.61 41
2 897 2 -9 0.57 36
1 343 2 -9 0.6 41
2 749 2 -9 0.34 31
2 743 2 -9 0.36 32
2 720 2 3 0.46 32
2 713 1 -9 0.27 31
2 715 2 -9 0.45 34
2 612 1 -9 0.3 31
1 60 1 -9 0.4 36
1 225 1 -9 0.2 29
2 777 1 -9 0.38 32
3 601 1 -9 1.42 48
1 102 1 -9 0.28 30
2 651 1 -9 0.44 34
2 644 2 -9 0.43 32
2 667 2 2 0.35 30
1 148 1 -9 0.17 28
2 455 2 -9 0.43 33
2 458 2 -9 0.41 32
3 401 2 -9 1.38 47
2 628 2 -9 0.46 33
2 811 2 4 0.62 37
2 501 1 3 0.52 36
2 1009 2 -9 0.56 37
2 993 1 -9 0.72 40
1 212 2 -9 0.2 28
2 446 1 -9 0.76 42
1 300 1 -9 0.75 38
2 436 2 -9 0.6 34
2 549 2 -9 0.38 32
2 847 1 -9 0.58 39
2 856 1 -9 0.47 34
2 827 2 3 0.45 33
2 866 1 -9 0.38 33
1 303 2 -9 0.35 31
1 323 2 -9 0.3 34
1 346 2 5 0.96 41
1 353 2 -9 0.72 40
1 347 2 3 0.36 37
1 347 1 -9 0.81 40
2 702 2 -9 0.47 33
2 750 1 3 0.77 43
2 693 2 4 0.68 37
2 578 2 -9 -9 36
2 613 1 -9 0.35 31
1 237 1 -9 0.3 29
1 243 2 -9 0.5 37
1 229 1 -9 0.5 37
1 177 2 -9 0.32 30
2 764 2 -9 0.94 41
1 290 2 -9 0.27 31
1 290 2 7 1.06 46
1 285 2 -9 0.38 32
3 365 1 -9 0.22 35
1 74 1 -9 0.25 29
1 100 2 3 0.41 32
2 672 2 -9 0.65 36
1 26 2 3 0.3 29
3 394 2 -9 0.65 35
1 328 2 3 0.3 32
2 524 2 -9 0.53 34
2 531 2 2 0.45 31
2 985 2 3 0.5 33
2 1043 1 -9 0.42 34
2 1042 1 -9 0.4 32
1 198 1 -9 0.52 40
2 494 2 -9 0.58 35
2 944 1 -9 0.5 38
2 864 2 -9 0.21 28
2 956 2 3 0.41 33
2 889 1 3 0.38 34
1 336 1 -9 0.56 43
2 560 2 3 0.56 35
1 45 2 -9 0.15 25
1 47 2 -9 0.25 27
2 787 1 -9 0.48 34
2 782 2 -9 0.69 41
2 791 2 -9 0.64 35
2 766 2 -9 0.6 34
1 182 1 -9 0.4 34
1 288 1 -9 0.76 43
1 85 1 -9 0.49 38
1 91 1 4 0.38 34
2 663 2 -9 0.61 33
2 669 2 -9 0.38 32
1 257 2 -9 0.2 27
1 257 1 -9 0.3 31
2 457 2 -9 0.49 34
2 463 1 -9 0.42 31
2 681 2 2 0.35 31
2 687 2 2 0.3 31
2 686 2 -9 0.45 34
2 469 2 -9 0.68 37
2 468 1 -9 0.34 30
3 362 2 -9 0.8 38
1 1 2 3 0.6 35
3 399 2 -9 0.73 35
3 407 2 -9 0.98 39
1 12 2 -9 0.3 30
2 809 1 3 0.39 32
2 800 1 -9 0.4 31
2 500 2 4 0.89 42
2 1004 2 -9 0.4 31
2 995 2 -9 0.66 39
1 199 1 -9 0.5 36
1 201 1 4 0.5 36
2 440 2 -9 0.4 33
2 427 2 3 0.55 33
2 818 2 2 0.47 35
2 855 2 -9 0.44 34
2 918 1 2 0.44 33
2 868 2 2 0.17 28
2 841 2 -9 0.44 33
2 929 2 -9 0.92 43
2 850 1 -9 0.65 44
2 974 1 2 0.35 31
1 326 2 -9 0.65 39
2 704 1 -9 0.31 31
2 717 2 3 0.45 34
2 737 2 -9 0.45 33
2 582 1 -9 0.52 36
1 49 1 3 0.2 30
1 228 2 3 0.3 31
1 217 2 3 0.5 34
1 234 2 -9 0.7 39
2 760 2 -9 0.52 33
3 421 2 -9 1.1 40
3 367 2 -9 0.22 36
1 143 2 -9 0.48 35
1 265 2 -9 0.7 39
1 250 2 -9 0.45 36
2 450 1 3 0.5 34
1 27 1 -9 0.3 28
3 399 2 -9 0.81 38
1 302 1 -9 0.77 39
2 511 1 -9 0.64 40
2 545 2 3 0.5 34
2 415 2 11 0.87 44
2 998 2 -9 0.44 33
1 196 1 -9 0.42 35
1 199 2 7 0.72 40
2 447 1 -9 0.4 32
2 925 1 -9 0.55 38
1 305 2 -9 0.3 28
1 341 2 -9 0.61 37
2 574 2 -9 0.68 37
1 180 2 -9 0.4 33
1 169 1 -9 0.1 29
3 755 2 -9 0.96 38
1 176 2 -9 0.25 30
2 781 1 -9 0.75 42
1 275 1 3 0.54 37
3 424 1 -9 0.9 41
1 86 2 -9 0.5 35
2 654 2 -9 0.63 36
3 391 1 -9 1.05 41
2 456 2 -9 0.4 32
1 24 2 -9 0.25 31
2 802 1 -9 0.59 36
2 525 2 -9 0.64 39
2 1026 1 4 0.54 38
2 1011 2 -9 0.32 29
2 1029 1 -9 0.54 38
2 1022 2 4 0.48 33
2 443 2 -9 0.6 37
2 435 1 3 0.53 35
2 884 1 -9 0.34 29
2 942 2 -9 0.59 40
2 886 1 -9 0.43 35
1 310 1 3 0.35 34
1 322 2 4 0.7 40
2 711 2 -9 0.4 32
2 577 2 -9 0.74 42
3 383 2 -9 0.86 38
2 776 1 -9 0.6 38
1 175 1 4 0.28 30
1 160 1 -9 0.6 41
2 759 2 -9 0.7 36
1 287 1 -9 0.48 34
1 333 1 -9 0.82 39
3 368 1 -9 0.65 39
1 86 1 -9 0.43 36
1 126 1 -9 0.36 31
2 660 2 -9 0.48 36
2 638 2 3 0.57 35
2 655 1 -9 0.69 41
2 669 1 2 0.32 29
2 683 2 3 0.35 32
1 26 1 -9 0.35 33
1 39 1 -9 0.5 37
2 633 2 -9 0.24 29
2 1011 2 -9 0.58 35
2 541 2 -9 0.25 28
2 1025 1 2 0.4 32
2 990 2 -9 0.44 32
2 854 1 -9 0.55 37
2 943 2 -9 0.47 34
2 845 2 -9 0.49 34
2 895 2 -9 0.26 30
2 961 1 4 0.51 36
2 872 1 -9 0.31 30
2 914 2 -9 0.6 35
1 309 1 -9 0.25 32
2 709 1 -9 0.5 35
2 708 2 -9 0.6 37
2 752 2 3 0.87 41
1 58 1 4 0.45 35
2 792 1 3 0.47 34
1 173 2 2 0.25 30
2 772 2 3 0.56 33
3 375 1 -9 1.15 42
1 105 1 -9 0.24 28
1 92 1 -9 0.32 30
2 644 2 3 0.52 32
1 148 2 -9 0.3 30
1 245 2 3 0.4 34
3 405 2 -9 0.92 38
2 991 1 -9 0.54 37
2 1046 2 -9 0.44 33
2 982 1 2 0.48 34
2 980 2 2 0.46 33
2 1001 2 -9 0.6 36
2 434 1 -9 0.46 34
2 504 2 -9 0.51 32
2 846 2 -9 0.42 33
2 952 1 -9 0.45 35
2 903 2 -9 0.54 35
1 311 1 -9 0.65 42
1 310 1 -9 0.3 31
1 324 2 -9 0.55 37
1 353 2 -9 0.68 39
2 688 2 4 0.73 37
2 711 2 3 0.32 31
2 698 1 -9 0.51 36
2 563 2 -9 0.62 40
3 557 2 -9 0.85 37
2 616 1 -9 0.25 29
1 231 2 -9 0.3 34
1 228 1 -9 0.5 34
3 590 2 -9 1.1 40
1 138 2 -9 0.13 26
1 265 1 -9 0.65 41
2 450 1 3 0.46 33
1 17 2 -9 0.4 32
1 330 2 -9 0.45 36
3 397 2 -9 0.79 37
2 804 2 3 0.36 31
2 523 1 -9 0.75 41
2 431 2 -9 0.5 36
2 862 2 3 0.49 34
2 536 1 -9 0.32 30
2 934 2 -9 0.71 37
2 930 2 -9 0.6 39
2 901 2 -9 0.73 39
2 842 2 -9 0.57 35
2 864 1 -9 0.31 30
1 347 1 -9 0.42 33
2 740 2 -9 0.82 39
3 557 2 -9 1.1 40
1 50 2 -9 0.4 31
1 41 1 3 0.3 31
2 623 2 -9 0.3 31
1 242 1 -9 0.15 28
1 242 1 -9 0.3 31
1 217 2 3 0.4 33
2 792 1 -9 0.44 35
1 158 1 -9 0.44 37
1 282 2 4 0.62 39
3 421 1 -9 2 57
3 365 2 -9 0.22 35
1 72 1 3 0.6 35
1 111 1 -9 0.74 37
1 127 2 -9 0.23 27
1 90 1 -9 0.26 28
2 658 1 -9 0.45 34
3 387 2 -9 0.85 39
2 665 2 -9 0.26 29
1 245 1 7 0.9 46
2 454 2 -9 0.53 35
2 802 2 -9 0.61 34
2 502 1 2 0.46 34
2 543 1 -9 0.39 32
2 551 2 -9 0.42 33
2 1013 2 -9 0.36 31
2 1023 1 3 0.38 33
1 299 2 -9 0.65 37
2 859 1 -9 0.65 40
2 862 1 -9 0.41 34
2 846 2 3 0.6 35
2 938 1 4 0.35 33
2 935 1 4 0.54 38
2 932 1 -9 0.47 36
2 955 2 -9 0.32 31
2 967 1 -9 0.3 31
2 951 2 -9 0.64 37
1 324 2 -9 0.7 39
1 327 2 -9 0.7 43
2 726 2 -9 0.41 34
2 732 1 2 0.23 29
2 570 1 -9 0.74 43
2 751 2 3 1.01 42
1 49 1 -9 0.3 32
1 236 2 -9 0.2 31
1 215 1 3 0.3 33
2 786 2 -9 0.88 41
2 776 1 -9 0.92 43
1 152 2 6 -9 45
2 756 1 2 0.3 29
1 285 2 -9 0.55 37
2 660 2 -9 0.59 34
2 983 1 -9 0.78 42
2 982 2 2 0.46 33
2 435 1 -9 0.72 40
2 853 1 -9 0.44 33
2 478 2 -9 0.48 34
2 477 2 -9 0.41 32
2 961 1 -9 0.4 34
2 831 2 -9 0.56 34
2 844 2 3 0.35 32
1 315 2 -9 0.4 33
2 717 2 -9 0.4 33
2 720 2 -9 0.35 32
2 737 1 -9 0.56 40
2 691 2 -9 0.33 32
2 579 2 -9 0.6 37
1 175 2 4 0.47 34
1 178 2 -9 0.47 36
1 178 1 -9 0.42 37
1 189 2 8 0.7 41
2 779 2 -9 0.97 42
2 771 2 -9 0.3 28
2 767 1 -9 0.58 37
2 764 2 -9 0.6 35
1 275 1 3 0.41 34
3 600 2 -9 0.88 39
1 77 2 4 0.52 37
1 116 1 -9 0.32 32
1 110 1 -9 0.33 31
1 68 2 3 0.48 34
2 659 2 -9 0.58 35
1 134 1 3 0.2 28
2 640 2 -9 0.33 31
2 467 1 -9 0.54 36
2 452 1 -9 0.68 40
1 17 1 -9 0.6 39
2 533 1 3 0.43 34
2 1009 1 -9 0.4 34
2 529 2 -9 0.41 32
2 1023 1 -9 0.38 35
1 198 1 -9 0.64 40
2 475 1 -9 0.3 31
2 816 1 3 0.57 35
2 977 2 3 0.72 39
2 944 1 -9 0.52 38
2 946 1 -9 0.62 41
2 904 1 3 0.34 31
2 968 1 3 0.44 34
2 867 1 -9 0.34 32
2 691 2 3 0.51 33
1 44 2 4 0.8 38
1 58 1 -9 0.4 35
1 179 1 -9 0.45 35
1 163 2 -9 0.52 39
1 159 1 -9 0.26 30
1 156 1 -9 0.62 41
1 291 2 -9 0.18 27
1 288 1 7 0.95 44
1 118 1 -9 0.49 35
2 662 1 2 0.39 29
2 655 2 -9 0.85 41
1 138 1 -9 0.28 31
2 460 1 -9 0.52 36
2 466 1 -9 0.42 33
2 453 2 -9 0.4 33
1 12 2 -9 0.35 31
1 39 1 -9 0.5 38
3 404 2 -9 0.95 39
2 807 2 -9 0.47 33
2 801 2 -9 0.46 33
2 509 2 -9 0.77 41
2 891 2 -9 0.46 35
2 834 2 2 0.41 33
2 882 1 3 0.42 33
2 975 1 2 0.21 27
2 974 2 -9 0.5 34
1 303 1 -9 0.4 38
2 734 2 3 0.56 34
1 172 1 -9 0.2 34
1 186 2 -9 0.8 39
1 189 2 -9 0.32 32
1 165 2 -9 0.52 37
2 771 2 2 0.37 30
1 284 2 -9 0.66 38
3 606 2 -9 0.83 37
3 376 1 -9 1.1 41
1 73 2 3 0.35 32
1 73 2 -9 0.5 35
1 82 2 -9 0.66 41
2 643 2 -9 0.42 32
2 643 2 4 0.55 36
1 136 2 -9 0.22 28
1 137 2 -9 0.31 31
2 449 2 3 0.52 33
2 683 1 -9 0.4 33
2 678 2 -9 0.45 33
1 26 1 -9 0.4 33
1 1 2 3 0.8 38
1 34 2 -9 0.4 32
1 21 2 -9 0.5 33
1 16 1 -9 0.35 32
3 401 2 -9 1.77 52
2 631 1 2 0.34 31
2 859 2 -9 0.55 37
2 536 2 3 0.49 34
2 931 2 -9 0.54 36
2 937 2 -9 0.67 37
2 885 1 -9 0.36 33
2 874 2 -9 0.53 34
2 825 2 -9 0.84 38
2 957 2 -9 0.55 36
2 971 1 3 0.39 35
2 893 1 -9 0.21 28
2 707 2 -9 0.54 36
2 716 2 3 0.41 32
2 571 1 -9 0.58 37
2 569 2 -9 0.6 35
2 563 2 -9 0.58 35
1 60 1 4 0.25 31
1 215 1 3 0.4 33
2 757 2 -9 0.52 33
1 291 2 5 0.38 35
1 282 1 5 0.55 36
1 281 2 4 0.58 37
3 421 2 -9 0.95 37
2 664 2 3 0.53 31
2 670 1 -9 0.36 32
1 135 1 3 0.15 25
1 254 1 -9 0.23 28
2 679 2 -9 0.35 31
1 4 2 3 0.45 34
1 31 1 -9 0.35 31
2 634 2 -9 0.54 36
2 1018 2 -9 0.5 34
2 1002 2 2 0.4 32
2 1041 1 -9 0.32 33
2 990 2 -9 0.52 33
2 1045 2 -9 0.44 34
1 201 1 -9 0.4 35
2 854 2 3 0.49 34
2 479 2 -9 0.54 34
2 838 2 -9 0.42 33
2 480 2 -9 0.36 31
2 905 2 -9 0.71 38
2 973 2 -9 0.32 30
1 314 1 2 0.3 31
1 307 2 -9 0.4 34
2 741 1 -9 0.38 34
2 715 2 -9 0.42 34
2 722 2 -9 0.39 32
2 561 1 3 0.56 37
2 753 1 3 0.85 41
1 184 2 -9 0.55 35
1 167 2 -9 0.4 35
2 780 2 -9 0.74 43
1 288 2 -9 0.91 42
1 99 2 -9 0.38 32
1 96 2 -9 0.19 26
2 651 2 -9 0.55 38
2 647 2 -9 0.34 30
3 390 1 -9 0.9 38
3 389 2 -9 0.6 36
1 273 1 -9 0.35 31
2 684 2 -9 0.5 34
2 675 1 3 0.55 33
3 408 1 -9 0.62 35
1 13 1 -9 0.5 34
2 624 1 -9 0.42 35
2 518 2 7 0.75 42
2 1037 2 -9 0.4 31
1 204 2 -9 0.75 41
2 953 2 -9 0.51 34
2 873 1 -9 0.48 38
2 731 2 -9 0.49 34
2 732 1 -9 0.28 30
1 44 1 3 0.35 31
1 48 2 -9 0.2 31
1 59 1 -9 0.5 36
2 790 1 -9 0.48 33
1 162 2 2 0.12 27
1 163 2 -9 0.31 31
2 775 2 -9 0.43 32
1 289 2 -9 0.44 34
2 659 2 -9 0.6 36
2 653 1 -9 0.54 36
2 649 2 4 0.44 34
2 667 2 -9 0.29 30
1 250 2 -9 0.2 27
2 673 2 -9 0.4 31
2 467 1 -9 0.59 38
1 34 1 -9 0.55 38
3 399 1 -9 0.88 39
1 9 1 2 0.3 28
2 500 1 3 0.58 36
2 1034 2 -9 0.48 35
1 208 2 4 0.35 32
2 440 2 4 0.79 38
2 433 2 -9 0.64 39
2 815 1 3 0.55 36
2 847 2 -9 0.56 38
2 941 1 -9 0.55 37
2 940 1 -9 0.65 41
3 797 1 -9 0.77 38
2 886 2 -9 0.47 34
2 869 1 -9 0.41 32
2 824 1 2 0.38 32
2 689 1 4 0.44 33
2 578 2 -9 0.52 35
1 236 2 2 0.1 27
1 179 1 -9 0.35 34
3 590 1 -9 1.25 47
1 111 2 5 0.66 39
3 390 2 -9 1.15 40
1 269 1 -9 0.2 29
1 257 1 -9 0.3 31
1 249 1 -9 0.46 36
2 673 2 -9 0.85 42
2 680 1 3 0.4 34
2 681 1 -9 0.3 30
2 681 2 -9 0.45 35
2 466 1 -9 0.42 35
1 22 1 -9 0.75 43
1 40 1 -9 0.45 37
3 398 2 -9 0.81 37
3 406 1 -9 0.6 34
2 625 2 -9 0.46 31
2 516 1 -9 0.53 35
2 543 2 -9 0.35 32
2 1014 2 -9 0.42 33
2 996 2 3 0.6 39
1 204 2 -9 0.25 29
2 470 2 3 0.6 37
2 934 1 -9 0.42 35
2 968 2 -9 0.41 33
2 835 1 -9 0.24 29
1 326 1 -9 0.7 38
2 744 1 -9 0.32 31
2 746 1 -9 0.22 32
2 381 2 5 0.87 44
1 50 1 -9 0.15 26
1 222 2 -9 0.25 28
2 778 1 -9 0.43 34
1 173 2 3 0.35 32
1 292 1 -9 0.26 30
1 294 1 -9 0.51 39
1 104 1 -9 0.23 28
1 101 2 -9 0.74 38
2 648 1 -9 0.4 31
1 26 2 -9 0.6 37
1 11 2 -9 0.4 32
3 405 1 -9 0.91 41
2 808 1 -9 0.32 31
2 518 1 -9 0.57 38
2 538 1 -9 0.49 36
2 415 2 3 0.7 38
2 488 1 -9 0.36 33
2 485 2 3 0.63 38
2 863 1 2 0.41 31
2 856 1 2 0.41 33
2 924 1 -9 0.35 32
2 975 2 1 0.25 27
1 338 2 -9 0.65 40
2 728 1 -9 0.19 27
1 64 1 -9 0.3 31
1 59 1 -9 0.45 36
1 216 2 4 0.4 33
1 178 1 -9 0.6 40
1 158 2 -9 0.52 39
1 160 2 -9 0.32 32
1 289 2 -9 1.08 45
3 372 2 -9 0.85 38
1 68 1 3 0.31 30
2 641 2 -9 0.58 37
1 258 1 -9 0.4 34
2 680 2 -9 0.3 32
1 5 2 3 4 34
1 24 2 -9 0.55 38
1 392 1 -9 0.54 36
3 397 2 -9 1.22 41
2 993 2 3 0.44 33
1 206 2 2 0.2 26
1 301 1 -9 0.65 36
2 493 2 3 0.54 35
2 852 2 -9 0.66 38
2 470 2 4 0.6 37
2 822 1 2 0.52 35
2 920 1 -9 0.38 31
2 496 2 3 0.65 37
2 942 2 -9 0.47 34
3 799 1 -9 0.79 40
3 797 2 -9 1.38 41
2 949 1 -9 0.46 35
2 845 1 -9 0.35 32
1 344 2 -9 0.67 40
1 342 2 -9 0.81 40
1 342 2 -9 0.69 41
2 709 1 -9 0.24 28
2 743 1 3 0.28 30
2 721 2 -9 0.35 32
1 42 2 3 0.4 31
2 788 1 -9 0.54 38
1 154 1 2 0.2 28
1 280 2 3 0.45 33
3 604 2 -9 0.91 39
3 597 2 -9 0.84 38
1 123 1 -9 0.56 36
1 131 2 -9 0.9 41
1 142 2 4 0.73 39
1 250 1 -9 0.35 33
1 252 2 -9 0.26 30
1 270 1 2 0.35 31
2 686 2 -9 0.45 34
1 22 2 -9 0.8 41
1 298 2 -9 1.34 43
2 538 1 2 0.38 32
2 553 1 -9 0.39 34
2 529 1 2 0.35 32
2 988 2 3 0.6 36
1 203 2 -9 0.4 32
2 430 2 -9 0.6 33
2 542 2 -9 0.49 33
2 476 1 7 0.58 39
2 892 1 -9 0.36 33
2 874 1 -9 0.38 31
2 840 2 -9 0.43 32
1 314 1 4 0.6 38
2 710 2 -9 0.46 33
2 714 2 3 0.49 34
2 589 2 3 0.55 35
1 219 2 -9 0.2 29
1 237 1 -9 0.1 25
1 238 2 -9 0.4 32
1 153 1 4 0.72 40
1 176 1 -9 0.3 33
1 277 2 3 0.55 36
3 373 2 -9 0.85 38
1 112 1 2 0.24 28
1 107 2 2 0.2 26
2 646 2 2 0.32 30
2 660 2 -9 0.5 35
1 143 1 -9 0.66 40
1 270 1 -9 0.4 32
2 457 2 3 0.43 33
1 331 2 3 0.45 37
3 403 1 -9 0.9 38
2 632 2 4 0.4 34
2 813 2 -9 0.19 25
2 525 1 -9 0.41 34
3 418 1 -9 1.25 44
2 998 2 -9 0.48 34
2 987 2 -9 0.52 34
1 191 2 3 0.4 32
1 211 2 3 0.55 36
1 207 1 4 0.45 35
1 212 1 -9 0.26 31
2 426 1 4 0.46 33
2 858 2 -9 0.4 32
2 917 1 -9 0.57 39
2 887 1 -9 0.3 31
2 951 2 -9 0.26 29
2 841 2 -9 0.62 36
1 358 1 -9 0.68 41
2 381 1 4 0.77 40
2 727 1 -9 0.33 30
2 712 2 -9 0.29 29
2 699 1 -9 0.36 32
2 561 1 3 0.48 35
2 576 2 -9 0.48 34
2 610 2 -9 0.33 30
1 48 2 -9 0.5 36
1 67 2 -9 0.88 39
1 159 2 -9 0.64 42
1 276 1 6 0.98 47
3 599 2 -9 1.33 42
1 76 1 -9 0.3 31
1 94 1 2 0.2 27
1 102 1 3 0.41 32
2 645 1 -9 0.33 29
1 384 2 -9 0.7 40
1 263 1 -9 0.45 36
1 251 2 -9 0.6 38
1 273 1 -9 0.3 30
1 245 1 3 0.45 33
2 461 1 4 0.41 33
2 469 1 -9 0.5 34
1 29 1 -9 0.3 32
2 806 1 -9 0.34 31
2 634 2 -9 0.3 30
2 538 1 -9 0.39 32
2 551 1 -9 0.4 31
2 1008 2 -9 0.46 35
2 988 1 -9 0.68 42
2 1032 2 -9 0.48 33
2 1022 2 -9 0.42 33
2 1000 2 -9 0.6 37
2 429 2 -9 0.48 35
2 488 2 -9 0.82 40
2 863 1 -9 0.36 31
2 478 2 3 0.58 36
2 921 2 -9 0.54 36
2 964 2 -9 0.72 37
2 948 1 6 0.54 38
2 949 2 -9 0.26 29
2 950 1 -9 0.38 31
1 341 2 -9 0.58 38
2 735 2 2 0.33 30
2 569 2 -9 0.52 36
2 580 2 -9 0.62 36
2 765 2 -9 0.46 31
2 773 2 3 0.68 35
1 182 1 4 0.45 37
1 188 2 -9 0.3 32
1 132 1 -9 0.25 29
2 645 2 -9 0.54 34
3 386 2 -9 0.75 39
1 2 1 3 0.5 36
1 17 1 7 0.65 41
1 30 1 -9 0.3 29
1 9 1 -9 2 27
1 330 1 -9 0.25 33
1 393 1 -9 0.78 39
2 628 1 -9 0.34 32
2 540 2 -9 0.37 32
1 194 1 -9 0.34 32
2 445 2 4 0.56 34
2 487 1 -9 0.53 37
2 908 1 -9 0.34 31
2 910 2 2 0.26 29
2 909 1 -9 0.42 32
2 878 1 -9 0.44 34
2 912 1 -9 0.38 32
2 975 2 3 0.53 35
1 308 1 4 0.55 35
2 696 2 -9 0.69 41
2 573 2 -9 0.42 35
2 562 2 -9 0.46 33
1 172 2 -9 0.2 30
3 604 2 -9 1.29 44
1 70 2 7 0.84 40
1 75 2 -9 0.53 35
2 664 2 -9 0.57 33
2 665 2 4 0.44 33
2 462 2 -9 0.48 33
2 468 2 3 0.56 33
1 23 2 -9 0.35 33
3 409 2 -9 0.9 38
2 525 1 -9 0.63 40
2 537 2 -9 0.49 34
2 995 2 -9 0.56 40
2 1040 1 2 0.34 33
2 993 2 -9 0.38 32
2 1033 1 3 0.34 31
2 1045 2 -9 0.42 35
1 206 1 -9 0.22 28
2 504 2 -9 0.64 34
2 821 2 3 0.49 38
2 939 2 -9 0.53 36
2 930 1 -9 0.4 35
1 319 2 -9 0.4 33
1 337 1 3 0.45 34
1 341 1 -9 0.68 41
1 342 2 -9 0.75 42
2 704 2 4 0.76 39
2 708 1 -9 0.53 37
1 230 1 -9 0.6 41
1 234 2 -9 0.6 38
1 188 2 4 0.65 36
3 602 2 -9 0.99 41
3 376 2 -9 0.9 39
1 105 2 -9 0.54 35
1 103 2 -9 0.37 31
1 127 1 -9 0.17 26
1 129 1 -9 0.27 30
1 90 1 -9 0.43 33
2 655 2 -9 0.39 31
2 665 2 -9 0.5 33
2 666 2 -9 0.41 32
1 252 1 -9 0.32 30
1 271 2 3 0.45 31
3 394 2 -9 0.86 37
1 331 2 4 0.55 39
3 397 2 -9 1.09 41
2 523 2 5 0.7 39
2 998 2 3 0.34 30
2 815 1 3 0.51 35
2 532 2 -9 0.59 36
2 822 2 3 0.54 35
2 932 1 -9 0.37 34
2 906 2 3 0.72 38
2 896 2 2 0.3 30
2 840 2 3 0.44 33
2 702 1 -9 0.42 32
2 713 2 -9 0.47 36
2 582 1 -9 0.56 39
2 581 2 -9 0.44 32
2 620 2 -9 0.45 38
1 157 1 -9 0.4 30
2 769 1 -9 0.8 41
1 293 1 -9 0.79 43
3 373 1 -9 1 39
3 374 2 -9 0.95 40
1 122 1 -9 0.24 29
1 99 1 -9 0.72 44
3 386 1 -9 0.45 34
2 640 2 -9 0.38 32
1 256 1 -9 0.3 31
1 249 1 3 0.3 30
2 464 1 -9 0.42 32
2 686 2 -9 0.5 37
1 4 2 3 0.45 31
3 411 2 -9 0.56 33
1 37 1 -9 0.4 33
2 632 1 -9 0.22 30
2 635 1 3 0.42 35
2 806 1 -9 0.3 32
2 516 2 -9 0.54 34
2 544 2 -9 0.54 38
2 543 1 3 0.31 32
2 1025 1 -9 0.56 37
2 1033 2 2 0.32 30
2 430 2 -9 0.52 33
2 848 1 -9 0.52 36
2 964 1 -9 0.42 35
2 877 1 -9 0.27 30
2 745 1 -9 0.35 32
2 696 1 -9 0.55 37
2 559 1 3 0.53 35
2 614 2 -9 0.25 29
1 239 1 -9 0.4 32
1 183 1 -9 0.7 40
1 158 2 4 0.56 38
1 181 1 -9 0.38 32
2 768 2 3 0.6 34
1 295 2 -9 0.72 43
1 278 2 3 0.5 35
3 594 2 -9 0.75 37
3 422 1 -9 0.7 38
1 75 1 -9 0.33 30
1 94 1 6 0.65 41
1 120 1 3 0.44 33
2 641 2 2 0.33 29
2 449 2 4 0.78 39
2 468 1 -9 0.32 34
2 442 2 3 0.44 31
1 38 1 -9 0.4 32
1 328 1 -9 0.3 33
1 329 2 -9 0.4 34
2 546 2 -9 0.51 33
2 991 2 -9 0.3 29
2 530 2 -9 0.25 28
2 1014 2 3 0.44 33
2 1010 2 3 0.52 34
2 1048 1 3 0.48 36
2 439 1 7 0.71 41
2 432 2 -9 0.44 32
2 556 1 -9 0.58 39
2 534 1 -9 0.43 35
2 978 1 3 0.48 35
2 941 1 6 0.59 41
2 963 2 -9 0.5 34
2 830 2 -9 0.46 35
2 890 2 -9 0.34 32
2 703 2 3 0.55 35
2 744 2 3 0.5 34
2 700 2 -9 0.65 36
2 721 2 -9 0.6 36
2 564 2 -9 0.5 36
1 153 1 4 0.6 39
2 762 1 -9 0.54 36
2 768 2 -9 0.5 34
3 603 2 -9 1.26 44
3 600 2 -9 1.48 41
1 103 1 -9 0.52 27
1 114 1 4 0.47 34
2 641 2 -9 0.25 29
1 255 1 -9 0.25 30
2 685 2 -9 0.75 43
2 677 2 -9 0.7 40
3 363 2 -9 0.74 39
1 25 1 -9 0.4 34
1 332 2 4 0.72 41
2 1035 1 3 0.32 30
2 1016 1 -9 0.4 33
2 1047 2 3 0.5 34
2 1020 1 -9 0.48 37
2 485 2 -9 0.5 34
2 534 2 -9 0.27 28
2 503 2 3 0.57 34
2 542 1 -9 0.43 32
2 977 2 2 0.43 33
2 959 1 -9 0.54 39
2 958 2 3 0.53 35
2 954 1 -9 0.35 32
1 339 1 11 0.7 43
2 693 2 -9 0.43 32
2 573 2 -9 0.5 37
1 223 2 -9 0.4 34
1 233 2 -9 0.7 39
1 214 2 3 0.3 32
1 174 1 -9 0.3 32
1 169 2 -9 0.5 38
1 176 1 -9 0.25 28
3 608 2 -9 1.28 42
1 86 1 4 0.63 40
1 139 1 -9 0.25 28
1 147 2 -9 0.16 26
2 510 1 -9 0.46 37
2 508 2 -9 0.78 43
2 988 2 -9 0.58 35
2 1002 2 -9 0.5 33
2 992 2 -9 0.7 40
2 491 1 -9 0.52 37
2 492 1 -9 0.34 32
2 944 2 -9 0.43 34
2 831 1 2 0.32 31
2 970 1 -9 0.37 33
2 888 1 -9 0.4 35
2 618 2 -9 0.25 28
1 227 1 -9 0.3 35
1 151 1 3 0.58 35
1 161 2 -9 0.7 39
1 156 2 -9 0.68 44
2 770 2 -9 0.7 35
1 284 1 -9 0.45 35
1 295 2 5 0.58 39
1 293 2 4 0.49 36
1 123 1 -9 0.62 36
1 110 1 10 0.88 44
3 388 1 -9 2.1 56
2 466 2 -9 0.66 37
1 27 1 -9 0.35 32
3 409 1 -9 0.8 37
1 32 1 -9 0.35 32
2 811 2 -9 0.56 36
2 521 1 -9 0.33 31
2 515 1 7 0.74 43
2 986 2 -9 0.56 36
2 982 2 3 0.56 35
2 980 2 3 0.46 35
2 1038 2 3 0.4 32
2 429 2 -9 0.72 36
2 483 2 -9 0.56 34
2 915 2 -9 0.45 33
2 966 1 3 0.41 34
2 922 1 -9 0.51 37
2 824 2 -9 0.57 37
1 350 1 -9 0.65 42
2 740 2 4 0.43 34
2 698 1 -9 0.46 35
2 587 2 -9 0.42 34
2 588 2 -9 0.42 33
2 576 2 -9 0.52 35
1 56 2 2 0.2 27
1 65 2 3 0.4 31
1 227 2 -9 0.4 35
1 237 1 3 0.2 30
2 787 2 -9 0.8 41
1 153 1 4 0.58 38
1 286 1 -9 0.3 31
3 596 2 -9 1.15 40
1 72 2 3 0.4 31
1 117 2 3 0.36 32
2 652 1 2 0.28 31
2 641 2 -9 0.44 33
3 396 1 -9 0.96 39
2 806 1 3 0.26 30
2 630 1 -9 0.2 26
2 809 2 -9 0.6 36
2 519 1 -9 0.46 35
1 209 2 -9 0.3 34
1 299 2 -9 0.85 40
2 427 2 2 0.4 32
2 488 1 -9 0.82 42
2 472 2 2 0.46 34
2 556 2 3 0.61 35
2 820 2 3 0.56 35
2 936 2 -9 0.62 39
2 939 1 5 0.73 42
2 827 1 -9 0.34 32
2 837 2 -9 0.36 31
2 836 2 -9 0.56 37
2 954 2 -9 0.91 42
2 878 2 -9 0.32 29
2 844 2 -9 0.55 37
1 344 2 -9 0.69 39
2 703 2 -9 0.48 34
2 745 2 3 0.4 33
2 738 2 -9 0.34 31
2 719 2 -9 0.4 31
2 713 2 -9 0.52 35
2 695 1 -9 0.47 35
2 728 2 -9 0.48 33
2 566 1 -9 0.38 34
2 584 2 3 0.3 33
1 226 1 -9 0.3 33
1 221 2 -9 0.5 35
1 243 2 -9 0.5 33
1 215 2 7 0.9 43
1 152 2 4 -9 38
1 168 2 -9 0.4 35
1 154 1 7 0.48 37
3 367 2 -9 0.24 37
1 70 1 7 0.96 45
1 69 1 4 0.4 33
1 93 2 -9 0.45 33
2 676 2 -9 0.7 39
1 3 1 3 0.5 35
1 4 2 3 0.45 32
2 809 2 -9 0.35 31
2 812 2 -9 0.84 40
2 1044 2 -9 0.44 35
1 190 1 3 0.43 34
2 997 2 -9 0.42 33
1 208 2 -9 0.2 28
1 203 1 -9 0.5 38
2 428 2 3 0.48 32
2 925 2 -9 0.52 34
2 848 1 -9 0.7 41
2 886 2 -9 0.44 34
2 912 2 -9 0.53 33
2 899 2 3 0.76 38
1 315 1 -9 0.15 28
2 750 2 3 0.79 39
2 570 2 -9 0.3 29
2 732 1 -9 0.3 30
2 761 2 -9 0.44 33
3 594 1 -9 1.01 41
3 593 2 -9 1.2 41
1 85 1 -9 0.32 32
1 85 2 -9 0.56 38
1 79 1 -9 0.5 36
1 109 1 -9 0.62 38
1 127 1 -9 0.3 31
1 133 1 -9 0.27 30
1 147 2 6 0.29 33
1 272 2 -9 0.2 28
1 244 1 3 0.65 37
3 400 2 -9 1 38
2 624 2 -9 0.5 33
2 515 1 -9 0.77 44
1 209 2 -9 0.25 29
1 197 2 -9 0.53 36
2 863 1 -9 0.23 28
2 494 2 2 0.46 32
2 817 2 3 0.48 33
2 943 2 -9 0.57 40
2 839 2 -9 0.42 34
3 799 2 -9 1.12 40
2 958 2 -9 0.59 35
2 955 2 -9 0.5 33
2 879 2 -9 0.46 33
2 833 2 -9 0.57 36
1 338 1 -9 0.74 44
2 703 2 -9 0.47 34
2 584 2 -9 0.42 33
1 50 1 4 0.3 31
1 47 1 3 0.2 27
2 761 1 -9 0.65 36
2 765 2 -9 0.44 31
1 292 2 -9 0.22 28
1 289 2 -9 0.5 34
1 286 2 -9 0.54 38
1 87 1 -9 0.37 33
1 78 1 5 0.55 40
1 106 1 -9 0.63 38
1 124 1 -9 0.52 35
1 119 1 4 0.55 35
1 116 1 -9 0.95 43
1 133 2 9 1.18 44
2 661 2 3 0.42 33
2 455 2 -9 0.38 32
2 679 2 -9 0.5 34
1 392 1 -9 0.68 37
1 11 2 -9 0.3 30
3 402 2 -9 0.82 38
2 519 2 -9 0.5 34
2 509 1 -9 1.14 46
1 209 1 -9 0.45 35
2 492 1 -9 0.42 34
2 936 1 -9 0.49 39
2 929 2 3 0.46 34
2 837 2 -9 0.5 34
2 825 2 -9 0.34 30
1 313 1 3 0.4 33
1 355 2 -9 0.57 36
1 336 2 -9 0.58 41
1 360 2 4 0.57 37
1 354 2 3 0.34 32
2 735 1 -9 0.68 40
2 698 2 -9 0.84 42
2 712 2 -9 0.32 31
2 732 1 -9 0.48 34
2 566 2 -9 0.62 40
3 557 2 -9 1 40
1 49 2 -9 0.35 34
1 53 2 3 0.25 31
2 618 2 -9 0.25 26
2 617 2 3 0.4 31
1 241 2 -9 0.3 30
1 171 2 -9 0.3 33
3 421 1 -9 1.55 47
1 77 1 -9 0.34 33
2 654 1 -9 0.3 30
2 651 1 -9 0.48 37
1 272 2 3 0.25 29
1 270 1 -9 0.4 34
2 679 2 3 0.45 34
2 468 2 -9 0.62 36
1 12 1 -9 0.3 30
1 7 1 -9 0.8 35
2 523 2 -9 0.66 38
2 520 2 -9 0.69 37
2 1008 2 -9 0.4 33
2 1038 2 -9 0.46 32
2 483 1 -9 0.54 39
2 977 1 2 0.37 33
2 884 1 -9 0.41 32
2 930 1 -9 0.41 35
3 798 2 -9 1.06 41
2 955 2 -9 0.44 33
2 908 2 -9 0.52 34
2 954 2 3 0.51 36
2 869 2 -9 0.46 34
2 710 2 -9 0.46 34
2 748 2 -9 0.49 35
1 51 1 4 0.5 37
2 621 1 -9 0.4 34
1 221 2 -9 0.2 27
2 775 1 -9 0.38 30
3 375 2 -9 1.1 39
1 71 1 10 0.74 43
2 662 2 -9 0.57 34
2 660 2 -9 0.53 32
2 642 1 -9 0.36 31
3 362 2 -9 1.06 42
3 396 2 -9 0.69 37
2 814 1 -9 0.31 31
2 984 2 -9 0.76 40
2 921 1 -9 0.32 30
2 473 2 -9 0.62 36
2 927 1 -9 0.43 34
2 970 1 -9 0.58 38
2 847 2 -9 0.69 40
1 318 2 -9 0.4 33
1 308 2 -9 0.3 31
2 690 2 -9 0.63 34
2 705 1 -9 0.56 38
2 568 1 -9 0.58 43
2 753 1 3 0.96 45
1 57 1 -9 0.25 31
1 235 1 -9 0.2 25
1 163 1 -9 0.37 36
1 155 2 -9 0.65 44
3 372 2 -9 0.8 35
1 92 2 -9 0.27 30
2 645 2 -9 0.53 33
1 148 2 -9 0.45 37
1 272 2 -9 0.3 30
1 28 1 -9 0.4 31
1 19 1 5 0.75 40
3 413 1 -9 1.18 42
3 419 2 -9 1.35 41
3 419 2 -9 1.5 42
1 300 1 -9 0.7 38
2 443 2 -9 0.42 31
2 858 2 -9 0.56 37
2 494 1 -9 0.28 29
2 911 1 -9 0.41 32
2 480 2 -9 0.52 35
2 962 2 2 0.43 33
2 899 2 -9 0.32 31
2 971 1 -9 0.16 26
1 307 1 -9 0.35 32
1 323 1 3 0.3 33
2 559 1 3 0.49 34
2 564 1 -9 0.48 36
2 581 2 -9 0.54 34
1 65 1 -9 0.6 38
2 776 1 3 0.46 34
1 156 2 -9 0.63 41
2 783 2 -9 0.92 42
1 280 1 3 0.54 35
3 608 2 -9 1.01 40
3 597 2 -9 1.2 41
3 594 2 -9 1.16 41
1 81 2 -9 0.33 30
1 79 1 -9 0.24 29
1 110 1 -9 0.39 32
1 100 1 -9 0.37 33
1 101 1 -9 0.51 34
1 126 2 -9 0.71 38
2 657 2 -9 0.42 35
1 141 1 -9 0.43 35
2 640 1 2 0.32 31
1 251 1 -9 0.45 37
2 449 1 3 0.5 36
2 682 1 3 0.4 34
2 678 1 -9 0.3 30
2 687 2 -9 0.3 29
1 2 1 3 0.55 36
3 414 2 -9 0.76 36
2 626 1 -9 0.4 32
2 636 2 -9 0.4 33
2 1035 2 -9 0.46 33
2 1041 1 -9 0.3 29
2 434 2 4 0.62 36
2 430 1 -9 0.58 39
2 852 2 -9 0.46 32
2 920 1 -9 0.22 27
2 911 1 -9 0.47 34
2 929 2 3 0.52 35
2 949 2 3 0.47 33
2 900 1 3 0.38 33
2 907 1 -9 0.36 33
1 318 1 -9 0.3 30
1 306 2 -9 0.6 40
1 351 2 -9 0.73 41
1 352 1 -9 0.82 41
2 568 1 -9 0.62 37
2 580 1 5 0.42 37
2 574 2 -9 0.38 33
1 58 1 -9 0.55 40
3 389 1 -9 1.2 43
1 259 2 -9 0.4 35
1 248 1 -9 0.3 30
1 249 2 -9 0.4 33
2 460 2 -9 0.52 34
3 362 2 -9 0.82 39
3 408 1 -9 0.86 39
1 36 2 4 0.45 35
3 412 1 -9 0.81 37
3 396 2 -9 0.91 38
1 393 2 -9 0.81 38
2 810 2 -9 0.41 33
2 514 2 -9 0.48 37
2 991 2 -9 0.52 34
2 1015 2 -9 0.4 32
2 1025 1 -9 0.48 35
2 440 2 -9 0.53 32
2 427 1 3 0.55 35
2 431 2 -9 0.8 40
2 471 2 3 0.71 39
2 470 1 2 0.46 33
2 487 2 2 0.62 37
2 532 2 -9 0.47 33
2 849 2 -9 0.64 36
2 867 1 -9 0.28 29
2 892 1 -9 0.39 34
2 956 1 -9 0.31 31
2 907 1 2 0.32 31
2 693 2 -9 0.57 34
2 586 2 -9 0.6 36
1 52 1 -9 0.4 33
1 59 1 -9 0.45 36
2 784 2 -9 0.72 43
1 184 1 -9 0.43 34
1 161 1 -9 0.62 41
1 113 2 -9 0.3 30
1 69 2 3 0.56 36
1 98 1 7 0.81 43
1 128 1 -9 0.28 30
2 664 1 -9 0.42 32
2 669 2 -9 0.27 28
1 136 2 -9 0.04 18
2 668 1 -9 0.36 32
2 463 2 -9 0.56 35
2 675 2 -9 0.45 31
2 528 2 -9 0.3 30
2 994 2 -9 0.5 35
2 1026 2 -9 0.62 38
2 478 2 -9 0.48 33
2 822 2 2 0.57 35
2 926 1 -9 0.5 37
2 838 1 3 0.35 33
2 480 1 3 0.28 30
2 935 2 -9 0.56 36
2 887 1 2 0.37 33
2 871 2 -9 0.51 34
1 349 2 -9 0.91 41
2 585 2 -9 0.46 34
2 577 2 3 0.48 34
2 614 2 -9 0.35 30
1 224 1 -9 0.3 33
1 224 2 -9 0.5 35
1 238 2 -9 0.3 30
1 164 2 -9 0.48 37
1 81 2 3 0.65 37
1 101 2 3 0.53 33
1 101 1 -9 0.63 37
1 134 1 -9 0.3 31
1 261 2 4 0.55 38
1 259 2 -9 0.2 29
1 247 2 -9 0.5 34
1 13 2 -9 0.5 35
1 39 1 -9 0.45 36
2 555 2 -9 0.2 28
2 417 1 4 0.83 41
2 857 2 3 0.56 35
2 503 2 -9 0.45 34
2 480 2 3 0.36 31
2 849 1 -9 0.43 34
2 875 2 -9 0.41 32
2 924 1 -9 0.35 31
2 898 2 10 1.1 45
2 889 1 -9 0.36 33
1 309 2 -9 0.3 33
1 357 1 -9 0.57 38
2 719 2 -9 0.42 34
2 725 1 -9 0.35 32
2 729 1 -9 0.41 33
1 47 2 -9 0.25 29
1 219 2 -9 0.5 36
1 231 2 -9 0.2 26
2 793 1 -9 0.4 33
2 763 2 -9 0.52 32
2 762 2 -9 0.66 37
2 774 2 -9 0.62 40
2 760 2 4 0.68 38
1 292 2 -9 0.25 29
1 294 2 -9 0.5 39
3 604 2 -9 1.24 42
3 603 2 -9 1.05 40
3 370 2 -9 0.8 38
1 118 2 3 0.49 34
1 108 2 -9 0.38 31
1 99 1 -9 0.36 33
1 29 2 -9 0.3 30
1 10 1 -9 0.45 36
2 807 1 -9 0.41 34
2 624 2 -9 0.44 34
2 635 2 -9 0.34 33
2 499 1 3 0.49 35
3 418 2 -9 0.9 39
2 415 1 4 0.63 39
2 511 1 -9 0.85 42
2 1016 1 -9 0.4 34
2 980 1 2 0.42 34
2 1044 2 3 0.52 36
1 190 2 3 0.45 34
2 1024 1 2 0.34 32
2 436 1 -9 0.64 38
2 437 1 -9 0.58 36
2 853 1 -9 0.42 34
2 938 1 -9 0.6 39
2 887 2 -9 0.52 34
2 831 2 3 0.5 35
2 914 1 -9 0.33 31
2 871 1 -9 0.56 38
2 830 2 -9 0.4 32
2 828 2 3 0.42 32
1 317 2 -9 0.35 35
2 696 2 -9 0.6 36
2 694 1 -9 0.62 40
2 731 2 -9 0.17 26
2 610 2 3 0.36 32
1 233 1 -9 0.7 42
1 163 1 -9 0.28 31
1 185 2 -9 0.25 31
1 109 1 -9 0.38 32
1 144 1 -9 0.19 28
1 28 2 -9 0.45 33
1 3 1 3 0.4 33
3 412 1 -9 1.12 42
2 627 2 -9 0.5 33
2 805 1 -9 0.3 30
2 505 1 -9 0.66 39
2 509 2 4 0.57 37
2 526 1 -9 0.39 32
2 417 1 7 1.19 45
2 530 2 -9 0.36 32
2 984 2 -9 0.56 33
2 1020 1 4 0.6 39
2 1037 1 -9 0.46 36
2 434 2 -9 0.86 41
2 489 2 7 0.55 40
2 855 1 -9 0.42 33
2 861 1 3 0.42 34
2 487 1 -9 0.41 33
2 922 2 -9 0.44 33
2 890 2 3 0.37 32
1 309 2 2 0.3 31
1 359 1 -9 0.49 36
1 41 2 3 0.4 35
1 42 2 4 0.65 38
1 225 2 -9 0.5 34
1 239 1 -9 0.2 27
1 151 2 3 0.52 37
1 296 2 -9 0.58 39
1 278 2 3 0.46 34
3 601 2 -9 0.92 38
1 103 1 3 0.31 30
1 100 2 -9 0.57 36
1 245 2 6 0.8 43
1 25 2 4 0.3 30
1 18 1 -9 0.5 37
3 395 2 -9 0.82 38
2 505 2 -9 0.64 41
2 505 2 6 0.72 41
2 531 1 -9 0.4 32
2 984 1 -9 0.7 41
1 207 1 -9 0.45 37
1 300 2 -9 0.65 34
2 426 1 1 0.28 29
2 490 1 -9 0.4 33
2 445 2 -9 0.52 34
2 547 2 3 0.55 35
2 820 2 2 0.37 33
2 817 1 6 0.9 44
2 816 2 3 0.65 36
2 959 2 -9 0.44 33
3 799 1 -9 0.88 40
2 882 2 -9 0.3 30
2 899 1 -9 0.48 37
1 327 2 -9 0.6 39
2 583 2 3 0.5 34
1 52 1 -9 0.25 30
2 623 1 -9 0.35 31
1 230 2 -9 0.6 38
2 788 2 -9 0.64 36
1 168 1 -9 0.35 36
3 755 1 -9 0.98 42
1 184 2 4 0.4 34
2 781 1 -9 0.82 42
3 379 2 -9 0.7 37
2 647 2 -9 0.45 33
2 647 1 -9 0.71 41
1 256 1 -9 0.2 28
1 252 2 2 0.21 28
2 672 1 -9 0.35 30
2 672 1 3 0.45 35
2 674 1 3 0.45 34
1 2 1 5 0.7 40
1 39 2 3 0.35 33
3 403 2 -9 0.65 36
2 808 1 -9 0.39 34
2 800 1 -9 0.38 31
2 1003 2 -9 0.4 33
2 539 2 -9 0.44 35
2 535 1 3 0.29 30
2 1031 2 -9 0.64 36
1 199 1 -9 0.32 31
2 854 1 -9 0.41 34
2 942 2 -9 0.54 37
2 946 2 -9 0.77 41
2 939 2 -9 0.67 40
2 867 1 -9 0.37 33
2 903 2 -9 0.63 37
1 306 2 -9 0.45 37
1 308 2 -9 0.45 34
2 749 2 -9 0.49 34
2 736 2 -9 0.38 32
2 582 2 -9 0.58 35
2 582 2 -9 0.66 39
1 66 1 -9 0.25 30
1 239 2 3 0.3 31
1 179 2 -9 0.25 32
1 296 1 -9 0.81 44
3 609 2 -9 0.84 40
3 558 2 -9 1.05 40
3 364 2 -9 0.16 33
1 114 1 -9 0.58 38
1 92 2 -9 0.23 28
2 652 2 -9 0.33 31
1 89 1 -9 0.26 29
2 674 2 -9 0.45 36
1 28 2 -9 0.45 35
1 5 2 4 0.7 38
1 16 1 -9 0.65 41
2 631 1 -9 0.36 33
2 508 2 -9 0.64 41
2 540 1 3 0.39 32
2 1004 2 2 0.44 32
2 1012 2 3 0.52 35
2 992 2 -9 0.56 35
1 190 1 3 0.42 33
1 195 2 -9 0.6 39
2 437 1 -9 0.74 40
2 484 1 -9 0.6 37
2 857 2 -9 0.67 39
2 839 2 -9 0.45 33
2 827 1 -9 0.43 35
2 960 2 -9 0.48 34
2 872 2 3 0.45 33
2 952 1 7 0.69 43
2 873 1 -9 0.47 36
1 349 1 -9 0.6 37
2 728 2 -9 0.44 32
2 575 1 7 0.54 39
2 619 2 -9 0.35 36
1 52 2 -9 0.3 28
2 623 2 -9 0.4 32
2 777 2 -9 0.48 33
2 767 2 -9 0.49 33
3 370 1 -9 0.22 37
1 124 2 -9 0.2 27
2 639 2 -9 0.37 32
1 251 2 2 0.25 28
1 149 1 -9 0.6 41
1 257 1 3 0.48 35
1 244 2 3 0.46 32
2 467 2 -9 0.58 33
3 405 2 -9 1.06 40
1 331 1 7 0.7 48
2 524 2 -9 0.63 36
2 506 2 -9 0.72 40
2 544 2 -9 0.37 30
2 1016 2 2 0.48 35
2 1039 1 -9 0.44 33
2 981 2 3 0.56 34
2 928 1 -9 0.42 33
2 917 2 -9 0.64 36
2 939 1 -9 0.48 36
2 932 1 -9 0.57 40
2 958 1 -9 0.61 40
2 826 1 -9 0.33 32
2 750 2 3 0.6 36
2 736 2 -9 0.43 35
2 569 1 2 0.44 35
2 611 2 -9 0.4 30
1 214 1 4 0.4 34
1 160 2 -9 0.57 38
2 767 2 -9 0.5 31
1 287 2 8 0.63 38
1 295 1 -9 0.54 39
3 598 2 -9 1.03 40
3 592 2 -9 1.08 41
1 112 2 -9 0.42 32
2 646 2 -9 0.34 30
2 656 1 -9 0.32 32
2 648 2 -9 0.63 38
1 145 2 7 0.31 34
1 262 2 3 0.25 30
1 258 2 3 0.4 32
2 685 2 -9 0.5 37
2 469 2 3 0.37 31
1 34 1 4 0.35 33
3 410 2 -9 0.79 36
3 406 1 -9 0.82 37
2 415 2 7 1.06 45
2 1026 2 -9 0.52 36
2 1039 2 -9 0.44 33
2 1043 1 -9 0.94 44
1 195 1 -9 0.4 34
2 435 2 -9 0.7 37
2 487 2 -9 0.6 38
2 473 2 -9 0.66 39
3 425 2 -9 1.05 41
2 944 1 -9 0.45 35
2 864 1 -9 0.17 27
2 967 1 3 0.33 32
2 916 2 -9 0.44 32
2 879 1 3 0.49 34
1 324 1 -9 0.7 43
1 355 2 -9 0.41 33
2 560 1 3 0.56 36
2 753 1 3 0.9 43
2 769 2 -9 0.5 32
1 274 2 3 0.59 36
3 595 1 -9 0.8 41
3 369 2 -9 0.84 36
1 124 2 3 0.23 27
1 107 2 -9 0.37 33
1 68 2 3 0.48 34
1 121 2 -9 1.06 42
1 130 2 -9 0.29 29
1 88 2 3 0.43 34
2 648 2 4 0.65 38
2 651 1 -9 0.43 34
3 387 1 -9 1.45 46
1 142 2 4 0.8 39
1 260 1 -9 0.48 34
1 38 2 -9 0.55 35
1 20 2 -9 0.2 28
3 410 2 -9 0.99 39
2 546 1 -9 0.44 34
1 201 1 -9 0.3 30
2 1024 2 -9 0.52 35
2 490 2 -9 0.53 35
2 881 1 -9 0.19 27
2 826 2 -9 0.53 35
2 843 2 -9 0.32 31
2 909 1 -9 0.36 31
2 956 2 3 0.45 34
1 343 1 10 0.71 44
1 345 2 -9 0.61 37
1 352 2 -9 0.62 37
2 689 2 3 0.55 35
2 725 2 -9 0.49 37
1 218 2 -9 0.4 31
1 174 1 -9 0.3 32
1 166 2 -9 0.73 38
1 109 2 -9 0.57 36
1 118 1 -9 0.21 26
1 120 1 -9 0.5 35
2 638 1 3 0.69 38
2 656 1 -9 0.29 31
1 138 2 -9 0.39 36
1 267 1 -9 0.45 36
1 244 2 3 0.46 34
2 678 1 -9 0.35 32
1 14 2 4 0.6 36
3 404 2 -9 0.78 38
2 994 1 -9 0.38 33
2 989 2 -9 0.66 36
2 471 2 3 0.59 36
2 946 1 6 0.65 39
2 935 2 -9 0.52 36
2 940 1 -9 0.37 33
2 940 2 -9 0.73 40
2 823 2 -9 0.46 33
2 916 2 -9 0.62 36
2 883 1 3 0.39 33
2 876 1 -9 0.41 33
2 828 2 -9 0.51 35
2 836 2 -9 0.54 35
2 889 2 -9 0.42 34
1 348 2 -9 0.95 44
2 715 2 -9 0.46 35
2 565 2 -9 1 42
2 572 1 -9 0.48 38
2 587 1 -9 0.36 33
2 589 2 -9 0.35 31
2 612 2 -9 0.4 31
1 222 2 3 0.4 32
1 215 2 3 0.5 35
1 183 1 -9 0.3 31
1 284 1 -9 0.27 30
1 125 2 -9 0.22 26
1 70 2 5 0.76 41
1 135 1 -9 0.16 26
1 264 2 -9 0.35 32
1 270 2 -9 0.2 27
1 32 1 -9 0.3 30
2 636 2 3 0.44 33
2 801 2 -9 0.61 35
2 517 2 4 0.54 34
2 552 2 -9 0.5 33
1 194 1 -9 0.28 29
1 198 1 -9 0.6 38
2 482 2 -9 0.36 32
2 820 2 2 0.33 30
2 829 2 -9 0.47 34
2 870 2 -9 0.53 34
2 919 2 -9 0.69 38
1 306 2 -9 0.55 40
1 319 2 3 0.4 33
2 704 1 -9 0.39 31
2 567 1 -9 0.44 36
1 57 2 -9 0.4 35
1 217 2 3 0.4 34
2 790 2 -9 0.6 36
1 154 1 -9 0.48 35
3 606 2 -9 1.23 43
3 423 2 -9 1.45 43
1 128 1 -9 0.26 29
3 389 2 -9 0.9 38
1 267 2 -9 0.55 41
1 263 1 -9 0.65 42
2 676 1 -9 0.4 34
2 464 2 -9 0.56 34
2 675 2 -9 0.5 33
1 5 1 3 0.5 35
1 29 1 -9 0.35 32
3 404 2 -9 0.93 38
2 499 2 3 0.62 35
2 500 1 3 0.57 36
2 522 2 -9 0.51 34
2 523 1 3 0.55 36
2 520 2 5 0.7 39
2 545 1 -9 0.27 29
2 548 1 -9 0.36 33
2 530 2 3 0.44 33
2 541 2 -9 0.4 33
2 1018 2 4 0.46 33
2 1040 2 -9 0.48 36
2 485 1 -9 0.48 35
2 865 1 -9 0.35 32
2 477 2 3 0.44 32
2 851 2 -9 0.65 36
2 933 2 -9 0.48 34
2 906 2 -9 0.57 36
2 905 1 -9 0.34 32
2 970 2 -9 0.4 34
2 879 2 -9 0.2 28
2 922 2 4 0.69 37
2 889 2 -9 0.26 28
1 320 2 4 0.7 40
2 570 1 -9 0.44 34
2 580 2 -9 0.72 37
2 614 2 -9 0.7 39
1 66 1 4 0.4 34
1 225 1 5 0.4 34
2 779 1 -9 0.77 42
2 765 1 -9 0.23 26
1 283 2 -9 0.58 39
3 595 2 -9 0.97 40
1 87 2 -9 0.3 30
1 125 1 -9 0.45 34
1 123 1 3 0.39 34
1 77 1 -9 0.46 36
1 95 1 -9 0.33 31
2 652 2 -9 0.48 34
2 659 2 -9 0.34 30
2 642 2 -9 0.5 34
1 146 2 -9 0.21 28
1 253 2 7 0.75 39
1 258 2 -9 0.35 33
1 21 1 -9 0.6 37
2 625 1 -9 0.5 34
2 1015 1 -9 0.42 34
2 1028 1 -9 0.4 36
2 446 2 -9 0.48 34
2 432 2 -9 0.62 36
2 497 1 3 1.46 38
2 821 2 3 0.47 34
2 931 1 -9 0.55 38
2 891 1 -9 0.32 32
2 733 2 -9 0.37 31
2 741 1 3 0.36 33
1 53 1 -9 0.2 27
1 65 2 -9 0.25 30
1 180 1 3 0.3 31
1 186 2 4 0.4 32
1 187 2 4 0.38 34
2 766 2 3 0.5 33
3 422 1 -9 0.9 37
2 640 2 -9 0.48 34
1 263 2 -9 0.6 39
1 28 1 -9 0.25 29
1 18 2 -9 0.65 40
2 637 2 -9 0.4 31
2 502 2 2 0.43 32
2 537 1 -9 0.41 32
2 1010 2 -9 0.6 35
2 1028 1 -9 0.46 35
2 1022 1 -9 0.46 36
2 1024 1 -9 0.46 38
1 208 1 -9 0.38 32
2 427 1 2 0.4 31
2 979 1 2 0.37 32
2 705 1 -9 0.77 42
2 567 1 -9 0.4 33
2 564 2 -9 0.6 37
1 228 1 -9 0.6 40
2 794 1 -9 0.55 39
1 295 1 -9 1.01 47
3 601 2 -9 1.33 45
3 598 2 -9 0.88 39
1 116 1 3 0.26 30
1 130 1 3 0.32 30
2 654 2 3 0.48 32
2 644 2 -9 0.33 30
1 147 2 -9 0.22 29
2 676 1 -9 0.55 35
1 16 2 -9 0.3 30
3 399 2 -9 1.25 46
1 14 2 -9 0.85 41
2 513 2 -9 0.5 35
2 1017 2 -9 0.74 40
2 529 1 -9 0.3 29
2 1046 2 5 0.82 41
2 1019 2 -9 0.46 33
2 496 2 -9 0.41 33
2 447 1 -9 0.4 33
2 953 2 -9 0.55 35
2 948 2 -9 0.35 31
2 866 2 3 0.42 33
2 903 2 -9 0.51 34
1 311 1 -9 0.65 43
1 344 2 -9 0.71 41
2 706 2 -9 0.95 42
2 702 2 -9 0.89 42
2 748 1 -9 0.31 33
2 725 2 -9 0.42 32
2 701 2 -9 0.6 35
1 49 1 -9 0.15 28
1 230 1 -9 0.3 29
1 182 1 -9 0.45 33
2 756 2 -9 0.52 33
1 292 1 -9 0.31 31
1 288 2 -9 0.89 42
1 281 2 3 0.42 32
1 334 1 -9 0.57 37
3 373 2 -9 0.65 38
1 73 2 -9 0.23 28
1 97 1 4 0.38 33
1 88 2 -9 0.39 32
2 648 1 -9 0.38 33
2 656 2 7 0.64 40
1 137 1 -9 0.22 27
1 139 2 -9 0.22 28
1 135 1 -9 0.37 33
1 262 2 -9 0.2 26
1 256 1 -9 0.3 29
2 678 1 2 0.3 29
2 465 2 -9 0.42 33
2 628 1 -9 0.32 32
2 546 2 -9 0.34 31
2 1044 2 -9 0.42 33
2 428 2 -9 0.5 33
2 488 1 -9 0.84 43
2 860 2 -9 0.49 36
2 856 1 -9 0.56 37
2 929 2 -9 0.57 35
2 895 2 -9 0.29 30
2 902 2 -9 0.59 36
2 936 1 -9 0.42 35
3 795 2 -9 2.63 39
2 906 1 -9 1.09 42
2 914 1 2 0.33 30
1 305 2 2 0.35 31
2 688 1 2 0.48 33
2 750 1 3 0.93 42
2 619 1 2 0.3 29
1 186 2 -9 0.4 34
1 183 1 -9 0.15 25
3 608 1 -9 0.92 41
3 593 2 -9 1.15 41
3 369 1 -9 0.74 38
1 108 2 -9 0.64 37
1 90 2 -9 0.63 38
1 96 1 -9 0.28 30
1 266 1 -9 0.7 43
2 461 2 -9 0.72 41
1 8 1 -9 0.45 33
1 329 2 3 0.3 32
2 633 1 -9 0.34 31
2 510 1 -9 0.7 40
2 531 1 -9 0.21 27
2 1006 2 -9 0.64 37
2 1020 2 3 0.48 34
2 998 2 2 0.34 31
2 380 1 3 1.2 44
2 486 2 -9 0.64 39
2 892 1 3 0.36 33
2 963 2 -9 0.34 31
2 969 2 -9 0.4 33
2 836 2 -9 0.58 34
2 903 1 -9 0.47 42
2 919 2 -9 0.41 32
1 312 2 3 0.4 33
1 345 2 -9 0.61 37
2 723 2 -9 0.5 37
2 777 1 -9 0.58 38
3 370 2 -9 0.7 36
3 366 2 -9 0.76 40
1 71 2 3 0.48 34
1 247 2 -9 0.9 42
1 30 1 -9 0.35 31
2 810 2 4 0.57 36
2 801 1 -9 0.39 32
2 528 2 -9 0.54 34
2 554 2 -9 0.4 31
2 999 2 -9 0.36 30
1 213 2 -9 0.2 29
2 818 2 2 0.43 33
2 923 1 -9 0.63 40
2 865 1 2 0.41 33
2 926 2 -9 0.28 29
2 839 1 -9 0.29 30
2 933 1 4 0.55 38
2 842 2 -9 0.39 34
2 947 2 -9 0.45 33
2 949 2 -9 0.51 35
1 326 1 -9 0.55 41
1 350 2 -9 0.7 42
1 356 1 -9 0.7 42
2 735 2 -9 0.35 31
2 729 2 2 0.44 34
2 692 2 -9 0.43 31
2 576 2 -9 0.7 38
1 46 1 -9 0.15 28
1 55 1 4 0.5 36
1 57 1 -9 0.25 28
2 785 1 3 0.59 36
1 180 2 -9 0.15 27
2 760 2 4 0.55 35
2 773 2 -9 0.52 33
1 112 1 -9 0.66 41
1 113 2 -9 0.18 26
1 117 2 -9 1.14 43
1 146 2 3 0.27 29
1 273 1 3 0.2 29
2 454 2 -9 0.67 38
2 459 2 -9 0.54 35
2 687 2 -9 0.4 33
2 466 2 -9 0.56 36
1 37 2 -9 0.45 33
2 814 2 -9 0.49 34
2 1007 2 2 0.4 32
2 1007 2 -9 0.58 37
1 191 2 4 0.58 38
1 210 2 -9 0.6 37
2 434 2 -9 0.42 32
2 380 1 3 1.18 44
2 437 2 -9 0.52 34
2 556 2 -9 0.56 34
2 868 2 -9 0.39 32
2 875 1 5 0.59 40
1 318 2 2 0.25 29
2 691 2 -9 0.49 34
2 587 2 -9 0.46 34
2 563 1 -9 0.52 36
2 583 1 -9 0.48 37
2 622 1 -9 0.45 34
2 617 1 -9 0.25 29
1 59 2 -9 0.55 37
1 233 2 -9 0.6 39
1 240 2 -9 0.2 29
1 232 1 -9 0.2 30
2 794 1 -9 0.51 36
1 275 2 3 0.38 33
1 123 2 -9 0.45 33
1 76 1 -9 0.91 43
1 130 1 -9 0.22 27
1 89 2 3 0.25 29
1 128 1 -9 0.23 28
1 136 2 2 0.15 26
1 271 2 3 0.3 31
2 459 2 3 0.42 33
2 679 1 -9 0.4 35
1 1 1 10 0.9 43
1 4 2 3 0.5 34
2 513 1 7 0.68 41
2 543 1 -9 0.41 35
2 983 2 -9 0.52 37
1 192 1 7 -9 45
2 493 1 -9 0.46 35
2 489 1 -9 0.33 31
2 479 2 -9 0.5 34
2 917 1 -9 0.42 32
2 943 2 -9 0.47 35
2 905 1 3 0.43 34
2 960 1 -9 0.34 32
2 830 2 -9 0.29 30
2 828 2 -9 0.51 36
2 919 2 -9 0.47 34
1 358 1 -9 0.66 41
2 717 2 2 0.33 32
2 619 1 -9 0.32 29
1 62 2 5 0.6 39
1 64 1 -9 0.2 30
1 223 1 -9 0.2 29
1 83 1 -9 0.38 35
1 96 2 -9 0.56 45
2 646 2 -9 0.6 33
3 388 2 -9 1 40
1 246 1 3 0.35 32
1 261 1 -9 0.3 30
3 408 2 -9 0.88 38
2 802 1 -9 0.6 38
2 500 1 2 0.47 34
2 506 2 -9 0.67 38
2 537 1 -9 0.46 35
2 540 1 7 0.53 38
2 555 2 -9 0.59 36
2 1004 2 -9 0.8 42
2 443 2 -9 0.88 41
2 438 2 -9 0.56 35
2 928 1 -9 0.36 31
2 494 2 -9 0.54 35
3 425 2 -9 1.14 41
2 904 1 -9 0.35 32
2 956 2 -9 0.54 34
2 894 1 -9 0.33 30
1 317 1 -9 0.2 25
1 305 2 -9 0.5 38
2 382 2 3 0.68 39
2 754 2 3 1.05 40
2 589 1 -9 0.4 33
1 66 1 -9 0.3 30
1 221 1 -9 0.2 27
1 214 1 3 0.3 32
1 170 1 7 0.55 43
1 291 1 -9 0.43 34
1 274 2 3 0.6 37
3 599 2 -9 0.86 38
3 603 2 -9 0.94 41
3 422 2 -9 1.2 43
3 368 2 -9 0.74 37
2 638 2 2 0.51 35
2 657 1 3 0.51 37
3 409 1 -9 0.81 38
2 802 2 3 0.57 33
2 987 2 7 0.71 41
2 439 2 -9 0.64 34
2 860 1 -9 0.64 41
2 822 2 2 0.75 39
2 885 1 -9 0.34 33
2 973 2 -9 0.22 27
1 312 2 -9 0.35 35
1 325 2 5 0.7 42
2 738 2 -9 0.59 35
2 587 2 -9 0.42 34
2 616 2 -9 0.5 36
1 223 2 3 0.4 32
1 157 2 -9 0.65 41
2 770 2 -9 0.66 35
1 125 1 -9 0.19 32
2 668 2 2 0.35 32
1 259 1 -9 0.35 34
1 255 1 -9 0.35 32
1 248 1 3 0.35 31
3 407 2 -9 0.92 40
1 14 2 3 0.2 27
2 550 2 2 0.51 34
2 988 2 -9 0.56 35
1 211 2 -9 0.3 31
1 194 1 -9 0.3 33
2 475 2 3 0.48 34
2 905 1 -9 0.33 31
2 961 1 -9 0.43 34
3 796 2 -9 1.46 42
2 869 1 -9 0.44 37
2 976 1 1 0.18 25
2 893 1 -9 0.27 30
1 312 1 -9 0.25 33
1 337 2 3 0.47 34
1 339 2 -9 0.67 41
2 747 1 -9 0.3 30
2 716 2 -9 0.57 35
2 619 1 -9 0.3 31
1 54 1 -9 0.3 30
1 228 2 -9 0.5 36
1 241 1 -9 0.3 28
2 768 1 -9 0.36 30
1 287 2 -9 0.68 38
1 121 2 -9 1.03 42
1 131 2 -9 0.18 26
1 35 1 -9 0.35 33
3 402 1 -9 1.51 45
2 633 2 4 0.64 36
2 986 1 -9 0.62 39
1 192 2 4 -9 36
2 999 2 3 0.5 34
1 205 1 -9 0.25 30
1 301 2 -9 0.45 33
2 862 1 -9 0.32 31
2 861 1 -9 0.75 42
2 471 1 2 0.41 33
2 934 1 -9 0.74 42
2 946 1 -9 0.44 36
2 964 2 -9 0.49 33
2 876 2 -9 0.56 36
2 869 1 -9 0.47 36
2 894 1 -9 0.27 29
1 316 2 -9 0.15 26
2 749 1 3 0.22 29
2 382 2 3 0.67 37
2 752 2 3 0.97 40
2 729 2 -9 0.45 33
2 577 2 -9 0.4 34
2 613 2 -9 0.45 35
1 61 2 -9 0.55 38
1 227 2 3 0.5 35
1 238 2 -9 0.3 33
2 775 2 -9 0.72 36
2 774 1 -9 0.52 34
2 769 1 9 0.58 38
3 607 2 -9 0.7 37
3 602 2 -9 1.59 44
3 369 1 -9 0.86 37
1 105 2 -9 0.47 33
1 103 1 -9 0.62 41
1 107 2 -9 0.96 42
1 88 2 -9 0.18 26
1 126 2 4 0.65 37
2 670 1 -9 0.38 33
1 137 2 -9 0.31 31
1 268 2 -9 0.7 41
1 149 1 4 0.5 36
1 9 2 4 0.85 43
2 814 1 -9 0.35 32
2 501 2 3 0.5 35
2 511 2 4 0.79 40
2 509 2 -9 0.63 36
2 1013 2 -9 0.3 30
2 1021 2 -9 0.38 32
2 999 2 -9 0.44 31
2 863 1 -9 0.37 32
2 901 1 -9 0.38 34
2 960 2 -9 0.37 32
2 872 2 -9 0.39 31
2 825 2 3 0.79 39
2 893 1 3 0.38 34
1 349 2 4 0.7 36
2 748 1 -9 0.33 31
2 381 1 4 0.87 41
2 694 2 -9 0.61 37
2 730 1 -9 0.36 32
2 559 2 3 0.64 36
2 581 2 -9 0.36 31
2 615 1 -9 0.55 37
1 216 2 4 0.6 38
3 383 2 -9 0.98 41
2 763 2 -9 0.46 32
1 287 1 10 0.93 44
3 423 1 -9 0.8 36
3 379 1 -9 1.1 41
1 75 2 4 0.48 35
1 74 2 -9 0.36 31
2 656 2 -9 0.52 34
1 244 2 3 0.45 32
2 684 2 -9 0.2 28
2 452 1 -9 0.7 36
2 674 1 -9 0.3 30
1 1 2 4 0.7 36
2 550 1 -9 0.49 36
2 1030 1 -9 0.52 37
2 992 2 -9 0.62 37
1 190 1 3 0.58 36
2 918 2 -9 0.4 31
2 482 1 2 0.28 29
2 941 1 -9 0.69 42
2 885 2 2 0.47 34
2 888 2 -9 0.35 31
2 888 1 -9 0.46 38
2 870 2 -9 0.41 32
2 878 2 -9 0.33 30
1 358 1 3 0.44 33
2 745 1 -9 0.43 36
2 588 2 -9 0.42 33
2 611 2 -9 0.25 27
1 175 1 4 0.4 33
2 788 1 -9 0.44 33
1 150 1 4 -9 35
1 171 2 -9 0.35 34
3 596 2 -9 1.27 42
3 591 2 -9 0.97 38
3 595 2 -9 0.79 39
3 558 2 -9 0.95 42
3 377 2 -9 1.15 42
3 372 1 -9 1.05 36
1 115 2 -9 0.88 42
1 95 1 -9 0.75 43
1 384 2 -9 0.65 36
3 363 2 -9 0.86 39
3 408 1 -9 0.95 39
1 9 2 -9 0.35 30
3 405 1 -9 0.95 41
2 511 2 -9 0.72 39
2 1038 1 -9 0.28 29
2 1004 2 -9 0.5 34
2 1035 1 3 0.32 32
2 985 2 -9 1.1 44
2 1001 2 -9 0.46 31
1 198 1 -9 0.7 41
2 490 2 -9 0.58 37
2 859 1 3 0.55 36
2 445 2 -9 0.46 32
2 912 1 -9 0.35 31
1 356 1 3 0.53 37
2 746 2 3 0.38 32
2 699 2 -9 0.22 28
2 692 1 -9 0.43 31
2 584 2 -9 0.54 34
1 226 1 3 0.2 30
1 157 1 -9 0.44 40
1 292 1 -9 0.19 28
1 279 1 3 0.48 35
3 602 2 -9 1.05 40
3 558 1 -9 0.8 41
3 366 1 -9 0.78 41
1 84 1 -9 0.69 43
1 132 2 -9 0.4 33
1 264 1 6 0.5 38
2 457 2 -9 0.32 31
2 463 2 -9 0.53 36
2 677 2 -9 0.65 37
1 10 1 -9 0.3 29
3 397 1 -9 0.87 37
1 393 1 -9 0.84 41
3 406 2 -9 0.66 36
2 803 1 -9 0.49 36
1 302 2 -9 1.58 46
3 418 1 -9 1.4 45
2 1006 2 3 0.58 35
2 989 1 -9 0.7 41
2 1000 2 3 0.42 32
2 815 2 2 0.5 33
2 928 1 -9 0.34 32
2 447 1 -9 0.5 35
2 481 2 4 0.56 37
3 798 1 -9 0.78 38
2 908 1 4 0.59 36
2 841 2 2 0.45 34
2 723 2 -9 0.3 31
2 723 2 3 0.37 31
1 43 1 3 0.6 37
1 44 1 3 0.35 30
1 220 2 -9 0.2 27
1 168 2 -9 0.45 36
1 189 1 -9 0.28 30
2 761 1 -9 0.6 35
1 285 2 -9 0.45 34
1 293 1 -9 0.61 40
1 276 2 3 0.6 38
3 379 1 -9 0.8 37
1 98 1 -9 0.3 32
1 88 1 -9 0.21 28
2 671 1 -9 0.33 30
1 33 1 -9 0.65 42
3 418 2 -9 0.95 40
2 554 2 -9 0.35 32
2 1012 2 -9 0.4 33
2 990 2 -9 0.7 39
2 446 2 -9 0.5 33
2 491 2 3 0.54 35
2 475 2 -9 0.54 35
2 816 2 3 0.71 37
2 850 2 -9 0.48 34
2 930 2 -9 0.52 36
2 964 1 3 0.3 31
2 881 2 -9 0.14 25
2 900 2 -9 1.03 43
1 322 1 -9 0.75 42
1 304 2 -9 0.3 31
1 312 2 -9 0.3 33
1 319 1 -9 0.35 32
1 347 1 -9 0.54 37
2 741 2 -9 0.35 31
2 734 1 -9 0.81 42
2 568 2 -9 0.6 38
1 219 2 -9 0.3 32
1 220 2 4 0.5 34
1 236 2 -9 0.1 26
2 784 2 -9 0.79 40
1 182 1 -9 0.3 31
1 290 2 -9 0.85 44
3 595 2 -9 1.08 41
1 333 2 -9 0.56 35
1 87 2 -9 0.54 35
1 81 2 -9 0.72 40
1 109 1 -9 0.42 34
2 638 1 3 0.5 35
2 654 2 -9 0.68 38
3 361 2 -9 0.76 39
1 34 1 -9 0.35 31
3 400 1 -9 0.81 37
2 417 1 5 1.18 46
2 1013 1 -9 0.34 31
2 1005 2 -9 0.42 33
1 201 2 4 0.55 38
2 428 2 -9 0.48 33
2 473 1 -9 0.6 36
2 880 2 -9 0.5 34
2 966 2 -9 0.42 33
1 313 1 3 0.45 34
1 306 2 5 0.55 39
1 337 1 4 0.59 37
2 754 2 3 1.05 40
2 573 1 -9 0.78 42
1 66 1 2 0.15 26
2 616 1 -9 0.4 36
1 218 1 -9 0.7 44
1 226 1 -9 0.3 31
2 778 1 -9 0.62 38
1 150 2 3 -9 36
1 170 1 -9 0.35 35
1 166 2 5 0.53 36
3 594 2 -9 1.1 42
3 371 1 -9 0.75 33
3 367 2 -9 0.26 38
1 80 1 -9 0.63 41
1 119 2 -9 0.72 37
1 91 2 -9 0.66 38
1 89 1 4 0.35 32
2 647 2 -9 0.61 38
1 254 2 -9 0.5 35
1 248 2 3 0.3 30
1 247 2 -9 0.9 40
2 464 2 7 0.66 41
1 27 1 -9 0.25 29
3 410 1 -9 0.97 40
2 514 1 -9 0.76 44
2 540 2 -9 0.61 34
2 551 1 -9 0.46 36
2 535 2 -9 0.28 29
2 987 2 -9 0.72 38
2 436 1 -9 0.74 42
2 880 2 3 0.6 35
2 976 2 -9 0.21 28
2 897 1 -9 0.93 45
1 309 2 -9 0.8 43
1 352 1 -9 0.64 40
2 725 2 -9 0.5 34
2 753 1 3 1.01 42
1 44 2 3 0.45 33
1 224 1 3 0.2 27
1 238 1 -9 0.2 29
1 235 2 -9 0.2 28
1 234 1 5 0.6 39
1 187 2 -9 0.4 33
1 280 1 3 0.45 34
3 371 2 -9 1.3 43
1 111 2 -9 0.85 39
1 95 2 -9 0.36 31
2 649 2 -9 0.41 33
1 143 2 -9 0.43 38
1 142 2 4 0.77 37
1 265 1 -9 0.4 35
1 260 1 -9 0.75 43
2 452 1 3 0.36 32
1 24 1 -9 0.45 38
1 11 1 -9 0.35 32
3 398 1 -9 0.78 37
2 552 1 -9 0.33 33
2 1007 2 -9 0.5 33
2 995 2 -9 0.44 33
2 1027 1 2 0.32 30
1 204 2 -9 0.37 33
2 433 1 4 0.62 37
2 549 2 -9 0.63 36
2 490 1 8 0.59 38
2 485 2 -9 0.67 40
2 474 1 -9 0.5 34
2 504 2 -9 0.69 36
2 864 2 2 0.23 29
2 823 1 -9 0.37 34
2 913 1 -9 0.38 33
1 360 1 -9 0.57 37
2 743 2 -9 0.34 32
1 229 1 -9 0.3 30
2 787 2 -9 0.77 41
2 784 1 -9 0.52 35
2 785 2 3 0.37 34
2 794 2 -9 0.7 40
1 153 1 7 0.88 45
1 183 1 -9 0.25 29
2 768 1 4 0.57 35
2 767 2 -9 0.6 35
1 281 1 3 0.35 31
1 279 1 3 0.37 32
1 145 2 -9 0.22 28
2 675 2 -9 0.25 27
2 807 1 -9 0.35 30
2 629 2 -9 0.49 34
2 1034 2 -9 0.42 33
2 1048 2 2 0.56 34
2 815 2 2 0.53 34
2 855 2 -9 0.31 31
2 482 1 -9 0.32 31
2 821 1 2 0.42 32
2 870 2 -9 0.43 32
2 824 2 -9 0.52 35
1 320 2 -9 0.5 36
1 313 2 3 0.35 31
1 327 2 -9 0.65 41
1 344 1 -9 0.63 41
2 714 2 -9 0.37 32
2 611 2 -9 0.4 32
2 620 1 3 0.39 33
1 229 2 -9 0.3 34
3 375 2 -9 1 40
3 388 2 -9 0.95 40
1 146 1 -9 0.25 29
1 149 1 -9 0.5 37
2 457 2 -9 0.48 34
2 1005 2 -9 0.54 35
2 1001 2 -9 0.58 35
1 197 1 -9 0.62 41
2 441 2 -9 0.3 27
2 439 2 -9 0.48 33
2 447 2 -9 0.5 31
2 951 2 -9 0.53 37
2 913 1 -9 0.38 32
1 316 2 -9 0.2 29
1 356 2 -9 0.74 40
1 345 2 -9 0.58 39
1 359 2 -9 0.99 44
1 335 2 3 0.39 31
2 744 2 -9 0.72 42
2 739 2 2 0.42 32
2 559 1 2 0.46 34
2 585 2 -9 0.5 37
2 618 2 2 0.4 31
1 152 1 5 -9 46
1 278 1 3 0.62 38
3 374 1 -9 0.7 36
1 80 1 -9 0.37 33
1 111 1 3 0.24 28
1 134 2 -9 0.61 40
1 256 1 -9 0.35 32
2 676 2 3 0.45 33
2 462 2 -9 0.6 37
2 465 1 7 0.68 41
1 17 1 3 0.3 30
3 407 2 -9 0.76 38
1 37 1 -9 0.35 33
3 413 2 -9 0.71 37
3 413 2 -9 0.89 38
2 520 2 -9 0.51 35
2 539 1 -9 0.37 33
2 1021 2 4 0.48 35
2 438 1 -9 0.4 33
2 856 1 3 0.5 35
2 547 2 -9 0.46 33
2 817 1 3 0.49 34
2 473 2 -9 0.6 35
2 931 2 -9 0.58 37
2 933 2 -9 0.73 40
2 963 2 -9 0.36 31
2 967 2 -9 0.62 37
2 886 1 2 0.29 31
2 866 1 -9 0.28 29
1 321 2 4 0.55 38
1 322 2 -9 0.4 34
2 707 2 -9 0.55 36
2 716 2 -9 0.36 32
2 785 2 -9 0.78 41
1 170 1 7 0.4 36
1 276 2 3 0.77 39
3 604 2 -9 1.22 42
3 424 2 -9 0.9 39
1 114 2 3 0.49 33
2 653 2 -9 0.72 37
1 268 1 -9 0.4 34
2 455 1 -9 0.79 43
2 464 2 -9 0.5 36
2 460 2 -9 0.58 34
2 442 2 -9 0.4 31
1 7 2 7 0.8 42
2 810 2 -9 0.36 31
2 554 2 3 0.52 33
1 193 2 3 0.34 31
1 202 1 3 0.3 30
2 438 2 -9 0.6 33
2 860 1 -9 0.32 31
2 926 1 -9 0.38 33
2 880 2 -9 0.36 31
2 874 1 -9 0.25 29
2 890 1 -9 0.27 29
2 844 2 -9 0.48 34
2 692 2 -9 0.45 31
2 572 2 -9 0.44 37
2 616 1 -9 0.27 30
2 623 2 -9 0.3 29
1 61 1 -9 0.3 32
1 67 2 -9 0.69 37
1 231 1 -9 0.4 34
1 214 2 4 0.4 35
1 164 2 -9 0.38 32
2 756 2 -9 0.54 32
2 764 2 -9 0.7 37
3 420 2 -9 0.85 37
1 104 1 4 0.53 39
1 121 2 -9 0.45 33
2 451 2 3 0.64 34
1 35 2 -9 0.45 34
1 7 2 3 0.5 36
2 813 2 1 0.21 28
2 804 2 -9 0.61 35
2 517 2 -9 0.49 34
2 518 1 -9 0.58 39
2 416 2 7 1.37 46
2 535 1 -9 0.35 33
2 987 2 -9 0.74 38
2 416 2 4 0.85 40
2 1033 2 -9 0.36 31
2 997 2 -9 0.46 34
2 474 2 -9 0.48 33
2 816 2 3 0.97 41
2 918 2 -9 0.36 30
2 883 1 -9 0.72 41
2 972 2 -9 0.24 30
2 976 2 1 0.15 25
1 357 2 6 0.87 41
2 733 2 3 0.41 32
2 740 2 3 0.48 34
2 741 1 -9 0.35 32
2 700 1 -9 0.42 34
2 716 1 -9 0.43 33
2 566 2 -9 0.6 38
2 565 2 -9 0.42 31
2 560 2 2 0.36 30
2 586 1 -9 0.42 35
1 284 1 -9 0.31 30
3 372 1 -9 0.75 38
1 122 1 -9 0.34 31
1 102 2 -9 0.23 26
1 384 2 -9 0.65 38
1 146 2 -9 0.14 25
2 683 2 -9 0.3 29
1 3 2 7 0.8 46
1 36 1 -9 0.4 34
3 413 1 -9 1.24 42
3 402 2 -9 1.08 42
2 1003 2 -9 0.48 33
2 550 2 3 0.64 36
2 1014 2 3 0.52 35
2 997 2 -9 0.42 31
2 492 1 -9 0.51 36
2 481 2 -9 0.33 30
2 901 1 -9 0.79 43
2 843 2 -9 0.39 33
1 307 1 -9 0.25 30
2 745 2 -9 0.36 33
2 610 2 -9 0.45 33
2 621 1 -9 0.55 38
1 58 2 -9 0.5 37
1 241 1 -9 0.4 33
2 765 2 -9 0.47 33
1 85 2 -9 0.31 31
1 116 1 -9 0.37 33
1 122 1 3 0.54 35
2 659 2 -9 0.59 35
1 267 1 -9 0.35 33
1 260 1 -9 0.35 33
1 272 2 -9 0.3 31
2 672 2 -9 0.6 34
2 803 1 -9 0.52 39
2 634 2 -9 0.52 34
2 812 2 4 0.46 35
2 1042 2 -9 0.56 35
2 1002 2 -9 0.46 34
2 996 2 -9 0.52 36
2 1032 2 -9 0.5 35
1 192 2 3 -9 34
1 211 1 -9 0.4 32
1 213 1 -9 0.35 35
1 200 2 -9 0.65 39
2 435 2 -9 0.57 34
2 838 2 3 0.38 33
2 942 1 -9 0.63 40
3 798 1 -9 0.9 40
2 955 1 3 0.31 31
2 965 1 -9 0.55 41
2 924 1 2 0.36 32
2 878 2 -9 0.2 26
2 846 2 -9 0.37 31
1 304 2 -9 0.35 33
1 346 1 -9 0.31 35
2 727 2 -9 0.37 31
2 724 2 -9 0.5 34
2 562 2 -9 0.72 37
1 45 2 -9 0.75 41
1 51 1 -9 0.2 30
2 781 1 -9 0.47 33
2 780 2 5 0.93 42
1 296 1 -9 0.66 42
3 606 2 -9 1.1 40
3 592 2 -9 1.2 45
1 115 2 -9 0.5 34
1 97 1 -9 0.34 31
1 99 1 6 0.76 42
2 652 1 -9 0.43 36
2 657 2 -9 0.46 33
2 670 1 -9 0.35 32
1 6 2 3 0.5 34
2 627 2 -9 0.62 36
2 502 1 3 0.5 36
2 1006 2 -9 0.52 35
2 1017 2 -9 0.8 43
2 1043 2 -9 0.44 33
2 1047 1 9 0.98 47
2 992 2 -9 0.46 37
2 999 1 -9 0.46 36
2 441 1 -9 0.4 31
2 848 2 -9 0.72 40
2 931 1 -9 0.41 33
3 795 2 -9 2.56 36
2 891 1 2 0.32 31
1 355 2 -9 0.48 35
1 349 2 -9 0.89 45
2 734 2 -9 0.55 34
2 708 1 6 0.69 41
2 730 1 -9 0.49 36
2 612 2 -9 0.5 33
1 53 1 -9 0.4 35
1 220 1 4 0.5 35
1 216 2 3 0.5 32
2 782 2 5 0.91 40
2 792 1 -9 0.48 34
1 173 2 -9 0.27 31
1 161 1 -9 0.34 32
2 762 2 -9 0.66 36
1 126 1 3 0.32 30
1 124 2 -9 0.68 40
2 657 1 -9 0.4 34
1 144 1 -9 0.28 32
1 10 2 -9 0.4 31
2 518 2 -9 0.57 36
2 1003 2 3 0.4 33
2 1017 2 -9 0.42 34
1 210 2 -9 0.22 27
2 478 1 -9 0.32 31
2 542 1 -9 0.2 27
2 819 2 3 0.86 37
2 979 1 3 0.48 34
2 940 1 -9 0.58 39
2 902 2 -9 0.44 34
2 974 2 -9 0.22 28
2 742 2 -9 0.42 33
2 724 2 -9 0.39 31
2 695 1 7 0.63 40
2 785 2 -9 0.58 34
1 288 1 4 0.83 41
1 293 2 -9 0.66 39
3 607 2 -9 1.19 42
1 147 2 -9 0.21 28
1 263 2 -9 0.55 36
1 265 1 -9 0.6 39
1 249 1 -9 0.4 34
2 453 2 -9 0.4 31
1 302 2 -9 0.7 37
2 546 1 3 0.6 35
2 545 1 -9 0.42 37
2 984 2 3 0.52 34
2 430 2 3 0.49 34
2 432 2 3 0.56 35
2 858 2 -9 0.44 32
2 970 2 -9 0.47 33
2 709 1 -9 0.39 33
2 690 2 -9 0.43 33
2 571 2 3 0.38 32
2 579 2 -9 0.6 39
2 618 2 1 0.25 27
2 622 1 -9 0.35 34
1 291 2 -9 0.16 25
3 424 2 -9 0.85 37
1 108 2 -9 0.45 34
1 131 1 -9 0.32 31
1 148 1 -9 0.26 29
1 269 2 -9 0.3 29
2 448 1 3 0.48 34
2 450 1 3 0.38 32
2 686 1 -9 0.35 30
1 33 2 -9 0.7 41
3 411 1 -9 0.83 37
1 11 1 -9 0.55 37
3 403 2 -9 0.59 33
3 419 1 -9 1.3 40
2 521 2 -9 0.64 38
2 505 2 3 0.4 35
2 1039 1 -9 0.58 39
1 205 2 3 0.25 29
2 440 2 -9 0.54 34
2 433 2 -9 0.6 36
2 492 2 -9 0.57 38
2 486 2 -9 0.4 35
2 474 2 3 0.54 35
2 838 2 -9 0.44 33
2 477 2 -9 0.53 34
2 823 2 -9 0.31 30
2 571 1 -9 0.6 36
2 575 2 3 0.38 31
1 237 1 3 0.3 31
1 216 1 3 0.4 32
2 776 1 -9 0.42 33
1 175 2 -9 0.75 40
3 420 1 -9 0.75 37
3 423 2 -9 0.95 39
1 72 2 3 0.7 38
1 131 1 3 0.4 33
2 658 2 3 0.53 33
2 653 2 -9 0.56 35
1 385 1 -9 0.65 38
2 643 2 -9 0.69 37
1 250 2 2 0.2 27
2 685 2 -9 0.5 35
2 517 1 -9 0.43 33
2 508 1 -9 0.67 41
2 527 2 -9 0.53 35
2 486 1 -9 0.44 37
2 470 1 2 0.44 33
2 868 2 -9 0.36 31
2 945 2 -9 0.57 40
2 904 2 -9 0.37 32
2 959 2 2 0.43 34
2 830 2 -9 0.59 38
2 907 2 -9 0.38 32
1 313 1 3 0.55 38
1 319 2 -9 0.25 32
2 688 1 3 0.55 36
2 726 2 3 0.41 32
2 786 2 10 0.76 42
1 155 1 3 0.31 32
1 165 2 -9 0.62 38
1 277 2 3 0.51 34
3 371 2 -9 0.85 36
1 104 1 -9 0.28 30
1 105 1 3 0.41 33
1 119 1 -9 0.53 35
1 129 2 -9 0.52 34
1 132 2 -9 0.24 29
2 661 1 -9 0.46 33
3 391 2 -9 1.1 40
1 255 1 4 0.25 31
2 448 1 3 0.64 36
1 21 1 3 0.3 30
3 414 1 -9 0.92 39
2 808 2 2 0.25 29
2 527 1 -9 0.4 33
2 417 2 4 0.73 39
2 1008 2 -9 0.5 34
2 541 2 -9 0.23 29
2 1010 2 -9 0.5 36
1 200 1 -9 0.48 38
2 901 2 4 0.62 39
3 797 2 -9 1.57 44
1 351 2 -9 0.72 39
2 724 1 3 0.33 32
2 576 2 -9 0.46 32
2 772 1 -9 0.44 31
2 773 2 -9 0.78 36
3 379 2 -9 0.75 38
1 81 1 -9 0.75 43
1 113 1 5 0.56 35
1 90 2 -9 0.26 29
1 98 1 -9 0.38 35
1 120 2 2 0.26 29
2 670 2 -9 0.23 27
2 451 2 6 0.69 39
2 680 2 -9 0.25 28
2 682 1 -9 0.3 31
1 18 2 -9 0.35 31
1 15 2 4 0.6 37
1 7 1 -9 0.7 37
1 37 1 8 0.55 38
2 803 1 -9 0.39 31
2 624 2 -9 0.4 30
2 626 1 2 0.36 31
2 936 1 4 0.44 35
2 476 2 -9 0.62 36
2 872 1 -9 0.38 33
2 896 2 2 0.23 28
2 900 2 -9 0.67 38
2 870 1 -9 0.33 31
2 825 2 3 0.33 30
2 924 1 -9 0.49 35
1 310 2 -9 0.7 40
1 325 2 -9 0.4 36
1 348 2 -9 0.9 40
2 381 1 9 1.14 46
2 754 2 3 0.93 38
2 697 2 -9 0.51 35
2 731 1 -9 0.49 38
2 568 2 4 0.64 37
2 610 2 -9 0.31 31
1 46 1 -9 0.3 33
1 218 1 -9 0.2 26
2 758 2 -9 0.52 33
3 608 1 -9 1.17 46
3 377 1 -9 0.7 37
2 650 1 -9 0.62 37
2 642 2 4 0.6 35
1 266 1 5 0.5 39
2 451 2 3 0.64 37
2 467 1 3 0.4 33
1 18 1 -9 0.3 31
1 22 1 -9 0.3 33
2 996 1 3 0.52 36
2 978 1 3 0.52 37
3 797 2 -9 1.13 39
3 798 1 -9 0.88 39
2 965 2 -9 0.49 34
2 885 1 -9 0.34 32
2 881 1 -9 0.32 29
2 966 2 -9 0.54 35
2 947 1 -9 0.36 32
2 835 2 -9 0.45 34
2 845 2 -9 0.32 30
1 303 1 -9 0.3 31
1 317 1 -9 0.3 32
2 735 2 -9 0.4 32
2 736 2 4 0.47 34
2 700 2 -9 0.39 32
2 752 2 3 0.97 41
2 698 2 3 0.56 35
2 575 1 7 0.4 34
2 621 1 5 0.4 36
2 793 1 -9 0.53 36
1 151 2 -9 0.48 35
1 174 1 -9 0.45 34
3 591 1 -9 0.86 37
3 600 2 -9 1.01 41
3 421 2 -9 1.5 46
3 375 2 -9 1.15 38
1 69 1 3 0.48 36
1 260 2 -9 0.25 30
2 461 1 -9 0.31 32
2 687 2 -9 0.4 34
2 685 2 4 0.65 37
1 19 1 -9 0.5 38
1 21 2 -9 0.5 34
1 297 2 -9 0.64 35
2 627 1 -9 0.32 31
2 808 1 -9 0.34 33
2 809 2 -9 0.35 32
2 513 2 -9 0.89 42
2 517 1 -9 0.42 32
2 1007 2 -9 0.56 35
2 981 1 3 0.54 35
1 195 2 -9 0.56 37
2 532 2 -9 0.53 35
2 841 2 -9 0.27 30
3 799 1 -9 1.09 41
3 795 2 -9 3.08 43
2 896 2 -9 0.21 27
1 348 2 7 0.95 44
2 706 2 -9 0.45 34
2 718 2 -9 0.49 35
2 714 2 3 0.44 35
1 48 2 -9 0.6 37
1 242 2 -9 0.2 31
1 164 1 4 0.32 34
1 172 1 -9 0.1 29
2 771 2 -9 0.4 30
1 135 2 -9 0.18 26
2 448 2 5 1.14 44
2 682 1 -9 0.5 35
3 402 1 -9 0.93 39
2 629 1 -9 0.7 41
2 805 1 2 0.35 32
2 499 1 3 0.58 35
2 522 2 -9 0.67 37
2 527 2 -9 0.66 39
2 985 1 -9 0.76 43
2 446 2 -9 0.42 31
2 549 2 3 0.51 33
2 493 2 -9 0.64 36
2 852 2 2 0.42 33
2 918 1 -9 0.45 35
2 883 2 -9 0.45 33
2 890 2 -9 0.36 33
1 351 2 -9 0.76 42
1 354 2 -9 0.53 36
2 689 2 3 0.48 36
2 747 1 -9 0.34 32
2 742 1 -9 0.3 30
2 584 2 -9 0.54 35
2 585 2 -9 0.42 33
2 562 1 5 0.46 36
1 219 2 -9 0.55 39
2 791 1 -9 0.7 45
3 591 1 -9 1.18 40
3 364 2 -9 0.22 36
3 378 2 -9 0.85 37
2 666 2 -9 0.46 34
1 246 2 3 0.45 36
1 261 1 -9 0.55 41
1 258 2 -9 0.15 24
1 38 2 6 0.65 39
3 409 2 -9 0.66 35
3 395 2 -9 1.21 42
1 40 1 -9 0.45 36
3 396 2 -9 1.04 39
2 813 1 -9 0.16 24
2 520 2 4 0.54 35
2 548 2 -9 0.45 32
2 991 2 -9 0.48 33
2 1022 1 -9 0.34 32
1 203 2 -9 0.2 29
2 483 2 2 0.34 31
2 945 1 -9 0.62 40
2 945 2 -9 0.56 34
2 910 2 -9 0.24 28
2 953 2 -9 0.5 34
2 909 1 -9 0.31 31
2 835 2 -9 0.52 35
2 837 2 3 0.33 31
2 900 2 -9 0.52 35
2 972 1 -9 0.24 27
1 310 1 -9 0.4 35
1 336 2 -9 0.99 45
1 343 2 -9 0.65 40
1 338 1 8 0.73 42
2 739 2 -9 0.4 33
2 718 2 -9 0.5 34
2 705 1 -9 0.59 40
2 719 2 -9 0.49 34
2 721 2 7 0.76 42
2 737 2 -9 0.49 35
2 695 1 -9 0.71 42
2 730 2 2 0.48 34
2 730 1 -9 0.42 36
2 617 2 -9 0.35 29
1 223 1 -9 0.3 31
1 235 2 -9 0.4 31
1 236 1 -9 0.1 25
1 165 1 3 0.36 33
1 283 1 -9 0.35 33
3 590 2 -9 0.95 38
3 598 1 -9 0.85 40
1 75 1 -9 0.4 34
1 139 1 -9 0.18 27
2 684 1 -9 0.45 36
1 5 1 4 0.6 39
1 33 1 -9 0.3 31
1 332 1 3 0.36 34
2 807 1 2 0.31 31
2 626 1 -9 0.32 30
2 1047 2 3 0.4 33
2 980 2 3 0.52 35
1 210 2 -9 0.24 28
1 199 1 7 0.56 41
2 429 2 -9 0.56 33
2 431 1 -9 0.76 41
2 479 2 -9 0.48 33
2 961 1 -9 0.39 32
2 948 2 -9 0.42 36
2 888 2 3 0.36 31
2 834 2 3 0.47 33
1 303 2 -9 0.35 31
1 340 1 9 0.69 43
1 345 2 -9 0.86 41
1 335 2 2 0.31 30
1 343 2 -9 0.65 39
2 692 1 -9 0.39 32
2 727 1 -9 0.41 33
2 722 1 3 0.41 35
2 566 2 -9 0.7 42
2 572 2 -9 0.84 41
1 51 1 4 0.2 31
1 47 1 -9 0.2 27
1 61 2 -9 0.3 31
1 239 1 -9 0.4 31
2 789 1 -9 0.57 36
1 158 2 -9 0.64 41
2 766 1 3 0.32 29
1 286 1 -9 0.34 33
3 388 1 -9 1.2 44
2 644 2 -9 0.44 33
1 134 2 -9 0.56 38
2 668 2 -9 0.22 27
1 268 2 3 0.5 35
1 271 1 -9 0.35 31
1 253 2 -9 0.35 31
2 680 1 -9 0.45 35
1 328 2 -9 0.25 31
3 414 1 -9 0.78 37
2 502 1 2 0.43 33
2 514 1 -9 0.54 37
2 539 1 -9 0.22 28
2 1046 1 4 0.42 35
1 196 1 -9 0.6 40
2 496 2 -9 0.41 32
2 549 2 -9 0.39 30
2 962 2 -9 0.51 34
2 906 2 -9 0.32 29
2 897 1 -9 0.39 33
1 323 2 -9 0.25 31
1 316 2 3 0.25 30
2 688 1 3 0.5 33
2 710 2 -9 0.37 31
2 746 1 -9 0.44 36
2 726 2 -9 0.44 34
2 711 2 3 0.57 35
2 728 1 -9 0.37 33
2 751 1 3 0.93 41
2 575 2 -9 0.54 37
1 172 2 -9 0.4 35
3 605 2 -9 1.06 39
3 592 2 -9 1.01 40
3 365 1 -9 0.75 40
1 87 1 -9 0.45 35
1 110 1 -9 0.6 35
3 389 1 -9 0.85 39
1 142 1 3 0.35 33
1 23 2 4 0.5 35
1 13 2 3 0.2 29
2 632 1 -9 0.26 30
2 553 2 -9 0.23 28
2 1026 1 -9 0.52 38
2 529 1 -9 0.39 32
2 433 1 -9 0.64 38
2 880 2 -9 0.45 33
2 895 1 -9 0.31 31
2 842 2 -9 0.48 34
2 965 1 3 0.33 32
2 879 2 2 0.54 34
2 894 1 -9 0.33 31
1 356 1 -9 0.72 41
1 351 1 -9 0.65 41
1 353 1 -9 0.69 41
2 749 2 -9 0.34 31
2 561 2 3 0.5 35
2 777 2 -9 0.47 34
2 789 2 7 0.64 36
1 185 1 -9 0.7 41
2 769 2 -9 0.6 35
1 127 1 3 0.32 30
1 144 2 2 0.18 28
1 246 1 3 0.4 34
1 254 2 4 0.41 33
1 22 2 -9 0.5 35
2 507 2 -9 0.45 33
2 1030 1 -9 0.26 30
2 1036 2 -9 0.58 38
2 504 2 -9 0.52 33
2 923 1 4 0.52 36
3 425 1 -9 1.1 40
2 938 1 -9 0.45 36
3 795 2 -9 2.84 43
2 829 2 -9 0.36 32
2 950 2 -9 0.52 34
2 950 1 3 0.45 35
1 304 2 -9 0.4 34
1 336 2 -9 0.75 41
2 702 1 -9 0.62 38
2 712 2 -9 0.34 31
2 719 2 -9 0.49 35
2 580 2 -9 0.6 36
1 62 1 -9 0.6 39
1 230 1 5 0.5 38
2 770 2 -9 0.65 34
1 274 1 4 0.57 37
3 558 2 -9 0.95 41
1 84 2 3 0.28 30
1 79 2 -9 0.38 32
1 82 2 -9 0.52 38
1 80 2 -9 0.57 36
2 663 2 -9 0.22 29
1 137 1 -9 0.24 29
1 141 1 -9 0.36 32
2 677 1 -9 0.25 28
2 458 2 -9 0.39 32
3 401 1 -9 1.2 44
2 1039 1 -9 0.54 38
2 1023 1 -9 0.58 38
2 859 1 3 0.28 29
3 796 1 -9 1.25 41
2 969 1 2 0.41 33
2 891 2 -9 0.27 30
2 894 2 -9 0.45 34
1 321 2 -9 0.4 36
2 718 2 -9 0.37 32
2 740 1 -9 0.76 43
2 694 2 -9 0.88 43
2 729 1 -9 0.51 37
2 567 1 -9 0.54 36
1 57 1 -9 0.55 41
1 42 1 3 0.55 37
1 180 1 -9 0.3 34
1 159 1 3 0.28 30
1 156 1 -9 0.58 39
1 189 1 -9 0.67 40
2 762 2 -9 0.82 40
1 281 2 7 0.3 42
3 590 1 -9 1.74 49
1 334 2 -9 0.69 38
1 334 2 -9 0.84 43
1 77 1 -9 0.68 41
3 387 1 -9 0.9 37
1 143 2 -9 0.77 41
2 639 2 -9 0.33 31
2 462 1 -9 0.36 34
2 681 2 3 0.55 36
3 410 1 -9 0.76 36
1 14 2 -9 0.3 29
3 414 2 -9 1.17 41
2 501 2 2 0.46 33
2 994 1 3 0.54 37
2 989 2 2 0.38 32
2 1000 2 -9 0.32 31
1 301 1 -9 0.55 35
2 818 2 6 1.03 45
2 438 2 -9 0.46 31
2 887 2 -9 0.28 29
1 354 2 -9 0.41 33
2 706 2 3 0.65 38
2 721 2 -9 0.46 35
1 45 1 -9 0.55 38
2 787 2 -9 0.7 41
2 771 2 -9 0.42 31
1 286 1 7 0.75 43
1 294 2 6 0.81 42
1 73 1 7 0.63 41
1 79 1 -9 0.59 42
1 117 1 -9 0.2 26
1 93 1 -9 0.34 31
1 138 1 4 0.37 33
2 668 1 3 0.44 33
1 36 1 -9 0.4 33
1 10 1 -9 0.6 35
3 403 2 -9 0.84 38
1 297 1 -9 2.4 56
2 634 2 -9 0.4 29
2 525 2 -9 0.68 37
2 527 1 5 0.69 41
2 508 2 -9 0.57 38
2 1016 2 -9 0.52 35
2 541 2 -9 0.56 35
2 1029 1 -9 0.36 33
2 1033 2 -9 0.54 37
1 194 1 -9 0.3 31
1 299 1 -9 0.8 40
2 857 1 -9 0.43 33
2 861 1 -9 0.39 32
2 475 1 -9 0.5 34
2 978 2 3 0.68 37
2 911 1 -9 0.4 33
2 827 1 -9 0.38 33
2 967 2 -9 0.44 33
2 832 2 6 0.89 43
2 840 2 3 0.47 32
2 844 2 3 0.61 35
1 340 2 -9 0.75 43
2 708 2 -9 0.51 35
2 561 2 3 0.52 34
2 574 2 -9 0.42 34
2 621 1 -9 0.3 32
2 622 1 3 0.4 33
1 150 2 -9 -9 33
1 185 2 -9 0.4 33
1 278 2 3 0.45 34
1 294 2 -9 0.54 37
1 285 2 -9 0.46 34
3 368 2 -9 1.16 40
1 78 1 -9 0.46 36
1 98 2 -9 0.82 41
2 658 2 -9 0.67 37
2 643 2 -9 0.5 34
1 144 2 -9 0.15 26
1 140 1 7 0.58 40
1 36 1 -9 0.5 36
2 627 2 3 0.62 37
2 812 2 -9 0.41 33
2 801 2 2 0.15 26
2 533 1 -9 0.35 30
2 1028 1 3 0.44 35
2 996 2 -9 0.74 39
1 202 1 -9 0.5 40
1 213 2 -9 0.25 30
1 200 2 -9 0.58 37
1 195 2 6 0.8 41
1 299 1 -9 0.55 36
2 491 1 -9 0.68 43
2 547 2 -9 0.58 35
2 871 2 -9 0.43 35
2 909 2 -9 0.57 35
2 837 2 4 0.53 36
2 919 2 -9 0.55 35
1 346 1 -9 0.66 37
2 747 2 -9 0.3 30
2 742 1 -9 0.31 32
2 746 1 -9 0.36 34
2 711 2 -9 0.55 35
2 722 2 -9 0.6 36
2 737 2 3 0.38 33
1 63 2 4 0.2 31
1 61 2 -9 0.55 36
1 243 2 3 0.3 30
1 235 1 -9 0.3 29
2 793 2 -9 0.76 40
2 779 1 -9 0.71 42
3 596 2 -9 0.74 35
3 592 2 -9 1.08 40
3 364 2 -9 0.83 38
3 374 2 -9 0.85 38
1 118 1 -9 0.27 30
1 106 1 -9 0.6 36
1 129 2 3 0.39 32
1 96 1 -9 0.65 41
3 391 1 -9 0.9 40
1 145 2 -9 0.26 30
2 453 2 -9 0.44 32
1 12 1 2 0.2 27
2 522 1 -9 0.7 40
2 526 2 -9 0.79 40
2 528 2 -9 0.45 33
2 555 1 3 0.36 31
2 1015 1 -9 0.6 38
2 1048 2 2 0.34 31
2 1041 1 2 0.42 32
2 981 2 3 0.58 34
2 380 1 3 1.02 42
2 853 2 -9 0.35 31
2 915 2 2 0.48 33
2 917 1 -9 0.4 32
1 320 2 -9 0.65 40
1 315 2 -9 0.3 30
2 696 1 -9 0.59 41
2 697 1 -9 0.75 43
2 569 2 -9 0.58 35
2 564 1 -9 0.68 41
2 583 2 3 0.58 35
1 55 2 -9 0.4 32
1 56 1 -9 0.25 31
3 603 2 -9 1.33 43
3 365 2 -9 0.24 36
3 376 2 -9 0.9 38
3 378 1 -9 0.7 38
1 83 2 -9 0.57 36
1 68 1 3 0.55 37
2 673 2 -9 0.45 31
1 19 1 4 0.6 39
2 630 1 -9 0.3 31
2 512 2 -9 0.68 40
2 551 2 -9 0.52 34
2 1019 1 -9 0.34 30
2 416 2 3 0.62 37
2 1037 2 -9 0.3 31
2 432 1 -9 0.7 38
2 857 1 -9 0.29 29
2 821 1 3 0.6 38
2 823 1 -9 0.34 30
2 910 1 -9 0.23 28
2 873 1 -9 0.24 28
2 720 2 -9 0.53 35
2 612 1 3 0.4 32
1 43 2 4 0.7 39
2 615 1 -9 0.4 34
1 67 2 -9 0.71 38
1 232 1 -9 0.3 32
3 596 2 -9 1.09 39
3 605 2 -9 1.09 41
3 369 2 -9 0.78 37
1 106 1 -9 0.55 37
1 74 2 -9 0.51 37
2 661 2 -9 0.57 33
3 411 1 -9 0.71 37
1 32 2 -9 0.45 32
2 1003 2 -9 0.48 35
2 1031 1 -9 0.64 41
2 1010 2 -9 0.56 37
2 981 2 2 0.42 33
1 192 1 7 -9 45
2 920 2 -9 0.49 34
2 843 2 -9 0.79 43
2 951 2 5 0.61 40
2 898 1 3 0.34 32
1 316 1 -9 0.3 33
1 323 2 -9 0.3 35
2 707 2 2 0.44 33
2 722 2 -9 0.33 30
2 570 1 7 0.62 41
2 578 2 -9 0.44 32
1 224 1 -9 0.4 36
2 790 1 -9 0.43 34
1 150 1 3 -9 38
1 187 1 -9 0.35 33
1 181 2 4 0.5 33
