1 69 2 -9 0.58 37
2 540 1 3 0.75 39
2 540 1 4 0.75 41
2 560 2 -9 0.55 32
2 572 1 -9 0.6 37
2 866 2 -9 0.68 42
1 158 1 6 0.82 41
2 845 1 -9 0.44 34
1 29 2 -9 0.48 36
2 898 1 -9 0.43 32
1 46 1 -9 0.46 36
2 994 1 -9 0.51 36
2 1064 1 -9 0.5 35
2 623 2 -9 0.44 32
2 767 2 2 0.4 31
2 779 2 -9 0.78 37
2 800 1 -9 0.41 36
2 262 2 -9 0.54 35
2 231 1 5 0.4 33
2 683 2 -9 0.45 36
1 123 2 -9 0.62 35
1 130 2 -9 0.62 36
2 486 2 4 0.6 37
2 489 1 4 0.56 36
2 445 2 8 0.75 41
2 481 2 -9 0.5 32
2 382 1 -9 0.69 38
2 601 2 4 1 39
1 157 1 -9 1.12 45
2 887 2 -9 0.64 41
2 886 2 -9 0.5 34
2 849 1 -9 0.42 36
2 849 1 -9 0.36 33
2 937 1 -9 0.45 35
2 1000 2 -9 0.78 40
2 1038 1 -9 0.62 36
2 970 1 4 0.71 40
2 1026 2 6 0.73 39
2 964 1 -9 0.52 36
1 191 2 -9 0.52 36
1 193 2 -9 0.54 36
2 313 2 5 0.7 37
2 762 2 -9 0.59 39
2 759 1 -9 0.55 35
2 243 2 -9 0.76 38
2 230 2 -9 0.61 37
2 675 2 4 0.67 35
2 269 2 -9 0.71 38
1 37 2 6 0.57 39
2 499 2 -9 0.66 36
1 91 2 -9 0.54 37
2 485 2 -9 0.45 32
2 452 1 -9 0.49 36
2 429 1 -9 0.47 35
1 82 2 -9 0.56 38
2 602 1 4 0.75 39
2 565 2 -9 0.7 35
2 583 2 -9 0.6 34
2 878 1 8 0.6 43
2 824 2 -9 -9 37
2 921 2 -9 0.57 36
2 1017 1 -9 0.49 35
2 983 1 -9 0.43 34
2 945 2 -9 0.67 37
2 949 1 -9 0.34 29
2 964 1 -9 0.38 33
1 175 2 -9 0.22 28
1 167 2 -9 0.5 36
2 1052 2 -9 0.71 37
2 1075 1 -9 0.26 28
2 609 1 -9 0.42 32
2 616 2 -9 0.44 32
2 656 2 4 0.7 38
2 339 2 4 0.7 38
2 619 1 -9 0.58 37
2 631 2 4 0.7 38
2 360 1 -9 0.58 37
2 320 2 -9 0.66 38
2 353 1 4 0.46 35
2 795 1 -9 0.42 33
2 720 1 -9 0.65 39
2 777 2 -9 0.72 36
2 752 1 -9 0.5 36
2 755 1 4 0.54 37
2 803 1 2 0.34 31
2 263 2 -9 0.54 35
2 686 2 5 0.92 39
2 682 1 -9 0.48 36
2 685 1 4 0.54 37
2 248 1 5 0.52 35
1 116 2 -9 0.44 34
2 526 1 -9 0.15 26
2 506 1 6 0.65 39
1 91 2 -9 0.68 38
1 106 2 -9 0.66 38
2 448 2 4 0.46 35
1 161 2 -9 0.72 40
1 160 2 4 0.85 41
1 13 2 -9 1.52 46
2 589 1 -9 0.53 36
2 591 1 -9 0.55 37
2 830 1 -9 0.52 37
2 874 2 4 0.9 43
2 884 1 -9 0.42 37
2 934 1 -9 0.67 40
1 23 1 -9 0.33 36
2 929 2 -9 0.72 37
2 307 1 4 0.57 36
2 293 1 -9 0.4 35
2 308 2 4 0.48 36
2 1047 2 -9 0.8 39
2 1079 1 -9 0.4 34
2 341 2 3 0.5 33
2 607 1 -9 0.38 32
2 635 1 -9 0.46 36
2 653 1 -9 0.57 37
2 330 1 -9 0.46 33
2 798 1 -9 0.5 33
2 667 1 -9 0.49 35
2 272 1 -9 0.5 37
2 522 1 -9 0.51 36
1 95 2 -9 1 38
2 374 2 -9 0.42 31
2 524 1 -9 0.49 35
2 430 1 -9 0.54 36
2 421 1 -9 0.48 34
2 442 2 -9 0.64 37
2 495 1 5 0.6 36
2 437 1 -9 0.63 36
1 6 2 -9 1.2 44
1 64 2 -9 0.36 33
1 60 1 -9 0.44 37
1 70 1 -9 0.4 37
2 854 1 -9 0.66 41
2 863 1 -9 0.66 41
2 831 2 -9 0.52 38
1 35 2 -9 0.43 34
1 23 2 5 0.42 35
2 891 2 5 0.65 38
1 33 1 4 0.41 35
2 305 1 -9 0.44 34
2 995 1 -9 0.51 36
2 1000 2 -9 0.64 37
2 1016 1 4 0.52 36
2 961 1 6 0.49 37
2 1031 2 6 0.78 39
1 173 1 -9 0.38 34
2 1074 1 -9 0.5 35
2 1050 2 -9 0.73 40
2 613 1 5 0.6 38
2 328 1 -9 0.58 36
2 360 2 -9 0.7 36
2 1068 1 -9 0.6 37
2 786 1 -9 0.4 33
2 719 2 -9 0.49 33
2 744 1 -9 0.54 36
2 767 2 -9 0.5 34
2 257 1 7 0.62 36
2 670 2 2 0.5 34
2 232 2 -9 0.74 38
2 213 2 -9 0.68 38
1 96 2 -9 0.74 38
2 519 2 7 0.97 41
2 466 1 6 0.47 35
1 66 2 -9 0.28 30
2 704 2 3 0.51 34
2 712 1 -9 0.42 32
2 540 2 5 0.95 41
2 539 2 2 0.7 37
2 548 1 -9 0.7 39
2 587 1 -9 0.15 23
1 157 2 6 1.4 45
2 834 1 5 0.28 33
3 890 1 -9 1.28 47
2 874 2 -9 0.8 40
2 908 2 -9 0.4 32
1 203 2 -9 0.95 45
3 1018 2 7 1.24 43
2 295 1 -9 0.4 32
2 1002 2 6 0.71 40
2 976 1 -9 0.5 36
2 618 1 -9 0.56 36
2 721 1 -9 0.69 39
2 788 2 -9 0.59 38
2 789 1 -9 0.5 36
2 780 1 -9 0.5 33
3 218 1 6 1.48 48
1 117 1 -9 0.44 35
2 369 2 7 0.71 38
2 417 2 -9 0.54 33
2 376 1 -9 0.73 39
2 496 1 -9 0.85 40
1 60 1 -9 0.42 36
1 61 2 -9 0.24 31
2 876 1 6 0.6 41
2 828 1 -9 0.56 39
2 826 2 -9 0.42 32
1 27 1 -9 0.48 36
2 913 2 -9 0.64 35
2 923 2 -9 0.6 37
2 916 2 -9 0.84 39
2 278 1 6 0.58 37
2 292 1 -9 0.5 36
2 1040 1 4 0.69 38
2 973 1 -9 0.51 36
3 1099 2 7 1.64 46
1 163 2 -9 0.38 34
2 1064 2 -9 0.47 35
2 651 1 4 0.41 35
2 614 2 2 0.5 34
2 1068 1 -9 0.33 33
2 746 2 -9 0.65 37
2 748 2 -9 0.9 37
2 222 2 6 0.71 39
2 222 2 4 0.73 39
2 686 2 5 0.83 41
2 265 2 -9 0.43 32
2 253 2 -9 0.66 38
1 1 2 -9 1.3 44
1 48 2 -9 0.75 38
1 132 1 -9 0.86 42
1 154 1 -9 0.42 35
1 108 2 -9 0.54 36
2 410 2 3 0.51 33
2 416 2 -9 0.48 31
2 404 2 -9 0.84 38
2 464 1 -9 0.78 38
2 693 2 -9 0.73 38
2 700 1 -9 0.77 42
2 708 1 -9 0.51 37
2 582 1 -9 0.63 37
2 569 2 -9 0.7 36
2 843 1 -9 0.54 38
2 833 1 -9 0.48 34
1 25 1 -9 0.34 33
1 36 1 -9 0.38 36
2 991 1 -9 0.5 35
2 1049 1 -9 0.62 38
2 972 1 6 0.72 42
1 16 1 -9 0.8 45
2 971 1 4 0.59 39
2 1063 2 -9 0.43 33
2 629 1 -9 0.48 36
2 794 2 -9 0.7 38
2 774 2 5 0.58 37
2 788 1 -9 0.54 37
2 755 1 6 0.58 38
2 733 2 -9 0.4 31
2 718 1 -9 0.5 32
2 812 2 -9 0.72 38
2 770 2 4 0.51 34
2 749 2 -9 0.67 38
2 808 1 -9 0.48 34
2 687 2 6 0.74 39
2 266 2 2 0.42 33
1 150 1 -9 0.44 33
1 95 1 -9 0.46 35
1 101 2 -9 0.52 34
2 391 2 5 0.85 39
2 525 1 6 0.46 35
2 528 1 -9 0.48 35
2 408 1 -9 0.71 38
2 689 1 -9 0.59 37
2 549 1 -9 0.5 38
2 545 2 -9 0.6 36
2 572 2 -9 0.65 36
2 830 2 5 0.58 38
2 854 1 -9 0.7 40
2 891 1 6 0.78 39
2 282 2 -9 0.65 36
2 296 1 1 0.17 25
3 532 1 -9 1.82 50
2 945 1 3 0.58 36
2 1023 2 5 0.82 39
2 1022 2 5 0.84 40
1 210 2 5 0.88 40
1 169 2 -9 0.42 36
1 180 1 -9 0.42 35
2 1057 2 -9 0.31 29
2 604 2 5 0.78 39
2 339 2 -9 0.56 36
2 313 2 4 0.82 39
2 795 2 -9 0.6 38
2 744 2 2 0.51 34
2 775 2 -9 0.64 36
2 238 1 -9 0.56 36
2 236 2 -9 0.49 36
2 680 2 5 0.51 36
2 241 2 -9 0.68 38
2 658 1 2 0.39 32
2 681 2 -9 0.58 36
1 47 2 -9 0.61 36
1 142 2 4 0.66 37
1 89 2 2 0.6 27
2 366 2 4 0.72 38
2 527 1 2 0.37 31
2 526 2 -9 0.66 36
2 495 1 -9 0.5 34
1 54 1 -9 0.38 34
2 541 1 6 0.5 34
2 563 1 3 0.45 31
2 556 1 -9 0.55 34
2 865 2 -9 0.72 41
2 825 1 -9 -9 34
2 305 2 -9 0.63 37
3 537 2 6 1.54 47
2 998 1 -9 0.49 37
2 1023 2 3 0.83 39
2 963 1 6 0.59 39
1 3 2 6 1.09 44
2 1039 1 -9 0.86 43
2 1079 1 -9 0.48 35
2 648 1 -9 0.5 35
2 330 1 -9 0.3 29
2 316 2 -9 0.86 40
2 338 1 -9 0.38 35
3 214 2 5 1.1 45
2 346 2 -9 0.66 37
1 2 2 5 1.18 44
1 2 2 -9 1.14 45
2 816 2 -9 0.56 36
2 811 2 4 0.74 35
2 724 2 -9 0.6 36
2 250 2 -9 0.8 39
2 260 2 -9 0.64 39
2 499 1 -9 0.5 33
2 420 1 -9 0.53 34
1 99 2 -9 0.48 37
2 508 1 4 0.56 38
2 510 1 4 0.74 37
2 482 1 -9 0.54 36
2 415 2 6 0.82 40
2 388 2 5 0.7 37
2 425 1 -9 0.49 35
3 199 2 4 1.02 41
1 82 2 6 0.62 38
3 713 1 -9 1.25 46
2 567 2 -9 0.55 35
2 842 2 -9 0.46 37
3 1019 2 8 1.18 44
1 203 1 6 1.21 46
1 205 1 -9 1.32 46
2 285 1 6 0.48 36
2 303 1 3 0.48 35
3 535 2 7 1 44
2 984 2 5 0.7 37
2 948 1 -9 0.51 37
2 250 2 -9 0.74 37
2 1077 1 -9 0.5 37
2 340 2 5 0.66 38
2 652 1 -9 0.65 38
2 315 2 4 0.86 39
2 333 1 -9 0.54 36
2 352 1 -9 0.28 29
2 769 2 -9 0.3 30
2 736 2 -9 0.36 31
2 736 1 -9 0.6 36
2 672 1 -9 0.47 36
2 252 2 3 0.58 34
1 151 1 -9 0.32 32
1 143 2 -9 0.54 36
2 526 1 4 0.41 34
1 103 2 -9 0.74 37
2 504 1 -9 0.44 34
2 379 1 -9 0.86 39
2 437 2 -9 0.65 38
2 701 2 -9 0.59 34
2 587 2 4 0.83 37
2 861 2 -9 0.9 43
2 874 1 -9 0.6 41
2 841 2 6 0.54 41
2 847 1 -9 0.42 35
2 902 2 -9 0.44 35
2 279 2 -9 0.64 37
2 304 2 -9 0.48 34
2 1000 2 -9 0.78 40
2 973 1 -9 0.46 37
2 1014 1 5 0.54 37
2 994 2 5 0.58 37
2 965 1 -9 0.64 38
2 962 1 -9 0.47 35
3 1098 1 -9 1.6 48
2 227 2 5 0.66 37
1 177 2 2 0.32 31
2 354 2 -9 0.82 38
2 356 1 4 0.54 37
2 785 1 -9 0.6 37
2 725 2 -9 0.62 36
2 791 2 -9 0.7 39
2 768 2 2 0.49 34
2 735 1 -9 0.3 28
2 257 2 -9 0.4 35
2 666 1 -9 0.37 33
1 133 2 2 0.42 32
1 131 1 -9 0.52 36
2 373 2 -9 0.75 40
2 697 2 -9 0.52 34
2 561 2 -9 0.55 34
2 582 1 -9 0.57 36
2 598 2 -9 0.55 33
2 594 1 -9 0.55 37
2 856 2 -9 0.82 40
2 864 1 -9 0.7 42
2 869 1 -9 0.72 44
2 832 2 -9 0.48 38
2 837 1 4 0.42 37
2 925 1 -9 0.43 35
1 49 1 4 0.38 36
3 532 1 -9 1.86 48
2 970 2 3 0.96 41
2 1059 1 -9 0.69 39
2 974 2 -9 0.49 34
3 1097 2 6 1.17 44
1 177 1 -9 0.42 35
1 188 2 -9 0.48 35
1 183 2 -9 0.54 35
2 638 1 1 0.26 27
2 786 2 -9 0.66 37
2 822 1 4 0.7 38
2 781 2 -9 0.68 38
2 762 2 4 0.52 34
2 756 1 -9 0.7 37
2 754 1 -9 0.5 35
2 747 2 -9 0.45 35
2 758 1 -9 0.48 35
2 271 1 -9 0.58 36
3 220 2 -9 1.48 44
1 141 1 -9 0.5 36
2 520 2 -9 0.79 38
2 467 1 6 0.75 37
1 58 1 -9 0.66 38
2 564 2 -9 0.6 36
2 556 2 -9 0.7 37
2 876 1 -9 0.66 41
1 35 2 -9 0.45 33
3 1019 2 -9 1.4 43
1 33 1 -9 0.42 35
3 215 2 6 1.4 46
1 44 2 -9 0.74 39
2 289 1 -9 0.16 25
2 988 2 -9 0.6 37
2 996 1 3 0.47 35
2 993 2 4 0.5 35
2 1020 2 3 0.74 38
2 946 1 -9 0.5 34
2 1040 1 -9 0.65 37
2 975 2 -9 0.64 37
2 953 1 -9 0.49 34
2 227 2 -9 0.76 39
1 193 2 -9 0.52 38
2 1067 2 -9 0.46 33
2 615 2 -9 0.68 39
2 648 2 -9 0.59 35
2 326 1 -9 0.66 37
2 1065 2 -9 0.9 40
2 770 1 2 0.38 32
2 766 2 -9 0.55 35
2 242 2 -9 0.62 37
2 391 1 5 0.9 39
2 419 2 -9 0.43 33
2 400 2 -9 0.3 29
1 91 1 -9 0.43 35
2 409 2 -9 0.85 37
1 161 1 -9 0.44 35
1 12 2 6 1 45
1 77 2 -9 0.6 37
1 54 2 -9 0.52 37
2 698 2 -9 0.38 31
2 558 1 -9 0.6 37
2 873 2 -9 0.76 43
2 861 1 -9 0.72 43
2 859 1 6 0.66 42
2 875 2 -9 0.58 39
2 884 2 -9 0.52 38
2 848 1 -9 0.66 41
1 42 2 -9 0.45 35
2 1021 2 7 1.12 42
2 939 2 -9 0.73 40
2 941 1 -9 0.61 39
2 979 1 -9 0.57 37
2 953 1 -9 0.49 36
2 950 1 4 0.47 37
2 267 1 -9 0.28 29
2 249 1 -9 0.54 35
1 188 2 -9 0.84 42
1 171 2 -9 0.22 28
2 1063 1 -9 0.3 31
2 1079 1 -9 0.44 33
2 621 2 -9 0.64 36
2 652 1 -9 0.46 35
2 791 2 -9 0.72 38
2 818 2 -9 0.5 34
1 118 1 -9 0.46 38
2 396 2 -9 0.66 36
2 485 1 -9 0.67 37
1 93 1 -9 0.66 38
1 79 2 -9 0.76 38
2 700 2 -9 0.73 38
2 711 1 -9 0.47 35
2 852 2 -9 0.64 42
2 910 2 -9 0.71 36
1 49 2 -9 0.41 36
1 41 1 6 0.59 39
2 290 2 5 0.5 34
2 303 1 -9 0.56 35
2 968 1 6 0.82 42
2 1040 1 -9 0.66 38
2 636 1 -9 0.4 32
2 648 1 -9 0.41 34
2 647 1 4 0.55 35
2 322 1 -9 0.58 36
2 359 1 -9 0.46 36
2 790 1 -9 0.58 37
2 745 2 -9 0.75 38
2 818 1 4 0.44 36
2 806 2 -9 0.7 36
2 675 2 -9 0.84 39
2 671 1 -9 0.28 30
2 667 2 4 0.55 36
2 252 2 -9 0.59 38
2 248 1 -9 0.35 33
1 135 1 -9 0.48 34
1 141 2 -9 0.56 35
1 117 2 -9 0.24 29
1 102 2 -9 0.62 36
1 102 2 -9 0.62 37
2 508 2 2 0.48 34
2 418 2 -9 0.76 39
2 392 2 -9 0.44 32
2 494 1 -9 0.51 36
2 527 2 -9 0.53 34
2 375 2 -9 0.76 37
2 450 1 -9 0.5 35
1 162 2 -9 1.2 45
1 75 1 -9 0.48 35
1 72 2 4 0.5 37
1 70 1 -9 0.4 35
1 63 1 -9 0.4 35
2 561 1 -9 0.3 29
2 593 1 5 0.5 34
2 587 1 -9 0.5 28
2 864 2 -9 0.7 41
2 883 2 2 0.38 33
2 1041 2 -9 0.67 38
2 1024 2 4 0.85 39
2 1028 1 -9 0.55 35
2 968 1 4 0.77 39
2 977 1 -9 0.46 35
2 223 2 -9 0.76 39
1 166 2 -9 0.28 29
1 164 1 -9 0.23 29
1 187 2 -9 0.56 36
1 171 2 -9 0.36 34
2 655 2 6 0.76 39
2 654 1 -9 0.44 34
2 342 1 -9 0.48 35
2 772 2 6 0.84 40
2 233 2 -9 0.43 35
2 685 1 -9 0.45 35
1 40 1 -9 0.41 34
1 122 1 -9 0.38 33
1 134 1 -9 0.52 34
1 111 1 6 0.42 35
1 197 1 6 0.91 42
2 521 1 -9 0.59 35
2 500 1 -9 0.45 33
2 400 2 -9 0.52 36
2 514 2 -9 0.66 37
2 497 1 4 0.56 34
2 383 2 -9 0.58 35
2 552 2 5 0.65 38
2 578 1 -9 0.5 35
2 578 1 5 0.6 36
2 587 2 -9 0.6 35
2 831 2 -9 0.78 47
2 905 2 -9 0.61 35
2 922 2 -9 0.59 36
2 306 1 -9 0.57 37
3 537 2 -9 1.34 44
2 992 1 -9 0.54 38
2 990 1 -9 0.62 40
2 965 1 -9 0.52 37
1 207 2 -9 0.98 43
2 223 1 -9 0.58 36
1 169 1 7 0.46 37
1 182 2 -9 0.34 31
2 1089 1 -9 0.26 28
2 651 1 -9 0.46 34
2 1082 2 -9 0.42 33
2 340 1 -9 0.4 34
2 1065 2 -9 0.45 35
2 785 1 -9 0.54 36
2 715 1 3 0.44 34
2 803 1 -9 0.5 36
2 237 2 5 0.62 35
2 676 1 -9 0.58 37
2 461 2 -9 0.59 35
1 148 1 -9 0.4 33
1 144 1 -9 0.22 28
1 115 1 -9 0.36 34
1 110 1 -9 0.36 34
2 493 2 6 0.55 36
2 443 2 -9 0.66 36
1 106 2 7 0.8 38
2 465 2 -9 0.61 36
2 489 2 -9 0.72 38
2 523 2 -9 0.51 35
2 375 1 -9 0.45 32
2 438 1 -9 0.6 37
2 377 2 -9 0.73 37
2 448 1 -9 0.45 32
1 72 1 -9 0.32 33
1 72 2 -9 0.48 36
2 869 2 -9 0.64 41
2 843 2 -9 0.56 39
2 844 2 -9 0.6 39
2 893 2 4 0.94 40
2 906 2 -9 0.44 32
2 289 1 -9 0.35 32
2 299 1 4 0.52 37
2 997 1 -9 0.5 35
2 1014 1 -9 0.42 34
2 1046 2 -9 0.78 40
2 317 2 -9 0.78 39
2 345 2 -9 0.46 36
2 790 2 -9 0.68 37
2 735 1 -9 0.3 29
2 717 1 -9 0.49 33
2 270 1 -9 0.64 38
2 269 1 -9 0.67 39
2 259 2 -9 0.62 37
2 244 1 -9 0.46 33
2 252 2 -9 0.48 32
1 126 2 -9 0.76 38
1 147 2 -9 0.36 32
2 469 2 -9 0.54 35
1 107 1 -9 0.5 36
2 386 2 6 0.99 41
2 438 2 -9 0.67 36
2 436 1 -9 0.6 40
1 88 2 -9 0.64 38
2 556 1 6 0.55 35
2 840 1 -9 0.26 31
2 829 1 -9 0.52 38
1 29 1 -9 0.47 37
1 25 2 -9 0.3 29
1 34 1 -9 0.49 37
2 902 2 2 0.47 33
2 997 1 -9 0.46 36
1 163 1 -9 0.22 27
2 1057 2 -9 0.82 40
2 1075 2 -9 0.28 29
2 338 2 4 0.62 36
2 738 2 -9 0.6 36
2 245 1 3 0.85 40
1 50 2 7 0.79 41
1 136 1 -9 0.71 39
1 196 1 6 1.21 48
1 120 2 5 0.54 36
1 112 1 -9 0.38 35
1 150 1 -9 0.44 37
2 507 1 -9 0.41 34
2 511 2 5 0.58 37
2 491 1 -9 0.51 34
2 518 2 5 0.55 36
1 9 1 6 1.3 47
3 714 1 -9 1.53 47
2 695 1 -9 0.72 37
2 561 1 -9 0.35 30
2 582 1 -9 0.55 37
2 877 2 -9 0.68 43
2 892 2 4 0.76 39
2 896 2 -9 0.44 33
2 996 1 -9 0.46 35
2 1012 2 -9 0.32 30
2 1006 1 -9 0.48 35
2 1038 2 -9 0.81 39
1 174 1 -9 0.22 28
1 186 2 -9 0.5 36
1 176 1 -9 0.46 36
2 1078 2 -9 0.55 36
2 1054 2 -9 0.74 39
2 340 2 -9 0.6 37
2 339 1 -9 0.48 36
2 334 2 -9 0.62 38
2 794 1 -9 0.56 37
2 263 2 -9 0.67 37
2 685 1 -9 0.34 32
1 132 2 -9 0.64 37
1 114 1 4 0.38 33
1 108 2 -9 0.58 36
2 516 2 -9 0.63 37
2 399 1 -9 0.47 31
2 454 2 -9 0.68 36
2 468 2 -9 0.68 37
2 496 2 4 0.87 39
2 424 2 7 0.61 35
1 11 1 8 1.5 52
2 564 2 -9 0.55 32
2 539 1 4 0.9 39
2 576 2 4 0.55 35
2 892 2 -9 0.77 39
2 923 1 -9 0.47 36
2 917 2 -9 0.36 31
2 909 1 6 0.6 37
1 204 1 6 1.24 38
2 1041 1 -9 0.69 38
2 1060 1 -9 0.57 35
2 994 1 -9 0.57 36
2 975 1 -9 0.59 36
2 958 2 5 0.51 36
2 951 2 -9 0.63 38
2 1062 2 2 0.28 30
2 1092 2 -9 0.7 38
2 607 2 -9 0.24 28
2 638 2 -9 0.58 36
2 1068 1 2 0.59 34
2 785 1 -9 0.46 34
2 767 1 -9 0.35 30
2 747 2 -9 0.53 35
2 662 2 -9 0.37 32
2 243 2 -9 0.74 40
2 234 1 -9 0.49 34
2 266 2 -9 0.38 32
1 151 2 4 0.4 36
1 114 1 -9 0.4 34
1 107 2 -9 0.64 36
2 445 1 -9 0.56 38
1 12 1 6 1.02 44
1 87 1 -9 0.66 39
2 691 2 -9 0.58 40
2 709 1 -9 0.41 33
2 594 1 2 0.3 27
2 882 2 4 0.66 40
1 34 1 -9 0.39 34
2 918 2 2 0.35 30
2 929 1 -9 0.5 39
1 202 1 -9 1.12 46
2 1027 1 -9 0.62 37
2 1024 2 3 0.66 35
2 940 2 -9 0.28 29
2 1043 2 -9 0.84 39
2 1005 2 -9 0.48 36
2 978 1 -9 0.47 37
2 981 1 -9 0.59 38
2 1045 1 -9 0.76 40
2 1055 2 -9 0.67 36
2 249 1 -9 0.26 28
2 223 2 -9 0.71 38
1 191 2 -9 0.6 36
3 276 2 -9 1.31 46
2 1071 1 -9 0.33 29
2 610 1 -9 0.46 34
2 344 1 -9 0.56 37
2 355 1 -9 0.6 37
2 1065 1 -9 0.6 36
2 758 2 6 0.67 37
2 681 1 6 0.42 37
1 142 2 -9 0.22 27
1 198 2 5 1.1 42
1 101 1 -9 0.58 37
2 481 2 -9 0.53 32
1 84 1 -9 0.4 35
1 57 1 -9 0.42 36
2 588 2 2 0.3 29
2 584 2 -9 0.78 37
2 878 2 7 0.9 46
2 866 2 -9 0.72 41
1 28 1 -9 0.39 36
2 898 2 -9 0.34 31
1 36 1 -9 0.4 37
1 20 1 -9 0.47 35
2 309 1 5 0.51 35
2 1033 2 4 0.68 39
2 939 2 5 0.78 38
2 1003 1 4 0.59 39
1 208 2 5 1.17 43
1 168 1 -9 0.48 36
1 185 1 -9 0.44 36
2 622 1 -9 0.3 29
2 361 2 4 0.64 37
2 311 2 6 0.82 38
2 741 2 -9 0.7 37
2 740 2 -9 0.62 37
2 750 1 -9 0.45 31
2 819 1 -9 0.28 28
2 678 1 -9 0.54 37
2 660 2 -9 0.32 31
2 255 1 -9 0.54 36
2 274 1 -9 0.44 35
1 135 1 -9 0.44 34
1 144 1 -9 0.2 26
2 443 2 -9 0.59 36
2 422 1 -9 0.64 38
2 484 1 -9 0.69 35
2 514 2 4 0.51 35
2 489 1 -9 0.67 37
2 380 2 -9 0.62 36
2 379 1 -9 0.72 36
1 59 2 -9 0.54 38
2 697 2 -9 0.46 34
2 703 2 -9 0.5 35
2 541 1 -9 0.43 30
2 553 1 -9 0.55 36
2 554 2 4 0.8 37
2 855 2 -9 0.62 39
2 824 2 -9 -9 36
2 831 1 -9 0.44 37
2 885 2 -9 0.4 35
2 895 1 5 0.86 37
2 902 2 -9 0.78 38
2 912 2 -9 0.52 33
1 44 1 4 0.6 38
2 983 2 5 0.58 37
2 1007 1 -9 0.4 34
2 1062 2 -9 0.24 29
2 354 2 -9 0.68 36
2 337 2 -9 0.62 36
2 345 2 -9 0.42 31
2 720 2 -9 0.25 26
2 738 2 -9 0.6 37
2 752 1 4 0.6 36
2 788 2 -9 0.84 38
2 775 1 -9 0.54 34
2 809 2 -9 0.42 32
2 262 1 -9 0.48 35
2 240 1 -9 0.5 35
2 242 2 -9 0.48 33
2 679 1 -9 0.43 34
1 151 1 -9 0.5 38
1 153 2 -9 0.26 29
1 121 1 -9 0.4 34
1 90 1 -9 0.4 34
2 385 2 7 0.78 40
2 524 2 -9 0.57 36
2 411 1 -9 0.55 37
1 160 1 -9 0.7 42
1 78 1 -9 0.36 34
2 712 2 -9 0.71 36
2 861 2 -9 0.7 42
2 904 2 -9 0.48 33
2 896 2 -9 0.57 34
2 304 1 -9 0.39 31
2 992 2 -9 0.75 39
2 963 1 -9 0.5 37
1 172 2 -9 0.4 38
2 627 2 -9 0.28 27
2 627 1 -9 0.44 32
2 318 1 -9 0.7 40
2 720 1 -9 0.55 36
2 738 1 4 0.48 35
2 718 1 -9 0.4 31
2 246 2 6 0.87 40
2 240 1 -9 0.44 34
2 668 1 -9 0.47 35
2 251 2 3 0.68 36
1 40 2 -9 0.56 36
1 123 2 5 0.72 37
1 124 1 -9 0.52 36
2 384 1 -9 0.43 34
2 397 2 -9 0.47 35
2 480 1 4 0.63 35
2 494 1 -9 0.56 35
2 432 2 -9 0.72 37
1 10 2 -9 1.5 45
1 80 2 -9 0.7 38
1 65 1 -9 0.3 30
2 583 2 -9 0.75 40
2 924 2 -9 0.61 36
2 918 2 -9 0.82 39
2 897 1 -9 0.44 33
2 294 2 4 0.46 32
2 1006 1 -9 0.57 39
2 955 1 4 0.45 34
2 961 2 -9 0.56 36
2 227 2 -9 0.62 37
1 186 2 -9 0.46 36
1 189 1 4 0.48 36
2 1054 2 -9 0.68 38
2 1091 2 -9 0.77 39
2 1088 1 -9 0.52 35
2 354 1 -9 0.4 34
2 621 2 -9 0.68 38
2 640 2 -9 0.25 27
2 653 1 -9 0.4 34
2 641 2 -9 0.61 35
2 334 2 3 0.74 38
2 362 2 -9 0.8 39
2 349 1 -9 0.48 34
2 797 2 -9 0.62 37
2 783 1 -9 0.45 33
2 761 2 3 0.4 32
2 238 1 6 0.7 39
2 676 1 -9 0.45 34
2 679 2 -9 0.46 33
1 145 2 -9 0.32 32
2 499 1 4 0.58 36
1 118 2 -9 0.54 37
2 472 1 5 0.44 35
2 502 1 4 0.33 30
2 501 1 -9 0.46 34
2 465 2 -9 0.72 37
2 462 2 -9 0.31 29
2 497 2 -9 0.82 38
2 456 1 6 0.57 38
1 58 1 -9 0.5 37
1 70 1 -9 0.5 38
2 601 1 6 0.58 36
2 602 1 6 0.75 41
2 579 2 2 0.43 30
2 888 1 -9 0.42 33
2 887 1 -9 0.52 38
2 927 1 -9 0.65 39
1 206 1 -9 1.44 48
2 924 2 -9 0.59 37
2 930 1 5 0.52 36
2 310 2 6 0.79 43
2 286 1 -9 0.47 36
2 944 2 -9 0.73 38
2 1031 1 -9 0.73 39
1 181 1 -9 0.36 34
2 1073 1 -9 0.45 35
3 276 2 -9 1.21 46
2 1057 2 -9 0.44 34
2 618 1 -9 0.52 36
2 343 1 -9 0.44 36
2 752 1 -9 0.45 34
2 778 1 -9 0.46 35
2 264 2 -9 0.86 38
2 251 2 -9 0.55 37
2 458 1 -9 0.45 33
2 472 2 -9 0.42 31
2 375 2 -9 0.75 37
2 437 2 -9 0.63 37
2 708 1 4 0.41 34
2 563 2 -9 0.45 33
2 599 2 6 1.25 42
2 852 2 4 0.74 41
2 872 1 -9 0.6 39
2 925 1 -9 0.43 33
2 926 1 -9 0.51 37
1 39 1 -9 0.7 41
3 534 1 5 1.35 44
3 534 1 -9 1.46 46
3 536 2 -9 1.26 44
2 939 1 -9 0.54 38
2 1005 1 -9 0.46 36
2 956 2 -9 0.73 39
3 1100 1 -9 1.06 45
2 607 2 -9 0.46 33
2 615 2 -9 0.6 36
2 640 1 2 0.4 31
2 332 1 -9 0.5 37
2 343 1 -9 0.46 35
2 769 1 -9 0.6 36
2 770 1 -9 0.44 33
2 727 2 -9 0.6 34
2 688 1 6 0.82 41
2 678 1 -9 0.52 36
3 218 2 6 1.4 47
1 51 1 -9 0.73 41
1 126 2 -9 0.68 36
2 420 1 -9 0.5 36
1 96 2 5 0.58 37
2 384 1 7 0.59 39
2 480 1 -9 0.69 36
2 383 1 -9 0.75 37
2 446 2 -9 0.62 38
2 451 2 -9 0.58 37
3 199 1 -9 1.37 47
1 54 2 -9 0.44 36
2 542 2 -9 0.65 35
2 589 1 -9 0.63 35
2 878 2 -9 0.52 40
2 829 2 -9 0.62 38
2 842 2 -9 0.82 41
1 26 1 -9 0.38 35
2 309 2 -9 0.29 29
3 529 1 6 1.42 45
2 954 2 5 0.73 39
2 1053 1 6 0.6 39
1 177 1 -9 0.34 31
2 1092 2 -9 0.29 32
2 644 1 -9 0.5 35
2 315 2 -9 0.36 31
2 345 1 6 0.52 37
2 324 1 -9 0.24 28
2 728 2 -9 0.5 34
2 745 2 -9 0.72 38
2 226 2 -9 0.74 38
2 248 2 -9 0.37 32
2 391 1 4 0.81 39
2 521 1 -9 0.61 37
2 402 2 -9 0.57 34
2 481 1 6 0.45 33
1 53 1 -9 0.52 36
1 73 2 -9 0.24 29
2 588 1 2 0.5 32
2 877 2 -9 0.72 41
2 900 2 -9 0.46 32
2 906 2 -9 0.87 39
2 284 2 -9 0.34 29
2 292 1 4 0.45 35
2 293 1 -9 0.41 32
2 293 2 -9 0.72 38
2 1013 1 -9 0.28 30
2 1035 1 -9 0.73 39
2 268 2 -9 0.28 29
2 216 2 7 1.22 44
1 192 2 4 0.7 37
2 1074 1 -9 0.37 31
2 1090 1 -9 0.52 37
2 626 2 -9 0.5 34
2 621 1 -9 0.78 41
2 330 2 -9 0.32 29
2 313 1 2 0.52 34
2 365 1 6 0.74 40
2 763 1 1 0.25 27
2 753 1 -9 0.64 37
2 240 1 -9 0.62 37
2 472 1 -9 0.44 34
2 428 1 -9 0.45 34
1 84 2 -9 0.28 30
1 62 1 -9 0.38 34
1 63 1 -9 0.42 37
2 836 1 -9 0.48 37
2 824 1 -9 -9 35
2 868 1 -9 0.66 41
2 913 2 -9 0.38 31
2 906 2 -9 0.76 37
2 914 2 2 0.37 31
2 1021 1 6 0.87 42
2 993 1 -9 0.3 28
2 947 2 -9 0.76 37
2 1028 1 -9 0.41 33
2 958 2 -9 0.66 38
2 955 2 -9 0.45 33
2 1094 2 -9 0.73 38
2 1073 2 -9 0.33 31
2 610 1 -9 0.44 31
2 649 1 -9 0.57 38
2 736 1 -9 0.54 38
2 801 1 5 0.64 38
1 50 2 -9 0.73 39
1 138 2 -9 0.7 38
1 154 1 -9 0.26 30
1 130 2 -9 0.8 37
1 125 2 5 0.5 35
2 490 1 -9 0.49 34
1 97 1 -9 0.76 43
2 469 2 4 0.61 36
2 514 2 -9 0.57 36
2 485 1 4 0.52 36
2 486 2 4 0.49 35
1 13 1 6 1.14 46
2 581 2 -9 0.7 36
3 890 2 -9 1.32 46
2 880 2 -9 0.44 34
2 827 2 -9 0.58 40
2 900 2 2 0.44 31
1 32 2 -9 0.47 36
1 22 2 6 0.52 37
2 280 1 -9 0.53 37
2 280 2 -9 0.63 37
2 987 2 -9 0.52 36
2 1015 1 -9 0.61 38
1 207 2 6 1.14 46
1 184 1 -9 0.52 35
1 180 1 6 0.48 37
1 171 2 2 0.26 30
2 1087 1 6 0.47 36
2 341 2 -9 0.82 38
2 619 1 -9 0.56 35
2 652 1 5 0.6 37
2 334 1 -9 0.38 33
2 351 2 -9 0.4 31
2 356 1 -9 0.48 34
2 726 1 2 0.45 33
2 773 2 -9 0.76 37
2 748 2 4 0.6 35
2 813 1 -9 0.42 34
2 245 2 6 0.88 38
1 1 2 6 1.5 44
1 122 1 -9 0.24 28
2 500 1 -9 0.51 36
2 366 2 6 0.72 38
2 371 2 -9 0.61 36
2 404 2 -9 0.81 38
2 485 1 -9 0.54 38
2 412 2 6 0.65 37
2 415 2 -9 0.49 32
2 423 1 -9 0.48 36
3 714 2 6 1.85 45
2 711 1 -9 0.55 37
2 866 1 -9 0.46 36
2 933 2 -9 0.63 38
1 23 2 -9 0.22 29
1 36 2 -9 0.46 35
2 1028 1 -9 0.67 38
2 992 2 -9 0.71 39
2 1034 1 5 0.74 40
2 250 2 -9 0.48 33
2 1054 1 6 0.61 38
2 627 2 2 0.36 31
2 649 1 -9 0.51 34
2 798 2 -9 0.64 37
2 745 2 -9 0.53 35
2 237 2 6 0.64 36
2 271 1 -9 0.61 40
1 149 1 -9 0.46 37
1 114 1 -9 0.4 34
2 403 2 -9 0.77 38
2 522 2 -9 0.29 30
1 110 2 -9 0.44 34
1 109 1 -9 0.76 42
1 100 2 -9 0.48 36
2 389 2 4 0.98 39
2 470 1 7 0.54 37
2 423 1 -9 0.56 36
3 200 1 3 1.18 44
1 86 2 -9 0.58 38
2 703 2 -9 0.32 34
2 711 2 2 0.49 33
2 566 2 -9 0.65 35
2 878 1 -9 0.68 42
2 844 2 2 0.52 35
2 937 1 -9 0.5 37
1 39 1 -9 0.62 39
2 302 2 -9 0.4 32
2 1027 1 -9 0.63 38
2 942 2 -9 0.61 36
2 1016 1 -9 0.44 35
1 209 2 -9 0.92 42
2 1030 2 -9 0.65 38
2 1029 1 -9 0.71 38
1 178 2 -9 0.42 35
2 1093 1 -9 0.38 33
2 344 2 -9 0.26 27
2 356 1 -9 0.66 39
2 721 1 -9 0.38 34
2 733 1 -9 0.4 32
2 751 2 2 0.42 33
2 663 2 -9 0.82 38
2 817 2 -9 0.66 36
2 247 2 4 0.75 39
2 233 2 -9 0.5 36
2 682 1 5 0.53 36
1 152 1 -9 0.3 32
1 110 1 -9 0.36 33
2 443 2 -9 0.62 37
2 397 1 -9 0.5 34
2 476 2 -9 0.89 39
1 53 1 -9 0.36 33
1 73 1 -9 0.56 37
2 592 2 -9 0.7 36
2 837 2 2 0.42 35
2 853 1 -9 0.67 40
2 860 2 -9 0.78 41
2 837 2 -9 0.46 36
2 841 1 -9 0.2 33
2 915 1 -9 0.46 34
2 907 1 -9 0.47 32
1 27 1 -9 0.34 33
1 46 2 -9 0.68 37
2 1036 2 -9 0.6 39
2 1032 1 -9 0.71 38
2 216 2 5 1.3 44
1 171 1 -9 0.34 32
2 1066 1 -9 0.49 36
2 633 2 -9 0.52 33
2 787 1 -9 0.52 32
2 730 1 -9 0.52 36
2 760 2 -9 0.68 38
2 717 2 -9 0.71 36
2 751 1 5 0.41 35
2 664 2 -9 0.25 28
2 502 1 -9 0.47 35
2 402 1 2 0.41 31
2 449 2 -9 0.67 37
1 85 1 -9 0.58 39
2 550 1 -9 0.5 33
2 579 2 -9 0.75 38
2 857 2 -9 0.56 37
2 879 2 -9 0.42 33
2 876 1 -9 0.64 41
2 847 2 -9 0.64 39
2 919 2 -9 0.5 34
3 215 1 -9 1.65 48
1 44 2 -9 0.62 37
2 310 2 4 0.7 39
2 302 2 -9 0.42 32
2 288 2 -9 0.47 33
2 1006 2 -9 0.42 34
2 956 1 -9 0.48 38
2 960 2 -9 0.44 36
2 1044 1 -9 0.35 32
2 239 2 -9 0.6 37
1 192 2 -9 0.5 37
1 195 1 -9 0.48 37
1 194 2 -9 0.56 37
2 1089 1 -9 0.19 26
2 1070 1 -9 0.54 37
2 643 1 2 0.36 31
2 365 2 6 0.9 40
2 342 1 -9 0.3 29
2 351 2 -9 0.54 36
2 743 2 -9 0.6 35
2 757 1 -9 0.5 35
2 230 1 -9 0.61 37
1 138 2 -9 0.64 40
1 128 2 -9 0.62 39
1 109 2 -9 0.78 41
2 385 2 6 0.81 40
2 422 1 -9 0.57 38
2 392 2 -9 0.4 33
2 432 2 -9 0.64 36
1 6 1 5 1.1 45
1 83 2 -9 0.64 37
2 697 2 -9 0.5 35
2 709 1 -9 0.5 35
2 576 1 -9 0.5 32
2 574 1 5 0.5 36
2 838 1 -9 0.3 32
2 290 1 -9 0.51 36
2 301 1 -9 0.44 34
2 1025 2 6 0.92 42
2 1026 2 6 0.9 41
2 992 1 6 0.48 36
2 967 1 4 0.47 35
2 950 1 -9 0.66 39
2 225 2 -9 0.82 40
1 179 2 -9 0.48 34
1 211 1 -9 1.28 47
2 1089 2 -9 0.19 24
2 1093 2 -9 0.58 35
2 311 2 5 0.8 39
2 314 2 -9 0.5 35
2 797 2 -9 0.54 36
2 796 2 -9 0.52 35
2 748 2 -9 0.6 35
2 804 2 -9 0.58 37
1 145 1 4 0.4 34
1 112 1 -9 0.4 34
1 96 2 -9 0.82 37
1 109 2 -9 0.78 42
2 416 1 -9 0.71 38
2 483 2 5 0.73 38
2 490 2 6 0.75 36
2 394 1 -9 0.74 37
2 413 1 -9 0.5 33
2 447 2 -9 0.76 39
2 425 1 -9 0.58 37
2 541 1 -9 0.6 32
2 578 2 4 0.65 34
2 569 2 4 0.7 37
2 851 2 -9 0.76 41
2 868 2 -9 0.72 41
2 911 2 -9 0.53 34
2 308 1 -9 0.49 37
3 535 2 -9 0.78 42
2 989 1 -9 0.62 39
2 970 1 3 0.67 39
2 954 1 -9 0.51 37
2 239 2 -9 0.72 39
1 169 1 -9 0.46 37
2 647 2 -9 0.5 33
2 331 2 -9 0.78 39
2 351 2 -9 0.42 34
2 726 1 -9 0.6 37
2 749 2 -9 0.62 37
2 226 1 -9 0.73 38
2 724 2 4 0.8 38
2 672 1 4 0.48 35
2 265 2 -9 0.67 37
2 683 1 -9 0.42 35
2 255 1 -9 0.48 36
2 226 1 -9 0.8 40
1 90 1 -9 0.34 33
1 104 2 -9 0.54 38
2 475 1 -9 0.62 38
2 394 2 -9 0.89 38
2 464 1 5 0.56 35
2 442 1 6 0.54 37
2 601 1 5 0.73 39
2 567 2 -9 0.7 37
2 577 1 -9 0.55 34
1 156 2 7 1.54 47
2 836 2 -9 0.74 40
2 830 1 -9 0.32 35
1 158 1 8 0.74 40
2 859 1 -9 0.6 41
2 836 2 -9 0.4 34
2 882 1 -9 0.6 42
1 28 2 -9 0.25 30
2 892 2 6 0.87 40
2 279 2 4 0.82 39
2 304 1 -9 0.53 36
2 1033 2 -9 0.9 40
2 986 2 -9 0.77 39
2 1026 2 5 0.99 40
2 954 2 -9 0.69 38
2 967 1 -9 0.37 32
2 239 2 -9 0.6 37
2 1076 1 4 0.33 30
2 637 1 -9 0.46 35
2 614 2 -9 0.7 37
2 638 2 -9 0.42 32
2 346 1 -9 0.52 36
2 739 1 5 0.45 35
2 799 2 6 0.52 35
2 732 1 2 0.46 33
2 731 2 -9 0.55 36
2 804 2 4 0.48 34
2 803 1 -9 0.48 36
2 670 1 -9 0.43 36
2 688 1 5 0.77 40
2 658 2 -9 0.54 37
2 659 1 5 0.49 37
2 212 2 5 0.78 40
1 143 2 -9 0.56 35
1 114 2 -9 0.56 35
2 527 2 -9 0.68 40
2 468 2 5 0.66 38
2 444 2 4 0.62 36
2 431 2 -9 0.68 38
2 706 1 -9 0.42 31
2 573 2 -9 0.6 36
2 554 2 -9 0.9 40
2 579 2 -9 0.45 35
2 572 2 4 0.65 35
2 594 2 -9 0.48 32
2 865 1 2 0.62 38
2 903 2 -9 0.43 34
2 287 2 -9 0.62 37
2 285 1 -9 0.56 38
2 1038 2 -9 0.66 37
2 960 1 -9 0.66 38
2 1095 1 -9 0.6 37
2 605 1 6 0.64 38
2 325 2 -9 0.78 39
2 311 1 5 0.86 40
2 762 1 -9 0.6 37
2 765 2 5 0.65 38
2 807 2 -9 0.36 30
2 814 1 -9 0.42 34
2 262 2 5 0.66 37
2 687 1 5 0.74 41
2 667 2 -9 0.73 38
2 455 2 -9 0.84 39
1 6 1 -9 1.1 44
1 53 2 -9 0.52 35
2 705 2 -9 0.47 33
2 565 2 -9 0.8 36
2 552 2 -9 0.65 38
2 583 1 5 0.5 36
2 835 1 -9 0.4 34
2 936 1 -9 0.58 37
2 297 1 5 0.46 35
2 987 1 4 0.52 34
2 1013 1 -9 0.46 37
2 970 1 7 0.7 40
2 965 1 -9 0.44 33
1 190 2 -9 0.8 40
2 611 2 -9 0.7 37
2 645 2 -9 0.77 38
2 364 1 3 0.74 40
2 786 1 -9 0.48 35
2 716 2 5 0.8 40
2 753 2 -9 0.56 36
2 818 2 -9 0.46 33
2 758 1 5 0.47 37
2 663 1 2 0.44 32
2 226 1 4 0.77 39
2 674 1 -9 0.6 39
2 255 2 -9 0.83 39
1 47 2 -9 0.68 40
1 103 2 -9 0.72 39
2 387 2 5 0.84 38
2 392 2 -9 0.33 30
2 479 1 -9 0.58 35
2 474 2 4 0.7 36
2 545 2 -9 0.7 37
2 600 1 -9 0.55 34
2 845 1 -9 0.44 34
2 920 2 -9 0.25 28
1 41 2 -9 0.6 37
3 537 1 6 1.7 47
2 1061 2 -9 0.65 37
2 983 1 -9 0.58 37
2 973 2 6 0.36 33
2 1003 2 -9 0.3 30
2 977 1 4 0.47 35
1 184 2 -9 0.52 36
2 625 2 -9 0.48 33
2 638 1 4 0.5 35
2 632 1 4 0.52 37
2 238 2 -9 0.68 35
2 261 2 6 0.58 36
2 231 2 -9 0.67 37
2 458 1 -9 0.66 37
1 95 2 -9 0.8 40
2 410 1 -9 0.38 31
2 384 1 6 0.69 39
2 427 1 -9 0.72 39
2 401 2 -9 0.39 30
2 513 2 -9 0.61 36
2 414 1 -9 0.61 36
2 456 1 -9 0.52 35
2 448 2 -9 0.67 37
1 78 2 -9 0.7 38
1 84 2 -9 0.76 38
1 69 1 -9 0.36 34
2 570 2 6 0.8 39
2 557 2 -9 0.75 38
2 559 1 -9 0.5 33
2 552 1 -9 0.4 31
2 868 1 5 0.72 44
2 899 1 -9 0.49 35
2 300 1 -9 0.61 37
2 1002 1 -9 0.55 39
2 973 2 -9 0.27 30
2 964 1 -9 0.55 37
2 1030 2 6 0.79 39
2 225 1 -9 0.61 39
2 1063 1 2 0.4 32
2 1095 2 -9 0.43 32
2 1069 2 -9 0.18 26
2 1050 1 -9 0.68 39
2 1076 2 -9 0.17 25
2 609 2 -9 0.52 33
2 328 2 -9 0.44 32
2 337 2 2 0.6 35
2 355 2 -9 0.68 37
2 787 1 -9 0.8 40
2 760 2 4 0.65 39
2 749 1 -9 0.5 37
2 801 1 -9 0.4 34
2 230 1 -9 0.52 36
2 253 1 -9 0.49 33
1 137 1 -9 0.74 40
1 143 2 -9 0.66 38
1 144 2 -9 0.22 28
1 115 1 -9 0.28 29
1 105 2 -9 0.76 39
2 369 2 6 0.79 40
2 373 1 -9 0.54 38
2 465 1 -9 0.49 32
2 488 1 -9 0.61 36
2 453 2 -9 0.65 37
1 87 1 -9 0.5 36
2 705 2 -9 0.36 31
2 543 2 -9 0.45 33
2 566 2 7 0.7 36
2 546 1 7 0.9 42
2 550 1 -9 0.7 35
2 591 1 4 0.5 34
2 580 2 -9 0.75 35
2 863 1 -9 0.78 44
2 938 1 -9 0.4 33
2 928 2 -9 0.55 33
2 937 1 6 0.53 36
2 931 1 -9 0.54 36
1 21 2 -9 0.64 40
2 278 2 -9 0.68 37
2 1040 2 -9 0.69 37
2 960 1 5 0.51 37
2 949 1 -9 0.49 35
3 1097 2 6 1.4 46
2 1066 2 -9 0.42 35
2 627 2 -9 0.6 34
2 628 2 -9 0.48 32
2 336 2 -9 0.66 37
2 361 2 -9 0.64 39
2 323 1 5 0.48 36
2 357 1 5 0.44 35
2 792 2 -9 0.49 34
2 715 2 5 0.81 39
2 772 2 5 0.89 41
2 243 2 4 0.7 37
2 257 2 -9 0.7 36
2 260 2 -9 0.96 40
2 664 1 -9 0.48 36
2 224 2 -9 0.74 40
1 45 2 -9 0.58 39
1 48 2 -9 0.71 37
1 98 1 -9 0.42 37
2 374 2 -9 0.71 38
2 393 2 -9 0.35 31
2 373 2 6 0.73 39
1 93 1 -9 0.66 38
2 402 2 -9 0.45 33
1 14 2 6 1.42 45
2 702 1 -9 0.38 31
2 567 1 5 0.6 36
2 560 2 -9 0.5 33
2 588 1 -9 0.45 36
2 571 2 -9 0.7 37
2 597 2 5 0.65 36
1 158 1 6 0.78 42
2 926 1 5 0.53 38
2 935 2 -9 0.62 36
2 914 1 -9 0.43 33
1 33 1 -9 0.42 36
1 205 1 6 1.32 45
2 292 1 -9 0.41 34
2 306 1 4 0.53 36
2 1017 2 -9 0.73 39
2 945 1 -9 0.51 36
2 1010 1 -9 0.41 33
2 956 1 4 0.51 36
2 1092 2 -9 0.24 27
2 646 1 7 0.57 37
2 350 1 4 0.4 34
2 740 1 -9 0.52 37
2 769 1 -9 0.35 32
2 766 2 -9 0.5 34
2 273 2 4 0.73 38
2 500 1 -9 0.47 35
2 507 1 4 0.43 33
2 367 1 2 0.6 35
2 408 2 2 0.44 31
2 478 1 -9 0.6 34
1 7 1 6 1.32 46
1 79 2 -9 0.62 37
2 567 1 -9 0.35 31
2 858 1 -9 0.6 40
2 853 2 5 0.7 41
3 889 2 -9 1.66 48
2 871 1 -9 0.66 42
2 835 1 -9 0.5 38
2 868 1 -9 0.7 42
1 35 1 -9 0.39 36
2 985 1 -9 0.48 36
3 1096 1 -9 1.03 44
2 224 1 -9 0.72 41
2 1079 1 -9 0.4 31
2 643 1 -9 0.34 31
2 335 2 4 0.66 38
2 630 1 -9 0.46 34
2 333 2 5 0.5 34
2 358 1 4 0.38 34
2 742 2 -9 0.5 38
2 756 1 -9 0.46 34
2 818 2 -9 0.68 35
2 812 1 -9 0.42 34
2 683 2 -9 0.7 39
2 256 2 -9 0.28 29
2 266 2 -9 0.53 33
1 141 2 -9 0.58 37
1 125 1 -9 0.64 40
1 104 2 -9 0.66 36
2 463 1 -9 0.44 35
2 525 1 -9 0.4 31
2 392 2 -9 0.3 29
2 372 2 -9 0.39 31
2 502 1 -9 0.44 33
2 505 1 -9 0.5 36
2 512 1 4 0.48 35
2 388 2 6 0.73 38
2 441 1 -9 0.55 35
2 541 2 -9 0.5 30
2 562 2 4 0.45 34
2 595 1 2 0.45 32
2 595 1 -9 0.65 37
2 859 1 -9 0.64 38
2 870 1 -9 0.64 41
2 848 2 -9 0.68 40
2 883 2 -9 0.34 30
2 934 1 -9 0.67 36
2 932 1 -9 0.56 35
2 905 1 -9 0.44 33
2 916 2 -9 0.62 36
2 309 1 -9 0.28 28
2 940 1 1 0.29 29
2 1003 1 -9 0.56 39
2 959 2 1 0.35 31
2 952 1 4 0.44 34
1 173 2 -9 0.48 36
2 1072 1 -9 0.52 36
2 645 1 5 0.5 35
2 331 2 -9 0.76 38
2 312 1 7 0.74 40
2 337 1 -9 0.46 37
2 785 1 -9 0.5 36
3 275 2 7 1.6 45
2 235 2 5 0.72 38
1 43 2 -9 0.56 37
1 139 2 6 0.82 39
1 102 2 4 0.46 35
2 395 2 -9 0.7 37
2 463 1 4 0.42 34
2 390 2 5 0.92 40
2 419 1 -9 0.46 35
2 399 2 -9 0.7 36
2 409 2 -9 0.53 33
2 454 2 -9 0.89 38
2 442 1 -9 0.63 38
1 86 2 -9 0.35 35
1 56 1 4 0.46 36
1 74 2 -9 0.5 37
1 57 1 -9 0.24 29
1 55 1 -9 0.4 34
2 693 1 2 0.45 33
2 699 2 -9 0.79 39
2 689 1 -9 0.66 25
3 714 2 5 1.18 42
2 559 2 -9 0.65 35
2 584 1 -9 0.55 36
2 839 2 -9 0.42 34
2 904 1 -9 0.31 30
2 919 1 -9 0.27 30
2 928 1 4 0.41 33
2 1033 1 -9 0.74 40
2 1025 2 6 0.9 40
2 967 2 -9 0.49 35
1 167 2 -9 0.4 33
1 187 2 -9 0.7 39
2 1083 1 -9 0.31 30
2 612 1 -9 0.62 38
2 620 1 5 0.64 38
2 325 2 -9 0.72 39
2 821 1 -9 0.48 34
2 247 2 4 0.81 38
2 246 2 6 0.74 39
2 237 1 -9 0.27 30
2 723 1 -9 0.61 38
2 678 1 -9 0.42 34
1 101 2 -9 0.97 42
2 387 2 6 0.82 40
1 100 1 8 0.58 41
2 438 2 6 0.59 37
1 14 2 4 2 43
2 699 2 3 0.64 37
2 547 2 -9 0.65 36
2 547 2 -9 0.7 38
1 157 1 -9 1.22 46
2 871 2 -9 0.68 40
2 851 1 -9 0.48 36
2 930 2 -9 0.78 38
1 206 1 6 1.22 45
2 909 2 -9 0.46 32
2 931 1 -9 0.52 36
1 32 1 -9 0.59 41
1 42 2 -9 0.57 35
2 940 2 -9 0.38 32
1 207 2 -9 1.04 43
2 1046 1 -9 0.84 39
2 268 2 5 0.43 33
1 179 1 -9 0.36 35
3 277 2 6 1.41 44
2 1054 2 -9 0.73 40
2 1091 2 -9 0.72 37
2 628 2 -9 0.46 35
2 646 1 -9 0.54 36
2 604 2 6 0.56 37
2 312 1 5 0.6 38
2 737 2 -9 0.47 32
2 715 2 4 0.81 38
2 784 1 -9 0.5 35
2 802 1 -9 0.46 35
2 264 1 -9 0.46 34
2 259 2 -9 0.6 34
1 152 1 -9 0.42 35
1 146 1 -9 0.34 35
2 420 2 -9 0.54 35
2 471 2 -9 0.62 35
2 427 1 6 0.53 36
2 389 2 5 0.94 40
1 92 2 -9 0.6 36
2 470 2 2 0.45 32
2 479 1 -9 0.56 35
2 467 1 -9 0.5 35
2 426 2 -9 0.62 36
2 433 1 -9 0.57 38
2 478 1 6 0.55 38
2 436 2 -9 0.69 37
1 10 2 6 1.42 47
1 83 2 -9 0.74 41
1 61 2 -9 0.48 35
2 879 1 -9 0.88 43
2 919 2 -9 0.6 37
1 32 1 -9 0.37 37
3 531 2 -9 1.42 44
3 530 1 -9 1.47 45
2 250 2 2 0.32 30
1 193 1 -9 0.5 37
2 646 1 -9 0.46 35
2 649 1 4 0.41 34
2 347 2 2 0.42 32
2 348 2 2 0.36 31
2 796 2 -9 0.68 39
2 747 2 -9 0.37 31
2 811 2 2 0.44 33
2 659 2 -9 0.28 28
1 103 2 -9 0.68 37
2 520 2 -9 0.19 27
1 91 2 -9 0.6 38
2 492 2 -9 0.66 35
2 477 1 4 0.54 37
2 456 1 -9 0.54 37
2 449 1 -9 0.57 36
1 75 1 -9 0.52 37
1 76 1 -9 0.58 37
1 55 2 6 0.56 37
2 694 1 -9 0.76 49
2 704 1 -9 0.48 34
2 564 2 -9 0.75 38
2 547 1 -9 0.65 37
2 559 1 -9 0.7 41
2 590 2 -9 0.9 39
1 155 1 -9 1.06 43
2 905 1 -9 0.87 40
1 21 1 4 0.41 36
2 298 2 -9 0.64 35
2 996 1 -9 0.59 39
2 1009 1 4 0.37 34
2 1043 2 -9 0.77 39
2 1053 1 4 0.62 37
2 216 2 6 1.24 44
1 185 2 -9 0.84 40
2 1090 1 -9 0.72 38
2 1058 2 -9 0.88 43
2 1076 1 -9 0.22 27
2 636 1 -9 0.6 37
2 340 2 -9 0.54 35
2 647 1 -9 0.55 37
2 326 2 -9 0.62 36
2 765 2 -9 0.7 36
2 816 1 -9 0.52 36
2 732 1 -9 0.33 30
2 659 1 2 0.38 32
1 1 2 -9 1.1 46
3 217 1 -9 1.88 49
1 139 2 -9 0.52 37
1 129 2 2 0.38 31
1 129 2 -9 0.84 38
1 196 2 6 1.06 45
1 149 2 -9 0.56 38
2 403 2 -9 0.27 28
1 117 1 -9 0.5 37
2 396 2 -9 0.4 32
2 421 2 -9 0.44 33
2 468 2 4 0.54 34
2 425 1 -9 0.54 35
1 75 1 -9 0.54 38
2 701 2 2 0.46 33
2 544 1 -9 0.65 37
2 544 2 -9 0.7 38
2 574 2 -9 0.7 38
2 863 2 5 0.62 42
2 886 1 -9 0.46 36
2 917 2 -9 0.39 31
2 278 2 -9 0.68 37
2 294 2 -9 0.5 33
2 302 1 -9 0.5 37
3 533 1 -9 1.72 48
3 529 1 6 1.62 46
2 1043 2 -9 0.82 40
2 1001 1 4 0.42 33
2 1029 2 -9 0.76 38
2 228 1 -9 0.7 39
1 176 1 -9 0.46 37
2 344 1 -9 0.44 36
2 350 1 -9 0.54 37
2 353 1 -9 0.4 34
2 798 1 -9 0.62 37
2 732 2 -9 0.34 31
2 749 2 -9 0.58 35
2 246 2 7 1.03 42
2 229 1 -9 0.59 37
3 218 2 -9 1.28 45
1 141 1 -9 0.46 36
2 498 2 -9 0.7 36
2 498 1 -9 0.64 37
2 469 2 -9 0.69 37
1 92 2 -9 0.5 34
2 400 2 -9 0.46 32
2 517 1 6 0.63 38
1 55 2 -9 0.2 28
1 72 2 -9 0.66 39
1 65 2 -9 0.24 29
1 68 2 10 0.42 37
2 564 2 -9 0.35 30
2 598 2 4 0.8 37
2 590 2 -9 0.7 38
2 574 2 5 0.75 38
2 832 2 -9 0.5 37
2 911 1 -9 0.36 34
2 893 2 4 0.84 40
2 910 1 -9 0.44 32
2 922 2 -9 0.6 37
1 30 2 2 0.2 27
2 281 1 -9 0.6 40
3 533 2 6 1.44 46
3 530 1 6 1.71 47
2 944 2 -9 0.76 39
2 1007 2 -9 0.45 34
1 210 2 4 0.68 38
1 187 2 7 0.45 35
2 1069 1 -9 0.31 32
2 1081 1 -9 0.29 28
2 632 2 -9 0.34 32
2 326 2 -9 0.64 37
2 350 2 2 0.54 34
2 739 1 -9 0.4 33
2 761 1 -9 0.45 36
2 242 1 -9 0.58 37
2 683 1 2 0.35 31
1 37 1 -9 0.63 40
1 136 2 -9 0.68 36
1 113 2 -9 0.58 37
2 367 2 6 0.69 37
2 366 2 6 0.75 39
2 385 2 8 0.9 42
2 427 1 -9 0.62 37
2 396 1 -9 0.48 32
1 8 2 5 1.32 46
1 71 2 5 0.4 36
2 701 1 -9 0.53 35
2 543 1 2 0.5 33
2 575 2 4 0.63 37
2 560 2 -9 0.75 40
2 571 2 -9 0.75 37
2 877 1 -9 0.72 42
2 846 2 2 0.34 33
2 281 1 -9 0.6 39
2 997 2 4 0.63 36
2 999 1 -9 0.44 34
2 989 2 -9 0.47 35
2 956 1 5 0.59 40
2 1032 2 -9 0.72 39
1 179 2 4 0.4 34
2 1072 1 -9 0.52 35
2 1093 2 -9 0.26 28
2 1088 1 -9 0.49 34
2 650 1 -9 0.37 33
2 331 2 -9 0.72 36
2 331 2 -9 0.66 37
2 323 1 -9 0.5 35
3 214 2 -9 1.2 45
2 349 1 -9 0.44 37
2 801 1 -9 0.46 35
2 684 2 -9 0.4 32
1 134 2 -9 0.7 37
2 460 2 -9 0.95 39
1 121 2 -9 0.22 28
1 119 1 -9 0.42 34
2 528 1 -9 0.5 34
2 418 2 2 0.4 31
2 457 2 -9 0.71 38
2 406 2 -9 0.53 34
2 406 2 4 0.68 36
2 441 2 -9 0.71 38
2 382 2 -9 0.75 38
1 56 1 -9 0.34 32
1 69 2 -9 0.5 34
2 696 1 -9 0.48 34
2 692 2 -9 0.67 37
2 561 2 -9 0.18 23
2 600 1 -9 0.45 32
2 852 1 -9 0.72 43
2 895 2 -9 0.67 36
2 969 1 4 0.7 38
2 961 1 -9 0.54 36
2 1030 1 4 0.66 39
2 1045 1 6 0.69 40
1 170 2 -9 0.2 27
1 182 1 -9 0.3 32
1 187 2 -9 0.72 39
2 1080 1 1 0.27 28
2 651 1 -9 0.45 34
2 628 1 -9 0.48 34
2 345 1 -9 0.48 35
2 729 1 -9 0.35 32
2 764 2 -9 0.58 36
2 757 1 6 0.55 36
2 779 1 -9 0.52 36
2 800 2 6 0.6 38
2 812 1 5 0.6 38
2 805 1 -9 0.56 35
2 684 1 6 0.47 37
1 134 1 -9 0.68 38
1 139 2 -9 0.68 37
1 142 2 -9 0.5 35
2 460 2 4 0.63 35
2 473 2 4 0.55 35
2 467 1 -9 0.73 38
2 483 1 -9 0.56 37
2 368 2 6 0.75 38
3 200 1 -9 1.54 49
1 74 1 -9 0.42 35
1 62 2 4 0.42 37
2 555 1 -9 0.5 36
2 598 1 -9 0.45 35
2 591 1 -9 0.7 36
2 849 2 -9 0.5 38
2 893 2 5 0.74 39
2 609 2 -9 0.81 37
2 363 1 -9 0.46 37
2 612 1 -9 0.6 38
2 650 1 -9 0.54 35
1 2 2 6 1.3 46
2 721 1 -9 0.73 37
2 723 2 -9 0.63 36
2 676 2 6 0.6 37
2 669 1 -9 0.32 31
2 251 1 -9 0.31 29
2 273 2 -9 0.63 37
1 152 1 -9 0.46 36
1 130 2 4 0.62 36
1 146 1 -9 0.34 34
2 493 1 -9 0.46 36
2 492 2 -9 0.56 38
2 440 1 -9 0.53 35
2 436 1 -9 0.49 36
2 428 1 -9 0.4 33
3 199 1 -9 1.24 46
1 75 2 -9 0.74 39
2 699 2 -9 0.62 38
2 568 2 -9 0.6 37
2 593 1 -9 0.5 35
2 870 1 -9 0.7 43
2 882 1 -9 0.32 31
2 884 1 -9 0.42 35
2 848 1 -9 0.46 38
2 899 2 -9 0.7 37
2 891 2 4 0.76 40
1 33 1 -9 0.48 36
2 914 2 -9 0.41 32
2 302 1 2 0.42 33
3 531 1 7 1.6 48
3 531 2 -9 1.28 53
2 1021 2 6 0.81 39
2 1004 1 -9 0.51 36
2 1071 1 -9 0.49 36
2 1070 1 -9 0.4 33
2 625 1 -9 0.4 32
2 625 1 2 0.5 34
2 336 1 -9 0.54 36
2 324 1 5 0.54 38
2 322 2 3 0.6 35
2 311 2 6 0.74 38
2 773 2 -9 0.36 31
2 241 2 -9 0.54 37
2 684 1 -9 0.44 35
1 1 2 4 1 42
1 43 1 -9 0.68 40
2 213 1 -9 0.82 40
1 139 2 -9 0.78 38
1 105 2 -9 0.68 36
1 97 2 5 0.82 39
2 510 1 -9 0.6 35
2 381 2 -9 0.68 38
2 490 2 4 0.87 38
2 434 2 -9 0.75 38
1 9 2 6 1.1 44
2 696 2 -9 0.67 36
2 577 2 -9 0.25 27
2 840 1 -9 0.48 34
2 844 1 -9 0.3 31
2 898 1 -9 0.52 36
2 298 1 -9 0.48 35
2 1047 2 -9 0.77 39
2 974 2 -9 0.23 26
2 971 1 -9 0.78 40
2 994 1 -9 0.55 38
2 267 1 -9 0.41 32
1 184 2 -9 0.48 34
1 184 1 -9 0.46 35
2 1083 2 -9 0.46 34
2 1051 1 -9 0.57 37
2 654 1 4 0.54 38
2 365 1 6 0.68 39
2 356 1 -9 0.44 35
2 729 2 -9 0.6 36
2 783 2 -9 0.5 34
2 773 2 -9 0.46 34
2 760 2 4 0.68 38
2 810 1 -9 0.66 39
2 221 2 6 0.88 41
1 122 1 -9 0.26 29
1 128 1 -9 0.76 41
1 116 1 -9 0.42 34
1 111 1 -9 0.42 34
1 97 2 -9 0.82 42
2 367 2 6 0.89 40
2 473 2 -9 0.69 37
2 507 2 -9 0.67 36
2 384 1 -9 0.48 35
2 383 1 -9 0.88 42
2 474 1 -9 0.49 34
1 10 2 6 1.18 44
1 80 2 -9 0.56 38
1 82 1 -9 0.52 37
2 557 2 -9 0.58 34
2 576 1 -9 0.6 37
2 593 2 4 0.9 37
2 834 1 -9 0.36 34
2 873 1 -9 0.66 42
2 883 1 -9 0.28 30
2 909 2 -9 0.58 36
1 30 1 -9 0.43 34
2 1036 2 -9 0.7 39
2 985 1 -9 0.6 38
2 1055 2 -9 0.42 33
2 267 1 -9 0.23 27
1 165 1 3 0.28 32
2 637 1 -9 0.4 32
2 365 1 5 0.82 41
2 664 1 -9 0.47 36
1 50 2 -9 0.55 38
2 389 1 3 0.76 38
2 405 2 -9 0.43 33
2 398 2 -9 0.48 35
2 517 1 -9 0.35 32
2 386 2 6 0.93 40
2 430 1 -9 0.46 36
2 382 2 -9 0.68 36
2 545 1 -9 0.65 37
2 548 2 -9 0.6 35
2 851 2 -9 0.72 41
2 843 2 -9 0.34 35
2 908 2 -9 0.67 37
2 933 2 -9 0.5 34
2 938 2 -9 0.61 35
2 903 1 -9 0.41 32
2 282 1 -9 0.46 36
2 993 2 -9 0.88 41
2 1009 1 -9 0.4 35
1 175 1 -9 0.5 35
2 1073 1 -9 0.42 33
2 629 2 -9 0.62 37
2 617 1 -9 0.6 36
2 358 1 5 0.52 37
2 741 1 4 0.4 33
2 754 1 -9 0.6 34
2 245 2 6 0.89 40
2 674 2 -9 0.62 36
2 680 1 5 0.46 37
2 686 1 4 0.76 40
2 657 2 -9 0.4 31
2 665 1 -9 0.33 31
1 51 2 -9 0.64 38
2 498 1 -9 0.46 34
1 98 1 -9 0.5 37
2 466 2 -9 0.74 35
2 453 1 -9 0.5 35
1 8 1 -9 1.18 47
1 54 1 -9 0.4 34
1 68 1 -9 0.4 35
1 155 1 6 1.36 47
2 840 2 -9 0.58 39
2 886 1 -9 0.34 32
2 289 1 3 0.39 33
2 299 1 6 0.6 39
2 989 1 -9 0.55 38
2 1010 1 -9 0.5 35
1 16 2 -9 1 45
2 941 2 -9 0.71 37
2 971 2 6 0.8 39
2 1032 2 -9 0.91 40
2 1031 1 -9 0.76 39
2 228 1 -9 0.69 38
1 186 2 -9 0.36 33
1 182 2 -9 0.42 35
1 165 1 -9 0.4 33
2 1085 2 -9 0.23 27
3 277 2 6 1.85 46
2 361 2 -9 0.62 35
2 325 1 -9 0.66 38
2 327 2 -9 0.56 38
2 346 1 5 0.56 38
2 730 2 -9 0.52 37
2 773 2 -9 0.7 37
2 810 2 -9 0.16 26
2 734 2 2 0.58 36
2 804 1 -9 0.62 36
2 811 1 -9 0.52 36
2 263 1 4 0.52 36
1 40 2 -9 0.51 37
1 132 2 -9 0.74 38
1 127 2 -9 0.66 39
1 120 1 -9 0.44 35
1 115 1 -9 0.4 34
1 108 1 6 0.56 37
2 381 1 -9 0.62 40
2 503 1 -9 0.48 36
2 504 1 5 0.46 35
1 108 2 -9 0.7 39
2 439 2 -9 0.82 38
2 433 1 -9 0.88 40
2 444 1 -9 0.71 40
1 59 1 -9 0.42 37
2 710 2 -9 0.66 39
2 599 2 -9 0.75 37
2 585 2 -9 0.65 36
2 881 2 -9 0.58 39
2 921 1 -9 0.59 39
1 30 1 -9 0.44 37
2 283 1 -9 0.38 31
2 301 1 -9 0.44 32
2 979 2 -9 0.64 37
2 977 1 -9 0.42 36
3 1100 1 -9 1.92 47
2 1046 1 -9 0.67 38
1 179 2 -9 0.5 37
1 175 2 -9 0.26 29
1 164 1 -9 0.21 28
2 1070 1 1 0.22 26
2 347 1 -9 0.32 32
2 312 1 6 0.7 39
2 738 1 5 0.54 37
2 774 2 -9 0.75 37
2 732 2 -9 0.43 32
2 245 2 5 0.9 40
2 244 2 -9 0.6 37
1 153 1 -9 0.42 38
2 459 1 -9 0.44 31
1 113 1 -9 0.28 31
2 397 2 -9 0.38 30
2 515 2 -9 0.62 35
2 415 2 -9 0.63 35
2 435 1 -9 0.47 36
3 200 2 -9 1.3 44
1 4 2 -9 1.52 45
1 58 1 6 0.44 35
2 700 1 -9 0.77 40
2 568 2 -9 0.65 35
2 542 1 -9 0.65 36
2 594 1 -9 0.4 31
2 857 2 4 0.7 41
2 864 2 7 0.84 44
2 912 1 -9 0.48 34
1 21 2 -9 0.25 31
2 1061 1 4 0.7 40
2 1020 2 6 0.77 39
2 216 2 6 1.23 44
1 175 2 4 0.46 34
2 1077 1 -9 0.48 34
2 633 1 -9 0.56 38
2 1068 1 -9 0.69 39
2 795 1 -9 0.66 39
2 775 2 -9 0.62 36
2 800 2 -9 0.32 30
2 733 2 -9 0.35 31
2 677 1 6 0.65 38
2 254 1 -9 0.6 38
2 458 1 -9 0.54 36
1 90 1 -9 0.38 32
1 99 2 -9 0.8 38
2 369 2 3 0.83 39
2 430 1 4 0.61 38
2 434 2 -9 0.75 38
2 850 2 -9 0.58 40
2 894 2 5 0.77 40
2 998 2 6 0.45 36
1 181 1 -9 0.32 33
2 1085 2 -9 0.2 25
2 1084 2 -9 0.16 24
2 620 2 -9 0.72 38
2 335 1 -9 0.48 36
2 621 1 -9 0.72 40
2 321 1 6 0.5 36
2 323 1 -9 0.52 36
2 781 2 5 0.6 38
2 805 2 5 0.86 39
2 241 1 -9 0.47 33
2 265 2 4 0.6 35
2 242 1 -9 0.48 33
1 131 2 -9 0.8 38
2 418 2 -9 0.4 32
2 370 2 -9 0.84 40
2 393 1 4 0.37 34
2 518 2 -9 0.68 37
1 60 1 -9 0.26 29
1 65 2 -9 0.24 28
3 713 2 6 1.53 45
2 707 1 -9 0.43 35
2 601 1 6 0.75 38
2 546 1 -9 0.65 38
2 853 2 -9 0.76 42
2 857 2 -9 0.86 42
2 870 2 7 0.84 41
2 888 2 -9 0.54 36
1 19 1 -9 0.42 33
2 278 2 -9 0.7 40
1 41 2 -9 0.7 37
2 301 2 -9 0.64 35
2 1049 2 6 0.6 37
2 1045 1 -9 0.56 36
2 942 2 -9 0.76 38
2 1037 1 6 0.66 39
2 1015 2 -9 0.5 35
2 981 1 -9 0.44 33
2 1039 2 -9 0.7 37
1 163 1 -9 0.22 27
1 188 2 -9 0.52 35
2 1086 2 -9 0.57 37
2 607 2 -9 0.46 33
2 364 1 6 0.68 39
2 823 1 4 0.66 38
3 275 2 7 1.4 48
2 221 2 7 0.9 39
2 240 2 6 0.42 35
2 264 2 -9 0.52 33
2 270 2 5 0.52 35
2 672 2 -9 0.48 33
2 671 1 2 0.38 32
2 677 2 -9 0.63 35
3 219 2 -9 1.36 46
1 45 2 -9 0.48 38
2 212 2 7 0.2 43
1 113 1 -9 0.42 35
2 507 1 4 0.52 35
2 401 1 -9 0.33 30
2 479 1 -9 0.48 33
2 412 2 -9 0.76 38
2 453 2 -9 0.65 37
1 160 1 -9 0.4 32
1 64 2 4 0.34 33
2 690 1 7 0.71 41
2 560 1 -9 0.35 29
2 595 2 -9 0.65 35
2 887 2 -9 0.52 39
1 24 1 -9 0.29 30
1 202 1 -9 0.78 41
2 305 1 -9 0.51 37
2 991 2 -9 0.47 34
2 1011 2 -9 0.39 33
2 1010 1 -9 0.51 35
2 957 2 6 0.75 40
2 984 2 -9 0.51 35
2 268 1 -9 0.43 33
1 181 1 -9 0.42 35
1 180 2 4 0.4 34
1 178 1 -9 0.38 36
2 314 2 1 0.3 28
2 317 2 -9 0.64 36
2 312 2 4 0.8 39
2 318 1 -9 0.68 38
2 362 2 -9 0.68 37
2 355 2 2 0.32 31
2 359 2 -9 0.56 36
2 792 2 5 0.54 36
2 777 2 -9 0.6 36
2 777 2 -9 1.1 40
2 751 1 -9 0.32 30
2 258 1 4 0.6 35
2 686 1 6 0.75 41
2 657 1 -9 0.45 34
2 671 1 -9 0.48 35
2 413 1 -9 0.61 36
2 429 1 4 0.49 35
2 447 2 -9 0.64 37
1 161 2 -9 0.72 38
1 10 2 -9 1.3 43
1 62 2 -9 0.2 29
2 586 2 -9 0.65 37
2 571 2 -9 0.7 36
2 851 2 -9 0.58 40
3 1019 2 -9 1.26 45
1 201 2 6 1.36 47
1 21 2 -9 0.63 41
2 291 2 -9 0.46 33
2 997 2 -9 0.58 38
2 980 1 -9 0.33 32
2 1058 1 -9 0.76 41
2 637 1 2 0.4 32
2 347 2 -9 0.62 38
2 350 1 -9 0.38 34
2 763 1 -9 0.5 36
2 746 2 -9 0.5 36
2 767 2 -9 0.75 37
2 813 1 5 0.5 38
2 808 1 4 0.58 36
2 722 1 -9 0.35 33
2 229 1 -9 0.5 35
2 670 2 -9 0.53 34
2 274 1 -9 0.5 36
2 460 1 -9 0.45 32
1 102 2 -9 0.61 37
2 379 1 -9 0.49 35
1 78 1 5 0.68 41
2 565 1 -9 0.55 35
2 550 2 -9 0.75 40
2 862 2 -9 0.56 39
2 870 1 -9 0.6 40
2 896 2 4 0.44 36
1 20 2 -9 0.24 28
2 1017 1 -9 0.52 37
3 536 2 5 1.3 46
2 1026 2 4 0.94 42
2 1044 1 -9 0.8 39
2 613 2 -9 0.64 36
2 654 1 5 0.4 35
2 654 2 -9 0.56 35
2 352 1 -9 0.56 37
2 759 1 -9 0.5 37
2 760 2 -9 0.42 33
2 780 1 4 0.48 34
2 724 1 -9 0.5 36
1 137 2 4 0.84 39
2 499 2 6 0.64 35
2 482 2 -9 0.69 35
2 386 2 4 0.9 38
2 446 2 -9 0.67 36
2 444 2 6 0.78 38
2 692 1 5 0.68 37
2 538 2 4 -9 39
2 846 2 -9 0.48 34
2 850 1 -9 0.8 42
2 824 1 -9 -9 36
2 300 1 -9 0.39 33
2 296 1 -9 0.31 29
2 1004 2 -9 0.73 37
2 990 2 -9 0.55 35
1 181 1 -9 0.42 37
2 1074 2 6 0.8 38
2 624 2 -9 0.7 36
2 337 2 -9 0.52 35
2 771 1 7 0.8 41
2 783 2 -9 0.61 37
2 813 1 -9 0.38 32
2 661 1 -9 0.39 32
2 258 1 -9 0.44 32
2 682 2 -9 0.51 34
1 138 1 -9 0.56 40
2 463 1 -9 0.45 35
2 525 2 -9 0.68 38
2 443 2 -9 0.91 39
2 380 1 4 0.64 38
2 474 1 5 0.58 36
1 86 2 -9 0.54 38
1 71 1 -9 0.34 33
2 554 2 -9 1.3 44
2 585 2 4 0.5 34
2 860 1 -9 0.58 38
2 840 1 -9 0.36 33
2 895 1 -9 0.64 36
1 32 1 -9 0.47 38
1 42 1 -9 0.64 40
2 1011 1 -9 0.38 31
2 972 1 6 0.66 38
1 17 2 6 1.2 42
2 228 2 -9 0.66 37
1 174 1 -9 0.44 35
2 1076 1 -9 0.16 24
2 639 2 -9 0.45 32
2 603 2 6 0.8 40
2 611 2 4 0.58 35
2 641 2 6 0.67 37
2 325 1 -9 0.6 38
2 329 1 -9 0.38 32
2 333 2 -9 0.22 28
2 719 2 5 0.58 36
2 776 1 -9 0.5 36
2 258 2 -9 0.45 32
2 258 1 -9 0.53 36
2 224 1 -9 0.58 36
1 151 1 -9 0.44 34
1 197 2 6 1.08 42
2 430 1 -9 0.44 34
2 429 2 -9 0.65 38
2 447 1 -9 0.52 35
2 424 1 -9 0.55 36
2 550 1 -9 0.65 40
2 930 2 -9 0.73 38
2 893 1 5 0.95 39
2 1024 2 5 0.74 39
2 1011 1 5 0.37 34
1 207 2 5 1.03 45
2 1030 2 -9 0.61 36
2 1050 2 -9 0.78 39
2 338 2 -9 0.7 38
2 614 1 -9 0.5 34
2 313 2 5 1.14 43
2 358 1 -9 0.44 34
2 740 1 -9 0.44 36
2 750 2 5 0.6 36
2 229 2 2 0.45 33
2 687 2 2 0.68 36
1 89 1 -9 0.65 29
2 506 1 -9 0.54 37
2 421 2 -9 0.74 38
2 429 1 -9 0.47 34
1 85 2 -9 0.66 40
2 568 1 -9 0.65 37
2 565 2 -9 0.85 38
2 542 2 -9 0.85 36
2 866 2 -9 0.5 38
2 832 2 -9 0.54 37
2 915 2 -9 0.45 33
2 935 2 -9 0.57 36
2 299 1 -9 0.49 36
2 295 1 5 0.51 37
2 298 1 6 0.48 35
2 988 1 -9 0.46 36
2 1060 1 -9 0.69 38
2 1001 1 -9 0.31 32
2 957 1 -9 0.51 36
1 208 2 -9 0.82 41
2 960 1 -9 0.47 37
2 963 1 -9 0.42 44
3 1098 2 -9 1.67 47
2 1095 1 -9 0.46 33
2 605 2 3 0.78 39
2 612 1 -9 0.62 36
2 327 1 -9 0.6 40
2 348 2 -9 0.72 37
2 781 2 -9 0.62 37
1 127 1 -9 0.48 35
1 96 1 -9 0.56 37
2 506 2 -9 0.7 37
2 408 2 -9 0.45 30
2 411 2 -9 0.65 37
2 452 2 4 0.65 36
1 81 2 -9 0.72 38
1 74 1 -9 0.5 39
2 563 1 -9 0.35 29
2 593 2 2 0.3 29
1 25 1 -9 0.5 37
1 39 1 6 0.52 37
2 287 2 2 0.36 31
2 991 2 -9 0.63 36
2 942 2 -9 0.57 34
2 990 1 -9 0.52 37
1 191 2 5 0.8 38
2 629 2 -9 0.6 35
2 1082 2 -9 0.29 29
2 650 1 -9 0.55 37
2 323 2 -9 0.76 38
2 729 1 -9 0.4 30
2 742 2 4 0.54 34
2 793 2 -9 0.78 38
2 809 1 -9 0.4 34
2 814 2 -9 0.58 36
2 805 1 -9 0.78 38
2 671 2 4 0.59 34
2 677 2 -9 0.4 32
3 220 2 7 1.46 46
1 124 1 6 0.64 39
2 475 1 4 0.45 34
2 401 1 -9 0.3 28
1 100 2 -9 0.61 38
1 7 2 -9 0.96 43
1 4 1 6 1.32 47
1 56 2 -9 0.48 37
2 704 1 -9 0.41 31
2 707 2 -9 0.49 30
2 538 2 6 -9 38
2 545 2 -9 0.85 39
2 894 2 4 0.65 36
1 18 1 -9 0.39 35
1 46 2 -9 0.62 38
2 943 1 -9 0.54 37
2 1059 2 -9 0.67 38
2 1056 2 4 0.56 37
2 1071 2 -9 0.4 32
2 640 2 -9 0.5 34
2 631 1 -9 0.54 37
2 790 1 5 0.48 36
2 728 2 -9 0.57 37
2 680 1 -9 0.53 37
2 673 1 -9 0.45 37
2 266 2 -9 0.69 37
1 120 1 -9 0.42 33
1 110 1 -9 0.4 34
2 521 1 -9 0.39 33
2 508 1 -9 0.52 35
2 525 1 -9 0.51 36
2 387 2 3 0.62 34
2 475 1 -9 0.4 34
2 404 2 4 0.57 35
2 480 1 -9 0.53 36
2 431 1 -9 0.4 34
1 62 1 -9 0.46 37
1 66 2 -9 0.56 37
1 73 2 -9 0.46 35
1 63 1 2 0.34 32
2 710 1 6 0.48 36
2 586 2 -9 0.65 36
2 581 2 -9 0.45 32
2 581 1 -9 0.5 34
2 283 2 -9 0.5 34
1 42 2 -9 0.38 34
2 307 2 -9 0.64 35
2 287 1 -9 0.4 34
2 987 1 -9 0.54 37
1 16 2 5 0.6 39
2 966 1 4 0.45 35
1 209 2 -9 0.63 38
2 1048 2 -9 0.67 37
2 1088 1 -9 0.42 34
2 728 2 -9 0.6 36
2 819 2 1 0.68 39
2 222 2 6 0.91 41
2 261 2 -9 0.7 37
2 232 2 -9 0.76 36
3 220 2 7 1.8 48
1 90 1 -9 0.42 34
2 422 1 -9 0.79 38
2 393 1 -9 0.46 34
2 476 1 5 0.59 36
2 426 1 -9 0.61 39
2 450 2 -9 0.66 36
1 14 2 -9 1.24 44
1 77 2 -9 0.5 37
2 694 2 -9 0.67 37
2 602 2 6 0.85 39
2 569 1 -9 0.53 37
2 596 2 -9 0.65 37
2 857 2 -9 0.74 43
1 27 1 5 0.37 34
2 931 2 -9 0.82 40
2 291 1 2 0.2 26
3 530 1 -9 1.83 49
2 1010 1 -9 0.46 35
2 959 1 -9 0.43 34
2 975 1 -9 0.44 35
2 1039 2 -9 0.63 36
1 176 2 5 0.6 41
2 1084 1 -9 0.33 31
2 639 2 4 0.65 36
2 622 1 -9 0.42 34
2 611 1 -9 0.54 34
2 357 2 -9 0.7 38
2 720 2 -9 0.5 37
2 715 2 3 0.71 37
2 768 1 -9 0.56 36
2 662 2 -9 0.45 33
2 236 1 -9 0.59 36
2 805 1 -9 0.44 36
2 664 2 2 0.29 30
3 219 2 -9 1.32 46
2 460 2 7 0.76 38
1 147 2 -9 0.36 34
1 144 2 -9 0.26 28
2 505 1 6 0.45 33
2 523 2 -9 0.51 34
2 438 2 -9 0.72 37
1 61 1 -9 0.38 35
2 557 1 4 0.45 35
2 596 1 -9 0.55 34
2 858 1 -9 0.52 40
2 858 2 -9 0.62 40
2 867 1 -9 0.66 41
2 879 2 -9 0.66 41
2 880 2 -9 0.58 39
2 897 1 -9 0.48 34
2 280 2 -9 0.73 38
2 289 2 -9 0.59 35
2 299 2 -9 0.69 37
2 1002 1 -9 0.49 38
2 958 1 -9 0.45 36
2 984 1 4 0.36 32
2 1001 1 4 0.42 35
1 174 2 -9 0.54 36
2 1052 1 -9 0.58 35
2 613 1 -9 0.66 38
2 319 1 4 0.38 35
2 360 1 5 0.56 37
2 783 2 7 0.62 37
2 770 1 -9 0.4 31
2 799 1 -9 0.42 35
2 817 1 -9 0.4 31
2 234 2 -9 0.63 37
1 51 1 -9 0.48 36
2 213 1 -9 0.68 38
1 136 2 -9 0.61 36
2 370 2 -9 0.81 40
2 491 2 5 0.79 38
2 518 1 -9 0.48 35
2 450 1 -9 0.5 35
1 7 2 -9 1.3 45
1 83 2 -9 0.56 37
1 58 1 -9 0.52 37
2 697 2 -9 0.67 39
2 691 2 -9 0.45 38
2 711 1 -9 0.4 31
2 854 1 -9 0.64 43
2 835 1 -9 0.42 34
2 921 1 -9 0.39 33
2 892 2 4 0.83 39
2 1033 1 -9 0.83 41
2 1023 1 5 0.86 41
2 1022 2 6 0.93 42
2 955 2 -9 0.69 38
2 976 2 2 0.41 32
2 952 1 -9 0.48 35
2 1052 2 -9 0.56 38
2 1092 1 -9 0.34 31
2 629 1 4 0.5 35
2 647 1 6 0.42 35
2 346 1 -9 0.44 35
2 359 2 -9 0.74 37
2 253 2 -9 0.67 37
2 667 1 -9 0.2 27
2 212 2 6 0.56 37
2 463 2 -9 0.39 32
2 505 2 -9 0.39 31
2 398 2 7 0.88 38
2 516 2 -9 0.76 39
2 407 2 -9 0.85 39
2 447 1 -9 0.51 36
1 4 1 -9 1.1 45
1 59 1 -9 0.48 38
1 79 2 -9 0.72 39
1 67 1 -9 0.38 36
2 562 2 -9 0.35 29
2 885 1 -9 0.7 42
2 887 1 2 0.4 36
2 898 2 5 0.65 38
2 913 2 6 0.76 39
1 31 2 -9 0.55 38
2 922 2 -9 0.73 39
3 536 2 5 1.48 44
2 1022 2 5 0.87 40
2 978 2 3 0.5 34
1 177 1 -9 0.42 37
2 642 2 -9 0.58 37
2 1082 2 -9 0.3 28
2 354 1 4 0.38 34
2 1086 2 -9 0.44 35
2 792 1 -9 0.46 35
2 755 1 -9 0.46 38
2 735 1 -9 0.35 31
2 221 2 5 0.86 39
2 657 1 1 0.27 28
2 676 2 -9 0.54 33
2 272 1 -9 0.52 38
1 45 1 -9 0.37 33
1 198 2 4 1.09 39
2 520 2 -9 0.64 36
1 100 2 -9 0.68 42
2 401 2 -9 0.81 39
2 492 2 4 0.49 34
2 414 2 -9 0.52 35
2 377 2 -9 0.67 38
1 11 2 -9 1.32 47
2 555 2 4 0.7 37
2 908 2 -9 0.48 33
2 921 1 -9 0.6 37
2 899 2 -9 0.38 32
2 935 2 -9 0.67 39
2 295 2 -9 0.51 32
3 531 1 -9 1.54 45
2 986 2 4 0.59 38
2 982 2 -9 0.58 36
2 1020 2 4 0.81 38
2 985 2 -9 0.66 36
2 1034 1 -9 0.87 41
2 981 2 4 0.65 36
1 183 2 -9 0.72 39
2 1080 1 -9 0.49 34
2 363 1 -9 0.38 32
2 655 1 5 0.92 42
2 335 1 -9 0.5 36
2 329 2 -9 0.62 36
2 796 1 3 0.48 33
2 730 2 -9 0.63 37
2 743 2 5 0.6 37
2 761 1 -9 0.5 35
2 758 2 5 0.76 38
1 140 1 -9 0.64 39
1 197 2 6 1.25 44
1 94 1 5 0.46 35
2 457 1 -9 0.44 34
1 92 1 4 0.38 32
2 470 2 -9 0.51 34
2 480 1 5 0.45 34
1 9 1 -9 1.12 47
1 80 2 -9 0.64 39
3 713 2 -9 1.53 50
2 699 1 -9 0.69 38
2 566 1 -9 0.65 38
2 281 2 -9 0.66 36
2 288 1 -9 0.62 39
2 1036 1 -9 0.62 37
2 982 2 5 0.66 37
2 1034 2 -9 0.74 38
2 1022 2 6 0.7 38
2 979 1 4 0.46 36
2 1032 2 -9 0.81 40
1 195 2 -9 0.78 39
2 1056 2 -9 0.59 36
2 236 2 4 0.55 34
3 220 2 7 0.76 40
2 255 1 5 0.45 35
2 273 2 -9 0.72 39
1 148 2 6 0.48 36
2 471 1 -9 0.58 35
1 93 1 -9 0.46 35
2 505 1 -9 0.54 36
2 416 1 -9 0.48 35
2 511 2 -9 0.78 38
2 399 1 -9 0.54 34
2 394 1 2 0.47 32
2 380 2 -9 0.62 36
1 12 1 -9 1.18 46
1 88 1 5 0.66 41
1 57 1 7 0.48 38
2 703 1 -9 0.44 34
2 708 1 -9 0.56 36
2 709 1 4 0.45 33
2 551 1 -9 0.4 31
2 839 2 -9 0.28 29
2 932 1 4 0.5 35
2 891 2 3 0.77 40
2 914 2 -9 0.42 34
2 284 2 -9 0.44 33
2 1004 1 2 0.51 35
2 943 1 -9 0.65 38
2 1063 1 -9 0.52 34
2 626 2 -9 0.48 33
2 737 1 -9 0.55 37
2 748 1 -9 0.4 32
2 718 1 -9 0.6 38
2 747 2 3 0.51 34
2 815 1 2 0.46 33
2 808 1 -9 0.4 35
2 674 1 -9 0.53 36
2 256 1 -9 0.54 37
1 120 2 -9 0.52 35
2 510 1 -9 0.58 37
2 501 1 -9 0.44 35
2 409 1 -9 0.55 35
2 454 1 -9 0.5 35
2 468 2 -9 0.64 36
1 60 1 -9 0.42 37
1 67 1 -9 0.36 33
2 695 2 3 0.63 37
2 573 1 -9 0.4 33
2 575 2 -9 0.75 39
2 595 2 4 0.75 35
2 589 1 1 0.38 30
2 846 1 -9 0.54 37
2 828 1 -9 0.54 38
2 850 2 -9 0.92 43
2 885 1 -9 0.58 41
2 894 2 4 0.76 39
2 938 1 -9 0.36 30
1 23 1 -9 0.51 38
2 901 2 -9 0.47 34
2 923 1 4 0.53 36
2 903 1 -9 0.27 28
1 204 1 -9 1.12 36
1 22 1 -9 0.42 33
2 295 1 -9 0.46 32
2 998 1 -9 0.56 37
2 947 2 -9 0.79 39
2 1011 2 -9 0.81 39
2 969 1 4 0.64 38
2 1043 1 -9 0.59 37
2 979 2 -9 0.43 35
3 1101 1 -9 0.82 43
3 1100 1 -9 1.54 46
2 1053 2 -9 0.71 37
2 613 1 -9 0.5 36
2 649 2 -9 0.72 36
2 357 1 -9 0.48 37
2 662 2 -9 0.65 36
2 724 1 -9 0.4 32
2 661 1 1 0.24 27
2 806 1 -9 0.46 34
2 679 1 4 0.49 36
1 123 2 -9 0.66 37
1 145 2 -9 0.4 33
1 130 1 -9 0.7 40
1 125 2 -9 0.82 38
1 103 1 5 0.5 37
2 385 2 6 0.8 39
2 503 2 -9 0.58 33
2 502 2 4 0.72 37
2 399 2 -9 0.34 31
2 386 2 5 0.76 39
2 439 1 -9 0.51 37
2 496 1 4 0.44 33
1 87 1 -9 0.48 36
2 573 1 -9 0.45 34
2 873 2 -9 0.72 41
2 872 2 -9 0.62 41
2 826 2 2 0.32 33
2 845 1 -9 0.3 30
2 915 2 -9 0.59 37
2 901 2 -9 0.38 32
2 901 1 -9 0.48 33
2 996 1 -9 0.51 37
2 1021 2 6 0.79 39
2 951 1 -9 0.42 34
2 984 1 -9 0.53 38
2 1039 2 -9 0.86 39
1 190 2 -9 0.5 35
1 186 2 5 0.68 38
1 178 2 -9 0.6 38
2 608 2 -9 0.21 27
2 319 1 -9 0.44 35
2 822 1 4 0.76 39
2 757 1 2 0.5 33
2 779 2 2 0.5 33
2 800 2 -9 0.82 40
2 815 1 6 0.52 36
2 727 1 -9 0.5 35
2 230 1 -9 0.47 35
2 666 2 7 0.64 37
2 665 2 5 0.62 38
2 254 2 -9 0.41 32
1 153 1 -9 0.38 35
1 126 2 -9 0.68 37
2 483 1 6 0.69 38
2 423 1 -9 0.6 37
2 431 2 -9 0.72 37
2 453 1 -9 0.57 38
1 5 2 5 1.24 43
2 709 2 5 0.34 30
2 855 2 -9 0.62 40
1 29 1 -9 0.6 45
1 28 1 -9 0.43 37
2 285 1 -9 0.5 36
2 1004 1 -9 0.64 40
2 942 1 -9 0.55 37
2 983 1 -9 0.44 36
2 1016 1 2 0.34 31
1 164 2 5 0.29 33
1 190 2 -9 0.62 37
1 166 2 -9 0.38 33
2 620 2 -9 0.74 38
2 632 1 -9 0.52 38
2 329 1 -9 0.5 34
2 352 1 -9 0.54 37
2 780 1 -9 0.44 32
2 807 1 4 0.5 37
2 243 2 -9 0.84 39
2 233 1 4 0.52 37
2 235 2 5 0.6 36
3 217 1 6 1.07 45
2 459 2 -9 0.63 36
2 372 1 -9 0.68 39
2 405 2 -9 0.78 37
2 383 2 -9 0.63 36
2 378 2 -9 0.62 37
2 449 1 -9 0.53 35
2 698 2 -9 0.6 35
2 582 1 5 0.55 36
2 577 1 4 0.55 36
2 853 1 -9 0.82 45
3 889 2 3 1.62 45
2 880 1 -9 0.58 40
2 908 1 -9 0.41 32
1 29 2 -9 0.46 37
2 899 1 -9 0.49 34
2 902 1 -9 0.4 32
1 19 1 -9 0.21 27
3 1097 2 -9 1.82 47
1 163 1 -9 0.24 29
2 1057 2 -9 0.47 32
2 328 1 -9 0.52 35
2 357 2 -9 0.62 36
2 362 2 1 0.16 25
2 351 2 4 0.6 36
2 726 1 -9 0.5 36
2 741 1 -9 0.45 35
2 781 2 -9 0.73 37
2 821 2 4 0.58 36
2 221 2 6 0.78 40
3 219 2 -9 1.36 44
1 131 1 4 0.52 35
2 479 1 -9 0.73 36
1 6 2 6 1.3 46
1 78 2 -9 0.6 40
1 63 1 -9 0.24 29
2 696 2 -9 0.86 39
2 562 1 -9 0.4 31
2 547 1 3 0.55 38
2 585 2 -9 0.65 37
2 871 1 -9 0.58 38
3 889 1 7 1.22 47
2 829 2 -9 0.38 35
1 18 2 -9 0.23 31
1 28 2 -9 0.47 35
1 38 2 -9 0.63 38
3 534 1 -9 1.78 50
1 210 2 5 1.11 44
2 1001 1 -9 0.51 37
2 1035 2 -9 0.57 36
2 1085 1 -9 0.29 30
2 1048 1 -9 0.68 39
2 642 2 4 0.62 37
2 633 1 -9 0.51 37
2 625 2 -9 0.46 32
2 624 2 -9 0.56 34
2 617 1 -9 0.6 39
2 635 1 2 0.5 34
2 645 1 -9 0.48 36
2 744 1 -9 0.47 35
2 752 2 4 0.4 33
2 684 1 -9 0.42 36
1 133 2 -9 0.64 38
2 395 1 -9 0.7 36
2 397 2 -9 0.73 36
2 411 2 -9 0.44 31
2 518 1 -9 0.52 37
2 466 1 5 0.59 36
2 425 1 -9 0.56 36
1 159 2 -9 0.52 37
1 79 2 -9 0.76 39
1 83 2 4 0.52 37
1 57 1 -9 0.28 33
2 702 2 -9 0.35 30
2 566 2 -9 0.6 37
2 580 2 7 0.6 36
2 825 2 5 -9 38
2 936 1 -9 0.6 38
2 917 1 -9 0.54 38
2 279 1 -9 0.46 35
2 310 1 7 0.77 41
2 986 1 -9 0.47 35
2 1025 2 8 0.91 39
2 971 2 2 0.63 36
2 949 2 -9 0.7 37
2 1055 1 -9 0.56 37
1 173 1 -9 0.28 30
1 178 1 -9 0.4 36
2 1095 2 6 0.52 36
2 1089 2 -9 0.4 33
2 1075 2 -9 0.79 38
2 624 2 2 0.48 32
3 219 1 6 1.38 44
2 212 2 6 0.73 39
2 372 2 6 0.56 36
2 406 2 -9 0.69 36
1 86 2 5 0.68 40
1 76 1 -9 0.58 39
1 68 1 -9 0.44 36
2 571 2 -9 0.75 36
2 600 1 -9 0.7 37
2 907 1 -9 0.64 36
1 18 1 2 0.23 29
2 928 1 -9 0.49 36
2 920 1 4 0.77 37
2 307 1 3 0.43 32
2 303 2 4 0.7 38
2 999 2 -9 0.8 40
2 1003 1 -9 0.6 40
2 985 1 -9 0.48 35
2 941 2 -9 0.66 37
2 990 2 -9 0.61 37
1 208 2 5 0.76 41
2 249 2 -9 0.64 37
1 170 2 -9 0.4 33
2 606 2 -9 0.34 32
2 605 2 6 0.76 38
2 646 2 6 0.76 39
2 641 2 4 0.53 35
2 322 1 -9 0.56 37
2 315 2 -9 0.36 30
2 719 2 -9 0.52 33
2 753 1 5 0.58 37
2 755 1 -9 0.56 36
2 815 1 6 0.48 35
2 262 2 2 0.46 33
2 231 1 -9 0.58 36
2 270 1 -9 0.87 42
2 265 1 -9 0.24 28
1 116 1 -9 0.4 35
2 403 2 -9 0.58 36
2 509 2 -9 0.7 38
2 440 1 -9 0.67 40
2 433 1 -9 0.55 37
2 378 2 5 0.81 40
1 11 2 5 1.06 43
2 690 1 -9 0.65 39
2 703 2 -9 0.35 32
2 554 2 -9 0.65 36
2 596 2 2 0.45 30
2 589 2 -9 0.28 27
2 867 1 -9 0.66 41
2 838 1 -9 0.32 31
2 926 2 -9 0.66 37
2 999 2 -9 0.79 41
2 1002 2 5 0.65 38
2 982 1 -9 0.51 36
2 968 2 2 0.59 37
2 978 2 -9 0.67 38
2 1085 2 1 0.17 24
2 1073 1 -9 0.56 40
2 1094 2 -9 0.45 33
2 1056 1 7 0.58 38
2 1077 1 -9 0.47 33
2 644 2 4 0.55 35
2 336 1 4 0.42 35
2 333 2 -9 0.56 35
2 344 2 -9 0.76 38
2 791 1 -9 0.56 38
2 746 1 -9 0.35 32
2 669 1 -9 0.32 30
2 669 2 -9 0.44 33
2 273 2 -9 0.62 36
1 99 1 -9 0.66 39
2 395 2 5 0.48 34
1 92 2 -9 0.74 38
2 465 1 -9 0.29 29
2 435 1 -9 0.5 36
1 159 1 -9 0.38 34
1 88 2 -9 0.7 40
1 67 2 -9 0.48 36
2 546 1 -9 0.4 33
2 586 2 4 0.7 36
1 156 1 6 1.18 46
2 856 2 -9 0.68 39
2 855 1 -9 0.54 37
2 881 1 -9 0.42 33
2 934 2 4 0.71 38
3 529 2 -9 1.24 46
2 1025 2 3 0.78 38
2 1041 1 -9 0.62 36
2 948 1 -9 0.59 37
3 1101 2 -9 1.42 48
2 616 2 -9 0.42 32
2 632 2 4 0.58 36
2 360 2 -9 0.48 36
2 352 1 4 0.46 35
2 765 2 -9 0.4 32
2 820 1 -9 0.44 35
2 745 1 -9 0.44 34
2 680 2 -9 0.76 40
2 688 1 4 0.72 39
2 660 1 -9 0.5 35
2 224 2 -9 0.64 37
1 138 2 -9 0.66 37
1 131 2 -9 0.74 36
1 115 1 -9 0.38 34
1 117 1 -9 0.46 35
2 368 2 5 0.87 40
2 410 2 -9 0.69 36
1 93 1 -9 0.51 36
2 471 1 -9 0.44 33
2 483 2 -9 1.05 40
2 489 1 -9 0.63 37
2 423 2 -9 0.72 38
2 477 2 -9 0.84 38
1 76 2 -9 0.78 39
2 557 1 -9 0.4 31
2 580 1 6 0.5 36
2 869 2 -9 0.58 40
2 850 2 -9 0.74 41
2 932 1 -9 0.54 37
2 924 2 -9 0.64 37
1 30 1 -9 0.18 27
2 283 1 -9 0.6 37
1 38 1 -9 0.43 35
2 1020 2 5 0.81 40
1 17 2 6 1 40
2 965 1 6 0.56 37
2 1042 2 -9 0.74 40
2 1090 1 -9 0.37 31
2 644 2 -9 0.64 36
2 616 2 -9 0.48 33
2 634 2 -9 0.52 36
2 319 1 -9 0.56 39
2 721 1 5 0.53 37
2 757 1 -9 0.4 32
2 236 1 -9 0.61 37
2 722 2 -9 0.6 35
2 727 2 -9 0.55 36
2 271 1 -9 0.51 36
2 673 1 4 0.51 35
1 47 2 -9 0.69 39
1 143 2 3 0.56 34
1 125 1 -9 0.5 36
2 405 2 6 0.46 37
2 414 2 -9 0.48 33
2 376 2 5 0.64 36
1 88 1 -9 0.62 39
1 74 1 3 0.36 34
2 705 2 -9 0.64 36
2 543 2 -9 0.75 36
2 599 1 -9 0.55 34
2 600 1 4 0.5 35
2 856 1 -9 0.66 41
2 873 2 -9 0.9 43
2 846 1 -9 0.36 32
2 933 2 -9 0.63 38
1 36 2 5 0.51 38
1 201 2 4 0.84 42
2 294 2 4 0.56 35
2 288 1 -9 0.37 31
2 300 1 -9 0.39 32
2 1037 2 -9 0.78 39
1 17 1 -9 1.2 46
3 1098 2 6 1.5 43
2 1055 2 -9 0.83 39
2 1066 1 6 0.43 35
2 1051 2 -9 0.64 38
2 1052 1 -9 0.8 40
2 619 1 -9 0.64 40
2 631 2 -9 0.68 37
2 630 2 -9 0.4 30
2 321 1 -9 0.48 35
2 316 1 -9 0.7 39
2 769 1 -9 0.45 35
3 275 2 -9 1.2 44
3 275 2 -9 1.6 49
2 661 2 6 0.5 34
2 665 1 2 0.4 33
2 681 2 -9 0.73 37
2 254 2 -9 0.69 36
1 123 1 -9 0.72 38
2 395 1 -9 0.88 40
1 98 1 -9 0.46 36
2 410 2 -9 0.44 34
2 389 2 6 1.02 41
1 99 2 4 0.58 36
2 396 2 -9 0.42 31
2 487 2 4 0.83 37
2 491 1 -9 0.57 36
2 439 1 -9 0.57 37
2 464 1 -9 0.57 36
2 551 1 -9 0.5 35
2 591 2 -9 0.5 31
2 872 1 5 0.64 41
1 206 1 5 1.28 48
2 896 2 -9 0.7 37
2 281 1 -9 0.6 39
2 303 2 -9 0.56 34
2 945 2 -9 0.28 28
2 1015 1 -9 0.4 33
2 643 1 6 0.53 37
2 347 1 -9 0.44 34
2 762 1 -9 0.55 36
2 766 1 -9 0.62 38
2 734 1 -9 0.42 32
2 802 1 4 0.48 37
1 48 1 -9 0.62 37
1 135 1 5 0.62 37
2 498 1 4 0.51 34
1 149 2 -9 0.6 36
2 420 1 -9 0.49 36
2 462 2 -9 0.54 35
2 417 2 4 0.76 38
2 407 1 -9 0.45 32
1 14 1 -9 1 45
2 707 1 -9 0.34 32
2 548 1 -9 0.5 37
2 555 1 -9 0.55 39
2 834 2 -9 0.52 41
2 901 2 -9 0.82 38
2 918 2 -9 0.46 33
1 46 2 4 0.53 36
3 529 1 -9 1.42 46
2 1012 1 -9 0.29 30
2 1034 1 -9 0.7 39
1 190 2 -9 0.72 41
1 192 2 -9 0.62 37
1 188 2 -9 0.5 37
2 1064 2 -9 0.37 35
2 1081 2 5 0.59 39
2 363 1 4 0.36 32
2 327 2 -9 0.58 35
2 742 1 -9 0.46 36
2 756 1 -9 0.5 36
2 733 1 -9 0.45 36
2 817 1 1 0.48 28
2 722 1 -9 0.6 36
2 213 1 6 0.61 36
2 459 2 4 0.64 35
2 372 2 -9 0.76 36
2 370 2 6 0.7 38
2 474 2 -9 0.54 36
2 497 2 4 0.84 38
2 424 1 -9 0.46 34
1 61 1 4 0.48 37
2 693 1 -9 0.66 38
2 698 2 -9 0.51 34
2 562 1 -9 0.4 31
2 598 2 5 0.85 37
1 155 2 -9 1.42 45
2 862 1 -9 0.7 41
2 839 1 3 0.32 34
2 883 2 -9 0.34 32
2 838 1 -9 0.42 34
2 907 2 -9 0.85 40
2 912 2 -9 0.31 28
2 310 1 9 0.97 47
2 940 1 -9 0.48 36
2 943 1 6 0.61 40
2 941 1 -9 0.69 39
2 964 1 6 0.46 36
2 1029 2 -9 0.64 38
1 176 1 -9 0.46 38
2 1087 2 -9 0.42 34
2 1094 1 -9 0.26 28
2 606 2 -9 0.5 34
2 656 2 4 0.9 40
2 615 1 -9 0.44 33
2 619 1 4 0.68 37
2 321 2 -9 0.68 37
2 315 2 -9 0.52 34
2 778 1 -9 0.62 28
2 768 1 2 0.51 35
2 802 2 5 0.72 38
2 269 1 -9 0.54 37
2 678 1 4 0.37 34
2 660 2 -9 0.44 33
1 196 2 -9 1.18 47
2 528 2 -9 0.48 33
2 513 2 -9 0.73 39
2 414 2 -9 0.35 29
2 497 1 -9 0.47 34
3 199 2 4 1.08 45
1 81 1 -9 0.56 39
2 696 2 -9 0.66 35
2 701 1 -9 0.47 33
2 710 1 -9 0.44 34
2 555 2 -9 0.85 40
2 577 1 -9 0.35 29
2 590 1 -9 0.7 37
2 881 2 -9 0.4 33
2 828 1 -9 0.46 36
2 911 2 -9 0.5 34
2 919 1 -9 0.4 33
2 913 1 -9 0.59 38
2 916 1 6 0.59 37
1 201 2 5 1.17 46
1 44 2 -9 0.37 33
3 537 2 -9 1.6 47
2 998 2 -9 0.63 38
2 1060 1 -9 0.7 39
2 944 1 -9 0.6 37
2 1005 1 -9 0.45 36
2 1058 2 4 0.86 40
2 651 1 -9 0.41 32
2 363 1 3 0.54 37
2 643 2 -9 0.4 32
2 640 2 -9 0.8 38
2 334 2 -9 0.64 36
2 743 2 -9 0.65 37
2 793 2 -9 0.64 37
2 221 2 7 0.8 42
1 152 1 -9 0.34 33
1 196 2 -9 1.03 43
1 104 2 -9 0.56 35
2 390 2 4 0.85 40
2 439 1 -9 0.52 34
2 442 1 -9 0.54 38
1 4 2 6 1.9 48
1 12 2 -9 1.34 44
1 69 1 -9 0.38 36
2 556 1 -9 0.6 38
1 156 2 -9 1.22 44
1 156 2 -9 1.44 46
2 888 2 -9 0.34 33
2 925 2 -9 0.67 39
1 49 2 -9 0.68 38
2 298 1 4 0.44 34
3 532 2 6 1.54 47
2 993 1 -9 0.53 37
2 969 1 4 0.85 41
2 955 2 -9 0.35 31
3 1096 1 4 1.5 43
3 1099 2 6 1.88 47
2 228 2 -9 0.74 40
2 225 1 6 0.72 39
1 183 2 -9 0.6 36
2 1086 2 -9 0.56 36
2 330 2 2 0.38 32
2 246 2 5 0.64 39
1 89 1 -9 0.7 34
2 513 1 4 0.51 36
2 379 2 -9 0.56 34
2 382 2 4 0.63 37
1 66 2 -9 0.52 36
2 549 1 -9 0.65 40
2 553 2 -9 0.9 38
2 548 1 -9 0.9 39
3 890 2 -9 1.6 50
2 877 1 -9 0.58 41
2 844 2 -9 0.4 33
2 936 1 6 0.55 39
2 934 1 -9 0.67 40
2 917 1 -9 0.4 32
3 1018 2 -9 1.24 42
2 305 1 6 0.5 36
3 1096 2 -9 1.68 47
2 249 2 -9 0.53 36
1 185 1 -9 0.5 36
2 622 1 6 0.56 37
2 635 1 -9 0.44 35
2 630 2 -9 0.8 38
2 326 1 4 0.5 35
2 314 1 -9 0.56 36
2 753 2 -9 0.64 37
2 734 1 -9 0.45 36
2 682 1 -9 0.54 39
1 119 2 -9 0.48 36
2 501 2 -9 0.23 26
2 470 2 4 0.65 36
2 373 2 -9 0.59 34
2 484 1 4 0.57 36
2 515 2 -9 0.65 37
2 524 1 -9 0.4 32
1 5 2 -9 1.05 45
1 81 2 -9 0.58 37
1 76 2 -9 0.72 40
3 713 2 5 1.77 47
2 597 2 2 0.35 29
2 590 1 -9 0.55 35
2 886 1 -9 0.76 42
2 308 2 -9 0.36 31
2 982 2 -9 0.62 37
2 976 2 6 0.83 39
3 1096 1 5 1.34 45
2 227 2 -9 0.92 41
2 1066 1 -9 0.48 34
2 1075 1 -9 0.35 31
2 653 1 4 0.48 37
2 782 2 -9 0.72 38
2 778 2 -9 0.4 31
2 734 2 -9 0.84 39
2 247 2 4 0.86 38
2 252 2 -9 0.4 31
2 232 2 -9 0.58 34
1 128 2 -9 0.7 37
1 127 1 -9 0.7 39
1 95 2 -9 0.64 37
1 107 1 -9 0.48 34
2 486 2 -9 0.54 36
2 446 2 4 0.73 38
2 441 1 -9 0.5 35
2 448 1 -9 0.73 39
2 689 2 -9 0.57 37
2 694 1 -9 0.61 38
2 702 2 -9 0.46 31
2 858 1 5 0.68 43
2 905 2 -9 0.56 33
2 1028 1 -9 0.7 41
2 1008 2 -9 0.5 34
2 1059 1 -9 0.64 38
1 170 2 4 0.5 35
1 168 1 -9 0.42 35
1 194 1 -9 0.42 34
1 172 1 -9 0.46 35
1 211 1 7 1.44 49
1 189 2 -9 0.74 38
2 1069 2 -9 0.28 29
2 644 1 -9 0.5 35
2 364 1 4 0.66 38
2 362 1 -9 0.54 34
2 261 1 -9 0.48 36
2 257 2 -9 0.72 39
1 134 1 -9 0.48 33
2 461 1 -9 0.46 33
2 367 2 6 0.93 40
2 476 1 -9 0.63 37
2 494 1 2 0.44 33
1 64 2 -9 0.5 36
3 714 1 -9 1.46 47
2 927 2 -9 0.78 40
1 20 1 -9 0.23 29
2 1023 2 3 0.59 36
2 946 2 -9 0.9 39
2 1035 1 -9 0.62 36
2 1048 2 -9 0.69 38
2 1093 2 -9 0.42 31
2 618 2 4 0.9 40
2 615 1 -9 0.58 38
2 314 2 -9 0.44 32
2 740 1 -9 0.68 38
2 663 2 -9 0.23 28
2 673 1 2 0.46 33
2 248 2 -9 0.42 34
2 274 1 4 0.52 37
1 147 2 -9 0.52 35
2 471 2 -9 0.69 36
2 452 2 -9 0.57 36
2 452 1 -9 0.68 41
2 421 2 -9 0.54 35
2 454 1 -9 0.6 38
1 85 1 -9 0.5 37
1 70 2 -9 0.46 34
2 539 2 5 0.75 41
2 588 1 -9 0.55 34
2 580 1 -9 0.45 35
2 859 2 -9 0.74 41
1 206 2 -9 1.58 46
2 1027 1 -9 1.06 44
2 1013 2 -9 0.64 37
2 975 2 4 0.55 36
2 959 1 4 0.51 37
1 166 1 -9 0.4 36
1 211 2 7 1.14 45
2 1067 2 -9 0.45 35
2 1087 1 -9 0.22 31
2 341 1 -9 0.44 33
2 655 2 4 0.96 41
2 332 2 -9 0.78 39
2 319 1 -9 0.54 36
2 810 1 -9 0.36 31
2 772 1 5 0.84 41
2 789 1 -9 0.42 34
2 807 2 4 0.56 34
2 274 1 -9 0.44 35
1 140 1 -9 0.44 35
1 142 1 -9 0.68 39
1 198 2 4 1.18 41
2 403 2 -9 0.59 35
2 371 1 -9 0.55 36
2 484 1 -9 0.65 37
2 515 2 -9 0.45 34
2 523 2 -9 0.52 36
2 376 1 -9 0.66 38
1 9 2 -9 1.78 47
2 549 1 5 0.45 37
2 558 2 -9 0.4 32
2 552 1 -9 0.45 34
2 592 1 -9 0.45 33
3 890 2 5 1.02 41
2 854 1 -9 0.52 38
2 865 1 -9 0.56 39
2 862 1 -9 0.52 39
2 860 1 4 0.52 36
2 833 1 2 0.44 33
2 835 2 -9 0.48 35
2 937 1 -9 0.48 37
2 938 2 -9 0.53 34
1 34 1 -9 0.38 36
1 20 1 -9 0.44 34
2 306 2 -9 0.41 30
2 296 1 -9 0.52 35
2 288 1 -9 0.4 33
2 1027 2 -9 0.74 38
2 1016 1 -9 0.33 31
2 1053 1 -9 0.58 37
1 168 2 -9 0.4 33
2 1094 1 -9 0.41 31
2 1072 1 -9 0.65 38
2 656 1 5 0.86 41
2 634 1 -9 0.5 35
2 316 1 -9 0.64 37
2 737 1 5 0.4 32
2 821 2 -9 0.74 37
2 674 1 4 0.51 36
2 233 2 -9 0.67 36
2 665 2 -9 0.62 36
1 113 1 -9 0.34 33
2 509 1 4 0.54 36
2 514 1 4 0.49 35
2 402 1 -9 0.36 29
2 444 1 -9 0.48 35
2 377 2 -9 0.68 37
1 162 2 6 1.3 48
1 7 2 5 1.12 44
1 66 1 4 0.4 33
2 691 1 -9 0.36 35
2 546 1 -9 0.65 37
2 871 2 -9 0.44 36
2 867 1 -9 0.64 41
2 847 2 2 0.42 34
2 930 2 -9 0.7 39
2 895 1 -9 0.34 30
1 31 1 -9 0.43 36
2 279 1 -9 0.52 38
2 285 2 -9 0.4 32
2 1067 1 -9 0.39 33
2 1083 1 6 0.34 33
2 626 1 -9 0.42 32
2 636 1 4 0.58 37
2 1065 1 -9 0.5 36
2 797 2 -9 0.48 33
2 791 1 6 0.7 39
2 809 2 -9 0.48 33
2 661 2 -9 0.61 36
2 229 1 -9 0.78 39
2 668 2 -9 0.87 38
2 418 2 -9 0.46 32
2 528 1 2 0.55 35
2 488 2 4 0.61 36
2 455 1 -9 0.58 37
2 478 1 -9 0.62 35
1 77 2 -9 0.5 37
1 87 1 -9 0.69 40
1 71 1 -9 0.38 35
2 705 1 4 0.61 37
2 569 2 -9 0.65 37
2 841 2 -9 0.72 43
3 534 2 -9 1.4 45
3 530 2 5 1.18 46
2 1012 1 -9 0.27 29
2 1012 1 -9 0.45 35
2 944 1 -9 0.6 39
2 239 2 -9 0.74 40
1 168 1 -9 0.4 35
2 1078 2 -9 0.35 33
2 1086 2 2 0.42 32
2 1080 2 -9 0.32 31
2 642 2 -9 0.64 35
2 608 2 -9 0.4 31
2 320 2 -9 0.74 40
2 364 2 4 0.8 39
2 324 1 -9 0.56 37
2 742 1 -9 0.63 38
2 772 1 4 0.73 40
2 244 2 -9 0.7 37
1 148 2 -9 0.56 36
2 473 1 -9 0.62 36
2 527 1 -9 0.63 36
2 434 1 -9 0.5 34
1 55 1 -9 0.32 32
2 599 2 -9 0.5 33
2 592 1 -9 0.5 36
2 860 2 -9 0.82 42
1 25 1 -9 0.29 31
2 920 2 -9 0.71 37
2 284 2 -9 0.4 36
1 49 2 -9 0.49 37
2 282 2 4 0.57 35
2 309 2 -9 0.57 35
2 308 1 -9 0.57 37
2 988 2 -9 0.6 38
2 989 1 -9 0.66 40
2 1013 1 1 0.33 29
3 536 2 -9 1.42 45
2 1009 2 -9 0.43 33
2 1036 2 6 0.81 39
2 966 1 6 0.61 38
1 208 2 6 1.11 42
2 949 2 -9 0.71 36
2 981 1 -9 0.44 33
2 952 2 -9 0.74 37
2 1035 1 -9 0.65 39
1 195 1 4 0.48 37
2 624 2 -9 0.34 29
2 335 2 -9 0.34 32
2 339 1 5 0.58 37
2 630 2 -9 0.46 35
2 653 2 -9 0.8 38
2 641 1 -9 0.47 35
3 214 1 6 1.65 49
2 349 1 6 0.46 36
2 348 2 -9 0.74 37
2 726 1 -9 0.4 31
2 793 2 -9 0.6 36
2 816 1 -9 0.54 35
2 222 2 6 0.8 40
2 806 2 -9 0.68 37
2 241 1 7 0.44 35
2 673 1 -9 0.51 37
1 105 2 -9 0.62 37
2 368 1 10 1.01 46
2 419 2 -9 0.49 32
2 516 1 -9 0.43 34
2 417 2 -9 0.3 28
2 434 1 4 0.5 37
2 477 1 5 0.55 36
2 424 1 -9 0.52 36
1 59 1 -9 0.42 36
2 692 2 -9 0.8 40
2 690 1 -9 0.62 38
2 549 2 -9 0.6 34
2 575 1 -9 0.6 37
2 559 1 -9 0.7 38
2 867 1 -9 0.64 42
2 876 1 -9 0.68 42
2 904 2 2 0.43 31
2 935 2 -9 0.47 36
2 909 2 -9 0.6 37
1 24 2 -9 0.35 33
1 205 1 -9 1.43 48
2 294 2 -9 0.45 32
2 287 1 -9 0.52 36
2 963 1 6 0.54 36
2 953 1 -9 0.49 35
3 1101 2 6 1.42 45
3 1101 1 6 1.56 48
2 606 2 -9 0.3 30
2 610 1 -9 0.64 38
2 799 2 -9 0.48 32
2 234 1 -9 0.54 36
2 670 1 4 0.58 37
2 675 1 -9 0.55 37
2 259 1 -9 0.44 32
2 244 2 -9 0.7 37
1 129 2 -9 0.7 38
2 461 1 -9 0.56 35
1 147 2 -9 0.22 28
1 116 1 -9 0.46 35
2 398 1 -9 0.39 31
2 487 2 -9 0.41 33
2 441 2 -9 0.82 39
2 693 2 -9 0.46 34
2 586 1 4 0.6 35
1 157 1 8 1.22 49
2 832 1 -9 0.58 39
2 842 1 -9 0.42 36
2 888 1 2 0.44 34
1 24 2 -9 0.22 28
2 301 1 4 0.4 34
2 286 1 -9 0.64 37
2 988 1 4 0.64 39
2 995 1 -9 0.39 34
2 1047 1 5 0.7 39
2 1014 1 -9 0.44 35
2 950 1 -9 0.41 36
3 1100 1 6 1.66 46
1 193 2 -9 0.68 37
1 167 1 4 0.44 35
1 172 1 6 0.46 39
2 1051 1 -9 0.52 35
2 1071 1 -9 0.26 31
2 637 1 -9 0.48 32
2 610 1 -9 0.52 34
2 359 1 6 0.56 37
2 725 2 -9 0.74 40
2 759 1 -9 0.5 35
2 782 2 -9 0.4 31
2 777 1 -9 0.36 32
2 803 1 -9 0.42 35
2 751 2 -9 0.45 35
2 256 2 -9 0.43 32
2 269 1 -9 0.57 37
1 112 1 -9 0.22 28
1 146 1 5 0.32 33
2 416 2 -9 0.61 38
2 493 1 -9 0.49 34
2 487 2 -9 0.73 35
2 411 2 4 0.63 35
2 477 1 -9 0.48 34
2 708 2 4 0.62 36
2 712 1 -9 0.49 34
2 538 2 5 -9 40
2 543 1 -9 0.5 33
2 544 1 -9 0.5 35
2 551 1 -9 0.45 34
2 879 2 6 0.72 42
2 855 1 -9 0.68 39
2 864 2 -9 0.68 46
2 838 1 -9 0.26 30
1 202 1 6 1.32 47
1 39 1 -9 0.57 39
2 995 1 -9 0.42 34
2 1041 1 -9 0.53 38
2 953 1 -9 0.64 36
2 223 1 -9 0.72 42
1 170 1 -9 0.26 29
1 194 1 -9 0.54 37
2 1067 1 6 0.43 35
2 1078 1 -9 0.21 26
2 639 1 -9 0.58 36
2 616 1 -9 0.58 35
2 623 1 -9 0.5 38
2 338 2 -9 0.58 37
2 790 1 -9 0.56 37
2 730 2 -9 0.59 38
2 663 2 -9 0.32 31
2 237 1 -9 0.5 34
1 135 2 -9 0.3 30
1 148 1 -9 0.22 24
2 467 2 -9 0.84 38
2 409 2 -9 0.63 35
2 433 1 5 0.65 40
2 456 2 -9 0.58 34
2 710 1 -9 0.47 35
2 602 2 6 0.95 39
1 34 1 -9 0.37 36
1 204 1 -9 1.24 35
2 931 1 -9 0.62 38
3 533 1 -9 1.46 45
2 1007 1 -9 0.31 31
2 995 2 -9 0.57 37
2 1060 2 -9 0.73 39
1 16 2 -9 1.2 44
1 189 2 -9 0.48 37
2 1056 1 -9 0.76 40
2 1070 2 -9 0.35 32
2 645 1 -9 0.56 39
2 332 1 -9 0.42 35
2 716 2 5 0.8 39
2 823 1 4 0.52 36
2 811 1 6 0.72 38
2 657 1 -9 0.5 36
2 459 2 4 0.86 38
1 119 1 -9 0.3 30
2 504 1 -9 0.54 37
2 476 2 -9 0.72 37
2 524 1 -9 0.47 35
2 446 1 4 0.58 37
1 162 2 7 1.4 48
1 81 2 4 0.56 36
1 65 1 6 0.42 36
2 553 1 -9 0.6 36
1 158 2 7 0.7 40
2 842 1 4 0.48 38
1 206 1 -9 1.8 50
1 31 1 -9 0.37 35
2 922 1 6 0.47 37
2 282 1 -9 0.61 37
2 291 2 -9 0.4 32
3 535 2 5 0.9 42
2 1045 1 -9 0.67 39
2 947 2 -9 0.6 36
2 947 1 -9 0.63 38
2 972 1 6 0.78 41
2 943 2 -9 0.61 35
2 966 1 -9 0.5 35
2 978 1 -9 0.55 37
2 976 1 -9 0.68 39
2 950 1 4 0.72 39
1 182 1 6 0.44 37
1 183 2 -9 0.62 37
2 1058 1 -9 0.76 39
2 1084 2 -9 0.17 25
2 1088 2 -9 0.41 33
2 650 1 2 0.42 31
2 316 2 -9 0.7 38
2 328 1 2 0.42 33
2 794 2 -9 0.48 34
2 725 1 -9 0.44 34
2 728 2 -9 0.51 34
2 763 1 2 0.4 32
2 807 1 -9 0.38 33
2 234 2 -9 0.6 35
2 231 2 -9 0.59 35
2 666 2 -9 0.56 35
3 217 2 4 1.25 44
1 121 2 -9 0.56 36
2 404 2 -9 0.86 38
2 387 2 5 0.68 36
2 457 2 -9 0.84 42
2 451 2 -9 0.57 37
1 56 2 -9 0.2 29
1 68 1 -9 0.4 34
2 704 1 -9 0.46 35
2 570 2 -9 0.85 38
2 875 1 -9 0.68 46
1 35 2 3 0.38 31
2 894 2 5 0.86 41
1 31 2 -9 0.49 37
2 916 2 -9 0.5 35
2 280 1 -9 0.46 35
2 1009 1 -9 0.46 36
2 939 2 -9 0.78 40
2 969 2 4 0.97 41
2 948 1 -9 0.52 35
1 165 1 -9 0.4 35
2 1091 1 -9 0.35 32
2 336 2 -9 0.52 36
2 648 1 4 0.47 35
2 343 2 -9 0.78 37
2 792 2 -9 0.54 35
2 822 2 4 0.84 39
2 796 1 -9 0.62 36
2 759 1 -9 0.35 33
2 764 1 -9 0.44 33
2 764 1 5 0.64 36
2 756 2 -9 0.45 34
2 261 2 -9 0.6 36
2 256 2 -9 0.35 34
2 688 2 6 0.67 39
2 254 2 -9 0.3 31
2 677 1 4 0.47 35
2 660 2 -9 0.61 37
1 124 2 -9 0.51 34
1 119 2 4 0.62 36
1 101 2 -9 0.74 36
1 107 2 -9 0.68 38
2 398 1 -9 0.48 35
2 516 2 6 0.62 36
2 413 1 -9 0.52 34
2 413 2 -9 0.74 38
1 11 2 -9 1.42 46
1 8 1 -9 1.32 49
2 544 1 -9 0.5 35
2 829 2 -9 0.5 38
2 841 2 -9 0.38 33
2 880 2 -9 0.38 37
2 923 1 -9 0.53 36
2 920 2 -9 0.32 30
1 22 1 -9 0.44 35
2 297 1 -9 0.45 35
2 1047 1 -9 0.67 38
2 1049 2 -9 0.95 40
2 1037 1 -9 0.72 40
2 1059 2 -9 0.59 37
1 169 2 -9 0.54 35
1 165 2 -9 0.26 28
2 1091 1 -9 0.53 37
2 1080 1 -9 0.43 33
2 608 1 -9 0.36 31
2 628 2 -9 0.32 31
2 672 1 -9 0.68 38
2 679 1 -9 0.44 35
1 150 2 -9 0.48 36
1 105 1 -9 0.78 39
1 104 1 6 0.52 36
1 97 2 -9 0.72 37
2 407 2 -9 0.57 35
2 375 2 -9 0.38 32
2 570 1 -9 0.4 33
2 597 1 -9 0.6 36
2 572 2 6 0.7 38
2 585 2 -9 0.85 39
1 15 1 5 0.51 37
1 19 1 3 0.32 31
1 205 2 6 1.45 49
2 290 1 -9 0.42 33
2 293 1 2 0.3 30
2 304 2 2 0.51 34
2 286 1 -9 0.46 36
2 946 1 -9 0.37 31
2 946 1 6 0.56 36
1 210 2 5 0.57 41
1 3 2 -9 1.48 46
1 173 1 -9 0.52 38
2 1050 1 -9 0.52 34
2 1072 2 -9 0.27 27
2 606 2 -9 0.48 35
2 620 1 -9 0.5 36
2 761 1 4 0.45 34
2 789 1 -9 0.62 40
2 784 1 2 0.32 31
2 238 1 -9 0.23 27
2 232 2 -9 0.4 31
1 50 2 -9 0.54 39
1 45 2 -9 0.55 38
1 94 1 -9 0.58 38
2 371 1 -9 0.56 36
2 511 2 -9 0.48 33
2 517 2 -9 0.76 38
2 495 1 -9 0.42 32
1 159 1 -9 0.24 29
2 700 2 -9 0.55 35
2 539 2 6 0.55 38
2 558 1 -9 0.55 37
2 576 1 -9 0.75 36
2 596 2 -9 0.65 34
2 863 1 -9 0.68 41
2 906 2 3 0.71 36
2 903 2 -9 0.35 30
1 204 1 6 0.94 46
2 1014 1 -9 0.24 29
2 1049 1 -9 0.7 40
3 1099 2 -9 1.44 44
2 1064 2 6 0.48 35
2 1048 1 -9 0.63 39
2 635 2 -9 0.5 35
2 329 2 -9 0.54 35
2 349 1 -9 0.36 32
2 353 1 5 0.42 35
2 788 1 -9 0.38 32
2 810 1 3 0.4 32
2 727 1 -9 0.45 34
2 260 1 6 0.63 38
2 272 1 -9 0.54 37
1 132 2 -9 0.62 39
1 112 1 4 0.44 34
2 521 1 -9 0.6 37
2 368 2 7 0.84 40
2 503 1 5 0.45 35
2 501 2 4 0.73 37
2 513 2 -9 0.78 39
2 455 2 -9 0.7 37
1 159 2 -9 0.66 38
1 52 1 -9 0.34 33
2 558 1 -9 0.5 35
1 155 1 6 1.38 46
2 869 2 -9 0.54 38
2 848 1 6 0.52 38
2 845 1 -9 0.32 33
2 915 2 -9 0.43 34
3 215 1 -9 1.6 45
1 38 1 -9 0.41 32
3 533 2 -9 1.38 45
2 1038 2 6 0.76 39
2 1008 2 2 0.32 30
2 948 2 3 0.6 33
2 225 2 -9 0.81 40
1 185 2 -9 0.78 40
2 1062 1 -9 0.38 32
2 1087 2 -9 0.29 31
2 642 1 -9 0.45 35
2 784 1 -9 0.38 31
2 717 2 9 0.7 41
2 271 1 -9 0.55 37
2 260 2 -9 0.71 36
2 659 1 -9 0.5 37
1 140 2 -9 0.54 37
1 136 2 -9 0.96 39
1 109 2 -9 0.48 35
2 473 1 -9 0.38 31
2 500 2 4 0.6 35
2 390 2 4 0.72 39
2 422 1 -9 0.51 36
2 469 1 -9 0.54 37
2 475 2 -9 0.61 37
2 487 1 -9 0.64 36
2 512 1 -9 0.41 33
2 482 1 -9 0.62 38
2 391 2 6 0.89 40
2 376 2 -9 0.69 37
2 437 1 -9 0.6 39
2 378 2 -9 0.66 37
1 73 1 -9 0.5 37
2 692 1 -9 0.62 34
2 551 2 -9 0.35 30
2 597 2 -9 0.35 28
2 584 1 6 0.58 38
1 18 2 -9 0.31 31
2 900 1 -9 0.45 32
1 41 1 -9 0.49 35
2 999 1 -9 0.49 35
2 986 2 -9 0.4 34
2 959 1 -9 0.43 36
2 966 1 -9 0.48 35
2 980 2 -9 0.58 36
2 951 2 -9 0.6 37
2 961 2 -9 0.76 38
1 174 1 -9 0.4 35
1 195 2 -9 0.28 30
1 211 1 -9 1.2 46
2 1051 2 3 0.75 39
2 612 2 4 0.72 38
2 355 2 -9 0.72 41
2 764 2 2 0.46 32
2 739 1 -9 0.4 34
2 771 1 2 0.65 36
2 804 1 -9 0.52 35
2 812 1 -9 0.4 33
2 723 1 -9 0.72 40
2 658 1 -9 0.45 35
2 666 2 -9 0.88 40
2 668 1 -9 0.55 36
2 272 2 -9 0.68 37
1 140 1 -9 0.5 36
1 98 2 4 0.7 38
2 374 2 -9 0.43 30
2 472 1 -9 0.52 37
2 419 2 -9 0.46 33
2 462 2 2 0.46 33
2 573 2 -9 0.45 32
2 553 1 -9 0.75 38
2 584 2 -9 0.55 34
2 306 1 -9 0.57 36
3 535 1 -9 0.64 39
2 1007 1 -9 0.36 32
2 980 1 5 0.68 41
1 209 1 -9 0.59 37
1 180 1 -9 0.46 36
2 1083 1 -9 0.22 27
2 605 2 6 0.8 40
2 327 2 -9 0.6 37
2 787 1 -9 0.62 39
2 763 1 -9 0.55 36
2 771 1 4 0.7 38
2 744 1 -9 0.46 38
2 768 2 -9 0.67 38
2 731 1 -9 0.25 26
2 736 1 5 0.62 37
2 264 2 -9 0.44 32
2 668 1 4 0.39 34
1 133 1 -9 0.5 37
2 405 2 -9 0.71 38
2 511 1 -9 0.51 37
2 462 2 4 0.65 36
2 482 1 4 0.55 35
2 466 1 -9 0.51 35
1 8 1 6 1.36 47
2 925 1 -9 0.64 39
1 15 1 -9 0.51 36
2 910 1 -9 0.61 37
2 297 1 -9 0.4 34
2 300 2 2 0.4 31
2 1005 1 -9 0.54 37
2 951 1 1 0.34 30
2 268 1 -9 0.4 34
2 639 1 -9 0.5 34
2 603 2 6 0.72 39
2 343 2 -9 0.7 37
2 348 1 -9 0.4 33
2 787 1 6 0.4 32
2 247 2 6 0.49 35
2 806 2 4 0.6 35
2 458 2 -9 0.46 31
1 111 2 -9 0.6 35
1 121 1 -9 0.38 34
1 118 2 -9 0.48 34
2 366 2 5 0.78 40
2 381 2 -9 0.56 34
2 484 2 -9 0.73 36
2 380 2 -9 0.64 37
2 428 1 -9 0.56 38
2 428 1 6 0.7 39
3 200 1 -9 1.4 47
2 579 1 -9 0.15 23
2 884 1 6 0.46 38
2 296 2 4 0.62 37
2 1037 2 -9 1.03 42
2 1015 2 -9 0.8 38
2 1044 1 -9 0.8 40
2 267 1 -9 0.24 26
2 1081 1 -9 0.26 29
2 361 1 4 0.48 34
2 634 1 5 0.46 34
2 634 2 -9 0.68 36
2 317 2 -9 0.54 35
2 729 1 -9 0.4 33
2 723 2 -9 0.56 38
1 37 1 -9 0.58 39
1 198 1 6 1.16 43
1 118 1 -9 0.22 28
2 520 2 -9 0.49 32
2 406 2 -9 0.57 36
2 486 2 -9 0.71 36
2 517 1 -9 0.52 35
2 523 2 -9 0.39 32
2 426 1 -9 0.61 39
2 495 2 -9 0.82 36
2 449 1 -9 0.5 34
2 431 1 6 0.54 37
1 82 1 -9 0.52 37
2 540 2 6 0.8 38
2 583 1 4 0.45 34
2 578 1 -9 0.45 32
2 875 1 -9 0.64 42
2 291 2 -9 0.56 36
2 974 1 -9 0.45 34
2 977 2 -9 0.61 37
3 1099 2 -9 1.82 48
2 1090 1 -9 0.36 31
2 1082 2 6 0.53 36
2 320 1 -9 0.48 35
2 342 1 -9 0.5 36
2 342 1 -9 0.66 39
2 358 2 -9 0.58 35
2 353 2 -9 0.68 37
2 794 2 -9 0.7 38
2 802 1 -9 0.34 31
2 263 1 -9 0.47 36
2 253 2 -9 0.92 40
2 461 2 2 0.58 34
2 508 1 -9 0.43 34
2 457 2 4 0.59 36
1 106 2 -9 0.72 39
2 388 2 6 0.7 39
2 478 1 -9 0.48 36
2 450 2 -9 0.63 36
1 160 1 -9 0.5 36
1 5 2 4 1.38 45
1 80 2 -9 0.64 38
2 702 2 -9 0.47 34
2 574 1 4 0.5 35
3 889 1 -9 1.48 48
2 875 1 -9 0.6 41
2 885 2 -9 0.88 42
2 843 1 -9 0.62 41
2 847 1 -9 0.36 33
2 911 1 -9 0.41 31
2 904 1 -9 0.63 35
2 897 1 -9 0.25 28
1 24 2 -9 0.34 32
2 924 2 -9 0.69 40
2 290 1 5 0.66 39
2 987 1 -9 0.48 37
2 957 2 -9 0.69 39
1 194 2 -9 0.68 38
2 1078 2 -9 0.58 36
2 1077 1 3 0.48 35
2 324 2 -9 0.82 41
2 719 2 -9 0.78 39
2 779 2 -9 0.5 34
2 718 1 6 0.3 33
2 814 1 6 0.48 34
2 817 1 -9 0.28 33
2 270 1 -9 0.58 39
2 235 2 -9 0.68 36
1 51 1 4 0.68 40
1 40 2 -9 0.65 38
1 48 2 -9 0.53 37
2 509 2 -9 0.68 37
1 106 2 -9 0.52 35
2 515 2 6 0.7 37
2 491 2 -9 0.91 38
2 526 1 -9 0.5 36
2 388 2 5 0.78 38
1 161 2 -9 0.7 39
2 839 2 -9 0.5 39
2 849 1 -9 0.32 32
2 929 1 -9 0.69 39
2 1008 2 -9 0.7 37
2 1024 2 6 0.73 38
2 958 2 -9 0.73 39
2 656 1 5 0.7 37
2 822 1 7 0.82 42
2 766 2 -9 0.69 37
2 789 1 4 0.4 34
2 717 2 -9 0.68 39
2 814 1 -9 0.48 36
2 662 2 5 0.73 36
1 154 1 5 0.56 37
1 89 1 -9 0.7 32
1 197 2 5 0.97 42
2 522 2 5 0.5 35
2 519 1 -9 0.45 33
2 510 1 -9 0.45 32
2 407 2 -9 0.54 35
2 464 2 4 0.54 35
2 481 2 -9 0.79 38
2 712 2 2 0.52 33
2 538 2 6 -9 39
2 542 1 -9 0.55 34
2 852 1 -9 0.82 47
2 927 1 -9 0.48 36
2 286 1 -9 0.43 33
2 307 1 -9 0.53 37
2 1000 1 4 0.5 38
2 1017 1 -9 0.64 39
2 1006 2 -9 0.5 37
1 17 2 5 1.4 46
2 1029 1 -9 0.73 41
2 1069 2 -9 0.42 34
2 633 2 5 0.72 38
2 603 1 6 0.86 39
2 604 2 6 0.84 40
2 321 2 -9 0.58 35
2 317 1 -9 0.6 37
2 322 2 -9 0.74 40
2 318 2 -9 0.76 39
2 737 2 -9 0.55 35
2 743 1 6 0.55 37
2 658 1 -9 0.34 32
1 47 2 -9 0.68 38
2 381 2 -9 0.62 36
2 369 2 6 0.82 40
2 400 2 -9 0.34 29
1 85 2 -9 0.6 38
1 67 2 5 0.5 38
2 570 2 6 0.6 35
2 575 2 4 0.43 33
2 592 1 4 0.45 32
2 828 1 -9 0.34 36
2 865 2 -9 0.54 40
2 936 1 -9 0.45 33
2 912 1 -9 0.42 32
1 26 2 2 0.27 31
2 929 1 -9 0.59 37
2 283 1 9 0.64 40
2 284 2 -9 0.48 33
2 297 1 -9 0.47 34
2 292 1 -9 0.51 37
3 532 2 6 1.08 42
2 991 1 -9 0.43 33
2 974 1 -9 0.35 30
2 980 1 1 0.32 30
2 967 1 -9 0.45 35
2 952 1 5 0.66 38
2 1044 2 -9 0.85 41
1 166 1 -9 0.42 36
1 167 1 -9 0.42 34
1 189 2 -9 0.52 38
2 1074 2 -9 0.52 34
2 1084 1 -9 0.27 28
2 782 2 -9 0.28 29
2 776 2 -9 0.45 30
3 217 2 -9 1.25 46
1 129 2 -9 0.62 30
1 126 1 -9 0.7 38
1 94 2 5 0.56 37
2 390 2 5 0.88 41
2 427 2 -9 0.69 37
2 490 2 -9 0.8 37
2 415 1 -9 0.46 32
1 5 2 -9 1 44
1 53 1 -9 0.3 30
2 698 1 4 0.63 36
2 568 2 5 0.75 36
2 933 1 -9 0.52 37
2 928 1 -9 0.58 35
1 203 1 5 1.02 45
1 26 2 -9 0.23 29
1 38 1 -9 0.65 39
2 954 2 -9 0.71 38
3 1098 1 -9 1.66 49
3 1097 2 -9 1.77 47
2 1031 2 -9 0.82 38
1 164 1 -9 0.22 28
2 341 2 4 0.72 37
2 655 1 7 0.92 43
2 623 2 -9 0.78 39
2 332 2 -9 0.76 37
2 725 2 5 0.66 36
2 795 2 -9 0.72 40
2 778 1 -9 0.64 37
2 809 1 -9 0.54 37
2 259 2 -9 0.74 39
2 685 1 3 0.33 31
2 669 1 4 0.49 35
2 251 2 -9 0.6 33
2 235 2 -9 0.55 35
1 111 2 -9 0.44 34
2 493 1 -9 0.48 36
2 393 1 -9 0.38 33
2 408 2 -9 0.54 33
2 377 2 -9 0.62 37
