1 19 1 7 0.78 40
1 32 2 -9 0.42 34
1 152 1 -9 0.61 40
2 629 1 -9 0.53 38
2 945 2 -9 0.95 40
2 983 2 4 0.67 38
2 210 2 -9 1.36 43
2 376 2 2 0.43 32
2 334 1 -9 0.4 32
2 560 2 4 0.97 41
2 456 2 -9 0.88 39
2 532 2 -9 0.98 41
1 54 2 5 0.7 39
1 91 2 -9 0.95 41
1 92 2 -9 1.49 45
2 682 2 -9 0.73 37
2 884 1 3 0.42 36
2 433 1 5 0.49 37
2 315 1 5 0.46 36
2 578 2 -9 0.62 36
2 811 1 6 0.45 35
2 758 1 -9 0.65 39
2 782 1 5 0.5 36
1 37 2 -9 0.8 41
2 553 2 7 1.24 44
2 233 2 -9 0.92 41
2 686 2 -9 0.8 39
2 692 2 -9 0.5 34
2 689 2 -9 0.69 37
2 691 2 -9 0.45 36
2 677 2 -9 1.08 41
2 671 2 5 0.91 40
2 395 2 -9 0.91 41
1 113 2 -9 0.78 38
2 852 1 -9 0.48 35
2 968 2 -9 0.68 38
2 987 2 5 0.64 38
2 205 1 7 1.18 43
2 373 1 5 0.47 36
1 192 2 3 0.5 33
1 50 2 -9 0.6 36
1 34 1 7 0.7 41
1 78 1 -9 1.5 34
2 236 1 -9 0.88 40
2 670 2 2 0.6 34
2 670 2 -9 0.94 40
2 692 2 2 0.5 33
2 712 1 -9 0.54 38
2 737 2 -9 0.41 33
2 668 2 -9 0.87 41
1 141 1 -9 0.28 30
1 1008 1 2 0.28 29
2 387 2 6 0.85 41
1 120 1 -9 0.65 39
2 914 1 -9 0.2 26
2 315 2 6 0.55 37
2 302 1 3 0.57 37
2 314 2 8 0.72 43
2 371 2 3 0.5 33
1 165 2 -9 0.95 40
1 177 2 -9 0.7 39
2 762 2 -9 0.85 40
2 519 2 -9 0.93 40
2 684 2 -9 0.86 41
2 214 2 7 1.08 44
1 154 2 3 0.46 33
1 137 2 -9 0.28 33
2 872 1 -9 0.56 36
2 428 2 -9 0.57 36
2 622 1 -9 0.52 37
2 970 1 -9 0.65 38
2 1000 2 5 0.59 36
2 340 2 2 0.32 29
1 188 1 -9 0.45 34
2 650 2 -9 0.59 39
2 442 2 -9 1.15 43
2 528 2 -9 0.8 40
1 46 2 -9 0.8 39
1 58 2 8 0.6 38
1 39 1 -9 0.7 39
2 922 2 2 0.43 33
2 438 2 -9 0.6 37
2 891 2 -9 0.24 27
2 880 1 5 0.51 37
2 790 2 3 0.7 36
1 56 2 -9 1 41
1 42 1 6 0.6 39
1 53 1 6 0.6 37
2 717 1 -9 0.61 38
1 145 1 -9 0.56 37
1 127 2 -9 0.8 40
2 383 2 5 0.96 41
2 612 1 7 0.45 36
2 635 1 5 0.6 39
2 931 2 -9 0.79 42
2 610 2 2 0.43 31
2 620 1 -9 0.45 32
2 207 2 8 1.18 47
2 336 2 -9 0.53 35
2 373 2 5 0.71 38
2 308 2 5 0.65 37
2 563 2 4 0.87 40
2 491 2 5 0.52 35
2 524 2 5 0.9 41
1 49 2 -9 0.5 37
2 233 1 7 0.99 42
2 248 1 -9 0.88 41
2 239 2 7 1.01 42
2 675 2 -9 0.84 37
2 723 2 5 0.62 36
2 674 2 -9 0.83 39
1 132 2 -9 0.64 37
2 882 2 1 0.19 26
2 884 2 2 0.51 35
2 435 1 -9 0.45 35
2 606 1 -9 0.69 37
2 859 2 -9 0.32 30
2 986 2 7 0.66 38
1 178 2 4 0.7 40
1 172 2 5 0.7 39
1 162 2 -9 0.7 38
1 190 1 -9 0.4 33
1 196 2 2 0.3 30
2 561 2 -9 1.04 41
2 782 2 -9 0.8 39
2 475 2 5 0.76 39
2 474 1 2 0.55 35
2 666 1 6 1.2 45
2 520 2 -9 0.94 41
1 54 1 -9 0.6 36
1 53 1 3 0.5 34
1 99 2 -9 1.01 43
2 227 1 -9 0.94 43
2 393 2 -9 0.86 41
2 834 2 2 0.36 31
2 921 2 7 0.7 39
2 842 1 -9 0.55 38
2 594 1 7 0.53 36
2 858 1 -9 0.53 38
2 976 1 -9 0.47 33
2 377 2 -9 0.33 30
2 271 2 -9 1 42
2 344 2 2 0.45 32
1 176 1 6 0.8 41
1 170 2 -9 0.85 41
1 167 1 -9 0.7 38
1 181 1 -9 0.5 37
2 562 2 -9 1.03 41
2 560 2 6 1.02 42
2 788 2 -9 0.45 32
1 29 2 -9 0.72 37
1 49 1 7 0.7 39
2 539 2 -9 0.86 40
2 250 1 -9 0.82 41
2 230 2 -9 1.02 41
2 702 2 3 0.54 35
2 700 2 5 0.79 39
1 1008 1 2 0.24 29
2 892 2 3 0.5 36
2 417 2 5 0.78 40
2 949 1 4 1.08 42
2 621 1 -9 0.5 33
2 860 1 -9 0.3 30
2 360 2 5 0.81 39
1 1 2 -9 1.13 45
1 160 1 8 0.65 40
2 562 2 4 0.88 40
2 778 1 5 0.7 38
2 790 1 6 0.55 36
2 791 2 3 0.9 39
2 454 2 5 0.98 41
2 455 1 -9 0.61 37
2 500 2 -9 0.96 41
2 719 1 6 0.56 37
2 405 1 -9 0.49 34
1 145 2 -9 0.7 38
2 924 1 1 0.15 25
2 606 2 -9 0.74 39
2 822 2 -9 0.41 31
2 966 1 -9 0.6 36
2 977 1 -9 0.78 41
2 217 1 8 1.32 48
1 1 1 -9 1.12 45
1 165 1 7 0.9 41
1 74 2 -9 1.39 45
1 32 1 6 0.5 34
2 536 2 -9 0.98 41
1 68 1 -9 0.3 30
2 527 2 -9 0.96 40
2 511 2 -9 1 40
1 103 2 6 1.47 44
2 223 1 -9 1.02 41
2 868 1 7 0.7 41
2 378 1 5 1.03 42
2 396 2 7 1.02 41
2 903 2 2 0.39 31
2 429 2 -9 0.28 30
2 427 2 -9 0.63 39
2 620 2 -9 0.43 35
2 981 1 6 0.52 39
2 253 1 -9 0.8 39
2 256 2 5 1.09 41
1 175 1 -9 0.65 37
1 189 1 -9 0.55 40
2 585 2 3 0.44 34
2 456 2 5 0.95 41
1 19 2 5 0.9 40
2 382 2 -9 1.12 42
2 384 2 -9 1.28 42
2 364 2 7 0.86 39
2 283 1 -9 0.65 40
1 177 1 -9 0.7 40
1 197 2 -9 0.6 38
2 576 2 -9 0.37 31
2 563 2 -9 0.98 43
2 809 1 5 0.7 38
2 465 1 6 0.56 37
1 22 2 -9 0.62 35
1 28 2 4 0.4 33
1 50 1 -9 0.7 38
2 545 2 -9 1.38 44
2 519 2 6 1.04 43
1 51 2 -9 0.4 31
2 243 1 8 0.31 32
2 701 2 6 0.85 39
2 727 1 3 0.55 36
2 723 1 5 0.51 36
1 147 2 -9 0.53 36
1 135 1 -9 0.39 34
2 645 2 -9 0.57 37
2 385 2 -9 1.12 41
2 602 1 2 0.68 37
2 599 2 2 0.66 37
2 210 1 -9 1.35 45
2 303 1 7 0.54 37
2 663 1 -9 0.54 36
2 750 2 -9 0.95 40
2 749 2 -9 1.1 42
2 795 2 3 0.65 35
2 447 2 -9 0.91 39
1 25 1 5 0.5 36
2 508 2 -9 0.95 41
1 202 2 -9 2 49
2 242 1 -9 0.42 35
2 240 2 4 0.55 35
2 646 2 -9 0.6 36
2 615 2 5 0.66 36
2 854 1 -9 0.35 32
2 854 1 2 0.39 33
2 622 1 -9 0.4 37
2 602 1 3 0.93 40
2 951 2 5 0.93 41
2 837 1 3 0.44 36
2 988 2 3 0.71 39
2 210 1 -9 1.34 46
2 649 2 2 0.66 38
2 272 1 3 0.79 38
2 374 1 -9 0.38 32
2 285 1 5 0.68 39
2 352 2 -9 0.41 32
2 301 2 2 0.57 34
2 371 1 -9 0.47 36
2 375 1 -9 0.35 33
1 164 2 4 0.6 38
2 789 2 3 0.7 37
2 462 1 7 0.5 36
1 62 1 -9 0.5 38
2 525 2 -9 0.91 40
2 736 2 -9 0.6 36
2 714 2 -9 0.52 35
2 403 1 -9 0.64 40
2 385 2 6 0.84 40
2 623 1 -9 0.38 33
2 892 2 -9 0.52 35
2 425 1 7 0.57 39
2 895 1 -9 0.49 35
2 951 2 -9 1.04 42
2 954 2 -9 0.87 41
2 355 1 -9 0.89 41
2 567 2 2 0.42 33
2 579 1 2 0.48 33
2 482 1 6 0.57 37
2 523 2 -9 1.06 42
2 517 2 6 1.11 43
2 679 1 -9 1.73 39
2 964 2 -9 0.71 39
2 664 1 -9 0.41 33
2 347 1 2 0.41 32
1 168 1 8 0.65 41
1 5 2 6 1.87 47
1 19 1 5 0.8 41
2 530 2 7 0.92 42
2 244 2 3 0.49 35
2 688 2 6 0.87 39
2 715 2 -9 0.81 41
2 402 1 -9 0.6 36
1 155 1 -9 0.52 38
2 869 1 -9 0.51 34
2 642 1 7 0.44 36
2 614 1 7 0.62 37
2 881 1 5 0.28 32
1 159 2 -9 1.54 44
2 609 2 -9 0.24 27
2 963 2 2 0.51 34
2 901 1 -9 0.5 37
2 824 2 -9 0.26 31
2 893 1 3 0.37 34
2 605 2 -9 0.98 41
2 941 2 -9 0.86 39
1 104 1 -9 1.3 45
2 298 1 6 0.6 38
1 176 1 -9 0.65 37
1 8 2 -9 1.7 47
2 569 2 -9 0.6 36
2 568 2 -9 0.22 28
2 783 1 5 0.6 38
1 69 1 -9 0.5 37
2 687 2 -9 1.05 41
1 148 1 6 0.5 36
2 832 2 2 0.31 29
2 960 1 2 0.56 36
2 266 1 5 1.11 41
2 287 2 2 0.86 38
2 316 2 6 0.64 36
2 363 1 -9 1.03 43
1 177 2 -9 0.65 38
2 656 1 2 0.5 32
2 656 1 -9 0.58 39
2 800 2 5 0.8 37
2 448 2 4 0.91 41
2 228 1 -9 0.85 40
2 236 2 -9 0.89 40
2 722 2 6 0.67 39
2 707 2 -9 0.56 36
3 900 2 8 1.23 47
1 112 1 7 0.71 40
2 899 1 -9 0.52 38
2 841 1 3 0.47 37
2 943 2 -9 0.87 39
2 911 1 2 0.35 31
2 209 2 6 1.25 43
2 276 2 -9 0.8 41
2 369 1 -9 0.48 37
2 311 1 5 0.5 36
2 305 2 7 0.65 38
1 172 1 7 0.75 41
1 162 2 6 0.65 39
2 812 2 1 0.35 29
2 814 1 7 0.6 36
2 492 1 6 0.59 38
2 543 2 4 0.76 40
1 70 1 5 0.6 39
2 234 2 6 0.84 40
3 251 1 -9 2.2 51
2 865 1 3 0.66 38
2 408 2 -9 0.5 34
2 856 2 -9 0.31 31
2 979 2 7 0.86 42
2 287 1 -9 0.68 39
1 164 1 -9 0.65 39
1 163 2 -9 0.9 39
1 23 2 -9 0.54 34
1 26 1 5 0.46 33
1 46 1 4 0.7 39
1 59 2 4 0.8 40
2 720 2 5 0.71 38
1 149 2 6 0.73 37
2 912 1 -9 0.37 31
2 352 1 3 0.45 34
2 551 2 -9 1.13 43
3 819 2 6 1.52 46
2 863 2 -9 0.66 38
2 381 2 -9 0.86 38
2 906 1 3 0.4 33
2 973 2 1 0.29 29
2 301 1 -9 0.59 36
2 357 1 -9 1.18 45
2 579 1 -9 0.41 32
2 807 2 7 0.8 38
2 794 1 3 0.6 38
2 444 2 -9 1.01 41
2 477 1 5 0.53 36
1 43 1 5 0.8 41
2 525 2 -9 0.92 41
2 680 2 7 0.78 38
2 919 1 -9 0.52 33
2 618 2 5 0.66 37
1 111 1 7 0.76 42
2 392 2 -9 0.88 39
2 416 2 -9 0.26 28
2 849 2 -9 0.39 34
2 835 1 2 0.19 27
2 833 1 -9 0.41 37
2 956 1 -9 0.81 40
2 981 2 8 0.67 39
2 988 2 5 0.64 38
2 365 2 -9 0.92 39
2 342 1 -9 0.47 33
2 256 1 -9 1.12 41
1 171 1 6 0.65 39
2 808 1 3 0.55 36
2 496 2 5 0.71 37
1 46 2 -9 0.9 39
1 66 1 3 0.4 33
2 540 2 -9 0.88 40
1 59 2 -9 0.5 36
1 101 1 -9 1.3 46
2 241 2 -9 0.63 38
2 699 2 2 0.53 35
2 716 1 -9 0.55 37
2 707 2 -9 0.44 36
1 136 1 -9 0.15 25
2 640 2 -9 0.51 35
1 119 1 -9 0.7 40
2 873 1 -9 0.62 36
2 435 1 -9 0.37 31
2 986 2 5 0.85 40
2 284 2 -9 0.66 38
2 309 2 3 0.43 33
2 339 1 -9 0.43 32
2 349 2 -9 0.33 29
1 166 1 -9 0.65 38
2 810 1 4 0.6 35
2 751 2 -9 0.9 40
2 460 2 5 0.73 39
1 68 2 -9 0.6 37
1 202 2 6 1.8 47
2 527 2 5 1.06 42
1 84 1 -9 1.6 43
2 221 1 -9 0.98 42
2 718 1 3 0.46 34
1 151 1 6 0.57 38
2 909 1 -9 0.39 34
2 406 2 -9 0.59 35
2 963 2 -9 0.66 35
2 204 1 6 1.15 48
2 362 1 3 0.84 39
2 335 2 -9 0.41 32
2 330 1 6 0.56 38
2 353 1 -9 0.42 34
2 324 1 4 0.44 35
1 3 2 -9 2.02 47
1 195 2 -9 0.3 30
2 786 1 3 0.6 37
2 764 2 -9 0.6 37
2 488 1 5 0.59 38
1 27 2 -9 0.64 35
2 740 1 -9 0.5 37
2 747 1 -9 0.39 33
1 156 1 -9 0.67 42
2 912 2 -9 0.38 32
2 961 1 -9 0.81 42
2 212 1 7 1.22 45
2 351 1 -9 0.42 33
1 167 2 -9 1.05 41
2 807 1 5 0.6 38
2 466 1 -9 0.45 37
1 23 2 6 0.5 37
2 540 2 6 1.01 41
1 55 2 6 0.7 38
2 232 2 5 0.88 38
2 720 1 6 0.51 37
2 742 2 -9 0.33 31
2 672 1 -9 0.9 42
1 152 2 -9 0.5 35
2 379 2 -9 1 42
2 631 2 8 0.6 35
2 604 2 -9 0.74 36
2 604 2 -9 0.82 40
2 964 1 -9 0.65 40
2 204 2 5 1.12 45
2 286 2 2 0.71 37
2 341 2 -9 0.4 32
1 174 1 -9 0.55 39
1 194 1 6 0.4 36
2 803 1 3 0.5 35
1 73 2 -9 2.03 47
2 753 2 -9 0.85 40
2 439 2 -9 0.95 41
2 453 2 -9 1.02 41
1 17 2 5 0.6 39
2 523 2 6 0.84 40
1 72 2 -9 0.4 32
2 539 2 -9 0.9 39
2 548 2 5 1.1 41
2 546 2 5 0.97 40
2 407 2 -9 0.52 35
2 867 1 -9 0.61 38
1 121 2 -9 0.68 38
2 857 2 -9 0.54 36
2 852 1 -9 0.51 39
2 975 1 2 0.5 36
2 653 1 -9 0.83 37
2 309 2 6 0.63 38
2 269 1 -9 0.75 39
2 263 2 -9 0.73 40
1 178 1 5 0.7 39
1 162 2 -9 0.8 39
2 561 2 -9 1.14 44
2 813 1 3 0.5 35
2 470 1 -9 0.6 38
2 475 2 7 0.64 37
1 67 1 -9 0.5 35
1 53 1 5 0.7 37
3 819 1 -9 1.68 50
2 229 2 8 0.95 42
1 201 1 -9 1.42 47
1 159 1 -9 1.4 45
2 952 1 -9 0.76 37
2 953 2 -9 1.01 42
2 429 1 -9 0.28 29
2 216 1 6 1.1 42
2 208 1 7 1.07 47
2 363 2 -9 0.76 37
2 359 1 -9 0.87 40
1 180 2 -9 0.4 33
2 467 1 -9 0.66 41
2 493 2 5 0.63 36
2 524 2 -9 0.89 42
1 35 2 4 0.9 39
1 70 1 -9 0.5 38
2 246 2 5 0.64 38
2 724 1 5 0.67 40
2 920 1 -9 0.63 38
2 406 2 2 0.61 35
2 931 2 -9 0.89 38
2 939 2 6 1.41 45
2 936 1 -9 0.73 39
2 962 1 -9 0.59 38
2 990 2 3 0.64 36
2 360 2 5 0.72 40
2 290 1 2 0.44 32
2 293 1 -9 0.58 36
2 310 1 2 0.47 33
1 179 1 -9 0.6 38
2 580 1 -9 0.55 37
2 763 2 -9 0.9 41
2 469 2 -9 0.74 39
2 245 1 7 0.75 42
2 678 2 -9 0.98 43
2 870 1 2 0.44 34
2 608 1 -9 0.32 29
2 888 1 2 0.43 34
2 627 1 -9 0.52 37
2 267 2 4 0.94 40
2 333 2 -9 0.68 38
1 168 2 6 0.75 40
2 560 2 -9 0.77 40
2 764 2 2 0.7 36
2 518 2 -9 0.71 37
2 708 1 8 0.5 39
2 700 2 4 0.65 36
1 133 2 -9 0.73 39
1 112 2 -9 0.82 40
2 414 1 -9 0.33 21
2 829 1 -9 0.4 35
2 853 1 6 0.48 37
2 890 1 -9 0.48 36
1 94 1 -9 0.62 38
2 265 2 2 0.61 35
2 806 2 7 0.8 37
2 762 2 3 1 38
2 769 2 -9 0.9 40
1 51 1 2 0.3 30
1 44 2 -9 0.5 34
1 44 1 3 0.7 38
1 82 1 -9 1.4 46
2 230 1 -9 0.7 40
2 704 2 2 0.62 37
2 681 1 5 0.82 39
2 696 2 6 0.73 39
2 728 2 -9 0.23 28
2 215 1 7 1.4 45
2 378 1 -9 0.69 39
2 633 1 8 0.86 43
2 924 2 -9 0.4 33
2 203 1 6 1 42
2 304 2 2 0.49 34
2 339 1 -9 0.26 28
1 194 1 -9 0.75 39
2 494 2 5 0.68 35
1 48 2 -9 0.8 39
2 224 1 -9 0.76 40
2 711 1 -9 0.52 37
1 144 2 -9 0.44 30
2 616 1 7 0.68 40
1 158 1 -9 0.67 39
2 283 2 -9 0.75 38
1 169 1 -9 0.8 41
1 185 2 3 0.45 33
2 805 2 5 0.8 38
2 770 2 -9 0.9 41
2 795 1 6 0.5 35
2 457 2 -9 1.01 41
2 485 2 4 0.59 36
1 32 2 -9 0.5 36
1 38 1 -9 0.5 36
1 38 1 -9 0.6 38
1 85 2 -9 1.3 47
2 709 2 -9 0.75 40
2 687 2 5 1.08 42
2 402 2 5 0.74 39
2 596 2 -9 1.01 41
2 431 1 -9 0.42 33
2 594 2 7 0.9 41
2 971 1 -9 0.67 39
2 260 1 -9 0.87 40
2 582 2 -9 0.5 35
2 661 1 -9 0.84 41
2 761 1 6 0.45 35
2 512 2 5 0.91 42
1 200 2 -9 1.35 48
2 646 1 -9 0.4 34
2 394 2 7 0.9 40
1 118 1 7 0.81 42
2 985 2 5 0.69 37
2 355 1 -9 0.97 42
1 169 2 -9 1 40
2 580 1 -9 0.37 32
2 756 2 -9 1 40
2 755 2 6 0.85 38
2 452 2 -9 0.89 42
2 454 1 -9 0.49 33
2 484 2 3 0.58 37
1 46 1 -9 0.5 35
1 58 1 -9 0.5 33
3 820 2 7 1.49 50
2 225 1 -9 0.79 39
2 685 2 5 0.6 37
2 714 1 -9 0.66 39
2 411 2 -9 0.97 40
2 614 2 5 0.72 38
2 389 2 5 1.02 41
2 828 2 3 0.55 35
2 348 2 -9 0.22 27
1 13 2 -9 1.61 46
1 179 2 5 0.5 35
1 170 1 6 0.65 38
2 750 2 6 0.85 39
2 486 1 5 0.58 37
2 541 2 -9 0.86 40
1 41 1 5 0.7 41
2 222 2 5 0.86 42
2 410 2 -9 0.61 38
1 124 2 6 0.68 37
2 617 2 6 0.54 36
2 379 2 -9 1.23 45
2 630 2 -9 0.78 39
2 851 2 -9 0.49 34
2 286 2 2 0.57 35
2 560 2 -9 0.95 40
2 522 2 5 0.82 40
1 67 2 -9 0.5 36
1 38 2 4 0.8 39
1 60 1 -9 0.5 37
2 546 2 -9 1.03 40
2 238 1 -9 0.87 41
2 733 2 -9 0.35 32
2 743 2 -9 0.65 39
2 673 1 7 1.08 43
2 678 2 -9 1.05 42
1 200 2 -9 1.4 49
2 633 1 7 0.62 38
1 110 2 6 0.63 40
2 834 2 7 0.55 37
2 954 2 5 0.9 42
2 843 2 -9 0.52 34
2 1002 2 5 0.94 39
2 209 2 5 1.11 43
2 340 1 -9 0.38 32
2 327 2 2 0.46 34
1 196 2 -9 0.35 31
2 583 2 -9 0.48 34
2 577 2 2 0.42 32
2 589 2 -9 0.66 36
2 755 2 7 0.8 40
1 35 1 -9 0.7 41
1 41 2 -9 0.8 38
1 61 2 -9 0.8 39
1 45 2 -9 0.7 38
1 88 1 6 1.75 49
1 135 2 4 0.7 39
2 827 2 2 0.47 34
2 883 1 3 0.46 35
2 922 1 5 0.43 35
1 116 1 -9 0.67 41
2 991 2 5 0.78 39
2 211 2 -9 1.04 42
2 284 2 -9 0.81 40
2 353 2 -9 0.58 37
2 268 2 -9 0.86 41
1 170 1 -9 0.65 39
2 590 1 -9 0.4 35
2 559 2 -9 0.86 40
2 772 1 -9 0.7 37
2 501 2 -9 0.98 40
1 85 2 -9 1.7 46
2 645 2 6 0.45 34
2 610 1 -9 0.25 27
2 880 1 3 0.51 37
2 279 1 6 0.56 38
2 305 1 6 0.52 36
1 4 2 7 1.16 43
2 801 1 7 0.6 38
2 766 2 -9 0.9 40
2 461 1 -9 0.49 36
2 468 1 -9 0.52 37
2 497 2 3 0.83 39
1 26 2 6 0.6 37
1 55 1 -9 0.6 38
1 71 2 7 0.6 38
2 669 2 5 0.92 40
2 729 1 -9 0.49 35
2 870 2 -9 0.51 34
1 109 1 -9 0.68 42
2 855 2 2 0.41 33
2 896 2 -9 0.32 33
2 599 2 5 1.02 41
2 576 2 2 0.49 34
2 776 1 -9 0.9 42
2 815 1 7 0.55 37
1 59 1 7 0.7 41
2 537 2 -9 1.15 44
2 690 2 -9 0.37 31
1 129 2 -9 0.7 37
2 619 1 6 0.48 36
2 388 2 -9 0.9 40
2 409 1 -9 0.64 39
2 889 1 -9 0.25 30
2 934 1 -9 0.71 39
2 824 2 -9 0.39 32
2 592 1 7 1.23 43
2 344 1 3 0.51 36
2 372 2 -9 0.5 34
1 171 1 -9 0.7 39
2 573 2 -9 0.64 36
2 785 2 5 0.7 37
2 772 2 -9 0.7 37
1 73 1 -9 1.22 44
2 465 2 -9 0.55 35
2 479 2 8 0.66 40
2 507 2 -9 0.92 40
1 61 2 -9 0.6 38
2 550 2 -9 1.29 44
2 232 2 -9 0.85 40
2 741 1 4 0.54 39
2 690 2 2 0.42 33
2 694 2 5 0.7 39
3 251 2 -9 1.8 47
1 140 2 6 0.48 37
1 142 1 5 0.35 34
1 142 2 -9 0.49 37
1 122 1 5 0.69 40
1 157 1 -9 0.69 41
2 421 1 5 0.52 36
2 908 2 2 0.38 32
2 856 2 2 0.4 33
2 657 1 -9 0.69 39
2 264 2 5 0.89 40
2 282 1 -9 0.58 35
2 303 1 5 0.6 37
2 558 2 -9 1.1 41
2 760 2 -9 0.95 39
2 467 2 -9 0.73 37
2 473 1 6 0.41 37
1 15 2 -9 0.76 41
1 80 2 -9 1.7 48
2 228 1 -9 0.97 41
2 398 1 -9 0.71 41
2 636 1 6 0.28 32
2 636 1 6 0.48 36
2 882 1 1 0.17 27
1 159 2 6 1.33 47
2 956 2 -9 1.04 42
2 965 1 -9 0.55 36
2 993 2 3 0.57 34
2 217 1 6 1.09 42
2 278 2 5 0.79 40
2 650 2 2 0.54 34
2 801 2 3 0.45 33
1 24 1 -9 0.6 37
1 29 2 -9 0.63 37
1 48 1 -9 0.7 38
2 514 2 5 1.04 41
2 219 2 -9 0.81 40
2 401 2 3 0.67 37
2 879 2 5 0.58 35
2 598 1 8 0.76 40
2 381 2 -9 0.86 40
2 928 2 -9 0.92 42
2 855 2 4 0.53 36
2 904 2 -9 0.55 34
2 1003 2 5 0.67 37
2 206 1 8 1.33 47
2 264 1 5 1.16 42
2 307 1 5 0.61 38
1 12 2 -9 1.39 44
1 175 1 7 0.65 41
1 6 1 -9 1.55 46
2 793 2 5 0.9 39
2 440 2 6 1.05 44
2 471 2 3 0.65 36
1 30 2 -9 0.56 37
2 545 2 -9 0.99 40
2 437 1 -9 0.57 39
2 959 1 -9 0.66 37
2 212 2 8 1.08 43
2 276 1 -9 0.96 40
2 288 1 -9 0.48 34
1 76 2 -9 1.22 46
2 255 2 -9 0.81 39
2 816 1 2 0.4 32
2 809 1 6 0.6 36
2 753 2 -9 0.85 39
2 792 1 7 0.6 37
2 451 2 3 0.73 38
2 452 1 -9 0.67 38
1 18 1 -9 0.82 39
2 542 2 4 0.92 42
2 534 2 5 0.92 40
2 528 2 -9 0.98 40
2 509 2 6 0.78 38
2 521 2 6 0.99 43
2 215 1 7 1.26 46
1 153 1 -9 0.49 37
2 643 1 -9 0.48 37
1 111 2 5 0.86 39
2 946 2 -9 0.91 40
2 823 1 -9 0.48 37
2 971 2 2 0.61 36
2 994 2 3 0.72 37
2 337 1 5 0.53 37
2 336 1 -9 0.44 35
1 165 1 -9 0.65 38
2 584 2 3 0.55 35
2 559 2 -9 0.91 41
2 771 1 -9 0.9 42
1 34 2 -9 1 41
2 235 2 -9 1.16 43
2 642 2 -9 0.57 36
1 118 1 -9 0.74 41
2 428 2 2 0.47 32
2 648 1 -9 0.48 37
2 858 2 -9 0.57 35
2 601 2 -9 1 40
2 376 2 -9 0.41 32
2 354 2 -9 0.2 38
2 296 1 -9 0.66 40
2 779 2 -9 0.5 34
2 474 1 5 0.58 38
1 47 2 -9 0.8 39
1 125 2 3 0.17 28
2 404 1 -9 0.64 40
1 130 2 -9 0.24 29
2 844 2 5 0.35 34
2 419 2 7 0.71 38
2 938 2 -9 1.12 42
1 1010 2 -9 0.74 38
2 415 2 -9 0.3 38
2 826 1 -9 0.38 34
2 991 2 5 0.74 38
2 265 2 4 1.06 42
2 319 2 7 0.58 37
2 310 2 5 0.57 35
2 312 1 5 0.48 35
2 325 2 5 0.59 36
1 193 2 2 0.3 31
1 168 1 7 0.65 39
2 581 2 -9 0.67 38
2 562 2 6 0.83 39
2 817 1 -9 0.4 33
2 759 2 -9 0.75 38
2 491 1 6 0.54 37
2 535 2 6 0.83 40
1 62 1 -9 0.5 36
1 87 1 7 2 47
2 713 2 -9 0.65 36
2 826 1 7 0.54 35
2 968 1 2 0.55 35
2 294 2 -9 0.72 39
1 166 1 -9 0.7 41
1 7 2 -9 1.51 45
2 799 1 5 0.75 38
2 754 2 -9 0.9 39
2 780 1 -9 0.65 38
2 471 2 5 0.69 39
1 21 2 -9 0.74 35
1 24 2 7 0.66 37
2 224 2 -9 1.07 42
2 726 1 7 0.62 38
2 412 2 -9 0.55 36
2 917 1 -9 0.47 34
1 126 1 5 0.52 37
2 862 1 -9 0.62 38
2 894 1 2 0.41 33
1 1009 2 5 0.54 35
2 958 2 -9 0.62 37
2 354 1 -9 0.47 35
1 94 2 -9 1.25 45
2 368 1 -9 0.18 25
2 358 1 5 1.06 41
1 16 2 6 0.72 39
2 502 2 -9 0.86 40
2 549 2 -9 0.92 42
1 45 1 -9 0.6 38
2 248 2 4 0.72 38
2 676 2 -9 0.74 38
2 669 2 -9 1.03 42
1 150 1 -9 0.82 41
2 634 1 1 0.24 28
2 391 2 -9 0.68 38
2 877 2 5 0.57 37
1 77 1 -9 0.87 44
1 2 2 8 1.65 46
1 179 1 5 0.75 40
1 182 1 -9 0.25 28
1 47 2 -9 0.8 39
1 80 2 -9 1.5 48
2 223 2 -9 1.22 44
1 93 2 -9 1.26 46
2 742 1 -9 0.39 34
2 613 1 3 0.46 36
1 110 1 6 0.59 38
2 423 2 5 0.49 36
2 601 2 -9 0.72 37
2 848 1 4 0.51 36
2 996 2 5 0.62 37
2 203 1 -9 0.8 41
1 1 2 7 1.57 45
1 164 1 -9 0.7 40
1 184 1 -9 0.7 38
2 569 2 -9 0.39 31
2 770 1 -9 0.9 42
2 794 2 5 0.6 37
2 440 2 -9 0.9 39
1 28 2 -9 0.58 39
2 520 2 7 1.01 41
2 549 2 -9 0.9 40
2 506 2 5 1.21 45
1 96 1 -9 1.51 50
1 113 2 5 0.87 40
2 915 1 -9 0.65 39
2 850 1 -9 0.26 29
2 426 2 7 0.8 38
2 425 2 3 0.71 38
2 937 2 -9 0.95 41
2 959 1 2 0.49 34
2 890 2 2 0.52 35
2 304 1 7 0.48 36
2 325 2 3 0.72 38
1 183 1 5 0.4 34
1 171 2 -9 0.65 37
2 761 1 -9 0.6 38
2 495 2 3 0.64 37
2 480 2 3 0.62 36
2 538 2 -9 1.02 42
1 40 2 6 0.7 39
2 703 2 6 0.68 38
1 143 1 -9 0.3 30
2 898 2 -9 0.41 33
1 157 1 7 0.72 40
2 436 2 3 0.62 37
2 926 2 -9 0.38 32
2 297 2 -9 0.44 33
2 302 2 6 0.89 40
2 586 2 -9 0.77 41
2 559 2 -9 0.99 43
2 766 2 -9 0.8 38
2 472 1 5 0.45 34
2 550 2 7 1.14 42
2 679 2 -9 1.06 41
2 731 2 -9 0.49 33
2 744 1 -9 0.41 33
1 155 2 -9 0.36 33
2 889 2 -9 0.48 36
2 933 1 -9 0.61 35
2 651 1 -9 0.47 36
2 348 1 2 0.17 26
2 347 1 -9 0.48 36
1 198 2 -9 0.3 31
2 529 2 -9 0.88 40
2 221 1 -9 0.89 41
2 689 1 -9 0.54 37
2 733 2 -9 0.39 30
1 150 2 6 0.76 36
2 647 2 6 0.58 38
2 883 2 4 0.59 37
1 114 2 -9 0.94 41
2 847 2 -9 0.24 27
2 607 2 -9 1.12 42
2 831 1 -9 0.45 34
2 984 2 3 0.73 38
2 797 2 7 0.75 37
2 531 2 -9 1.27 43
2 220 1 -9 0.94 42
1 90 2 -9 0.9 41
2 696 2 5 0.6 37
2 721 1 5 0.66 39
2 674 1 -9 0.87 40
1 141 2 -9 0.19 28
2 618 2 6 0.66 36
2 627 2 -9 0.34 32
1 1009 2 5 0.64 36
1 8 2 6 1.55 44
2 574 1 2 0.34 32
2 572 2 -9 0.48 34
2 556 2 -9 0.93 41
2 586 1 -9 0.74 40
2 473 2 6 0.55 36
1 15 1 6 0.7 39
1 60 1 -9 0.4 33
1 57 1 7 0.5 35
2 686 2 -9 0.85 39
2 923 1 5 0.59 37
2 935 1 -9 0.93 40
2 945 2 -9 0.79 39
2 940 2 7 0.71 38
2 944 1 -9 0.83 39
2 274 1 3 0.99 40
2 338 2 -9 0.69 39
1 170 1 -9 0.7 40
2 574 2 -9 0.44 32
2 814 1 5 0.5 37
2 505 2 -9 1.11 43
2 725 1 3 0.48 35
2 673 1 -9 0.98 40
1 146 1 -9 0.54 35
1 151 2 -9 0.41 35
1 139 1 -9 0.62 36
1 117 1 5 0.72 40
2 205 1 7 0.94 43
2 366 1 -9 0.41 33
2 289 1 2 0.28 28
2 313 2 6 0.53 37
2 311 2 7 0.35 33
2 327 2 3 0.36 32
2 333 1 -9 0.39 32
2 585 1 -9 0.16 26
2 813 2 3 0.65 36
2 784 1 -9 0.5 34
1 28 1 -9 0.56 37
2 551 2 -9 0.7 40
2 555 1 -9 0.79 41
2 691 2 3 0.68 37
2 214 1 7 1.23 46
1 156 2 5 0.7 39
1 1007 1 5 0.58 37
2 424 2 6 0.67 38
2 904 1 -9 0.5 37
2 982 2 6 0.74 37
2 207 1 7 1.47 50
2 211 2 -9 1.39 46
2 203 1 -9 0.9 40
2 291 1 -9 0.64 39
1 171 2 -9 0.85 40
1 186 2 -9 0.65 38
2 556 2 6 1.2 44
2 466 1 6 0.55 38
2 483 1 4 0.51 36
2 484 1 5 0.75 40
1 38 1 -9 0.7 37
1 69 1 4 0.5 36
3 499 2 7 1.78 45
2 864 1 -9 0.61 37
2 593 1 5 -9 40
2 839 1 6 0.43 34
2 825 1 4 0.47 37
2 1001 1 3 0.49 35
2 653 2 5 0.74 39
2 577 2 -9 0.57 37
2 652 2 4 0.68 37
2 792 2 7 0.75 39
2 443 2 -9 0.77 37
2 469 2 -9 0.53 37
2 498 2 5 0.77 37
1 20 1 -9 0.76 38
1 29 2 6 0.62 37
2 533 2 5 1.2 43
2 526 2 6 0.98 41
1 98 1 -9 1.55 48
1 100 1 7 1.4 49
2 735 1 2 0.43 34
2 695 2 7 0.79 40
2 718 1 5 0.65 38
2 404 1 6 0.76 41
2 598 1 5 0.98 41
2 626 2 7 0.66 39
2 987 2 5 0.71 40
2 658 2 -9 0.45 34
1 163 2 -9 0.65 38
1 187 1 3 0.45 35
2 581 2 -9 0.59 35
2 811 1 5 0.6 36
2 503 2 -9 0.85 40
1 54 2 -9 0.75 38
2 725 1 3 0.46 35
2 394 2 2 0.69 35
2 430 1 -9 0.64 40
2 939 2 5 0.89 41
2 934 2 -9 1.01 40
2 989 2 5 0.54 35
2 1001 2 4 0.68 37
2 216 2 5 1.5 45
2 365 2 3 0.91 39
2 349 1 5 0.36 39
1 14 1 -9 1.36 47
1 50 1 -9 0.8 38
1 33 2 -9 0.9 39
2 504 1 -9 1.04 43
2 681 2 -9 0.92 40
1 130 2 5 0.55 34
1 136 2 -9 0.22 28
2 619 2 5 0.71 38
1 158 1 7 0.68 39
2 898 2 -9 0.28 31
2 818 1 1 0.3 29
2 771 2 -9 1.1 40
1 62 1 6 0.4 36
2 511 1 -9 1.02 42
2 722 2 6 0.63 38
2 411 2 2 0.61 36
2 410 1 2 0.57 38
1 159 1 -9 1.05 43
2 431 1 -9 0.38 32
2 626 1 5 0.51 38
2 837 1 -9 0.47 38
2 318 2 3 0.78 37
1 3 2 -9 1.82 45
2 258 2 -9 0.82 41
1 166 2 -9 0.75 40
1 169 1 -9 0.75 40
2 535 2 -9 1.05 42
1 57 1 7 0.6 36
1 102 2 7 1.28 45
2 512 2 -9 1.01 42
2 682 1 -9 0.37 34
2 886 1 5 0.39 35
2 823 1 -9 0.51 34
2 822 1 -9 0.38 33
2 962 1 2 0.57 35
2 976 1 -9 0.5 34
2 654 2 -9 0.67 41
2 212 2 6 1.31 45
2 375 2 2 0.41 33
1 186 2 -9 0.35 33
2 559 2 -9 0.9 41
2 787 2 4 0.9 42
2 446 2 -9 0.97 41
1 72 1 -9 0.3 31
2 701 2 5 0.71 37
2 710 2 7 0.7 38
1 107 2 -9 0.93 40
1 156 1 7 0.54 38
2 217 1 6 1.44 47
1 104 2 -9 1.85 47
2 377 1 2 0.37 32
2 367 2 -9 0.3 28
1 161 2 6 0.7 39
2 572 1 -9 0.41 34
2 557 2 5 0.82 42
2 561 2 -9 0.89 39
2 588 1 -9 0.58 37
2 497 1 8 0.57 37
2 666 2 8 1.3 43
1 41 1 -9 0.7 40
2 505 2 8 0.88 42
2 500 2 6 0.87 41
2 741 1 -9 0.5 38
1 140 2 -9 0.7 38
2 396 2 -9 0.9 40
2 432 1 -9 0.48 38
2 595 2 -9 1 41
2 999 1 2 0.37 31
2 206 1 8 1.15 45
2 659 1 -9 0.78 39
2 357 1 5 0.56 37
1 199 1 6 0.45 36
1 6 1 -9 1.28 46
2 662 2 -9 0.51 35
2 748 2 6 -9 42
2 449 2 -9 0.76 40
2 490 1 5 0.41 33
2 445 2 -9 1.03 42
2 513 2 -9 1.04 42
1 40 2 -9 0.8 39
1 42 2 -9 0.7 39
1 86 1 -9 1.45 48
2 247 1 -9 1.01 43
2 740 1 7 0.47 34
2 920 2 2 0.58 37
2 644 1 -9 0.46 35
1 114 1 -9 0.77 42
2 409 2 -9 0.5 34
2 418 2 5 0.78 40
2 607 2 -9 0.89 40
2 908 2 3 0.7 37
2 280 2 -9 0.88 40
2 337 1 -9 0.56 37
2 306 2 3 0.57 35
2 277 2 4 0.81 39
2 490 2 6 0.63 37
2 544 2 -9 1.28 43
2 724 1 3 0.56 36
2 407 2 6 0.86 40
1 124 2 6 0.52 37
1 124 2 -9 0.73 38
2 391 2 6 1.04 42
2 916 1 -9 0.58 36
2 925 1 6 0.62 39
1 1005 1 -9 0.44 34
2 982 2 4 0.57 36
2 316 2 4 0.78 39
1 27 2 6 0.6 35
2 532 2 -9 1.04 41
2 548 2 -9 1.09 41
2 675 2 -9 1.1 41
2 867 1 2 0.58 37
2 611 1 -9 0.54 36
1 115 2 -9 0.79 41
2 624 2 -9 0.7 39
2 906 1 -9 0.36 29
2 208 2 4 1.05 43
2 321 2 8 0.73 39
2 323 2 5 0.67 37
1 176 1 -9 0.85 41
2 781 1 -9 0.65 39
1 15 2 -9 0.88 39
1 23 2 -9 0.62 36
2 542 2 -9 0.86 39
1 63 2 5 0.6 36
2 246 1 5 0.8 40
2 695 2 5 0.75 40
2 698 2 3 0.53 35
2 698 1 5 0.56 38
2 729 1 6 0.57 39
2 643 1 -9 0.56 39
2 827 1 -9 0.37 33
1 117 1 -9 0.8 41
2 957 2 -9 0.83 39
2 830 2 2 0.3 31
2 969 1 -9 0.51 35
2 876 1 7 0.61 37
2 332 2 7 0.38 33
2 306 1 7 0.62 38
1 183 2 -9 0.75 38
2 588 1 5 0.63 40
2 589 2 4 0.7 36
2 566 2 -9 0.43 32
2 785 1 7 0.6 38
2 751 2 -9 0.85 40
2 470 2 2 0.57 34
1 69 1 -9 0.5 36
1 45 1 5 0.6 39
1 202 1 -9 1.4 46
1 95 2 -9 1.05 43
2 693 2 6 0.65 39
1 138 2 3 0.41 33
1 134 1 9 0.56 38
2 952 1 -9 0.87 39
2 932 2 -9 0.79 37
2 207 1 7 1.31 47
2 210 1 -9 1.39 42
2 299 2 -9 0.61 37
2 341 1 5 0.49 36
2 329 2 3 0.74 38
2 261 1 -9 0.81 42
2 254 1 -9 1 41
2 252 2 -9 0.91 41
1 184 1 -9 0.5 37
1 7 1 -9 1.51 49
2 563 2 -9 0.96 42
2 578 2 -9 0.33 32
2 752 1 7 0.85 40
2 768 2 7 0.95 41
2 797 2 3 0.65 35
2 481 2 2 0.43 32
2 482 1 5 0.51 36
1 40 2 -9 0.7 38
1 82 2 -9 1.35 46
1 83 2 -9 2.3 48
3 820 1 -9 1.39 50
2 916 1 -9 0.69 40
2 897 2 2 0.38 32
2 948 2 -9 0.89 39
2 591 1 5 1.41 44
2 211 1 -9 1.45 47
2 206 1 6 1.33 47
2 274 1 6 0.84 40
2 278 2 -9 0.77 40
2 279 1 -9 0.74 41
2 329 2 3 0.64 37
2 262 2 -9 0.63 35
1 49 2 5 1 41
1 61 1 -9 0.4 33
2 240 2 7 0.62 37
2 683 2 -9 1.02 41
2 697 2 5 0.75 39
2 726 2 5 0.66 39
1 132 2 6 0.62 39
2 386 2 -9 0.81 38
1 120 1 7 0.69 40
2 433 2 -9 0.63 37
2 434 1 -9 0.47 35
2 423 1 7 0.57 38
2 983 2 5 0.74 39
2 992 2 4 0.81 38
2 654 1 -9 0.63 35
1 76 2 -9 1.01 42
2 275 2 3 0.85 38
1 11 2 -9 1.49 46
2 252 2 -9 0.9 42
1 163 2 -9 0.65 39
2 777 2 -9 0.65 38
2 529 2 -9 1.13 43
2 229 2 -9 0.92 39
2 676 2 -9 1 41
2 703 2 7 0.87 40
2 711 2 -9 0.63 37
2 635 1 8 0.69 40
2 885 1 2 0.38 32
2 833 1 -9 0.41 34
2 843 1 -9 0.41 33
2 974 1 -9 0.54 35
2 369 2 2 0.39 33
2 257 2 -9 0.97 39
2 326 1 5 0.62 39
1 178 1 -9 0.65 39
2 564 1 2 0.47 34
2 587 2 -9 0.74 39
2 791 2 5 0.7 38
2 481 2 3 0.55 35
2 485 1 6 0.58 38
2 517 1 -9 1.04 44
1 96 2 7 1.17 44
1 84 2 7 1.85 45
2 734 1 -9 0.41 34
1 127 2 -9 0.68 38
2 383 2 -9 1.02 42
2 628 2 2 0.44 34
2 418 1 5 0.54 38
2 422 2 3 0.63 37
2 985 1 6 0.54 36
2 967 1 -9 0.58 39
2 657 2 -9 0.69 40
2 273 1 -9 0.9 41
2 272 1 -9 0.95 39
1 75 1 7 1.2 43
2 275 2 -9 0.88 39
1 169 1 5 0.8 41
2 803 1 3 0.4 32
2 802 2 5 0.95 38
1 35 1 -9 0.6 39
2 699 1 -9 0.54 37
1 200 2 12 1.04 42
2 641 2 -9 0.68 39
2 632 2 5 0.68 36
1 122 2 -9 0.91 41
2 857 2 -9 0.45 33
2 953 2 5 0.91 41
2 860 2 -9 0.39 31
2 343 1 -9 0.48 38
2 661 1 -9 0.74 41
2 655 2 2 0.62 35
2 775 2 -9 0.7 39
2 752 2 -9 0.85 39
2 767 2 -9 1 40
1 79 1 -9 1.7 45
2 747 2 3 0.51 34
1 154 2 -9 0.52 37
2 877 2 2 0.43 34
2 600 2 -9 0.96 40
2 973 2 2 0.53 34
2 313 2 7 0.79 38
2 269 1 -9 0.95 42
1 1 1 -9 1.51 47
1 175 1 -9 0.7 40
1 195 1 -9 0.15 28
2 748 1 -9 -9 32
2 796 2 2 0.7 35
2 455 1 -9 0.73 38
1 27 2 -9 0.54 36
1 39 1 -9 0.7 41
1 52 2 -9 0.6 34
2 694 2 6 0.58 35
3 251 2 -9 1.4 47
1 201 1 -9 1.55 49
2 637 1 5 0.44 36
2 846 2 -9 0.3 31
2 925 1 1 0.26 27
2 980 1 4 0.52 36
2 649 2 -9 0.66 40
2 259 2 -9 0.91 38
2 277 2 6 0.74 38
2 328 1 6 0.73 39
2 783 2 5 0.75 38
2 494 2 5 0.69 39
1 61 2 -9 0.6 38
2 544 2 6 1.11 43
2 238 1 6 0.98 42
2 397 2 2 0.49 34
2 840 2 -9 0.26 29
2 975 1 -9 0.53 35
2 997 2 3 0.74 38
2 205 1 7 1.48 47
2 332 2 -9 0.61 37
1 176 2 7 1.1 43
1 188 1 -9 0.5 37
2 213 1 4 1.2 42
2 810 2 7 0.8 38
2 498 2 5 0.77 38
2 478 2 3 0.62 37
1 40 1 -9 0.8 33
1 60 2 6 0.5 36
2 688 2 -9 0.8 38
2 683 2 -9 0.92 39
2 716 1 -9 0.77 42
1 200 2 9 1.4 48
2 869 2 -9 0.58 36
2 647 1 -9 0.5 38
2 393 2 -9 0.82 39
1 116 2 -9 0.78 39
2 623 1 -9 0.5 35
2 436 2 3 0.67 38
2 417 2 5 0.65 37
2 927 2 -9 1.1 42
2 838 1 -9 0.4 35
2 969 2 -9 0.53 34
2 209 2 6 1.27 46
2 270 2 6 0.83 42
1 174 2 9 0.75 40
1 189 2 -9 0.4 33
1 187 1 -9 0.5 37
2 463 2 -9 0.53 35
2 459 1 -9 0.65 40
2 518 2 -9 1.08 40
1 100 1 7 1.43 48
2 719 1 6 0.5 37
1 128 1 -9 0.5 39
2 938 2 7 1.06 41
1 1010 2 -9 0.57 37
2 905 1 -9 0.37 32
2 838 1 2 0.36 32
2 839 2 -9 0.46 33
2 665 1 2 0.49 33
1 21 1 -9 0.76 37
2 522 2 3 1.03 41
2 552 2 -9 0.99 41
2 225 1 -9 0.93 41
2 731 1 -9 0.29 30
2 398 2 -9 0.71 39
2 387 2 4 0.99 40
2 845 1 -9 0.43 33
2 887 2 7 0.72 38
2 405 1 2 0.56 35
2 910 2 2 0.4 31
2 828 1 -9 0.48 37
2 659 1 -9 0.71 42
2 314 2 3 0.48 35
2 562 2 -9 0.84 39
2 655 1 -9 0.34 31
2 757 2 -9 1.1 41
2 449 2 -9 0.64 37
2 476 2 5 0.85 40
2 534 1 2 0.8 39
2 237 2 -9 0.93 40
2 705 1 7 0.56 38
2 734 1 -9 0.49 37
2 214 2 9 0.95 43
2 217 1 7 1.96 50
2 290 1 3 0.73 39
1 173 1 -9 0.8 41
2 558 2 5 1 42
1 50 2 -9 0.9 41
1 37 1 5 0.6 38
1 55 2 -9 0.2 39
1 47 1 -9 0.6 38
2 713 2 -9 0.72 37
2 863 1 2 0.56 36
2 420 1 5 0.49 37
2 913 2 -9 0.61 39
2 846 2 -9 0.32 31
2 998 2 3 0.58 36
2 208 2 7 1.01 44
2 295 1 -9 0.62 38
1 10 2 -9 1.66 45
2 573 1 2 0.36 31
2 583 2 -9 0.62 39
2 774 1 -9 0.55 35
2 773 1 6 0.55 36
1 22 1 3 0.52 33
1 37 1 6 0.7 39
1 37 1 -9 0.7 39
2 513 2 -9 1.12 43
1 83 2 -9 1.55 49
2 247 2 6 0.79 40
2 390 2 -9 0.95 40
2 628 1 -9 0.56 37
2 432 2 5 0.44 35
2 293 1 -9 0.61 39
2 300 2 -9 0.56 35
1 4 2 7 1.41 45
2 328 1 7 0.53 37
1 161 2 -9 0.7 38
1 199 1 -9 0.3 29
2 660 1 -9 0.62 38
1 74 2 -9 1.79 47
2 441 1 -9 0.6 38
2 495 1 5 0.55 39
1 60 1 6 0.45 34
1 81 1 7 1.4 46
2 680 2 7 0.46 36
2 668 2 -9 1.06 42
2 617 2 6 0.65 37
2 979 2 5 0.78 38
2 592 1 6 1.4 45
2 557 2 4 0.82 42
2 459 2 4 0.62 36
2 444 1 -9 1 42
1 59 1 -9 0.6 40
1 71 1 5 0.5 34
2 554 2 -9 0.84 40
3 820 2 -9 1.87 48
2 244 2 -9 0.5 34
2 231 1 7 0.88 42
2 609 2 -9 0.52 34
2 873 2 -9 0.88 37
2 862 2 -9 0.75 41
2 853 1 2 0.37 32
2 950 1 -9 1.05 42
1 1006 1 3 0.54 34
2 206 1 7 1.43 44
1 178 2 -9 0.75 39
2 665 2 -9 0.6 35
2 767 2 -9 0.9 40
1 31 2 8 0.55 35
2 516 2 -9 0.83 41
1 70 2 -9 0.4 33
1 89 2 -9 1.6 44
3 819 1 -9 1.86 51
1 124 2 -9 0.7 38
2 644 2 2 0.48 34
2 380 2 6 0.96 40
2 600 2 -9 0.69 36
2 940 2 6 0.73 41
2 859 2 2 0.36 31
2 967 1 4 0.67 38
1 172 2 -9 0.6 38
2 584 1 -9 0.47 36
2 779 2 -9 0.7 37
2 773 1 7 0.8 39
2 805 2 5 0.7 37
2 798 2 5 0.65 38
2 793 2 6 0.9 40
1 45 2 -9 0.8 29
1 39 1 6 0.6 38
2 231 1 6 0.86 41
2 397 2 -9 0.69 38
2 215 1 5 1.57 45
1 134 1 -9 0.48 36
2 388 2 -9 0.92 40
2 887 2 3 0.7 37
1 106 1 -9 0.66 40
1 119 1 5 0.68 40
2 861 1 -9 0.22 27
2 899 2 -9 0.39 33
2 415 1 3 0.4 34
2 914 2 -9 0.59 37
2 972 2 -9 0.61 38
2 841 1 7 0.53 39
2 651 1 -9 0.37 30
2 345 2 6 0.57 36
2 291 2 -9 0.67 37
2 307 2 6 0.59 36
1 185 1 3 0.4 33
1 9 2 -9 1.57 44
2 575 1 -9 0.19 27
2 556 2 -9 0.91 40
2 565 2 3 0.49 35
2 662 1 2 0.36 32
2 759 2 5 0.8 41
2 446 1 2 0.55 35
1 68 2 -9 0.4 34
1 53 2 -9 0.7 38
1 44 2 -9 0.5 37
1 202 2 -9 1.95 51
2 249 1 -9 0.39 34
2 250 1 -9 0.83 40
2 220 1 7 0.96 41
2 745 2 -9 0.2 26
2 746 2 -9 0.32 31
1 138 2 -9 0.29 31
2 637 2 -9 0.42 33
1 165 2 -9 0.6 39
1 177 1 -9 0.65 39
2 556 2 -9 1.07 42
2 796 2 7 0.6 36
2 489 1 7 0.46 35
2 483 1 2 0.39 32
2 477 1 2 0.55 35
1 26 1 -9 0.46 34
2 508 2 4 0.85 40
2 515 2 -9 1.23 45
1 56 2 -9 0.9 39
1 72 1 -9 0.5 34
2 537 2 4 0.96 41
1 47 1 -9 0.6 39
2 241 2 6 0.71 40
2 704 2 4 0.78 38
2 739 2 -9 0.61 36
2 710 1 -9 0.46 35
1 115 1 -9 0.6 39
2 419 2 5 0.64 37
2 648 1 -9 0.5 37
2 932 1 6 1.11 43
2 961 2 -9 0.82 41
2 207 1 7 1.32 50
2 330 2 3 0.54 35
2 262 2 5 0.73 38
2 368 1 -9 0.48 36
1 13 2 5 0.88 39
1 160 1 -9 0.7 39
2 587 1 5 0.62 39
2 781 1 -9 0.6 38
2 765 1 -9 0.7 36
2 441 1 -9 0.75 40
2 445 2 -9 1.08 42
1 20 1 -9 0.7 37
1 44 2 -9 0.75 38
2 547 2 5 1.05 41
2 504 1 -9 0.92 41
2 712 2 5 0.58 38
2 744 1 3 0.43 35
2 400 2 -9 0.72 37
2 616 2 3 0.6 35
2 886 2 5 0.57 36
2 866 2 2 0.68 38
2 903 2 2 0.41 32
2 946 2 -9 1.03 42
2 947 2 -9 0.92 42
2 907 2 -9 0.33 31
1 76 1 9 1.35 48
2 334 2 3 0.55 35
2 564 1 -9 0.46 34
2 818 2 -9 0.25 27
2 777 1 6 0.65 39
2 447 1 7 0.88 41
1 26 2 -9 0.7 37
2 533 2 -9 1.01 42
1 95 2 -9 1.41 46
2 697 1 5 0.62 36
2 640 1 -9 0.4 33
2 395 2 5 0.94 42
2 845 2 2 0.48 33
2 1003 1 5 0.44 34
2 211 2 -9 1.38 44
2 203 1 8 0.8 38
2 273 1 7 0.91 41
2 258 1 -9 0.9 39
1 75 2 8 1.8 45
2 374 2 -9 0.45 33
2 324 2 5 0.7 38
1 12 2 9 1.51 46
1 182 2 2 0.25 28
2 806 1 5 0.6 36
2 802 2 5 0.75 36
2 462 1 2 0.36 31
2 460 1 -9 0.57 37
2 218 2 -9 1.06 42
2 234 1 7 0.89 41
2 677 2 -9 1.04 42
2 874 1 -9 0.55 36
2 872 1 -9 0.61 39
2 844 1 -9 0.23 28
2 422 2 6 0.53 35
2 878 1 3 0.55 38
2 259 2 -9 0.97 40
2 317 1 3 0.48 35
2 255 2 5 1.01 40
2 570 2 2 0.42 33
2 566 2 3 0.65 39
2 663 1 -9 0.65 37
2 660 1 -9 0.71 40
2 763 2 -9 0.7 36
2 472 1 5 0.49 35
1 18 2 -9 0.8 37
1 36 1 4 0.5 36
1 41 2 -9 0.6 39
2 864 2 2 0.55 35
1 108 2 5 0.92 40
3 900 1 -9 1.5 51
2 389 2 -9 1.04 41
2 632 2 5 0.6 35
2 848 2 -9 0.36 31
2 977 2 2 0.55 36
1 94 2 6 0.69 38
2 338 1 7 0.47 38
2 282 2 5 0.74 39
2 351 1 1 0.24 28
2 557 2 -9 0.97 43
2 468 2 -9 0.77 40
2 448 2 -9 0.59 37
1 30 2 -9 0.58 36
1 24 1 -9 0.52 37
1 88 2 -9 1.5 45
2 641 2 -9 0.24 28
2 923 1 7 0.49 35
2 885 2 2 0.48 33
2 658 1 2 0.46 36
2 281 1 2 0.41 32
2 268 2 -9 0.89 38
2 271 1 -9 0.88 40
2 356 2 5 0.99 41
2 568 2 5 0.45 38
2 754 1 -9 1 41
2 780 2 -9 0.85 40
1 147 2 -9 0.47 35
1 144 2 8 0.54 37
2 850 2 -9 0.58 37
2 875 2 -9 0.65 37
2 630 2 -9 0.42 32
2 842 2 -9 0.61 37
2 267 2 5 0.99 41
2 350 1 2 0.36 31
2 317 2 5 0.73 38
2 342 1 8 0.53 39
2 571 2 -9 0.46 34
2 804 2 3 0.65 36
2 757 1 -9 0.65 34
2 749 2 5 0.8 37
2 502 2 -9 0.98 40
2 536 2 -9 0.83 40
1 57 1 5 0.5 35
1 92 2 -9 1.52 45
2 392 2 -9 0.71 38
2 625 1 -9 0.52 37
2 413 1 -9 0.44 35
2 955 2 7 1.01 42
2 960 2 -9 0.6 37
1 1005 1 -9 0.49 33
2 204 1 7 1.38 52
2 370 1 -9 0.51 37
2 292 1 -9 0.78 42
2 571 2 -9 0.46 34
2 590 1 -9 0.59 38
2 439 2 -9 0.9 40
1 35 2 -9 1 41
2 554 2 6 0.95 41
2 408 1 2 0.48 36
2 613 2 5 0.84 39
2 935 1 5 0.92 41
2 209 2 5 1.17 42
2 322 1 5 0.64 38
2 260 2 -9 0.8 39
1 2 2 9 1.72 45
1 180 2 -9 0.25 30
2 765 2 -9 0.9 38
2 480 1 6 0.53 37
1 30 2 5 0.5 35
1 24 1 -9 0.42 33
1 49 1 -9 0.6 38
2 516 2 -9 0.84 39
1 56 2 -9 0.9 38
1 99 2 -9 1.23 45
2 708 1 -9 0.5 36
2 737 2 -9 0.49 35
1 146 2 -9 0.66 41
1 139 1 -9 0.26 29
2 611 1 3 0.47 35
2 639 1 -9 0.33 31
2 881 2 7 0.78 40
2 921 2 7 0.65 39
2 413 1 -9 0.48 35
2 955 2 -9 0.86 40
1 104 2 -9 1.85 50
2 294 1 -9 0.45 35
1 166 1 -9 0.65 38
1 181 1 2 0.35 30
2 453 1 -9 0.93 42
1 66 1 -9 0.6 35
2 552 2 5 0.92 41
1 70 2 5 0.6 37
2 555 2 -9 0.95 41
2 685 2 -9 0.56 36
2 738 1 6 0.48 37
2 865 2 -9 0.54 34
2 871 2 -9 0.54 35
1 105 2 6 0.85 41
2 427 2 2 0.41 34
2 434 1 8 0.66 40
2 624 1 -9 0.54 39
2 204 1 6 0.94 47
2 345 2 -9 0.58 36
1 11 2 -9 0.39 31
2 575 2 3 0.56 36
2 570 2 -9 0.44 36
2 557 2 -9 0.81 43
2 816 2 -9 0.55 35
2 817 1 -9 0.55 34
1 19 1 -9 0.82 42
2 526 2 -9 0.94 42
1 36 1 -9 0.9 40
2 506 2 6 1.37 48
1 89 1 -9 1.6 47
2 227 1 -9 0.93 42
2 702 1 7 0.56 38
2 730 2 -9 0.46 33
1 121 1 -9 0.65 39
2 380 2 -9 0.94 41
2 902 2 -9 0.43 31
2 965 1 2 0.59 36
2 992 2 5 0.83 39
2 592 1 7 1.22 46
2 270 1 -9 0.89 40
2 280 1 -9 0.72 41
2 366 2 -9 0.66 36
2 372 1 -9 0.42 33
1 179 2 3 0.6 37
2 563 2 -9 1.03 42
1 97 2 6 0.71 43
1 87 1 -9 1.1 43
3 820 1 -9 1.17 44
2 226 2 -9 0.88 41
2 239 1 -9 0.99 43
1 93 2 6 1.22 46
2 706 2 -9 0.67 39
2 728 2 5 0.6 38
2 634 1 5 0.44 36
2 593 1 7 -9 38
2 894 1 -9 0.37 32
2 980 2 5 0.7 38
2 320 1 4 0.49 36
1 175 1 -9 0.7 40
1 160 1 -9 0.6 38
1 173 2 -9 0.6 39
1 34 1 -9 0.6 39
1 63 2 7 0.5 36
3 819 1 -9 1.36 47
2 745 2 -9 0.38 34
2 403 1 -9 0.39 32
1 125 1 3 0.34 33
2 874 2 2 0.57 36
2 437 2 1 0.29 30
2 603 2 -9 0.59 34
2 895 1 -9 0.34 31
2 902 1 7 0.46 34
2 876 2 3 0.44 33
2 1004 1 6 0.52 37
2 361 2 -9 0.9 39
1 161 2 -9 0.7 39
1 192 1 -9 0.5 38
2 804 1 6 0.55 35
2 756 2 5 1.25 42
2 784 2 -9 0.7 38
2 464 1 -9 0.48 35
2 457 2 -9 1.09 42
2 249 1 -9 0.52 35
2 639 2 -9 0.49 34
2 615 2 5 0.62 37
2 879 2 3 0.45 34
2 830 1 2 0.37 33
2 891 1 -9 0.34 34
2 1002 2 3 0.72 37
1 161 2 7 0.7 40
1 172 2 -9 0.7 39
2 213 1 6 1.52 45
1 28 1 -9 0.52 38
1 23 1 -9 0.52 36
1 48 1 -9 0.6 39
2 709 1 -9 0.52 37
2 667 2 7 0.78 41
2 401 2 -9 0.9 39
2 399 2 -9 0.83 40
2 919 2 2 0.58 36
1 123 1 -9 0.67 40
2 603 2 2 0.72 37
2 942 1 4 0.85 40
2 926 2 5 0.32 33
2 212 2 5 1.1 42
2 308 1 5 0.52 36
2 331 2 -9 0.44 33
1 173 2 -9 0.65 38
1 9 2 -9 1.66 45
1 14 2 -9 1.43 45
2 558 2 -9 1.1 43
2 800 1 5 0.65 36
2 486 1 3 0.47 34
1 43 1 3 0.7 37
2 509 2 -9 1.02 41
1 97 2 -9 1.02 45
2 243 2 -9 0.41 33
2 743 1 -9 0.49 38
1 131 2 -9 0.76 41
2 384 1 -9 0.99 40
2 596 2 -9 0.82 39
2 438 2 -9 0.36 32
2 905 2 -9 0.58 35
2 901 2 2 0.45 33
2 605 2 -9 0.98 39
2 835 1 -9 0.36 33
2 591 1 8 1.33 46
2 815 1 -9 0.5 36
2 463 1 3 0.53 35
1 33 1 -9 0.6 37
1 62 1 -9 0.6 39
1 102 1 -9 1.31 44
1 103 2 7 1.85 45
2 693 1 5 0.54 36
2 382 2 -9 1.14 41
2 910 2 -9 0.44 33
2 836 1 1 0.18 26
2 299 2 -9 0.61 36
2 263 2 -9 0.88 40
2 358 2 6 0.87 39
2 296 1 8 0.55 37
1 160 1 -9 0.75 39
1 10 2 9 2.06 48
1 30 2 6 0.7 38
1 31 1 -9 0.47 34
1 64 1 -9 0.8 42
1 133 2 -9 0.76 40
1 156 2 -9 0.5 37
2 907 2 2 0.24 30
2 990 2 3 0.47 34
2 216 1 5 1.35 44
2 205 2 7 0.98 43
1 104 1 -9 1.5 47
2 359 2 -9 0.85 39
2 331 2 2 0.44 32
2 582 1 -9 0.5 37
2 492 2 5 0.67 37
1 33 2 7 0.9 40
1 36 1 7 0.6 39
1 81 2 -9 1.9 48
2 735 1 -9 0.48 37
2 672 2 5 1.08 42
1 153 2 -9 0.57 37
1 137 2 -9 0.34 32
2 871 2 -9 0.45 34
2 941 2 -9 0.87 40
1 1007 1 5 0.54 36
2 974 2 -9 0.72 39
2 350 2 1 0.24 27
1 5 1 -9 1.66 50
2 789 2 3 0.7 36
2 450 2 -9 0.99 42
1 56 2 7 0.8 38
1 69 1 -9 0.4 33
2 245 2 7 0.88 42
2 721 1 4 0.55 37
2 597 1 -9 0.55 35
2 364 2 -9 0.82 40
2 295 1 -9 0.71 39
2 292 1 -9 0.41 32
1 198 1 5 0.5 37
2 652 1 -9 0.67 38
2 812 1 2 0.55 33
2 776 1 6 0.7 38
2 769 2 -9 0.8 39
2 451 2 6 0.88 40
2 746 2 -9 0.46 36
2 400 2 6 0.62 38
2 868 1 -9 0.7 39
1 108 1 -9 0.66 42
1 148 2 5 0.57 36
1 109 1 -9 0.75 41
2 825 1 5 0.64 37
2 995 2 5 0.5 35
2 288 1 -9 0.63 39
2 320 1 4 0.51 37
1 173 1 7 0.65 40
1 190 1 -9 0.5 34
2 561 2 -9 0.95 42
2 788 2 2 0.45 33
1 17 1 -9 0.8 42
1 31 2 -9 0.69 37
1 25 1 -9 0.46 36
1 34 1 5 0.7 40
2 530 2 -9 0.43 34
2 503 2 -9 0.85 40
1 65 1 -9 0.6 39
1 57 1 -9 0.6 37
1 42 1 3 0.6 36
1 201 2 -9 1.28 43
1 126 2 6 0.76 38
1 129 2 2 0.2 26
2 612 1 3 0.49 36
2 631 1 1 0.2 27
2 888 1 6 0.35 33
1 106 1 -9 0.71 42
2 426 1 -9 0.6 38
2 897 1 -9 0.47 35
2 319 1 3 0.61 36
1 191 1 -9 0.3 30
2 567 2 -9 0.44 34
2 464 1 -9 0.52 37
2 487 2 6 0.69 38
2 488 1 7 0.58 38
1 65 1 -9 0.6 39
1 51 1 -9 0.5 34
1 101 2 -9 1.7 47
2 237 2 7 0.99 41
2 717 1 5 0.59 38
1 131 2 -9 0.79 39
2 399 1 -9 0.6 35
2 629 2 3 0.75 39
2 875 2 4 0.64 40
2 911 2 -9 0.22 27
2 972 2 -9 0.7 37
2 999 2 3 0.72 37
2 297 2 -9 0.8 38
2 322 2 3 0.45 33
2 321 1 6 0.65 38
1 193 2 -9 0.45 36
2 786 2 -9 0.7 37
2 799 1 5 0.7 37
2 798 1 6 0.55 37
1 32 1 -9 0.45 35
1 51 1 -9 0.3 30
1 98 1 -9 1.58 47
2 222 1 7 0.96 42
2 732 1 -9 0.48 38
2 671 2 -9 0.83 39
2 929 1 4 0.54 36
2 416 2 -9 0.46 33
2 913 1 1 0.25 28
2 966 2 -9 0.72 37
2 323 2 7 0.5 34
1 167 2 -9 0.7 39
2 213 2 5 1.25 45
2 487 2 6 0.61 35
2 515 2 -9 1.15 42
2 608 1 -9 0.21 26
2 918 1 2 0.57 36
2 414 2 -9 0.24 28
2 947 2 7 0.87 41
2 896 1 -9 0.27 32
2 984 2 5 0.68 37
2 208 1 8 1.27 48
1 164 2 -9 0.85 42
1 167 1 7 0.6 38
1 197 1 -9 0.2 28
2 565 1 7 0.44 37
2 787 2 -9 0.75 39
2 458 2 -9 0.52 35
2 478 2 7 0.71 38
1 58 1 -9 0.5 36
3 499 2 -9 1.77 47
2 514 2 -9 1.21 45
2 219 1 6 0.95 42
1 91 2 -9 1.52 46
2 738 2 -9 0.42 33
2 386 2 -9 1.28 44
1 107 2 -9 0.75 39
1 105 2 5 0.86 41
2 909 2 -9 0.5 34
2 949 2 -9 1.06 43
2 829 2 -9 0.55 37
2 970 1 -9 0.49 36
2 996 2 5 0.73 39
2 281 2 2 0.74 36
1 77 2 -9 1.19 46
2 285 1 5 0.88 42
2 213 1 7 1.71 46
2 775 1 6 0.6 39
2 442 1 4 0.95 41
1 48 1 7 0.5 39
2 918 2 -9 0.45 33
1 123 1 -9 0.59 38
2 421 2 5 0.6 39
2 621 2 -9 0.6 38
2 836 2 -9 0.34 31
2 597 2 -9 0.87 39
2 942 2 -9 0.86 40
1 1006 1 7 0.46 34
2 831 1 -9 0.35 30
2 1000 2 4 0.75 38
2 997 1 5 0.57 36
2 362 1 -9 0.96 39
2 254 2 6 0.8 40
2 326 1 3 0.49 35
2 768 2 5 0.6 35
2 476 1 6 0.61 38
1 25 1 -9 0.68 39
1 63 2 6 0.7 38
2 553 2 5 0.84 40
1 54 2 6 0.8 39
1 52 2 4 0.7 37
1 43 2 -9 0.6 37
2 510 2 -9 0.96 42
2 705 2 6 0.68 38
2 736 2 -9 0.68 38
1 201 1 -9 1.3 46
2 412 1 -9 0.5 36
1 149 1 8 0.52 38
1 143 1 -9 0.3 31
2 861 2 2 0.41 32
2 266 1 -9 0.89 38
2 257 2 -9 1.18 42
1 174 1 -9 0.65 38
2 808 1 6 0.45 35
2 758 1 -9 0.95 42
2 760 2 -9 0.8 37
1 63 1 7 0.4 35
2 226 1 -9 0.77 41
2 847 2 -9 0.41 33
2 849 2 -9 0.73 37
2 1004 1 3 0.48 35
2 343 1 -9 0.49 37
2 370 2 -9 0.24 27
2 318 1 5 0.43 36
1 163 1 -9 0.65 38
2 774 2 -9 0.5 34
2 458 1 -9 0.55 36
1 31 2 -9 0.63 37
1 15 1 7 0.76 40
1 64 2 -9 0.7 36
1 55 1 -9 0.6 36
1 52 1 -9 0.4 34
2 510 2 -9 1.14 44
2 684 2 -9 0.83 37
2 917 2 2 0.66 37
2 866 1 -9 0.61 36
2 893 1 -9 0.54 37
2 978 1 -9 0.68 41
2 878 1 3 0.45 35
2 989 2 7 0.46 35
2 591 1 4 1.11 43
2 335 2 -9 0.22 27
2 298 1 3 0.7 39
2 289 2 -9 0.77 38
2 496 1 2 0.21 30
2 242 2 -9 0.64 39
2 706 2 6 0.63 36
2 390 2 -9 0.68 39
2 915 2 -9 0.59 36
2 420 2 5 0.63 38
2 851 2 3 0.34 31
2 832 2 -9 0.24 28
2 821 2 5 0.4 37
2 664 1 -9 0.36 32
2 346 1 -9 0.42 36
1 162 2 -9 0.8 40
1 20 1 -9 0.68 39
1 27 1 7 0.52 39
1 22 1 -9 0.44 35
2 538 2 -9 0.85 40
2 541 2 -9 0.96 41
1 36 1 4 0.6 38
1 42 1 -9 0.7 41
2 235 1 -9 0.95 42
2 730 1 7 0.5 38
2 739 2 -9 0.51 35
2 715 1 -9 0.6 36
2 638 1 -9 0.68 39
2 424 2 -9 0.64 37
2 930 2 4 1.01 39
2 300 1 2 0.5 34
2 253 2 6 1 41
2 778 2 -9 0.75 41
2 489 2 5 0.47 34
2 479 2 4 0.65 38
