1 170 2 -9 0.8 41
2 789 1 -9 0.72 38
2 655 1 -9 0.9 41
2 833 1 -9 0.6 36
2 693 2 -9 0.66 38
2 610 2 -9 0.59 35
2 581 1 -9 0.6 37
2 608 1 -9 0.77 40
1 9 2 -9 0.7 38
2 1086 1 -9 0.76 44
2 1115 2 -9 0.69 37
2 1247 2 -9 0.88 42
2 1226 2 -9 0.68 36
2 1287 1 -9 0.78 44
2 657 2 -9 0.75 39
2 758 2 -9 0.78 39
2 794 2 -9 0.44 32
2 864 1 -9 0.56 38
2 635 2 -9 0.63 36
2 485 2 -9 0.66 37
2 1021 1 -9 0.63 37
2 1013 1 -9 0.6 37
1 54 1 -9 0.77 41
2 436 1 -9 1.09 44
2 385 1 -9 0.5 37
1 303 1 -9 0.41 36
1 433 1 -9 0.68 39
2 1137 2 -9 0.84 39
1 225 2 -9 0.62 37
2 1252 1 -9 0.72 40
2 739 1 -9 0.72 40
2 594 1 -9 0.53 35
2 598 1 -9 0.65 38
2 483 1 -9 0.92 44
2 521 1 -9 0.64 34
2 937 2 -9 0.5 34
1 26 1 -9 0.45 34
1 39 2 -9 1.04 43
1 317 2 -9 0.46 33
1 432 1 -9 1.02 46
2 1082 1 -9 0.92 45
1 180 1 -9 0.5 36
1 126 1 -9 0.54 36
1 220 2 -9 0.68 40
1 287 1 -9 0.16 27
2 1264 2 -9 0.63 36
2 1267 1 -9 0.69 39
2 750 1 -9 0.24 27
2 589 1 -9 0.9 41
2 535 2 -9 0.74 38
2 498 2 -9 0.77 40
2 903 2 -9 0.37 31
2 1000 2 -9 0.75 40
1 25 1 -9 0.71 41
1 84 1 -9 0.4 35
1 82 2 -9 0.84 39
1 64 1 -9 0.55 39
1 357 2 -9 0.7 39
1 369 2 -9 0.61 38
2 398 1 -9 0.84 42
2 1138 1 -9 0.71 38
1 116 1 -9 0.6 41
1 161 2 -9 0.74 42
1 252 1 -9 0.84 43
1 96 1 -9 0.92 43
1 248 1 -9 0.6 42
2 1263 1 -9 0.59 36
2 827 2 -9 0.35 29
2 673 2 -9 0.6 35
2 691 2 -9 0.67 37
2 715 2 -9 0.69 42
2 609 2 -9 0.78 40
2 571 2 -9 0.52 34
2 600 1 -9 0.43 33
2 842 2 -9 0.76 38
2 901 2 -9 0.34 31
1 40 1 -9 0.54 37
1 75 1 -9 0.6 37
2 459 2 -9 0.7 39
1 430 2 -9 0.75 41
2 1059 1 -9 0.44 33
2 1084 1 -9 0.69 41
2 1029 2 -9 1.46 45
2 1114 1 -9 0.94 43
1 115 1 -9 0.52 38
1 241 1 -9 0.72 41
2 1185 2 -9 0.84 39
2 867 1 -9 0.83 45
2 756 2 -9 0.72 39
2 669 1 -9 0.47 32
2 853 2 -9 0.2 26
2 594 1 -9 0.57 34
2 601 2 -9 0.67 38
2 615 2 -9 0.86 38
2 501 2 -9 0.76 39
2 908 2 -9 0.72 39
2 912 2 -9 0.84 41
2 1006 2 -9 0.23 27
1 301 1 -9 0.54 38
2 473 1 -9 0.38 34
2 1164 2 -9 0.62 36
2 1168 1 -9 0.84 43
2 1172 2 -9 0.75 38
2 1184 1 -9 0.75 41
2 660 2 -9 0.54 34
2 807 2 -9 0.6 37
2 690 2 -9 0.74 37
2 527 1 -9 0.4 30
2 529 1 -9 0.48 33
2 722 2 -9 0.33 30
2 951 2 -9 0.88 40
2 448 2 -9 0.58 36
2 451 2 -9 0.45 34
1 315 2 -9 0.68 39
2 1056 2 -9 0.54 34
2 1064 1 -9 0.79 41
2 1135 2 -9 0.59 36
1 120 1 -9 0.57 41
1 125 1 -9 0.8 43
1 201 2 -9 0.73 40
1 108 1 -9 0.37 36
1 292 2 -9 0.66 37
2 972 2 -9 0.92 42
2 1297 1 -9 0.61 38
2 1260 1 -9 0.5 34
2 658 2 -9 0.74 39
2 727 1 -9 0.32 30
2 681 2 -9 0.86 40
2 634 2 -9 0.57 38
2 640 1 -9 0.84 42
2 866 1 -9 0.2 26
2 940 2 -9 0.58 37
2 942 2 -9 0.76 38
1 12 1 -9 0.77 42
1 342 1 -9 0.84 42
1 356 2 -9 0.64 39
1 360 2 -9 0.63 39
1 377 1 -9 0.5 36
1 347 2 -9 0.74 40
1 326 1 -9 0.62 40
2 478 2 -9 0.42 34
2 1101 2 -9 0.82 42
2 1025 2 -9 1.24 44
1 134 1 -9 0.81 45
1 214 2 -9 0.58 37
1 277 1 -9 0.76 41
2 1300 1 -9 0.81 44
2 772 1 -9 0.85 40
2 714 1 -9 0.48 37
2 596 2 -9 0.68 37
2 934 2 -9 0.76 38
2 1020 2 -9 0.42 32
2 1018 1 -9 0.44 34
1 27 2 -9 0.74 37
2 400 1 -9 0.67 39
1 411 2 -9 0.25 29
2 460 1 -9 0.49 38
1 156 1 -9 0.18 27
1 288 1 -9 0.52 35
2 1218 1 -9 0.8 43
2 1295 1 -9 0.65 38
2 1289 1 -9 0.64 39
2 775 1 -9 0.42 31
2 698 1 -9 0.73 40
2 588 1 -9 0.73 41
2 596 1 -9 0.45 33
2 837 1 -9 0.56 39
2 550 1 -9 0.82 41
2 895 1 -9 0.58 39
2 966 1 -9 0.72 38
2 947 2 -9 0.6 38
1 85 2 -9 0.18 27
1 77 1 -9 0.6 37
2 438 2 -9 1.2 43
2 440 2 -9 1.21 45
1 419 1 -9 0.85 43
1 433 2 -9 0.66 38
2 1077 2 -9 0.65 37
2 1023 1 -9 1.42 49
2 1180 1 -9 0.65 43
1 133 2 -9 0.67 37
1 261 2 -9 0.62 36
2 1188 2 -9 0.76 40
2 1224 2 -9 1.19 44
2 1261 1 -9 0.64 38
2 784 2 -9 0.54 33
2 657 1 -9 0.76 40
2 626 1 -9 0.79 40
2 517 1 -9 0.69 39
2 605 1 -9 1.4 52
2 989 2 -9 0.81 39
1 370 2 -9 0.58 36
2 1085 2 -9 0.68 41
2 1162 1 -9 0.44 33
1 273 1 -9 1.04 48
1 144 2 -9 0.7 40
1 129 1 -9 0.8 42
1 184 2 -9 0.68 38
2 1248 1 -9 0.77 40
2 1286 1 -9 0.63 39
2 867 2 -9 0.94 40
2 748 2 -9 0.7 39
2 695 2 -9 0.63 37
2 687 1 -9 0.25 27
2 704 1 -9 0.32 30
2 524 2 -9 0.38 29
2 637 1 -9 0.79 42
2 537 2 -9 0.42 31
2 898 2 -9 0.47 38
2 931 1 -9 1.38 48
2 970 2 -9 0.85 41
2 868 1 -9 1.34 46
2 922 1 -9 1.28 49
1 343 2 -9 0.62 36
1 324 1 -9 0.54 38
1 301 1 -9 0.61 40
2 1044 1 -9 0.69 41
2 1149 1 -9 0.52 38
1 121 2 -9 0.45 34
1 216 1 -9 0.18 27
2 799 1 -9 0.66 38
2 1286 2 -9 0.91 40
2 769 2 -9 0.6 38
2 723 2 -9 0.35 31
2 689 1 -9 0.88 42
2 638 2 -9 0.72 38
2 575 2 -9 0.73 39
2 610 1 -9 0.51 35
2 923 2 -9 1.24 46
2 444 2 -9 0.53 38
1 407 1 -9 0.26 30
2 464 2 -9 0.47 37
2 1089 1 -9 0.63 40
2 1033 2 -9 0.53 34
2 1179 1 -9 0.95 43
2 1024 1 -9 1.38 51
2 1150 2 -9 0.74 39
1 254 1 -9 0.66 38
1 235 2 -9 0.68 37
1 137 1 -9 0.56 35
1 211 2 -9 0.26 30
1 187 1 -9 0.54 37
1 220 1 -9 0.82 41
1 104 1 -9 0.67 39
2 1067 1 -9 0.64 39
2 1221 2 -9 0.86 43
2 772 2 -9 0.78 40
2 654 2 -9 1.08 44
2 639 1 -9 0.87 44
2 574 1 -9 0.36 37
2 496 2 -9 0.65 38
2 1003 1 -9 0.46 34
1 374 1 -9 0.54 39
1 328 2 -9 0.79 40
2 1061 2 -9 0.52 34
2 1109 2 -9 0.84 38
2 1094 1 -9 0.92 45
1 259 2 -9 0.7 37
1 189 1 -9 0.73 44
1 287 2 -9 0.73 39
2 1190 1 -9 0.64 39
2 1261 1 -9 0.74 41
2 792 1 -9 1.1 44
2 826 2 -9 0.94 40
2 851 2 -9 0.26 28
2 556 2 -9 0.37 34
2 848 1 -9 0.58 37
2 515 2 -9 0.48 32
2 606 2 -9 1.02 41
2 886 2 -9 0.36 32
2 986 2 -9 0.77 38
2 949 2 -9 0.72 38
2 908 2 -9 0.59 34
2 921 1 -9 1.1 44
1 70 2 -9 0.78 38
1 353 1 -9 0.64 39
1 380 2 -9 0.58 39
1 281 2 -9 0.15 26
1 427 1 -9 0.86 43
2 1205 1 -9 0.87 42
2 672 2 -9 0.9 41
2 665 2 -9 0.31 28
2 707 1 -9 0.72 39
2 483 1 -9 0.78 44
2 498 2 -9 0.71 38
2 504 1 -9 0.84 39
2 513 2 -9 0.7 39
2 905 1 -9 0.41 39
2 998 2 -9 0.28 28
1 22 2 -9 0.75 41
2 447 2 -9 0.54 36
2 1132 2 -9 0.54 35
2 1118 1 -9 0.71 38
2 1169 1 -9 0.76 41
2 1152 1 -9 0.88 44
2 1031 2 -9 0.86 41
2 1036 2 -9 0.64 36
1 239 1 -9 0.6 37
1 193 2 -9 0.71 37
1 224 2 -9 0.7 38
1 285 2 -9 0.21 28
2 1212 1 -9 0.76 40
2 1217 2 -9 0.84 40
2 1285 2 -9 0.66 38
2 790 2 -9 0.78 40
2 648 1 -9 0.75 40
2 648 1 -9 0.88 44
2 584 2 -9 0.76 38
2 631 1 -9 0.72 40
2 633 1 -9 0.78 42
2 599 2 -9 0.77 43
2 519 1 -9 0.3 29
2 567 1 -9 0.72 39
2 933 1 -9 1.18 48
1 8 2 -9 0.6 36
2 450 1 -9 0.38 33
2 1105 2 -9 0.83 39
1 155 2 -9 0.68 41
1 262 2 -9 0.71 40
1 90 2 -9 0.66 37
1 290 2 -9 0.78 42
2 568 2 -9 0.68 41
2 1207 2 -9 0.82 39
2 654 1 -9 1.08 46
2 792 2 -9 0.54 34
2 651 2 -9 0.76 38
2 664 2 -9 0.66 40
2 718 2 -9 0.64 36
2 710 2 -9 0.56 36
2 631 1 -9 0.86 44
2 385 1 -9 0.44 35
1 414 1 -9 0.74 41
1 306 1 -9 0.14 25
2 1060 1 -9 0.73 41
2 1068 1 -9 0.85 45
2 1029 2 -9 1.34 45
1 164 2 -9 0.66 40
1 193 2 -9 0.72 38
1 292 2 -9 0.89 43
2 787 1 -9 1.21 46
2 794 2 -9 0.52 37
2 706 1 -9 0.38 34
2 717 1 -9 0.59 37
2 572 1 -9 0.86 44
2 624 2 -9 0.72 38
2 560 1 -9 0.84 42
2 915 2 -9 0.72 39
1 375 1 -9 0.59 38
2 1070 1 -9 0.67 39
2 1070 2 -9 0.65 37
2 1039 2 -9 0.48 32
1 181 1 -9 0.77 44
1 142 1 -9 0.79 43
1 228 2 -9 0.68 37
2 1182 1 -9 0.74 41
2 1250 2 -9 1.07 45
2 1186 2 -9 0.46 33
2 1210 2 -9 0.81 39
2 1220 1 -9 0.66 38
2 1283 1 -9 0.74 39
2 778 2 -9 0.78 39
2 701 2 -9 0.36 34
2 617 2 -9 1 42
2 620 1 -9 0.64 38
2 582 1 -9 0.85 41
2 712 2 -9 0.71 38
2 854 2 -9 0.61 36
2 839 2 -9 0.72 37
2 491 1 -9 0.8 38
2 882 1 -9 0.59 35
2 892 2 -9 0.75 39
2 941 2 -9 0.8 41
2 900 1 -9 0.72 41
2 956 1 -9 0.89 41
2 983 2 -9 0.24 28
2 924 2 -9 1.23 46
2 1010 2 -9 0.37 34
2 457 2 -9 0.31 35
2 1075 2 -9 0.52 33
1 167 1 -9 0.66 40
1 162 2 -9 0.7 42
2 1067 1 -9 0.85 43
2 1204 1 -9 0.67 39
2 1284 1 -9 0.48 35
2 796 1 -9 0.66 40
2 544 1 -9 0.62 39
2 931 1 -9 1.27 49
2 919 1 -9 1.28 49
1 2 1 -9 0.67 37
2 391 1 -9 0.59 38
1 349 2 -9 0.92 42
1 296 1 -9 0.89 40
1 423 1 -9 0.6 38
1 434 2 -9 0.64 39
2 1135 1 -9 0.48 35
2 1158 1 -9 0.64 38
2 1022 1 -9 1.48 51
1 118 2 -9 0.52 37
1 269 2 -9 0.67 39
1 276 2 -9 0.63 40
2 1245 1 -9 0.77 43
2 1299 2 -9 0.74 38
2 752 2 -9 0.72 39
2 755 2 -9 0.72 39
2 774 2 -9 0.94 42
2 817 1 -9 0.4 30
2 839 2 -9 0.78 40
2 935 2 -9 0.76 37
1 49 1 -9 0.58 36
2 924 1 -9 1.12 44
1 382 1 -9 0.14 25
1 383 1 -9 0.8 41
1 302 2 -9 0.49 35
2 1053 2 -9 0.8 38
2 1081 1 -9 0.75 41
2 1177 1 -9 0.66 37
2 1183 2 -9 0.67 37
1 149 1 -9 0.88 43
1 127 1 -9 0.74 41
1 225 2 -9 0.56 36
1 333 2 -9 0.48 38
2 1200 2 -9 0.58 35
2 557 2 -9 0.37 34
2 541 2 -9 0.76 42
2 552 1 -9 0.94 41
2 859 1 -9 0.44 34
2 984 2 -9 0.66 37
2 1004 2 -9 0.4 33
2 1016 1 -9 0.23 27
2 999 1 -9 0.48 34
1 46 2 -9 0.39 32
1 344 1 -9 0.62 38
2 446 1 -9 0.53 37
2 469 2 -9 0.27 31
1 421 2 -9 0.84 44
2 1095 1 -9 0.81 44
1 158 1 -9 0.17 26
1 253 1 -9 1.06 48
1 124 1 -9 0.84 43
1 284 1 -9 0.21 29
2 1246 2 -9 0.54 34
2 1274 1 -9 0.68 38
2 757 1 -9 0.9 43
2 649 2 -9 0.85 42
2 640 2 -9 0.97 44
2 929 1 -9 1.29 45
2 968 2 -9 0.59 35
2 933 2 -9 0.89 40
2 875 2 -9 0.41 30
2 979 1 -9 0.44 35
1 33 2 -9 0.61 33
1 24 1 -9 0.79 43
1 64 2 -9 0.63 39
2 453 1 -9 0.34 33
2 456 1 -9 0.35 32
2 1108 2 -9 0.72 37
2 1131 1 -9 0.63 38
1 197 1 -9 0.77 44
1 246 1 -9 0.74 43
2 1258 1 -9 0.74 42
2 791 2 -9 0.72 37
2 545 2 -9 0.58 35
2 711 1 -9 0.7 40
2 608 1 -9 1.16 49
2 492 2 -9 0.9 41
1 361 2 -9 0.51 38
2 439 2 -9 0.68 37
2 1141 2 -9 0.81 39
1 177 1 -9 0.52 36
2 1290 1 -9 0.64 39
2 1253 1 -9 0.88 44
2 817 1 -9 0.68 35
2 823 1 -9 0.82 38
2 684 2 -9 0.78 37
2 695 1 -9 0.66 39
2 666 2 -9 0.38 29
2 703 1 -9 0.64 37
2 533 2 -9 0.66 39
2 913 1 -9 0.43 32
1 8 2 -9 0.51 34
1 358 2 -9 0.3 29
2 394 1 -9 0.84 43
2 458 1 -9 0.47 36
1 318 2 -9 0.69 40
1 417 1 -9 0.86 46
2 1083 2 -9 0.56 35
2 1158 1 -9 0.72 41
1 121 1 -9 0.37 32
1 283 1 -9 0.45 36
1 91 2 -9 0.67 37
1 427 2 -9 0.7 41
2 1218 2 -9 0.35 31
2 1284 2 -9 0.86 40
2 754 1 -9 0.58 38
2 866 2 -9 0.48 34
2 567 2 -9 0.86 42
2 562 1 -9 0.5 34
2 909 1 -9 0.86 42
1 89 1 -9 0.57 39
1 31 1 -9 0.86 43
1 310 1 -9 0.44 37
1 422 2 -9 0.76 40
1 435 1 -9 0.87 45
2 1111 1 -9 0.82 41
2 1040 2 -9 0.78 37
2 1098 1 -9 0.76 42
1 176 1 -9 0.71 41
1 156 2 -9 0.24 30
1 104 2 -9 0.72 40
2 732 2 -9 0.71 38
2 760 1 -9 0.62 37
2 805 1 -9 0.51 34
2 740 2 -9 0.94 42
2 705 1 -9 0.2 27
2 489 2 -9 0.95 41
2 837 2 -9 0.8 40
2 892 1 -9 0.94 44
2 918 1 -9 1.24 48
2 923 1 -9 0.84 39
2 1017 2 -9 0.32 29
1 79 2 -9 0.66 37
1 81 2 -9 0.66 37
2 401 2 -9 0.72 40
2 402 2 -9 0.69 40
1 425 2 -9 0.73 38
2 1030 1 -9 0.88 44
2 1178 2 -9 0.88 41
1 157 2 -9 0.56 38
1 123 2 -9 0.54 35
1 124 2 -9 0.34 31
1 262 1 -9 0.57 36
1 263 1 -9 0.97 47
1 113 2 -9 0.11 24
2 1192 2 -9 0.63 39
2 1210 2 -9 1.07 45
2 732 1 -9 0.77 41
2 795 2 -9 0.24 30
2 774 1 -9 0.99 45
2 809 2 -9 0.78 41
2 777 1 -9 0.4 31
2 646 1 -9 0.63 37
2 546 1 -9 0.72 40
2 705 2 -9 0.36 30
2 575 2 -9 0.58 34
2 835 2 -9 0.66 39
2 494 1 -9 0.74 41
2 509 1 -9 0.4 32
2 952 1 -9 0.78 40
2 1001 1 -9 -9 32
1 72 2 -9 0.91 43
1 350 1 -9 0.25 28
1 366 1 -9 0.47 39
2 1120 2 -9 0.89 40
2 1176 2 -9 0.55 35
2 1139 1 -9 0.71 40
2 1147 2 -9 0.36 31
2 1025 2 -9 1.22 44
1 174 1 -9 0.59 38
2 1206 1 -9 0.66 39
2 751 2 -9 0.8 40
2 833 2 -9 0.58 37
2 737 1 -9 0.69 38
2 727 1 -9 0.21 27
2 708 1 -9 0.6 40
2 555 2 -9 0.46 35
2 857 1 -9 0.89 42
2 505 1 -9 0.39 32
2 887 1 -9 0.6 36
2 963 1 -9 0.46 32
1 3 1 -9 0.62 37
1 68 2 -9 0.66 39
2 440 2 -9 0.83 43
1 383 2 -9 0.72 38
1 304 1 -9 0.44 34
1 431 1 -9 0.82 43
1 207 2 -9 0.56 39
1 223 1 -9 0.58 39
1 278 1 -9 0.4 33
2 1278 2 -9 0.72 38
2 1279 2 -9 0.87 41
2 660 2 -9 0.83 39
2 761 1 -9 0.46 34
2 808 2 -9 0.74 41
2 820 2 -9 0.7 36
2 800 2 -9 0.97 40
2 703 1 -9 0.57 37
2 860 2 -9 0.46 32
2 540 2 -9 0.48 35
2 512 1 -9 0.64 36
2 894 2 -9 0.63 39
2 990 2 -9 0.32 30
2 868 1 -9 0.74 38
1 45 1 -9 0.56 37
1 72 2 -9 0.74 48
1 6 2 -9 0.82 39
1 337 2 -9 0.64 40
1 359 2 -9 0.66 38
1 363 2 -9 0.59 37
1 327 1 -9 0.74 40
1 386 1 -9 0.53 37
2 468 1 -9 0.38 33
2 1066 2 -9 0.79 43
2 1088 2 -9 0.5 35
1 157 2 -9 0.2 29
1 114 2 -9 0.4 36
1 183 1 -9 0.86 45
1 228 1 -9 0.8 40
1 229 1 -9 0.68 43
1 279 1 -9 0.76 43
1 289 1 -9 0.65 38
2 1230 1 -9 0.85 43
2 1231 2 -9 0.5 32
2 1206 2 -9 0.84 40
2 1213 1 -9 0.52 37
2 1279 2 -9 0.83 40
2 805 1 -9 0.58 37
2 672 2 -9 0.37 31
2 583 1 -9 0.78 43
2 855 1 -9 0.16 25
2 535 2 -9 0.44 32
2 499 2 -9 0.56 36
2 511 2 -9 0.44 31
2 605 2 -9 1.32 46
2 605 1 -9 1 43
2 969 2 -9 0.6 38
2 946 1 -9 0.35 30
2 906 2 -9 0.82 43
2 878 1 -9 0.71 36
2 918 1 -9 1.32 48
2 1002 1 -9 0.21 28
2 1013 2 -9 0.29 29
1 10 1 -9 0.86 44
1 374 1 -9 0.39 34
1 379 1 -9 0.64 40
2 1038 1 -9 0.87 41
2 1128 1 -9 0.73 39
1 146 2 -9 0.68 40
1 91 1 -9 0.81 43
2 1248 2 -9 0.73 38
2 1251 2 -9 0.5 33
2 1243 1 -9 0.88 44
2 1226 2 -9 0.97 43
2 751 1 -9 0.68 39
2 802 1 -9 0.6 36
2 734 2 -9 0.75 38
2 714 2 -9 0.68 40
2 849 2 -9 0.32 34
2 932 1 -9 1.15 48
1 22 2 -9 0.54 37
1 341 1 -9 0.73 40
1 384 1 -9 0.66 36
1 383 2 -9 0.7 38
1 432 2 -9 0.86 42
2 1058 1 -9 0.64 36
2 1123 1 -9 0.7 39
1 172 2 -9 0.63 38
1 132 1 -9 0.55 36
1 275 1 -9 0.73 41
1 92 1 -9 0.49 35
1 245 2 -9 0.6 37
1 293 1 -9 0.75 42
2 943 2 -9 0.72 38
2 1245 1 -9 0.68 38
2 1234 2 -9 0.78 39
2 815 2 -9 0.62 39
2 698 2 -9 0.87 42
2 665 2 -9 0.31 28
2 728 2 -9 0.47 36
2 554 2 -9 0.37 32
2 526 1 -9 0.4 31
2 613 2 -9 0.82 38
2 857 2 -9 0.71 35
2 940 1 -9 0.54 36
2 905 2 -9 0.63 42
2 922 1 -9 1.01 42
2 391 1 -9 0.55 35
1 326 1 -9 0.54 36
1 298 1 -9 0.58 40
1 421 2 -9 0.8 44
2 1069 1 -9 0.63 37
2 1028 2 -9 1.16 46
2 1096 1 -9 0.67 38
1 107 2 -9 0.72 41
2 1241 2 -9 0.57 34
2 1216 1 -9 0.65 38
2 1282 2 -9 0.99 41
2 662 2 -9 0.46 30
2 671 1 -9 0.75 41
2 591 1 -9 0.54 35
2 601 1 -9 0.71 42
2 547 2 -9 0.78 39
2 990 2 -9 0.55 37
2 904 2 -9 0.9 42
2 877 2 -9 0.46 32
2 1000 2 -9 0.89 41
1 42 1 -9 0.61 39
1 73 1 -9 0.8 42
1 332 2 -9 0.71 40
1 334 2 -9 0.21 27
2 1055 1 -9 0.7 37
2 1102 1 -9 0.92 43
2 1037 2 -9 0.99 32
2 1050 1 -9 0.73 39
1 165 2 -9 0.64 39
1 252 2 -9 0.68 39
1 217 1 -9 0.44 36
1 233 1 -9 0.56 38
1 199 2 -9 0.57 36
1 281 1 -9 0.21 29
2 1247 1 -9 0.74 40
2 1270 2 -9 0.82 41
2 747 1 -9 0.78 40
2 697 1 -9 0.9 44
2 679 2 -9 0.59 35
2 680 1 -9 0.77 39
2 719 1 -9 0.68 36
2 722 2 -9 0.47 34
2 629 1 -9 0.48 36
2 612 2 -9 1.01 44
2 834 1 -9 0.3 28
2 856 1 -9 0.72 39
2 931 1 -9 0.99 43
2 1003 2 -9 0.58 38
1 336 1 -9 0.48 38
2 395 2 -9 0.73 37
2 1115 1 -9 0.56 36
2 1144 2 -9 0.74 36
1 140 1 -9 0.98 47
1 250 2 -9 0.79 39
1 139 2 -9 0.7 38
1 93 1 -9 0.53 36
2 1027 1 -9 0.82 41
2 784 1 -9 0.74 39
2 667 1 -9 0.3 28
2 620 2 -9 0.76 38
2 569 1 -9 0.74 39
2 485 2 -9 0.76 39
2 510 2 -9 0.3 28
2 520 1 -9 0.52 34
2 890 1 -9 0.65 37
2 984 2 -9 0.73 38
2 966 2 -9 0.6 35
1 60 1 -9 0.22 27
1 384 1 -9 0.7 38
1 334 1 -9 0.41 34
1 413 1 -9 0.76 43
2 1046 2 -9 0.88 42
1 141 2 -9 0.65 37
1 119 1 -9 0.6 40
1 197 1 -9 0.72 42
2 1295 1 -9 0.67 38
2 795 1 -9 0.24 28
2 647 2 -9 0.74 38
2 587 1 -9 0.83 42
2 602 1 -9 1.62 52
2 610 2 -9 0.62 37
2 967 2 -9 0.79 38
2 1017 2 -9 0.51 32
1 365 2 -9 0.42 36
1 309 1 -9 0.77 40
1 324 1 -9 0.4 32
2 1130 2 -9 0.65 36
2 1124 1 -9 0.62 37
2 1129 1 -9 0.67 38
2 1096 1 -9 0.76 42
1 240 2 -9 0.86 44
1 213 1 -9 0.26 31
2 1229 2 -9 0.95 40
2 1271 1 -9 0.76 41
2 753 2 -9 0.82 39
2 807 2 -9 0.76 38
2 744 2 -9 0.86 42
2 653 1 -9 0.54 36
2 701 1 -9 0.36 33
2 532 2 -9 0.88 42
2 595 2 -9 0.59 37
2 863 2 -9 0.27 27
2 616 1 -9 1.31 49
2 871 1 -9 0.65 37
2 878 1 -9 0.59 34
1 44 1 -9 0.26 29
1 81 1 -9 0.72 37
1 359 1 -9 0.44 36
1 304 2 -9 0.56 38
1 420 1 -9 0.41 34
1 430 2 -9 0.9 42
2 1039 1 -9 0.65 38
2 1118 1 -9 0.5 33
2 1121 2 -9 0.56 36
2 1100 1 -9 0.7 42
2 1172 1 -9 0.57 38
1 265 1 -9 0.78 44
1 275 1 -9 0.59 39
2 1227 2 -9 0.9 42
2 729 2 -9 0.2 26
2 650 2 -9 0.78 41
2 650 2 -9 0.79 40
2 688 2 -9 0.42 31
2 479 2 -9 0.82 42
2 965 1 -9 0.71 40
2 967 2 -9 0.74 38
2 1015 1 -9 0.48 32
2 1023 1 -9 1.3 49
2 1162 2 -9 0.96 40
1 208 1 -9 0.62 40
2 917 1 -9 1.25 48
2 1300 2 -9 1.03 42
2 1266 1 -9 1.04 46
2 811 2 -9 0.67 38
2 725 1 -9 0.3 29
2 852 2 -9 0.3 31
2 676 2 -9 0.75 39
2 490 1 -9 0.58 38
2 947 2 -9 0.62 37
2 1011 2 -9 0.35 35
1 20 1 -9 0.43 36
1 388 2 -9 0.4 32
1 314 2 -9 0.64 41
2 1062 1 -9 0.74 39
2 1103 1 -9 0.87 42
2 1112 1 -9 0.8 41
2 1032 2 -9 0.78 37
2 1159 2 -9 0.56 36
1 182 1 -9 0.52 35
1 273 2 -9 1.1 43
1 98 1 -9 0.71 42
2 1262 2 -9 0.92 43
2 793 1 -9 0.7 38
2 780 1 -9 0.92 42
2 600 2 -9 0.72 41
2 844 1 -9 0.66 37
2 845 1 -9 0.72 39
2 847 2 -9 0.86 39
2 506 2 -9 0.24 27
2 566 2 -9 0.49 35
2 989 1 -9 0.84 45
2 912 2 -9 0.68 38
1 88 2 -9 0.72 37
1 311 1 -9 0.68 40
2 443 1 -9 0.84 45
1 408 2 -9 0.48 37
2 1177 1 -9 0.58 36
2 1022 1 -9 1.28 50
1 239 2 -9 0.76 42
1 135 1 -9 0.6 39
1 192 2 -9 0.87 40
1 222 1 -9 0.7 39
1 110 1 -9 0.9 42
2 597 2 -9 0.76 42
2 614 2 -9 0.97 41
2 484 1 -9 1.08 45
2 486 1 -9 0.76 40
2 606 1 -9 0.72 38
2 873 2 -9 0.7 38
2 946 2 -9 0.84 39
2 958 1 -9 0.67 41
1 82 1 -9 0.73 44
1 317 2 -9 0.46 32
2 1120 1 -9 0.67 39
2 1163 1 -9 0.45 35
1 173 2 -9 0.7 39
1 151 1 -9 0.36 34
1 152 2 -9 0.16 26
1 250 2 -9 1.04 42
1 282 2 -9 0.42 34
2 1260 1 -9 0.74 44
2 1275 1 -9 0.61 38
2 1282 1 -9 0.91 43
2 818 1 -9 0.74 35
2 647 1 -9 0.92 43
2 674 2 -9 0.82 37
2 622 1 -9 0.92 45
2 590 2 -9 0.56 36
2 838 1 -9 0.8 41
2 510 2 -9 0.44 31
2 929 1 -9 1.06 43
1 34 1 -9 0.62 38
1 77 2 -9 0.84 43
1 52 2 -9 0.9 42
1 65 1 -9 0.62 40
1 390 2 -9 0.63 36
1 331 2 -9 0.8 40
2 1057 2 -9 0.72 38
2 1082 1 -9 0.72 42
2 1112 2 -9 0.62 35
2 1124 2 -9 0.86 39
1 180 1 -9 0.84 44
1 159 1 -9 0.14 25
1 130 2 -9 0.77 39
1 236 2 -9 1.02 42
1 135 1 -9 0.74 40
1 213 1 -9 0.18 27
1 105 1 -9 0.76 43
2 1237 2 -9 0.95 44
2 776 1 -9 0.6 36
2 674 2 -9 0.96 40
2 609 1 -9 1.39 50
2 576 2 -9 0.72 37
2 911 2 -9 0.69 38
2 957 2 -9 0.74 38
1 7 1 -9 0.32 31
1 356 2 -9 0.73 40
1 357 1 -9 0.66 40
1 381 2 -9 0.22 29
2 1063 1 -9 0.66 38
2 1068 1 -9 0.66 38
2 1033 1 -9 0.91 43
2 1151 2 -9 0.68 38
2 1022 1 -9 1.24 49
1 249 2 -9 0.36 32
1 260 1 -9 0.7 39
1 191 2 -9 0.64 37
1 235 1 -9 0.78 42
1 105 1 -9 0.38 32
2 1231 2 -9 0.53 35
2 1196 1 -9 0.64 39
2 781 1 -9 0.9 41
2 671 1 -9 0.59 36
2 693 1 -9 0.65 37
2 545 2 -9 0.9 41
2 708 1 -9 0.64 39
2 558 1 -9 0.32 30
2 493 1 -9 0.78 40
2 930 2 -9 0.93 40
2 965 2 -9 0.62 37
2 919 1 -9 1.04 43
2 1009 1 -9 0.42 32
2 1014 2 -9 0.28 29
1 354 1 -9 0.4 36
2 450 1 -9 0.39 32
2 385 1 -9 0.6 39
1 308 1 -9 0.63 40
1 419 1 -9 0.63 38
2 1175 1 -9 0.34 31
1 124 2 -9 0.74 37
1 266 2 -9 0.76 42
2 1249 1 -9 0.68 39
2 1201 2 -9 0.84 43
2 1239 1 -9 0.78 42
2 1214 1 -9 0.7 40
2 819 2 -9 0.76 36
2 933 1 -9 1.24 48
1 389 1 -9 0.95 46
2 455 1 -9 0.24 31
1 429 2 -9 0.58 37
2 1101 1 -9 0.82 45
2 1113 1 -9 0.92 44
1 112 2 -9 0.74 39
2 1196 1 -9 0.63 38
2 797 2 -9 0.78 41
2 771 2 -9 0.55 36
2 716 1 -9 0.74 41
2 479 2 -9 0.66 37
2 628 1 -9 0.87 45
2 487 1 -9 0.82 44
2 604 1 -9 1.35 52
2 873 2 -9 0.71 39
1 346 1 -9 0.88 43
2 1072 2 -9 0.84 44
2 1125 1 -9 1.09 45
2 1143 1 -9 0.37 32
1 200 2 -9 0.38 33
1 295 1 -9 0.72 37
2 828 2 -9 0.72 42
2 743 2 -9 0.98 43
2 762 2 -9 1.06 43
2 642 2 -9 0.77 39
2 668 2 -9 0.84 38
2 711 2 -9 0.76 40
2 638 1 -9 0.68 38
2 496 1 -9 0.65 39
2 895 2 -9 0.61 39
2 915 2 -9 0.75 39
2 888 2 -9 0.66 37
2 880 1 -9 0.26 28
1 6 2 -9 0.74 38
1 364 2 -9 0.69 41
1 372 2 -9 0.76 39
1 313 1 -9 0.53 39
1 404 1 -9 0.5 38
2 1035 1 -9 0.75 40
2 1094 2 -9 0.5 36
1 178 1 -9 0.68 39
1 165 2 -9 0.8 40
1 132 1 -9 0.78 44
1 134 1 -9 0.71 41
1 246 1 -9 0.7 40
2 1232 2 -9 0.77 37
2 1203 2 -9 1.09 44
2 754 1 -9 0.36 31
2 796 2 -9 0.72 38
2 731 1 -9 0.17 27
2 810 2 -9 0.74 38
2 696 2 -9 0.62 38
2 725 1 -9 0.37 32
2 542 1 -9 0.62 38
2 617 1 -9 1.38 47
2 884 1 -9 0.31 29
2 897 1 -9 1.1 40
2 980 2 -9 0.48 33
2 926 2 -9 1.42 46
1 74 1 -9 0.26 29
1 78 2 -9 0.62 36
1 353 2 -9 0.82 41
1 406 2 -9 0.58 37
2 466 2 -9 0.37 35
2 1140 1 -9 0.86 34
2 1171 1 -9 0.4 34
1 162 2 -9 0.7 40
2 393 2 -9 0.99 43
2 1297 1 -9 0.77 42
2 1272 1 -9 0.62 38
2 1301 1 -9 0.56 36
2 1255 1 -9 0.75 43
2 785 2 -9 0.54 36
2 675 1 -9 0.78 39
2 506 2 -9 0.56 34
2 906 2 -9 0.93 42
2 977 1 -9 0.33 31
1 17 1 -9 0.74 43
2 465 2 -9 0.38 33
2 1052 2 -9 0.88 39
2 1131 2 -9 0.88 39
1 133 2 -9 0.8 40
1 188 2 -9 0.63 37
2 917 1 -9 1.25 46
2 1027 2 -9 1 43
2 1252 1 -9 0.75 40
2 1227 2 -9 0.96 40
2 804 1 -9 0.6 37
2 730 2 -9 0.29 29
2 614 1 -9 0.83 40
2 982 2 -9 0.47 34
1 7 2 -9 1.15 44
2 403 1 -9 0.85 43
1 330 2 -9 0.73 39
1 405 2 -9 0.76 39
2 1080 1 -9 0.7 38
2 1034 1 -9 0.67 39
2 1034 1 -9 0.77 39
2 1049 1 -9 0.9 43
2 1026 2 -9 0.92 39
1 270 1 -9 0.81 42
1 226 1 -9 0.76 42
1 294 2 -9 1.19 43
2 1225 2 -9 2.06 50
2 1270 1 -9 0.72 41
2 1283 2 -9 0.31 30
2 803 2 -9 0.78 39
2 741 1 -9 0.98 44
2 645 1 -9 0.84 42
2 824 1 -9 0.72 36
2 850 1 -9 0.52 36
2 488 1 -9 1.04 45
2 887 1 -9 0.61 37
2 993 2 -9 0.3 30
2 975 2 -9 0.75 40
1 40 2 -9 0.68 39
1 41 2 -9 0.74 42
1 24 2 -9 0.71 41
1 367 2 -9 0.7 38
2 437 1 -9 1.11 42
2 1048 1 -9 0.86 46
1 189 2 -9 0.84 40
1 279 1 -9 0.33 31
2 1211 2 -9 1.02 44
2 1198 1 -9 0.78 42
2 1239 2 -9 0.51 33
2 1219 1 -9 0.81 43
2 1281 2 -9 0.63 37
2 1254 2 -9 0.89 40
2 790 1 -9 0.82 40
2 767 2 -9 0.77 41
2 528 1 -9 0.7 38
2 534 2 -9 0.8 41
2 931 1 -9 1.19 49
2 879 2 -9 0.66 34
2 918 2 -9 0.98 40
2 921 2 -9 0.76 42
2 996 1 -9 0.47 33
1 88 2 -9 0.6 38
2 924 1 -9 1.04 42
1 320 1 -9 0.54 40
2 463 1 -9 0.15 25
1 423 2 -9 0.92 45
1 175 2 -9 0.62 37
1 160 2 -9 0.64 40
1 238 2 -9 1.16 44
1 232 1 -9 0.88 47
1 108 1 -9 0.34 33
2 1222 2 -9 0.73 37
2 661 1 -9 0.7 40
2 773 2 -9 0.73 43
2 779 1 -9 0.32 33
2 673 1 -9 0.34 29
2 552 2 -9 0.92 42
2 896 1 -9 1.02 35
2 1020 2 -9 0.73 38
2 925 1 -9 1.25 48
1 14 1 -9 0.69 43
1 61 2 -9 0.67 37
1 67 1 -9 0.62 39
1 351 1 -9 0.37 33
1 354 1 -9 0.69 42
2 462 1 -9 0.41 33
2 1066 1 -9 0.75 39
2 1032 2 -9 0.5 34
2 1178 2 -9 0.6 36
1 143 1 -9 0.55 37
1 94 2 -9 0.74 42
2 1232 2 -9 0.5 34
2 1187 1 -9 0.76 41
2 763 1 -9 1.18 46
2 569 2 -9 0.65 35
2 499 1 -9 0.76 42
2 987 2 -9 0.76 37
2 970 1 -9 0.82 42
2 916 1 -9 0.81 41
3 914 1 -9 -9 45
1 345 2 -9 0.62 36
1 355 1 -9 0.24 28
1 370 2 -9 0.69 39
2 385 2 -9 0.33 33
1 384 1 -9 0.76 40
2 1142 1 -9 0.72 40
2 1155 1 -9 0.48 35
1 209 1 -9 0.6 39
1 173 1 -9 0.83 44
2 724 2 -9 0.21 27
2 759 1 -9 0.72 38
2 811 2 -9 0.71 40
2 652 2 -9 0.98 42
2 664 1 -9 0.59 38
2 530 1 -9 0.48 32
2 614 1 -9 1.14 49
2 564 1 -9 -9 40
2 870 2 -9 0.74 36
2 922 1 -9 1.06 43
2 925 1 -9 1.03 45
1 21 1 -9 0.45 35
1 328 1 -9 0.57 39
2 1110 1 -9 0.72 37
1 166 2 -9 0.85 43
1 111 2 -9 0.87 43
1 202 1 -9 0.4 33
1 99 2 -9 0.99 46
2 1257 1 -9 0.67 38
2 1289 1 -9 0.54 36
2 762 2 -9 0.54 36
2 737 1 -9 0.94 42
2 633 1 -9 0.62 37
2 845 2 -9 0.56 39
2 945 2 -9 0.74 38
2 983 1 -9 0.38 33
2 1018 2 -9 0.95 43
1 80 1 -9 0.82 45
1 352 2 -9 0.64 39
1 307 1 -9 0.59 39
1 412 2 -9 0.21 28
2 1087 1 -9 0.68 39
2 1156 1 -9 0.44 33
2 1099 2 -9 0.88 38
1 174 2 -9 0.63 37
1 146 2 -9 0.7 41
1 154 2 -9 0.22 27
1 271 1 -9 0.27 29
1 218 2 -9 0.48 36
1 117 2 -9 0.57 37
2 777 1 -9 0.33 31
2 831 2 -9 0.74 40
2 689 1 -9 0.52 39
2 634 2 -9 0.63 44
2 540 2 -9 0.4 32
2 677 1 -9 0.56 37
2 615 2 -9 1.37 48
2 563 2 -9 1.17 44
2 934 2 -9 0.86 39
2 919 1 -9 1.24 47
2 1002 1 -9 0.27 28
1 347 2 -9 0.67 37
2 477 2 -9 0.11 24
2 1071 1 -9 0.58 36
2 1116 2 -9 0.75 38
2 1145 1 -9 0.74 40
2 1139 1 -9 0.52 35
1 163 1 -9 0.76 42
1 123 1 -9 0.77 42
1 99 1 -9 0.74 42
1 109 2 -9 0.19 28
2 549 2 -9 0.7 40
2 1192 1 -9 0.78 44
2 1277 1 -9 0.83 43
2 1280 2 -9 0.63 36
2 812 2 -9 0.88 40
2 812 2 -9 0.83 41
2 813 2 -9 0.7 37
2 816 2 -9 0.69 38
2 570 2 -9 0.76 41
2 592 2 -9 0.8 39
2 502 2 -9 0.86 39
2 603 1 -9 1.54 50
2 896 1 -9 0.95 33
2 938 1 -9 0.46 33
1 47 1 -9 0.83 44
1 63 1 -9 0.6 36
2 465 1 -9 0.18 26
2 1063 1 -9 0.8 39
2 1064 2 -9 0.66 37
2 1106 2 -9 0.75 38
2 1173 2 -9 0.7 39
1 175 1 -9 0.54 36
1 145 1 -9 0.34 30
1 241 2 -9 0.66 38
1 196 2 -9 0.68 40
2 549 1 -9 0.74 39
2 1215 1 -9 0.83 42
2 1225 2 -9 0.84 40
2 1298 1 -9 0.68 41
2 808 2 -9 0.68 38
2 824 2 -9 0.94 39
2 584 1 -9 0.94 43
2 480 1 -9 0.66 38
2 497 1 -9 0.63 38
2 508 2 -9 0.47 32
2 938 1 -9 0.46 32
2 920 1 -9 0.87 41
2 996 1 -9 0.8 41
2 922 1 -9 1 42
1 45 1 -9 0.33 32
1 74 2 -9 0.67 38
1 23 2 -9 0.87 41
1 308 1 -9 0.53 36
1 349 2 -9 0.69 39
2 1054 1 -9 0.79 40
2 1041 2 -9 0.8 39
2 1117 2 -9 0.78 38
2 1170 1 -9 0.35 32
1 140 2 -9 0.92 41
1 150 1 -9 0.22 28
1 129 1 -9 0.76 40
1 232 2 -9 0.58 36
1 245 2 -9 1.22 46
2 1182 1 -9 0.7 39
2 1212 1 -9 0.68 41
2 578 1 -9 0.76 39
2 707 1 -9 0.6 39
2 599 1 -9 0.89 40
2 481 1 -9 0.66 38
2 627 1 -9 0.84 42
2 548 2 -9 0.73 38
2 615 1 -9 1.34 49
2 950 1 -9 0.58 37
1 58 2 -9 0.66 37
2 401 1 -9 0.72 40
1 311 1 -9 0.58 38
1 416 1 -9 1.09 46
2 477 2 -9 0.23 27
2 1102 2 -9 0.92 43
2 1156 1 -9 0.76 39
1 283 2 -9 0.15 27
2 806 2 -9 0.82 41
2 743 1 -9 0.66 38
2 530 1 -9 0.44 31
2 588 1 -9 0.8 42
2 641 1 -9 0.75 39
2 613 1 -9 0.88 44
2 490 2 -9 0.92 39
2 953 1 -9 0.37 32
2 1015 2 -9 0.2 27
2 1019 1 -9 1.01 42
1 26 1 -9 0.81 42
1 337 2 -9 0.76 42
2 396 1 -9 0.58 37
2 1092 1 -9 0.72 44
2 1161 2 -9 0.49 33
1 240 2 -9 0.7 40
1 234 1 -9 0.58 39
1 201 2 -9 0.54 39
1 286 2 -9 0.26 30
2 1223 1 -9 0.74 40
2 1274 1 -9 0.6 37
2 740 1 -9 0.86 44
2 775 2 -9 0.74 38
2 736 1 -9 0.54 35
2 923 1 -9 1.46 47
2 923 1 -9 1.47 49
1 44 1 -9 0.23 28
1 310 2 -9 0.87 40
1 405 2 -9 0.58 37
2 461 2 -9 0.23 27
1 305 1 -9 0.52 37
2 1119 1 -9 0.64 38
2 1031 1 -9 0.8 44
2 1099 1 -9 0.32 29
1 137 1 -9 0.72 41
1 187 1 -9 0.78 44
1 234 2 -9 0.58 37
1 97 1 -9 0.85 43
1 291 1 -9 0.76 42
2 1205 1 -9 0.66 39
2 1298 1 -9 0.64 37
2 750 2 -9 0.72 37
2 742 1 -9 0.71 39
2 699 2 -9 0.84 40
2 692 1 -9 0.72 41
2 852 2 -9 0.32 32
2 612 1 -9 0.71 38
2 614 2 -9 1.24 46
2 520 2 -9 0.82 38
2 876 2 -9 0.48 35
1 376 1 -9 0.51 39
2 1043 1 -9 1.02 45
2 1148 2 -9 0.54 35
1 119 2 -9 0.45 35
1 215 2 -9 0.22 29
2 1194 1 -9 0.62 38
2 1276 1 -9 0.71 42
2 766 2 -9 0.54 34
2 680 1 -9 0.66 37
2 623 2 -9 0.79 42
2 541 2 -9 0.66 39
2 518 2 -9 0.54 33
2 523 1 -9 0.8 39
2 606 1 -9 0.82 40
2 871 1 -9 0.75 39
2 939 1 -9 0.52 38
2 997 1 -9 0.6 38
2 960 1 -9 0.88 41
1 68 1 -9 0.41 34
2 403 2 -9 0.67 37
1 312 2 -9 0.75 41
2 1107 2 -9 0.8 40
2 1109 2 -9 0.94 40
2 1047 1 -9 0.86 42
1 155 1 -9 0.24 29
1 170 1 -9 0.69 41
2 1188 1 -9 0.9 42
2 1234 2 -9 0.67 37
2 1228 1 -9 0.56 35
2 1220 1 -9 0.78 41
2 1291 1 -9 0.64 38
2 1259 1 -9 0.65 39
2 783 2 -9 0.74 38
2 814 1 -9 0.55 37
2 825 2 -9 0.53 33
2 611 1 -9 1.51 50
2 578 2 -9 0.96 41
2 632 1 -9 0.64 39
2 993 2 -9 0.63 37
2 999 1 -9 0.69 40
1 18 1 -9 0.23 29
1 50 1 -9 0.69 39
1 56 2 -9 0.76 38
1 348 2 -9 0.94 43
1 434 2 -9 0.78 41
2 1110 1 -9 0.7 39
2 1161 1 -9 0.77 40
1 148 1 -9 0.6 37
1 244 1 -9 0.66 40
1 362 1 -9 0.67 39
2 798 1 -9 0.86 45
2 733 2 -9 1 40
2 700 1 -9 0.68 40
2 532 1 -9 0.56 36
2 608 1 -9 1.07 44
2 597 1 -9 0.85 43
2 543 2 -9 0.8 41
2 846 2 -9 0.64 40
2 517 1 -9 0.39 32
2 898 2 -9 0.43 36
2 987 2 -9 0.76 39
2 874 1 -9 0.57 35
1 75 1 -9 0.56 36
1 3 2 -9 0.84 44
1 378 2 -9 0.6 37
1 319 1 -9 0.64 40
2 467 2 -9 0.36 34
2 1065 1 -9 0.29 28
2 1117 1 -9 0.66 37
2 1168 1 -9 0.82 42
2 1024 1 -9 1.37 52
1 231 2 -9 0.74 38
1 93 2 -9 0.72 37
1 106 1 -9 0.63 39
2 1197 1 -9 0.62 39
2 1184 2 -9 0.7 38
2 687 2 -9 0.93 41
2 719 1 -9 0.76 39
2 635 2 -9 0.75 40
2 618 1 -9 0.77 45
2 843 2 -9 0.76 38
2 899 2 -9 0.36 32
2 883 1 -9 0.36 34
2 1005 2 -9 0.25 29
1 83 1 -9 0.62 36
1 31 1 -9 0.61 36
1 36 1 -9 0.82 43
1 1 1 -9 0.54 35
1 415 2 -9 0.82 42
1 300 2 -9 0.52 36
1 305 2 -9 0.79 41
2 1179 2 -9 0.97 42
2 1160 2 -9 0.72 38
1 118 1 -9 0.54 37
1 278 1 -9 0.87 43
1 282 2 -9 0.5 36
2 1187 1 -9 0.68 39
2 1277 1 -9 0.79 43
2 1301 1 -9 0.59 39
2 786 2 -9 0.7 39
2 610 1 -9 1.44 50
2 629 2 -9 0.56 37
2 854 2 -9 0.55 38
2 676 1 -9 0.61 37
2 491 1 -9 0.86 41
2 929 1 -9 1.04 43
2 872 1 -9 0.65 40
2 949 2 -9 0.74 39
2 955 2 -9 0.33 29
2 1028 2 -9 1.04 43
2 1136 1 -9 0.88 47
2 1128 2 -9 0.71 41
2 1164 2 -9 0.6 38
1 122 1 -9 0.57 36
1 136 1 -9 0.58 36
1 171 2 -9 0.61 37
1 204 2 -9 0.82 42
2 760 2 -9 0.98 43
2 815 2 -9 0.62 35
2 627 1 -9 0.97 44
2 513 1 -9 0.32 28
2 978 2 -9 0.35 31
1 341 1 -9 0.86 43
2 469 2 -9 0.6 37
2 1134 1 -9 0.88 45
2 1149 2 -9 0.42 33
1 255 1 -9 0.6 36
1 270 1 -9 0.88 43
1 242 1 -9 0.84 45
1 202 2 -9 0.61 37
1 102 1 -9 0.2 27
2 1222 1 -9 0.63 36
2 1263 2 -9 0.86 40
2 1267 2 -9 0.74 38
2 749 1 -9 0.39 35
2 764 2 -9 0.7 39
2 685 2 -9 0.87 40
2 690 1 -9 0.34 29
2 554 2 -9 0.27 30
2 617 1 -9 1.33 49
2 853 2 -9 0.26 28
2 587 1 -9 0.45 32
2 537 1 -9 0.38 38
2 986 2 -9 0.77 39
2 869 2 -9 0.95 41
2 936 2 -9 0.62 36
1 89 2 -9 0.61 36
1 32 2 -9 0.64 36
1 63 1 -9 0.67 38
1 62 2 -9 0.74 37
1 338 2 -9 0.68 39
1 410 2 -9 0.58 38
2 1041 1 -9 0.92 44
2 1141 2 -9 0.66 36
1 153 1 -9 0.22 28
1 112 2 -9 0.88 40
2 1208 2 -9 0.59 37
2 770 2 -9 0.8 39
2 659 2 -9 0.63 36
2 643 2 -9 0.7 38
2 692 2 -9 0.38 30
2 611 1 -9 1.78 51
2 609 1 -9 1.27 48
2 557 1 -9 0.27 29
2 618 2 -9 0.81 43
2 861 2 -9 0.31 32
2 835 2 -9 0.68 39
2 539 1 -9 0.22 27
2 971 1 -9 0.58 36
2 976 2 -9 0.83 39
1 33 1 -9 0.63 37
1 43 2 -9 0.11 23
2 394 2 -9 0.5 36
1 320 2 -9 0.22 27
2 470 1 -9 0.47 36
1 424 2 -9 0.94 44
2 1140 1 -9 0.52 43
2 1049 2 -9 0.75 41
2 1098 1 -9 0.88 43
1 136 2 -9 0.7 37
1 260 2 -9 0.62 37
1 196 2 -9 0.52 35
1 200 1 -9 0.37 32
2 917 1 -9 1.36 49
2 1244 2 -9 0.68 35
2 745 1 -9 0.79 40
2 770 2 -9 0.86 41
2 702 1 -9 0.43 34
2 494 2 -9 0.64 38
2 904 1 -9 0.76 44
3 914 2 -9 -9 46
2 957 2 -9 0.8 41
1 87 2 -9 0.77 41
2 1006 1 -9 0.23 28
2 1012 1 -9 0.3 28
1 42 1 -9 0.75 42
2 1105 1 -9 0.9 43
2 1181 1 -9 0.68 39
1 124 1 -9 0.58 37
1 233 1 -9 0.62 42
2 798 1 -9 0.78 42
2 1268 1 -9 0.88 44
2 656 1 -9 0.85 43
2 782 1 -9 0.78 42
2 691 2 -9 0.74 38
2 555 2 -9 0.58 36
2 713 2 -9 0.71 38
2 849 2 -9 0.3 30
2 553 2 -9 0.74 37
2 603 1 -9 1.39 47
2 605 2 -9 1.33 44
2 994 2 -9 0.45 33
2 928 1 -9 1.16 44
1 5 1 -9 0.84 44
1 10 1 -9 0.66 43
1 410 1 -9 0.35 32
2 459 1 -9 0.21 27
1 422 2 -9 0.78 40
1 426 1 -9 0.8 41
2 1133 1 -9 0.89 44
1 176 2 -9 0.79 42
1 127 1 -9 0.7 41
1 138 2 -9 0.68 36
1 276 1 -9 0.69 40
2 1207 1 -9 0.64 39
2 662 2 -9 0.73 40
2 697 1 -9 0.46 33
2 681 2 -9 0.82 40
2 585 1 -9 0.65 37
2 630 1 -9 0.76 43
2 487 1 -9 0.9 44
2 495 1 -9 0.7 40
2 603 2 -9 0.77 40
2 493 1 -9 0.56 39
1 38 1 -9 0.35 31
1 51 2 -9 0.64 37
1 4 2 -9 0.62 37
1 366 2 -9 0.73 38
1 368 2 -9 0.61 38
2 1051 1 -9 0.7 38
2 1045 1 -9 1 43
2 1126 2 -9 0.88 41
2 1143 2 -9 1 41
1 217 2 -9 0.46 38
1 185 1 -9 0.68 39
1 242 1 -9 0.6 37
1 203 2 -9 0.8 41
2 621 1 -9 0.72 38
2 798 1 -9 0.88 41
2 730 1 -9 0.29 30
2 860 1 -9 0.38 32
2 560 1 -9 0.71 40
2 606 1 -9 0.86 41
2 883 1 -9 0.43 32
2 869 1 -9 0.73 40
2 950 2 -9 0.45 33
1 17 2 -9 0.63 39
1 66 2 -9 0.46 34
1 350 1 -9 0.2 27
2 1086 1 -9 0.72 42
2 1136 1 -9 0.64 38
1 272 1 -9 0.78 40
2 1195 2 -9 0.54 35
2 779 1 -9 0.38 34
2 829 2 -9 0.66 38
2 644 2 -9 0.76 40
2 842 2 -9 0.52 32
2 929 1 -9 1.44 50
2 893 2 -9 0.51 34
2 889 2 -9 0.64 39
2 916 2 -9 0.75 39
1 59 1 -9 0.48 37
2 456 1 -9 0.32 31
2 1104 1 -9 0.72 39
1 277 2 -9 0.26 30
1 194 2 -9 0.72 39
1 289 2 -9 0.66 38
2 995 2 -9 0.64 37
2 1296 2 -9 0.75 38
2 1213 1 -9 0.64 38
2 768 2 -9 0.56 35
2 785 2 -9 0.82 39
2 742 1 -9 0.65 39
2 766 2 -9 0.79 38
2 818 2 -9 0.27 28
2 834 2 -9 0.82 40
2 612 1 -9 1.31 50
2 514 2 -9 0.57 35
2 927 1 -9 1.21 43
1 35 1 -9 0.5 35
2 476 2 -9 0.53 36
1 181 1 -9 0.64 38
1 266 2 -9 0.78 42
1 214 1 -9 0.28 30
1 97 2 -9 1.11 43
1 103 2 -9 0.63 40
2 1249 1 -9 0.66 37
2 1244 1 -9 0.57 37
2 729 2 -9 0.26 28
2 778 2 -9 0.46 33
2 668 2 -9 0.78 37
2 864 1 -9 0.51 34
2 721 1 -9 0.38 32
2 607 1 -9 1.43 49
2 595 2 -9 0.63 37
2 488 1 -9 0.96 44
2 840 2 -9 0.66 38
2 497 2 -9 0.94 41
2 894 1 -9 0.7 44
2 991 2 -9 0.46 33
2 935 1 -9 0.47 31
1 16 1 -9 0.68 41
1 73 2 -9 0.68 37
1 58 1 -9 0.74 41
1 319 1 -9 0.48 35
1 435 1 -9 0.76 43
2 1073 2 -9 0.72 36
1 222 2 -9 0.68 39
2 1193 2 -9 0.85 39
2 1237 2 -9 0.81 39
2 1299 1 -9 0.74 42
2 829 1 -9 0.6 39
2 543 1 -9 0.64 38
2 565 2 -9 0.76 37
2 565 2 -9 0.64 36
2 886 1 -9 0.22 28
2 921 1 -9 1.29 49
1 83 2 -9 0.66 37
1 25 1 -9 0.76 40
1 29 1 -9 0.59 37
1 47 1 -9 0.9 42
1 14 1 -9 0.77 40
1 57 1 -9 0.56 37
2 441 1 -9 0.95 44
2 1085 1 -9 0.69 40
2 1107 1 -9 0.93 46
2 1042 1 -9 0.7 39
2 1180 2 -9 0.33 30
1 183 1 -9 0.78 43
1 362 1 -9 0.52 35
2 1240 1 -9 0.69 39
2 1294 2 -9 0.76 39
2 1265 2 -9 0.84 39
2 798 1 -9 0.74 43
2 658 1 -9 0.64 38
2 800 1 -9 0.71 39
2 591 2 -9 0.68 38
2 632 2 -9 0.84 41
2 863 2 -9 0.28 29
2 542 1 -9 0.66 39
2 902 2 -9 0.41 32
2 874 2 -9 0.63 34
2 881 2 -9 0.97 41
1 19 2 -9 0.43 38
1 52 1 -9 0.44 37
1 54 2 -9 0.87 42
1 344 1 -9 0.7 40
2 392 1 -9 0.71 40
2 454 1 -9 0.56 37
1 300 1 -9 0.4 34
1 424 1 -9 0.82 42
2 1076 1 -9 0.72 43
2 1026 2 -9 2.26 42
1 212 2 -9 0.48 35
2 995 2 -9 0.69 38
2 1246 1 -9 0.81 44
2 1194 1 -9 0.76 41
2 1240 2 -9 0.57 35
2 761 2 -9 0.67 38
2 686 2 -9 0.66 36
2 726 2 -9 0.46 34
2 607 1 -9 0.77 40
2 637 1 -9 1.07 46
2 628 1 -9 0.99 44
2 920 1 -9 1.03 44
1 61 2 -9 0.91 40
1 361 1 -9 0.38 36
2 1129 2 -9 0.8 38
1 128 1 -9 0.92 44
1 265 1 -9 0.96 43
1 268 2 -9 0.72 38
1 98 1 -9 0.72 39
1 101 2 -9 0.61 36
2 1235 2 -9 0.68 39
2 1242 1 -9 0.77 42
2 826 2 -9 0.77 36
2 830 1 -9 0.66 39
2 801 1 -9 0.76 40
2 865 2 -9 0.52 34
2 544 1 -9 0.74 42
2 602 1 -9 1.01 42
2 536 1 -9 0.86 43
2 538 1 -9 0.56 36
2 547 2 -9 0.74 39
2 617 2 -9 1.19 46
2 899 2 -9 0.44 35
2 981 1 -9 0.27 31
2 960 1 -9 0.78 39
1 431 2 -9 0.62 37
2 1078 2 -9 0.47 33
2 1045 2 -9 0.8 38
2 1148 1 -9 0.5 38
2 1093 1 -9 0.83 43
1 168 2 -9 0.98 42
1 149 2 -9 0.6 39
1 139 1 -9 0.78 39
1 286 2 -9 0.52 37
2 1251 1 -9 0.75 41
2 1253 2 -9 0.92 40
2 832 2 -9 0.74 39
2 736 1 -9 0.81 40
2 515 1 -9 0.68 37
2 974 1 -9 1 43
2 876 2 -9 0.47 34
1 20 2 -9 0.4 34
1 323 1 -9 0.62 39
1 325 1 -9 0.53 37
2 1075 1 -9 0.45 34
2 1087 1 -9 0.68 39
1 131 1 -9 0.82 42
1 223 2 -9 0.8 43
1 90 1 -9 0.8 43
1 94 1 -9 0.62 37
1 247 1 -9 0.58 37
1 295 1 -9 0.81 43
2 1229 1 -9 0.84 44
2 1209 2 -9 0.77 38
2 1265 1 -9 0.64 39
2 1290 1 -9 0.87 45
2 752 2 -9 0.64 37
2 694 2 -9 0.62 38
2 526 1 -9 0.6 37
2 865 1 -9 0.53 36
2 706 1 -9 0.5 35
2 536 2 -9 0.74 37
2 985 1 -9 0.89 45
2 870 2 -9 0.82 39
2 937 1 -9 0.64 40
2 900 2 -9 0.46 34
2 954 1 -9 0.81 40
1 60 2 -9 0.24 29
1 5 1 -9 0.62 38
1 371 2 -9 0.78 39
2 441 1 -9 0.9 44
2 466 2 -9 0.19 27
2 1055 1 -9 0.52 33
2 1114 1 -9 0.62 36
2 1181 1 -9 0.56 37
2 1150 1 -9 0.6 38
1 274 1 -9 0.63 39
1 125 2 -9 0.67 37
1 100 1 -9 0.67 38
1 106 1 -9 0.6 40
2 917 2 -9 1.06 45
2 1293 1 -9 0.67 39
2 813 2 -9 0.72 38
2 678 1 -9 0.83 40
2 715 2 -9 0.57 35
2 564 1 -9 -9 42
2 885 2 -9 0.37 31
2 913 2 -9 0.76 38
1 36 1 -9 0.66 39
1 375 2 -9 0.79 38
2 438 1 -9 0.76 44
2 449 2 -9 0.46 33
1 323 2 -9 0.72 40
1 387 1 -9 0.35 33
1 418 1 -9 0.65 38
2 1052 2 -9 0.54 35
2 1056 1 -9 0.93 43
2 1079 2 -9 1 42
2 1029 2 -9 1.07 42
2 1125 1 -9 0.62 38
1 142 1 -9 0.64 38
1 237 1 -9 0.72 44
2 568 2 -9 0.65 39
2 1262 2 -9 0.6 35
2 797 1 -9 1.26 46
2 720 1 -9 0.63 39
2 480 2 -9 0.72 39
2 838 2 -9 0.86 40
2 551 1 -9 0.56 37
2 615 1 -9 1.3 48
2 492 1 -9 0.8 41
2 563 1 -9 0.71 38
2 944 2 -9 0.82 38
2 881 2 -9 0.75 37
2 927 1 -9 1.11 44
1 59 2 -9 0.22 27
1 71 1 -9 0.74 40
1 360 1 -9 0.37 33
2 437 2 -9 0.9 44
1 315 1 -9 0.75 39
1 332 1 -9 0.57 40
1 306 1 -9 0.41 36
2 478 1 -9 0.23 27
2 1142 2 -9 0.85 39
2 1137 2 -9 0.55 34
2 1146 2 -9 0.36 28
1 154 1 -9 0.22 28
1 249 1 -9 0.63 38
1 111 1 -9 0.79 45
1 244 1 -9 0.88 45
2 573 1 -9 0.46 35
2 1241 1 -9 0.76 45
2 822 2 -9 0.81 37
2 603 1 -9 1.13 44
2 930 1 -9 1.17 48
2 925 1 -9 0.98 41
1 55 1 -9 0.65 40
1 414 2 -9 0.8 42
1 302 1 -9 0.54 38
1 428 2 -9 0.75 40
2 1104 1 -9 0.74 38
2 1166 2 -9 0.62 36
2 1169 1 -9 0.64 39
1 206 1 -9 0.87 43
1 258 1 -9 0.58 38
1 267 1 -9 0.88 45
1 215 2 -9 0.24 28
2 1209 1 -9 0.71 40
2 1214 1 -9 0.86 47
2 1256 1 -9 1.02 46
2 747 1 -9 0.64 39
2 769 1 -9 0.54 36
2 723 1 -9 0.21 27
2 804 1 -9 0.71 40
2 776 2 -9 0.62 36
2 801 1 -9 0.42 32
2 580 2 -9 0.65 37
2 855 2 -9 0.18 27
1 348 2 -9 0.73 38
1 416 1 -9 0.84 47
2 1069 1 -9 0.8 40
1 257 1 -9 0.91 45
1 247 1 -9 0.62 39
2 573 1 -9 0.6 39
2 1200 1 -9 0.68 38
2 1264 2 -9 0.74 38
2 748 1 -9 0.42 34
2 771 1 -9 0.81 39
2 806 2 -9 0.8 41
2 644 1 -9 0.9 44
2 822 1 -9 0.44 30
2 579 2 -9 1 41
2 559 2 -9 0.43 32
2 677 2 -9 0.64 38
2 495 1 -9 0.53 37
2 505 1 -9 0.47 34
2 948 1 -9 0.42 34
1 23 1 -9 0.87 44
1 53 2 -9 0.8 41
1 336 2 -9 0.82 39
1 376 2 -9 0.75 40
2 400 2 -9 0.52 34
2 1176 2 -9 0.53 34
2 1173 1 -9 0.42 32
1 259 2 -9 0.99 41
1 188 2 -9 0.64 37
1 291 1 -9 0.6 41
2 1281 2 -9 0.7 38
2 758 2 -9 0.72 37
2 803 2 -9 0.68 36
2 642 1 -9 0.94 45
2 685 2 -9 0.61 36
2 666 1 -9 0.54 33
2 559 2 -9 0.54 34
2 630 1 -9 0.72 39
2 639 1 -9 0.99 46
2 602 1 -9 0.79 39
2 861 2 -9 0.26 30
2 890 1 -9 0.6 35
2 975 1 -9 0.75 39
2 927 1 -9 1.3 48
2 1004 1 -9 0.17 25
2 1007 2 -9 0.36 31
2 1012 1 -9 0.35 30
1 78 2 -9 0.92 43
1 389 1 -9 0.96 46
1 407 2 -9 0.25 31
2 1083 1 -9 0.74 42
2 1029 1 -9 0.93 41
2 1038 2 -9 0.48 33
2 1134 1 -9 0.77 41
2 1030 1 -9 0.81 43
1 147 1 -9 0.72 40
1 131 1 -9 0.61 38
2 735 2 -9 0.76 39
2 592 1 -9 0.57 36
2 609 1 -9 0.98 48
2 577 2 -9 0.61 36
2 924 1 -9 1.03 42
1 84 2 -9 0.36 32
1 51 2 -9 0.94 42
1 57 1 -9 0.66 40
2 397 1 -9 0.8 40
1 322 1 -9 0.51 38
1 329 1 -9 0.52 35
1 411 2 -9 0.25 28
2 476 1 -9 0.29 30
2 1053 1 -9 0.75 38
1 179 1 -9 0.83 43
1 148 2 -9 0.7 40
1 159 2 -9 0.22 28
1 263 2 -9 0.66 37
1 192 1 -9 0.92 45
2 1233 1 -9 0.66 39
2 1266 1 -9 0.73 39
2 1292 1 -9 0.74 43
2 1254 2 -9 0.54 34
2 694 2 -9 0.71 37
2 576 2 -9 0.56 36
2 836 2 -9 0.64 38
2 930 1 -9 1.29 48
2 916 1 -9 0.76 39
2 920 1 -9 1.15 51
2 868 2 -9 0.88 39
1 28 2 -9 0.78 38
1 46 1 -9 0.17 26
1 65 2 -9 0.6 38
1 316 1 -9 0.49 39
2 475 2 -9 0.2 29
2 1037 1 -9 0.96 43
2 1091 2 -9 0.78 41
1 209 1 -9 0.5 37
1 123 1 -9 0.55 37
1 264 2 -9 0.68 38
1 269 2 -9 1.26 46
1 280 1 -9 0.6 39
1 110 1 -9 0.67 39
2 1273 1 -9 0.77 40
2 789 1 -9 1.26 45
2 773 1 -9 0.74 38
2 851 1 -9 0.34 29
2 486 2 -9 0.48 34
2 858 1 -9 0.32 28
2 516 2 -9 0.64 34
2 604 1 -9 1.3 43
2 897 2 -9 0.6 39
1 379 2 -9 0.61 39
1 406 2 -9 0.63 39
1 383 1 -9 0.62 36
2 1116 2 -9 0.94 39
2 1036 1 -9 0.78 44
2 1023 1 -9 1.44 50
2 1024 1 -9 1.14 46
2 1152 1 -9 0.24 28
2 1095 1 -9 0.82 44
1 190 1 -9 0.68 40
1 226 1 -9 0.7 41
2 621 2 -9 0.73 37
2 1215 1 -9 0.77 43
2 1216 2 -9 0.71 37
2 768 1 -9 0.45 35
2 763 1 -9 1.02 45
2 726 1 -9 0.28 28
2 607 1 -9 1.16 49
2 556 1 -9 0.22 27
2 841 1 -9 0.72 38
2 844 1 -9 0.8 41
2 846 2 -9 0.8 38
2 561 1 -9 0.64 37
2 951 2 -9 0.74 39
2 910 1 -9 0.69 38
3 914 2 -9 -9 40
1 13 1 -9 0.66 41
1 339 1 -9 0.42 37
2 398 1 -9 0.9 43
1 380 1 -9 0.57 38
1 388 1 -9 0.64 37
2 471 1 -9 0.46 36
2 474 2 -9 0.42 35
2 1060 2 -9 0.49 33
2 1048 1 -9 0.71 39
2 1145 2 -9 0.62 34
1 219 2 -9 0.58 38
1 293 1 -9 0.83 42
1 205 2 -9 0.36 32
2 1288 2 -9 0.62 36
2 856 2 -9 0.76 41
2 500 2 -9 0.92 41
2 997 1 -9 0.76 44
2 396 1 -9 0.86 43
2 1065 1 -9 0.56 37
2 1035 2 -9 0.82 38
2 1183 2 -9 0.39 32
2 1025 2 -9 0.88 42
1 179 1 -9 0.83 43
1 120 1 -9 0.4 33
1 251 1 -9 0.6 37
1 238 2 -9 0.78 39
1 171 1 -9 0.67 40
1 186 2 -9 0.74 39
2 745 1 -9 0.61 36
2 482 1 -9 0.72 40
2 850 1 -9 0.42 34
2 888 2 -9 0.39 33
2 954 1 -9 0.65 39
1 34 2 -9 0.74 41
1 19 2 -9 0.18 27
1 381 2 -9 0.23 29
2 451 2 -9 0.51 38
1 307 1 -9 0.62 39
1 408 1 -9 0.46 36
1 296 1 -9 1.16 43
2 470 2 -9 0.52 37
2 1074 1 -9 0.56 35
2 1028 1 -9 1.14 46
2 1166 2 -9 0.56 36
2 1097 1 -9 0.75 40
1 167 2 -9 0.92 42
1 163 2 -9 0.84 41
1 182 2 -9 0.6 36
1 198 2 -9 0.82 45
1 95 2 -9 0.59 36
1 100 1 -9 0.59 36
2 799 2 -9 0.98 41
2 1292 1 -9 0.43 33
2 1256 1 -9 0.72 42
2 755 2 -9 0.66 36
2 696 2 -9 0.75 40
2 735 2 -9 0.76 39
2 531 2 -9 0.64 37
2 712 2 -9 0.71 40
2 971 2 -9 0.71 38
2 953 2 -9 0.82 39
1 30 1 -9 0.89 41
1 364 1 -9 0.45 34
1 373 2 -9 0.65 38
2 397 2 -9 0.86 41
1 390 2 -9 0.44 33
2 454 1 -9 0.33 33
2 455 2 -9 0.72 38
2 1127 2 -9 0.96 40
2 1167 1 -9 0.76 40
1 117 1 -9 0.51 37
1 103 2 -9 0.95 42
2 1195 1 -9 0.44 33
2 1223 1 -9 0.69 40
2 1269 1 -9 0.68 39
2 1276 1 -9 0.77 40
2 1287 2 -9 0.69 42
2 741 2 -9 0.78 40
2 744 1 -9 0.78 43
2 734 1 -9 0.77 38
2 679 1 -9 0.65 38
2 720 2 -9 0.76 41
2 570 2 -9 0.67 39
2 616 1 -9 1.35 48
2 502 1 -9 0.64 38
2 509 1 -9 0.26 28
2 522 2 -9 0.5 32
2 988 2 -9 0.72 39
2 901 1 -9 0.87 43
2 919 1 -9 1.24 44
2 1001 1 -9 -9 27
1 29 1 -9 0.63 37
2 472 2 -9 0.51 34
2 473 1 -9 0.3 31
2 1108 2 -9 0.72 37
2 1042 1 -9 1.2 47
1 177 1 -9 0.74 42
1 126 2 -9 0.74 42
1 227 2 -9 0.62 38
2 1257 2 -9 0.59 36
1 205 2 -9 0.84 42
2 1238 1 -9 0.73 42
2 1242 1 -9 0.71 39
2 1208 2 -9 0.79 38
2 1271 1 -9 0.48 34
2 1275 1 -9 0.87 42
2 823 2 -9 0.8 38
2 525 1 -9 0.43 31
2 582 2 -9 0.84 40
2 589 1 -9 0.74 39
2 847 2 -9 0.66 37
2 521 2 -9 0.76 38
1 86 1 -9 0.65 40
1 62 2 -9 0.81 41
1 363 1 -9 0.51 39
1 369 1 -9 0.53 40
1 377 1 -9 0.5 36
2 467 2 -9 0.33 35
1 425 1 -9 1 46
2 1078 1 -9 0.78 41
2 1165 1 -9 0.32 29
1 208 1 -9 0.74 42
1 243 1 -9 0.9 44
1 109 2 -9 0.5 35
2 1211 1 -9 0.74 41
2 655 1 -9 0.83 44
2 728 2 -9 0.45 35
2 683 2 -9 0.65 38
2 577 2 -9 0.63 36
2 580 1 -9 0.89 43
2 626 1 -9 0.84 43
2 862 2 -9 0.25 27
2 841 2 -9 0.66 38
2 858 1 -9 0.48 36
2 514 2 -9 0.53 33
2 604 2 -9 0.8 41
2 910 2 -9 0.77 36
2 978 2 -9 0.56 37
1 355 2 -9 0.61 37
1 365 1 -9 0.5 36
1 358 1 -9 0.28 28
1 299 2 -9 0.66 38
2 1074 1 -9 0.86 41
2 1153 2 -9 0.85 42
1 123 1 -9 0.53 36
1 230 1 -9 0.78 43
2 1221 2 -9 0.5 34
2 1294 1 -9 0.54 36
2 1258 2 -9 0.88 41
2 733 2 -9 0.82 39
2 684 2 -9 0.84 40
2 524 1 -9 0.58 34
2 716 1 -9 0.42 32
2 482 2 -9 0.88 41
2 513 2 -9 0.35 31
2 964 2 -9 0.6 35
2 974 1 -9 0.83 39
2 994 1 -9 0.46 34
1 32 1 -9 0.52 35
1 76 2 -9 0.68 37
2 442 1 -9 0.83 41
2 443 2 -9 0.7 39
1 296 2 -9 0.57 34
2 1076 1 -9 0.66 39
2 1090 2 -9 0.97 43
2 1022 1 -9 1.42 49
1 207 1 -9 0.8 42
1 145 2 -9 0.8 40
1 254 1 -9 0.76 43
2 1202 1 -9 0.9 45
2 1238 2 -9 0.62 35
2 1273 2 -9 0.93 40
2 788 1 -9 0.46 32
2 611 1 -9 1.49 52
2 902 1 -9 0.86 41
1 16 2 -9 0.65 38
2 392 2 -9 0.98 42
1 327 2 -9 0.73 42
2 471 1 -9 0.36 33
2 1072 1 -9 0.63 38
2 1106 2 -9 0.71 37
2 1157 2 -9 0.84 42
1 267 1 -9 0.62 38
1 210 1 -9 0.74 41
1 218 2 -9 0.48 36
1 229 2 -9 0.54 39
2 816 2 -9 0.81 39
2 781 2 -9 0.68 38
2 821 2 -9 1 39
2 702 1 -9 0.24 29
2 710 1 -9 0.77 40
2 713 1 -9 0.69 39
2 836 1 -9 0.62 38
2 512 1 -9 0.36 31
2 891 2 -9 0.44 32
2 891 1 -9 0.6 37
2 955 1 -9 0.79 40
1 50 2 -9 0.71 38
2 452 1 -9 0.45 36
1 313 2 -9 0.77 40
1 409 2 -9 0.18 27
1 413 2 -9 0.98 42
2 1071 1 -9 0.81 42
2 1119 1 -9 0.66 37
2 1165 1 -9 0.44 36
2 1157 1 -9 0.84 43
2 1093 1 -9 0.68 40
1 199 1 -9 0.71 41
1 206 1 -9 0.58 36
2 1217 1 -9 0.96 45
2 1285 2 -9 0.79 38
2 1288 1 -9 0.65 38
2 1291 1 -9 0.62 39
2 783 2 -9 0.72 37
2 740 1 -9 0.78 41
2 683 1 -9 0.9 41
2 583 1 -9 0.82 43
2 709 2 -9 0.66 36
2 550 2 -9 0.64 39
1 49 1 -9 0.64 38
1 12 1 -9 0.87 47
1 115 2 -9 0.62 37
1 116 2 -9 0.68 40
1 264 1 -9 0.8 40
1 280 2 -9 0.66 37
2 1198 1 -9 0.75 42
2 787 2 -9 0.79 39
2 831 2 -9 0.6 37
2 636 1 -9 0.54 36
2 503 2 -9 0.5 33
2 523 2 -9 0.78 37
2 893 2 -9 0.7 37
2 885 1 -9 0.45 33
2 903 1 -9 0.67 40
2 921 1 -9 1.25 44
2 925 1 -9 1.25 49
1 373 2 -9 0.5 37
2 445 2 -9 0.43 33
2 447 2 -9 0.21 27
1 321 1 -9 0.49 37
1 303 2 -9 0.63 37
1 418 2 -9 0.63 37
1 428 1 -9 0.68 40
2 1040 1 -9 0.86 45
2 1167 1 -9 0.93 44
1 274 1 -9 0.87 44
1 237 2 -9 0.58 37
1 101 2 -9 0.7 37
2 1199 2 -9 0.68 40
2 1228 1 -9 0.47 33
2 741 2 -9 0.9 41
2 814 2 -9 0.77 42
2 518 1 -9 0.62 37
2 936 1 -9 0.74 39
1 41 1 -9 0.52 36
1 11 1 -9 0.77 42
1 79 2 -9 0.7 37
1 322 1 -9 0.66 42
2 464 1 -9 0.31 32
2 1132 1 -9 0.66 37
1 251 2 -9 0.79 42
1 255 1 -9 0.71 38
2 1202 1 -9 0.79 43
2 788 2 -9 0.72 38
2 704 2 -9 0.38 32
2 611 2 -9 1.24 42
2 718 2 -9 0.66 39
2 682 2 -9 0.79 38
2 625 2 -9 0.85 40
2 969 2 -9 0.64 39
2 933 2 -9 1.08 46
2 868 2 -9 0.96 39
2 959 2 -9 0.74 39
2 926 1 -9 1.21 49
1 37 1 -9 0.69 41
1 352 2 -9 0.6 37
1 409 2 -9 0.38 33
2 1084 2 -9 0.69 36
2 1023 1 -9 1.48 52
2 1091 1 -9 0.68 39
1 122 1 -9 0.63 37
1 161 2 -9 0.88 42
1 184 2 -9 0.6 36
1 294 2 -9 0.64 37
2 1293 2 -9 0.92 40
2 746 2 -9 0.7 40
2 786 1 -9 0.9 41
2 661 2 -9 0.66 36
2 765 1 -9 0.74 38
2 643 2 -9 0.64 38
2 724 2 -9 0.24 27
2 623 1 -9 0.86 43
2 574 1 -9 0.61 39
2 840 2 -9 0.78 40
2 915 1 -9 0.77 40
2 920 2 -9 1.06 42
2 928 1 -9 1.04 43
2 1008 1 -9 0.26 28
2 926 1 -9 1.15 47
2 927 1 -9 1.06 42
1 37 1 -9 0.7 41
2 395 2 -9 0.71 40
2 448 2 -9 0.65 38
1 325 2 -9 0.2 27
2 472 1 -9 0.31 29
2 1058 1 -9 0.72 38
1 172 1 -9 0.64 38
1 261 2 -9 0.8 38
1 284 1 -9 0.27 30
2 972 2 -9 0.85 39
2 1230 1 -9 0.67 42
2 1233 1 -9 0.8 42
2 780 2 -9 0.67 39
2 678 1 -9 0.68 36
2 528 1 -9 0.62 36
2 571 2 -9 0.76 39
2 985 1 -9 0.94 45
2 991 1 -9 0.58 38
2 973 2 -9 0.74 36
2 977 2 -9 0.5 35
1 86 2 -9 0.58 38
1 9 1 -9 1.04 46
1 351 2 -9 0.23 28
2 474 2 -9 0.37 33
1 420 1 -9 0.56 37
2 1130 1 -9 0.81 43
2 1088 1 -9 0.88 44
2 1144 2 -9 0.76 38
2 1025 2 -9 1.04 42
2 1026 2 -9 1.1 41
1 186 2 -9 0.66 38
1 190 1 -9 0.57 37
1 221 2 -9 0.6 38
2 1189 2 -9 0.92 39
2 1259 2 -9 0.55 34
2 820 1 -9 0.49 33
2 652 2 -9 0.84 42
2 793 2 -9 0.64 37
2 636 2 -9 0.96 44
2 538 2 -9 0.88 40
2 872 2 -9 0.56 35
2 992 2 -9 0.55 38
2 880 2 -9 0.74 37
2 998 2 -9 1.1 43
1 28 2 -9 0.82 43
1 35 1 -9 0.84 44
1 48 2 -9 0.62 37
1 80 2 -9 0.58 36
1 338 2 -9 0.51 35
2 475 2 -9 0.34 30
1 426 2 -9 1.18 45
2 1090 2 -9 0.88 38
2 1147 2 -9 0.39 34
1 130 1 -9 0.76 43
1 210 2 -9 0.44 33
1 230 1 -9 0.86 43
2 757 1 -9 0.96 44
2 764 1 -9 0.9 44
2 767 2 -9 0.77 39
2 699 1 -9 0.66 40
2 484 1 -9 0.82 40
2 548 2 -9 0.67 37
2 988 1 -9 0.64 38
2 973 2 -9 0.8 35
2 907 2 -9 0.53 39
2 909 2 -9 0.62 43
2 981 2 -9 0.61 37
1 13 2 -9 0.58 37
2 453 2 -9 0.47 37
1 384 2 -9 0.72 36
1 417 2 -9 1.12 44
2 1061 1 -9 0.68 39
2 1123 1 -9 0.72 41
1 168 2 -9 0.64 41
2 1224 1 -9 0.88 45
2 659 2 -9 0.76 38
2 828 1 -9 0.92 41
2 586 2 -9 0.75 39
2 992 2 -9 0.63 39
2 941 2 -9 0.82 39
2 959 1 -9 0.75 42
2 1009 2 -9 0.35 31
1 15 2 -9 0.42 33
1 76 1 -9 0.83 46
1 66 1 -9 0.48 35
1 340 1 -9 0.66 39
1 372 2 -9 0.55 37
1 331 2 -9 0.75 39
2 1057 1 -9 0.77 40
2 1126 2 -9 0.57 35
2 1174 2 -9 0.42 32
2 1050 1 -9 0.87 43
1 158 2 -9 0.2 28
1 128 1 -9 0.66 40
1 185 2 -9 0.72 39
1 191 2 -9 0.78 43
1 224 1 -9 0.98 46
1 102 1 -9 0.58 38
2 753 1 -9 0.66 39
2 827 1 -9 0.62 34
2 825 2 -9 0.99 41
2 721 2 -9 0.24 28
2 622 2 -9 0.78 41
2 593 2 -9 0.62 36
2 602 2 -9 1.19 45
1 87 1 -9 0.57 37
2 1007 2 -9 0.2 27
1 30 2 -9 0.49 34
1 1 2 -9 1.09 45
2 399 2 -9 0.84 39
2 1062 1 -9 0.88 43
2 1122 2 -9 0.82 40
2 1174 1 -9 0.58 39
2 1026 1 -9 2.24 43
1 96 1 -9 0.92 43
1 107 1 -9 0.7 40
2 1191 1 -9 0.82 45
2 1203 1 -9 0.82 43
2 1269 2 -9 0.7 38
2 1272 2 -9 0.74 37
2 646 2 -9 0.93 43
2 782 2 -9 0.71 37
2 821 2 -9 0.46 30
2 700 1 -9 0.59 37
2 688 2 -9 0.63 35
2 546 1 -9 0.82 40
2 586 1 -9 0.8 42
2 590 1 -9 0.65 39
2 843 2 -9 0.6 35
2 551 1 -9 0.6 39
2 930 2 -9 1.23 46
2 963 2 -9 0.39 36
2 956 1 -9 0.86 42
2 926 1 -9 1.34 46
1 43 1 -9 0.19 26
1 346 2 -9 0.7 43
2 399 1 -9 0.94 43
2 445 2 -9 0.61 39
2 457 2 -9 0.26 30
1 243 1 -9 0.74 44
2 1296 1 -9 0.67 40
2 740 1 -9 0.82 42
2 641 1 -9 0.78 44
2 529 1 -9 0.52 32
2 572 1 -9 0.64 37
2 613 1 -9 1.38 50
2 513 1 -9 0.36 31
2 882 2 -9 0.4 33
2 932 2 -9 1.02 43
2 944 2 -9 0.57 36
2 980 2 -9 0.68 39
1 39 2 -9 0.6 38
1 21 1 -9 0.42 36
1 56 2 -9 0.76 39
1 330 1 -9 0.65 39
1 258 2 -9 0.96 43
1 227 1 -9 0.86 43
1 194 1 -9 0.71 38
2 1197 2 -9 0.36 31
2 1268 2 -9 0.9 42
2 645 1 -9 0.68 38
2 651 2 -9 0.78 40
2 531 2 -9 0.64 38
2 682 2 -9 0.72 38
2 558 2 -9 0.34 29
2 481 2 -9 0.78 39
2 616 1 -9 1.32 51
2 859 2 -9 0.36 31
2 979 2 -9 0.57 37
2 961 1 -9 0.95 42
2 962 2 -9 0.6 37
2 1016 2 -9 0.46 32
1 38 2 -9 0.72 39
1 339 1 -9 0.51 37
1 316 2 -9 0.75 40
2 463 2 -9 0.27 31
2 1044 2 -9 0.68 38
2 1163 2 -9 0.49 35
2 1097 2 -9 0.82 39
1 272 1 -9 0.6 36
1 150 1 -9 0.14 25
1 257 1 -9 0.65 38
1 114 1 -9 0.5 39
1 195 2 -9 0.98 41
2 1186 1 -9 0.76 40
2 663 2 -9 0.92 41
2 759 1 -9 0.78 38
2 653 1 -9 0.69 40
2 619 2 -9 0.6 41
2 624 1 -9 0.89 43
2 489 2 -9 0.75 39
2 534 2 -9 0.62 38
2 539 1 -9 0.22 28
2 501 1 -9 0.36 31
2 884 2 -9 0.28 28
2 932 2 -9 1.29 42
2 916 1 -9 0.71 40
2 948 2 -9 0.44 33
2 928 2 -9 1.36 47
1 27 1 -9 0.58 36
1 71 1 -9 0.63 38
1 2 1 -9 0.81 43
1 343 1 -9 0.75 40
1 371 2 -9 0.56 37
2 449 2 -9 0.48 34
1 314 1 -9 0.2 27
1 329 1 -9 0.64 39
2 1054 2 -9 0.91 41
2 1073 1 -9 0.86 43
2 1077 1 -9 0.65 39
2 1046 1 -9 0.71 39
2 1047 2 -9 0.68 37
1 178 1 -9 0.79 39
1 143 2 -9 0.62 37
1 144 2 -9 0.79 41
1 285 1 -9 0.2 28
1 290 1 -9 0.7 40
2 756 1 -9 0.66 38
2 686 2 -9 0.42 31
2 667 2 -9 0.39 29
2 717 2 -9 0.48 34
2 598 1 -9 0.47 33
2 500 1 -9 0.74 39
2 507 2 -9 0.46 32
2 875 2 -9 0.41 31
2 918 1 -9 1.32 50
2 928 1 -9 1.28 45
2 1019 2 -9 0.44 31
1 15 2 -9 0.64 39
1 69 2 -9 0.79 40
1 321 2 -9 0.64 40
1 297 1 -9 0.92 47
2 1103 2 -9 0.75 38
2 1043 1 -9 0.86 44
2 1122 2 -9 0.72 38
1 253 1 -9 0.56 37
1 256 1 -9 0.66 37
1 211 2 -9 0.2 28
1 219 2 -9 0.68 41
1 95 2 -9 0.64 37
2 1219 2 -9 0.8 40
2 663 1 -9 0.66 37
2 670 2 -9 0.36 30
2 802 1 -9 0.46 33
2 525 2 -9 0.23 27
2 675 2 -9 0.78 38
2 612 1 -9 1.06 44
2 593 1 -9 0.53 38
2 932 2 -9 1.11 43
2 889 2 -9 0.55 32
2 968 1 -9 0.78 37
2 976 1 -9 0.66 40
1 48 1 -9 0.56 36
1 67 1 -9 0.57 39
1 404 1 -9 0.56 38
2 468 2 -9 0.21 27
2 1051 1 -9 0.68 38
2 1113 2 -9 1.01 43
1 113 2 -9 0.18 27
1 231 2 -9 0.84 42
2 943 2 -9 0.6 37
2 1236 2 -9 0.85 40
2 749 1 -9 0.31 32
2 731 2 -9 0.78 41
2 809 2 -9 0.7 37
2 516 1 -9 0.74 41
2 915 1 -9 0.71 40
2 877 2 -9 0.91 41
1 53 1 -9 0.51 35
1 69 1 -9 0.78 42
1 367 1 -9 0.62 37
1 382 2 -9 0.52 38
1 296 2 -9 0.7 36
2 1121 1 -9 0.91 43
2 1138 1 -9 0.67 39
2 1154 1 -9 0.36 34
1 141 1 -9 0.67 39
1 169 2 -9 0.78 39
1 248 1 -9 0.74 43
2 1236 2 -9 0.8 38
2 1204 1 -9 0.95 44
2 1185 1 -9 0.72 40
2 656 2 -9 0.72 37
2 527 1 -9 0.32 29
2 619 2 -9 0.74 43
2 709 2 -9 0.58 36
2 553 2 -9 0.6 39
2 503 1 -9 0.68 38
2 504 1 -9 0.76 41
2 566 1 -9 0.7 38
2 958 1 -9 0.38 35
2 1014 1 -9 0.54 36
1 335 1 -9 0.33 33
2 1079 1 -9 0.64 38
2 1080 1 -9 0.77 41
2 1127 2 -9 0.84 41
2 1170 2 -9 0.87 42
1 160 2 -9 0.7 41
1 288 1 -9 0.72 40
2 738 2 -9 0.94 43
2 819 1 -9 0.73 36
2 830 2 -9 0.86 41
2 832 1 -9 0.68 38
2 533 2 -9 0.64 39
2 616 1 -9 1.4 52
2 508 2 -9 0.33 29
2 522 1 -9 0.54 35
1 345 1 -9 0.84 44
2 439 1 -9 0.71 38
1 298 2 -9 0.68 40
2 461 2 -9 0.57 35
2 462 1 -9 0.27 30
1 429 2 -9 0.7 39
2 1059 1 -9 0.78 41
2 1081 1 -9 0.92 45
2 1111 1 -9 0.68 40
2 1100 1 -9 0.66 39
2 1154 1 -9 0.6 39
1 153 2 -9 0.28 30
1 333 2 -9 0.5 39
2 1191 1 -9 0.78 39
2 1193 2 -9 1 40
2 1199 2 -9 0.96 41
2 862 2 -9 0.24 28
2 945 1 -9 0.48 35
2 907 2 -9 0.92 45
2 982 2 -9 0.36 30
2 1008 1 -9 0.2 28
1 85 1 -9 0.56 40
1 55 2 -9 0.77 39
1 70 1 -9 0.7 41
1 4 1 -9 0.61 38
2 402 2 -9 0.78 39
2 452 2 -9 0.57 36
1 312 2 -9 0.73 40
2 460 2 -9 0.4 34
1 152 2 -9 0.35 32
1 271 1 -9 0.64 39
1 203 2 -9 0.32 31
2 791 2 -9 0.86 40
2 739 1 -9 0.36 31
2 810 2 -9 0.56 34
2 649 2 -9 0.69 39
2 507 1 -9 0.74 41
2 511 2 -9 0.41 31
2 911 2 -9 0.85 41
2 1005 2 -9 0.3 29
1 18 2 -9 0.25 29
1 340 2 -9 0.51 35
1 378 2 -9 0.6 38
2 442 2 -9 1.01 42
1 318 1 -9 0.61 38
1 299 2 -9 0.7 40
2 1133 2 -9 0.95 40
1 151 2 -9 0.2 27
2 1280 1 -9 0.92 45
2 669 2 -9 0.38 30
2 848 2 -9 0.9 39
2 879 2 -9 0.62 33
2 1011 2 -9 0.35 30
1 335 2 -9 0.63 37
1 342 2 -9 0.91 43
1 368 2 -9 0.88 41
2 444 2 -9 0.54 39
1 415 2 -9 0.72 41
2 1028 1 -9 1.08 48
2 1024 1 -9 1.17 48
1 147 1 -9 0.32 31
1 256 2 -9 0.65 36
1 169 1 -9 0.66 41
1 221 1 -9 0.68 42
1 92 1 -9 0.6 37
2 1189 2 -9 0.92 40
2 1243 2 -9 0.46 33
2 1255 1 -9 1.04 45
2 670 2 -9 0.49 31
2 579 1 -9 1.02 43
2 607 1 -9 1.31 50
2 625 1 -9 0.87 43
2 519 1 -9 0.46 31
2 604 1 -9 1.04 43
2 1021 2 -9 0.83 41
1 11 1 -9 0.7 41
1 309 2 -9 0.84 39
1 297 1 -9 0.77 41
2 1092 1 -9 0.64 39
1 268 1 -9 0.72 39
1 195 1 -9 0.81 44
1 204 2 -9 0.94 44
