2 524 2 4 0.95 41
2 523 2 4 1.1 42
2 557 2 -9 0.55 36
2 430 1 -9 0.7 36
1 54 2 7 0.85 40
1 95 1 4 0.5 36
1 95 2 7 0.85 44
2 597 2 2 0.9 40
1 386 2 5 0.51 36
2 458 1 -9 0.54 35
2 458 2 3 0.84 38
1 299 1 -9 0.45 37
2 396 1 7 0.86 40
1 168 2 -9 0.95 42
1 191 1 -9 0.6 37
1 351 1 -9 0.7 37
1 148 2 6 0.9 40
1 159 1 4 0.75 40
2 664 1 2 0.42 34
1 324 1 2 0.26 27
1 279 1 7 0.75 41
2 548 1 -9 0.45 33
1 220 1 5 0.6 38
1 231 2 4 0.8 41
1 269 2 5 0.8 42
2 437 1 3 0.5 36
2 626 2 7 1.05 41
2 636 2 3 0.64 37
2 533 2 -9 0.8 37
2 591 2 -9 1.1 43
1 280 2 4 0.9 41
2 482 1 -9 0.53 35
1 182 1 5 0.6 40
1 183 1 -9 0.7 41
2 572 1 -9 0.7 38
2 366 2 -9 0.78 39
1 163 2 4 0.85 39
1 123 1 -9 0.4 33
1 116 2 6 0.7 36
1 19 1 4 0.63 39
1 16 2 -9 0.38 32
2 689 2 6 0.95 41
2 692 1 7 0.8 41
1 200 1 4 0.65 38
2 522 2 7 1.2 46
2 531 1 -9 0.7 37
1 281 2 4 0.7 39
2 474 2 -9 0.78 38
1 306 1 -9 0.7 40
2 502 1 4 1.2 42
2 498 1 3 1 39
1 170 1 7 0.85 44
1 354 2 4 0.96 41
1 347 1 7 0.86 43
1 29 2 4 0.94 40
2 571 2 3 0.8 38
2 587 1 2 0.5 35
1 140 1 4 0.65 36
1 108 1 -9 0.75 43
2 690 2 8 0.62 38
2 689 1 6 0.66 39
1 324 1 4 0.45 32
1 324 2 -9 0.84 38
1 239 1 -9 1.15 46
1 195 2 4 0.85 40
2 423 1 7 0.95 42
2 644 1 1 0.3 29
2 618 2 -9 0.5 35
2 411 1 4 0.92 41
2 450 2 -9 1.12 41
1 185 2 4 0.7 38
1 39 2 5 1.17 43
1 120 1 7 0.65 39
1 118 2 5 0.65 39
1 11 1 4 0.71 40
1 7 1 7 0.95 46
2 654 2 7 0.42 37
2 671 1 4 0.49 35
2 688 2 6 0.83 40
2 660 2 4 0.43 35
1 315 1 5 0.65 36
1 331 1 4 0.5 35
1 203 2 -9 0.85 42
1 201 2 -9 0.95 41
2 526 2 4 1 40
1 264 1 7 0.6 40
2 650 1 -9 1.1 44
2 415 1 4 0.9 41
2 415 1 -9 1.1 42
1 50 2 -9 0.9 42
1 48 2 -9 0.9 41
1 48 1 7 0.85 44
1 98 1 7 0.75 41
1 103 2 6 0.75 38
2 613 2 3 0.6 37
1 285 2 -9 1 43
1 356 2 4 0.9 40
2 575 2 -9 0.7 37
2 566 2 4 1.1 41
1 30 1 4 0.7 40
1 151 2 5 1.15 44
1 136 1 4 0.7 37
1 104 1 -9 0.8 41
2 675 1 2 0.52 34
1 323 1 -9 0.47 32
1 319 1 5 0.51 35
1 321 1 7 0.68 36
2 521 2 -9 1.05 42
2 522 2 -9 1.1 42
1 378 1 -9 0.97 43
2 444 1 -9 0.4 34
1 53 2 -9 0.8 40
1 78 2 4 0.6 38
2 601 2 3 0.6 37
2 589 1 4 1.25 44
1 302 1 -9 0.8 43
2 456 2 -9 0.77 38
2 395 1 8 0.92 43
1 177 1 -9 0.8 42
1 144 2 8 0.65 38
1 155 2 6 0.7 39
1 159 1 4 0.85 41
1 115 2 -9 0.7 41
1 313 1 8 0.45 36
1 314 2 -9 0.43 32
1 327 1 -9 0.45 32
2 538 2 3 0.7 35
2 542 2 3 0.7 36
1 65 2 5 0.8 41
1 56 2 -9 0.9 41
1 101 1 8 0.6 41
2 632 2 -9 0.78 38
2 633 2 4 0.9 39
2 629 1 -9 0.88 39
2 600 1 -9 0.6 36
2 479 2 2 0.61 33
2 459 2 2 0.51 34
2 477 1 -9 0.65 35
1 146 1 7 0.7 39
1 121 1 5 0.65 39
1 164 2 4 0.8 39
1 5 1 -9 0.95 44
2 676 2 2 0.5 34
2 525 1 -9 1.15 44
1 370 1 -9 1.01 42
2 432 1 -9 0.5 34
1 85 2 -9 0.75 39
1 57 1 4 0.65 37
2 554 2 4 0.8 40
2 559 1 3 0.45 33
2 602 2 3 0.7 35
2 466 2 3 0.84 36
2 505 2 4 1.4 43
1 179 2 2 0.4 35
1 354 1 8 0.74 40
1 145 1 6 0.7 39
1 130 2 2 0.35 32
1 111 1 7 0.8 39
1 8 1 8 0.9 44
1 5 1 7 0.99 44
1 18 2 11 0.82 40
2 671 1 4 0.53 37
2 680 1 -9 1.04 46
2 679 1 2 0.4 34
1 319 1 3 0.45 32
1 336 1 4 0.45 35
1 223 2 2 0.3 29
1 214 1 -9 0.55 36
1 228 1 6 0.7 40
2 552 2 -9 0.5 33
1 375 1 -9 1.01 43
2 555 1 2 0.4 32
1 97 2 -9 0.7 40
2 626 2 -9 1.13 43
2 643 2 -9 0.54 36
2 534 2 2 0.55 33
2 532 2 -9 0.85 38
2 533 2 -9 0.65 37
1 282 2 4 0.65 40
1 191 2 4 0.8 39
2 562 2 -9 1.1 42
2 576 1 3 0.8 37
1 137 1 7 0.9 43
1 2 1 7 0.89 45
1 8 2 7 0.7 39
1 164 1 3 0.8 40
2 686 2 6 1 42
2 687 2 7 0.91 41
2 680 1 5 1.04 43
2 662 2 -9 0.53 37
1 321 1 -9 0.5 34
2 417 2 -9 1.25 44
2 488 2 2 0.58 35
1 75 2 -9 0.5 35
1 54 2 4 0.8 40
1 80 2 4 0.5 35
2 630 2 -9 1.01 43
2 532 2 -9 0.7 36
1 286 2 4 0.84 41
2 458 1 -9 0.34 30
2 451 2 -9 1.18 42
1 179 2 5 0.9 42
2 366 2 -9 0.46 35
1 151 1 7 0.75 40
1 140 1 9 0.65 41
1 117 2 -9 0.5 36
2 674 2 5 0.38 33
1 267 1 4 0.65 40
2 550 1 3 0.5 34
1 376 1 -9 0.89 41
2 529 2 -9 0.9 39
1 369 2 4 0.64 38
2 420 1 5 0.95 40
2 430 1 -9 0.7 38
1 76 2 4 0.6 38
1 103 2 4 0.7 40
2 635 2 -9 0.64 36
2 560 1 -9 0.55 35
2 614 1 8 0.8 42
2 609 2 2 0.6 35
2 607 2 -9 0.4 34
2 600 1 4 0.6 38
2 602 2 -9 0.6 34
1 386 1 10 0.54 39
1 303 1 4 0.6 37
2 509 1 -9 1.2 42
2 510 2 3 0.5 34
2 400 2 5 0.74 39
1 188 2 4 0.7 38
1 186 2 -9 0.7 38
1 171 1 4 0.7 41
1 185 1 -9 0.6 37
1 194 1 7 0.7 39
1 44 1 -9 0.8 42
1 40 1 7 0.81 41
1 362 2 3 0.44 35
1 136 2 4 0.8 40
1 144 2 6 0.8 39
1 134 1 6 0.6 37
2 670 1 2 0.42 33
2 685 2 1 0.16 26
2 682 1 -9 0.98 45
1 320 1 3 0.28 33
2 523 2 7 1.1 43
2 539 2 -9 0.65 35
1 253 1 4 0.65 38
1 372 2 5 0.96 42
2 424 1 8 1.15 41
2 425 1 8 0.65 40
2 494 1 -9 0.52 38
1 84 2 5 0.65 39
1 86 1 -9 0.65 40
1 58 1 4 0.55 36
1 66 2 -9 0.65 38
1 94 1 7 0.9 44
1 59 1 5 0.45 36
2 629 1 2 0.81 39
2 591 1 2 0.8 39
2 480 2 2 0.69 36
2 504 2 -9 1.1 41
2 516 2 2 0.55 33
2 388 2 -9 0.82 42
1 139 1 7 0.55 37
1 132 1 5 0.6 38
1 117 2 5 0.6 37
1 26 2 4 0.68 40
2 654 1 7 0.54 38
1 315 2 4 0.4 34
2 536 2 -9 0.5 32
1 248 2 6 0.8 39
1 275 1 7 0.65 39
1 378 1 -9 1.02 43
2 445 2 -9 0.45 34
2 434 2 4 0.7 38
1 36 2 -9 0.95 41
2 534 2 4 0.65 36
2 469 1 -9 0.53 33
2 469 2 4 0.77 37
2 400 2 -9 0.54 37
2 367 2 4 0.6 37
1 153 1 5 0.85 41
1 146 2 6 0.8 37
1 152 2 4 0.7 38
1 127 2 4 0.6 36
1 115 2 -9 0.6 37
1 135 1 -9 0.55 35
1 12 1 -9 0.89 43
1 3 2 -9 0.95 42
2 666 2 -9 0.37 32
1 335 2 5 0.65 38
1 197 1 4 0.75 38
2 556 1 -9 0.45 32
2 556 1 -9 0.45 35
1 76 1 -9 0.5 37
1 77 2 4 0.65 39
1 61 1 9 0.65 42
1 93 2 5 0.65 40
1 93 1 6 0.7 42
1 387 1 5 0.45 36
2 469 1 -9 0.85 40
1 306 2 -9 0.75 39
1 307 2 5 0.8 40
2 482 2 -9 0.7 35
1 296 2 3 0.4 35
2 391 1 2 0.4 33
1 173 1 4 0.8 40
1 182 1 -9 0.7 42
1 350 2 4 0.8 39
2 565 2 2 1 37
1 359 1 -9 0.5 36
1 362 2 -9 0.46 35
1 119 1 -9 0.6 39
2 678 1 2 0.43 34
1 332 1 6 0.55 39
2 539 2 -9 0.6 36
1 208 1 4 0.45 35
2 433 1 -9 0.75 36
1 386 2 5 0.56 37
1 184 2 -9 0.7 40
1 354 1 4 0.8 41
2 368 2 8 1.04 44
2 366 2 3 0.5 36
1 138 2 4 0.6 35
1 108 2 4 0.9 40
1 105 2 4 0.65 36
1 150 1 5 0.65 39
2 654 1 1 0.22 28
1 330 1 -9 0.4 33
1 221 2 -9 0.8 39
2 526 1 -9 0.95 46
1 373 2 4 1.11 41
2 420 1 4 0.65 37
1 57 1 4 0.6 38
2 643 2 2 0.58 36
2 534 2 -9 0.5 32
2 546 2 5 0.8 41
2 604 2 4 0.6 38
2 597 1 4 0.8 37
1 46 2 6 0.85 40
2 413 1 12 1.02 45
2 409 2 7 1.13 44
1 384 1 3 0.29 34
1 289 1 4 0.8 39
2 452 1 -9 1.23 43
1 173 2 -9 0.95 42
2 567 1 2 1 40
1 156 1 4 0.7 39
1 6 2 4 0.86 41
1 329 2 3 0.36 29
1 195 1 7 1.1 46
1 234 2 6 0.8 41
1 256 1 5 0.65 38
2 529 2 4 0.65 37
1 266 2 4 0.6 37
2 418 1 7 0.9 41
2 438 1 2 0.45 32
2 432 1 2 0.45 33
1 100 1 7 0.6 40
1 285 1 4 0.7 39
2 466 1 -9 0.81 38
2 510 1 -9 0.8 37
1 177 1 -9 1 45
2 575 2 -9 0.8 38
2 582 2 -9 0.6 35
1 352 2 7 0.66 39
1 355 1 7 0.74 38
1 158 2 -9 0.8 39
2 659 2 -9 0.61 38
1 317 1 4 0.36 33
1 278 2 7 1.1 44
1 237 2 4 0.5 35
2 527 2 -9 1 41
1 228 2 6 0.9 42
1 225 1 4 0.6 36
2 649 1 -9 0.96 43
2 426 1 1 0.15 24
2 554 2 -9 0.75 37
2 619 2 2 0.7 36
1 180 1 4 0.8 41
1 136 1 5 0.85 42
1 117 2 4 0.7 38
1 16 1 -9 0.7 38
2 676 1 -9 0.44 36
1 218 2 -9 0.9 40
1 213 1 8 1.1 47
1 246 1 5 0.65 39
2 535 2 2 0.5 34
1 374 2 -9 1.02 42
2 439 1 -9 0.75 38
2 486 2 -9 0.6 34
1 84 1 4 0.45 36
1 83 2 3 0.45 35
1 93 1 6 0.55 38
2 603 2 4 0.5 36
2 621 1 4 0.5 35
2 618 2 4 0.6 36
1 283 1 -9 0.8 43
1 280 1 -9 0.75 38
2 455 2 3 0.72 37
2 517 1 -9 0.45 33
2 393 2 -9 0.78 41
2 392 1 5 0.68 38
2 568 1 -9 1 39
2 572 1 2 0.7 34
1 166 1 4 0.75 39
1 166 2 -9 1 41
1 160 2 4 0.95 40
1 4 2 11 0.92 46
1 13 2 -9 0.88 41
1 17 1 -9 0.57 41
1 276 1 7 0.7 41
1 272 2 7 0.75 38
1 202 2 7 1.05 43
1 230 2 8 0.95 44
1 228 2 4 0.75 39
2 651 1 -9 0.94 42
1 67 1 -9 0.65 39
2 633 2 7 1.1 42
2 605 2 -9 0.5 33
2 407 2 -9 1 43
1 300 2 5 0.6 40
1 175 2 -9 0.8 40
1 43 2 4 0.85 40
2 365 1 6 0.86 42
1 131 2 6 0.55 37
1 115 1 6 0.65 38
1 19 1 -9 0.65 38
2 687 2 6 0.93 42
1 318 1 5 0.49 37
1 343 1 -9 0.5 38
1 248 1 8 0.7 42
2 538 1 -9 0.6 36
1 275 2 6 0.65 39
1 232 2 5 0.75 38
1 262 1 7 0.7 40
1 90 1 7 0.65 40
1 58 1 -9 0.3 32
1 71 2 -9 0.65 38
2 637 2 3 0.68 36
2 533 1 5 0.85 39
1 294 2 4 0.45 32
2 506 2 3 1 39
2 509 2 -9 1.2 43
2 504 2 2 0.9 39
2 463 2 -9 0.65 35
1 189 1 6 0.7 39
1 360 2 -9 0.52 36
1 161 1 11 0.8 44
1 133 2 4 0.5 35
1 142 1 7 0.75 41
2 672 2 4 0.47 35
2 656 2 4 1.11 42
2 682 1 -9 0.9 42
2 679 2 1 0.32 29
1 200 2 3 1.1 43
1 199 2 5 1.25 45
1 255 2 4 0.8 39
1 244 2 4 0.75 39
1 268 1 7 0.6 38
1 264 1 6 0.65 41
1 270 1 6 0.65 39
2 429 1 2 0.55 35
2 425 1 12 0.55 39
1 51 2 -9 1.05 43
1 77 1 -9 0.45 37
2 638 2 2 0.55 34
2 590 2 2 0.8 37
2 590 2 3 1.1 43
1 192 1 -9 0.7 40
1 363 1 -9 0.48 35
1 1 1 4 0.63 39
2 692 1 7 0.92 43
2 683 1 -9 0.89 42
1 271 1 7 0.85 43
2 418 1 6 0.8 42
2 427 1 4 0.65 37
2 492 1 -9 0.5 34
1 69 2 4 0.65 37
1 94 2 4 0.7 39
2 628 2 3 1.25 42
2 638 2 -9 0.58 36
2 647 2 -9 0.46 35
2 476 2 2 0.56 34
2 451 1 -9 1.33 46
2 570 2 3 0.8 37
2 563 2 9 1 41
2 364 2 3 0.7 38
1 111 1 -9 0.7 40
1 22 2 4 0.66 38
2 541 2 2 0.6 35
1 210 1 4 0.8 39
2 423 1 7 0.8 39
2 444 1 2 0.4 33
2 443 2 -9 0.25 27
2 441 1 -9 0.6 36
2 639 2 -9 0.43 32
1 284 2 4 0.95 43
2 454 1 -9 1.39 43
2 505 1 2 0.8 37
1 171 1 7 0.8 43
2 365 1 4 0.54 36
1 153 1 7 0.7 40
1 165 2 -9 0.6 38
2 665 1 2 0.52 35
1 204 1 4 0.8 40
1 229 2 6 0.7 38
1 270 2 4 0.75 39
2 648 2 7 1.16 48
2 438 1 -9 0.5 36
2 489 2 -9 0.4 32
1 70 1 5 0.6 39
1 60 2 4 0.7 39
1 33 2 -9 1.1 44
2 559 2 -9 0.45 34
2 460 2 -9 0.79 35
2 450 2 4 1.48 46
2 568 1 2 1 40
2 581 2 3 0.55 36
1 117 2 -9 0.7 37
1 4 2 4 0.75 41
2 677 2 3 0.5 34
2 667 2 2 0.47 34
2 524 2 3 1.15 41
2 552 2 -9 0.75 37
2 424 1 7 1.15 42
2 429 1 -9 0.45 34
2 495 2 2 0.47 34
1 67 2 -9 0.8 43
1 98 2 5 0.7 39
2 644 1 -9 0.54 37
2 634 2 5 0.69 37
1 290 2 5 0.95 41
2 466 2 -9 0.56 34
2 472 2 -9 0.69 35
1 350 1 -9 0.86 45
1 349 1 4 0.58 38
1 347 1 -9 1.12 46
2 365 2 4 0.82 40
1 352 2 7 0.78 42
1 136 2 7 0.85 41
1 124 1 -9 0.4 33
1 108 1 -9 0.5 35
1 108 2 -9 0.85 39
1 133 1 -9 0.7 37
2 655 2 4 0.93 40
2 682 1 4 0.94 41
1 312 1 6 0.3 37
1 334 1 -9 0.55 38
1 214 2 4 0.95 33
2 556 2 2 0.5 33
1 373 2 7 1.02 44
1 68 2 7 0.75 40
1 82 1 4 0.35 34
2 647 2 4 0.32 31
2 411 2 5 1.03 43
2 448 2 2 0.99 39
2 467 2 -9 0.58 33
1 176 1 4 0.8 40
1 192 1 4 0.7 38
1 20 2 -9 0.6 37
2 689 1 7 0.83 41
1 340 2 -9 0.4 33
1 331 1 -9 0.5 36
2 523 2 -9 1 43
1 222 2 -9 0.8 39
1 202 1 -9 0.95 44
2 491 2 -9 0.51 35
2 490 2 -9 0.52 36
2 627 2 2 0.88 39
2 601 2 -9 0.85 41
2 603 2 2 0.55 35
2 455 2 -9 0.9 40
2 402 1 -9 0.82 39
2 367 1 -9 1.16 44
1 363 2 6 0.86 40
1 125 2 -9 0.45 34
1 20 1 4 0.5 35
2 685 2 1 0.11 23
1 318 1 -9 0.5 35
1 238 2 -9 0.55 38
2 518 2 3 1.05 41
2 417 2 -9 1.15 43
2 436 1 2 0.6 35
2 436 2 -9 0.65 36
1 83 2 4 0.6 37
1 66 1 -9 0.55 35
1 95 1 5 0.5 37
1 59 1 4 0.45 37
2 599 1 5 0.6 37
2 475 1 2 0.42 32
2 462 1 -9 0.49 33
2 453 2 2 0.96 39
2 452 2 4 0.98 40
2 397 1 4 0.84 38
2 564 2 -9 1.3 42
2 565 2 -9 1.4 44
2 686 1 7 0.6 40
2 661 2 -9 0.51 34
1 338 1 4 0.35 33
1 276 2 4 0.95 41
2 542 2 -9 0.7 36
1 242 2 -9 0.55 35
1 205 2 6 1.05 42
1 220 1 -9 0.5 38
2 542 1 5 0.7 38
2 423 2 4 0.65 38
2 430 1 2 0.5 33
1 53 2 4 1 42
1 99 1 -9 0.65 41
2 631 2 -9 0.91 43
1 292 1 5 0.65 39
1 306 1 4 0.7 40
1 41 1 7 0.85 43
1 138 1 8 0.9 42
1 137 2 4 0.85 38
1 116 2 4 0.8 38
1 319 2 -9 0.75 34
1 207 2 4 0.65 37
1 205 1 6 0.9 43
1 211 1 8 1 45
1 274 2 7 0.75 42
1 252 2 4 0.75 40
2 489 1 -9 0.65 38
2 496 1 2 0.32 32
1 88 2 4 0.65 38
1 88 2 7 0.65 39
1 78 1 4 0.4 33
1 35 2 4 0.83 39
2 645 2 -9 0.54 35
1 36 1 7 0.85 43
1 384 2 2 0.31 32
2 470 2 -9 0.67 35
2 467 2 4 0.64 36
2 449 2 5 1.04 41
2 510 2 -9 0.75 36
1 188 2 -9 0.6 39
1 168 1 4 0.9 41
1 32 2 4 0.81 40
1 107 1 4 0.85 41
1 142 1 4 0.75 40
2 691 2 4 0.82 39
1 333 1 4 0.45 36
1 340 1 -9 0.65 43
1 343 1 5 0.45 33
1 204 1 -9 0.85 43
1 380 2 -9 1.17 44
1 62 2 4 0.65 37
2 615 1 -9 0.5 34
2 408 1 4 0.86 42
2 447 2 -9 1.21 45
2 467 2 -9 0.57 34
2 399 2 4 0.7 39
2 564 2 4 1.4 44
2 574 2 4 0.5 35
1 126 2 -9 0.5 34
1 122 2 -9 0.8 40
1 337 1 -9 0.4 34
2 524 1 -9 0.9 45
1 273 1 7 0.7 39
1 201 1 4 0.75 40
1 255 1 4 0.6 37
1 246 1 7 0.8 41
2 555 2 2 0.5 33
2 493 2 -9 0.57 38
1 101 1 7 0.65 41
2 617 2 3 0.7 38
2 601 2 3 0.6 36
2 458 2 6 1.01 42
2 448 1 2 0.92 39
2 472 1 3 0.53 35
2 497 2 -9 1.1 43
2 507 2 -9 1.2 41
2 517 2 -9 0.55 34
2 513 2 4 0.7 36
2 390 1 -9 0.78 39
2 397 1 5 1.04 43
1 168 2 4 1 42
2 586 1 4 0.55 36
1 362 1 4 0.5 35
1 139 1 10 0.65 40
1 126 1 4 0.45 34
1 9 2 -9 0.85 41
1 25 1 -9 0.6 35
2 658 2 -9 0.47 35
2 684 1 4 0.96 41
2 518 1 -9 1.1 41
1 209 1 -9 0.55 37
1 255 1 4 0.7 40
1 219 1 -9 0.7 39
1 234 1 4 0.65 38
1 265 1 7 0.65 40
1 269 2 7 0.75 40
2 484 2 7 1.1 43
2 623 2 -9 1.21 43
2 622 2 -9 1.01 41
2 600 2 2 0.5 34
2 407 1 7 1.16 45
2 502 2 -9 1 41
1 178 2 7 0.6 41
1 360 1 4 0.62 38
1 149 1 6 0.6 38
1 124 1 4 0.45 34
1 14 2 -9 0.62 37
1 158 1 4 0.7 39
1 141 1 7 0.6 39
1 326 2 -9 0.7 35
2 540 2 4 0.85 39
1 279 2 4 0.65 38
2 491 2 4 0.67 38
1 68 1 -9 0.7 41
1 83 2 -9 0.4 33
2 406 1 9 1.05 45
2 448 2 4 1.14 42
2 447 1 -9 0.97 39
1 178 2 4 0.8 41
1 348 1 4 0.76 39
2 571 2 -9 0.8 39
1 163 1 -9 0.85 42
1 149 1 7 0.6 38
2 667 2 -9 0.54 35
2 664 1 2 0.45 34
2 680 2 2 0.8 38
1 342 2 -9 0.4 32
2 542 2 -9 0.45 32
2 558 1 2 0.55 34
2 553 2 -9 0.6 36
1 372 2 -9 0.91 41
2 484 1 2 0.7 37
1 48 2 4 0.8 40
2 546 2 6 1 41
2 597 2 -9 0.9 42
2 410 1 7 0.95 42
1 305 2 7 0.9 43
1 298 2 4 0.4 34
2 399 1 -9 0.96 45
1 173 2 6 0.7 41
1 39 1 -9 0.68 40
1 40 1 7 0.9 44
2 585 2 2 0.6 34
2 577 1 -9 0.6 37
2 569 1 -9 1 41
1 2 1 -9 0.98 46
1 132 2 -9 0.55 35
1 150 1 5 0.7 40
2 678 1 2 0.46 34
2 683 2 2 0.82 39
1 254 1 5 0.65 39
1 250 1 4 0.65 38
2 535 2 -9 0.65 36
2 530 2 4 0.75 36
2 494 2 3 0.53 35
1 72 2 -9 0.8 40
1 79 2 3 0.6 37
2 640 2 -9 0.35 32
2 618 2 -9 0.7 38
2 594 2 -9 1 41
1 290 2 -9 1 43
2 466 2 2 0.61 34
2 501 2 4 1.2 40
2 513 2 -9 0.65 36
2 399 2 4 0.64 35
1 172 1 4 0.8 40
2 584 2 -9 0.75 37
1 134 1 -9 0.6 38
1 109 1 4 0.8 39
1 13 2 4 0.85 39
2 669 2 -9 0.52 36
2 662 1 5 0.37 32
1 202 1 4 0.75 39
1 234 1 7 0.45 35
1 249 1 4 0.6 38
1 249 2 6 0.8 41
1 36 1 4 0.8 40
2 545 2 2 0.5 33
2 473 1 4 0.7 40
1 308 1 -9 0.6 38
1 301 2 6 0.75 41
2 498 2 -9 1.15 41
2 463 2 -9 0.49 33
2 401 2 4 0.38 33
2 398 1 -9 0.58 39
1 187 1 -9 0.7 41
2 578 2 -9 0.8 40
2 573 1 4 0.8 37
1 39 2 -9 1.08 42
1 44 1 7 0.9 44
2 577 1 3 0.5 33
1 110 2 4 0.9 38
2 669 2 3 0.51 33
1 222 2 4 0.65 37
1 275 2 7 0.8 41
1 243 1 8 0.8 42
2 557 2 2 0.55 33
1 383 2 -9 0.78 41
2 418 1 3 0.8 39
2 445 1 4 0.6 38
1 51 2 4 0.95 41
2 642 1 -9 0.43 33
2 465 2 -9 0.75 36
2 456 2 3 0.85 38
2 405 2 -9 0.96 41
1 194 1 4 0.6 37
2 580 1 3 0.5 34
1 39 1 7 0.97 44
2 586 2 -9 0.8 39
1 156 2 5 0.7 38
1 118 2 4 0.55 37
1 128 1 5 0.55 36
1 12 1 -9 0.75 42
2 543 2 2 0.6 34
1 240 1 4 0.5 36
1 378 1 4 0.98 42
2 416 1 7 0.95 40
2 486 2 -9 1 40
1 69 2 -9 0.7 37
1 69 2 -9 0.7 39
1 48 2 5 0.8 39
1 76 2 3 0.5 35
2 641 2 -9 0.51 33
2 637 2 -9 0.65 37
2 613 1 -9 0.5 37
1 290 1 -9 0.9 45
2 449 1 10 1.22 45
2 456 1 -9 0.66 37
2 404 2 4 0.9 40
2 402 1 7 0.98 41
1 2 2 7 0.85 42
1 110 1 4 0.75 40
1 337 2 -9 0.5 38
1 216 2 -9 1.25 43
1 213 1 -9 0.85 40
1 260 1 4 0.55 37
1 227 2 4 0.7 37
1 49 1 4 0.85 41
2 633 2 4 1.3 42
2 414 2 9 1.18 44
2 473 2 4 0.58 35
2 368 1 4 0.84 40
1 41 2 -9 1.1 41
1 361 2 2 0.46 35
1 152 1 6 0.65 39
1 120 2 -9 0.4 32
1 143 2 5 0.7 39
1 15 1 4 0.61 38
1 18 1 -9 0.45 35
2 653 2 7 0.64 38
2 682 1 4 1.01 43
1 315 2 -9 0.6 35
1 320 1 -9 0.48 34
1 314 1 -9 0.58 36
1 339 1 -9 0.45 36
1 242 1 2 0.45 33
1 197 1 4 0.8 40
1 217 1 -9 0.7 40
1 249 1 7 0.8 41
1 263 1 8 0.6 38
1 257 1 7 0.75 41
2 426 2 1 0.08 21
2 641 2 2 0.5 33
2 545 2 2 0.6 34
1 290 1 7 1 45
2 395 2 4 0.86 39
2 573 1 4 0.9 40
1 40 2 -9 1.03 42
1 159 1 6 0.8 41
1 142 2 7 0.9 42
1 329 2 4 0.69 36
1 379 2 4 0.92 40
1 266 1 7 0.65 40
2 421 1 4 0.95 40
2 641 2 -9 0.55 35
2 646 1 -9 0.51 35
2 614 2 -9 0.4 31
2 414 1 -9 1.14 45
2 462 1 -9 0.54 34
2 477 2 3 0.6 35
2 389 2 5 0.68 38
2 584 1 2 0.6 33
2 563 2 -9 1.3 43
1 157 1 7 0.9 43
1 336 2 -9 0.5 34
1 221 1 -9 0.6 39
2 442 1 -9 0.55 36
2 422 1 2 0.4 31
2 435 1 -9 0.75 39
2 491 2 -9 0.52 34
1 98 2 4 0.75 40
1 96 1 7 0.6 41
2 625 2 -9 1.2 45
2 630 2 4 0.78 39
2 635 2 -9 0.65 35
2 470 1 4 0.64 37
2 472 2 -9 0.58 34
1 193 1 -9 0.6 38
2 576 2 -9 0.7 35
1 116 1 -9 0.55 36
1 165 1 8 0.85 42
1 312 2 5 0.2 33
1 343 1 5 0.5 37
1 337 2 5 0.65 37
1 203 2 -9 0.95 42
2 558 2 2 0.55 33
1 380 2 4 1.08 42
2 485 2 -9 1.15 43
2 495 1 2 0.49 34
1 82 2 -9 0.4 36
1 71 2 4 0.6 37
1 33 2 4 1.1 42
2 592 2 5 1.2 42
2 460 2 4 1.09 41
1 293 1 2 0.5 37
2 480 2 4 0.46 33
2 392 2 4 0.8 41
1 187 2 4 0.8 38
1 167 1 -9 0.8 42
2 566 2 -9 1.3 44
1 144 1 4 0.55 36
2 691 2 5 0.72 39
2 661 2 4 0.58 37
2 663 1 -9 0.61 39
1 328 2 5 0.55 35
1 261 2 5 0.6 39
1 198 1 -9 0.75 39
2 553 2 -9 0.65 36
2 419 1 -9 0.8 40
2 445 1 2 0.45 33
2 421 2 6 1 42
2 435 2 -9 0.5 34
2 596 1 -9 1.2 41
2 475 2 3 0.67 36
2 453 1 -9 1.02 44
2 504 2 7 1.15 45
2 497 2 4 1.25 45
1 184 2 -9 0.7 38
1 43 1 4 0.65 40
1 352 2 5 0.74 40
1 154 1 7 0.8 41
1 129 2 3 0.4 35
1 140 2 7 0.85 39
1 139 1 8 0.5 37
1 165 2 4 0.88 39
1 3 2 7 1.07 44
2 668 2 1 0.23 27
2 692 2 3 0.64 37
1 258 1 8 0.65 42
2 548 2 5 0.85 40
1 247 2 7 0.8 41
1 251 1 4 0.6 35
1 233 1 8 0.85 43
2 549 1 2 0.6 36
1 383 1 -9 0.93 44
2 649 1 4 0.9 40
2 440 1 4 0.5 35
2 422 1 6 0.75 37
2 492 2 3 0.59 35
1 52 2 -9 1.1 44
1 84 1 -9 0.6 41
1 80 2 -9 0.7 39
1 60 2 -9 0.8 41
1 95 1 4 0.65 38
1 59 1 4 0.7 40
2 627 2 4 0.89 40
2 477 1 -9 0.64 35
2 478 2 -9 0.84 37
1 172 1 -9 0.9 43
1 124 1 -9 0.4 34
1 329 1 -9 0.44 31
1 278 2 4 0.7 39
1 260 1 7 0.8 41
1 225 2 5 0.75 37
2 558 1 -9 0.65 36
2 428 1 -9 1.05 44
1 90 1 -9 0.65 40
2 473 1 -9 0.47 34
1 305 2 -9 0.8 41
2 405 2 4 0.88 40
1 183 1 9 0.6 41
1 174 1 2 0.45 34
2 579 2 -9 0.5 33
1 126 2 -9 0.6 35
2 652 2 7 1.04 42
2 525 2 -9 1.25 42
2 551 2 -9 0.6 35
1 262 2 7 0.75 42
2 445 1 -9 0.45 34
2 428 1 4 0.8 42
1 85 1 4 0.6 41
1 78 1 -9 0.45 36
1 82 2 4 0.55 37
1 61 2 -9 0.9 43
2 640 2 -9 0.47 32
2 615 1 3 0.4 34
2 457 2 -9 0.74 38
2 462 2 4 0.86 38
2 478 2 4 0.65 35
2 393 1 4 0.7 38
2 396 1 10 0.9 42
2 366 1 4 0.32 33
1 145 1 5 0.65 39
1 126 1 5 0.65 37
1 118 1 -9 0.6 37
1 119 1 4 0.6 38
1 105 2 4 0.9 40
2 670 1 2 0.4 33
2 668 2 1 0.34 31
1 326 2 5 0.51 36
1 329 2 -9 0.59 33
1 342 1 5 0.4 33
2 536 2 3 0.6 35
1 242 2 7 0.8 40
1 383 1 5 0.85 43
2 441 2 -9 0.3 31
2 488 2 -9 0.6 34
1 65 1 -9 0.65 43
2 623 2 -9 1.21 42
2 607 2 3 0.7 37
1 287 2 4 1 42
2 580 2 -9 0.8 38
2 562 2 4 1.5 43
1 120 2 -9 0.5 35
1 133 2 -9 0.7 41
1 24 2 4 0.77 37
1 26 1 -9 0.76 41
2 667 2 4 0.41 33
2 681 2 -9 1.22 41
1 321 1 -9 0.42 32
2 528 2 2 0.8 37
1 209 2 4 0.65 38
1 245 2 4 0.65 37
1 370 2 -9 0.97 44
2 435 1 4 0.55 37
2 624 2 4 1.13 43
1 385 1 4 0.27 34
1 292 1 4 0.8 40
2 481 1 -9 0.54 35
2 403 2 -9 0.94 41
1 174 2 -9 1 41
2 578 1 4 1.1 41
2 566 2 4 1.2 42
1 38 1 -9 0.9 45
2 653 1 9 0.58 39
2 675 1 -9 0.45 34
1 248 2 7 0.85 39
1 201 1 11 1.15 46
1 214 2 -9 0.8 39
2 547 2 2 0.6 35
2 648 2 4 1.1 43
2 427 1 3 0.45 34
2 446 1 -9 0.4 31
1 75 2 3 0.4 32
1 83 2 -9 0.55 37
2 630 2 -9 1.1 43
1 35 1 -9 0.99 45
2 545 2 -9 0.75 36
2 602 2 -9 0.8 39
1 385 1 3 0.3 35
2 506 1 4 0.95 39
1 186 1 4 0.5 36
1 347 1 4 0.58 37
1 361 2 -9 1.14 44
1 14 1 4 0.65 38
1 16 2 4 0.75 38
2 672 2 -9 0.46 34
2 667 2 -9 0.44 34
2 671 1 -9 0.48 34
1 316 2 -9 0.6 34
1 258 2 5 0.55 38
1 259 1 6 0.65 40
1 273 2 7 0.65 38
1 200 1 7 0.85 43
1 199 1 -9 0.9 43
2 490 2 -9 0.69 38
1 89 1 5 0.6 40
1 60 2 5 0.8 41
1 63 2 5 0.75 40
1 99 2 4 0.8 40
2 608 2 4 0.6 37
2 458 2 2 0.6 34
2 483 1 -9 0.48 32
2 511 2 4 0.75 36
2 405 2 4 0.96 39
1 191 2 -9 0.7 40
1 177 2 2 0.3 31
1 151 2 6 0.75 40
1 132 2 5 0.65 37
1 18 1 -9 0.55 37
1 343 1 -9 0.55 36
1 198 2 2 0.45 35
1 208 2 4 0.65 38
1 270 2 4 0.65 39
1 282 2 -9 0.8 41
1 295 1 -9 0.35 31
2 498 2 -9 1.1 40
2 463 2 2 0.69 35
2 393 2 4 0.8 39
2 575 2 3 0.7 36
2 566 2 -9 1.3 42
2 567 2 4 1.2 42
1 161 1 -9 0.9 42
1 149 1 7 0.75 41
1 131 2 -9 0.9 40
1 113 2 3 0.65 39
1 115 1 4 0.55 37
1 142 2 8 0.75 39
2 663 1 4 0.4 34
1 342 1 -9 0.45 35
2 552 2 4 0.7 37
1 374 1 4 0.72 40
1 89 2 6 0.65 40
2 623 2 7 1.05 42
2 459 1 -9 0.64 36
1 300 2 -9 0.5 41
2 478 1 2 0.58 34
2 403 2 4 1 42
2 579 1 3 0.7 37
2 582 1 4 0.6 36
1 349 2 -9 0.8 42
1 30 1 -9 0.65 39
1 31 1 4 0.71 40
2 561 2 -9 0.7 44
1 121 1 4 0.55 36
1 125 2 4 0.65 37
1 141 1 7 0.8 40
1 5 2 -9 1.05 44
1 9 2 -9 0.9 42
1 242 2 -9 0.7 40
1 260 2 8 0.8 39
1 231 1 7 0.65 38
2 549 1 -9 0.6 34
2 558 2 -9 0.6 33
1 375 2 5 1.11 42
1 277 1 4 0.6 37
1 269 1 7 0.7 40
2 444 1 4 0.4 32
2 494 2 -9 0.6 36
1 57 2 9 0.85 44
2 607 1 -9 0.6 34
2 408 1 -9 0.94 42
1 297 1 3 0.4 36
1 41 1 7 0.8 43
1 313 2 4 0.45 34
1 238 1 -9 0.5 35
1 235 1 4 0.6 37
1 264 1 4 0.45 36
1 377 1 5 0.82 40
2 421 1 5 0.85 39
2 432 1 -9 0.75 40
2 631 2 5 0.84 42
2 591 2 -9 0.9 42
1 302 2 -9 0.75 39
1 305 1 5 0.75 41
2 501 2 -9 1.2 42
2 389 1 10 0.78 42
2 404 1 8 0.56 43
1 178 2 4 0.8 40
2 564 2 -9 1.3 43
1 40 1 4 0.77 40
1 5 2 7 0.8 40
1 15 1 4 0.54 36
2 677 2 -9 0.36 33
2 676 2 -9 0.52 36
1 313 1 4 0.33 34
2 536 2 3 0.8 39
2 525 2 5 1 42
2 464 2 -9 0.6 34
2 499 2 5 1.2 43
2 398 1 4 0.46 35
1 193 1 7 0.6 39
1 353 2 4 0.76 39
2 580 2 -9 0.6 39
2 367 2 5 0.6 37
1 27 2 4 0.65 40
1 128 2 -9 0.4 34
1 123 2 5 0.6 37
2 686 2 7 1.13 43
1 336 2 4 0.55 36
1 344 1 -9 0.5 37
1 205 1 -9 1.15 46
1 216 1 4 0.65 38
1 251 2 5 0.8 40
1 257 1 7 0.65 40
1 383 1 -9 0.81 41
2 494 2 4 0.55 35
1 52 1 -9 0.7 40
1 102 2 4 0.9 40
1 58 1 -9 0.4 34
1 94 1 5 0.45 36
2 632 2 5 1.1 41
2 545 1 -9 0.4 33
1 289 2 4 0.8 40
2 457 2 4 0.73 36
2 508 1 4 1.05 40
2 499 2 -9 1.2 41
2 456 2 4 0.93 38
1 172 1 7 0.65 42
1 160 2 4 0.9 39
1 163 2 -9 1.05 42
1 150 1 7 0.7 41
1 4 1 -9 0.9 43
1 14 2 -9 0.72 39
1 11 1 8 0.83 44
1 3 1 4 0.9 42
2 536 2 -9 0.45 32
1 223 2 -9 0.45 33
1 217 2 6 0.8 41
1 249 2 4 0.8 39
2 429 1 3 0.55 37
2 440 1 -9 0.35 32
2 495 2 -9 0.5 34
1 64 1 -9 0.55 36
2 616 2 4 0.75 40
2 621 1 -9 0.4 33
2 598 2 -9 0.65 34
2 410 2 6 0.95 42
2 457 2 -9 0.74 37
2 447 1 2 0.99 39
2 451 1 -9 1.13 42
2 515 2 2 0.55 33
2 395 2 3 0.68 37
1 152 1 4 0.55 36
1 130 1 -9 0.5 35
1 311 1 -9 1.6 51
1 328 1 4 0.46 34
2 524 2 -9 1.05 40
1 241 2 6 1 44
1 230 1 4 0.55 36
2 417 1 5 1.2 42
2 424 1 7 1.1 44
1 280 1 -9 0.7 42
2 506 1 -9 1.55 45
1 129 1 4 0.5 35
1 10 1 -9 0.8 40
1 135 1 -9 0.65 37
2 673 2 -9 0.45 34
1 327 1 -9 0.46 33
1 342 2 4 0.3 31
1 331 2 4 0.6 37
1 332 2 -9 0.4 35
1 221 1 4 0.65 38
1 380 1 7 1.16 44
2 417 1 4 1.05 39
1 97 1 5 0.6 38
2 644 1 -9 0.46 33
2 606 2 4 0.7 38
1 285 2 -9 0.55 40
2 459 2 3 0.68 35
2 462 2 3 0.69 37
2 467 2 3 0.78 37
2 398 2 3 0.6 37
1 190 1 -9 0.6 40
1 170 1 -9 0.8 42
2 585 1 2 0.5 32
2 571 2 -9 0.7 35
1 147 1 4 0.7 40
1 143 1 5 0.85 42
1 164 1 4 0.8 41
1 19 2 4 0.55 36
2 657 1 3 0.32 32
1 321 2 3 0.49 32
2 521 2 -9 1.2 42
1 274 2 5 0.65 39
1 370 1 7 1.18 46
2 431 1 -9 0.75 39
1 100 1 7 0.7 41
2 596 1 7 1.1 42
2 608 2 -9 0.45 32
2 406 1 -9 1.25 45
1 288 1 4 0.65 38
2 481 1 2 0.54 34
1 300 1 4 0.55 38
2 505 2 -9 0.85 38
1 171 1 -9 1 46
1 170 1 5 0.8 41
1 184 1 7 0.7 40
1 166 1 4 0.8 41
1 13 1 4 0.71 41
2 671 1 -9 0.38 33
2 518 1 2 0.85 38
1 374 2 -9 0.99 41
2 435 1 4 0.55 37
1 54 2 7 1 44
2 635 2 3 0.66 37
2 608 2 2 0.45 33
1 288 1 4 0.85 40
2 450 1 4 0.97 42
2 403 2 4 0.9 41
2 402 2 -9 0.86 42
1 118 1 -9 0.6 38
1 131 1 -9 0.65 39
1 15 2 -9 0.65 37
1 204 1 4 0.7 39
1 234 2 6 0.7 39
1 235 1 4 0.6 37
2 650 1 4 0.96 42
1 71 1 -9 0.6 38
2 626 2 4 1.07 43
2 635 1 5 0.54 38
2 412 1 -9 1.18 45
2 460 1 2 0.56 33
2 498 2 4 1.35 44
2 393 1 9 0.68 41
2 561 2 7 1.1 42
2 565 2 2 0.9 37
1 127 1 -9 0.45 34
2 672 1 -9 0.5 33
2 674 2 -9 0.45 33
1 325 1 -9 0.54 36
2 543 2 -9 0.8 39
1 244 1 4 0.7 39
1 232 1 4 0.5 36
1 376 2 4 1.01 39
1 377 1 7 0.89 43
2 422 2 4 0.8 38
2 496 1 -9 0.2 29
2 639 2 3 0.81 38
2 544 2 -9 0.6 36
2 612 2 -9 0.5 34
2 597 2 -9 1 42
2 411 2 -9 1.07 42
2 471 2 -9 0.76 38
1 308 2 -9 0.55 38
1 188 1 -9 0.6 38
1 176 1 7 1 43
2 568 2 6 0.9 40
1 352 2 6 0.68 40
1 125 1 4 0.4 32
1 108 1 2 0.4 31
1 135 1 4 0.55 36
1 105 1 4 0.85 40
1 21 1 8 0.85 44
2 657 1 4 0.41 34
2 685 2 1 0.1 23
2 674 1 4 0.3 30
2 679 1 -9 0.46 34
2 519 2 4 1.15 42
1 259 1 4 0.7 40
1 195 2 4 1.05 41
1 254 1 5 0.65 39
1 216 2 -9 0.85 39
1 268 2 6 0.85 42
2 527 1 -9 1.05 42
1 252 2 4 0.75 39
2 496 1 -9 0.28 32
1 82 2 -9 0.4 34
1 64 2 -9 0.8 40
1 73 1 4 0.55 37
2 636 2 3 0.59 36
2 621 2 -9 0.5 35
1 297 2 -9 0.3 33
2 452 2 4 1.26 44
2 506 2 4 1.3 43
2 514 2 -9 0.8 37
2 402 2 8 0.88 40
1 42 2 5 1.16 43
1 32 2 7 0.9 43
2 364 2 4 0.66 36
1 160 2 4 1.1 41
1 137 1 4 0.7 37
1 110 1 4 0.7 38
1 106 1 -9 0.9 39
1 223 2 -9 0.4 32
1 231 1 7 0.8 41
1 243 1 5 0.75 40
1 226 2 4 0.75 37
2 426 1 1 0.17 25
2 431 2 -9 0.65 38
1 65 2 -9 0.6 39
1 56 2 4 0.85 40
1 80 2 -9 0.75 40
1 34 1 -9 1 43
2 617 2 3 0.5 36
2 607 2 5 0.6 36
2 503 1 4 1.3 43
2 502 2 2 0.75 37
1 193 1 7 0.8 41
1 178 1 -9 0.6 37
1 21 1 -9 0.75 40
1 7 1 -9 0.76 41
2 664 1 -9 0.67 40
1 318 1 -9 0.64 37
1 207 2 -9 0.55 36
1 224 1 4 0.45 34
1 202 1 -9 0.95 45
1 196 2 3 1 43
2 421 2 7 0.85 40
2 490 1 2 0.35 32
1 81 2 4 0.65 38
1 35 1 7 0.74 42
2 612 2 -9 0.5 35
1 387 2 4 0.51 34
1 280 2 2 0.4 33
1 286 1 2 0.4 34
2 469 2 3 0.62 35
1 307 1 -9 0.8 46
2 451 1 4 1.29 43
2 449 2 4 1.14 42
2 588 1 4 0.6 35
1 45 1 7 0.75 42
1 362 2 -9 0.72 40
1 8 2 7 0.8 41
1 9 1 7 0.92 46
1 26 2 4 0.73 40
2 683 1 4 0.96 43
1 344 2 3 0.4 34
1 219 1 8 0.85 43
1 230 2 6 0.85 39
2 556 2 2 0.55 33
2 443 2 1 0.25 29
2 442 1 2 0.5 33
2 493 2 -9 0.58 34
1 75 2 6 0.7 39
1 74 2 4 0.65 38
1 73 1 5 0.6 40
1 34 1 7 0.8 43
2 554 1 2 0.55 35
2 559 2 -9 0.5 34
2 406 2 4 1.16 43
2 411 1 -9 1.03 43
2 483 1 2 0.47 33
2 450 2 -9 1.01 42
2 500 2 -9 1 42
2 389 1 -9 0.74 39
2 394 1 5 0.86 40
1 171 1 4 0.8 40
1 183 1 -9 0.6 40
1 137 1 4 0.65 38
1 123 1 -9 0.65 39
1 124 2 3 0.45 33
1 134 1 7 0.6 40
1 17 1 -9 0.45 36
2 659 2 4 0.61 37
2 663 1 -9 0.55 37
2 519 1 -9 1.15 43
1 217 1 -9 0.6 39
1 243 2 5 0.8 40
1 257 2 6 0.7 39
1 375 2 5 1 42
1 266 1 5 0.55 37
2 651 2 4 1.06 41
2 443 2 -9 0.55 36
2 492 1 2 0.49 34
1 97 1 7 0.65 39
2 593 1 8 1 41
2 459 2 -9 0.87 39
2 468 2 -9 0.63 34
2 389 1 -9 0.72 38
1 181 2 3 0.3 32
2 561 2 4 1.4 42
1 359 1 3 0.52 37
1 358 1 7 0.78 42
1 162 2 -9 0.95 42
1 11 1 -9 0.91 44
2 676 1 3 0.39 33
2 684 2 -9 1.24 42
1 346 2 4 0.4 34
1 236 1 -9 0.85 42
1 210 2 -9 0.8 39
1 206 2 10 1.3 46
1 212 1 -9 1.05 43
2 557 2 2 0.6 35
2 650 1 4 0.8 40
2 444 1 -9 0.45 33
2 422 2 5 0.95 38
2 623 2 9 1.07 43
1 37 1 -9 0.77 42
2 646 2 3 0.63 36
1 33 1 -9 1.05 47
2 559 2 2 0.65 34
2 620 2 -9 0.5 33
2 594 2 4 1.1 40
2 594 1 5 1 43
1 285 1 -9 0.7 40
2 464 1 2 0.58 35
2 464 2 -9 0.84 39
2 497 2 4 1.15 41
2 403 1 -9 0.84 40
1 169 1 7 0.8 43
1 192 1 -9 0.5 36
1 353 1 9 0.82 42
1 38 2 -9 1.2 44
1 363 1 -9 0.44 33
1 157 1 4 0.75 40
1 121 1 -9 0.55 37
1 21 1 4 0.64 38
2 670 2 -9 0.45 33
1 261 2 6 0.8 42
2 523 2 -9 1.2 44
2 443 1 4 0.45 35
2 423 1 5 0.8 39
1 47 2 4 0.84 41
1 100 1 7 0.8 43
2 634 2 -9 0.58 35
2 645 1 2 0.46 34
2 643 1 -9 0.65 38
2 592 2 4 1.1 40
2 453 1 5 1.32 45
1 179 2 4 0.8 40
1 167 2 -9 0.85 44
1 127 2 4 0.5 34
1 114 2 5 0.9 38
1 112 1 6 0.8 42
2 677 1 -9 0.29 31
2 652 1 2 0.5 33
2 661 1 4 0.66 40
1 344 2 -9 0.45 35
1 332 1 -9 0.5 36
1 207 2 4 0.65 38
1 203 2 4 0.9 40
2 428 1 -9 0.55 34
1 63 1 6 5.5 38
1 80 1 4 0.45 37
1 59 2 6 0.75 39
2 631 2 7 1.17 44
2 599 1 4 0.7 36
1 384 2 -9 0.4 35
1 309 1 -9 0.85 43
1 310 1 4 0.35 32
1 43 1 4 0.85 41
1 150 1 6 0.75 41
1 148 2 4 0.9 39
1 116 2 -9 0.75 36
1 135 2 4 0.7 37
1 13 1 4 0.95 44
1 7 1 4 0.68 39
1 338 1 4 0.5 35
1 335 1 4 0.4 33
1 279 2 7 0.75 40
1 258 1 7 0.6 38
1 212 2 6 1.05 41
1 245 1 5 0.6 38
2 441 2 4 0.45 33
2 487 1 2 0.5 33
1 92 2 4 0.75 40
2 560 1 -9 0.5 33
2 620 1 -9 0.5 36
2 619 1 2 0.4 33
2 406 1 -9 1.12 44
2 409 1 -9 1.05 46
2 450 2 -9 1.14 41
2 517 2 2 0.55 34
2 516 2 -9 0.6 34
1 355 1 8 0.7 41
2 588 1 5 0.55 36
2 365 2 4 0.76 38
1 154 2 7 0.75 40
1 134 2 -9 0.7 40
1 22 2 -9 0.54 36
2 660 2 -9 0.5 35
1 271 2 5 0.75 39
1 211 2 4 0.8 40
2 439 2 4 0.55 35
2 425 2 -9 0.4 35
2 493 2 3 0.4 33
2 486 1 2 0.6 34
2 486 1 5 0.7 38
1 103 2 7 0.65 39
1 92 2 7 0.9 44
2 611 2 -9 0.6 37
2 475 1 -9 0.46 33
2 475 2 -9 0.63 34
2 477 1 3 0.66 37
1 304 1 -9 0.75 42
1 308 2 -9 0.65 40
2 454 2 -9 1.22 43
2 452 2 -9 1.07 41
2 501 2 -9 1.2 41
1 189 2 -9 0.7 38
1 182 2 3 0.4 35
2 570 2 -9 0.7 35
2 570 2 -9 0.8 37
1 155 2 4 0.75 37
1 148 2 5 0.7 38
1 130 2 2 0.35 30
1 130 2 -9 0.65 35
1 23 2 2 0.4 34
1 158 1 4 0.65 37
2 656 1 5 0.66 39
2 683 1 2 0.9 42
1 312 1 4 0.25 34
1 316 2 4 0.6 35
1 327 1 7 0.55 38
1 263 1 7 0.7 41
2 440 1 -9 0.6 37
2 446 1 3 0.5 34
1 72 2 4 0.7 38
1 81 2 4 0.35 35
2 611 2 -9 0.6 35
2 603 2 -9 0.6 33
2 589 2 -9 1 40
2 464 1 2 0.69 35
1 353 2 8 0.84 43
2 587 1 4 0.6 37
2 586 2 5 0.7 37
1 125 2 -9 0.6 35
1 107 1 7 1 43
1 162 1 -9 0.85 43
2 658 2 3 0.47 33
1 322 2 4 0.6 34
1 337 2 4 0.45 35
2 537 2 -9 0.6 34
1 197 2 4 0.75 39
1 206 2 8 0.9 43
1 382 1 -9 1.02 44
2 487 2 -9 0.65 36
1 50 2 4 1 42
1 67 1 5 0.6 38
1 70 1 -9 0.6 37
1 47 1 4 0.7 40
1 58 2 -9 0.25 29
2 610 2 -9 1 41
1 351 1 8 0.76 42
1 161 1 -9 0.85 41
1 144 1 5 0.7 39
2 688 1 7 0.85 43
1 236 2 4 0.7 38
1 240 1 -9 0.55 36
1 230 2 5 0.75 39
1 246 1 6 0.85 41
1 227 2 5 0.75 39
2 442 1 -9 0.35 31
1 50 1 7 0.85 43
1 71 2 4 0.6 37
2 642 1 2 0.47 34
2 613 2 2 0.5 34
2 595 2 6 0.8 42
2 483 2 4 0.56 35
2 447 1 2 0.86 38
2 465 2 -9 0.91 37
2 514 1 4 0.7 38
2 515 1 -9 0.45 33
2 388 2 7 0.86 42
1 348 2 4 0.74 39
1 28 2 4 0.9 40
2 574 1 -9 1.1 41
1 104 1 11 0.75 43
2 655 1 1 0.34 31
1 195 1 -9 0.75 40
1 208 1 -9 0.65 39
1 228 1 4 0.65 37
2 428 2 -9 0.3 31
1 56 1 4 0.75 41
1 77 2 -9 0.6 38
1 74 1 -9 0.45 35
1 60 2 -9 0.9 42
1 66 2 6 0.75 41
1 96 2 4 0.85 40
2 609 2 -9 0.6 35
2 414 2 -9 1.04 42
2 408 2 7 0.92 42
1 289 1 7 0.75 44
2 471 2 -9 0.46 34
2 499 1 -9 1.25 44
2 504 1 -9 1.05 41
2 390 1 10 1.02 45
1 190 2 6 0.8 41
2 576 2 4 0.6 36
1 143 1 6 0.75 41
1 320 1 3 0.31 32
1 209 2 4 0.55 36
1 235 1 4 0.65 38
1 265 1 5 0.6 37
2 530 2 4 0.9 39
2 531 2 2 0.6 34
2 446 1 -9 0.35 31
1 91 2 4 0.75 39
2 622 2 4 0.86 40
2 645 1 5 0.51 36
2 602 2 -9 0.65 37
2 594 2 -9 1.15 43
1 303 2 4 0.6 39
2 508 2 -9 0.9 38
2 514 1 -9 0.7 38
2 500 1 -9 1.25 43
2 401 2 5 0.66 40
1 174 1 4 0.7 39
1 355 2 4 0.88 43
1 351 2 3 0.6 34
1 347 1 4 0.76 41
2 577 1 2 0.55 32
2 586 1 -9 0.6 33
1 166 1 -9 0.9 43
2 655 1 4 0.84 42
1 279 1 4 0.6 37
1 241 2 -9 0.9 40
1 251 2 6 0.8 40
1 253 2 8 0.7 39
1 379 1 7 0.99 44
1 378 2 5 1.02 41
2 484 2 -9 0.97 38
2 496 1 -9 0.47 35
1 68 1 7 0.8 41
1 62 2 -9 0.7 38
2 617 2 -9 0.4 33
2 452 1 4 1.07 42
1 180 2 4 0.7 38
1 29 1 -9 0.86 42
2 569 2 5 1.5 44
1 163 1 4 0.7 41
1 111 2 6 0.8 41
1 1 1 4 0.65 38
2 656 1 4 0.65 39
2 659 1 -9 0.54 36
1 317 1 -9 0.44 33
1 324 2 -9 0.51 33
1 333 2 -9 0.55 35
2 540 1 -9 0.6 35
1 223 1 4 0.45 35
1 208 1 -9 0.5 35
1 240 2 -9 0.65 37
1 265 2 6 0.8 41
2 535 1 4 0.65 37
1 272 1 7 0.7 40
2 433 1 3 0.5 33
2 446 1 4 0.4 34
2 490 2 4 0.57 37
1 69 1 4 0.7 39
1 63 1 -9 0.7 41
1 91 1 5 0.65 40
2 625 2 2 0.85 39
2 625 1 7 1.17 45
2 632 2 -9 1.06 41
2 606 2 -9 0.75 39
2 611 2 3 0.6 37
2 619 2 -9 0.6 36
2 595 2 -9 1.2 43
2 471 2 2 0.58 35
2 454 2 4 1.17 42
2 582 1 4 0.5 37
1 41 1 -9 0.95 44
1 10 2 5 1.05 42
1 14 1 4 0.5 36
1 109 1 -9 0.85 43
1 11 1 7 0.68 40
2 675 1 6 0.52 36
2 679 2 -9 0.77 39
1 248 2 8 0.95 44
1 241 1 4 0.7 39
1 229 2 4 0.55 36
2 525 2 4 1.2 43
1 376 2 4 1.08 42
1 372 2 4 1.17 43
2 650 1 5 0.88 41
2 419 2 -9 1.05 41
2 431 2 3 0.75 36
2 485 2 4 0.9 40
1 87 1 -9 0.5 39
1 54 2 -9 0.8 41
2 644 1 4 0.49 35
1 33 1 4 0.85 42
2 560 2 3 0.6 33
2 460 1 2 0.5 32
2 479 1 3 0.5 35
2 451 2 4 1.19 41
2 399 1 -9 0.66 41
1 190 1 8 0.7 41
1 187 1 -9 0.7 40
1 358 2 -9 0.74 38
1 114 2 6 0.75 38
1 9 2 7 1.14 45
1 276 2 4 0.85 40
1 226 2 4 0.65 36
2 416 1 -9 1.2 42
1 47 1 -9 0.75 40
2 628 1 -9 0.77 39
2 590 2 6 1 42
1 283 2 4 0.7 39
2 481 1 -9 0.6 35
2 480 1 -9 0.67 37
1 300 1 -9 0.35 34
2 507 2 4 1.1 40
2 578 2 4 0.7 34
1 44 2 -9 0.9 43
1 32 1 -9 0.7 39
2 583 1 7 1.25 36
1 145 2 6 0.8 40
1 129 2 -9 0.6 37
1 114 1 -9 0.55 37
1 345 2 -9 0.35 30
2 538 2 -9 0.6 36
1 238 2 4 0.65 37
1 210 1 6 0.95 41
1 244 1 4 0.45 35
1 253 2 4 0.65 38
2 549 2 3 0.55 34
1 262 1 6 0.65 40
1 277 2 4 0.9 41
1 381 2 -9 0.93 40
1 70 1 -9 0.5 38
1 55 1 4 0.7 40
1 62 2 7 1 43
1 96 1 4 0.6 38
1 96 1 7 0.7 41
1 99 1 8 0.65 42
1 91 1 4 0.5 36
2 616 2 -9 0.6 34
2 605 1 -9 0.6 35
1 308 1 -9 0.8 45
2 398 1 -9 0.52 34
1 180 1 5 0.8 41
1 350 1 9 0.74 42
2 574 1 2 0.6 34
1 357 1 -9 0.72 40
1 157 1 4 0.8 41
1 131 1 6 0.65 37
2 668 1 -9 0.39 34
2 666 1 2 0.49 35
1 314 1 4 0.35 32
2 541 2 -9 0.55 33
1 238 2 4 0.7 38
2 551 1 4 0.5 34
1 51 1 5 0.7 40
2 560 1 4 0.5 35
2 546 1 -9 0.7 38
2 606 2 3 0.7 36
2 595 1 4 0.9 40
2 591 2 7 1 42
1 385 2 -9 0.19 32
1 283 2 4 0.8 41
2 511 2 4 0.8 38
2 517 2 2 0.75 36
2 516 1 -9 0.55 34
1 167 1 4 0.7 40
1 180 2 4 0.8 40
2 581 2 -9 0.65 36
2 570 2 7 0.9 42
1 44 2 7 0.9 41
1 361 1 -9 0.52 36
1 156 2 4 0.8 40
1 122 2 4 0.55 36
1 10 1 7 0.9 44
1 16 1 7 0.75 40
2 661 2 -9 0.48 36
1 247 1 5 0.55 37
1 232 1 4 0.55 36
1 225 2 4 0.75 39
2 431 1 4 0.6 37
2 434 1 -9 0.55 34
1 65 1 4 0.55 36
1 49 2 5 0.7 40
1 75 2 -9 0.6 37
2 628 1 3 1.03 42
2 620 1 4 0.7 39
2 604 2 -9 0.5 36
2 595 2 -9 1 42
2 592 1 4 0.95 40
1 281 1 4 0.6 38
2 474 1 -9 0.47 34
1 304 1 4 0.65 39
1 299 1 6 0.7 42
2 463 1 2 0.62 36
1 181 2 2 0.2 28
1 351 1 -9 0.82 40
2 585 1 -9 0.5 33
1 119 1 7 0.7 43
2 678 1 -9 0.45 35
2 673 2 -9 0.51 36
1 312 1 8 0.3 35
1 330 2 -9 0.6 36
1 198 1 4 0.75 41
1 252 2 4 0.8 40
1 233 1 4 0.75 40
1 264 2 5 0.7 39
1 379 1 4 0.8 40
2 419 2 4 1.2 44
1 86 1 7 0.6 39
1 51 2 4 0.8 40
2 628 2 -9 0.96 41
2 407 2 9 0.93 44
2 473 2 -9 0.41 32
2 503 1 2 0.65 35
2 500 2 2 0.65 37
1 176 1 -9 0.7 39
1 348 1 -9 0.62 39
1 358 1 -9 0.7 38
1 129 2 -9 1.05 41
1 26 1 4 0.73 40
2 653 1 9 0.5 37
2 690 2 4 0.91 40
1 323 1 2 0.31 29
1 328 2 -9 0.59 36
1 325 1 -9 0.34 32
1 201 1 -9 0.85 43
2 529 2 -9 0.6 33
1 277 1 4 0.7 39
2 438 1 -9 0.65 38
2 491 2 2 0.5 34
1 87 1 -9 0.7 41
1 86 2 -9 0.65 41
2 647 1 -9 0.3 31
2 598 2 3 0.7 37
1 292 2 -9 0.45 35
2 394 2 4 0.88 41
1 349 1 4 0.66 37
1 28 2 7 0.8 41
1 141 1 6 0.8 41
2 660 2 1 0.28 29
2 659 1 4 0.51 36
1 276 1 4 0.45 35
1 207 2 -9 0.8 38
2 528 2 -9 1.1 42
1 209 2 -9 0.7 38
1 267 1 4 0.65 38
1 267 1 5 0.65 40
2 426 1 1 0.15 25
1 85 2 8 0.65 40
1 78 2 -9 0.75 38
2 616 2 -9 0.6 37
1 46 2 7 0.91 43
1 294 1 -9 0.55 37
1 307 2 -9 0.75 39
2 448 2 -9 1.09 43
2 482 1 3 0.61 35
2 478 2 -9 0.63 34
1 175 2 4 1.1 42
1 177 1 4 0.8 41
2 561 2 -9 1.3 43
1 30 1 5 0.75 41
1 127 2 -9 0.65 38
1 114 1 -9 0.6 38
2 652 2 5 0.71 40
1 317 1 4 0.43 34
1 317 2 -9 0.45 34
1 314 2 4 0.6 35
1 341 2 -9 0.5 35
1 341 2 4 0.6 36
1 254 2 5 0.75 39
2 439 1 2 0.4 33
2 441 2 2 0.4 31
2 437 1 -9 0.55 36
2 433 1 2 0.6 35
2 493 2 2 0.6 35
1 55 2 5 1 42
1 50 2 -9 0.7 40
1 86 2 5 0.8 40
1 92 1 6 0.6 38
1 92 1 5 0.75 41
2 617 2 -9 0.5 34
1 46 2 4 0.86 41
2 479 1 -9 0.54 35
1 288 1 4 0.7 39
2 404 2 5 1.08 41
2 401 1 -9 0.42 33
1 191 2 4 0.7 37
1 128 1 4 0.5 36
1 25 2 4 0.78 39
1 25 2 4 0.8 40
2 689 1 7 0.83 41
1 338 2 -9 0.65 39
1 241 2 -9 0.7 38
1 221 1 4 0.55 37
1 206 2 -9 1.15 42
1 212 2 4 0.75 38
2 527 2 7 1 41
1 382 1 5 1 44
1 56 1 4 0.65 40
1 77 2 4 0.7 40
1 57 1 5 0.75 42
1 73 2 -9 0.6 39
1 91 2 5 0.75 40
2 610 2 3 0.7 39
2 599 2 -9 0.7 37
2 465 1 2 0.53 32
1 296 2 -9 0.8 38
1 310 2 -9 0.25 40
2 404 2 4 0.94 41
2 391 1 -9 0.66 36
2 391 1 6 0.78 41
2 391 1 -9 0.92 42
1 356 2 5 0.92 41
1 29 1 4 0.58 39
1 153 1 6 0.7 39
1 143 1 6 0.55 39
2 684 1 2 1 43
2 539 2 4 0.65 36
1 197 1 4 0.85 41
1 220 2 -9 0.8 42
1 268 2 7 0.65 40
1 229 1 5 0.65 39
2 550 2 -9 0.55 34
1 373 2 -9 0.92 41
1 37 1 -9 0.87 43
1 34 1 7 0.9 43
2 460 2 -9 0.69 36
2 481 1 -9 0.49 35
2 515 2 -9 0.55 32
1 187 2 4 0.6 37
1 31 1 -9 0.8 43
1 145 1 7 0.7 39
1 132 1 -9 0.65 36
1 104 1 4 0.9 39
2 664 1 -9 0.51 36
1 311 1 -9 2.4 55
1 323 2 4 0.6 33
1 261 2 6 0.75 39
2 540 2 3 0.65 36
1 259 2 5 0.65 38
1 211 1 -9 0.65 37
1 212 1 -9 0.65 37
1 247 1 4 0.65 38
1 250 2 7 0.8 41
2 547 2 -9 0.65 36
1 370 2 -9 1.02 42
1 377 2 -9 0.82 42
2 626 2 -9 1.07 42
2 410 2 -9 1.07 42
2 448 1 -9 1.34 43
2 390 1 11 0.76 44
2 563 2 4 1.4 41
1 42 2 -9 0.85 43
1 159 1 -9 0.7 40
1 24 1 4 0.95 38
2 665 1 2 0.38 33
2 540 2 -9 0.7 37
1 224 1 -9 0.45 35
1 233 1 4 0.5 36
2 416 1 -9 0.9 40
1 99 2 -9 0.75 39
1 37 1 7 0.86 44
1 46 1 5 0.64 40
1 305 1 -9 0.85 44
2 508 2 5 1.1 43
1 167 1 4 0.8 41
1 45 1 4 0.89 41
1 4 2 -9 0.98 43
2 673 2 1 0.24 28
1 334 1 2 0.4 33
2 520 2 -9 1.1 42
1 219 2 6 0.95 42
2 427 2 -9 0.55 37
1 89 2 -9 0.8 40
1 64 1 9 0.6 41
2 631 2 -9 1.2 44
2 624 2 -9 1.17 44
2 636 2 -9 0.63 35
2 603 2 -9 0.5 39
1 287 1 4 0.7 40
2 499 1 2 0.8 37
2 392 1 6 0.74 38
1 354 1 6 0.78 40
1 152 1 7 0.75 40
2 678 1 -9 0.51 36
2 681 1 4 1.01 43
2 684 1 2 0.84 39
1 271 1 4 0.6 37
1 239 2 4 0.85 40
1 231 1 6 0.8 41
1 262 1 5 0.7 40
2 634 2 3 0.71 38
2 637 2 2 0.5 33
2 546 2 -9 0.9 39
2 592 1 -9 1 41
2 479 2 -9 0.75 37
2 449 1 -9 1.25 44
2 511 1 -9 0.8 39
2 512 2 3 0.65 37
2 400 1 -9 0.62 38
1 38 2 4 1.05 41
1 363 2 -9 0.3 29
1 128 1 -9 0.6 36
1 120 2 6 0.55 36
1 107 1 -9 0.7 39
2 658 1 -9 0.38 32
2 660 2 -9 0.57 37
1 272 2 5 0.75 39
1 379 2 4 0.78 38
2 530 2 -9 0.7 37
2 651 2 -9 1.08 41
2 415 1 4 0.95 41
2 439 2 -9 0.55 34
2 487 2 3 0.75 36
1 81 1 -9 0.5 37
1 73 1 -9 0.75 40
2 610 1 -9 0.7 39
2 593 1 -9 1.1 42
1 296 1 2 0.4 33
2 511 2 -9 0.7 35
1 188 2 5 0.6 39
1 182 2 -9 0.7 40
1 349 2 -9 0.64 37
1 42 2 5 1.13 45
1 146 2 4 0.7 39
1 122 1 -9 0.7 39
1 110 1 4 0.6 37
1 133 1 4 0.65 38
2 672 1 4 0.33 31
1 316 2 -9 0.52 33
1 338 1 -9 0.45 35
1 218 1 -9 0.85 43
1 254 2 6 0.7 38
1 252 1 5 0.7 40
1 243 2 4 0.95 41
2 529 2 2 0.65 36
2 420 2 5 0.95 41
1 61 1 -9 0.7 41
1 98 1 8 0.7 43
1 66 1 4 0.6 39
1 100 1 4 0.7 40
1 93 1 8 0.6 41
2 636 2 -9 0.66 37
2 642 2 -9 0.56 36
2 532 2 4 0.85 38
2 614 2 4 0.7 37
2 457 2 -9 0.69 37
2 453 2 -9 1.16 43
2 392 1 4 0.78 40
2 397 2 5 0.74 40
2 665 1 -9 0.43 33
2 519 2 4 1.05 42
2 432 2 4 0.9 39
2 430 1 4 0.65 36
2 633 2 -9 1.24 44
2 624 2 7 1.04 43
2 532 2 4 0.8 37
2 409 1 -9 1.25 48
2 400 2 4 0.58 37
1 185 1 4 0.6 37
1 194 2 -9 0.6 35
1 31 2 4 0.91 42
2 583 1 -9 0.75 37
2 364 1 5 0.68 38
1 109 1 4 0.8 40
1 108 1 4 0.65 37
1 7 2 4 0.78 38
2 673 1 4 0.32 31
2 662 1 2 0.3 31
1 222 2 9 0.9 43
1 245 2 6 0.7 39
1 246 1 4 0.7 39
1 381 1 5 0.78 40
2 438 1 3 0.65 38
2 484 2 10 0.91 43
2 492 2 -9 0.7 35
1 89 1 -9 0.5 37
1 34 1 -9 0.9 44
1 386 2 5 0.51 36
1 284 1 4 0.7 39
2 461 2 -9 0.51 33
1 309 1 4 0.65 37
1 169 1 -9 0.9 42
1 168 2 -9 0.9 41
1 45 1 4 0.76 40
1 121 2 -9 0.7 37
1 106 1 4 0.85 40
1 105 1 4 0.8 40
1 141 1 7 0.65 39
1 326 1 2 0.29 28
1 226 1 4 0.65 38
1 381 1 8 1 43
2 434 1 4 0.7 37
1 63 2 -9 0.8 40
1 101 1 4 0.5 36
2 624 2 -9 1.23 43
2 639 1 -9 0.8 40
1 384 1 -9 0.32 32
1 303 2 -9 0.45 37
2 514 2 3 0.8 36
2 513 2 3 0.75 37
1 175 1 4 0.9 40
1 194 1 -9 0.6 36
2 580 2 3 0.6 36
1 3 2 -9 1.1 44
1 6 1 -9 0.84 45
1 164 1 -9 0.75 38
1 12 1 4 0.92 43
2 690 2 7 0.9 40
2 669 2 1 0.23 27
2 675 1 -9 0.43 35
1 311 1 -9 1.7 51
1 333 2 4 0.45 35
2 538 2 2 0.6 32
1 263 1 7 0.65 42
2 557 1 -9 0.55 36
1 79 2 -9 0.7 40
1 293 1 4 0.7 40
2 476 2 -9 0.59 34
1 355 1 6 0.68 39
1 45 2 -9 0.86 40
1 31 1 4 0.75 41
1 153 2 5 0.65 38
2 681 1 -9 0.85 41
1 237 1 7 0.85 41
2 520 2 4 1.25 43
1 258 1 4 0.65 40
1 196 2 4 1.05 42
1 371 1 10 0.92 43
2 437 2 4 0.6 37
2 487 2 -9 0.52 34
2 640 1 4 0.55 38
2 604 2 -9 0.4 31
2 454 1 4 1.02 40
2 394 1 5 0.78 40
1 179 2 -9 0.8 39
1 181 2 -9 0.5 38
2 583 1 5 0.7 37
1 15 1 -9 0.4 32
1 17 2 6 0.66 41
1 311 2 -9 1.7 46
1 336 2 -9 0.6 36
2 537 2 4 0.7 37
1 214 2 4 0.7 38
1 274 1 9 0.7 41
2 649 2 -9 0.92 41
2 648 1 -9 0.82 45
2 440 1 2 0.5 35
1 88 2 -9 0.65 40
2 634 2 -9 0.51 35
1 282 2 4 0.65 39
2 470 2 -9 0.59 33
1 310 2 -9 0.35 31
2 501 2 4 1.35 43
1 183 2 10 0.7 41
2 573 1 -9 0.7 35
1 154 2 6 0.9 41
1 146 1 8 0.8 41
1 108 1 -9 0.85 43
2 652 2 4 0.53 35
2 666 1 -9 0.25 28
2 537 1 2 0.5 33
2 551 1 2 0.5 34
2 531 2 2 0.5 32
2 425 1 4 0.3 32
1 79 2 -9 0.8 40
1 102 2 5 0.8 40
2 641 2 2 0.39 32
2 412 2 -9 1 44
1 284 1 -9 0.8 43
2 454 1 2 0.82 38
2 497 1 -9 1 44
2 397 2 4 0.74 39
2 568 2 4 1.4 43
1 30 2 4 0.9 40
1 113 1 -9 0.65 38
1 1 2 -9 0.96 43
2 674 2 -9 0.31 32
1 261 1 7 0.7 40
2 548 2 -9 0.5 35
1 211 2 -9 0.95 41
2 553 1 2 0.6 35
1 376 2 4 1 41
1 266 2 5 0.8 39
2 429 1 -9 0.75 39
1 87 1 8 0.7 43
2 405 2 -9 0.96 41
2 567 2 -9 1.4 44
1 112 2 7 0.7 39
2 541 2 4 1 41
1 278 2 6 0.9 41
2 548 1 4 0.55 36
1 199 1 -9 0.8 40
1 240 1 3 0.85 40
1 265 2 5 0.6 37
2 555 1 -9 0.45 33
2 418 1 -9 1 43
1 35 2 4 0.76 39
2 643 1 4 0.43 34
2 612 2 4 0.8 39
2 593 1 -9 1.05 40
2 414 2 5 1.22 44
1 295 2 4 0.35 35
2 502 1 6 1.55 45
2 401 2 -9 0.38 32
1 186 1 -9 0.7 42
2 585 1 -9 0.9 39
2 587 1 -9 0.5 33
1 360 2 -9 0.62 37
1 147 1 6 0.75 42
1 151 1 7 0.8 41
1 140 2 7 0.75 39
1 23 1 2 0.38 34
1 119 2 -9 0.55 37
1 165 1 4 0.75 39
1 19 2 -9 0.7 38
1 22 1 -9 0.6 37
2 687 2 5 0.83 40
2 680 2 5 1.09 40
2 658 1 4 0.33 32
1 318 2 -9 0.72 37
1 239 2 -9 0.85 39
2 433 2 -9 0.65 37
1 88 2 -9 0.7 41
2 647 2 2 0.48 33
2 621 2 3 0.6 34
2 476 1 2 0.47 32
2 505 1 2 0.85 38
2 507 1 -9 1.25 42
2 565 2 -9 1.3 42
1 27 2 4 0.72 40
1 155 2 5 0.7 38
1 147 2 4 0.9 40
1 122 2 5 0.7 39
1 6 1 -9 0.93 42
1 25 1 -9 0.62 38
2 668 2 -9 0.23 29
1 326 2 -9 0.69 36
1 327 2 5 0.5 34
1 198 2 4 1 42
1 218 1 4 0.6 37
1 217 2 4 0.7 38
1 213 1 8 0.8 42
1 260 2 8 0.8 42
2 547 1 -9 0.6 36
2 485 1 4 1 42
1 72 1 -9 0.55 41
1 81 2 -9 0.55 37
1 61 2 4 0.6 36
2 637 2 -9 0.57 34
2 531 2 -9 0.75 37
2 612 2 4 0.7 37
2 604 1 2 0.5 34
1 299 1 -9 0.75 42
2 388 2 5 0.86 40
2 388 2 -9 0.9 43
2 390 2 -9 0.92 42
1 189 2 -9 0.6 38
2 571 2 4 0.9 41
1 160 1 2 0.7 34
1 2 1 4 0.7 41
1 313 1 5 0.38 35
1 322 1 -9 0.46 32
1 273 1 7 0.75 42
1 203 2 8 0.9 43
2 535 2 -9 0.6 35
1 257 1 7 0.75 41
1 270 1 6 0.6 39
2 651 1 5 0.92 41
2 424 2 4 0.7 38
1 85 1 -9 0.5 37
1 62 2 -9 0.65 38
1 103 1 6 0.8 44
2 412 1 6 1.01 43
1 286 1 -9 0.95 47
2 474 1 4 0.51 37
2 472 1 2 0.54 35
2 471 1 4 0.6 37
1 173 2 -9 1 42
1 192 2 4 0.7 39
1 181 1 -9 0.3 31
2 582 1 -9 0.85 42
1 8 2 10 1.25 44
1 12 2 4 0.85 41
1 22 2 4 0.75 37
2 656 2 7 0.94 41
2 691 2 4 0.71 37
1 328 1 -9 0.81 41
1 344 2 4 0.5 35
1 335 1 -9 0.5 36
1 206 1 -9 1.05 44
1 244 1 7 0.8 42
1 267 1 6 0.7 40
1 382 1 8 0.87 45
2 649 2 4 1.26 42
2 416 1 -9 1.05 42
2 415 1 -9 1.05 41
1 68 1 -9 0.8 42
1 102 1 7 0.65 41
2 613 1 -9 0.6 35
1 291 2 -9 0.9 41
1 288 2 -9 0.9 41
2 468 2 4 0.62 35
2 516 2 2 0.45 32
2 562 2 4 1.2 43
2 569 2 4 1.3 41
1 149 1 4 0.7 39
1 113 2 -9 0.8 39
1 112 1 -9 0.8 41
2 663 2 2 0.57 36
1 333 1 -9 0.45 36
2 522 2 11 1 42
1 215 2 4 0.55 37
1 215 2 -9 0.8 42
1 204 1 -9 1 45
1 213 2 -9 0.95 42
1 250 2 4 0.6 36
2 550 2 -9 0.6 36
1 382 2 -9 0.94 41
2 555 1 -9 0.65 38
2 427 2 -9 0.55 37
1 36 2 -9 1.05 45
2 614 2 -9 0.6 35
2 608 2 -9 0.7 36
2 615 2 4 0.55 35
2 474 2 2 0.64 33
1 304 2 -9 0.55 36
2 677 1 2 0.43 33
2 665 2 -9 0.55 35
2 520 2 4 1.1 40
1 377 1 7 1.07 45
1 101 1 6 0.7 42
2 632 2 4 0.98 41
2 619 1 -9 0.6 35
2 409 2 3 1.01 40
1 306 1 9 0.95 47
2 512 2 -9 0.65 36
2 456 2 2 0.49 33
2 396 2 5 0.94 41
1 189 1 5 0.6 37
2 579 2 4 1 40
2 562 2 -9 0.9 42
1 154 1 6 0.75 41
1 26 1 -9 0.67 39
2 692 2 3 1.01 42
1 322 1 4 0.5 33
1 341 2 -9 0.55 35
2 528 1 -9 1.1 42
1 196 1 -9 0.8 41
1 216 2 -9 1.15 43
1 245 2 4 0.85 40
1 251 1 4 0.75 39
1 227 2 8 0.75 40
1 371 1 -9 0.95 44
2 547 2 4 0.7 37
1 269 1 7 0.85 42
2 648 1 -9 0.9 42
2 436 2 -9 0.7 37
1 49 2 -9 0.95 41
1 97 1 4 0.65 37
2 629 2 5 1.16 42
2 618 1 2 0.4 32
2 593 2 7 1.2 42
2 407 2 -9 1 43
2 480 2 -9 0.49 32
1 169 1 4 0.8 43
1 184 2 4 0.7 38
1 113 2 5 0.8 39
2 669 1 -9 0.56 36
2 666 1 2 0.35 31
1 224 2 3 0.55 37
1 199 1 4 0.8 41
1 196 2 -9 0.95 41
1 232 1 4 0.5 36
1 371 2 -9 1.19 43
2 436 1 5 0.75 40
2 488 1 -9 0.8 38
1 72 1 6 0.6 40
1 53 1 4 0.85 43
1 64 2 5 0.8 40
2 611 2 3 0.6 35
2 599 1 -9 0.45 32
1 302 1 5 0.65 40
2 449 2 -9 1.26 42
1 169 1 -9 0.7 41
1 176 1 -9 0.8 42
1 170 1 4 0.6 38
2 364 1 6 0.82 41
1 323 2 -9 0.38 30
1 346 1 3 0.55 37
2 543 1 4 0.8 38
2 541 2 -9 0.65 36
1 278 2 4 0.7 38
1 271 1 5 0.7 40
1 215 2 -9 0.7 41
1 220 2 4 0.7 37
1 227 1 7 0.8 42
1 277 1 4 0.55 37
1 372 1 -9 1.02 44
1 67 2 4 0.6 36
1 87 2 5 0.7 39
1 90 1 6 0.7 41
1 281 2 4 0.75 39
1 298 1 4 0.4 34
2 588 1 -9 0.6 33
2 581 1 -9 0.5 34
2 368 2 6 1.08 41
1 161 2 4 0.85 40
1 10 2 -9 0.98 42
1 162 1 9 0.85 45
1 23 2 -9 0.81 39
1 319 2 -9 0.45 32
1 237 2 -9 0.6 37
2 528 2 7 0.9 42
1 200 1 -9 1 44
1 274 1 6 0.7 40
1 235 1 7 0.7 40
1 225 1 7 0.75 40
2 551 1 -9 0.5 34
1 375 2 -9 0.85 41
2 530 1 -9 0.65 36
2 420 1 5 0.9 39
1 52 2 4 1 43
2 606 1 -9 0.5 35
1 307 1 -9 0.7 42
2 513 2 -9 0.75 37
1 193 1 -9 0.6 40
1 356 1 7 0.66 39
2 584 1 3 0.8 37
2 579 1 -9 0.7 36
1 147 2 4 0.75 38
1 138 1 8 0.8 43
1 139 2 7 0.75 41
2 654 1 6 0.58 39
2 688 2 4 0.81 39
2 681 2 4 1.01 41
1 340 2 5 0.45 35
1 259 1 7 0.7 41
1 273 1 4 0.7 39
1 275 2 4 0.85 41
1 247 1 7 0.8 42
1 233 2 5 0.9 41
1 226 2 4 0.8 40
2 485 2 -9 1.15 44
1 79 1 6 0.55 40
2 642 1 2 0.45 34
2 589 2 5 1.2 41
1 289 1 -9 0.8 44
1 283 1 -9 0.7 42
2 587 2 -9 0.7 37
1 357 2 4 0.76 39
1 148 1 4 0.8 39
2 657 2 -9 0.43 34
2 653 1 4 0.43 33
2 662 1 -9 0.51 35
1 341 2 4 0.6 36
1 224 2 -9 0.4 34
2 521 1 4 1 41
1 210 2 -9 0.9 40
1 218 1 -9 0.75 41
1 250 1 4 0.6 38
1 229 1 5 0.65 38
1 374 1 7 0.65 41
1 381 2 5 0.99 40
2 489 2 2 0.56 34
1 70 2 4 0.8 40
1 102 2 5 0.7 39
2 596 1 -9 1.15 42
2 457 2 2 0.65 35
2 483 1 -9 0.61 36
2 509 2 4 1.1 43
2 510 2 2 0.6 35
2 515 2 2 0.5 33
2 394 2 5 0.64 37
1 42 1 -9 0.78 41
2 583 1 -9 0.75 37
2 576 1 -9 0.6 34
1 361 2 3 0.52 36
1 357 2 4 0.88 40
1 112 2 -9 0.75 40
1 330 1 5 0.55 36
1 335 1 -9 0.55 36
1 237 2 -9 0.85 39
2 519 2 -9 0.9 37
2 537 2 -9 0.85 39
2 552 1 4 0.7 39
2 553 2 2 0.65 35
1 52 2 4 0.7 40
1 49 2 7 0.85 43
2 554 2 -9 0.75 36
2 544 2 -9 0.65 36
2 616 1 4 0.6 37
2 610 2 4 0.8 38
2 590 2 -9 0.8 41
2 589 2 -9 1 42
2 408 2 5 0.83 40
2 453 2 3 1.02 40
2 563 2 -9 1.1 42
1 28 2 4 1.1 41
1 29 2 7 0.96 42
1 38 1 4 0.7 39
1 359 2 -9 0.7 38
1 107 1 4 0.85 41
2 691 2 4 1.07 42
1 325 1 5 0.59 36
1 272 1 7 0.6 39
2 518 2 -9 1.2 43
1 215 1 4 0.7 40
1 222 1 -9 0.7 42
2 526 2 3 0.95 40
1 256 2 6 0.65 37
1 373 2 -9 1.07 43
2 434 1 -9 0.8 39
1 90 1 -9 0.55 38
1 94 1 4 0.55 37
2 629 1 2 0.7 38
1 37 1 4 0.72 39
2 534 2 -9 0.75 37
2 609 2 3 0.65 37
2 605 2 4 0.7 37
2 447 2 7 1.17 43
2 395 2 4 0.74 38
1 185 1 -9 0.6 40
1 356 1 8 0.84 43
2 584 1 -9 0.8 37
1 20 1 -9 0.4 34
2 670 1 -9 0.48 34
2 655 1 4 0.8 41
2 690 1 7 0.89 44
2 520 2 4 1.3 43
1 255 1 5 0.7 41
1 253 1 4 0.65 38
1 263 1 4 0.6 37
2 527 2 4 1.2 42
1 55 1 4 0.7 40
2 627 2 2 0.78 38
2 412 1 12 1.18 44
2 509 1 2 0.7 36
2 512 2 -9 0.55 33
2 396 2 4 0.8 39
1 174 1 5 0.65 38
2 572 1 -9 0.9 39
1 28 2 -9 1.15 42
2 574 1 -9 0.6 34
1 155 1 4 0.65 37
1 138 2 11 0.8 41
1 158 2 4 0.85 39
1 108 1 4 0.6 39
1 17 2 7 0.83 42
2 686 2 3 0.71 39
1 236 1 7 0.7 43
1 239 2 4 0.9 40
2 488 2 2 0.55 34
1 55 1 -9 0.85 42
1 84 2 -9 0.7 43
1 53 1 -9 0.75 43
2 646 1 2 0.46 34
2 601 2 -9 0.5 37
2 598 1 4 0.8 36
2 596 1 6 1.15 45
1 291 1 4 0.85 41
2 455 2 -9 0.83 38
1 295 2 -9 0.3 32
1 295 1 4 0.35 37
2 508 1 -9 1.05 42
2 578 1 -9 0.7 35
1 27 1 -9 0.44 36
1 27 2 4 0.66 38
1 358 2 4 0.78 40
2 688 1 7 0.7 41
2 687 1 6 0.82 43
1 322 2 -9 0.57 33
2 521 2 4 1 40
1 219 1 -9 0.85 44
1 380 1 -9 1.02 46
2 419 1 12 1.05 43
2 442 2 4 0.6 36
1 47 2 5 0.85 42
1 76 2 -9 0.6 38
1 74 1 4 0.6 38
2 627 2 4 1.15 43
2 609 2 -9 0.6 34
2 410 1 -9 1.09 46
1 291 1 7 0.75 39
2 476 1 -9 0.49 33
2 459 1 -9 0.63 35
2 468 2 2 0.51 33
2 572 2 3 0.7 35
2 581 1 3 0.8 38
1 348 1 -9 0.7 41
2 564 2 4 1.1 44
2 367 1 7 0.98 43
2 368 1 -9 0.78 38
2 577 1 -9 0.7 35
2 567 2 2 0.9 38
1 162 1 4 0.7 39
2 657 1 -9 0.49 34
1 315 1 -9 0.35 34
1 320 1 -9 0.29 33
1 205 1 -9 1.1 44
1 268 1 4 0.65 39
1 256 1 6 0.65 39
1 256 1 6 0.75 42
2 549 2 -9 0.65 35
1 309 2 4 0.9 41
2 482 2 3 0.56 34
2 503 2 -9 1.2 42
2 507 1 3 1.2 42
2 512 1 3 0.7 37
2 500 2 7 1.1 44
1 175 1 5 0.7 40
1 172 2 4 0.8 40
2 573 1 -9 1 39
1 359 2 3 0.46 35
1 357 1 -9 0.9 42
2 569 1 -9 1.2 43
1 123 2 4 0.55 36
1 331 2 -9 0.65 39
2 543 2 -9 0.55 34
1 236 2 -9 0.8 41
2 539 2 3 0.9 38
2 522 2 -9 1.1 42
2 526 2 -9 1.05 41
2 550 1 -9 0.5 34
1 371 1 7 1.13 46
2 489 2 2 0.47 34
2 495 1 -9 0.62 48
1 74 1 -9 0.6 39
2 630 1 12 0.95 44
2 544 2 2 0.7 37
2 544 2 4 0.8 37
2 620 1 -9 0.6 37
2 600 2 -9 0.65 36
2 468 1 -9 0.66 36
2 465 2 2 0.49 32
2 503 2 3 1.2 41
2 588 1 -9 0.5 34
2 575 2 4 0.9 38
1 156 1 5 0.6 38
1 157 2 4 0.85 40
2 685 1 1 0.14 25
