2 425 1 31 2
2 395 2 35 2
2 250 1 49 2
2 630 1 41 2
2 282 1 46 2
2 304 1 31 2
2 128 2 28 1
2 602 1 44 2
2 227 1 38 1
2 471 1 43 2
2 612 2 38 1
2 421 2 34 4
2 544 1 41 2
2 506 2 40 4
1 91 2 39 2
2 553 2 41 2
2 295 2 30 3
2 456 1 30 1
2 122 2 31 2
2 621 1 36 1
1 3 1 40 1
1 78 1 40 5
1 185 1 38 1
1 187 2 42 1
2 274 2 45 2
2 273 2 27 1
1 182 1 40 1
2 375 2 36 2
1 27 2 40 2
1 22 2 41 1
2 381 1 27 1
2 275 2 42 1
2 626 1 43 3
2 404 2 41 3
1 215 1 33 1
2 481 2 38 1
2 128 1 36 1
1 97 1 31 2
2 472 2 42 1
2 453 1 35 4
1 189 1 43 2
2 533 1 29 1
2 613 2 41 2
2 380 2 31 4
2 641 1 30 1
2 519 2 38 1
2 312 1 31 1
2 650 2 42 1
1 37 1 28 1
1 32 1 31 1
2 354 2 46 4
2 440 1 47 3
2 465 2 32 3
1 79 1 45 2
1 185 1 41 1
2 291 1 42 1
2 142 1 42 2
1 182 1 37 2
2 603 2 36 1
1 51 1 42 3
2 491 2 39 2
1 159 1 45 2
1 189 2 40 3
2 285 1 41 1
1 109 1 39 1
1 79 2 22 1
2 315 1 28 1
1 220 2 19 1
2 546 1 37 1
2 447 2 29 1
2 393 2 40 1
1 89 2 23 1
2 586 1 40 1
2 537 1 45 3
2 301 2 34 1
2 508 1 37 1
2 595 2 37 1
1 162 2 39 1
2 493 2 42 5
2 277 2 41 1
1 20 2 40 1
2 650 2 39 1
2 405 2 44 1
2 496 2 44 1
2 386 1 36 2
1 95 2 28 2
1 100 2 35 1
2 137 1 45 4
2 587 2 40 2
2 609 1 46 1
2 599 1 32 1
2 254 1 44 6
2 444 1 33 1
2 312 2 30 1
2 634 1 39 1
1 165 1 41 1
1 116 2 41 1
2 522 1 41 2
2 277 1 41 1
1 63 2 43 2
1 37 2 27 3
2 458 1 39 2
2 571 1 33 1
2 256 1 42 1
3 370 2 52 3
2 281 1 39 1
2 134 2 43 1
2 562 1 43 1
2 551 1 42 2
2 457 1 45 2
2 245 2 44 2
1 200 1 34 3
2 280 1 46 1
3 371 2 53 1
2 554 1 42 2
2 258 2 36 1
2 530 2 44 1
1 160 1 40 1
2 271 1 40 2
2 453 2 34 4
2 318 1 32 1
2 572 1 38 1
2 256 2 40 1
1 159 1 38 1
2 489 2 33 1
2 481 2 43 1
1 225 2 44 1
2 296 2 27 1
2 449 1 36 1
1 217 2 37 2
2 458 1 32 1
2 505 2 44 5
2 559 1 40 4
1 57 1 43 3
1 115 1 43 1
2 286 1 43 3
2 620 2 36 1
2 344 1 50 1
2 253 2 41 2
2 411 1 33 3
2 501 2 38 1
2 211 1 44 2
1 27 2 43 3
2 530 1 45 2
3 372 2 48 2
1 170 2 41 1
2 440 2 47 1
2 580 1 29 1
1 86 1 45 1
2 521 1 28 1
2 430 1 30 1
2 393 1 45 1
3 369 1 47 1
2 416 2 33 3
2 567 2 43 1
2 263 2 37 1
2 141 1 45 2
2 435 2 37 1
2 251 2 46 2
2 300 1 31 1
2 317 2 35 1
2 320 1 42 4
1 190 1 43 1
1 223 2 41 1
2 481 1 44 1
1 15 2 42 2
1 185 1 43 1
1 173 1 46 2
2 319 1 28 1
2 589 2 40 1
2 473 2 43 2
1 1 1 44 3
2 566 2 40 3
1 13 1 42 8
2 419 1 31 4
2 576 2 29 1
2 348 1 50 6
1 86 1 43 3
2 378 1 32 1
1 96 2 29 1
2 466 2 31 4
2 266 2 40 4
2 149 1 41 1
1 237 1 36 1
1 237 2 35 1
1 34 1 37 1
2 468 2 36 1
1 115 1 38 1
2 641 1 37 1
2 408 1 55 1
2 447 1 30 2
2 261 1 38 1
1 224 1 42 2
2 490 2 40 3
1 35 1 32 1
2 475 1 42 1
1 67 1 43 2
1 77 1 40 1
1 185 1 44 2
2 260 1 35 1
1 219 1 30 1
1 221 2 28 2
2 324 2 36 1
2 141 2 40 3
2 586 2 39 2
2 351 2 44 1
2 402 1 35 1
1 73 1 39 1
2 478 2 43 2
2 358 2 46 5
2 589 1 30 1
1 89 1 43 1
2 226 2 43 1
2 572 1 41 3
2 590 1 37 1
2 618 2 37 1
1 214 2 34 2
1 98 1 35 2
1 72 1 41 4
1 218 1 29 3
2 394 1 44 2
1 195 1 43 1
2 299 2 29 2
2 519 2 31 1
2 259 1 45 1
1 66 2 40 2
2 249 2 46 2
2 262 2 32 5
2 465 1 32 2
2 330 1 42 1
1 48 2 40 1
1 53 2 42 2
2 512 2 38 2
2 610 1 39 1
2 457 2 31 1
1 67 1 45 1
1 78 1 43 1
1 188 2 38 2
2 588 2 33 1
2 351 2 46 3
1 27 2 45 1
2 526 2 40 1
2 270 2 42 6
2 305 2 28 1
1 13 1 40 3
2 648 1 31 2
1 97 1 36 1
2 313 2 29 2
2 263 1 29 2
1 66 1 46 1
2 462 1 30 1
1 237 1 32 1
1 189 1 36 1
2 533 1 45 2
2 141 1 42 4
1 193 2 36 1
2 307 2 29 2
1 15 1 44 4
2 341 2 43 1
2 638 1 46 1
2 574 2 37 1
1 48 1 43 4
2 401 1 36 2
1 161 2 43 3
2 470 2 40 1
2 509 2 37 1
2 480 1 40 1
2 625 1 46 1
2 403 2 36 2
1 219 1 33 1
1 221 2 24 1
2 639 1 40 1
2 433 1 29 2
2 307 1 31 4
2 581 1 44 1
1 86 1 39 1
2 503 2 40 2
1 38 1 36 2
1 237 2 18 1
2 288 2 39 1
2 123 2 32 2
2 329 1 46 1
1 217 1 18 1
2 562 1 42 1
2 289 2 43 3
1 32 2 26 1
1 67 2 40 2
1 209 2 27 1
2 401 2 33 1
2 346 2 46 2
2 231 2 37 1
2 308 2 34 2
2 336 1 44 1
2 448 1 30 1
2 122 1 33 1
2 226 1 47 1
2 248 1 45 1
2 626 1 44 1
2 644 1 40 1
2 440 2 48 1
2 581 1 33 1
2 131 2 33 3
2 449 1 29 1
1 153 1 34 1
1 94 2 41 3
2 333 2 45 1
1 8 1 42 1
1 12 1 37 1
2 133 1 36 1
1 221 1 32 1
1 25 2 42 3
2 628 2 40 2
1 32 1 35 4
1 161 2 22 1
2 398 2 34 4
1 5 2 40 1
2 647 2 42 2
2 588 2 43 1
2 454 2 31 1
2 652 1 43 2
1 182 1 41 3
2 382 2 30 3
2 381 1 30 1
2 630 2 35 3
2 582 2 38 2
2 632 1 46 1
1 193 1 49 1
1 236 1 38 1
1 91 1 44 4
2 489 2 35 1
2 135 1 46 1
2 472 2 40 3
1 1 2 36 1
2 339 2 41 2
2 635 1 32 1
2 607 1 41 1
1 54 1 45 1
2 583 1 44 3
1 87 1 43 3
1 182 2 44 1
2 301 1 31 1
2 325 1 44 2
2 463 2 40 1
1 90 2 38 2
2 481 1 45 1
1 43 2 42 2
3 370 1 59 1
2 508 2 39 1
2 386 1 38 3
2 461 2 31 2
2 630 1 44 2
2 604 1 42 5
2 604 1 45 2
1 106 2 32 2
2 460 1 42 3
1 36 2 23 1
2 309 1 32 1
2 328 2 43 1
2 355 1 49 2
2 600 1 46 1
2 278 2 44 2
1 63 2 44 1
2 449 2 35 1
2 255 1 45 1
2 251 1 50 1
2 296 1 32 1
1 204 1 38 1
2 307 2 32 3
1 208 2 30 3
2 243 2 52 1
1 202 2 34 1
1 29 2 39 3
2 375 1 36 1
1 207 2 31 2
2 566 1 43 1
1 197 2 25 2
2 579 1 39 1
1 180 2 42 3
1 36 1 31 3
2 353 2 48 2
2 475 1 41 1
2 250 2 45 1
2 274 2 41 4
2 337 2 42 2
1 7 1 46 2
1 215 1 31 1
2 413 1 28 1
2 491 2 40 5
1 193 1 44 5
2 516 1 40 2
1 173 2 42 2
2 277 1 43 1
1 100 1 28 1
2 616 2 39 1
2 255 1 43 3
1 58 1 41 3
1 237 2 37 1
2 323 1 46 1
2 426 2 33 1
2 535 1 48 1
2 408 1 48 2
2 638 2 39 2
2 542 2 43 1
1 35 1 35 3
1 198 1 35 2
1 188 1 41 5
2 258 2 42 2
2 319 1 29 2
2 324 2 38 1
1 160 1 37 2
2 630 2 36 1
2 226 1 42 3
1 22 1 36 1
2 269 2 40 1
2 610 2 31 1
1 70 2 43 1
1 39 1 42 2
1 165 1 44 3
1 31 2 40 1
1 6 1 46 1
2 228 1 47 1
2 537 2 37 1
1 217 2 34 1
2 272 2 40 1
1 189 1 41 2
2 350 1 48 2
1 119 1 46 2
2 233 2 47 3
1 117 1 39 2
1 101 1 35 1
1 162 2 40 1
1 168 1 44 1
2 344 1 48 6
2 268 2 39 3
1 190 1 45 1
1 26 2 43 1
2 551 1 38 1
2 122 2 34 1
2 637 1 45 1
1 10 1 44 4
1 238 2 38 2
1 84 1 41 1
2 228 2 42 2
2 139 2 41 4
2 558 2 44 2
2 558 2 46 1
1 101 2 28 1
2 460 1 40 1
1 204 2 33 2
1 55 1 43 1
2 527 2 37 1
2 331 2 41 3
2 356 2 48 1
2 348 1 53 1
2 326 1 42 2
1 217 2 27 1
1 17 1 40 1
2 502 1 43 1
1 152 2 39 1
2 620 1 44 2
2 506 2 38 1
2 471 2 44 5
2 318 2 29 2
1 192 1 45 1
2 346 1 50 1
1 57 1 44 4
1 25 2 43 2
2 538 2 40 2
1 190 1 37 1
2 261 1 30 1
2 408 2 48 4
1 48 2 39 1
2 610 1 34 1
1 94 1 45 3
1 206 2 27 1
2 279 2 41 2
2 516 1 42 1
1 154 2 36 2
1 65 1 46 2
2 590 1 32 2
2 450 2 33 1
2 130 1 36 2
2 529 1 43 3
2 336 2 42 1
2 519 1 40 2
2 293 2 35 1
2 652 2 39 1
1 85 1 46 3
2 455 2 34 1
1 26 1 44 2
1 37 1 33 3
2 553 2 41 1
2 491 1 39 1
2 387 1 41 4
2 406 2 41 3
2 259 2 41 5
2 606 1 32 1
1 27 2 42 1
2 526 2 42 1
2 414 1 34 1
2 330 2 42 1
1 165 2 40 2
1 65 1 44 1
1 116 2 42 2
2 522 1 43 1
2 623 1 38 2
2 255 1 29 1
1 2 2 39 1
2 455 1 38 2
2 393 2 39 2
3 372 1 61 1
1 202 1 31 1
2 394 1 45 5
2 134 2 40 2
2 641 1 45 1
2 562 1 45 6
2 477 2 40 2
1 192 2 35 1
2 131 1 31 1
1 26 1 41 3
2 539 1 38 1
2 266 1 42 1
1 19 1 24 1
2 554 1 39 1
1 110 2 29 1
1 113 2 37 1
2 458 2 42 1
2 646 1 39 2
2 452 1 31 2
1 221 2 26 1
2 257 1 40 2
2 495 1 43 1
2 325 2 43 1
1 75 2 44 1
1 18 2 43 1
2 518 2 37 1
1 86 2 39 1
2 267 2 41 4
2 383 1 36 1
2 298 2 27 1
2 359 2 47 1
2 614 2 34 1
1 55 2 40 1
2 489 1 44 1
2 493 2 28 1
1 217 1 24 1
1 190 1 39 3
1 187 1 42 1
2 447 1 31 1
2 638 2 32 3
2 429 1 30 1
1 200 1 38 1
2 440 1 42 1
2 440 1 51 1
2 506 1 44 3
1 155 1 31 1
2 342 1 45 1
2 461 1 32 1
1 209 2 34 1
1 183 2 42 1
2 270 1 44 1
2 319 2 29 2
2 319 2 31 3
2 132 2 36 6
2 560 2 43 2
1 52 2 24 1
1 80 1 46 1
1 13 1 46 1
2 377 2 30 1
2 124 1 30 1
2 529 1 44 1
2 256 1 43 4
1 240 1 36 1
2 620 1 41 3
2 391 2 30 3
2 284 1 44 5
2 455 1 34 1
2 399 1 43 2
2 297 2 33 1
2 268 2 45 1
2 463 2 37 2
2 231 1 45 1
1 102 2 31 3
2 594 1 43 1
1 119 2 40 1
1 57 2 41 1
1 93 1 46 4
2 629 2 40 1
2 232 1 49 1
1 206 2 31 1
2 529 2 39 3
1 221 2 31 2
2 382 2 34 1
2 500 2 44 1
2 434 2 27 2
1 103 1 32 4
2 481 2 39 1
1 81 1 42 3
2 348 1 47 1
2 581 1 41 2
2 142 2 39 1
1 194 1 39 1
1 99 2 28 1
2 514 2 42 2
1 60 1 42 2
2 141 1 39 3
1 192 1 41 4
2 483 1 38 1
1 182 2 39 1
2 598 1 43 2
1 85 2 41 2
1 207 2 28 1
2 353 1 45 1
1 92 1 40 1
2 644 2 39 2
2 231 1 37 1
2 638 2 40 1
1 90 1 42 2
1 104 2 37 1
3 370 1 52 1
2 487 2 40 1
2 498 1 45 1
1 95 2 29 2
1 11 1 39 1
2 647 2 41 3
1 198 1 32 1
1 209 1 31 1
2 258 1 43 3
2 536 2 43 1
2 349 1 47 1
2 349 1 51 1
1 101 2 27 1
2 126 1 28 1
2 622 1 45 2
1 195 2 40 1
2 260 2 34 5
2 628 1 32 1
2 448 2 35 2
1 167 2 23 1
2 581 1 43 1
2 483 2 41 3
1 27 1 46 1
2 503 2 38 2
2 494 1 44 1
2 356 1 48 1
1 237 1 41 1
2 143 1 43 1
1 154 1 37 2
2 414 2 31 1
2 489 1 41 1
1 105 1 28 1
2 295 1 35 1
2 134 2 41 2
2 541 1 31 1
2 326 2 39 2
1 223 1 37 2
1 29 1 39 2
3 364 1 50 1
2 649 1 39 1
1 179 1 45 3
1 180 1 43 1
2 323 2 40 2
2 560 1 41 1
1 14 1 40 2
2 460 1 38 1
1 18 1 45 4
2 210 2 48 1
2 271 1 42 3
2 423 1 31 3
2 544 2 40 4
2 213 1 46 2
2 548 2 43 1
1 42 1 45 1
1 102 1 35 3
2 585 1 41 3
1 103 1 30 1
1 56 1 44 3
2 128 1 35 1
1 97 2 28 1
2 449 1 37 2
2 124 1 32 2
1 156 1 36 2
1 17 1 41 2
1 114 1 44 6
2 416 2 29 2
2 125 2 31 1
1 12 1 44 5
2 133 1 33 2
2 492 2 41 3
2 231 1 44 2
2 531 1 40 4
1 192 2 42 3
2 648 2 30 3
2 637 1 44 1
2 470 2 42 4
1 238 2 36 2
1 6 2 41 1
1 187 2 44 1
2 640 2 39 1
2 282 1 48 1
2 586 2 41 1
1 1 1 43 4
1 27 2 38 2
2 599 1 31 1
2 226 1 43 1
2 271 1 43 1
2 556 1 45 2
1 7 1 41 3
2 234 2 50 1
2 256 2 42 2
2 525 1 45 1
1 102 1 27 1
1 215 2 36 1
2 418 2 38 1
2 338 1 42 1
2 130 1 34 3
1 164 1 39 1
2 635 1 39 1
1 240 1 32 4
2 585 2 38 1
1 85 1 43 6
2 348 2 48 1
2 251 2 48 2
2 435 1 33 2
2 275 1 44 1
2 481 1 43 2
2 557 1 42 4
1 156 2 36 1
1 103 2 25 1
1 56 2 44 1
2 516 2 42 3
2 609 2 39 1
2 652 1 46 1
2 387 2 37 3
2 615 1 49 1
2 568 1 41 2
2 288 1 44 2
2 400 2 46 1
1 157 2 38 1
2 124 1 33 2
2 539 2 35 1
2 523 2 42 3
2 264 1 36 2
2 264 2 34 1
2 505 2 37 1
2 343 1 41 1
2 582 1 38 1
2 559 1 46 3
2 281 1 41 1
1 174 1 43 1
1 221 1 21 1
2 447 1 38 1
2 457 1 43 3
2 530 2 40 1
2 265 2 30 2
2 427 1 29 1
2 126 1 26 1
2 576 1 41 2
2 377 2 36 1
2 431 1 37 2
1 68 1 39 1
1 39 1 45 2
2 420 2 33 1
2 466 1 31 1
2 590 1 44 2
2 426 1 29 2
2 336 2 41 1
2 635 1 43 1
2 505 2 43 3
1 118 2 43 2
2 316 1 36 1
1 202 1 35 1
2 343 2 47 2
2 586 1 32 1
2 301 2 30 1
2 414 2 37 5
2 595 2 43 1
2 488 2 40 1
1 96 1 34 1
2 320 1 38 1
1 197 2 34 2
2 320 2 44 1
1 25 1 44 3
2 247 2 43 1
2 640 2 43 1
2 137 1 43 4
1 17 2 40 1
2 573 1 41 1
2 572 1 46 1
2 585 1 45 2
2 485 2 25 1
2 642 2 42 2
2 538 1 44 1
2 310 2 31 1
1 215 2 37 1
1 153 1 35 3
1 96 2 32 1
2 338 2 45 1
1 47 1 41 6
1 109 2 39 1
1 12 2 42 1
2 558 1 43 4
2 412 2 32 1
2 468 2 39 3
1 171 1 22 1
2 136 1 43 2
1 201 1 29 2
1 105 1 37 1
2 493 2 41 4
2 134 1 39 2
1 224 1 44 3
1 170 1 38 1
1 21 2 45 1
2 410 2 33 1
1 105 2 26 1
2 250 2 49 1
1 94 1 43 3
2 347 2 50 1
2 319 2 28 2
2 352 2 47 3
1 159 2 43 2
2 492 1 38 3
2 498 2 42 1
2 601 2 32 1
2 444 1 28 1
1 83 1 43 3
2 245 1 46 1
2 590 1 31 1
2 409 2 34 6
2 318 2 31 3
2 391 1 36 1
2 311 1 31 1
1 5 1 47 1
1 98 2 36 2
1 201 1 33 1
2 426 2 28 1
1 91 2 44 1
1 207 2 33 1
2 408 1 53 1
2 289 2 44 1
2 373 1 35 2
1 36 1 34 3
1 37 1 32 5
2 470 2 37 2
2 470 2 41 6
2 487 2 27 1
1 186 2 39 1
1 209 2 29 1
2 255 2 41 1
2 333 1 43 1
2 377 1 33 1
2 309 1 29 2
2 626 1 38 1
2 528 2 39 2
2 628 1 43 2
1 54 2 41 1
2 518 2 40 3
2 460 2 40 1
1 220 1 25 1
2 580 1 43 2
2 418 2 34 2
2 398 1 35 1
2 373 2 36 3
2 335 2 43 1
2 256 1 46 1
2 340 2 41 2
1 83 2 41 1
2 340 1 43 1
2 563 2 44 2
2 643 1 42 1
2 290 1 41 2
2 344 1 49 1
1 197 2 30 1
2 477 2 42 2
2 126 2 35 1
2 405 2 40 5
2 543 2 42 2
1 43 1 42 3
2 469 1 43 1
2 386 1 33 1
2 624 1 40 3
2 625 1 43 2
1 214 1 20 1
2 267 1 45 1
1 24 2 39 2
2 402 1 36 2
1 218 2 24 1
2 439 2 41 3
1 166 1 40 2
2 377 2 34 3
1 69 1 44 2
1 222 2 25 1
2 608 1 43 4
1 52 1 46 1
1 214 2 36 1
2 447 2 27 1
2 246 1 49 1
1 207 1 38 1
1 96 1 38 1
1 158 1 41 2
2 405 2 39 2
2 640 2 31 2
2 401 2 32 3
1 182 1 39 3
2 387 2 36 1
1 204 2 37 1
2 528 1 37 1
2 404 1 40 1
3 365 2 53 1
2 585 1 38 1
1 56 1 45 1
2 278 2 43 2
1 191 2 40 2
2 504 1 45 2
2 244 1 47 2
2 616 1 45 1
2 607 1 32 1
1 202 1 29 1
1 239 1 31 1
2 633 1 31 1
2 301 1 32 1
2 301 1 35 1
1 153 2 34 3
2 316 2 32 2
2 280 1 41 3
2 539 1 41 2
2 514 1 38 1
1 156 2 28 1
2 611 2 31 1
2 649 1 42 2
2 516 2 39 1
2 304 2 34 1
2 587 2 39 1
2 575 1 41 1
2 534 2 43 1
2 332 2 40 2
2 308 1 34 2
2 309 2 35 2
2 131 2 37 1
2 124 1 37 1
1 38 1 42 1
2 409 1 30 1
2 289 1 39 2
2 462 1 37 1
2 466 2 41 2
1 54 1 39 1
2 559 1 44 3
2 316 1 28 1
2 273 1 39 1
1 101 1 28 1
1 162 2 43 1
1 77 2 39 2
1 70 1 43 4
1 15 1 40 1
1 216 1 33 2
2 457 1 39 2
2 345 1 48 2
1 175 1 43 5
1 162 1 44 1
2 499 1 40 1
2 386 1 41 2
1 5 2 42 1
1 9 1 43 5
1 113 2 42 1
2 465 2 30 1
2 392 2 41 2
1 206 2 33 1
2 536 2 36 1
2 639 1 30 4
1 44 2 40 2
2 377 1 31 1
2 498 2 40 1
2 146 2 42 1
2 456 2 35 1
1 69 2 41 1
2 256 2 41 1
1 103 1 33 1
1 3 2 42 1
2 500 1 43 2
1 174 2 41 3
2 623 1 44 2
1 17 1 43 2
2 396 1 30 4
2 613 1 44 1
2 578 2 44 1
2 334 2 43 1
3 362 2 50 1
2 300 1 30 1
2 295 2 24 1
2 510 2 43 1
1 93 1 45 2
2 389 1 38 2
1 185 2 41 2
1 208 1 29 1
2 564 1 40 3
2 553 1 41 1
2 611 1 40 1
2 140 2 39 1
2 634 1 42 3
1 68 1 40 1
2 580 1 45 1
2 211 2 50 1
1 196 2 22 1
1 63 2 40 3
2 267 2 28 1
1 217 2 23 1
1 60 2 43 1
2 421 2 41 1
1 152 2 34 4
2 620 1 40 1
1 240 2 22 1
2 455 2 37 1
1 59 1 41 1
1 115 2 40 1
2 319 1 35 2
2 589 2 33 1
2 388 2 41 1
2 270 2 39 2
2 432 2 35 5
1 23 2 41 1
2 605 1 29 1
1 194 1 43 2
2 290 2 41 1
1 109 2 34 3
3 370 2 48 2
2 613 2 44 1
2 334 2 44 2
2 391 1 30 1
1 174 1 44 5
2 598 1 38 2
2 295 1 31 1
2 618 1 40 4
2 134 1 38 1
2 275 1 40 1
2 291 2 40 1
2 327 1 43 1
2 401 1 33 1
2 357 1 46 1
2 617 1 41 4
2 614 1 47 1
1 93 1 42 1
2 625 1 31 2
2 254 2 41 1
2 402 1 34 1
1 218 2 31 2
2 553 1 45 1
1 81 2 37 1
2 402 2 34 1
2 248 1 44 1
2 270 2 44 1
2 456 2 34 2
1 176 1 43 3
2 412 1 29 3
2 448 2 33 2
2 601 1 32 2
1 47 2 40 1
2 289 1 45 1
2 247 1 52 1
2 147 2 40 1
2 497 2 39 1
2 499 2 39 3
2 400 1 43 1
2 297 1 34 2
2 468 2 43 1
1 218 1 21 1
1 181 1 38 2
2 595 2 45 1
2 408 1 50 2
2 563 1 43 1
2 440 1 30 1
2 398 2 28 2
2 374 2 39 1
2 465 2 42 1
1 58 2 40 1
2 629 2 42 1
1 206 2 39 2
2 276 1 44 2
2 317 1 32 1
2 599 1 39 1
2 234 2 44 1
1 69 2 42 2
2 548 2 44 2
2 415 1 38 1
2 232 2 44 2
2 449 1 31 1
2 379 1 34 2
2 315 1 33 1
2 147 2 41 3
1 168 2 22 1
1 202 1 28 1
2 355 2 48 3
2 640 1 44 2
3 367 1 57 1
1 208 2 28 1
2 562 1 44 1
2 125 1 30 2
2 413 2 32 1
2 306 1 31 1
2 266 1 38 1
2 509 2 42 6
1 67 1 37 1
2 308 2 30 1
2 652 1 45 1
1 61 2 41 3
1 82 1 43 4
2 574 1 32 1
2 269 2 42 2
3 372 2 50 1
2 535 2 42 1
2 127 2 33 4
2 448 2 30 1
2 307 1 34 2
2 540 2 41 1
2 632 2 39 1
2 263 1 34 1
2 430 2 25 1
2 249 1 48 7
1 204 1 34 2
2 348 2 44 1
2 303 2 32 1
2 301 1 38 2
2 408 1 45 1
2 320 1 45 2
2 134 1 47 1
2 320 2 45 1
2 510 2 40 2
2 444 2 34 1
1 162 1 40 2
2 487 2 43 7
2 485 1 45 1
1 103 2 37 1
2 588 1 41 3
2 575 1 46 1
2 439 2 42 2
2 210 2 44 2
2 436 2 39 4
2 639 2 40 1
1 102 1 25 1
1 170 2 39 1
2 593 2 33 1
2 326 1 43 2
2 466 1 43 1
1 23 1 42 3
2 298 2 33 3
1 219 2 21 1
1 73 2 43 1
2 264 2 32 2
2 505 2 42 2
2 288 2 41 1
2 431 2 36 4
2 321 1 42 1
2 582 1 33 1
1 207 1 37 2
2 476 1 45 1
2 517 2 40 5
1 111 2 26 1
2 599 2 32 2
3 366 2 49 1
2 521 2 43 1
1 29 1 45 1
1 30 2 41 1
2 629 2 41 1
1 209 1 32 1
2 282 1 41 1
2 270 1 43 2
2 271 2 42 4
2 323 2 45 1
2 569 1 47 1
2 560 2 44 1
2 212 1 51 2
2 516 1 41 3
2 460 2 41 1
2 449 1 30 1
3 371 1 49 3
1 79 2 38 1
1 4 1 46 1
2 571 1 31 1
2 421 2 38 1
2 252 1 43 1
1 46 2 42 1
2 462 1 42 2
2 497 2 43 3
1 163 1 40 1
2 233 1 44 1
2 230 1 45 1
2 569 2 30 1
2 479 2 43 3
1 102 2 25 1
2 262 2 37 1
1 177 1 41 2
1 59 1 43 3
3 362 1 52 1
2 501 2 44 1
2 374 2 30 1
2 610 1 33 1
2 532 2 49 1
2 346 2 45 1
2 259 2 43 2
2 274 1 41 2
2 276 1 40 1
2 273 2 39 1
2 124 2 33 1
2 592 1 43 3
2 444 1 31 1
1 154 2 34 1
1 154 2 35 3
2 255 2 43 1
2 590 1 42 1
1 199 2 36 1
2 302 1 29 1
1 164 1 40 3
2 522 2 37 1
1 53 1 47 1
2 143 1 42 2
2 435 2 29 1
3 361 2 48 1
2 493 2 40 1
1 171 2 40 1
1 15 1 45 1
2 551 1 45 1
2 126 2 29 1
2 405 2 42 1
1 223 1 45 1
2 446 1 30 3
2 624 1 41 1
2 617 1 46 1
2 614 1 28 1
1 8 2 42 1
2 389 1 39 3
2 262 1 38 1
2 265 2 32 2
2 609 1 40 1
1 198 2 36 1
2 467 1 43 2
2 602 1 43 2
2 642 2 32 1
2 356 2 31 1
1 63 2 41 1
2 315 1 31 4
1 225 1 50 1
2 266 2 27 1
2 406 1 46 1
2 636 2 39 1
2 129 2 32 1
1 196 1 34 1
2 518 1 30 2
2 633 1 41 1
1 28 1 41 5
2 259 1 43 1
2 477 2 44 2
1 108 1 26 1
1 19 1 47 1
3 371 2 45 1
2 442 2 40 1
2 241 1 51 1
2 324 2 39 2
2 427 1 32 3
2 298 1 35 1
1 95 1 29 2
2 528 1 43 3
2 260 2 35 2
2 270 2 40 3
2 456 2 40 1
1 51 1 44 2
2 544 2 27 1
2 288 1 38 1
2 285 1 45 3
2 307 1 35 1
2 308 1 31 4
2 420 2 30 1
2 309 2 30 2
1 100 1 34 1
1 169 1 40 1
1 186 1 42 2
2 505 1 41 1
2 631 2 30 2
2 359 2 43 1
1 219 2 26 2
2 523 2 43 1
2 462 1 29 1
2 133 1 30 1
2 519 2 41 1
2 444 2 30 1
2 465 1 38 2
1 200 1 40 1
1 164 2 40 3
2 323 2 43 1
2 137 2 43 4
2 573 2 31 1
2 609 2 40 1
1 82 1 45 1
2 644 1 43 2
2 245 1 52 2
2 601 1 30 1
1 167 1 41 2
2 277 1 42 1
2 439 1 44 2
1 41 1 44 2
2 278 1 43 1
2 337 1 43 1
2 546 1 38 1
2 396 1 31 1
2 419 2 30 1
2 499 2 45 1
3 367 2 50 4
2 447 2 32 2
3 367 1 52 2
2 435 2 35 1
1 68 2 44 1
2 596 1 38 1
2 295 2 36 1
1 187 1 45 1
2 275 1 41 1
1 157 1 44 2
1 161 1 46 1
1 9 1 44 4
1 71 2 43 1
2 265 2 31 1
2 231 2 41 2
2 142 1 39 5
2 351 2 45 2
1 14 1 46 1
2 298 1 31 2
2 257 2 24 1
2 144 1 39 1
1 203 1 30 1
2 255 2 39 1
1 4 1 44 1
2 337 1 42 1
1 54 1 42 4
2 509 1 44 2
2 282 2 41 1
1 16 1 39 1
2 286 1 46 4
1 221 1 29 1
2 426 2 31 2
2 569 2 45 1
2 432 1 31 1
1 217 1 33 1
2 325 1 41 1
2 599 2 31 1
1 43 1 40 1
2 509 2 39 2
2 477 1 45 1
2 621 1 35 1
2 647 2 39 1
2 259 2 38 1
2 262 1 32 2
2 615 1 44 3
2 318 1 28 1
2 576 1 40 3
1 103 1 29 1
2 298 2 22 1
2 359 2 48 2
1 66 1 38 1
2 578 1 41 2
2 293 2 28 1
1 214 2 20 4
1 151 1 38 1
1 120 2 37 1
2 438 1 47 2
2 296 1 33 1
2 343 1 44 2
2 565 1 37 1
2 623 2 41 1
2 585 2 31 2
2 251 2 47 2
1 110 1 27 3
1 180 2 40 1
2 442 2 32 1
2 451 2 34 1
2 520 1 45 1
2 231 2 40 3
2 322 1 43 3
2 252 2 44 1
2 212 1 47 2
2 601 2 31 1
2 397 1 30 1
2 574 1 41 3
2 212 2 44 2
2 433 2 32 3
2 211 2 44 2
2 277 1 40 1
2 315 1 38 1
2 523 2 39 3
2 519 1 41 1
2 504 2 41 1
2 514 2 43 2
1 237 1 39 1
2 620 1 45 1
2 388 1 36 1
2 311 2 28 2
2 629 1 43 1
1 16 1 41 4
1 154 1 33 1
2 136 1 42 2
2 586 1 42 1
3 367 1 50 1
1 92 1 45 3
2 316 2 33 2
2 354 2 47 1
3 363 1 50 4
2 507 2 43 2
2 389 1 41 6
2 291 1 43 3
2 314 2 27 2
2 329 2 47 1
2 584 2 31 1
2 424 2 36 1
2 122 1 34 1
1 75 2 41 2
2 136 2 44 3
2 516 1 39 1
2 385 1 32 2
2 596 2 40 1
2 278 2 40 1
2 445 1 30 1
2 538 1 46 1
2 426 1 31 2
2 234 1 34 1
2 281 2 38 1
1 174 2 39 3
2 523 2 40 2
2 130 2 33 4
2 443 2 32 1
2 340 1 42 1
2 293 1 34 2
2 634 2 40 2
2 577 1 42 1
1 61 1 45 1
2 477 2 43 3
1 187 1 38 3
1 220 2 27 1
2 557 2 43 1
2 541 1 41 2
1 20 1 45 1
3 370 1 60 1
2 437 1 40 2
2 241 1 49 5
2 646 1 44 1
2 305 1 34 1
2 294 1 36 1
2 147 1 44 2
1 14 1 41 3
2 448 1 27 1
2 413 1 36 1
2 385 1 29 3
2 312 2 33 1
2 285 1 46 3
1 97 2 26 1
2 232 2 46 1
2 255 2 41 5
2 383 1 31 3
1 197 1 32 1
1 53 1 45 1
2 297 2 27 1
1 55 2 41 2
1 10 2 41 3
1 151 2 40 1
2 415 2 32 1
1 25 2 39 4
2 590 2 32 3
2 464 1 42 1
2 593 1 44 2
1 48 1 40 1
1 31 1 41 2
2 619 2 39 1
1 11 1 44 2
1 115 2 41 2
1 180 1 44 1
2 314 2 33 4
1 204 2 36 2
2 556 1 41 3
2 462 2 39 2
1 75 1 43 3
2 572 1 35 1
1 116 1 44 2
1 102 1 29 2
2 535 2 39 2
2 296 2 30 2
2 415 1 33 1
2 285 2 42 1
2 379 1 29 1
1 155 2 35 4
2 142 2 38 1
2 409 2 27 1
1 4 1 36 1
2 635 1 40 1
2 388 1 38 2
2 499 2 38 2
2 471 2 42 2
1 83 2 42 2
2 400 1 41 3
2 355 2 41 1
2 585 2 32 1
1 208 2 24 1
2 597 1 33 1
2 638 1 37 1
2 444 2 31 2
2 478 1 44 1
2 477 1 44 3
1 3 1 43 4
2 635 2 32 1
1 79 1 41 1
2 646 2 40 3
2 258 2 40 2
2 132 2 28 1
1 222 1 29 1
2 382 2 26 2
2 436 2 41 3
2 318 1 33 2
2 318 1 34 2
2 307 1 29 1
2 580 1 38 2
2 612 1 37 2
2 335 2 42 3
3 369 1 60 1
2 292 1 35 1
2 578 1 40 3
1 240 1 33 2
1 54 1 37 1
2 643 2 42 2
2 246 1 44 1
1 98 2 34 2
2 358 1 46 1
2 342 2 28 1
2 373 1 39 1
2 266 1 28 1
2 547 2 39 2
2 461 2 29 1
2 577 2 32 2
2 416 1 29 1
2 309 1 31 2
2 568 1 43 2
2 573 1 40 6
1 55 1 36 1
2 570 1 42 2
2 444 1 38 1
1 11 2 37 1
1 121 1 43 1
2 378 2 32 1
2 522 2 40 4
2 430 2 31 1
1 1 2 43 1
2 626 2 31 1
2 350 2 45 3
2 129 1 30 1
2 393 2 42 2
1 112 2 45 2
1 87 1 41 2
2 355 2 44 1
3 362 2 46 2
1 85 2 38 1
1 15 1 43 2
2 301 1 37 1
2 353 1 49 1
2 566 1 42 1
2 320 2 42 2
2 594 2 42 1
3 366 2 47 1
1 31 1 40 2
1 43 1 41 2
1 100 2 32 1
2 211 1 46 1
2 128 2 26 1
2 609 1 45 1
2 380 1 30 1
1 18 1 40 1
1 61 2 22 1
2 248 1 46 1
2 532 1 37 1
2 639 2 29 1
2 278 2 42 2
2 522 1 40 2
1 44 1 45 1
1 186 1 37 1
2 437 2 39 2
1 46 2 41 1
1 2 2 45 1
1 106 1 31 1
2 613 1 40 2
2 390 2 35 2
2 307 2 31 1
2 414 2 38 1
2 286 1 42 2
2 426 2 19 1
2 300 1 32 1
2 625 2 39 1
2 327 1 27 1
1 19 1 45 2
3 370 1 57 2
3 365 1 53 2
2 611 2 35 2
1 99 1 35 2
2 232 1 46 2
2 210 2 47 2
2 270 2 43 6
2 434 2 31 1
2 647 1 36 1
2 596 2 41 3
1 173 2 41 1
2 476 2 44 1
1 86 1 41 2
2 234 1 51 1
2 124 1 34 2
2 132 1 39 2
2 311 2 37 1
2 636 2 36 1
1 177 2 41 1
2 129 1 37 1
1 181 1 39 1
1 77 2 41 2
1 171 2 22 1
2 275 1 26 1
3 366 2 51 1
1 216 1 26 1
2 395 1 33 2
2 306 1 36 1
2 542 2 44 3
2 611 2 36 3
1 64 2 41 4
1 77 1 42 3
2 647 2 43 1
2 564 1 47 1
2 377 1 37 1
2 631 1 36 1
2 518 2 38 1
1 153 1 31 3
2 571 1 39 2
2 529 1 39 1
2 123 2 31 4
2 533 1 38 3
1 171 1 46 1
2 537 1 39 1
3 368 1 56 1
1 89 2 44 1
2 566 1 44 1
2 294 2 32 2
2 316 2 30 3
2 510 2 42 4
2 563 1 44 4
2 397 2 29 1
2 547 2 41 3
1 49 2 43 1
2 496 2 38 1
1 95 2 27 1
2 457 2 32 1
2 458 2 45 1
1 178 2 40 1
2 640 2 41 1
2 627 2 30 3
1 204 2 32 2
2 405 1 40 1
2 122 1 30 1
1 33 2 34 4
2 381 1 32 1
1 17 2 43 1
2 358 2 44 3
1 69 2 46 1
2 441 1 44 1
1 68 1 41 2
2 127 2 32 4
1 205 1 46 1
2 426 1 24 1
1 37 2 31 1
2 322 2 41 3
2 233 1 46 2
1 117 1 45 1
2 493 2 38 2
1 90 2 37 1
2 482 1 44 2
2 413 2 28 1
1 170 1 41 2
1 29 1 23 1
1 77 1 44 3
2 586 2 33 1
1 182 1 46 1
2 572 2 38 3
2 462 2 41 2
2 456 2 38 1
2 448 2 32 1
2 440 2 41 1
1 37 2 32 2
1 92 2 39 1
1 99 2 35 2
2 382 1 35 1
2 415 2 36 1
2 640 1 40 1
2 493 2 39 3
2 342 2 45 2
2 566 1 41 2
2 463 2 39 2
1 31 1 39 1
2 387 1 38 1
1 184 1 40 1
2 406 2 44 1
2 516 2 43 1
2 346 2 50 1
2 137 1 47 2
2 137 1 48 1
2 569 1 40 1
2 534 2 40 1
2 622 1 38 2
1 204 2 25 1
2 380 1 34 1
2 585 1 44 2
3 372 2 62 1
1 225 2 51 1
1 65 1 43 1
2 538 1 40 2
2 608 1 44 2
2 561 1 42 3
1 47 2 39 1
1 19 2 40 1
1 44 1 38 1
2 503 2 42 3
2 373 2 47 1
2 605 1 41 2
2 523 2 41 2
2 523 2 44 2
2 504 2 45 2
1 237 2 22 1
1 172 1 42 4
2 340 2 39 1
2 282 2 43 1
2 642 1 42 1
1 34 1 35 1
2 537 1 42 5
2 261 2 32 2
2 133 1 29 1
2 339 1 40 1
1 102 2 27 1
2 594 1 45 2
1 192 2 34 1
2 280 1 44 2
2 425 2 34 2
2 555 2 39 1
2 376 1 30 2
2 625 1 41 1
2 452 1 33 2
2 304 2 27 1
2 132 2 38 2
2 328 2 40 2
2 647 1 41 1
1 220 1 34 2
2 561 1 45 6
1 215 2 35 2
2 504 1 44 1
2 322 2 42 1
3 370 2 50 3
2 125 2 29 1
1 201 1 25 1
1 163 2 41 4
3 361 2 51 2
1 181 2 40 2
1 48 1 41 1
2 465 1 30 1
2 346 2 47 1
2 294 1 28 1
2 148 2 41 3
2 622 1 46 1
1 203 2 33 1
1 166 1 35 1
2 436 2 38 1
2 296 2 32 2
1 52 1 42 2
1 186 1 43 1
1 17 1 39 2
2 635 1 44 2
1 118 2 42 2
2 129 2 33 1
2 300 1 37 1
1 107 1 31 1
2 294 2 30 2
1 223 2 37 2
2 243 1 51 2
2 401 1 32 6
2 450 1 32 2
2 446 1 29 1
2 554 2 41 2
1 206 2 35 2
1 1 1 41 2
2 528 1 40 2
2 589 1 39 2
2 568 1 39 1
2 234 2 47 2
2 404 1 39 1
3 365 2 49 2
1 116 1 43 2
2 330 2 39 1
1 81 1 40 1
1 111 1 32 2
1 4 2 41 2
2 564 2 40 1
2 430 1 36 1
2 600 2 39 1
2 426 1 30 4
2 373 2 37 2
2 378 1 31 3
2 539 2 37 3
2 502 2 42 2
2 393 1 43 1
2 150 1 45 1
1 120 2 44 1
2 616 1 43 2
1 60 1 43 5
1 201 2 29 1
1 151 2 35 2
2 233 1 45 1
1 218 1 28 2
2 390 2 32 3
2 608 2 43 1
2 414 2 35 1
2 357 2 46 1
1 216 1 32 2
2 289 2 42 3
1 59 1 42 4
2 413 2 34 2
2 465 1 31 3
1 180 2 37 2
2 555 1 42 1
2 513 2 41 2
2 392 2 39 2
1 219 1 35 1
1 22 2 42 2
2 556 1 42 1
1 194 2 38 2
2 305 2 33 1
1 69 2 40 2
2 517 1 42 1
1 9 2 38 1
2 308 1 29 1
2 326 1 38 1
2 539 2 38 1
2 453 1 29 1
2 417 2 31 3
2 340 2 37 2
1 74 2 40 1
1 239 1 29 1
1 87 1 42 2
3 367 1 45 1
1 98 2 29 1
2 375 1 29 1
2 625 2 44 1
2 381 2 30 1
1 66 2 46 1
1 59 1 36 1
1 19 1 43 1
2 410 1 36 1
2 508 2 42 1
2 491 1 40 1
1 13 2 42 1
2 625 1 44 1
1 164 2 42 1
2 259 2 37 1
2 145 1 41 2
2 556 2 37 1
2 337 2 43 2
2 500 2 40 2
2 573 1 44 1
2 234 2 45 2
1 220 1 29 2
2 331 2 40 2
1 215 2 19 1
1 196 2 34 1
2 333 2 29 1
2 256 1 35 1
2 256 1 39 1
1 237 1 35 1
1 58 1 40 1
2 345 2 47 1
2 582 1 42 1
2 229 2 37 1
1 98 2 28 1
2 327 2 39 3
1 90 2 42 1
2 353 2 50 2
1 45 2 44 2
1 50 1 43 3
1 94 1 42 2
2 520 1 47 1
2 132 2 37 4
2 351 1 49 6
2 530 1 42 1
2 144 1 43 3
1 215 2 19 1
2 600 1 41 3
2 459 2 41 1
2 310 2 25 1
2 232 2 48 1
2 378 1 35 2
2 450 2 35 1
2 333 2 39 3
1 2 1 46 3
2 506 2 43 2
1 114 1 43 1
1 49 1 39 1
2 276 2 41 8
1 201 1 27 3
1 221 1 27 2
2 279 1 40 3
2 341 2 42 2
2 231 1 41 3
1 158 1 42 2
2 253 1 45 2
2 330 1 40 1
1 10 1 37 1
1 198 1 34 4
2 451 2 31 1
2 451 2 37 2
2 560 1 44 2
2 382 2 28 2
2 471 1 38 1
2 481 2 40 1
2 272 1 36 1
2 612 1 42 2
2 267 2 39 2
2 453 1 32 1
1 2 2 41 1
1 204 1 35 1
1 204 1 37 1
2 284 2 40 3
1 85 1 45 2
2 230 1 25 1
1 117 1 33 1
1 174 1 46 1
2 342 2 48 1
1 200 1 33 1
2 342 1 46 3
1 71 2 36 1
2 646 2 42 1
2 609 1 36 1
1 73 1 37 1
2 382 2 32 1
1 175 2 42 2
2 603 2 33 1
2 573 1 42 3
2 441 1 26 4
2 527 2 40 2
1 97 1 30 1
2 308 1 30 1
1 167 1 43 3
2 135 1 41 1
1 4 1 42 2
1 225 1 48 5
2 300 2 29 2
2 149 1 38 1
2 249 1 49 2
1 204 1 31 1
2 623 2 40 1
1 72 2 37 1
1 85 1 44 5
1 28 2 43 1
2 510 1 43 1
2 395 1 37 2
2 326 2 36 1
2 481 1 38 1
1 45 2 43 3
2 445 2 30 1
2 395 2 33 2
2 501 2 48 1
1 236 2 35 2
1 103 2 35 1
1 56 2 41 1
2 649 1 41 1
2 577 2 38 1
2 389 2 39 7
1 22 2 39 2
2 568 1 42 1
2 397 1 32 1
2 419 1 30 1
2 518 2 27 1
2 307 1 33 1
2 420 2 35 2
1 23 1 41 4
1 191 2 38 1
2 263 1 32 2
2 349 2 45 3
2 264 2 36 1
2 130 2 34 3
2 129 2 29 1
1 72 1 39 1
1 196 1 21 2
2 129 1 34 1
1 240 2 35 1
1 154 1 35 2
1 207 1 36 1
2 426 2 34 1
2 290 1 40 3
2 295 1 30 1
1 207 2 29 1
2 316 2 27 1
2 574 2 32 1
1 223 2 36 2
3 370 1 48 1
1 155 1 33 1
2 610 1 35 3
1 185 1 39 1
2 123 1 34 2
2 606 1 43 2
2 652 1 38 1
2 375 2 38 1
1 95 1 32 2
2 257 2 42 1
2 647 1 39 1
2 493 1 44 1
2 535 2 36 1
2 645 1 39 1
1 205 1 41 1
2 296 2 24 1
2 379 1 31 2
2 458 1 45 1
2 430 2 30 2
2 602 2 42 2
2 296 1 34 1
2 546 1 42 1
2 281 1 42 1
2 497 1 41 1
2 229 2 41 4
2 311 1 30 3
1 96 1 39 1
2 517 2 38 2
2 644 2 30 1
2 312 1 34 1
1 102 2 35 1
2 531 1 43 3
2 482 2 42 3
1 160 2 26 1
1 209 2 20 1
2 271 2 37 1
2 229 1 45 1
2 609 1 41 3
2 260 2 36 2
2 462 2 42 1
2 546 2 41 3
2 302 2 30 2
2 489 2 29 1
3 372 2 46 1
1 154 2 33 2
1 97 1 34 1
1 113 1 45 2
1 239 2 37 1
1 41 1 41 1
1 2 1 41 3
1 88 2 42 1
1 49 1 45 1
2 446 2 29 1
2 229 2 38 1
2 311 1 34 1
2 469 2 41 3
2 317 2 34 2
2 605 2 39 1
2 628 2 39 2
2 503 1 43 1
1 216 1 31 1
2 579 1 41 1
2 490 2 38 3
1 32 1 34 1
3 366 1 55 3
2 624 1 39 1
2 617 1 39 2
2 611 2 32 1
2 459 1 40 1
1 58 2 38 1
1 88 1 46 4
1 38 2 40 1
2 325 2 42 5
2 226 2 39 1
1 165 1 46 1
2 645 1 32 1
2 356 2 44 1
1 86 1 42 5
2 211 2 46 1
2 590 1 40 2
1 199 2 35 1
2 289 1 41 1
2 247 1 53 1
2 558 1 45 2
2 642 1 30 1
1 117 1 44 2
2 311 1 29 1
2 286 1 45 2
1 158 1 45 3
2 607 2 31 1
2 455 2 38 3
1 65 2 38 1
1 90 1 45 3
2 374 1 34 4
1 99 1 32 1
1 64 2 44 1
1 38 2 39 6
2 304 2 28 1
2 123 1 32 1
2 592 2 31 1
1 182 1 43 3
1 160 1 41 2
2 582 2 31 1
2 384 1 32 3
2 226 2 41 3
2 288 1 41 1
1 76 1 37 1
1 111 1 33 1
2 356 2 50 1
1 52 1 24 1
1 194 1 41 2
2 278 1 42 1
2 249 1 47 2
1 98 1 29 1
2 297 2 32 1
1 201 2 30 2
1 169 2 41 3
1 12 1 45 2
2 290 1 44 3
2 268 2 42 2
1 110 1 34 1
2 145 2 43 4
2 422 2 36 3
2 641 1 43 1
2 541 1 46 1
1 29 1 42 2
2 250 1 45 1
2 524 2 41 2
2 298 1 26 1
2 601 2 42 1
1 54 2 40 1
2 241 2 46 2
3 360 1 54 4
2 451 1 31 1
2 645 2 39 1
2 618 2 41 2
2 416 2 30 3
2 565 1 41 4
1 237 2 33 2
2 129 1 36 1
2 393 2 41 2
2 143 1 38 1
2 133 1 34 1
2 133 1 31 1
2 598 1 39 1
2 134 2 44 4
1 28 1 43 3
2 590 2 42 2
2 553 2 40 4
1 50 2 44 1
2 490 2 42 4
1 36 1 27 2
2 549 2 40 4
2 501 2 43 4
1 110 2 32 1
2 424 2 30 3
1 82 1 42 1
2 227 1 40 1
2 269 2 41 5
1 68 1 43 3
2 642 2 39 2
2 433 2 34 3
1 118 1 38 1
2 580 1 30 1
1 217 2 22 2
2 264 2 30 1
3 369 2 48 2
2 334 2 41 2
2 243 2 48 2
1 96 1 25 1
2 432 1 29 1
2 541 2 43 2
1 10 1 42 4
1 100 2 33 1
2 640 2 40 3
2 525 2 35 1
2 257 1 42 4
2 572 2 40 1
1 215 1 20 3
2 631 1 43 3
2 523 1 42 1
1 68 1 37 1
1 70 2 41 3
2 538 1 38 2
1 167 1 39 1
2 537 2 41 2
2 450 2 31 2
1 62 1 42 3
2 578 1 44 2
2 382 1 32 2
2 343 1 43 1
1 74 2 42 3
2 559 1 43 2
1 101 1 34 2
1 91 2 41 2
2 596 1 41 2
2 428 2 29 1
1 162 1 32 1
2 459 1 44 2
1 67 1 41 2
1 76 2 43 1
1 79 1 38 1
2 451 2 29 1
2 399 2 41 3
2 306 2 27 1
2 584 2 38 2
1 101 2 33 2
2 416 1 37 1
2 388 2 40 2
2 271 1 35 1
2 257 2 36 2
1 7 1 43 2
2 566 2 41 3
1 70 2 38 2
2 601 1 45 1
1 3 2 38 1
1 52 1 43 3
2 398 1 30 1
1 17 1 42 2
2 242 1 46 3
2 320 1 44 2
2 562 2 43 3
2 291 2 41 1
2 235 2 49 1
3 363 2 47 1
2 418 1 39 1
2 437 1 39 3
2 554 1 43 4
1 71 2 39 2
1 79 1 43 1
2 584 1 40 3
2 467 2 41 1
2 226 1 41 1
2 439 2 45 1
2 572 2 39 2
2 213 1 50 1
1 191 1 43 2
2 515 2 42 4
2 515 2 44 2
2 476 2 40 3
1 217 2 38 1
1 169 1 45 1
2 391 2 27 1
1 196 1 20 1
1 151 2 36 2
1 240 2 36 2
1 193 2 40 2
3 368 1 57 1
2 229 2 25 1
3 362 2 48 2
1 5 1 44 2
3 364 2 50 3
1 163 2 42 2
2 605 2 40 2
1 207 2 37 1
2 280 2 42 2
1 50 2 39 2
2 291 2 38 1
2 444 2 28 1
1 90 1 43 3
2 411 1 34 1
1 110 2 26 3
2 461 1 31 2
1 67 1 39 2
2 211 1 47 2
2 276 1 37 1
2 229 1 43 1
2 287 2 38 1
2 606 1 42 7
2 375 2 30 1
1 218 2 30 1
2 639 1 43 1
1 80 1 41 2
2 133 2 35 1
1 83 1 44 4
3 372 2 61 1
2 296 2 28 2
1 237 1 26 1
1 49 1 43 4
1 72 1 42 2
2 415 2 33 3
2 390 2 36 5
3 362 2 49 2
2 569 2 31 1
2 519 2 39 1
2 312 1 28 1
2 315 2 26 1
1 158 1 44 5
1 177 1 43 1
2 617 1 38 2
2 147 1 45 2
2 598 2 41 3
2 592 1 44 1
2 571 2 39 1
2 571 2 41 2
2 473 2 29 1
1 1 1 39 1
2 226 1 46 3
2 544 2 43 1
2 302 2 33 1
2 288 1 46 1
2 576 2 43 1
2 400 2 30 1
1 47 2 35 1
1 86 2 43 1
2 293 2 34 1
2 149 1 42 2
1 168 2 42 2
2 297 2 31 3
2 340 1 45 3
2 587 1 38 1
1 171 1 48 1
2 293 1 33 1
2 633 1 40 1
2 633 1 46 1
1 208 2 33 2
2 311 1 36 1
1 221 1 28 1
2 427 2 31 3
2 627 1 39 1
2 134 2 36 1
1 153 2 26 1
2 563 1 39 1
2 508 2 43 1
1 105 2 37 1
2 458 2 37 1
2 137 1 46 5
2 146 1 42 2
2 589 2 34 1
2 495 1 41 1
2 423 1 32 1
2 146 2 40 1
1 80 1 43 3
2 639 2 32 1
2 568 1 40 1
1 42 1 44 5
2 400 2 37 1
2 619 1 42 2
2 600 2 36 1
3 371 1 56 1
2 526 1 41 3
2 438 2 47 3
2 514 2 41 3
1 239 1 30 1
2 594 2 40 1
2 373 1 46 1
2 342 1 47 2
1 100 2 27 1
2 211 1 54 1
2 227 2 40 1
2 592 1 40 3
1 218 2 39 1
2 540 1 41 3
2 647 1 44 1
1 22 1 45 3
2 610 2 37 4
1 176 2 38 1
2 606 2 40 2
1 37 2 33 3
1 155 2 38 2
2 396 2 30 3
2 246 1 47 1
2 434 1 32 3
2 143 1 40 3
1 119 1 42 3
1 28 2 42 3
1 70 1 42 4
1 153 2 21 1
2 479 2 41 1
2 594 1 40 3
2 563 1 41 1
1 10 1 45 2
3 363 2 50 4
2 410 1 31 2
2 554 2 42 3
1 3 1 42 2
2 250 1 47 3
2 349 1 53 1
2 329 2 45 2
2 124 2 32 1
2 573 2 38 1
2 252 2 46 3
2 145 1 42 2
2 122 1 32 1
2 540 1 44 1
2 628 1 30 2
2 256 2 43 1
2 392 1 37 1
2 600 2 40 2
2 298 2 26 3
2 130 2 36 2
2 419 2 34 2
1 163 1 44 2
3 372 1 50 1
2 390 2 37 1
2 261 2 31 3
2 268 2 43 4
2 134 1 44 2
1 108 2 29 2
2 386 1 40 3
1 16 2 43 1
1 99 1 29 2
2 461 1 39 1
2 625 1 42 1
2 536 1 41 3
1 160 1 22 1
1 73 1 43 5
1 218 2 34 1
2 611 1 32 1
1 89 1 47 1
1 193 1 42 3
1 91 1 43 4
2 143 2 39 1
1 205 1 39 1
1 116 2 44 1
1 100 1 36 1
2 398 1 38 1
2 502 2 43 1
1 30 1 44 1
1 119 1 41 3
1 33 1 34 1
1 28 1 39 1
1 192 2 40 1
1 216 1 35 2
1 181 2 44 1
2 235 2 46 2
2 490 2 43 3
2 410 2 36 1
2 148 1 42 2
2 375 2 33 2
2 622 1 40 3
1 36 2 21 2
1 7 1 44 2
1 64 1 43 1
2 628 1 45 2
2 576 1 37 1
2 486 2 43 2
1 156 1 32 1
2 290 2 39 1
2 264 1 33 3
2 396 1 32 1
1 60 1 41 3
1 36 2 31 1
2 265 1 33 2
2 597 1 44 1
2 580 2 32 2
2 495 2 42 1
2 583 2 42 1
2 394 2 42 2
2 445 2 34 4
2 374 2 36 2
1 117 2 40 1
2 262 1 25 3
2 229 1 44 3
2 329 2 40 3
1 106 2 34 1
1 73 1 44 2
2 556 2 43 1
2 305 2 32 2
2 434 2 34 2
2 423 2 26 1
1 97 2 34 2
2 503 2 39 2
2 472 2 39 2
2 527 1 37 1
2 289 1 44 3
2 337 1 40 1
2 396 2 26 1
2 506 2 39 4
2 343 1 47 2
2 582 1 30 2
2 318 2 30 1
1 63 1 45 3
2 294 2 29 1
2 607 2 41 1
2 482 1 46 1
1 50 1 41 1
2 418 1 27 1
1 155 1 36 1
2 399 2 26 1
2 283 2 48 1
1 173 1 44 2
2 592 2 41 1
1 101 2 35 1
1 69 2 38 2
1 69 2 39 2
2 245 1 47 3
1 6 1 43 3
2 472 1 41 1
1 196 2 21 2
1 100 1 35 2
1 96 2 36 6
2 578 1 32 1
1 2 2 42 2
1 58 1 45 2
2 587 1 43 1
1 240 2 31 1
1 192 1 43 1
2 276 2 36 1
1 96 1 36 2
2 463 1 38 1
1 181 2 38 1
1 35 2 31 1
2 480 1 45 2
2 376 2 37 1
2 621 1 41 3
2 146 1 46 1
2 588 2 44 1
2 609 2 42 2
2 609 1 37 1
2 305 2 29 2
1 152 1 35 1
2 377 2 29 1
1 76 1 40 6
2 211 2 48 2
1 190 2 39 2
2 268 1 41 1
2 255 1 38 2
2 406 1 44 1
2 311 2 27 1
2 565 1 32 1
1 237 2 29 1
2 547 1 46 1
2 391 1 32 1
1 62 2 43 1
1 102 2 28 1
2 275 1 45 2
2 607 2 35 1
1 48 1 36 1
2 465 1 33 1
1 31 1 42 4
1 30 2 44 1
2 555 1 43 2
2 549 1 40 1
2 479 1 45 2
2 406 2 40 2
2 138 1 41 1
2 564 1 42 4
2 424 2 29 3
2 448 1 31 1
2 302 2 28 1
2 593 2 43 1
1 179 2 44 2
2 415 1 31 3
2 379 2 32 1
2 335 2 39 3
2 431 2 34 1
2 533 1 40 2
2 352 1 47 1
3 369 2 51 1
2 286 1 41 2
2 538 2 38 1
1 153 2 23 1
1 89 2 41 2
2 593 1 43 1
2 261 1 35 2
2 490 2 41 5
1 20 1 44 2
1 19 1 38 1
1 40 1 46 2
2 450 1 30 1
2 491 1 45 1
1 100 2 28 1
1 180 1 41 4
2 322 1 41 2
2 460 1 44 4
1 39 2 40 1
2 397 1 26 2
2 269 2 43 2
2 535 2 38 1
2 127 2 30 1
2 356 2 43 2
1 196 2 19 1
1 52 1 21 1
1 186 1 39 3
2 505 1 46 1
2 359 2 46 2
2 502 1 40 1
2 293 2 29 2
2 568 2 39 2
2 494 2 38 4
2 607 1 36 1
2 419 2 31 1
1 12 1 41 2
1 205 2 41 3
2 469 2 43 3
1 63 1 41 1
1 70 1 36 1
2 625 2 31 1
2 569 2 42 1
1 110 1 28 3
2 301 1 36 1
2 144 2 44 1
2 464 1 30 1
2 315 2 30 3
2 258 2 38 1
2 399 2 28 1
2 304 2 33 1
2 584 2 41 2
2 520 2 39 4
2 271 1 44 3
2 462 2 32 1
2 572 1 44 4
1 159 1 43 4
2 634 1 40 4
2 296 2 33 1
2 503 2 41 5
1 113 1 44 1
1 121 1 45 4
1 94 2 42 3
2 266 2 41 1
2 396 2 33 2
1 168 2 39 3
1 49 1 42 1
2 582 1 45 2
2 210 1 45 2
1 171 1 43 4
1 85 1 37 1
2 508 1 41 1
2 641 1 41 4
2 593 1 46 1
1 26 2 38 1
2 651 2 31 1
2 425 1 37 1
2 450 1 34 1
2 555 1 45 2
2 646 2 41 3
1 1 1 40 2
2 520 2 41 1
2 456 2 30 1
2 328 2 42 3
2 397 1 31 3
1 64 1 41 2
2 544 2 41 4
2 330 2 40 3
2 576 2 31 1
2 650 1 45 2
2 606 2 38 1
2 130 2 27 1
2 417 2 30 3
1 177 2 38 2
2 565 1 42 4
1 49 1 44 2
2 229 2 43 1
2 145 2 41 3
2 122 2 35 1
1 200 1 28 2
3 364 1 53 2
1 161 2 40 4
2 424 1 37 1
2 490 1 44 1
2 498 1 44 1
2 259 2 40 4
2 305 1 38 1
2 148 2 37 2
2 351 1 48 3
2 540 1 42 2
1 194 2 39 1
3 365 2 50 4
1 22 1 43 3
2 585 1 46 1
2 634 1 38 3
2 612 2 40 2
1 165 1 42 1
2 150 2 40 1
3 371 1 47 1
2 379 1 27 1
2 500 1 44 1
2 453 1 34 1
1 8 1 34 1
1 196 1 29 1
2 642 1 40 1
2 468 2 41 5
2 391 1 29 1
2 577 1 44 4
2 569 2 39 1
2 562 1 41 3
2 482 2 43 1
3 366 1 50 1
1 162 1 35 1
2 425 2 35 1
2 555 1 39 1
1 155 1 27 1
2 624 1 45 1
2 232 1 50 4
1 200 2 30 3
1 186 2 40 2
2 146 1 44 3
2 132 2 35 1
1 101 2 30 1
1 175 2 44 1
2 122 1 35 1
2 333 1 41 1
2 260 2 33 2
2 603 2 39 1
2 432 2 32 2
2 404 2 26 1
2 647 1 42 1
2 634 1 30 1
1 37 2 21 1
1 155 2 37 1
2 378 2 30 1
2 515 1 40 4
2 246 2 47 2
1 118 2 45 1
2 406 1 40 3
2 416 2 32 2
2 141 1 43 1
2 558 1 42 2
2 518 1 29 1
1 169 2 40 1
1 28 2 41 3
2 301 1 34 4
2 295 2 32 2
1 108 2 31 1
1 108 2 36 3
2 521 2 38 2
1 48 1 44 1
1 161 1 41 2
2 501 2 42 3
1 155 1 25 1
2 459 1 29 1
2 407 2 46 1
2 132 2 25 1
2 589 2 31 1
2 584 1 33 1
2 564 1 29 1
2 286 2 41 1
1 44 2 41 2
2 127 2 31 1
2 331 2 42 2
2 378 1 30 3
1 60 2 38 2
2 567 1 31 1
1 88 2 43 1
1 109 2 35 3
1 237 1 37 1
2 417 2 28 1
2 565 1 38 2
1 57 1 46 1
1 110 1 29 2
2 408 1 51 1
2 457 1 42 1
2 475 2 42 4
2 374 1 37 1
1 6 2 40 1
1 6 2 42 2
1 99 1 30 2
1 58 2 41 2
1 180 1 37 1
1 184 1 41 1
1 198 1 33 2
1 183 1 43 2
2 530 2 41 2
1 221 2 37 1
2 227 2 41 2
2 228 2 26 1
2 294 1 38 1
2 389 2 41 1
2 333 1 38 1
2 611 1 39 1
2 582 2 32 1
2 212 1 45 1
1 69 1 46 1
1 165 1 40 1
2 400 2 44 2
2 272 1 41 1
1 215 2 38 1
1 169 1 42 3
1 156 1 35 5
2 545 2 27 1
2 458 1 41 1
1 47 1 42 5
1 114 1 42 2
2 246 1 48 2
2 642 1 32 1
1 197 2 32 4
2 122 2 30 1
1 161 1 42 3
1 16 2 40 1
1 117 2 42 1
1 120 1 41 1
2 324 2 40 4
1 27 2 41 1
2 532 1 41 2
2 528 2 36 1
2 576 1 30 1
2 548 2 41 2
2 288 1 42 6
2 619 1 39 2
1 44 1 47 1
1 169 1 46 3
1 191 2 39 3
2 422 1 32 2
1 219 2 27 1
1 107 2 29 1
2 388 1 39 3
2 388 1 40 3
1 106 1 26 1
1 154 1 36 4
2 633 1 30 1
1 208 2 36 1
2 488 2 41 6
2 517 2 42 2
2 235 1 48 2
2 457 1 30 1
2 482 1 43 1
1 209 1 28 1
1 209 1 36 1
2 524 2 42 1
2 633 2 32 2
2 462 2 43 1
1 184 2 44 1
2 628 1 31 2
2 548 2 40 5
2 212 2 45 1
1 70 2 39 1
2 600 2 41 1
1 100 1 27 1
2 302 1 35 1
2 298 2 31 1
2 515 1 41 1
2 515 1 42 3
1 55 2 44 1
3 372 1 57 1
2 623 2 43 1
1 36 2 26 1
2 596 1 40 1
2 291 2 42 2
1 26 1 42 3
3 371 2 44 1
2 614 1 46 1
1 110 2 30 2
1 71 1 42 2
1 84 1 44 1
2 598 2 42 1
2 592 1 42 2
2 592 1 31 1
2 460 1 43 2
2 467 2 45 2
2 439 2 40 1
2 305 2 26 1
2 525 1 39 1
2 631 1 41 2
2 489 2 43 2
1 81 1 41 3
2 448 2 34 1
2 303 1 30 3
1 157 2 41 1
2 423 2 34 1
1 215 2 30 1
2 605 1 42 2
2 649 2 33 2
2 384 2 29 1
2 333 2 40 2
2 347 1 50 3
2 429 2 24 1
2 340 1 27 1
1 119 1 38 1
2 633 1 32 2
2 537 1 43 2
2 537 1 44 1
1 33 1 36 2
2 311 1 33 1
2 286 1 44 4
1 110 1 25 1
1 91 2 38 1
2 503 1 42 1
2 463 1 40 1
1 48 1 42 2
2 474 2 42 5
3 371 2 50 1
3 363 1 52 1
2 550 2 40 1
2 342 1 49 1
2 614 1 40 1
1 120 1 43 4
2 336 1 43 4
2 124 2 37 2
2 579 2 42 1
2 586 2 31 1
1 24 2 41 4
2 622 1 39 3
2 434 2 32 2
2 397 1 35 1
2 312 2 35 1
2 255 2 22 1
2 600 2 37 1
2 534 1 37 1
2 420 1 32 1
1 112 2 42 1
1 171 1 45 3
2 643 1 40 3
1 163 2 38 2
2 535 1 45 1
1 26 2 23 1
2 579 1 40 1
1 177 1 37 1
1 224 1 41 3
2 321 2 40 1
2 418 1 29 1
1 236 2 37 1
2 407 2 49 1
1 187 2 39 1
2 287 2 37 1
2 558 2 41 2
2 587 2 65 1
1 182 1 47 1
2 145 1 39 1
1 73 1 40 1
1 55 1 46 1
2 444 1 34 1
1 176 1 44 4
2 377 2 31 1
1 176 2 41 3
2 445 1 34 1
1 27 1 42 1
1 197 1 20 1
2 458 1 31 1
1 120 2 32 1
2 251 1 49 3
2 396 1 34 1
1 98 1 31 2
1 98 1 34 1
2 347 1 49 4
1 239 1 36 3
1 182 2 41 1
2 608 2 41 1
2 427 2 24 1
2 618 1 41 2
1 63 1 44 3
2 149 2 40 3
2 315 2 27 4
2 383 2 29 2
1 43 2 38 2
2 477 1 40 1
1 13 2 43 1
1 110 2 27 1
2 322 1 45 2
2 128 2 33 1
2 589 2 42 1
2 351 1 51 1
2 478 2 38 3
2 611 1 35 2
2 589 1 32 1
2 325 2 38 1
2 212 1 46 3
2 377 2 23 1
2 610 2 35 2
3 360 1 47 1
2 459 2 30 3
1 203 1 28 1
1 118 1 36 1
2 449 2 30 3
2 399 1 29 1
2 613 2 39 2
2 636 1 42 2
2 312 1 32 1
2 444 2 33 1
1 29 1 41 5
3 364 1 44 1
2 635 2 31 2
2 651 1 45 1
2 584 1 42 6
2 633 2 28 1
2 448 1 29 2
2 641 2 39 2
2 275 2 41 3
2 436 2 40 2
1 215 1 27 1
2 620 2 39 1
2 527 2 43 1
2 527 2 44 1
2 392 1 42 1
2 308 1 35 2
2 308 1 32 2
2 430 1 31 2
1 196 2 31 1
2 302 1 32 1
2 565 2 41 1
2 643 2 39 3
2 420 1 27 1
2 586 1 45 1
2 243 2 46 1
3 364 2 51 1
2 325 1 40 1
1 220 2 32 2
1 21 1 42 3
2 418 1 30 1
2 475 1 40 2
1 236 2 36 3
2 232 1 44 1
1 81 2 42 2
2 436 2 37 2
1 64 1 40 1
2 525 1 46 2
2 561 1 41 1
1 118 1 39 1
1 190 2 41 1
1 153 1 37 1
2 631 2 32 2
2 252 1 49 2
2 567 1 42 3
1 189 1 40 2
1 224 2 43 1
2 508 1 44 2
2 469 2 38 2
1 29 2 43 3
2 575 2 42 2
2 583 2 40 3
2 315 2 32 3
2 465 1 39 1
2 465 1 42 3
1 50 1 37 1
2 376 2 35 1
1 82 2 43 1
2 211 1 51 1
2 142 1 40 2
2 564 1 41 2
2 375 2 31 1
2 628 1 42 1
2 576 1 31 1
2 525 1 43 3
2 600 1 39 4
1 56 1 43 2
1 222 2 31 2
2 595 1 38 1
3 371 1 61 1
2 607 1 38 2
1 7 2 38 1
2 290 1 39 1
1 223 2 34 1
2 579 1 28 1
1 181 2 37 1
1 177 1 44 2
2 261 1 34 6
2 557 2 40 1
2 465 1 41 1
2 542 2 48 1
2 481 1 40 1
2 635 2 40 1
2 267 1 26 2
2 329 2 46 1
2 146 1 40 1
2 639 1 32 2
1 13 1 22 1
2 390 1 34 1
1 222 2 23 1
2 564 2 41 2
1 79 2 41 2
2 438 2 43 2
2 438 2 46 1
1 219 2 28 1
1 66 1 43 6
2 292 1 29 1
2 466 2 40 2
1 214 2 19 1
2 447 2 31 3
2 434 1 26 1
2 125 2 30 2
2 303 2 35 1
1 168 1 43 1
2 575 2 31 1
2 299 2 34 3
2 574 2 30 1
2 457 1 44 2
1 46 1 44 1
1 161 2 41 3
2 410 1 35 2
2 425 1 36 1
2 555 1 40 1
2 374 1 41 1
1 120 1 42 3
1 57 2 40 3
2 140 1 42 3
2 633 2 40 1
1 61 2 44 1
2 526 2 41 1
1 203 2 27 1
2 570 1 44 2
2 400 2 43 1
1 19 2 39 1
2 386 2 37 1
2 616 2 41 2
2 616 1 46 1
1 172 1 43 2
2 129 2 37 1
1 106 1 30 1
2 565 1 44 4
3 367 2 54 1
2 230 2 40 2
2 261 2 37 2
2 414 2 39 1
2 138 2 38 1
1 61 1 34 1
2 628 2 37 1
2 320 1 43 1
2 235 1 47 2
2 447 1 35 2
1 192 2 36 1
2 456 1 33 1
2 397 2 28 1
1 35 1 19 1
2 354 2 45 2
2 484 2 46 2
1 238 1 31 3
1 64 2 42 1
1 71 1 40 2
2 287 2 45 1
2 146 1 38 1
2 591 2 41 2
2 622 1 43 2
2 582 2 39 2
2 245 1 49 2
2 601 1 44 1
1 59 2 42 3
2 132 1 38 1
2 421 2 35 4
2 615 2 43 1
2 506 2 42 3
1 151 2 37 1
3 369 2 54 1
1 218 1 26 2
1 207 2 27 2
2 583 2 43 1
2 599 2 39 1
2 599 2 30 1
2 463 1 41 2
2 579 1 43 1
2 465 1 40 2
3 371 2 48 1
2 470 2 38 1
2 475 1 44 2
2 487 2 44 2
1 71 2 22 1
1 183 2 43 1
2 287 1 45 2
2 536 1 39 2
2 564 1 44 2
1 106 2 24 2
1 106 2 25 1
1 73 1 41 5
2 639 1 45 1
2 470 1 42 1
1 80 1 44 3
2 632 1 32 2
2 628 1 40 2
2 413 1 31 2
2 576 1 42 1
2 576 1 39 1
2 312 2 29 1
1 76 1 46 1
2 522 1 42 2
2 234 1 46 1
1 121 1 47 3
1 164 1 41 3
2 453 1 36 1
2 420 1 33 1
1 196 1 26 1
2 642 1 43 1
2 230 1 42 2
2 394 1 46 2
2 243 2 51 1
2 580 2 33 1
1 166 2 44 1
2 144 2 42 2
2 596 1 44 3
2 477 2 34 1
2 562 2 42 1
2 591 1 36 1
2 465 1 43 2
2 501 2 45 2
2 250 1 52 1
2 247 2 46 2
1 77 1 38 1
1 198 1 19 1
1 188 1 38 2
1 209 1 35 2
2 520 1 49 1
2 260 1 34 2
2 138 1 45 2
1 78 2 42 3
2 254 1 43 1
2 227 1 42 2
1 176 1 42 1
1 216 2 27 1
1 91 1 39 1
2 648 1 29 1
2 245 1 44 1
2 619 1 40 1
2 466 1 33 2
2 211 2 45 1
2 527 1 40 1
1 240 1 34 2
2 544 1 45 1
2 288 2 42 2
2 350 1 47 1
1 55 2 43 1
1 121 2 42 2
2 321 1 46 1
2 400 1 28 1
1 57 1 45 1
1 12 1 42 1
1 34 2 35 2
2 605 2 33 1
2 422 2 35 5
2 242 1 48 2
1 192 2 39 2
1 223 2 39 1
1 21 1 45 1
1 8 2 37 1
2 250 2 47 2
2 629 2 30 1
1 185 2 40 1
2 451 2 36 1
2 349 1 48 2
2 226 1 45 2
2 433 1 30 2
2 385 1 27 1
1 69 1 38 1
1 220 1 28 1
1 6 1 38 1
2 601 1 41 1
2 476 2 42 2
2 383 1 29 2
2 409 2 33 2
2 616 2 44 3
2 328 1 43 2
2 340 2 42 1
1 151 2 33 2
2 233 2 48 2
2 634 2 41 2
1 163 2 37 2
2 492 2 39 2
1 15 1 42 5
2 517 2 39 1
1 157 1 42 5
1 113 2 35 1
2 389 1 40 2
2 525 2 42 1
2 259 2 39 2
1 214 1 21 1
2 128 2 31 1
2 381 1 29 3
1 55 1 45 2
2 595 1 48 1
2 415 1 36 4
2 430 1 33 1
2 338 2 28 1
2 290 2 40 3
1 47 1 22 1
2 499 2 37 1
2 443 2 39 1
2 447 2 28 1
1 36 2 29 1
2 497 1 38 1
2 636 1 30 2
2 489 1 40 1
2 242 1 47 2
2 594 1 38 1
2 541 1 39 1
2 321 2 41 5
2 539 1 29 1
1 43 2 43 1
1 160 2 43 1
1 178 2 41 1
1 188 2 42 2
2 560 2 42 1
2 560 1 46 2
2 351 1 50 4
2 380 1 28 1
1 193 1 45 4
2 634 1 44 1
2 460 2 38 1
2 603 1 32 1
2 593 2 41 1
1 118 1 43 1
2 605 1 31 1
2 268 1 45 1
1 66 1 42 3
1 1 2 41 1
2 256 1 38 1
2 449 2 32 2
2 293 2 30 2
2 396 2 31 2
1 118 2 41 1
2 546 1 45 2
2 416 2 27 1
1 106 1 29 1
2 471 2 41 2
1 201 2 26 2
2 582 1 40 1
3 372 1 59 1
2 233 2 43 1
1 208 2 29 3
2 243 2 54 1
2 427 2 33 1
2 380 2 33 3
2 317 2 30 5
2 493 2 43 1
1 37 1 31 1
2 394 2 41 1
1 238 1 27 1
1 115 2 42 3
2 358 2 47 2
1 203 2 31 1
2 310 1 31 1
2 433 1 31 1
2 550 1 37 1
2 619 1 43 3
2 248 2 49 1
1 4 2 37 1
2 561 1 43 2
2 131 2 28 1
2 135 1 42 3
1 197 1 30 2
2 311 2 35 2
2 345 2 49 1
2 139 1 42 2
2 642 1 44 1
2 587 1 44 2
1 218 1 34 2
2 229 2 39 1
3 367 1 48 1
3 362 2 52 1
2 327 2 37 1
2 317 2 25 1
2 353 1 50 1
2 134 1 41 1
2 593 1 38 1
2 477 2 41 1
2 607 2 42 1
2 428 2 34 2
2 548 1 44 1
2 474 2 40 1
1 36 1 28 2
2 411 1 31 3
2 376 1 35 2
2 247 2 45 1
2 211 1 49 2
2 317 1 29 2
2 257 1 25 1
2 448 1 28 1
2 467 2 43 2
2 602 1 39 1
2 334 1 42 1
2 270 2 41 4
2 433 2 29 2
1 19 2 22 2
2 612 1 44 1
1 197 1 38 1
2 430 2 34 1
2 242 2 40 1
2 247 1 47 2
1 120 2 41 3
1 177 2 45 1
1 202 1 33 1
1 153 2 35 1
1 108 1 34 2
2 512 2 39 5
2 509 2 41 2
2 621 1 38 2
1 8 2 43 1
1 67 2 42 1
1 93 1 44 4
2 319 1 30 3
2 324 2 37 1
2 598 2 40 1
2 358 2 48 5
2 602 1 32 1
1 89 1 41 1
2 580 1 32 1
1 19 2 42 3
2 130 1 33 1
2 487 1 38 1
2 494 2 33 1
1 74 2 39 2
2 583 1 43 2
1 72 2 38 2
2 597 1 31 1
2 327 2 42 2
2 306 1 28 1
2 488 1 43 1
2 651 1 46 1
2 273 2 41 3
2 229 1 42 2
2 148 1 37 1
2 530 1 43 3
2 439 2 44 1
2 248 1 48 2
2 570 1 37 1
2 385 1 34 2
1 191 1 46 1
1 65 1 40 1
2 348 1 51 2
2 601 1 38 2
1 217 2 31 1
2 338 2 43 1
2 298 2 29 2
2 255 1 42 3
2 244 1 49 4
2 438 1 50 3
1 192 1 39 1
2 608 2 38 1
2 380 2 35 1
2 249 2 47 1
2 411 2 28 2
2 245 2 46 1
2 539 1 39 2
1 46 1 42 2
2 478 1 41 1
1 155 1 34 2
1 94 1 46 2
2 346 2 44 1
1 198 2 28 2
1 222 1 31 1
2 416 1 32 1
2 530 1 38 1
1 82 1 39 1
1 75 1 44 7
1 215 1 29 1
2 433 1 28 2
2 566 2 31 1
1 22 1 40 1
3 360 2 58 1
1 109 1 34 1
2 538 1 43 2
1 86 2 40 2
2 267 2 38 1
2 649 2 41 1
2 453 1 31 2
2 578 1 42 1
2 443 2 29 1
2 412 2 30 1
1 171 2 42 1
2 325 1 42 1
1 89 2 40 3
2 455 2 35 5
2 474 2 41 1
2 539 1 43 2
2 354 2 44 2
1 50 1 36 1
1 9 1 41 2
1 99 1 31 1
1 179 1 41 1
1 185 2 38 1
1 208 1 37 1
2 254 2 42 1
2 283 1 40 1
2 352 2 46 3
2 405 1 44 2
1 18 1 41 4
2 639 1 42 3
1 89 1 42 2
2 471 1 44 2
2 493 1 48 1
2 642 2 38 2
2 612 2 36 1
2 619 1 38 1
2 272 1 39 1
2 604 2 32 1
2 379 1 30 1
1 239 2 28 2
2 534 1 44 1
2 430 2 32 2
1 73 2 35 1
2 578 1 38 2
2 396 2 32 2
2 613 1 41 1
2 468 2 42 2
2 625 2 42 6
2 510 1 38 1
2 538 2 36 2
2 149 2 42 2
2 134 1 43 2
2 262 2 29 2
2 579 1 45 1
2 401 1 34 3
1 36 1 37 2
2 477 1 42 1
2 458 2 38 2
2 241 1 48 3
2 451 2 30 3
2 615 1 40 1
2 212 1 48 2
2 355 1 44 1
2 312 2 31 1
1 102 1 31 2
2 486 2 42 2
2 459 2 31 1
2 601 1 43 1
1 167 2 43 1
2 522 2 39 4
2 527 1 39 1
2 328 1 42 1
2 246 2 44 1
2 543 1 28 2
1 152 2 32 1
2 297 2 30 4
2 642 1 37 2
2 233 2 49 1
1 98 2 30 1
2 344 1 45 1
2 464 1 39 2
2 551 2 42 2
1 26 1 38 2
1 170 1 37 2
1 25 1 45 1
2 357 1 47 1
1 40 1 43 5
2 496 2 40 4
2 651 1 41 4
2 569 1 44 1
2 592 1 39 1
2 641 2 40 2
1 203 2 34 2
1 215 1 34 1
2 397 1 34 2
2 574 1 43 2
2 400 2 42 2
2 645 1 38 1
2 234 1 49 2
2 458 1 30 2
3 369 1 51 3
2 399 1 45 1
2 352 1 48 5
1 33 1 35 1
1 85 2 40 1
2 535 1 40 2
1 217 1 23 1
2 579 1 38 1
2 637 1 30 3
2 359 1 50 2
3 366 1 53 3
1 179 1 42 1
1 209 1 27 1
2 314 2 29 1
1 33 2 33 1
2 456 2 29 1
1 191 1 45 1
1 81 1 46 1
2 527 2 41 1
2 552 1 40 1
2 392 1 40 1
1 4 2 42 2
1 239 2 26 1
3 369 1 50 3
2 504 2 44 5
2 130 2 31 2
1 152 2 27 1
2 382 1 29 2
1 54 1 41 1
2 443 2 34 5
2 393 2 37 2
1 51 2 41 4
1 34 2 39 2
2 133 1 32 1
2 553 2 38 2
2 464 1 37 1
1 190 1 46 1
2 593 1 39 1
1 157 1 41 1
2 533 2 38 2
1 108 1 30 2
3 362 1 55 3
1 43 2 45 1
2 418 1 35 1
2 407 2 48 1
1 76 2 42 3
2 279 2 43 1
2 287 2 42 1
2 584 2 32 1
2 473 2 45 1
2 252 2 47 2
2 387 2 35 1
2 286 2 42 1
2 146 2 41 1
2 572 1 39 2
1 116 1 45 2
2 355 1 51 1
2 412 1 27 2
2 128 1 34 1
1 199 2 31 1
1 239 2 34 2
2 263 2 33 1
2 441 2 43 1
2 533 1 43 3
2 316 1 33 1
2 563 2 38 1
2 587 1 45 1
2 210 1 44 1
2 136 1 45 3
1 61 1 40 4
2 290 1 42 5
1 197 2 29 1
2 295 2 23 1
2 607 2 40 2
2 280 1 40 3
2 353 2 47 5
1 42 2 41 2
2 450 1 33 1
2 624 1 47 2
2 128 2 35 1
1 101 2 32 1
2 478 2 40 5
2 416 1 30 2
2 568 1 44 1
2 144 1 44 2
1 31 2 43 3
1 27 1 45 1
2 234 1 48 3
2 124 1 36 2
2 252 1 48 4
2 451 1 33 2
2 473 1 42 1
2 399 1 44 2
2 284 2 45 1
1 36 2 36 1
1 57 1 40 1
1 195 1 45 1
2 411 2 32 1
2 463 1 30 1
2 313 1 32 1
2 395 1 34 1
1 19 1 35 1
2 437 1 38 2
2 617 1 40 1
2 250 2 53 1
1 185 2 39 1
2 254 2 39 1
2 399 2 29 3
2 323 2 42 2
2 404 2 43 1
3 360 1 52 3
1 179 2 42 1
2 581 1 42 1
1 113 1 39 1
1 113 1 41 3
2 338 2 42 5
2 534 1 41 1
2 384 2 34 2
2 393 1 41 2
2 515 1 39 2
1 189 1 45 2
2 385 2 34 1
2 443 2 36 4
1 7 2 41 3
2 284 2 39 2
2 318 2 32 1
2 578 2 33 1
2 293 1 35 1
2 276 2 43 1
2 307 2 30 3
2 643 1 44 2
2 426 2 32 1
2 495 2 41 3
2 593 1 45 1
2 294 2 34 1
2 249 2 43 1
1 40 1 40 3
2 646 1 43 1
2 349 1 50 2
2 147 1 41 1
2 132 2 34 2
2 473 2 40 3
2 500 2 41 5
2 603 2 40 1
2 404 2 39 1
2 310 1 34 1
1 216 2 28 1
1 39 1 43 1
1 154 2 38 1
1 6 1 45 2
2 476 2 39 2
2 521 1 44 1
2 398 1 33 1
2 626 2 38 1
2 339 2 40 6
2 616 1 44 2
1 114 1 40 1
2 316 1 27 1
2 143 1 44 3
2 625 2 43 2
2 299 2 31 4
2 301 1 33 1
1 197 2 33 1
2 541 2 41 2
2 275 1 42 1
2 294 2 27 1
1 192 2 38 1
2 397 2 30 2
1 32 1 23 1
2 555 2 42 2
2 475 1 43 1
2 488 1 40 1
1 236 2 34 2
2 649 1 38 1
2 392 2 40 2
2 525 2 43 1
2 347 2 47 2
1 214 1 18 1
2 630 2 40 2
2 226 1 44 3
2 312 2 32 1
2 517 1 44 1
2 604 2 39 1
2 437 2 40 2
2 256 1 45 1
2 264 2 39 1
2 438 1 45 1
1 172 1 44 1
2 143 1 41 1
1 240 2 27 2
1 119 1 40 1
2 317 2 32 2
2 295 2 26 1
2 345 1 51 4
2 359 1 48 1
1 104 1 35 1
1 164 2 43 1
1 183 2 39 1
2 529 2 40 2
2 575 1 42 1
2 571 2 42 2
1 14 1 43 4
1 39 2 42 2
2 526 2 39 2
2 632 1 28 1
1 114 2 30 1
1 220 1 30 1
1 65 1 45 1
1 118 1 46 2
2 612 1 40 1
2 124 1 28 1
1 153 1 40 1
1 4 1 41 2
1 12 2 39 1
2 125 2 36 1
2 468 2 38 1
2 314 1 33 1
2 577 1 45 1
1 110 1 31 1
1 102 2 32 1
3 364 1 51 2
2 549 2 41 4
1 11 1 45 4
1 56 2 43 1
2 520 1 27 1
2 273 2 44 1
2 323 2 44 1
2 135 2 40 2
2 512 1 42 1
2 416 1 31 1
2 270 2 45 1
2 570 1 45 2
2 603 1 31 1
2 341 1 43 1
2 545 2 42 2
1 60 2 39 1
2 452 2 36 1
2 244 1 53 1
2 382 1 31 3
2 420 1 28 1
2 435 2 36 2
3 364 2 44 1
2 618 1 44 1
2 535 1 38 1
1 20 2 41 1
1 177 1 38 1
1 119 2 35 1
2 266 1 44 1
1 223 1 42 4
1 56 2 37 1
1 67 2 37 1
2 258 1 42 2
2 329 2 42 4
2 135 2 37 1
1 33 2 36 3
2 270 2 37 1
2 453 2 35 3
2 302 2 34 1
2 600 1 42 2
2 143 2 42 2
2 285 1 44 5
1 165 1 43 3
2 127 1 29 1
2 382 1 34 1
1 54 1 43 2
1 189 1 39 1
1 163 1 42 1
2 139 1 41 4
3 370 2 40 1
1 205 2 43 1
1 25 2 41 3
1 87 2 44 2
2 235 2 44 2
2 280 1 45 2
2 326 2 42 4
1 37 1 34 2
2 484 2 41 3
1 84 2 42 2
2 317 1 34 1
2 584 2 37 1
2 592 2 38 1
1 14 1 45 1
2 622 1 37 1
2 615 1 39 3
2 639 2 41 1
2 269 2 38 2
2 576 2 39 1
2 245 1 53 1
1 31 2 36 1
1 116 2 40 1
2 348 1 49 1
2 604 2 40 3
2 379 1 36 1
2 142 2 37 2
1 219 2 22 1
1 53 1 44 3
2 567 1 37 1
1 120 2 42 2
1 49 1 41 2
2 420 1 37 1
2 447 2 34 1
3 370 2 55 1
2 141 1 40 1
2 346 1 51 2
2 311 1 32 1
1 34 2 34 1
1 105 1 30 1
1 29 2 42 2
2 517 2 37 1
2 552 2 39 2
2 410 1 33 4
2 479 1 44 3
1 113 2 36 1
2 392 2 43 3
2 558 2 43 4
2 587 2 42 1
2 579 2 40 1
1 195 2 42 2
2 448 2 24 1
2 440 2 46 2
1 94 2 43 1
2 529 1 41 1
1 152 2 20 1
2 417 2 34 2
2 488 2 42 5
2 375 1 31 1
3 368 2 50 3
1 36 1 26 2
1 214 1 23 1
2 305 1 35 1
2 140 1 38 1
2 473 2 39 3
1 195 2 38 1
2 526 2 38 1
2 574 1 39 4
1 111 1 31 1
1 6 1 41 2
2 232 2 45 3
1 23 1 44 1
2 605 1 43 6
1 197 1 33 1
2 299 1 30 1
2 147 2 42 2
2 494 2 43 1
2 438 1 52 1
2 350 2 44 1
2 403 1 34 2
2 390 2 29 1
2 489 1 39 1
1 195 1 41 1
1 190 1 44 2
2 411 2 33 1
2 637 1 42 1
2 511 2 42 1
2 514 1 41 3
2 465 2 38 1
2 646 2 31 1
2 142 1 38 1
1 182 1 45 1
2 298 1 28 1
1 166 1 44 1
2 136 2 39 1
2 390 1 36 3
2 603 1 42 1
2 348 1 48 2
2 595 1 41 1
1 167 1 35 1
2 349 2 48 2
2 568 2 42 1
1 240 1 31 1
2 419 2 36 2
2 446 2 26 1
1 202 1 26 1
1 34 2 36 2
1 61 1 42 3
2 327 2 38 1
1 70 1 41 2
1 217 1 19 1
2 341 2 39 1
2 231 1 39 1
2 277 2 40 1
2 533 2 37 1
2 650 2 41 1
2 551 1 29 1
1 119 2 45 1
2 490 2 39 1
1 95 2 32 1
1 238 1 36 1
2 564 1 46 1
2 571 2 43 1
1 218 2 32 1
2 641 2 37 2
2 254 1 39 1
2 540 1 39 1
2 546 2 40 1
2 460 2 33 1
2 648 1 42 2
1 225 2 46 3
2 296 2 36 1
2 608 1 31 2
1 167 1 44 3
2 228 1 45 2
2 472 1 40 1
2 567 1 38 1
2 614 2 40 2
2 426 2 23 1
2 627 1 43 1
2 581 2 41 1
2 279 1 44 2
2 443 1 34 1
1 197 2 20 1
2 253 2 40 6
2 563 1 42 2
3 362 1 48 1
3 365 1 55 2
2 508 2 37 1
1 78 1 41 2
1 200 2 27 3
1 219 1 36 1
2 575 1 29 1
2 375 2 32 1
2 381 1 33 1
1 166 1 43 1
2 271 1 45 1
2 133 2 38 1
2 570 1 39 1
2 140 2 43 1
1 42 1 46 1
2 392 1 44 1
2 310 2 29 4
2 564 2 42 2
1 27 1 40 1
1 225 1 49 2
2 272 2 39 1
2 149 1 39 1
1 60 1 36 2
2 329 1 42 1
2 441 2 40 3
1 12 2 45 1
2 230 1 41 1
1 117 1 38 1
2 488 2 39 1
2 299 2 33 2
1 190 1 38 2
1 220 2 35 2
2 395 1 30 1
3 368 2 54 1
1 104 2 30 2
1 223 1 44 4
1 29 1 43 3
2 513 2 39 3
2 501 2 41 5
1 184 1 43 2
2 304 1 26 1
2 275 2 39 1
2 384 1 28 3
1 68 1 46 1
1 220 1 27 2
2 228 1 41 2
2 616 2 40 3
2 393 1 39 1
2 504 2 43 5
2 249 1 46 3
2 391 1 34 1
2 575 2 32 1
1 91 2 42 1
2 353 1 48 2
1 92 1 44 3
2 464 1 38 1
2 566 1 45 2
2 594 2 41 3
1 157 1 45 1
2 411 2 29 2
1 223 1 41 1
1 41 2 43 1
2 475 2 43 1
2 647 2 38 1
1 186 2 42 1
2 347 2 45 1
1 172 2 37 1
2 294 1 32 2
2 588 1 46 1
2 126 1 29 1
2 572 1 40 1
2 302 2 32 1
2 459 2 37 1
2 648 1 30 2
2 449 1 34 1
1 156 1 33 1
2 393 1 40 1
2 652 2 35 1
2 332 1 44 1
2 508 1 40 1
1 57 1 36 1
1 5 1 42 3
1 98 2 38 2
1 195 1 36 1
2 566 1 31 1
2 125 1 34 1
1 37 1 26 2
2 424 1 32 1
2 474 1 41 3
2 496 2 43 3
1 113 2 39 1
2 351 2 49 1
2 639 1 33 1
2 292 2 33 2
1 111 1 26 2
2 603 1 45 2
2 466 1 40 3
2 131 2 35 3
1 23 1 40 2
2 135 1 44 1
1 219 2 31 2
2 626 2 42 1
2 452 2 33 4
2 504 2 42 5
1 47 1 37 1
2 385 2 31 2
2 284 1 41 1
1 193 2 39 1
1 174 1 38 2
1 98 2 33 1
2 303 2 30 1
1 190 1 40 2
1 20 1 43 5
1 161 1 47 1
2 442 2 36 6
2 387 1 39 1
2 392 2 42 3
2 452 1 32 2
1 178 1 41 4
2 402 1 33 2
2 257 1 26 1
2 257 2 41 1
2 377 2 35 1
2 489 2 40 2
1 56 1 42 1
1 65 1 41 2
1 96 2 30 1
1 224 2 41 1
2 123 2 30 3
2 284 1 43 5
1 83 2 40 1
1 192 1 40 1
1 205 2 40 5
2 625 2 38 2
1 24 1 42 2
2 235 2 45 2
2 283 1 47 1
2 525 2 40 3
2 142 1 41 3
2 588 1 42 2
2 584 1 31 1
1 178 1 44 2
2 402 1 32 3
2 389 2 38 3
1 175 2 39 1
2 381 1 35 1
2 444 1 30 1
2 493 1 42 1
2 212 2 46 1
2 610 2 34 2
2 485 2 41 6
1 59 2 40 1
1 37 2 35 2
1 92 2 42 1
1 113 1 42 2
2 534 1 43 3
1 46 2 38 1
1 47 1 39 1
1 189 1 42 1
1 168 1 22 1
2 510 1 40 1
1 177 1 49 1
1 119 2 41 3
2 614 1 44 2
1 120 1 45 2
1 71 2 41 5
1 79 1 44 2
2 532 2 39 5
2 516 2 34 1
1 221 2 29 3
2 588 1 40 1
1 198 2 33 1
1 178 1 45 1
1 14 2 39 2
2 325 2 40 3
2 485 2 43 2
1 69 1 42 2
2 570 2 41 1
2 600 2 38 1
2 302 1 30 2
2 242 2 46 1
2 293 2 37 1
2 568 2 40 2
2 559 2 42 2
2 567 2 39 2
2 441 2 38 2
2 318 2 27 1
2 318 2 33 1
2 230 2 41 1
1 174 1 40 1
2 634 2 31 1
2 495 2 37 1
2 496 1 28 1
2 590 2 30 2
2 344 2 44 1
2 650 2 31 1
2 457 1 46 1
2 243 1 52 1
2 542 2 46 4
2 479 1 43 3
2 491 1 38 1
2 649 1 31 1
1 184 1 45 2
2 317 1 31 2
2 147 1 42 2
2 569 1 42 5
2 592 1 32 3
2 254 1 40 2
2 602 1 47 1
2 611 1 30 1
2 470 1 39 1
2 444 1 29 1
2 486 2 40 2
2 486 2 44 5
1 68 1 44 5
2 637 2 30 2
1 111 1 27 1
2 593 2 30 1
2 537 2 43 1
1 186 1 46 1
2 244 1 51 2
2 311 2 29 2
1 98 1 36 1
1 106 1 34 1
2 429 2 29 2
1 239 1 28 1
2 344 1 46 2
2 625 2 40 1
2 144 2 39 1
1 190 1 42 1
1 59 1 40 2
2 313 1 33 2
2 507 2 39 3
2 459 1 33 1
1 79 1 42 5
1 208 1 32 1
2 403 2 32 2
1 182 1 44 1
1 1 1 37 1
1 81 2 41 1
1 89 1 44 2
2 532 1 43 3
2 213 1 44 1
2 412 1 24 1
1 69 1 41 1
1 39 1 46 1
2 476 2 43 2
1 44 1 42 2
1 206 1 38 2
3 371 1 52 2
2 149 1 45 2
1 237 1 33 1
1 72 1 43 3
2 143 1 45 1
2 585 2 41 2
2 293 1 36 1
1 68 2 42 3
1 45 1 41 3
2 427 2 35 1
2 279 1 42 3
2 325 1 37 1
1 50 2 43 1
1 200 1 32 2
2 550 2 41 1
2 399 2 40 1
2 529 2 43 1
2 259 2 35 1
2 273 2 42 2
2 128 2 32 4
2 584 1 38 1
1 24 2 37 2
2 467 2 39 1
2 556 2 40 1
2 599 1 41 3
1 55 1 41 3
2 390 1 31 1
2 600 1 40 1
1 189 2 39 1
1 225 2 45 2
2 228 1 46 1
2 407 1 50 1
3 371 1 48 3
1 239 2 36 2
1 158 2 43 1
1 171 1 47 1
1 29 2 37 3
1 166 2 42 2
2 235 2 51 1
2 637 1 31 1
1 170 1 42 3
1 36 1 30 1
1 40 1 42 3
1 50 1 44 3
2 418 1 33 2
1 13 2 41 1
2 287 1 44 4
1 172 2 42 2
2 579 2 39 2
2 286 2 39 2
2 337 2 41 2
2 611 1 33 1
2 456 2 33 2
1 184 2 40 2
1 176 1 41 2
1 216 2 20 1
2 140 2 42 3
2 377 2 37 1
2 634 1 43 1
2 608 1 41 1
1 206 1 36 2
2 354 1 46 1
2 338 1 47 1
2 502 2 41 3
2 292 1 37 1
2 462 1 40 3
2 343 1 45 2
2 391 2 31 2
1 237 2 34 1
2 129 1 27 1
2 613 1 43 2
1 115 1 39 1
2 327 2 40 4
2 242 1 51 1
2 479 2 44 2
2 125 1 33 1
2 557 2 41 3
2 648 2 39 1
2 321 2 38 2
2 266 1 41 1
1 32 2 28 2
2 543 2 43 2
1 41 2 42 3
2 410 2 32 1
2 479 1 38 1
2 279 2 39 1
1 203 2 35 4
1 184 2 42 2
2 444 1 32 1
1 216 2 30 1
1 222 2 28 2
2 608 1 42 1
2 407 1 52 1
2 540 2 40 3
2 378 1 28 2
1 4 1 43 2
2 522 2 41 3
2 149 1 40 1
2 565 2 43 1
1 98 1 32 2
1 98 1 33 1
2 263 2 36 3
2 263 2 29 1
1 151 2 38 2
1 115 1 46 1
1 112 1 47 2
2 628 2 45 1
2 315 2 31 3
2 607 2 39 1
2 624 2 41 1
2 321 2 37 1
1 156 2 26 1
2 629 2 39 2
1 209 1 30 1
1 172 2 43 1
2 260 1 36 2
2 228 2 38 1
2 324 1 44 1
2 351 1 52 1
1 106 2 29 1
2 358 2 50 1
2 227 1 43 1
1 215 1 32 1
1 154 2 32 1
2 430 1 29 2
2 449 1 32 1
2 302 1 33 1
2 526 1 39 1
1 38 1 41 2
2 242 2 47 1
2 246 2 49 1
2 264 2 37 2
2 141 1 41 1
2 577 1 37 1
1 199 1 28 1
2 638 1 42 2
1 187 1 44 5
2 486 1 46 1
1 40 1 39 1
2 549 2 43 1
2 374 1 35 1
2 617 1 43 1
1 94 1 36 1
2 635 2 44 1
1 198 1 30 2
2 282 1 43 2
2 532 2 38 1
2 273 2 43 2
1 219 1 20 1
2 573 2 40 1
2 550 1 44 2
2 631 1 42 2
2 631 1 46 1
2 486 2 38 1
2 637 2 38 1
1 220 1 31 2
2 331 2 38 2
1 74 1 44 1
2 409 1 32 1
3 369 1 55 2
2 300 2 31 1
2 403 1 37 3
2 412 2 29 3
1 57 1 38 1
2 303 2 31 2
2 597 1 32 3
2 596 1 39 2
2 295 2 31 2
2 345 1 52 1
1 65 2 39 1
2 408 2 51 1
2 446 1 27 1
2 610 1 37 1
1 198 1 27 1
2 406 2 46 1
2 347 2 51 1
2 138 1 37 2
2 546 2 39 1
1 216 2 19 2
3 360 2 47 1
2 523 1 30 1
1 225 2 42 1
1 97 1 33 2
2 130 1 31 2
2 466 2 30 2
2 347 1 51 3
2 322 2 38 1
1 28 1 21 1
1 15 1 41 4
1 89 2 46 1
2 341 2 41 3
1 24 1 43 2
1 26 1 35 1
2 357 1 44 1
2 555 2 41 3
2 232 1 48 5
1 188 2 41 2
1 221 2 27 1
2 228 2 36 1
2 324 2 41 3
2 604 1 44 2
2 387 2 34 1
2 462 2 40 1
2 404 2 40 2
1 76 1 44 2
1 222 2 30 3
2 603 1 40 1
1 205 1 43 3
2 426 1 37 2
2 500 1 39 1
2 527 1 42 1
2 252 1 46 3
2 417 2 32 1
2 311 2 32 1
2 263 2 35 4
2 441 2 37 1
1 239 1 37 1
1 240 2 26 1
3 364 2 49 4
2 581 2 35 1
2 380 2 36 2
2 235 1 52 1
2 638 2 30 1
1 200 1 29 1
2 335 1 44 1
1 104 2 32 3
1 238 2 29 1
2 211 1 53 1
2 532 2 40 2
2 507 1 44 2
1 178 1 42 1
2 467 2 44 1
1 194 2 37 1
3 365 2 51 2
1 64 1 39 1
2 517 1 43 1
2 248 2 43 2
2 433 2 30 2
1 27 1 43 2
1 113 1 38 1
2 472 2 37 2
2 349 2 47 2
1 73 2 38 1
2 468 1 44 3
2 499 2 41 4
1 204 1 32 1
2 284 2 42 3
2 518 1 39 4
2 587 1 41 2
2 210 1 49 2
1 193 2 38 1
3 368 1 51 1
2 435 2 33 3
2 358 1 48 1
2 625 2 41 2
2 535 1 43 4
2 551 2 40 3
2 557 2 39 2
1 200 1 30 1
2 335 1 43 2
1 104 2 27 1
1 160 2 42 2
2 424 1 29 4
2 469 1 40 2
2 635 2 33 1
2 287 1 40 2
2 589 2 41 1
2 564 1 43 1
2 375 2 35 4
1 14 1 44 4
2 531 2 39 1
2 309 1 30 2
1 176 1 47 1
2 481 2 41 1
2 332 2 38 1
1 109 1 35 1
2 433 2 33 3
1 179 2 43 1
2 430 1 25 1
2 378 1 29 5
1 174 2 43 1
1 60 2 42 1
2 336 2 40 3
1 2 1 43 2
2 255 1 41 3
2 300 2 27 2
1 214 2 35 1
2 400 1 37 1
2 276 2 38 2
2 636 1 48 1
2 551 2 38 3
2 126 2 38 2
2 376 2 30 3
1 156 2 33 1
1 188 2 39 1
1 183 2 41 1
2 403 2 33 2
2 228 2 41 3
2 454 2 33 1
2 257 1 39 2
1 82 1 41 1
1 194 2 42 1
2 544 2 38 1
2 412 1 30 1
2 642 2 40 2
1 203 1 29 1
2 310 2 30 3
2 483 2 42 4
1 11 2 41 1
1 239 2 27 1
1 4 1 30 1
1 194 1 45 1
2 356 1 46 2
3 367 2 47 1
2 346 1 49 4
1 218 1 33 3
2 476 1 43 1
2 617 2 40 3
1 195 1 40 2
1 220 2 34 2
2 397 2 26 1
1 223 1 43 2
1 88 1 43 5
2 630 1 40 1
2 591 2 40 1
2 556 2 42 3
1 18 1 42 2
2 227 1 41 1
2 648 1 40 2
2 593 2 32 3
2 277 1 40 1
1 169 1 43 3
1 164 1 24 1
2 509 1 42 1
2 582 1 31 1
2 559 1 42 1
1 239 1 33 2
2 618 1 42 1
2 581 2 31 1
1 112 1 58 2
2 511 2 45 1
2 513 2 38 1
2 619 2 43 2
1 200 2 32 1
2 258 1 38 2
2 569 1 31 2
2 405 1 45 3
2 611 1 31 1
1 22 1 42 5
2 419 1 34 2
1 102 1 32 1
1 23 2 39 2
2 521 1 40 3
1 63 2 42 2
2 379 2 29 1
2 234 1 47 2
2 534 1 42 1
1 4 1 45 1
1 38 1 40 1
2 421 2 33 3
2 449 2 31 1
2 462 1 41 4
2 497 2 42 5
2 229 2 42 2
2 476 1 42 1
1 195 1 42 1
2 317 2 31 2
2 397 2 31 3
1 161 1 40 1
2 491 1 44 1
1 221 2 30 1
2 135 2 42 4
2 589 2 43 1
1 83 1 41 3
2 590 1 41 2
2 354 1 51 1
2 378 2 31 1
2 244 2 46 1
2 583 1 31 1
1 20 2 43 2
2 428 2 36 3
2 456 1 35 1
2 474 2 45 1
2 401 1 30 1
1 36 1 33 1
2 485 1 43 1
2 262 1 30 1
2 322 1 44 2
2 148 2 38 1
2 652 1 40 4
1 159 2 40 1
2 492 1 44 1
2 355 1 46 1
2 459 2 36 1
1 222 2 26 1
2 245 1 50 1
2 332 2 41 1
2 448 2 27 1
2 281 2 40 1
3 369 1 57 1
2 514 2 39 2
2 466 2 38 1
2 543 1 26 1
2 505 2 40 5
2 417 2 27 1
1 8 1 38 2
1 83 2 43 1
2 583 1 39 1
2 578 2 42 1
2 233 1 47 1
1 61 1 43 4
2 575 2 41 1
2 279 1 43 3
1 153 2 38 1
2 596 1 45 2
2 295 2 34 1
1 187 1 39 2
1 181 2 41 3
1 170 1 44 2
1 19 1 39 1
2 554 1 48 1
1 238 1 32 1
2 619 2 37 1
1 6 2 39 1
2 610 1 36 2
1 185 1 42 3
1 188 2 35 1
2 304 1 36 2
2 579 2 32 1
2 573 2 32 3
2 575 1 43 2
1 24 2 42 2
2 615 1 43 5
2 650 1 40 1
2 228 1 42 2
1 19 2 23 1
2 430 1 26 1
2 124 1 29 1
2 539 2 42 2
1 99 2 31 2
1 30 1 40 3
1 62 1 46 1
2 263 2 32 1
2 139 1 44 1
1 218 1 32 2
2 426 2 35 1
1 202 2 28 1
1 63 1 42 2
2 495 2 39 1
2 380 2 30 1
2 422 2 37 1
2 464 1 40 2
1 197 2 22 1
2 315 2 35 2
2 320 2 38 1
1 223 2 38 3
2 463 1 39 1
2 591 1 31 2
2 557 1 45 1
2 469 1 41 2
2 496 2 42 4
1 183 1 44 1
2 283 1 43 3
2 147 1 43 1
2 140 1 39 1
2 473 2 44 2
1 95 1 21 1
2 302 2 27 1
1 91 1 42 4
1 102 1 34 2
2 241 2 48 1
2 590 1 39 2
2 616 2 42 2
2 264 1 35 2
2 149 1 44 2
2 130 2 38 1
2 629 1 40 2
2 332 1 40 1
2 355 2 49 3
1 181 1 44 1
2 469 2 39 2
1 45 1 42 1
1 168 1 40 1
2 299 2 27 3
2 408 1 47 2
2 463 2 31 1
2 463 2 38 1
2 482 2 40 1
2 574 2 39 2
2 455 2 33 1
2 428 2 33 2
2 457 1 31 1
2 280 1 39 2
2 442 2 31 1
1 238 1 35 1
1 164 2 39 1
1 188 1 44 2
2 460 1 46 1
1 159 2 42 3
1 195 2 26 1
2 603 2 43 1
2 644 1 44 2
2 572 1 45 1
1 176 1 40 1
1 18 2 41 1
1 83 1 46 1
2 419 1 32 3
2 585 1 30 1
2 552 1 41 1
2 407 1 48 1
1 37 2 29 1
1 96 2 39 1
2 534 1 47 1
1 194 1 40 3
2 256 1 40 2
2 497 2 38 2
1 106 1 40 1
1 112 2 44 2
3 367 1 56 1
2 577 1 41 6
1 25 2 40 2
2 535 1 41 1
2 320 1 47 1
2 486 1 40 1
2 579 1 31 1
1 90 1 44 2
2 357 1 51 1
1 198 2 19 1
2 402 2 38 1
1 166 1 45 1
2 133 2 32 1
2 574 1 38 1
1 179 2 41 1
2 335 2 40 5
1 53 1 43 2
2 289 1 43 3
2 615 2 41 3
2 391 2 32 4
2 441 2 26 1
1 240 2 20 1
2 314 1 34 1
2 235 1 44 1
1 108 2 27 1
2 294 2 24 1
2 541 1 45 2
1 180 2 35 1
1 180 2 41 1
2 543 2 50 1
2 446 1 35 1
2 550 2 36 1
1 155 1 39 1
2 611 2 37 1
1 94 1 41 2
2 271 2 41 2
2 139 2 42 1
2 561 2 41 3
2 257 1 43 3
1 17 2 41 1
2 632 1 39 3
2 444 1 36 1
2 566 2 42 3
2 485 2 39 1
1 220 1 33 1
1 225 2 43 1
2 552 1 39 1
2 623 1 40 4
2 567 1 41 3
1 114 1 39 2
2 125 2 39 1
3 365 1 51 4
2 418 1 32 2
2 621 1 43 1
2 610 1 31 1
1 56 2 22 1
2 257 1 41 1
1 218 2 27 1
2 260 2 37 2
2 388 2 38 4
2 309 1 28 3
1 114 2 29 1
2 355 1 53 1
1 100 1 32 1
2 526 1 43 2
1 99 2 33 4
1 30 1 41 5
2 578 1 45 1
2 300 2 32 2
1 152 2 37 2
2 629 1 44 2
1 168 1 39 1
2 312 1 30 2
2 316 2 28 3
1 223 1 40 3
1 20 1 40 1
1 30 2 40 1
2 496 2 39 1
1 103 2 31 3
2 457 2 40 2
2 640 2 42 2
2 406 2 43 2
2 402 2 35 1
2 288 1 39 2
2 489 2 37 1
2 489 2 39 2
2 331 2 39 2
2 373 2 39 2
2 290 2 37 1
1 2 1 37 1
2 247 1 50 3
1 58 1 38 2
2 455 1 33 1
1 7 2 40 1
1 193 2 37 1
2 598 1 42 2
1 166 2 39 2
2 641 1 42 1
2 562 1 46 2
1 20 2 37 1
2 539 1 44 2
1 35 1 36 1
2 614 1 42 1
1 78 1 45 3
2 329 2 44 2
2 588 2 41 6
1 17 2 42 1
2 325 2 41 1
2 432 2 29 1
1 51 1 41 2
2 626 1 42 1
2 310 1 29 1
2 385 1 33 1
1 102 1 30 1
1 31 2 42 1
2 521 1 39 1
2 521 1 42 2
2 285 2 44 1
1 191 2 44 1
1 186 1 44 1
2 458 1 40 3
2 247 1 55 1
2 616 1 41 3
2 284 1 46 1
2 329 1 44 3
2 355 2 46 1
2 136 1 47 2
2 273 1 40 1
1 205 2 46 1
2 357 2 47 2
2 538 2 39 1
2 644 2 41 3
2 315 2 33 1
2 533 2 41 1
1 24 1 39 1
1 24 1 40 2
2 126 2 34 1
2 555 1 41 1
2 501 2 40 4
1 103 2 27 1
1 173 1 42 5
2 308 2 28 1
1 106 2 28 1
1 95 1 36 1
2 500 2 42 3
2 589 1 40 3
2 423 1 33 2
2 227 1 45 2
1 159 1 41 2
2 485 2 40 2
2 418 2 33 1
2 497 2 41 4
2 382 1 30 1
2 123 2 35 1
2 446 2 31 2
1 16 1 42 2
2 269 1 26 1
2 394 1 43 4
2 447 1 29 1
1 177 1 40 3
2 648 2 32 1
2 429 1 32 1
1 46 1 43 5
2 611 2 34 3
2 227 2 38 1
2 141 2 41 2
2 569 1 32 1
2 448 1 25 2
2 467 2 40 4
2 337 2 37 1
2 556 1 43 1
2 325 2 39 1
1 76 1 42 3
2 272 1 45 6
1 157 2 43 3
1 196 2 27 1
1 199 2 30 2
1 153 1 26 1
2 458 1 43 1
1 60 2 44 1
2 333 2 37 1
1 53 1 42 4
2 626 2 40 3
1 109 2 38 1
1 168 2 41 1
2 123 2 33 2
2 643 2 44 1
1 151 2 34 2
2 547 1 42 2
2 346 1 46 1
2 483 1 43 2
2 517 2 41 4
1 26 2 42 1
2 261 1 36 2
2 425 2 36 3
2 461 2 39 3
1 38 2 37 3
2 304 2 32 3
2 291 1 41 3
2 402 2 37 2
2 226 2 40 2
1 184 2 41 2
2 413 1 35 2
2 440 2 43 1
2 423 2 29 1
2 232 2 49 1
1 190 2 38 3
1 92 2 44 1
2 472 2 41 2
2 213 2 47 2
1 55 2 39 1
2 125 2 28 1
2 265 1 35 1
2 295 2 25 1
1 158 1 43 5
1 157 1 43 4
2 327 1 45 2
2 456 1 34 1
1 170 1 45 1
1 43 2 36 1
3 363 2 49 3
2 513 2 40 2
2 374 2 33 1
2 376 1 34 1
1 5 2 41 1
2 458 2 39 1
1 67 2 41 1
2 308 2 31 2
2 304 2 29 1
2 609 1 43 3
2 639 1 39 1
2 257 2 40 2
2 414 1 35 3
3 360 2 50 2
2 517 1 41 1
1 4 2 38 1
1 215 2 34 1
2 409 2 30 1
2 437 2 41 6
2 615 2 39 6
2 620 1 38 3
3 369 2 53 1
2 251 2 49 1
1 105 1 31 1
2 259 1 42 1
1 111 2 27 1
1 187 1 43 3
2 531 1 39 2
2 447 1 33 1
2 533 2 42 1
1 65 2 41 2
2 306 1 32 3
3 371 2 57 1
1 162 1 43 4
2 508 2 40 3
1 238 1 26 1
1 94 1 44 4
1 164 2 27 1
2 401 2 36 1
2 229 1 41 1
2 336 1 42 1
2 305 2 30 2
2 601 2 36 1
1 42 1 42 5
2 390 1 32 1
2 269 2 39 1
1 215 2 33 2
1 60 1 40 2
2 607 1 31 2
2 652 2 40 2
2 329 1 40 1
2 577 1 43 1
2 357 2 45 4
2 510 1 44 1
2 125 1 28 1
2 482 1 41 1
2 280 1 42 4
1 104 2 33 1
1 46 1 41 3
2 445 2 36 1
2 395 2 36 2
2 469 1 34 1
2 649 1 32 1
1 173 1 43 2
2 294 1 30 1
2 317 1 30 1
2 148 2 42 2
2 148 1 40 1
2 558 2 48 1
2 652 1 42 3
2 464 2 39 2
1 17 2 20 1
2 439 2 43 4
2 462 2 37 1
2 568 1 45 2
2 546 2 43 1
2 386 2 42 1
1 30 1 42 4
2 519 1 39 2
2 501 1 43 1
1 163 1 41 1
2 345 2 45 3
2 125 2 35 2
2 261 2 36 2
2 273 1 36 1
1 105 1 27 1
1 202 2 22 1
2 538 2 41 1
2 262 2 30 2
2 262 2 33 2
1 25 1 42 3
1 32 2 33 1
2 450 1 36 1
2 619 2 45 1
1 110 2 33 1
2 584 1 41 1
2 439 2 46 3
2 413 1 30 2
1 189 2 38 1
2 552 1 43 4
2 307 1 32 1
2 581 1 39 2
2 606 2 39 1
2 521 1 43 1
1 217 2 35 1
1 164 1 23 1
2 626 2 41 1
2 242 2 45 2
1 121 2 45 1
2 355 2 47 3
2 269 1 42 2
1 33 1 38 2
2 636 1 44 4
2 607 2 43 1
2 638 2 31 1
2 126 2 26 1
1 90 1 39 1
1 180 2 44 1
1 31 1 44 2
2 418 1 28 1
1 236 2 26 1
2 614 1 45 1
2 274 1 43 1
2 271 2 38 2
2 336 1 40 2
2 540 1 40 4
2 566 2 38 1
2 570 2 44 2
1 17 1 46 1
2 333 2 41 1
2 451 1 36 1
2 339 2 37 1
2 288 2 44 1
1 8 1 43 2
2 643 2 35 1
2 446 2 32 1
2 613 2 47 1
1 36 2 30 2
2 428 1 35 2
2 427 2 28 3
2 341 2 40 2
2 593 1 33 2
2 383 2 32 3
1 216 1 22 1
3 366 1 51 3
3 363 2 51 4
2 376 2 28 1
1 238 2 31 1
2 424 2 27 1
2 622 1 41 2
2 599 1 37 1
2 377 1 28 2
1 89 1 45 3
1 75 2 43 1
1 64 1 36 1
2 595 1 40 1
1 30 1 39 1
2 645 2 40 3
2 297 1 33 3
2 303 2 26 1
2 455 2 36 1
1 224 1 43 5
2 541 1 44 2
1 35 2 21 2
2 525 2 41 2
2 524 2 40 1
2 274 1 40 1
2 276 1 43 1
2 231 2 42 1
2 480 2 41 4
1 222 1 27 2
2 622 1 47 1
2 381 1 31 2
2 467 1 46 1
2 573 1 32 2
2 414 1 37 1
2 434 2 33 1
2 413 1 32 1
3 360 2 46 1
2 596 2 32 1
2 143 2 38 2
1 220 1 22 1
2 606 2 32 2
2 338 2 41 2
1 239 2 33 1
1 17 1 36 1
2 430 2 29 2
2 409 1 29 1
2 578 1 43 3
1 240 1 26 1
2 396 1 27 2
2 636 2 31 1
2 345 2 46 3
3 370 2 43 1
1 77 2 40 3
2 339 1 39 2
1 197 2 28 2
2 551 1 39 1
1 19 1 42 4
2 506 1 42 2
1 200 2 26 1
2 349 1 52 2
2 271 2 43 1
2 305 1 31 1
2 560 1 47 1
1 95 1 35 1
2 309 1 36 1
2 595 1 39 1
1 97 2 32 2
1 37 2 25 1
2 130 2 29 1
1 172 1 46 1
1 163 1 43 2
2 509 1 43 1
2 393 2 38 3
1 51 2 43 1
2 136 1 44 2
2 643 1 43 2
2 243 2 47 1
3 361 2 50 2
2 342 2 47 2
1 28 1 45 2
2 533 2 43 1
2 551 2 41 4
2 521 2 41 1
1 162 1 45 2
2 407 2 47 5
1 77 1 39 1
2 536 1 44 3
2 146 1 43 4
2 140 1 44 1
2 248 1 50 1
2 603 2 31 2
1 39 1 44 3
1 203 1 38 1
2 538 1 42 1
2 608 1 40 1
2 383 1 32 2
2 450 2 27 2
2 451 1 32 2
1 237 2 20 2
2 249 1 51 1
2 340 2 40 3
2 347 1 45 1
1 8 1 41 2
1 202 1 30 1
2 307 2 33 2
1 221 1 26 1
1 77 2 37 2
2 315 2 29 1
2 552 2 42 1
1 35 1 31 1
1 50 1 46 1
2 411 1 30 3
2 424 1 34 1
2 457 2 42 1
1 94 1 48 1
2 406 2 39 4
2 573 2 39 2
1 33 2 32 1
2 416 1 34 3
2 530 1 44 2
2 423 1 34 1
1 152 1 36 2
2 561 1 40 1
1 59 2 39 2
2 263 1 35 2
2 384 2 28 4
1 214 2 21 1
1 214 2 33 1
2 582 1 36 1
2 269 1 45 1
2 251 2 44 2
1 105 1 36 1
2 357 2 49 1
2 580 2 40 1
2 268 2 41 6
2 535 1 44 2
2 566 1 32 1
1 66 2 39 2
2 125 1 27 1
2 638 2 36 1
2 541 1 38 1
2 442 2 33 3
1 183 2 38 1
2 524 2 39 1
2 147 1 46 1
2 141 2 42 2
2 492 1 39 1
2 478 2 42 3
1 193 1 38 1
2 143 2 44 1
2 332 2 42 1
1 74 1 42 1
1 63 2 39 2
2 263 1 37 1
2 384 2 27 1
2 522 2 42 1
2 543 1 42 2
2 583 1 42 2
2 323 1 47 1
2 352 1 46 1
1 72 2 39 2
2 334 2 40 1
1 205 2 42 2
2 286 1 47 1
1 112 1 44 1
1 102 2 33 1
2 510 2 39 1
2 313 1 29 2
2 408 2 45 1
1 25 1 43 4
1 46 1 40 5
3 370 1 54 2
2 619 2 41 4
1 82 2 41 2
1 209 1 34 2
2 267 1 29 1
2 351 1 47 2
1 78 2 41 1
2 582 2 41 1
2 248 1 49 2
1 194 2 41 1
2 143 2 41 3
2 552 1 44 1
2 445 1 35 1
2 515 2 41 1
2 561 1 46 1
2 581 1 40 1
2 537 2 42 1
2 255 2 38 1
2 246 2 48 1
2 264 1 31 1
1 109 2 36 2
1 240 1 28 1
2 501 1 44 1
2 420 1 31 1
2 403 1 33 2
1 119 1 44 3
1 166 2 43 2
2 339 1 42 1
2 231 1 42 2
1 26 2 40 2
2 650 2 40 2
2 445 2 32 3
2 512 2 42 1
2 487 2 41 1
1 103 2 29 1
1 113 2 41 1
2 407 2 45 2
1 184 1 46 3
1 95 1 37 1
1 18 1 47 1
2 650 1 37 1
2 481 2 44 1
1 111 1 29 1
2 601 1 46 1
1 74 1 41 1
1 52 1 20 1
2 278 1 44 1
1 219 2 30 1
2 568 2 41 3
2 443 2 31 2
2 400 1 40 2
2 518 1 41 1
2 136 1 46 1
2 394 1 40 1
2 435 1 32 1
2 422 2 31 2
2 641 1 39 2
2 463 2 30 2
2 513 1 44 4
2 313 1 37 1
1 20 1 41 3
2 554 1 40 2
1 155 1 29 1
1 103 2 32 1
1 188 2 36 2
2 304 1 32 2
2 314 2 31 3
2 588 2 40 2
2 145 1 38 1
2 500 2 39 3
1 51 1 46 1
2 302 2 29 1
1 159 1 40 1
2 313 2 35 1
1 96 2 41 1
1 88 2 41 1
2 147 2 39 1
2 417 2 35 1
2 210 1 46 2
1 98 2 35 3
2 597 2 32 1
1 168 1 41 3
1 195 1 44 1
2 280 2 38 1
1 102 2 29 1
2 486 1 42 1
2 651 2 34 1
2 651 2 40 2
1 175 1 42 2
1 76 2 46 1
1 84 1 46 1
2 274 2 40 2
2 273 2 38 1
2 252 2 45 1
1 1 1 42 4
2 387 2 39 2
2 500 2 38 1
2 530 1 41 1
2 540 1 43 1
2 423 1 28 1
1 7 1 42 1
2 456 2 36 3
1 75 2 38 1
1 75 2 42 1
2 550 1 39 1
1 152 1 33 1
1 42 1 40 2
2 269 2 33 1
2 610 2 41 1
1 56 1 41 4
2 650 1 43 1
1 39 1 40 1
2 308 1 28 1
2 303 1 27 1
2 466 1 41 1
2 515 2 39 1
2 423 2 31 1
2 571 1 45 1
1 73 2 39 1
1 152 2 36 1
2 406 1 41 1
2 343 1 52 1
1 58 1 39 2
2 393 2 44 1
1 87 1 44 2
2 233 2 42 1
2 233 2 44 3
1 62 2 44 1
2 634 2 39 1
1 12 1 43 3
2 597 2 31 4
2 149 2 39 2
1 59 1 39 1
2 395 1 32 1
2 621 1 44 1
2 124 2 36 2
1 27 2 36 1
1 218 2 29 1
2 377 1 30 1
2 570 1 41 2
2 544 2 39 4
1 102 1 33 2
2 561 1 44 6
2 436 1 38 1
2 252 1 47 3
1 2 2 43 2
2 565 2 31 2
2 350 1 46 3
2 471 2 45 1
2 429 2 34 5
2 403 1 36 1
1 12 2 40 1
2 343 2 46 1
1 240 2 25 1
2 251 2 45 1
2 495 2 38 1
1 166 2 40 2
2 306 1 29 1
2 306 1 34 2
3 363 2 46 1
2 475 1 45 1
2 506 1 39 1
2 619 2 38 2
1 214 1 19 4
2 460 1 37 1
2 405 1 42 2
2 318 1 31 2
2 241 2 42 1
2 472 2 36 1
2 527 1 38 1
2 571 1 40 1
1 66 1 40 2
1 47 1 43 8
1 152 2 35 4
1 177 2 42 1
2 455 1 37 1
2 582 1 39 2
2 533 1 39 2
2 613 2 43 2
2 125 2 32 2
1 36 2 32 3
2 633 1 44 1
2 640 1 39 1
2 317 2 28 1
2 479 2 39 1
2 277 2 42 1
2 413 2 33 3
3 362 1 46 1
2 266 1 40 1
2 549 2 44 1
2 484 2 44 2
2 148 1 41 2
2 588 2 34 1
2 592 1 41 3
2 609 1 33 1
2 609 1 44 2
2 480 2 40 3
1 159 2 41 3
1 81 2 38 1
1 184 2 43 1
2 471 1 45 1
2 292 2 30 1
3 360 2 48 1
2 481 2 36 1
1 189 2 41 2
2 127 2 34 1
1 165 1 45 2
2 466 1 30 1
2 450 2 36 1
2 615 2 44 1
1 74 2 43 2
2 412 2 31 3
1 105 1 33 3
2 488 2 43 5
2 581 2 40 2
1 92 1 43 4
2 541 2 39 1
2 231 1 40 2
1 90 2 41 1
2 313 1 31 3
1 175 1 41 2
1 30 2 39 1
2 543 2 41 4
2 425 2 31 1
2 555 2 40 1
2 241 1 47 2
2 211 1 48 3
1 188 2 40 2
2 274 1 29 1
2 606 1 41 2
2 602 1 31 1
2 574 1 30 1
2 525 1 42 4
2 634 1 31 1
2 313 2 31 2
2 537 2 39 1
1 52 1 40 2
1 92 2 40 2
1 199 2 27 3
2 605 1 40 2
2 378 2 23 1
2 526 1 37 1
1 219 2 20 2
1 151 1 35 2
1 168 2 43 1
2 643 2 37 1
2 567 2 38 1
1 49 1 38 1
2 443 2 38 1
3 369 2 46 1
2 334 2 42 1
2 414 2 33 1
1 96 1 35 2
2 145 2 38 1
2 342 2 42 2
1 199 1 32 1
2 294 2 33 2
2 463 1 32 1
1 200 1 35 1
2 326 2 37 1
2 359 1 56 1
1 40 1 41 4
2 564 1 39 1
1 75 1 45 2
2 491 2 41 2
2 596 2 44 1
2 417 1 31 1
1 60 2 40 2
1 53 1 41 2
2 244 1 56 1
2 607 1 44 2
2 399 1 40 3
2 497 1 43 1
3 368 1 52 3
2 421 1 33 1
1 201 1 30 4
1 29 2 40 2
2 476 1 39 1
2 381 2 35 2
2 590 2 41 1
3 364 1 54 1
1 161 1 44 5
2 418 1 34 2
2 516 2 38 1
2 147 1 40 1
2 584 2 40 1
2 254 1 45 1
2 532 1 38 2
2 256 2 39 1
2 355 1 47 1
2 523 1 44 1
3 372 2 52 1
2 445 1 37 1
2 303 1 37 1
1 179 2 38 1
2 503 2 43 7
1 155 2 36 4
2 302 1 31 1
2 501 1 45 1
3 367 2 53 1
3 361 2 37 1
1 112 1 43 1
2 628 2 41 2
2 344 2 48 1
2 463 2 28 1
2 591 1 42 1
2 456 1 36 1
2 395 1 29 1
2 637 1 41 1
2 353 2 49 2
1 48 2 41 2
2 398 2 27 1
2 554 1 44 1
1 71 1 41 3
1 164 2 41 4
2 306 2 29 1
2 294 1 31 1
2 322 1 42 1
1 182 1 36 1
2 427 1 31 1
1 152 1 31 1
2 525 1 40 1
2 412 1 31 2
2 419 1 33 1
2 400 2 40 3
2 332 2 43 1
2 500 1 41 3
2 339 2 39 1
1 151 1 34 4
2 417 2 29 1
2 544 1 43 3
1 72 1 44 3
1 196 1 27 2
2 261 2 34 2
2 391 1 31 1
2 133 1 35 4
2 597 1 38 1
2 566 1 39 1
2 131 1 33 2
2 373 1 37 1
2 245 2 49 1
1 43 2 40 2
1 50 1 42 2
2 549 1 46 1
2 509 2 38 1
1 178 2 43 1
2 532 2 42 3
2 135 2 41 3
2 652 1 37 1
2 630 2 30 3
2 310 1 36 1
2 310 1 35 1
2 601 2 38 1
2 328 2 37 1
2 328 2 39 1
2 585 1 42 4
2 440 2 45 1
1 74 1 46 1
2 476 2 41 3
1 44 1 23 1
2 284 1 45 2
1 196 1 33 1
1 112 2 43 1
1 218 1 30 1
1 169 2 43 2
2 357 2 48 1
2 637 1 38 1
2 545 1 41 1
3 363 2 54 1
2 440 1 44 4
2 475 2 40 2
2 484 2 42 4
2 374 1 32 1
1 78 1 42 3
2 231 2 39 1
2 588 1 43 3
1 40 2 45 1
2 534 2 38 1
1 160 1 45 3
2 632 1 38 1
2 581 1 36 1
2 277 1 41 1
1 59 2 41 1
1 217 2 21 1
1 113 1 46 1
2 505 1 45 1
2 567 1 44 2
2 505 2 39 2
2 129 1 33 4
3 367 2 52 4
2 558 1 44 2
2 314 1 29 1
2 597 2 34 2
2 627 1 32 1
1 110 1 30 1
1 15 1 46 2
1 111 2 32 1
2 552 2 43 1
2 474 2 38 1
1 170 1 36 1
1 35 2 33 2
2 354 2 50 1
2 487 2 42 5
2 376 2 32 3
1 236 2 33 1
1 238 2 28 1
1 3 1 44 5
1 11 1 43 6
2 407 2 50 2
2 536 2 41 1
2 579 2 41 3
2 586 2 40 2
2 627 2 42 1
2 387 2 38 3
2 424 2 24 1
1 7 1 39 2
1 159 1 44 3
2 417 1 34 1
2 580 1 31 4
1 100 1 33 1
2 645 2 43 1
1 240 1 25 1
1 202 1 22 1
1 202 1 32 2
2 587 1 40 1
1 174 1 42 1
1 63 1 43 4
2 477 2 38 3
2 383 2 30 3
2 345 1 49 3
2 408 2 47 2
1 35 1 20 1
3 363 1 51 2
1 162 1 38 1
1 79 1 40 2
1 221 2 23 1
2 306 2 30 2
2 558 2 45 2
2 592 2 29 1
2 641 2 41 1
2 133 2 28 2
2 574 1 44 1
2 292 2 27 2
2 412 1 28 2
2 523 1 43 1
2 483 2 37 2
2 418 2 29 1
2 503 2 44 1
2 649 2 31 1
2 421 2 32 2
2 645 2 38 1
2 559 2 40 2
2 129 2 35 3
2 431 2 32 1
2 350 2 47 5
2 533 1 41 1
2 323 1 42 1
2 613 2 38 2
2 435 2 38 1
1 5 1 43 2
2 380 2 34 2
2 519 2 44 1
1 108 1 27 1
1 49 2 40 1
2 475 1 38 2
2 452 1 34 2
2 287 2 43 1
2 324 1 42 1
1 24 2 38 2
2 145 1 40 1
1 106 2 33 1
2 380 1 33 5
2 234 2 46 2
2 644 1 41 1
2 550 1 43 4
1 4 2 22 1
2 313 2 30 3
2 580 1 42 3
2 453 1 33 3
2 356 1 51 2
2 565 2 39 1
2 499 2 42 1
2 429 2 22 1
2 301 2 32 3
2 290 1 43 2
2 513 1 41 1
1 65 2 37 1
2 637 1 36 1
2 637 1 43 3
2 541 1 40 1
1 48 2 37 1
1 43 1 43 1
1 238 1 37 1
1 214 1 32 2
2 306 2 33 2
1 40 2 21 2
2 492 1 43 1
1 95 1 27 1
2 381 1 37 1
1 203 2 30 1
1 114 2 32 1
2 585 1 32 3
2 485 2 42 4
1 170 2 40 1
2 277 1 43 1
2 131 2 20 1
2 398 1 34 2
2 124 1 31 1
2 256 1 41 1
2 266 2 42 3
1 47 1 24 1
2 471 2 43 3
1 8 1 48 1
2 629 1 39 3
2 441 2 46 1
2 403 1 32 2
1 119 1 45 2
2 229 2 35 1
1 115 1 37 2
3 361 2 49 3
2 280 1 43 1
1 21 1 40 2
1 36 1 32 1
1 35 2 29 1
2 410 1 29 4
2 424 1 33 1
2 440 1 28 1
2 555 1 44 2
2 550 2 39 3
1 11 1 41 2
1 77 1 41 2
2 649 1 44 2
1 206 2 29 1
2 399 2 27 3
2 577 2 43 1
2 604 1 41 2
2 621 2 40 1
2 601 2 30 1
1 152 1 23 1
2 269 2 27 1
2 472 1 44 1
2 537 2 40 2
1 206 1 37 2
2 522 2 38 1
2 494 2 41 9
1 72 2 41 2
1 101 1 33 1
1 77 2 42 2
2 357 2 44 3
1 202 2 29 2
3 361 2 45 1
2 317 2 29 3
2 519 2 40 5
2 593 1 41 4
2 594 1 44 3
2 470 2 39 2
1 156 2 37 1
1 11 1 38 1
2 625 1 39 1
2 649 1 30 1
1 186 2 38 1
1 173 1 45 3
2 592 1 30 1
1 24 2 43 2
1 182 1 38 1
2 633 2 31 1
2 460 1 41 1
2 380 1 35 1
1 18 1 39 1
2 599 1 46 1
2 528 2 43 1
2 628 1 39 1
1 236 1 33 2
1 83 1 40 1
2 485 2 44 1
2 527 2 42 1
1 47 2 41 1
2 449 1 28 1
2 502 2 39 1
2 631 2 31 2
2 302 1 34 2
1 41 1 42 1
1 164 1 46 1
2 506 2 37 1
1 54 1 19 1
2 385 2 29 1
1 201 2 32 1
1 87 1 40 1
2 483 1 41 1
1 174 1 41 1
2 229 2 45 1
2 265 1 32 2
2 428 1 37 1
2 605 2 38 1
2 313 1 30 4
2 542 2 45 5
1 25 1 39 2
2 424 1 31 1
2 511 2 43 2
1 8 2 41 2
2 247 2 49 1
1 183 2 37 1
2 403 2 39 1
2 305 1 29 1
2 531 2 40 5
1 61 2 40 2
1 22 2 44 1
2 630 2 32 1
2 582 2 30 1
2 550 1 40 1
2 527 2 38 1
2 483 2 39 2
2 297 2 29 2
1 49 1 46 1
1 72 1 38 3
2 344 1 47 4
2 538 2 34 1
2 474 2 43 1
1 104 2 35 2
1 50 1 39 1
2 514 1 31 1
2 488 1 42 1
1 156 2 29 1
1 209 1 26 1
1 173 1 48 2
2 128 2 34 1
2 512 1 44 2
1 218 2 35 1
1 44 2 39 1
1 52 2 40 2
3 365 2 48 3
2 650 1 33 1
2 535 2 41 2
1 6 1 42 2
1 97 1 20 1
1 74 1 38 1
2 580 1 41 1
2 580 1 44 1
2 632 2 29 1
2 147 2 36 1
2 607 1 43 2
2 129 2 40 1
1 16 1 43 5
1 93 2 42 1
2 597 1 43 1
2 357 2 50 1
2 575 2 40 1
1 220 2 33 1
1 48 1 37 1
1 10 1 43 6
1 32 2 32 3
1 31 1 36 1
2 411 1 24 1
2 474 1 43 4
2 265 2 37 2
2 146 1 45 3
2 135 2 39 1
2 584 1 43 1
2 534 2 39 4
1 78 2 43 2
1 52 2 39 2
2 257 2 38 1
2 136 2 42 2
2 241 2 43 2
2 518 2 39 2
1 70 2 47 1
2 248 2 50 1
1 23 1 39 1
2 527 1 41 3
3 369 1 52 1
2 519 1 45 1
2 255 1 44 1
2 123 2 34 3
2 343 1 46 3
2 633 1 42 1
1 62 2 46 1
2 636 1 31 1
2 138 2 40 3
2 358 1 53 1
2 432 1 35 2
2 422 2 34 2
2 638 1 38 2
2 249 2 45 2
2 457 1 36 1
2 513 1 43 1
2 395 1 36 1
2 552 2 41 1
2 306 1 30 1
1 21 1 44 6
1 21 1 47 1
1 32 2 34 2
2 398 2 29 1
2 507 2 40 7
2 457 2 46 1
2 647 2 40 2
2 254 2 40 1
2 606 1 39 1
1 40 2 43 2
1 222 1 21 1
1 101 2 34 3
2 146 2 43 1
2 318 1 27 1
2 213 1 51 1
1 222 2 32 1
1 199 2 28 2
2 450 2 37 1
1 239 2 35 1
2 529 1 42 1
2 244 1 48 3
2 347 1 48 4
2 350 1 49 2
2 567 2 42 1
1 72 1 45 1
2 316 1 29 1
2 269 1 43 2
2 269 1 44 2
2 421 1 31 1
2 394 1 41 1
2 300 1 27 1
1 171 2 23 1
1 87 2 43 1
2 557 2 44 1
1 155 1 26 1
1 104 1 30 2
1 100 2 31 4
2 247 2 47 1
1 188 1 40 1
1 183 1 45 2
2 262 1 28 1
2 305 1 33 1
2 137 2 41 3
1 78 2 40 1
2 531 2 38 1
1 195 2 41 2
1 22 2 43 1
2 615 1 42 2
1 216 2 31 1
2 472 1 43 2
2 407 1 49 1
2 379 2 28 2
2 502 2 40 4
2 421 2 36 3
2 615 2 40 3
1 201 2 31 1
1 204 1 29 1
1 204 1 39 1
3 372 1 52 2
2 297 1 30 1
2 316 1 37 1
1 193 2 42 1
2 307 2 36 1
2 608 2 39 2
1 105 1 34 1
2 381 2 31 2
2 149 2 43 3
2 482 2 41 3
2 411 2 31 2
2 395 2 41 1
2 478 1 40 1
1 238 2 34 2
2 461 1 44 1
2 298 1 25 1
2 589 1 38 3
2 434 2 30 1
2 650 1 32 1
2 426 1 32 3
1 41 1 40 1
2 298 2 37 1
1 66 1 41 3
2 333 2 42 1
2 487 1 45 1
2 473 1 44 1
2 300 2 35 1
1 168 2 45 1
2 565 1 43 2
2 210 1 51 1
2 346 1 47 3
2 428 1 30 1
2 533 2 40 1
1 220 2 31 2
1 175 1 45 2
2 651 1 43 4
2 304 1 34 2
2 146 1 41 2
2 560 1 42 5
2 627 2 38 2
2 534 2 42 2
1 195 2 39 2
2 122 1 39 1
2 589 1 31 4
1 13 1 44 1
2 516 1 43 1
2 307 1 30 2
2 131 2 29 1
1 196 2 30 1
1 121 1 42 2
2 142 2 40 1
1 194 1 46 1
2 130 1 32 2
1 99 2 32 1
2 527 1 44 2
1 66 1 45 1
1 201 2 27 3
2 318 2 34 1
1 87 1 45 5
2 421 1 35 1
2 414 2 34 1
2 597 2 33 2
2 598 1 41 2
2 320 2 41 4
2 599 2 42 1
1 24 1 36 1
2 243 1 49 2
2 122 2 33 4
2 541 1 42 2
2 481 1 41 1
1 161 2 39 2
1 161 2 42 1
2 484 2 39 1
2 619 2 42 2
2 247 2 50 1
1 76 2 41 1
1 78 1 44 3
2 276 1 46 1
2 271 2 40 3
2 498 2 41 2
2 404 1 42 4
1 217 2 20 1
1 97 1 32 2
1 167 1 42 1
1 44 1 41 4
1 153 1 32 1
1 41 1 43 4
2 278 1 45 2
2 438 1 49 3
3 367 2 48 1
2 446 2 28 1
1 51 2 42 1
2 617 2 46 1
2 492 2 37 3
2 648 2 31 3
2 243 1 50 2
2 411 1 28 1
1 95 2 25 1
2 614 1 43 3
2 232 1 47 1
2 139 2 40 3
2 432 2 31 2
2 573 1 43 2
2 632 1 43 1
2 634 1 41 1
2 127 2 26 1
1 109 1 32 1
2 418 2 31 2
1 37 2 37 1
2 623 1 39 6
2 526 1 35 1
1 66 1 44 1
2 252 1 50 2
1 2 1 44 1
2 543 1 27 1
1 8 1 44 3
2 567 2 40 2
1 218 1 35 1
2 276 2 40 1
2 643 1 39 2
2 618 1 38 1
1 112 1 46 2
2 383 2 35 1
1 220 2 26 1
1 220 2 28 1
2 326 2 41 2
3 368 2 55 1
2 442 2 37 1
2 479 1 46 2
2 474 1 46 1
2 484 2 43 1
1 9 1 39 1
2 630 1 42 1
1 209 2 32 3
2 403 2 29 1
2 305 1 32 5
2 495 1 42 1
2 227 1 44 7
2 144 1 40 3
2 574 1 40 1
1 22 1 37 1
2 292 2 29 2
2 489 2 25 1
2 650 1 44 3
1 206 1 35 2
1 199 2 22 1
1 186 1 45 3
2 649 2 40 2
2 452 2 37 1
2 293 2 33 1
2 614 2 41 2
2 546 1 43 2
1 7 2 39 1
1 192 1 38 1
3 362 2 45 2
2 300 1 29 3
1 45 1 43 6
2 317 2 33 2
2 341 2 37 3
2 259 1 44 3
2 295 2 35 1
2 531 1 41 4
2 457 1 41 4
2 444 2 29 1
1 45 2 41 2
1 43 1 44 4
2 386 1 39 4
2 457 2 38 1
2 247 2 41 1
1 38 2 35 2
2 283 1 44 2
2 265 2 35 3
1 222 1 34 1
2 427 1 34 1
1 33 2 37 5
1 14 2 42 3
2 601 2 33 1
2 140 2 40 2
1 193 1 41 2
1 44 1 44 2
2 338 1 39 1
2 335 2 41 2
2 244 2 47 2
2 244 2 51 1
2 266 2 39 4
1 120 2 39 2
2 340 2 43 2
2 399 1 28 1
2 343 2 43 2
2 233 1 52 1
1 72 2 40 1
1 16 1 44 2
1 117 1 43 2
1 207 1 30 1
2 595 2 40 3
2 627 1 41 1
3 361 2 52 2
2 375 1 30 1
2 312 1 33 1
2 479 2 42 1
2 638 1 39 1
2 253 2 45 1
2 411 2 30 1
2 548 1 41 3
2 126 2 36 4
2 397 2 33 2
2 552 2 40 1
1 19 1 41 1
2 549 2 38 1
2 479 1 41 2
2 509 2 45 1
2 621 1 39 1
2 128 2 27 1
2 569 1 39 2
2 560 2 46 1
2 257 1 37 1
2 405 1 43 2
2 531 2 37 1
2 337 2 39 2
2 432 2 37 3
1 22 1 44 1
2 419 1 35 1
2 590 1 45 2
2 383 1 33 2
2 526 1 38 1
1 99 2 27 2
2 571 1 43 4
2 149 1 43 5
1 224 2 44 1
2 509 1 35 1
2 329 1 43 1
1 49 1 47 1
2 434 1 30 5
2 400 1 44 2
2 586 1 31 1
1 101 1 31 1
2 597 2 30 1
2 597 1 41 2
2 627 1 42 2
2 315 2 28 1
2 235 2 43 1
2 235 2 47 4
2 394 2 40 1
2 442 2 34 2
2 508 2 41 1
1 238 2 35 2
2 124 2 34 1
2 480 2 42 5
2 480 2 43 1
2 375 2 34 3
1 1 1 45 1
2 402 1 31 4
2 528 1 41 2
2 325 2 44 1
2 570 1 40 1
1 76 1 43 3
2 269 2 28 1
1 205 1 44 1
1 109 1 36 1
2 248 2 45 1
1 167 2 38 2
1 46 2 40 1
2 246 2 46 3
2 388 1 43 1
2 406 1 38 1
2 471 2 39 2
1 85 1 42 3
2 640 1 43 2
2 261 2 33 1
1 85 2 35 1
2 144 2 41 4
1 153 2 31 1
1 157 1 23 1
1 224 1 45 3
1 26 1 39 3
3 362 1 53 1
1 21 1 43 3
2 425 2 37 2
2 477 1 39 1
2 376 1 32 2
2 250 2 44 1
2 651 1 40 1
1 208 1 33 2
2 579 2 38 1
2 375 2 37 1
2 405 1 41 2
2 615 1 41 3
2 453 2 32 3
2 397 1 33 1
2 647 1 45 1
2 524 1 46 1
2 356 2 47 3
2 439 1 45 1
1 153 1 38 1
2 299 1 27 1
2 242 2 44 1
2 499 2 43 2
1 58 1 43 2
2 391 2 33 2
1 237 2 36 3
3 369 2 52 2
2 633 1 28 1
2 586 1 43 3
2 303 2 28 1
1 195 1 39 1
2 280 2 35 1
2 243 1 47 1
2 555 2 38 2
2 477 1 43 1
2 514 1 42 4
2 625 1 45 1
2 649 1 43 2
1 200 2 31 2
1 187 2 35 1
1 214 1 35 1
2 305 1 30 1
1 14 1 42 3
2 639 1 44 4
2 333 1 42 2
2 602 1 41 3
2 257 2 39 1
2 384 1 34 1
2 432 2 36 1
2 133 2 33 2
1 64 1 44 3
1 83 1 45 1
2 390 1 35 1
1 109 1 37 1
2 483 2 43 3
2 277 1 42 2
1 199 2 32 1
1 153 1 36 2
2 378 2 29 1
2 494 1 43 2
2 268 1 39 1
2 568 2 38 1
2 563 2 40 1
2 276 2 26 1
2 435 2 34 5
1 220 2 30 1
1 24 1 45 1
2 551 1 40 1
2 289 2 40 2
1 180 2 38 1
1 48 2 42 1
3 364 1 55 4
3 365 1 57 1
2 411 1 32 1
1 115 2 39 2
1 187 2 41 2
1 95 1 23 1
2 310 1 27 1
1 216 2 26 1
2 292 2 28 1
2 620 2 41 1
2 489 2 42 4
1 39 1 41 1
2 552 1 42 2
1 6 1 40 1
2 561 1 47 1
1 167 2 40 2
2 423 2 35 3
2 476 2 37 1
1 215 2 29 2
2 436 1 41 1
2 338 2 40 5
2 409 2 31 3
2 534 1 40 3
2 298 2 28 3
2 519 1 43 2
2 636 2 32 2
2 629 1 45 1
2 352 1 45 1
1 239 1 35 2
2 210 1 52 1
2 427 2 26 1
3 361 2 53 1
1 66 2 41 3
1 50 2 41 2
1 177 1 45 2
2 563 1 45 3
2 429 1 33 1
2 313 1 28 1
2 374 2 35 3
1 95 2 26 1
2 457 2 41 1
1 179 1 36 1
2 314 2 36 1
2 323 2 41 1
2 480 2 39 3
1 73 1 42 5
2 528 1 39 1
2 453 2 30 1
1 193 1 46 1
1 191 1 40 1
3 360 1 53 2
1 56 1 40 6
2 127 2 35 2
2 332 2 44 1
2 356 2 45 1
2 445 1 33 2
2 505 1 43 1
2 450 2 34 1
2 571 1 44 2
2 462 1 47 1
1 151 1 33 1
1 195 1 38 1
2 339 1 43 1
2 457 1 38 1
2 397 2 32 1
2 386 1 37 1
1 105 2 33 1
1 71 1 44 1
1 84 1 43 2
2 287 1 43 1
2 516 2 37 1
2 273 2 40 1
1 44 2 45 1
1 14 2 40 1
2 641 2 38 2
1 166 1 42 1
1 75 1 42 2
2 330 2 45 1
2 538 1 41 2
2 348 1 52 5
2 296 2 31 3
2 623 1 41 4
2 315 1 29 2
1 164 1 36 1
1 62 1 48 1
1 118 2 38 2
2 607 1 40 2
1 177 2 39 1
2 559 1 38 1
2 468 2 40 3
1 154 1 34 1
2 633 1 34 1
2 495 2 40 7
3 366 2 52 1
2 131 1 32 3
2 638 2 42 1
2 650 2 34 1
2 637 1 32 3
2 395 2 27 1
2 451 2 32 1
2 520 1 46 1
2 304 2 31 1
2 427 1 30 3
1 166 1 41 2
2 248 1 51 2
1 51 1 40 1
2 628 1 41 3
2 459 2 39 1
1 167 1 47 1
2 398 1 31 2
2 623 1 42 1
2 602 2 43 1
2 242 2 48 1
1 237 1 38 2
2 332 1 45 2
2 578 2 37 1
1 93 2 41 1
1 34 2 38 3
1 105 1 32 1
2 342 2 46 1
2 482 2 44 1
3 368 2 52 2
2 547 2 44 1
1 184 1 42 2
2 262 1 26 1
2 592 2 35 1
2 424 2 26 1
2 334 1 44 1
2 532 1 42 1
1 69 1 43 3
2 277 1 44 1
1 215 2 32 1
2 127 1 37 1
2 487 1 27 1
2 264 2 27 1
2 416 2 34 1
2 443 2 35 1
2 446 2 30 4
2 441 2 39 2
2 641 1 44 1
2 650 2 32 1
2 456 1 32 2
3 365 1 50 1
2 342 1 48 3
2 536 2 42 1
2 283 1 48 1
2 319 1 31 1
1 40 2 41 2
2 556 2 41 5
1 55 1 40 2
2 140 2 41 1
1 81 1 43 1
1 37 2 28 2
2 497 2 40 4
2 213 2 46 3
2 613 1 47 1
1 34 1 36 2
2 210 1 47 1
2 261 2 35 1
1 163 2 44 1
2 435 1 38 1
2 591 1 45 1
1 108 1 32 1
1 90 1 46 1
2 321 2 39 1
1 40 1 44 2
1 156 2 32 1
2 461 1 42 1
2 461 2 30 2
2 598 2 37 1
2 592 2 32 3
2 606 1 38 1
1 222 1 30 1
2 528 1 42 3
1 33 2 35 10
1 17 2 39 3
1 166 1 47 1
2 639 2 30 1
1 76 1 41 1
2 596 2 39 1
2 417 1 28 2
2 415 1 34 2
1 86 1 38 2
2 645 2 32 1
1 2 1 45 1
2 272 2 42 2
1 237 2 21 1
2 288 2 40 2
2 420 1 34 1
2 587 1 46 2
1 72 2 42 2
2 233 2 46 2
1 208 2 27 2
2 627 1 38 2
2 145 2 40 2
2 477 2 37 1
2 477 2 45 1
2 373 1 36 1
2 539 1 45 1
1 25 1 41 1
1 161 1 43 3
2 507 2 38 2
2 342 1 44 1
1 117 2 39 3
2 247 2 48 2
1 206 2 36 1
2 452 1 37 2
2 260 1 30 1
2 331 1 44 1
2 128 2 30 1
1 95 1 28 1
2 611 1 36 1
1 75 1 41 1
2 414 1 39 1
2 133 2 31 4
2 610 2 38 1
1 103 1 27 2
1 92 2 43 2
1 225 1 47 4
2 462 1 36 1
2 620 1 42 2
2 455 1 36 2
2 297 1 35 2
1 208 2 31 2
1 208 2 37 1
2 320 2 43 1
2 599 2 33 1
2 486 1 45 1
2 591 1 43 3
2 330 1 37 1
1 35 1 33 4
1 32 2 37 1
2 425 2 33 1
2 374 1 36 1
2 376 2 34 1
1 104 1 23 1
2 536 2 38 2
2 287 2 41 3
2 138 1 43 3
2 571 2 30 1
2 358 2 49 2
2 491 2 42 2
1 152 1 20 2
2 548 2 42 2
1 69 1 40 2
2 400 2 27 1
2 400 2 39 2
2 398 1 37 1
2 451 1 35 2
2 578 1 39 1
2 429 2 32 1
2 400 1 39 2
2 585 2 42 1
2 390 2 33 1
2 242 1 45 2
2 344 2 45 2
1 192 2 37 3
1 200 1 26 1
1 35 1 34 3
1 40 1 22 1
1 11 1 42 3
1 67 1 44 4
1 80 2 42 4
2 274 2 39 1
2 520 2 42 2
2 384 1 31 2
1 236 1 35 3
2 524 1 45 2
2 524 1 40 3
2 576 2 42 1
2 356 2 49 4
2 417 1 29 1
1 217 2 33 1
2 539 2 41 2
1 99 2 30 1
2 256 1 26 1
2 452 2 34 2
2 635 1 31 1
2 567 1 30 2
2 382 1 33 1
1 119 1 43 2
2 597 2 36 2
2 243 2 50 2
2 295 1 33 3
2 464 1 41 1
2 464 1 43 1
1 21 1 41 1
3 366 1 52 3
2 460 1 45 2
2 380 1 32 1
2 271 1 41 1
2 589 1 41 2
2 528 2 41 3
2 331 2 43 1
2 445 1 32 1
2 303 1 34 1
2 415 1 30 1
1 27 1 37 1
1 169 1 41 2
1 79 2 42 2
1 17 1 47 1
1 197 1 27 3
2 132 1 34 2
2 607 1 42 1
2 399 1 42 2
1 171 1 42 2
1 70 1 44 1
2 134 2 42 1
2 344 2 47 1
2 429 1 34 1
1 19 1 44 5
1 29 1 44 2
2 445 2 33 1
2 621 1 40 1
2 622 2 40 2
2 622 2 41 4
1 209 2 31 1
2 598 2 39 1
2 564 1 36 1
1 73 1 45 1
2 540 1 45 1
2 423 1 37 1
2 470 1 40 1
2 462 2 38 1
2 528 2 42 2
2 566 2 43 1
1 65 1 42 1
2 272 1 42 3
2 430 2 35 2
2 494 2 42 4
1 224 2 42 1
2 332 1 39 1
2 420 1 30 2
3 372 1 51 1
2 230 1 44 6
2 265 1 34 3
2 597 2 41 1
2 618 1 39 4
2 638 1 30 1
2 316 2 34 2
1 216 1 18 1
1 26 1 43 2
2 359 1 51 3
2 511 2 44 3
2 508 2 38 2
2 624 1 44 2
2 401 2 37 1
2 329 2 43 2
2 512 1 39 1
1 222 1 20 1
2 633 2 38 1
1 14 2 41 2
1 203 2 32 2
2 432 2 33 2
2 600 1 45 3
2 650 1 42 5
1 203 1 33 1
1 97 2 29 2
2 386 2 39 2
2 635 1 33 1
1 189 1 37 1
2 419 2 33 2
2 447 2 33 1
2 559 1 32 1
2 642 1 41 2
2 293 1 32 1
1 119 1 39 2
1 57 1 42 1
2 598 1 40 2
1 61 1 39 2
2 295 1 36 2
2 427 2 30 4
1 199 1 31 1
2 357 1 48 1
1 45 2 42 1
2 446 1 34 1
2 496 2 41 2
1 236 2 28 1
2 649 1 40 4
1 206 2 34 2
1 185 2 43 1
1 38 2 41 1
2 403 2 34 2
2 349 1 49 5
2 274 2 43 2
2 467 2 42 3
2 210 2 45 5
1 83 1 39 3
1 111 1 30 1
2 332 2 45 1
2 272 1 44 3
2 605 1 44 2
1 191 2 36 1
1 194 1 42 3
2 337 1 44 1
2 343 2 44 3
2 595 2 42 1
2 617 2 39 5
2 444 2 35 2
1 26 1 45 1
1 180 2 39 1
2 411 1 29 2
2 557 1 40 1
1 103 2 34 3
1 76 2 39 1
2 530 2 43 1
2 137 1 44 1
1 204 2 35 1
2 305 2 31 2
2 631 1 39 1
2 288 1 40 1
1 68 1 45 1
2 303 1 35 1
2 450 2 30 1
1 38 1 38 1
1 2 1 40 1
1 109 2 32 2
2 130 2 30 2
1 114 1 41 2
2 565 1 30 1
2 642 1 38 1
2 273 1 42 2
2 636 1 43 3
2 242 1 55 1
2 341 2 35 1
2 596 1 42 1
2 277 2 41 1
1 157 1 40 2
2 428 2 38 2
1 20 1 46 2
1 105 2 21 1
1 77 1 45 2
2 520 1 43 1
1 219 1 27 3
2 495 1 44 1
2 337 2 38 2
1 82 1 44 1
1 22 1 41 5
2 525 1 44 2
2 650 1 31 1
1 203 1 31 1
2 303 1 31 2
2 309 2 31 1
2 423 2 33 1
2 127 1 34 2
2 519 1 42 3
2 559 2 32 1
1 240 1 30 2
2 249 1 50 3
2 578 2 39 1
2 414 2 32 2
2 242 1 50 1
2 590 2 34 1
1 153 2 37 2
3 366 2 50 2
2 542 2 47 2
1 45 2 38 1
2 425 2 32 1
2 512 2 40 1
2 374 2 37 1
1 184 1 38 1
1 183 2 40 4
2 140 1 43 3
2 569 1 41 1
1 160 1 42 2
2 644 1 39 1
2 331 2 37 1
2 595 1 45 2
2 420 2 36 1
2 277 1 45 1
2 131 2 34 4
2 540 2 43 1
2 338 1 44 4
2 472 2 45 1
2 602 2 31 1
2 300 2 21 1
1 47 1 38 1
1 12 2 41 2
1 240 2 32 2
2 586 1 41 3
2 414 2 36 3
2 138 2 43 1
1 5 1 38 1
2 597 2 42 1
1 25 2 38 1
2 599 2 29 1
2 253 2 38 1
2 446 1 32 1
2 485 1 44 2
2 646 1 45 1
2 347 2 44 1
2 561 2 39 1
1 61 2 39 1
2 381 1 34 3
2 532 1 40 1
2 570 1 43 4
2 628 1 44 1
2 645 1 31 1
1 3 2 41 2
2 580 1 33 1
2 418 2 26 1
1 96 2 33 1
2 302 1 22 1
2 129 2 42 1
2 629 1 41 1
2 352 1 51 2
2 415 2 34 2
2 547 1 44 3
1 16 1 46 1
2 303 2 34 1
2 618 1 46 1
2 435 1 25 1
2 342 2 43 1
2 535 1 42 3
2 428 2 37 1
2 245 2 45 2
1 50 1 40 1
2 475 2 37 1
2 487 2 39 1
1 236 2 24 1
1 88 1 44 6
2 258 1 39 2
2 267 1 43 1
2 464 2 41 3
2 431 1 34 2
2 245 1 51 1
2 417 1 33 1
2 600 2 42 3
1 113 1 43 2
2 422 1 34 2
2 631 2 41 1
2 300 2 28 1
1 47 1 44 2
2 429 2 33 2
1 12 2 43 1
2 391 1 35 2
3 367 1 54 1
3 362 2 47 1
2 435 2 30 3
1 77 2 44 2
1 153 2 22 1
2 341 2 44 1
2 275 1 43 1
2 428 2 35 2
2 327 1 46 1
2 539 1 40 1
2 475 2 41 2
2 624 1 42 2
2 459 1 30 1
2 459 1 32 1
1 67 1 46 1
1 179 1 47 1
2 282 1 45 3
2 279 2 40 2
1 215 1 28 1
2 302 2 36 1
2 292 2 32 1
1 39 1 39 1
2 285 1 42 2
2 552 1 45 1
1 6 1 39 1
2 420 2 32 1
1 156 1 37 1
2 514 2 44 1
2 468 1 45 1
2 544 1 42 1
2 345 2 48 3
2 139 1 37 2
1 33 1 39 1
1 169 2 44 1
1 29 2 41 2
2 291 2 39 1
2 591 1 41 4
2 551 2 43 3
1 76 2 36 1
2 401 2 34 2
2 319 1 34 1
1 175 2 41 4
2 647 1 38 1
2 413 1 25 1
2 312 2 34 2
2 612 2 39 1
2 612 1 39 2
2 359 2 45 1
2 382 1 27 1
1 201 2 25 1
1 204 1 33 1
2 533 1 44 2
1 115 1 40 3
1 166 2 41 2
1 87 2 42 1
2 262 2 28 3
1 216 1 21 2
2 357 1 49 4
3 371 2 56 1
2 512 2 41 2
2 470 2 43 1
1 79 1 37 1
1 178 2 42 1
1 209 1 39 1
2 532 2 41 1
2 587 2 37 1
2 424 2 32 1
2 520 2 43 2
2 602 1 40 2
2 602 1 46 1
1 52 2 41 1
2 572 2 42 1
2 453 2 37 1
2 632 1 41 1
1 116 1 40 2
1 191 1 41 2
2 606 2 31 1
1 23 1 46 2
2 436 1 46 1
2 281 2 44 1
1 121 1 46 4
2 263 1 31 1
2 246 2 42 1
1 7 2 42 1
1 218 1 27 4
2 229 2 40 1
1 29 2 38 1
2 375 1 38 1
2 253 2 39 1
1 181 2 39 2
2 330 1 45 1
1 37 1 30 1
1 42 2 40 1
3 370 1 53 2
3 365 1 54 2
2 410 2 34 1
2 651 1 47 1
2 274 1 45 1
2 138 1 38 1
2 138 1 42 2
2 298 1 30 3
2 478 2 39 2
2 470 1 45 1
2 456 2 37 2
2 144 1 42 2
2 245 1 48 2
1 74 1 43 2
2 612 1 38 2
2 373 2 32 1
1 155 2 34 1
2 616 2 43 2
1 172 1 41 1
1 54 1 38 4
1 163 1 46 1
2 144 2 38 1
1 199 1 30 1
2 261 1 37 2
2 122 2 37 1
1 30 2 42 1
2 480 1 42 1
2 459 1 31 5
1 58 2 42 1
1 93 1 43 2
1 180 1 38 1
1 185 2 42 1
1 221 2 32 3
1 219 1 37 1
2 467 1 44 4
2 498 2 45 3
2 384 1 29 2
2 404 2 38 1
1 165 2 22 1
2 515 2 46 1
2 430 2 36 1
2 615 2 29 1
2 607 1 46 1
1 12 1 46 1
2 300 1 35 1
1 207 2 32 1
2 648 2 36 1
1 65 2 40 4
1 223 1 35 1
2 513 2 42 2
2 617 1 44 3
1 6 2 38 1
1 104 1 27 1
1 100 2 34 1
1 84 2 39 2
1 84 2 44 1
1 84 1 47 1
2 577 2 42 1
2 553 1 40 1
2 402 2 32 1
2 431 1 36 2
2 420 2 29 1
1 118 1 45 5
1 196 2 20 1
1 217 2 20 1
1 199 2 33 2
2 409 1 33 1
2 452 2 31 2
2 328 1 45 2
1 240 1 21 1
2 350 1 50 1
2 125 2 34 3
2 640 1 38 1
2 230 1 43 2
2 301 2 37 1
1 115 1 42 2
1 181 1 43 1
1 34 2 41 1
1 63 1 46 2
1 153 2 33 1
2 510 2 41 4
2 638 2 27 1
2 513 1 39 1
2 401 1 37 1
2 395 2 32 2
2 509 2 40 5
1 110 2 31 1
2 461 2 32 1
1 57 2 39 2
1 71 2 37 1
2 452 1 35 1
2 314 2 30 3
2 147 1 37 1
1 222 1 32 2
2 627 2 29 1
1 178 1 38 1
1 159 2 22 1
2 260 2 32 3
2 470 1 43 1
2 632 1 42 2
2 518 2 41 5
2 610 2 32 1
2 517 1 45 1
2 576 2 41 1
3 372 2 53 1
2 648 1 44 1
2 527 2 39 2
1 190 2 40 1
2 626 2 43 1
2 514 2 38 3
2 583 1 40 2
1 181 1 47 1
1 217 1 35 1
2 242 1 49 1
2 596 1 46 1
2 259 1 41 2
1 50 1 45 1
2 498 1 43 2
1 88 1 45 3
2 646 1 46 1
2 319 2 27 2
2 319 2 32 1
2 322 1 39 2
2 148 2 40 1
2 123 1 27 1
2 123 1 30 1
2 569 1 43 2
2 611 1 34 1
2 486 2 41 4
2 610 2 36 2
2 248 2 46 2
2 540 2 38 2
2 135 1 39 2
2 545 2 39 3
2 499 2 40 6
2 263 2 34 5
2 434 1 34 1
2 627 1 45 2
2 375 1 37 1
2 617 2 27 1
2 496 1 38 1
2 327 1 40 2
2 289 2 39 1
2 410 2 30 3
2 442 2 35 1
1 156 2 34 2
1 238 1 38 1
2 336 1 46 1
2 633 2 30 1
2 467 2 38 1
2 210 2 46 2
2 305 2 27 1
2 525 1 47 1
2 637 2 31 1
2 535 2 40 1
1 206 1 34 1
1 37 2 30 1
1 153 1 19 1
2 244 2 50 3
2 252 1 51 1
2 514 2 45 1
2 255 1 36 1
2 438 1 48 2
2 352 1 49 1
3 370 2 53 1
2 281 1 43 3
1 36 2 27 1
2 435 2 28 1
1 101 1 29 4
2 427 2 34 1
2 375 1 34 3
2 594 1 41 5
2 131 1 34 1
2 579 1 30 1
1 160 2 41 2
2 555 1 47 2
2 507 2 42 2
2 403 2 35 2
2 282 1 44 7
2 347 2 46 5
2 271 2 39 3
2 308 2 32 1
2 575 1 32 1
1 1 1 46 1
1 106 2 27 1
1 36 2 20 1
2 647 1 40 1
2 292 2 34 1
2 524 1 42 1
2 460 2 31 2
2 593 2 40 1
2 483 2 29 1
1 196 2 35 1
2 540 2 39 2
2 359 2 49 3
2 438 2 45 1
2 264 1 34 1
1 54 1 34 1
2 431 2 37 2
2 322 2 43 2
2 429 2 30 1
2 265 1 31 1
2 581 2 38 2
2 562 1 47 1
2 553 2 43 2
2 243 1 48 2
2 547 2 42 2
2 554 2 38 1
2 488 1 46 1
2 536 2 40 3
2 575 1 44 1
2 352 2 44 2
1 160 1 43 3
1 95 1 31 1
1 18 1 44 2
1 75 2 40 2
2 626 1 41 1
1 215 1 35 2
1 55 1 39 1
2 434 2 28 1
1 54 2 34 1
1 111 1 28 4
1 4 2 44 1
1 23 1 43 2
2 335 2 37 1
2 396 1 28 1
2 419 2 27 1
1 55 2 42 2
1 55 2 47 1
2 318 2 28 1
2 563 2 42 2
1 158 2 40 2
1 117 1 42 2
2 391 1 33 3
2 394 1 38 1
2 597 1 34 1
1 92 1 42 2
2 644 2 40 3
2 312 1 29 2
2 464 1 44 2
2 541 2 38 1
2 594 1 46 1
2 648 2 41 1
2 465 1 29 1
1 35 1 21 1
1 20 1 42 2
1 50 1 21 1
2 485 1 42 2
1 9 1 42 3
2 611 2 33 1
1 76 2 38 2
1 179 1 46 2
1 183 1 39 2
2 287 1 36 1
2 283 1 45 7
1 221 2 25 1
2 137 2 42 2
2 148 1 44 2
2 569 1 45 2
2 424 2 31 2
2 416 1 28 2
1 23 2 44 1
2 278 2 41 2
1 167 2 39 1
2 228 1 43 2
2 378 2 33 2
1 164 1 43 1
1 2 1 42 2
2 264 2 33 2
2 129 2 31 3
2 455 1 32 1
2 316 1 32 1
2 281 1 45 2
2 390 2 34 2
2 640 1 42 1
2 636 1 40 2
2 435 2 32 1
2 644 2 42 1
2 405 2 41 1
2 413 2 36 1
2 359 1 49 3
2 530 2 42 3
2 274 1 44 1
1 198 2 31 2
2 478 2 41 2
2 213 1 48 5
2 310 2 33 1
2 379 2 31 3
1 197 1 29 1
1 62 1 44 1
2 336 2 39 1
1 196 1 32 1
1 218 1 31 1
2 233 2 50 1
1 207 1 32 2
2 289 2 38 1
1 119 2 43 2
1 108 1 28 3
2 651 2 32 1
1 162 1 41 3
1 9 1 25 1
1 84 1 45 4
2 651 1 39 1
1 209 2 28 3
2 347 2 48 1
2 291 1 38 1
2 324 1 47 1
2 148 1 43 1
2 473 2 42 5
2 507 1 42 1
2 388 2 39 5
1 68 1 42 3
2 436 1 39 2
2 373 2 35 2
1 197 1 36 1
2 437 2 37 1
2 333 2 43 1
2 292 1 32 1
2 272 2 41 4
1 182 2 40 3
3 368 1 54 4
1 5 1 41 1
1 61 1 41 2
2 145 2 42 1
2 566 1 40 3
2 482 1 40 1
1 46 1 45 2
2 474 1 42 1
2 484 2 40 1
1 180 1 40 1
1 214 1 36 1
2 148 2 43 1
2 123 1 33 2
2 586 2 42 2
1 44 2 42 1
1 42 1 43 2
2 489 2 41 1
2 595 1 44 1
2 309 2 29 1
1 19 2 43 1
2 263 1 39 1
2 278 1 41 4
2 466 2 39 1
2 429 2 36 1
3 364 2 45 1
2 562 2 44 1
2 429 1 31 1
2 474 2 44 3
2 408 2 46 4
2 326 2 40 4
2 557 1 43 2
2 461 2 41 2
2 465 2 29 1
1 178 2 35 1
2 227 2 34 1
2 589 2 38 1
2 577 2 29 1
2 556 2 39 3
2 520 2 40 2
2 553 1 42 3
2 622 2 40 1
2 384 1 33 1
1 51 1 43 2
2 572 1 42 4
2 377 2 33 2
1 193 1 37 2
2 419 1 39 1
2 648 1 33 1
1 165 2 42 2
2 448 2 27 1
1 111 1 34 1
2 430 1 27 2
2 255 2 42 1
1 191 2 41 1
2 315 1 30 1
1 164 1 44 3
1 62 1 43 1
2 645 2 41 1
2 455 1 31 1
1 239 1 26 1
1 10 2 44 1
1 98 2 27 1
2 617 2 41 1
2 569 2 29 2
2 641 1 40 1
1 171 2 45 1
2 277 2 40 2
2 531 1 44 2
1 48 1 38 1
3 368 2 46 1
1 49 2 42 2
2 425 1 32 1
2 557 1 46 3
2 646 1 36 1
2 283 1 46 2
2 524 2 38 2
2 271 2 28 1
2 138 1 40 3
1 52 2 22 1
1 7 1 40 3
1 69 2 37 1
2 645 1 42 1
1 186 1 40 1
2 142 2 42 2
1 194 1 44 1
2 526 1 44 2
1 53 1 40 1
2 559 2 45 1
2 345 2 43 2
2 518 1 40 2
1 208 2 32 1
2 303 2 29 1
2 620 2 39 1
1 197 2 21 1
2 531 1 38 1
2 463 1 42 2
1 104 2 26 1
1 120 1 44 2
2 351 2 47 2
2 478 2 29 1
2 404 1 46 1
2 572 1 43 2
1 81 1 45 1
2 378 1 33 1
2 458 1 42 1
2 451 1 30 1
2 645 2 42 1
2 130 2 28 1
2 323 1 45 2
2 508 1 43 2
2 253 2 42 1
2 521 2 40 3
1 31 1 43 5
1 53 2 43 1
1 67 1 38 2
2 387 1 40 3
1 178 2 38 1
2 291 1 45 3
2 587 2 38 1
2 575 1 37 1
2 604 1 43 1
2 652 1 41 2
1 160 1 21 1
1 159 2 39 1
2 492 1 41 4
2 530 1 40 1
2 498 2 43 2
1 13 1 43 1
1 165 2 24 1
2 603 1 44 3
2 420 2 31 2
2 417 1 30 2
1 179 2 40 1
2 483 2 40 2
1 27 1 44 2
1 19 2 41 1
2 426 1 33 1
1 169 1 44 1
2 298 2 30 1
2 635 1 42 1
2 497 2 46 1
2 382 1 28 1
2 288 2 35 1
2 431 2 35 1
1 207 1 34 1
1 70 1 47 1
1 85 2 42 2
2 605 2 44 1
1 112 1 45 1
2 122 2 36 2
1 90 1 36 1
2 353 2 46 1
1 43 1 46 1
2 479 1 40 1
2 374 2 34 1
1 198 1 28 1
2 536 1 43 1
2 306 2 31 3
2 319 1 33 1
2 586 2 43 1
1 198 2 34 2
2 248 1 47 4
2 544 2 42 1
2 277 1 44 3
1 191 2 42 2
2 632 2 37 1
2 359 2 44 2
2 543 1 37 1
1 109 2 37 2
2 438 1 44 1
1 172 1 36 1
2 345 2 44 1
2 293 1 31 1
1 5 1 39 1
2 290 1 38 1
2 375 1 35 2
1 171 2 44 1
2 253 1 46 2
1 24 1 37 1
1 170 1 43 1
2 398 2 30 3
2 506 1 43 1
2 491 1 42 2
1 71 1 43 3
1 178 2 45 1
2 406 2 42 4
2 124 2 30 2
2 380 1 31 2
2 532 1 39 3
2 573 1 31 1
2 574 1 45 2
2 330 2 41 1
1 56 1 39 2
3 371 1 55 1
2 409 2 32 1
2 298 2 34 1
2 571 1 42 4
2 451 1 34 1
2 299 1 26 1
2 452 2 35 2
2 337 1 38 1
3 372 1 53 3
2 547 1 41 2
2 334 2 47 1
2 595 2 39 1
1 70 1 40 2
2 268 2 44 1
2 575 2 39 1
2 339 1 41 1
2 596 1 43 1
1 187 1 41 2
2 594 2 39 1
2 650 2 38 1
2 413 2 29 1
2 313 1 35 1
1 156 2 35 2
1 56 2 39 1
2 241 1 50 3
2 304 1 33 2
2 291 1 44 1
2 609 2 41 1
2 534 2 41 4
1 27 2 44 1
1 152 1 39 1
2 631 1 33 1
1 54 2 42 2
1 159 1 42 1
2 269 2 37 1
2 612 2 41 4
2 521 1 41 2
2 612 1 41 5
1 121 1 44 3
1 164 1 45 1
2 527 1 43 1
2 452 2 30 1
2 300 2 33 2
2 311 2 34 2
1 51 2 40 2
2 346 1 48 3
2 334 2 38 1
1 174 1 24 1
2 634 2 32 2
2 580 2 34 1
2 463 2 32 1
2 562 2 41 2
1 24 1 44 4
1 29 1 40 1
1 45 2 39 1
2 446 1 31 3
2 554 2 39 2
1 3 1 41 2
2 142 1 43 2
1 83 1 42 3
2 392 1 41 2
1 74 1 45 2
1 97 2 33 2
1 86 2 41 1
1 52 1 41 1
2 571 1 41 3
1 30 1 43 6
2 452 2 32 2
2 417 2 33 3
2 322 2 40 2
2 327 2 41 2
1 90 1 41 2
1 32 2 35 1
1 38 2 38 6
2 275 2 40 3
2 423 1 30 1
2 603 2 42 1
1 80 1 42 3
2 628 1 28 1
2 213 1 49 1
2 385 1 28 1
1 203 1 34 2
2 603 1 39 2
2 296 2 34 2
1 4 2 43 2
2 277 1 46 1
2 267 2 40 2
1 156 1 30 1
2 438 2 44 2
2 567 1 43 2
2 273 1 43 1
2 273 1 45 2
2 394 1 39 1
1 163 2 24 1
1 202 2 25 1
1 183 1 42 3
2 520 1 40 1
2 589 2 30 1
2 467 1 42 1
2 603 1 43 1
1 41 1 45 4
1 17 1 45 2
1 60 1 45 1
1 177 2 44 2
2 284 1 47 1
2 446 2 34 2
2 537 1 41 3
2 620 2 40 1
1 111 2 31 1
1 223 2 42 1
