year type stratum sex age value 
1992 N 1 1 1 0
1992 N 1 1 2 0
1992 N 1 1 3 0
1992 N 1 1 4 14.2866
1992 N 1 1 5 1792.63
1992 N 1 1 6 2200.93
1992 N 1 1 7 3449.53
1992 N 1 1 8 8094.73
1992 N 1 1 9 9541.94
1992 N 1 1 10 2811.8
1992 N 1 1 11 8722.46
1992 N 1 1 12 5719.81
1992 N 1 1 13 2396.19
1992 N 1 1 14 2387.6
1992 N 1 1 15 883.829
1992 N 1 1 16 160.214
1992 N 1 1 17 1313.84
1992 N 1 1 18 399.276
1992 N 1 1 19 384.309
1992 N 1 1 20 660.329
1992 Biomass 1 1 1 0
1992 Biomass 1 1 2 0
1992 Biomass 1 1 3 0
1992 Biomass 1 1 4 0.714329
1992 Biomass 1 1 5 217.276
1992 Biomass 1 1 6 423.588
1992 Biomass 1 1 7 884.016
1992 Biomass 1 1 8 2650.3
1992 Biomass 1 1 9 4225.54
1992 Biomass 1 1 10 1524.07
1992 Biomass 1 1 11 5653.84
1992 Biomass 1 1 12 3949.58
1992 Biomass 1 1 13 1630.56
1992 Biomass 1 1 14 1694.95
1992 Biomass 1 1 15 750.711
1992 Biomass 1 1 16 146.275
1992 Biomass 1 1 17 1210.71
1992 Biomass 1 1 18 347.355
1992 Biomass 1 1 19 327.792
1992 Biomass 1 1 20 641.128
1992 N_Kimura   1 1 1 0
1992 N_Kimura   1 1 2 0
1992 N_Kimura   1 1 3 0
1992 N_Kimura   1 1 4 10.2592
1992 N_Kimura   1 1 5 1287.29
1992 N_Kimura   1 1 6 1580.49
1992 N_Kimura   1 1 7 2477.12
1992 N_Kimura   1 1 8 5812.85
1992 N_Kimura   1 1 9 6852.09
1992 N_Kimura   1 1 10 2019.16
1992 N_Kimura   1 1 11 6263.62
1992 N_Kimura   1 1 12 4107.41
1992 N_Kimura   1 1 13 1720.71
1992 N_Kimura   1 1 14 1714.54
1992 N_Kimura   1 1 15 634.68
1992 N_Kimura   1 1 16 115.05
1992 N_Kimura   1 1 17 943.472
1992 N_Kimura   1 1 18 286.721
1992 N_Kimura   1 1 19 275.973
1992 N_Kimura   1 1 20 474.184
1992 avg_wt_age 1 1 1 0
1992 avg_wt_age 1 1 2 0
1992 avg_wt_age 1 1 3 0
1992 avg_wt_age 1 1 4 0.05
1992 avg_wt_age 1 1 5 0.121206
1992 avg_wt_age 1 1 6 0.192459
1992 avg_wt_age 1 1 7 0.256272
1992 avg_wt_age 1 1 8 0.327411
1992 avg_wt_age 1 1 9 0.442839
1992 avg_wt_age 1 1 10 0.542026
1992 avg_wt_age 1 1 11 0.648194
1992 avg_wt_age 1 1 12 0.69051
1992 avg_wt_age 1 1 13 0.680481
1992 avg_wt_age 1 1 14 0.709896
1992 avg_wt_age 1 1 15 0.849385
1992 avg_wt_age 1 1 16 0.913
1992 avg_wt_age 1 1 17 0.921506
1992 avg_wt_age 1 1 18 0.869962
1992 avg_wt_age 1 1 19 0.852939
1992 avg_wt_age 1 1 20 0.970922
1992 N 1 2 1 0
1992 N 1 2 2 0
1992 N 1 2 3 213.278
1992 N 1 2 4 1421.51
1992 N 1 2 5 6590.75
1992 N 1 2 6 5671.35
1992 N 1 2 7 8844.2
1992 N 1 2 8 21457.8
1992 N 1 2 9 17555.9
1992 N 1 2 10 9483.37
1992 N 1 2 11 11048.5
1992 N 1 2 12 4565.96
1992 N 1 2 13 1622.89
1992 N 1 2 14 2269.57
1992 N 1 2 15 1261.71
1992 N 1 2 16 31.6346
1992 N 1 2 17 4762.12
1992 N 1 2 18 80.8892
1992 N 1 2 19 76.127
1992 N 1 2 20 146.267
1992 Biomass 1 2 1 0
1992 Biomass 1 2 2 0
1992 Biomass 1 2 3 13.8631
1992 Biomass 1 2 4 105.448
1992 Biomass 1 2 5 705.993
1992 Biomass 1 2 6 890.359
1992 Biomass 1 2 7 1700.48
1992 Biomass 1 2 8 4723.32
1992 Biomass 1 2 9 4774.18
1992 Biomass 1 2 10 2928.57
1992 Biomass 1 2 11 3907.76
1992 Biomass 1 2 12 2017.69
1992 Biomass 1 2 13 752.483
1992 Biomass 1 2 14 883.071
1992 Biomass 1 2 15 510.071
1992 Biomass 1 2 16 28.8824
1992 Biomass 1 2 17 1985.79
1992 Biomass 1 2 18 70.4945
1992 Biomass 1 2 19 64.9213
1992 Biomass 1 2 20 144.635
1992 N_Kimura   1 2 1 0
1992 N_Kimura   1 2 2 0
1992 N_Kimura   1 2 3 304.533
1992 N_Kimura   1 2 4 2029.74
1992 N_Kimura   1 2 5 9410.74
1992 N_Kimura   1 2 6 8097.95
1992 N_Kimura   1 2 7 12628.4
1992 N_Kimura   1 2 8 30638.9
1992 N_Kimura   1 2 9 25067.6
1992 N_Kimura   1 2 10 13541
1992 N_Kimura   1 2 11 15775.8
1992 N_Kimura   1 2 12 6519.59
1992 N_Kimura   1 2 13 2317.27
1992 N_Kimura   1 2 14 3240.65
1992 N_Kimura   1 2 15 1801.56
1992 N_Kimura   1 2 16 45.17
1992 N_Kimura   1 2 17 6799.69
1992 N_Kimura   1 2 18 115.499
1992 N_Kimura   1 2 19 108.699
1992 N_Kimura   1 2 20 208.851
1992 avg_wt_age 1 2 1 0
1992 avg_wt_age 1 2 2 0
1992 avg_wt_age 1 2 3 0.065
1992 avg_wt_age 1 2 4 0.0741798
1992 avg_wt_age 1 2 5 0.107119
1992 avg_wt_age 1 2 6 0.156993
1992 avg_wt_age 1 2 7 0.192271
1992 avg_wt_age 1 2 8 0.220122
1992 avg_wt_age 1 2 9 0.271941
1992 avg_wt_age 1 2 10 0.308811
1992 avg_wt_age 1 2 11 0.353693
1992 avg_wt_age 1 2 12 0.441898
1992 avg_wt_age 1 2 13 0.463669
1992 avg_wt_age 1 2 14 0.389091
1992 avg_wt_age 1 2 15 0.40427
1992 avg_wt_age 1 2 16 0.913
1992 avg_wt_age 1 2 17 0.416997
1992 avg_wt_age 1 2 18 0.871494
1992 avg_wt_age 1 2 19 0.852802
1992 avg_wt_age 1 2 20 0.988838
1992 p 1 1 1 0
1992 p 1 1 2 0
1992 p 1 1 3 0
1992 p 1 1 4 9.65065e-05
1992 p 1 1 5 0.0121093
1992 p 1 1 6 0.0148674
1992 p 1 1 7 0.0233017
1992 p 1 1 8 0.0546803
1992 p 1 1 9 0.0644562
1992 p 1 1 10 0.0189939
1992 p 1 1 11 0.0589206
1992 p 1 1 12 0.0386375
1992 p 1 1 13 0.0161864
1992 p 1 1 14 0.0161284
1992 p 1 1 15 0.0059703
1992 p 1 1 16 0.00108225
1992 p 1 1 17 0.00887504
1992 p 1 1 18 0.00269713
1992 p 1 1 19 0.00259602
1992 p 1 1 20 0.00446055
1992 p 1 2 1 0
1992 p 1 2 2 0
1992 p 1 2 3 0.0014407
1992 p 1 2 4 0.00960239
1992 p 1 2 5 0.0445208
1992 p 1 2 6 0.0383102
1992 p 1 2 7 0.059743
1992 p 1 2 8 0.144948
1992 p 1 2 9 0.118591
1992 p 1 2 10 0.0640606
1992 p 1 2 11 0.0746329
1992 p 1 2 12 0.0308432
1992 p 1 2 13 0.0109627
1992 p 1 2 14 0.0153311
1992 p 1 2 15 0.0085229
1992 p 1 2 16 0.000213693
1992 p 1 2 17 0.0321684
1992 p 1 2 18 0.00054641
1992 p 1 2 19 0.000514242
1992 p 1 2 20 0.000988042
1992 N  1 99 1 0
1992 N  1 99 2 0
1992 N  1 99 3 213.278
1992 N  1 99 4 1435.8
1992 N  1 99 5 8383.38
1992 N  1 99 6 7872.27
1992 N  1 99 7 12293.7
1992 N  1 99 8 29552.5
1992 N  1 99 9 27097.9
1992 N  1 99 10 12295.2
1992 N  1 99 11 19770.9
1992 N  1 99 12 10285.8
1992 N  1 99 13 4019.08
1992 N  1 99 14 4657.17
1992 N  1 99 15 2145.54
1992 N  1 99 16 191.848
1992 N  1 99 17 6075.96
1992 N  1 99 18 480.165
1992 N  1 99 19 460.436
1992 N  1 99 20 806.596
1992 a  1 99 1 0
1992 a  1 99 2 0
1992 a  1 99 3 0.065
1992 a  1 99 4 0.0739392
1992 a  1 99 5 0.110131
1992 a  1 99 6 0.166908
1992 a  1 99 7 0.210229
1992 a  1 99 8 0.249509
1992 a  1 99 9 0.332119
1992 a  1 99 10 0.362146
1992 a  1 99 11 0.48362
1992 a  1 99 12 0.580148
1992 a  1 99 13 0.592933
1992 a  1 99 14 0.553559
1992 a  1 99 15 0.58763
1992 a  1 99 16 0.913
1992 a  1 99 17 0.52609
1992 a  1 99 18 0.87022
1992 a  1 99 19 0.852917
1992 a  1 99 20 0.974171
1992 N 99 1 1 0
1992 N 99 1 2 0
1992 N 99 1 3 0
1992 N 99 1 4 14.2866
1992 N 99 1 5 1792.63
1992 N 99 1 6 2200.93
1992 N 99 1 7 3449.53
1992 N 99 1 8 8094.73
1992 N 99 1 9 9541.94
1992 N 99 1 10 2811.8
1992 N 99 1 11 8722.46
1992 N 99 1 12 5719.81
1992 N 99 1 13 2396.19
1992 N 99 1 14 2387.6
1992 N 99 1 15 883.829
1992 N 99 1 16 160.214
1992 N 99 1 17 1313.84
1992 N 99 1 18 399.276
1992 N 99 1 19 384.309
1992 N 99 1 20 660.329
1992 a 99 1 1 0
1992 a 99 1 2 0
1992 a 99 1 3 0
1992 a 99 1 4 0.05
1992 a 99 1 5 0.121206
1992 a 99 1 6 0.192459
1992 a 99 1 7 0.256272
1992 a 99 1 8 0.327411
1992 a 99 1 9 0.442839
1992 a 99 1 10 0.542026
1992 a 99 1 11 0.648194
1992 a 99 1 12 0.69051
1992 a 99 1 13 0.680481
1992 a 99 1 14 0.709896
1992 a 99 1 15 0.849385
1992 a 99 1 16 0.913
1992 a 99 1 17 0.921506
1992 a 99 1 18 0.869962
1992 a 99 1 19 0.852939
1992 a 99 1 20 0.970922
1992 N 99 2 1 0
1992 N 99 2 2 0
1992 N 99 2 3 213.278
1992 N 99 2 4 1421.51
1992 N 99 2 5 6590.75
1992 N 99 2 6 5671.35
1992 N 99 2 7 8844.2
1992 N 99 2 8 21457.8
1992 N 99 2 9 17555.9
1992 N 99 2 10 9483.37
1992 N 99 2 11 11048.5
1992 N 99 2 12 4565.96
1992 N 99 2 13 1622.89
1992 N 99 2 14 2269.57
1992 N 99 2 15 1261.71
1992 N 99 2 16 31.6346
1992 N 99 2 17 4762.12
1992 N 99 2 18 80.8892
1992 N 99 2 19 76.127
1992 N 99 2 20 146.267
1992 a 99 2 1 0
1992 a 99 2 2 0
1992 a 99 2 3 0.065
1992 a 99 2 4 0.0741798
1992 a 99 2 5 0.107119
1992 a 99 2 6 0.156993
1992 a 99 2 7 0.192271
1992 a 99 2 8 0.220122
1992 a 99 2 9 0.271941
1992 a 99 2 10 0.308811
1992 a 99 2 11 0.353693
1992 a 99 2 12 0.441898
1992 a 99 2 13 0.463669
1992 a 99 2 14 0.389091
1992 a 99 2 15 0.40427
1992 a 99 2 16 0.913
1992 a 99 2 17 0.416997
1992 a 99 2 18 0.871494
1992 a 99 2 19 0.852802
1992 a 99 2 20 0.988838
1992 N 99 99 1 0
1992 N 99 99 2 0
1992 N 99 99 3 213.278
1992 N 99 99 4 1435.8
1992 N 99 99 5 8383.38
1992 N 99 99 6 7872.27
1992 N 99 99 7 12293.7
1992 N 99 99 8 29552.5
1992 N 99 99 9 27097.9
1992 N 99 99 10 12295.2
1992 N 99 99 11 19770.9
1992 N 99 99 12 10285.8
1992 N 99 99 13 4019.08
1992 N 99 99 14 4657.17
1992 N 99 99 15 2145.54
1992 N 99 99 16 191.848
1992 N 99 99 17 6075.96
1992 N 99 99 18 480.165
1992 N 99 99 19 460.436
1992 N 99 99 20 806.596
1992 a 99 99 1 0
1992 a 99 99 2 0
1992 a 99 99 3 0.065
1992 a 99 99 4 0.0739392
1992 a 99 99 5 0.110131
1992 a 99 99 6 0.166908
1992 a 99 99 7 0.210229
1992 a 99 99 8 0.249509
1992 a 99 99 9 0.332119
1992 a 99 99 10 0.362146
1992 a 99 99 11 0.48362
1992 a 99 99 12 0.580148
1992 a 99 99 13 0.592933
1992 a 99 99 14 0.553559
1992 a 99 99 15 0.58763
1992 a 99 99 16 0.913
1992 a 99 99 17 0.52609
1992 a 99 99 18 0.87022
1992 a 99 99 19 0.852917
1992 a 99 99 20 0.974171
