1 1216 2 -9 0.39 31
1 1224 1 -9 0.47 37
1 964 1 -9 0.43 33
1 838 2 12 0.4 33
1 54 2 -9 0.4 33
1 1105 2 -9 0.29 31
1 456 2 -9 0.27 30
1 229 1 -9 0.64 37
1 291 2 -9 0.23 29
1 169 2 -9 0.35 32
1 181 1 -9 0.58 38
1 214 2 -9 0.28 29
1 1083 1 -9 0.48 34
1 534 1 12 0.7 41
1 346 2 10 0.24 30
1 365 2 -9 0.26 29
1 930 1 -9 0.5 33
1 1080 1 -9 0.67 38
1 1014 2 11 0.36 30
1 754 1 -9 0.45 35
1 216 2 9 0.23 28
1 1141 2 -9 0.24 28
1 18 1 -9 0.34 31
1 119 2 -9 0.26 29
1 127 2 -9 0.2 27
1 640 2 -9 0.3 31
1 382 1 -9 0.37 32
1 637 2 -9 0.32 30
1 651 1 10 0.44 34
1 453 1 -9 0.51 34
1 11 1 -9 0.54 36
1 23 1 -9 0.54 35
1 515 2 -9 0.3 30
1 519 2 18 0.71 40
1 297 2 -9 0.25 29
1 838 2 -9 0.39 32
1 103 1 -9 0.84 41
1 203 1 -9 0.43 35
1 250 1 -9 0.37 33
1 318 1 13 0.45 36
1 365 1 -9 0.61 35
1 901 1 -9 0.6 36
1 920 1 11 0.5 34
1 417 1 -9 0.66 39
1 1118 2 -9 0.39 33
1 780 1 -9 0.56 36
1 105 1 -9 0.84 40
1 105 1 -9 0.62 37
1 138 2 -9 0.35 31
1 143 2 13 0.29 31
1 230 2 16 0.3 31
1 404 2 -9 0.22 27
1 709 2 -9 0.28 31
1 1176 2 9 0.29 28
1 7 1 -9 0.53 34
1 39 2 -9 0.31 30
1 44 2 -9 0.25 29
1 973 1 -9 0.4 33
1 490 2 -9 0.25 28
1 719 2 -9 0.31 31
1 741 1 -9 0.42 33
1 757 1 -9 0.54 37
1 37 2 -9 0.46 33
1 31 1 -9 0.32 32
1 668 2 -9 0.45 34
1 725 1 26 0.84 41
1 711 1 -9 0.54 36
1 148 2 -9 0.27 30
1 448 1 -9 0.42 33
1 459 1 24 0.76 42
1 710 1 -9 0.53 36
1 21 2 -9 0.22 28
1 23 1 -9 0.46 36
1 23 1 13 0.43 34
1 162 2 -9 0.33 31
1 460 1 -9 0.74 41
1 37 2 -9 0.34 31
1 384 1 11 0.44 33
1 47 1 12 0.44 33
1 48 1 -9 0.71 38
1 50 2 -9 0.29 30
1 50 2 10 0.3 30
1 59 1 13 0.49 36
1 60 2 12 0.25 29
1 30 2 -9 0.28 29
1 3 1 -9 0.52 35
1 4 2 -9 0.32 29
1 4 1 14 0.54 36
1 378 1 -9 0.41 32
1 379 1 -9 0.74 39
1 40 1 -9 0.55 37
1 556 2 12 0.42 34
1 90 1 -9 0.43 34
1 517 2 -9 0.35 30
1 194 2 -9 0.3 30
1 196 1 -9 0.74 38
1 200 1 9 0.34 32
1 206 1 -9 0.54 38
1 399 2 -9 0.32 31
1 191 1 8 0.21 28
1 229 1 -9 1.08 44
1 229 2 -9 0.24 29
1 99 1 -9 0.5 36
1 100 1 -9 0.5 35
1 84 2 -9 0.22 28
1 297 1 -9 0.39 32
1 301 2 9 0.3 31
1 407 1 -9 0.48 34
1 409 2 -9 0.28 31
1 304 2 -9 0.21 28
1 306 1 -9 0.61 37
1 185 1 -9 0.48 34
1 186 1 13 0.7 38
1 187 2 -9 0.3 29
1 224 2 -9 0.26 29
1 138 1 -9 0.2 26
1 215 2 -9 0.28 29
1 220 1 -9 0.38 31
1 271 2 -9 0.28 30
1 238 2 25 0.39 33
1 110 2 -9 0.44 34
1 112 2 -9 0.24 29
1 114 1 -9 0.63 38
1 263 1 -9 0.62 37
1 119 1 13 0.58 35
1 125 2 -9 0.33 32
1 265 2 -9 0.32 31
1 130 1 -9 0.54 37
1 133 1 -9 0.5 34
1 319 1 -9 0.59 37
1 490 2 -9 0.24 29
1 251 1 10 0.38 32
1 492 2 -9 0.22 28
1 493 1 16 0.55 38
1 493 2 -9 0.3 30
1 493 2 -9 0.23 28
1 308 2 -9 0.35 32
1 309 2 -9 0.21 27
1 309 1 -9 0.64 39
1 310 2 -9 0.2 27
1 312 2 -9 0.38 32
1 313 2 -9 0.27 31
1 315 2 -9 0.27 29
1 487 1 -9 0.4 33
1 489 2 9 0.25 28
1 243 1 9 0.26 29
1 255 2 -9 0.32 34
1 256 2 -9 0.27 29
1 258 2 -9 0.35 31
1 135 1 -9 0.53 35
1 249 1 12 0.48 34
1 143 2 -9 0.26 30
1 250 1 -9 0.3 30
1 287 2 -9 0.36 32
1 289 1 10 0.53 35
1 280 2 -9 0.26 29
1 151 2 -9 0.32 31
1 282 2 10 0.27 29
1 284 2 12 0.28 31
1 285 2 -9 0.25 30
1 285 1 14 0.49 33
1 286 1 -9 0.55 33
1 161 1 -9 0.6 36
1 161 2 -9 0.23 28
1 525 2 -9 0.31 30
1 80 1 12 0.63 37
1 441 1 -9 0.43 33
1 443 1 -9 0.46 33
1 412 2 12 0.26 31
1 413 1 12 0.43 33
1 414 1 -9 0.72 40
1 417 2 -9 0.23 30
1 418 2 -9 0.5 37
1 323 1 -9 0.46 33
1 325 1 -9 0.6 35
1 522 2 -9 0.36 42
1 102 1 -9 0.67 37
1 466 1 -9 0.25 28
1 467 1 -9 0.22 27
1 468 1 -9 0.55 35
1 470 1 -9 0.22 29
1 470 1 16 0.5 35
1 470 2 -9 0.22 28
1 547 1 -9 0.37 32
1 532 1 -9 0.38 33
1 471 1 13 0.42 35
1 473 2 -9 0.24 28
1 475 1 -9 0.52 34
1 479 1 -9 0.51 35
1 450 2 -9 0.27 29
1 420 2 -9 0.3 31
1 738 1 -9 0.62 37
1 831 1 -9 0.62 37
1 166 2 -9 0.33 30
1 166 2 -9 0.26 28
1 96 1 -9 0.86 41
1 167 2 14 0.42 34
1 169 1 -9 0.66 36
1 170 1 -9 0.62 36
1 171 1 -9 0.42 32
1 173 1 14 0.48 34
1 816 1 -9 0.55 35
1 820 1 -9 0.56 36
1 510 2 -9 0.28 30
1 605 1 -9 0.61 37
1 672 2 13 0.32 31
1 364 2 -9 0.16 26
1 365 2 12 0.22 28
1 346 1 -9 0.54 38
1 351 1 13 0.52 35
1 352 1 -9 0.78 41
1 353 2 -9 0.28 30
1 373 2 13 0.44 35
1 358 2 -9 0.3 30
1 358 2 10 0.25 28
1 755 1 -9 0.58 38
1 361 1 -9 0.57 37
1 506 1 -9 0.45 33
1 665 1 -9 0.78 40
1 667 2 -9 0.51 38
1 835 2 -9 0.35 30
1 835 2 -9 0.43 33
1 330 2 -9 0.3 31
1 334 2 12 0.3 31
1 335 1 -9 0.6 37
1 77 1 12 0.55 34
1 775 1 -9 0.34 32
1 894 2 18 0.34 30
1 614 1 -9 0.4 32
1 654 2 -9 0.3 31
1 635 2 -9 0.54 34
1 635 1 -9 0.46 33
1 746 1 -9 0.35 32
1 746 1 11 0.44 33
1 899 2 -9 0.36 31
1 902 1 11 0.88 43
1 861 1 10 0.52 35
1 693 2 -9 0.68 38
1 624 1 -9 0.36 30
1 797 1 -9 0.64 37
1 616 2 -9 0.31 34
1 617 1 -9 0.42 34
1 570 1 -9 0.38 32
1 570 2 12 0.28 30
1 572 1 11 0.39 33
1 575 2 -9 0.21 27
1 707 1 -9 0.51 36
1 708 1 -9 0.36 32
1 715 1 -9 0.29 32
1 807 1 23 0.63 39
1 723 1 -9 0.38 32
1 907 1 -9 0.32 31
1 705 2 -9 0.42 33
1 912 1 -9 0.94 41
1 919 2 11 0.39 33
1 748 1 -9 0.46 36
1 562 1 -9 0.52 36
1 954 2 -9 0.35 30
1 954 2 -9 0.27 29
1 979 1 -9 0.48 33
1 970 2 -9 0.34 29
1 977 2 -9 0.29 29
1 989 2 -9 0.41 32
1 986 2 -9 0.43 33
1 1100 2 -9 0.38 31
1 1140 1 -9 0.44 33
1 1051 1 -9 0.37 32
1 1111 2 -9 0.3 28
1 1036 2 -9 0.34 31
1 1071 1 -9 0.66 39
1 1047 1 -9 0.78 39
1 1074 2 -9 0.36 29
1 1125 1 -9 0.49 35
1 1133 1 -9 0.47 35
1 1190 1 -9 0.3 31
1 1192 1 -9 0.68 37
1 1229 1 -9 0.78 39
1 1203 2 -9 0.21 27
1 1214 1 -9 0.52 34
1 1211 1 -9 0.56 36
1 1160 1 -9 0.64 37
1 101 2 -9 0.27 30
1 186 1 -9 0.54 35
1 378 1 -9 0.61 37
1 1180 1 10 0.38 31
1 1182 1 10 0.75 37
1 136 2 16 0.3 31
1 172 2 -9 0.34 32
1 442 1 -9 0.58 36
1 477 2 -9 0.2 27
1 504 2 12 0.23 28
1 512 2 -9 0.44 35
1 643 1 -9 0.44 34
1 49 1 -9 0.56 35
1 711 1 -9 0.46 36
1 95 1 -9 0.48 34
1 526 1 12 0.66 38
1 1210 1 -9 0.44 34
1 436 1 -9 0.62 35
1 443 2 -9 0.23 30
1 506 2 -9 0.31 29
1 351 1 -9 0.44 34
1 369 1 11 0.67 38
1 586 1 -9 0.49 35
1 40 2 13 0.23 29
1 571 1 11 0.42 33
1 262 2 -9 0.28 30
1 271 2 10 0.24 28
1 281 2 -9 0.28 30
1 1103 1 -9 0.54 37
1 652 2 -9 0.26 31
1 486 2 -9 0.22 28
1 504 1 -9 0.43 33
1 302 2 -9 0.27 29
1 528 2 -9 0.22 27
1 539 1 -9 0.38 35
1 329 1 -9 0.48 35
1 361 2 -9 0.22 28
1 1034 2 11 0.34 30
1 185 1 14 0.54 37
1 431 2 15 0.33 31
1 722 1 -9 0.64 39
1 770 1 -9 0.6 36
1 485 2 -9 0.24 29
1 1121 2 10 0.35 31
1 197 2 -9 0.25 28
1 548 1 -9 0.62 36
1 30 1 -9 0.36 32
1 837 2 -9 0.35 30
1 257 2 -9 0.29 30
1 293 1 -9 0.51 34
1 307 2 -9 0.24 28
1 332 2 -9 0.26 29
1 359 2 11 0.28 29
1 363 2 -9 0.22 27
1 187 2 -9 0.19 26
1 229 2 4 0.04 16
1 836 2 -9 0.4 32
1 850 1 -9 0.41 31
1 142 2 -9 0.28 30
1 151 1 -9 0.59 39
1 153 1 -9 0.55 36
1 692 2 9 0.36 32
1 75 1 -9 0.8 34
1 1040 2 -9 0.41 33
1 267 1 -9 0.49 34
1 297 2 -9 0.21 26
1 303 1 15 0.75 41
1 319 1 -9 0.47 36
1 1009 1 -9 0.54 36
1 565 1 -9 0.41 32
1 804 1 12 0.56 36
1 1109 2 -9 0.3 30
1 1039 1 -9 0.66 36
1 80 1 -9 0.9 39
1 106 1 -9 0.74 38
1 151 1 -9 0.34 32
1 179 2 -9 0.62 37
1 218 1 16 0.51 36
1 967 2 -9 0.26 28
1 992 2 -9 0.32 31
1 590 1 -9 0.48 37
1 262 1 -9 0.58 37
1 399 2 -9 0.22 26
1 301 2 -9 0.17 25
1 312 2 19 0.27 31
1 527 1 -9 0.66 36
1 165 1 12 0.47 37
1 524 1 -9 0.3 30
1 371 2 -9 0.28 30
1 263 1 -9 0.47 34
1 739 1 -9 0.58 38
1 879 2 -9 0.33 30
1 15 2 12 0.22 28
1 297 2 4 0.09 19
1 198 1 -9 0.54 37
1 220 2 -9 0.28 31
1 529 2 -9 0.28 29
1 529 2 18 0.32 31
1 467 2 -9 0.23 29
1 6 1 -9 0.57 37
1 69 1 -9 0.72 40
1 699 2 -9 0.46 34
1 836 2 -9 0.25 26
1 104 2 -9 0.2 29
1 123 2 -9 0.2 26
1 880 1 -9 0.8 39
1 581 2 18 0.62 38
1 911 1 18 1 40
1 933 1 -9 0.9 41
1 439 2 14 0.29 31
1 1060 1 -9 0.51 35
1 327 1 16 0.55 36
1 140 2 -9 0.24 28
1 188 2 -9 0.32 31
1 362 2 -9 0.22 27
1 369 2 -9 0.39 33
1 1130 1 -9 0.65 36
1 79 1 -9 0.57 35
1 982 1 -9 0.96 40
1 5 1 13 0.57 37
1 530 1 -9 0.86 41
1 1068 2 10 0.4 31
1 604 2 -9 0.26 31
1 806 1 -9 0.62 36
1 682 1 -9 0.34 32
1 710 1 -9 0.49 35
1 25 2 -9 0.26 28
1 162 1 14 0.59 37
1 162 2 -9 0.26 29
1 278 2 12 0.34 31
1 382 1 12 0.43 34
1 382 1 -9 0.67 38
1 45 1 -9 0.51 34
1 46 1 13 0.58 35
1 49 1 -9 0.37 30
1 54 1 14 0.56 36
1 55 2 -9 0.29 29
1 59 2 -9 0.24 29
1 2 2 -9 0.3 30
1 3 1 12 0.48 34
1 32 1 -9 0.42 33
1 34 2 -9 0.29 30
1 34 2 -9 0.3 31
1 35 2 -9 0.2 27
1 36 2 14 0.32 30
1 50 1 -9 0.59 35
1 51 1 -9 0.91 39
1 38 1 12 0.43 32
1 38 2 -9 0.24 29
1 40 1 -9 0.54 35
1 42 1 -9 0.45 34
1 552 1 26 0.63 38
1 553 1 11 0.56 35
1 232 1 20 0.6 39
1 193 1 -9 0.38 33
1 197 2 -9 0.23 29
1 395 1 -9 0.68 35
1 202 1 -9 0.52 34
1 396 1 -9 0.58 36
1 397 1 -9 0.48 33
1 397 1 -9 0.59 35
1 398 2 -9 0.32 30
1 399 1 -9 0.36 34
1 209 1 11 0.51 37
1 189 1 9 0.32 31
1 393 1 13 0.5 36
1 495 1 -9 0.6 38
1 498 1 -9 0.44 33
1 230 1 -9 0.44 33
1 401 2 -9 0.27 28
1 402 2 -9 0.26 29
1 182 1 11 0.42 32
1 182 1 -9 0.59 38
1 182 1 -9 0.46 34
1 296 1 -9 0.43 32
1 300 2 -9 0.26 27
1 302 2 -9 0.26 29
1 407 1 -9 0.63 38
1 306 2 -9 0.19 26
1 88 2 13 0.26 31
1 186 2 -9 0.4 33
1 187 2 -9 0.26 29
1 223 1 -9 0.33 31
1 293 2 -9 0.34 31
1 215 1 -9 0.56 36
1 218 1 -9 0.56 35
1 222 2 -9 0.24 29
1 272 2 -9 0.17 26
1 238 1 -9 0.62 38
1 115 1 -9 0.51 36
1 110 2 -9 0.38 33
1 220 1 -9 0.6 38
1 118 2 -9 0.25 29
1 258 1 -9 0.4 32
1 259 2 -9 0.28 29
1 122 1 -9 0.56 34
1 123 2 12 0.25 29
1 124 1 -9 0.48 32
1 267 1 -9 0.57 35
1 210 1 -9 0.48 34
1 130 1 -9 0.77 40
1 133 1 -9 0.57 36
1 319 2 -9 0.49 33
1 492 2 12 0.21 29
1 308 2 -9 0.37 32
1 310 1 -9 0.29 32
1 310 2 -9 0.21 29
1 313 1 -9 0.69 39
1 314 2 -9 0.27 30
1 315 2 -9 0.24 29
1 317 2 -9 0.2 28
1 482 2 -9 0.3 32
1 134 1 -9 0.57 36
1 257 1 -9 0.47 34
1 258 2 -9 0.21 27
1 246 2 -9 0.26 30
1 247 1 -9 0.43 34
1 145 1 -9 0.51 36
1 287 2 -9 0.11 26
1 288 2 -9 0.36 31
1 145 2 -9 0.2 27
1 147 2 -9 0.23 29
1 148 1 -9 0.44 35
1 151 2 -9 0.3 31
1 276 2 -9 0.22 27
1 160 2 9 0.21 28
1 163 1 -9 0.89 38
1 79 2 -9 0.43 33
1 441 2 -9 0.29 30
1 446 2 -9 0.22 28
1 447 2 -9 0.25 29
1 447 1 -9 0.78 41
1 412 1 -9 0.72 39
1 412 2 -9 0.26 29
1 420 2 9 0.29 30
1 322 2 -9 0.24 28
1 323 1 -9 0.64 39
1 324 1 11 0.44 33
1 325 1 20 0.74 40
1 326 2 -9 0.24 29
1 524 1 -9 0.21 27
1 465 2 -9 0.32 31
1 528 1 13 0.4 33
1 529 2 -9 0.29 30
1 105 1 -9 0.58 35
1 473 2 -9 0.26 28
1 474 1 -9 0.5 34
1 455 1 -9 0.6 35
1 456 1 -9 0.64 37
1 891 2 -9 0.29 29
1 448 1 -9 0.55 35
1 451 1 -9 0.56 36
1 451 2 10 0.2 27
1 453 1 -9 0.53 36
1 421 1 -9 0.86 42
1 421 1 -9 1 42
1 743 1 -9 0.63 35
1 744 1 11 0.36 31
1 831 2 -9 0.46 32
1 828 1 12 0.73 37
1 830 1 -9 0.57 35
1 171 2 13 0.29 29
1 174 2 8 0.22 27
1 176 2 -9 0.25 28
1 821 1 13 0.46 35
1 510 2 -9 0.3 30
1 671 2 -9 0.25 29
1 675 1 -9 0.64 38
1 366 2 -9 0.22 28
1 345 1 -9 0.66 38
1 345 1 -9 0.54 37
1 372 1 13 0.37 33
1 356 1 -9 0.5 36
1 358 2 -9 0.27 28
1 762 1 -9 0.34 31
1 339 2 -9 0.2 29
1 361 2 -9 0.3 29
1 884 1 -9 0.7 37
1 888 2 14 0.46 33
1 503 1 19 0.64 39
1 330 2 9 0.26 29
1 333 2 -9 0.22 30
1 334 1 -9 0.56 36
1 78 1 -9 0.74 42
1 659 1 -9 0.66 41
1 776 1 -9 0.5 34
1 766 1 -9 0.47 35
1 768 1 -9 0.36 32
1 637 2 10 0.22 27
1 589 1 -9 0.39 32
1 590 1 -9 0.62 39
1 627 2 -9 0.53 36
1 899 2 -9 0.34 31
1 689 2 -9 0.54 36
1 610 1 -9 0.46 36
1 612 1 -9 0.36 31
1 772 1 -9 0.46 33
1 773 1 18 0.77 42
1 865 1 -9 0.38 31
1 788 2 14 0.5 36
1 598 1 -9 0.78 40
1 852 1 -9 0.67 39
1 564 1 -9 0.54 37
1 566 1 -9 0.63 38
1 568 2 -9 0.28 30
1 571 1 -9 0.52 36
1 571 2 -9 0.23 27
1 573 1 -9 0.43 34
1 575 1 -9 0.48 35
1 709 2 -9 0.38 33
1 716 1 -9 0.49 38
1 805 2 -9 0.26 29
1 802 1 -9 0.61 37
1 907 2 11 0.28 30
1 913 2 11 0.4 36
1 922 2 -9 0.31 31
1 967 1 -9 0.36 30
1 1001 2 -9 0.44 33
1 1058 2 -9 0.41 31
1 983 2 -9 0.42 32
1 984 1 -9 0.73 37
1 944 2 -9 -9 32
1 1056 1 11 0.54 35
1 1030 2 -9 0.36 31
1 1035 2 -9 0.34 31
1 1038 2 -9 0.52 35
1 1085 1 -9 0.37 32
1 1026 1 -9 0.3 31
1 1152 1 -9 0.62 35
1 995 1 -9 0.48 34
1 999 1 -9 0.54 34
1 993 1 -9 0.72 38
1 1154 1 -9 0.73 37
1 1219 1 -9 0.45 33
1 1205 2 -9 0.29 30
1 1158 2 -9 0.5 32
1 1162 1 -9 0.64 35
1 1167 2 -9 0.39 33
1 1072 1 -9 0.57 34
1 397 1 -9 0.48 35
1 408 1 -9 0.41 33
1 1234 1 12 0.39 33
1 1237 2 12 0.35 33
1 1036 2 -9 0.39 33
1 600 2 -9 0.5 35
1 27 1 -9 0.48 35
1 69 1 -9 0.81 42
1 268 1 -9 0.48 34
1 291 2 -9 0.26 28
1 876 1 10 0.43 35
1 742 1 -9 0.52 36
1 1169 1 -9 0.6 35
1 1146 2 -9 0.41 33
1 758 2 -9 0.17 25
1 758 2 -9 0.24 30
1 203 2 -9 0.2 28
1 53 1 -9 0.21 27
1 439 1 -9 0.16 26
1 440 1 -9 0.25 27
1 451 1 -9 0.54 34
1 521 2 9 0.18 26
1 938 2 11 0.36 31
1 908 2 17 0.34 30
1 1089 2 -9 0.32 29
1 376 1 -9 0.72 39
1 429 1 11 0.46 34
1 264 2 -9 0.28 30
1 1063 1 -9 0.39 31
1 473 1 -9 0.32 29
1 46 2 -9 0.33 30
1 1195 1 -9 0.61 35
1 1011 1 -9 0.63 37
1 917 2 -9 0.33 30
1 306 2 -9 0.4 33
1 454 1 -9 0.61 34
1 548 2 -9 0.46 35
1 326 1 11 0.32 31
1 1151 1 -9 0.72 36
1 904 2 -9 0.4 32
1 76 1 -9 0.55 35
1 124 1 -9 0.62 37
1 197 2 -9 0.26 28
1 39 1 -9 0.47 34
1 51 2 -9 0.28 29
1 715 1 -9 0.3 31
1 717 1 -9 0.71 40
1 120 1 -9 0.51 35
1 515 2 -9 0.24 29
1 1053 2 -9 0.29 29
1 480 1 -9 0.39 32
1 1120 1 -9 0.4 32
1 570 2 -9 0.31 32
1 581 2 -9 0.53 36
1 30 2 -9 0.2 27
1 1113 2 -9 0.36 32
1 900 1 -9 0.98 40
1 501 2 -9 0.18 27
1 1132 2 -9 0.35 30
1 832 1 -9 0.52 35
1 135 2 -9 0.26 29
1 92 2 -9 0.54 35
1 450 1 -9 0.76 40
1 1067 1 18 0.71 38
1 311 1 -9 0.67 39
1 518 1 -9 0.43 34
1 957 2 13 0.32 31
1 672 2 -9 0.36 33
1 254 2 -9 0.44 32
1 1238 1 -9 0.39 32
1 416 1 -9 0.65 38
1 227 2 -9 0.26 29
1 5 1 -9 0.48 35
1 61 2 -9 0.25 29
1 536 1 -9 0.8 38
1 550 1 -9 0.66 40
1 34 1 -9 0.42 34
1 43 1 12 0.5 34
1 434 1 -9 0.34 31
1 259 2 10 0.37 32
1 305 2 -9 0.29 30
1 361 2 10 0.31 29
1 366 2 13 0.28 29
1 1064 1 -9 0.62 36
1 1233 2 -9 0.36 31
1 37 2 -9 0.34 31
1 52 2 -9 0.26 27
1 324 1 -9 0.26 29
1 477 2 -9 0.4 33
1 84 1 14 0.72 40
1 107 2 -9 0.25 29
1 631 1 -9 0.46 33
1 638 1 -9 0.52 35
1 733 1 -9 0.36 33
1 633 1 -9 0.57 36
1 642 1 -9 0.48 35
1 384 1 -9 0.48 36
1 406 2 -9 0.25 31
1 704 2 -9 0.62 36
1 588 1 -9 0.59 38
1 594 1 -9 0.58 36
1 106 1 11 0.46 34
1 138 1 -9 0.2 27
1 138 2 -9 0.27 29
1 284 1 -9 0.54 35
1 483 2 -9 0.36 32
1 127 1 16 0.68 38
1 338 2 -9 0.28 30
1 359 2 -9 0.28 29
1 414 1 -9 0.55 37
1 84 1 -9 0.59 36
1 814 1 -9 0.62 37
1 441 1 -9 0.53 36
1 709 1 8 0.38 33
1 988 1 12 0.48 34
1 628 2 -9 0.3 29
1 1042 2 12 0.46 31
1 84 2 -9 0.28 30
1 67 1 -9 0.57 35
1 845 1 -9 0.37 33
1 173 1 -9 0.47 32
1 587 1 -9 0.51 36
1 604 1 -9 0.4 34
1 843 2 -9 0.35 34
1 710 1 -9 0.45 33
1 24 1 -9 0.36 33
1 24 2 -9 0.28 30
1 735 2 13 0.36 33
1 735 1 -9 0.46 35
1 38 2 -9 0.41 34
1 45 2 -9 0.27 30
1 48 1 16 0.68 37
1 56 2 -9 0.27 30
1 57 2 -9 0.28 30
1 58 1 -9 0.44 35
1 59 1 -9 0.43 34
1 60 1 -9 0.43 32
1 1 1 -9 0.7 37
1 64 1 -9 0.53 36
1 2 2 -9 0.28 30
1 12 2 -9 0.34 31
1 12 1 -9 0.32 30
1 377 1 12 0.75 40
1 39 1 -9 0.23 29
1 42 1 -9 0.64 38
1 554 1 12 0.48 36
1 555 1 -9 0.38 31
1 92 1 -9 0.64 37
1 514 1 -9 0.47 33
1 517 2 -9 0.41 34
1 92 1 -9 0.54 37
1 194 2 -9 0.27 30
1 205 1 -9 0.57 36
1 397 1 -9 0.51 35
1 398 1 -9 0.53 34
1 400 1 -9 0.53 35
1 189 1 -9 0.57 37
1 72 2 -9 0.3 30
1 496 1 -9 0.53 37
1 500 2 11 0.32 30
1 228 1 11 0.48 33
1 183 1 -9 0.44 34
1 295 1 -9 0.25 30
1 295 2 -9 0.22 29
1 298 1 13 0.63 36
1 299 1 -9 0.52 36
1 303 2 -9 0.29 30
1 408 1 -9 0.63 38
1 305 2 -9 0.41 33
1 87 1 -9 0.6 35
1 88 2 -9 0.27 30
1 89 2 -9 0.27 31
1 187 2 -9 0.27 30
1 225 2 9 0.22 27
1 227 2 -9 0.23 28
1 294 1 -9 0.41 32
1 139 1 -9 0.67 38
1 215 2 14 0.26 29
1 215 2 -9 0.26 29
1 216 1 -9 0.24 29
1 217 2 -9 0.29 30
1 238 1 -9 0.38 31
1 264 2 -9 0.34 31
1 122 1 -9 0.42 32
1 125 1 -9 0.42 33
1 265 2 15 0.4 32
1 270 1 -9 0.58 36
1 213 1 -9 0.41 34
1 132 1 -9 0.49 34
1 410 2 -9 0.33 31
1 320 1 -9 0.49 35
1 128 1 -9 0.54 34
1 494 2 -9 0.25 30
1 307 1 -9 0.71 38
1 312 2 -9 0.27 30
1 316 1 -9 0.48 35
1 316 2 12 0.23 29
1 317 2 18 0.18 28
1 482 1 14 0.48 37
1 485 2 -9 0.2 28
1 489 1 -9 0.43 35
1 140 2 -9 0.26 29
1 140 2 -9 0.24 28
1 141 2 16 0.27 30
1 141 2 -9 0.24 28
1 281 1 -9 0.38 33
1 276 2 -9 0.24 28
1 276 2 -9 0.24 29
1 279 1 -9 0.44 33
1 282 1 -9 0.52 35
1 284 1 -9 0.38 31
1 285 1 -9 0.63 41
1 427 1 -9 0.52 34
1 428 1 -9 0.5 35
1 429 2 -9 0.36 33
1 80 1 -9 0.34 30
1 447 2 -9 0.23 28
1 538 1 13 0.54 36
1 413 2 -9 0.33 33
1 418 2 15 0.31 32
1 419 1 -9 0.71 41
1 420 2 -9 0.3 31
1 322 1 16 0.5 36
1 324 2 -9 0.3 30
1 328 2 -9 0.26 29
1 329 1 -9 0.51 35
1 520 2 -9 0.26 30
1 521 1 -9 0.42 32
1 524 1 -9 0.24 28
1 541 1 -9 0.34 31
1 104 2 12 0.23 29
1 466 2 9 0.29 29
1 528 2 -9 0.26 30
1 531 2 -9 0.22 29
1 547 1 -9 0.44 34
1 548 1 12 0.44 32
1 107 1 16 0.66 40
1 458 1 -9 0.5 35
1 474 1 -9 0.42 33
1 474 1 -9 0.68 37
1 477 1 -9 0.16 25
1 480 2 11 0.28 31
1 482 2 -9 0.24 30
1 152 1 -9 0.66 39
1 448 1 13 0.49 36
1 686 1 -9 0.77 38
1 834 2 -9 0.32 32
1 866 1 21 0.56 38
1 868 1 -9 0.3 30
1 157 2 -9 0.25 28
1 180 1 -9 0.89 42
1 166 1 9 0.26 32
1 174 2 -9 0.23 28
1 176 2 -9 0.34 33
1 509 1 -9 0.5 34
1 669 1 -9 0.51 35
1 674 1 -9 0.38 33
1 581 1 -9 0.35 31
1 350 2 12 0.5 36
1 371 2 -9 0.22 27
1 372 2 -9 0.22 28
1 355 1 -9 0.52 37
1 355 1 -9 0.66 37
1 338 2 -9 0.28 31
1 356 1 -9 0.5 34
1 758 1 9 0.36 32
1 340 1 17 0.5 37
1 368 1 -9 0.68 38
1 369 1 -9 0.51 35
1 665 1 -9 0.81 40
1 602 1 -9 0.58 35
1 835 2 -9 0.34 30
1 836 2 -9 0.31 29
1 330 2 -9 0.34 31
1 335 2 -9 0.4 33
1 335 1 -9 0.7 39
1 777 1 -9 0.74 39
1 895 1 -9 0.9 42
1 650 2 -9 0.26 30
1 634 1 -9 0.42 33
1 588 2 -9 0.42 34
1 588 1 -9 0.55 35
1 640 1 -9 0.48 35
1 648 1 -9 0.38 33
1 859 1 23 0.85 42
1 694 1 13 0.26 29
1 695 2 -9 0.62 37
1 796 2 -9 0.44 33
1 847 1 11 0.34 31
1 615 1 -9 0.6 38
1 618 1 -9 0.64 37
1 566 1 -9 0.59 36
1 566 2 -9 0.31 30
1 573 2 -9 0.22 28
1 708 2 -9 0.2 29
1 708 2 12 0.25 30
1 711 2 -9 0.33 32
1 953 1 -9 0.36 32
1 871 1 7 0.66 37
1 750 1 -9 0.52 36
1 905 2 -9 0.46 33
1 872 1 -9 0.8 41
1 873 1 -9 0.59 37
1 562 1 -9 0.34 31
1 954 2 11 0.35 31
1 931 1 -9 0.55 35
1 964 1 -9 0.78 40
1 937 1 -9 0.63 37
1 969 2 -9 0.34 31
1 991 1 -9 0.64 38
1 938 2 -9 0.35 29
1 943 1 -9 0.46 32
1 1055 1 -9 0.41 32
1 1138 1 -9 0.58 35
1 1098 1 -9 0.49 34
1 1052 2 -9 0.29 28
1 1054 2 -9 0.22 27
1 1066 2 -9 0.22 28
1 1035 2 -9 0.38 31
1 1044 1 11 0.85 37
1 1117 2 -9 0.38 31
1 1070 1 -9 0.6 35
1 1090 1 -9 0.39 31
1 1096 2 -9 0.26 27
1 1127 1 -9 0.83 39
1 1129 1 -9 0.68 37
1 1193 2 -9 0.35 29
1 1149 2 -9 0.28 29
1 994 2 -9 0.4 32
1 1153 1 -9 -9 32
1 1217 1 -9 0.85 36
1 1221 2 -9 0.36 31
1 1213 1 -9 0.41 34
1 374 1 -9 0.53 37
1 915 2 -9 0.36 32
1 224 2 -9 0.2 27
1 472 1 11 0.44 35
1 481 1 -9 0.51 35
1 294 1 -9 0.48 34
1 10 1 -9 0.71 39
1 23 1 -9 0.51 34
1 47 2 -9 0.19 26
1 820 1 15 0.56 37
1 746 1 -9 0.56 36
1 80 1 -9 0.68 38
1 1139 1 -9 0.46 34
1 1186 1 12 0.62 37
1 528 2 -9 0.26 28
1 546 1 9 0.31 30
1 976 2 -9 0.3 29
1 262 1 -9 0.49 34
1 446 2 -9 0.29 31
1 511 1 -9 0.48 34
1 530 1 -9 0.46 32
1 533 2 -9 0.32 31
1 684 1 11 0.42 34
1 904 2 -9 0.38 31
1 620 1 -9 0.42 34
1 415 1 -9 0.65 38
1 346 1 -9 0.46 35
1 347 1 10 0.49 34
1 367 2 -9 0.24 28
1 53 1 -9 0.84 39
1 272 1 10 0.55 35
1 1104 2 20 0.32 31
1 947 1 12 0.66 35
1 472 2 -9 0.23 29
1 486 1 -9 0.48 35
1 490 1 -9 0.38 34
1 1173 2 11 0.44 31
1 61 2 -9 0.27 30
1 640 1 11 0.5 34
1 955 2 -9 0.42 32
1 508 1 12 0.51 35
1 272 2 -9 0.21 27
1 531 2 -9 0.28 29
1 408 1 -9 0.45 34
1 146 2 -9 0.27 30
1 178 1 -9 0.48 34
1 5 2 -9 0.29 32
1 564 1 11 0.47 35
1 60 2 -9 0.24 26
1 445 2 -9 0.28 30
1 457 1 24 0.74 40
1 505 1 13 0.47 34
1 493 2 -9 0.24 29
1 159 2 -9 0.24 28
1 186 1 -9 0.38 31
1 539 1 9 0.38 31
1 12 1 -9 0.38 31
1 202 2 -9 0.32 33
1 899 2 -9 0.4 32
1 1243 2 -9 0.48 34
1 483 2 -9 0.28 31
1 301 2 -9 0.28 30
1 568 1 -9 0.43 33
1 1215 1 -9 0.44 32
1 404 1 -9 0.59 36
1 1029 2 -9 0.31 29
1 119 1 -9 0.56 34
1 170 1 -9 0.89 39
1 222 2 11 0.26 29
1 779 1 -9 0.8 38
1 269 2 -9 0.28 31
1 526 1 -9 0.56 35
1 348 1 14 0.44 34
1 827 1 -9 0.61 35
1 568 1 9 0.3 30
1 70 1 -9 0.45 33
1 1101 2 -9 0.3 28
1 317 2 -9 0.19 26
1 1188 1 -9 0.64 36
1 709 1 -9 0.37 33
1 625 2 -9 0.36 32
1 761 1 -9 0.56 38
1 103 2 -9 0.29 31
1 284 2 -9 0.15 24
1 58 2 -9 0.3 30
1 62 2 -9 0.36 32
1 323 2 -9 0.29 30
1 217 2 -9 0.28 30
1 662 2 -9 0.44 37
1 904 2 11 0.4 31
1 8 2 -9 0.24 30
1 885 2 -9 0.46 35
1 855 1 9 0.43 33
1 516 1 -9 0.46 34
1 1145 1 -9 0.65 36
1 323 2 -9 0.22 28
1 121 1 -9 0.76 39
1 1185 1 -9 0.41 32
1 150 2 -9 0.43 35
1 381 1 -9 0.61 38
1 898 1 -9 0.68 38
1 1099 1 -9 0.71 38
1 89 2 -9 0.29 30
1 960 2 -9 0.32 30
1 1197 1 -9 0.62 36
1 1115 2 -9 0.4 32
1 93 1 -9 0.42 35
1 25 1 -9 0.26 28
1 534 1 -9 0.4 33
1 1077 1 -9 0.64 37
1 849 1 -9 0.56 38
1 120 2 -9 0.3 31
1 145 1 -9 0.46 35
1 604 2 -9 0.24 29
1 22 2 -9 -9 31
1 278 2 -9 0.22 28
1 341 2 -9 0.24 29
1 52 2 13 0.39 32
1 53 2 12 0.29 29
1 53 2 -9 0.32 30
1 19 1 -9 0.43 32
1 36 1 -9 0.64 36
1 36 2 -9 0.27 29
1 43 2 -9 0.24 29
1 513 2 -9 0.22 26
1 515 1 13 0.55 37
1 516 2 -9 0.31 31
1 517 2 -9 0.28 30
1 518 1 -9 0.37 33
1 195 1 -9 0.44 35
1 201 2 -9 0.21 27
1 192 2 -9 0.29 30
1 83 1 12 0.62 38
1 388 1 -9 0.63 38
1 296 1 -9 0.41 33
1 301 2 -9 0.21 28
1 406 1 -9 0.68 39
1 305 2 -9 0.27 30
1 88 2 -9 0.25 30
1 139 1 -9 0.48 37
1 273 2 -9 0.3 31
1 238 1 -9 0.53 35
1 111 1 -9 0.38 32
1 219 1 -9 0.44 33
1 118 2 -9 0.19 27
1 119 2 -9 0.22 28
1 260 1 -9 0.59 36
1 260 1 -9 0.55 36
1 264 1 -9 0.52 35
1 121 2 9 0.19 27
1 125 1 -9 0.4 32
1 266 2 -9 0.3 32
1 109 2 -9 0.24 28
1 131 2 -9 0.27 28
1 410 1 -9 0.65 37
1 411 1 -9 0.44 34
1 129 1 -9 0.53 34
1 308 1 -9 0.59 38
1 311 2 -9 0.23 27
1 314 2 -9 0.2 27
1 317 2 -9 0.32 29
1 484 2 -9 0.25 29
1 484 2 -9 0.24 28
1 134 2 -9 0.22 27
1 245 1 -9 0.62 37
1 144 2 13 0.3 31
1 250 1 -9 0.52 35
1 286 2 -9 0.27 29
1 288 2 -9 0.27 28
1 280 2 -9 0.28 30
1 281 2 -9 0.25 29
1 150 2 -9 0.38 32
1 275 2 -9 0.24 27
1 275 1 13 0.54 36
1 283 1 -9 0.7 36
1 158 2 -9 0.28 29
1 160 2 -9 0.26 30
1 430 1 13 0.52 36
1 437 1 11 0.71 39
1 438 2 -9 0.23 29
1 525 2 12 0.23 28
1 442 2 -9 0.26 28
1 443 2 -9 0.27 28
1 444 1 -9 0.51 34
1 446 2 -9 0.26 29
1 82 1 -9 1.06 41
1 416 1 11 0.45 33
1 419 2 -9 0.29 30
1 420 2 -9 0.25 29
1 324 2 -9 0.2 26
1 327 1 -9 0.51 34
1 522 2 -9 0.28 30
1 544 1 12 0.44 34
1 546 1 -9 0.39 33
1 546 2 -9 0.26 29
1 102 1 -9 0.4 32
1 103 2 -9 0.28 30
1 466 1 -9 0.6 36
1 469 1 -9 0.54 36
1 549 2 -9 0.34 31
1 549 1 -9 0.32 33
1 549 1 13 0.8 41
1 550 1 -9 0.34 32
1 464 1 -9 0.49 35
1 464 1 -9 0.5 37
1 478 1 -9 0.48 36
1 479 2 13 0.3 31
1 456 1 -9 0.49 34
1 470 1 -9 0.6 38
1 471 2 -9 0.23 29
1 449 1 -9 0.59 37
1 451 2 -9 0.23 31
1 156 1 -9 0.58 35
1 890 2 -9 0.34 32
1 603 2 -9 0.34 30
1 826 2 -9 0.54 34
1 167 1 -9 0.72 37
1 168 2 -9 0.32 31
1 813 1 -9 0.54 35
1 172 1 -9 0.49 33
1 175 1 -9 0.54 34
1 511 2 13 0.29 31
1 501 2 12 0.35 31
1 672 2 -9 0.24 28
1 674 1 -9 0.61 38
1 674 1 -9 0.45 33
1 583 2 -9 0.2 31
1 583 1 -9 0.38 34
1 364 2 -9 0.22 28
1 366 1 -9 0.4 33
1 347 1 -9 0.46 34
1 354 2 -9 0.24 29
1 357 2 -9 0.28 30
1 878 1 -9 0.65 36
1 756 2 25 0.23 29
1 762 2 -9 0.28 31
1 362 2 -9 0.27 29
1 367 1 -9 0.52 37
1 887 1 -9 0.96 41
1 344 1 20 0.62 39
1 502 2 -9 0.45 31
1 503 2 -9 0.27 29
1 503 1 -9 0.54 35
1 504 1 -9 0.48 34
1 505 2 -9 0.23 28
1 506 2 -9 0.32 31
1 507 2 4 0.06 19
1 732 2 -9 0.36 32
1 667 1 17 0.66 40
1 837 2 9 0.32 29
1 332 2 16 0.36 33
1 334 1 -9 0.38 34
1 334 2 -9 0.26 30
1 335 1 13 0.64 38
1 337 1 14 0.52 36
1 78 1 -9 0.67 39
1 657 2 -9 0.68 39
1 661 2 -9 0.38 33
1 778 1 -9 0.62 35
1 895 1 -9 0.4 32
1 655 1 -9 0.44 33
1 632 1 -9 0.5 35
1 584 1 28 0.53 38
1 643 1 -9 0.52 36
1 644 1 -9 0.5 37
1 628 2 -9 0.37 33
1 594 2 14 0.51 35
1 854 1 26 0.52 37
1 599 2 -9 0.41 32
1 846 1 -9 0.4 34
1 564 1 -9 0.41 34
1 565 1 12 0.41 33
1 567 1 12 0.43 35
1 572 1 -9 0.24 27
1 574 2 -9 0.33 31
1 707 1 13 0.37 34
1 713 1 10 0.42 33
1 718 1 -9 0.48 35
1 907 2 -9 0.3 30
1 911 2 -9 0.4 33
1 706 2 -9 0.56 36
1 921 1 -9 0.58 35
1 954 2 -9 0.4 32
1 981 1 -9 0.58 36
1 975 1 -9 0.31 29
1 1142 1 -9 0.62 37
1 1136 1 -9 0.64 37
1 990 1 -9 0.63 35
1 1024 2 -9 0.32 29
1 1024 2 -9 0.28 28
1 939 1 -9 0.75 37
1 1015 1 -9 0.6 36
1 1003 1 -9 0.32 31
1 1002 2 -9 0.44 32
1 1147 1 -9 0.49 34
1 1027 2 -9 0.34 30
1 1031 1 -9 0.68 35
1 1112 1 -9 0.86 41
1 1036 1 -9 0.52 36
1 1037 2 -9 0.37 31
1 1037 2 -9 0.34 31
1 1050 2 -9 0.32 30
1 1124 1 12 0.61 35
1 1131 2 -9 0.39 31
1 1187 1 -9 0.56 34
1 1189 1 -9 0.74 38
1 999 2 -9 0.3 29
1 1198 1 13 0.56 35
1 1223 1 -9 0.6 36
1 1225 1 -9 0.52 35
1 1155 1 -9 0.69 36
1 1166 1 -9 0.52 35
1 1088 2 -9 0.43 33
1 1164 1 -9 0.51 33
1 1178 2 -9 0.34 32
1 339 2 -9 0.22 29
1 362 2 12 0.3 30
1 934 2 -9 0.34 30
1 150 2 13 0.21 29
1 478 2 -9 0.27 29
1 482 2 -9 0.24 28
1 831 1 -9 0.52 34
1 666 1 -9 0.82 34
1 848 1 -9 0.34 30
1 670 1 -9 0.57 38
1 672 1 -9 0.42 33
1 71 1 -9 0.9 41
1 522 1 10 0.5 34
1 129 1 -9 0.74 35
1 54 1 -9 0.47 37
1 69 1 -9 0.71 38
1 412 1 -9 0.68 37
1 998 1 -9 0.92 41
1 2 2 -9 0.3 29
1 1144 1 -9 0.4 33
1 1184 2 -9 0.33 31
1 575 2 -9 0.3 30
1 523 1 -9 0.9 29
1 523 2 -9 0.24 33
1 282 1 -9 0.99 43
1 314 2 -9 0.23 27
1 61 1 10 0.4 33
1 906 1 19 0.62 37
1 667 1 -9 0.59 37
1 316 2 -9 0.22 28
1 520 1 13 0.5 35
1 1206 1 -9 0.68 37
1 362 1 -9 0.54 37
1 167 1 -9 0.63 37
1 559 1 -9 0.5 36
1 573 2 -9 0.34 31
1 967 1 -9 0.5 34
1 593 1 21 0.84 40
1 1114 2 -9 0.26 29
1 702 1 -9 0.8 41
1 442 2 -9 0.31 31
1 1084 1 -9 0.63 36
1 196 1 18 0.92 42
1 329 2 -9 0.31 30
1 333 2 10 0.2 26
1 352 1 -9 0.42 35
1 202 2 -9 0.27 30
1 384 1 -9 0.34 31
1 386 1 -9 0.76 38
1 128 1 -9 0.58 38
1 144 2 -9 0.23 28
1 154 1 11 0.47 34
1 417 1 -9 0.7 40
1 469 1 11 0.33 33
1 270 2 -9 0.24 29
1 641 2 -9 0.24 28
1 880 2 -9 0.36 31
1 893 1 -9 0.47 34
1 382 1 -9 0.73 40
1 1150 2 -9 0.53 35
1 173 1 -9 0.53 36
1 6 1 -9 0.67 38
1 1208 1 -9 0.34 31
1 1161 1 -9 0.36 31
1 223 2 -9 0.33 30
1 275 2 -9 0.42 34
1 348 2 -9 0.3 32
1 441 2 -9 0.23 27
1 454 1 12 0.51 35
1 147 2 -9 0.27 31
1 424 1 -9 0.6 36
1 523 2 12 0.46 36
1 351 1 -9 0.48 35
1 927 1 10 0.39 31
1 283 1 -9 0.57 36
1 628 2 -9 0.35 32
1 378 1 -9 0.8 42
1 430 1 -9 0.38 32
1 613 1 -9 0.39 34
1 106 1 -9 0.52 37
1 149 2 -9 0.26 30
1 327 1 -9 0.52 35
1 332 1 -9 0.62 38
1 825 1 -9 0.5 34
1 864 2 -9 0.23 28
1 447 2 -9 0.31 31
1 488 2 -9 0.28 31
1 526 1 -9 0.48 35
1 1078 1 -9 0.4 32
1 1091 1 -9 0.52 35
1 1037 2 19 0.39 32
1 111 1 -9 0.54 38
1 195 1 -9 0.56 37
1 853 1 -9 0.43 33
1 104 2 -9 0.2 28
1 734 1 10 0.51 33
1 1043 1 -9 0.41 32
1 715 1 -9 0.45 34
1 61 2 -9 0.27 29
1 494 2 -9 0.25 29
1 88 2 -9 0.3 31
1 514 2 -9 0.31 31
1 572 2 -9 0.31 29
1 737 1 -9 0.55 36
1 714 1 -9 0.53 37
1 159 2 -9 0.27 30
1 486 2 -9 0.3 31
1 604 1 9 0.26 28
1 1212 2 -9 0.35 31
1 604 2 -9 0.46 33
1 37 2 -9 0.22 27
1 380 1 -9 0.42 33
1 44 2 -9 0.25 29
1 48 1 -9 0.59 37
1 57 2 -9 0.23 29
1 57 2 -9 0.21 27
1 9 1 -9 0.38 33
1 10 1 -9 0.72 38
1 10 1 -9 0.79 41
1 14 1 -9 0.38 32
1 20 1 -9 0.68 39
1 52 1 -9 0.51 35
1 38 1 -9 0.53 34
1 41 1 -9 0.64 38
1 43 1 -9 0.78 40
1 514 1 -9 0.41 33
1 194 2 -9 0.26 29
1 194 1 12 0.57 36
1 198 2 -9 0.28 30
1 396 1 -9 0.42 33
1 203 2 -9 0.32 30
1 208 1 -9 0.5 34
1 396 1 -9 0.5 33
1 398 2 -9 0.23 27
1 399 2 -9 0.24 27
1 400 1 -9 0.67 37
1 189 1 -9 0.7 39
1 70 1 -9 0.78 42
1 70 2 -9 0.39 32
1 401 1 -9 0.6 36
1 402 2 -9 0.34 31
1 403 2 -9 0.36 30
1 295 2 -9 0.13 25
1 296 2 9 0.31 28
1 298 2 -9 0.24 29
1 302 1 12 0.5 34
1 302 1 -9 0.61 36
1 85 1 13 0.6 34
1 406 1 -9 0.54 37
1 407 2 -9 0.29 32
1 304 2 -9 0.29 30
1 185 1 -9 0.62 38
1 223 2 16 0.32 30
1 226 2 -9 0.29 29
1 227 1 -9 0.52 35
1 292 2 -9 0.25 28
1 139 1 -9 0.57 35
1 217 1 -9 0.31 30
1 271 2 -9 0.28 30
1 239 1 -9 0.89 41
1 115 2 -9 0.38 31
1 115 1 -9 0.38 33
1 116 1 -9 0.38 33
1 109 2 -9 0.44 35
1 112 2 -9 0.28 31
1 218 2 -9 0.23 27
1 118 2 -9 0.22 26
1 260 1 11 0.56 36
1 264 2 -9 0.48 35
1 121 2 -9 0.27 30
1 123 2 -9 0.24 27
1 124 2 12 0.24 29
1 125 1 -9 0.59 37
1 266 1 -9 0.54 37
1 267 2 -9 0.3 30
1 127 1 -9 0.92 41
1 133 1 -9 0.42 32
1 490 2 14 0.27 31
1 236 2 14 0.47 33
1 129 1 -9 0.41 33
1 318 2 -9 0.37 32
1 487 1 12 0.53 35
1 135 2 -9 0.33 31
1 256 2 -9 0.26 29
1 136 2 -9 0.19 26
1 247 1 -9 0.25 29
1 101 1 12 0.71 38
1 141 1 -9 0.52 34
1 142 2 9 0.27 29
1 252 1 -9 0.4 33
1 287 1 -9 0.81 39
1 288 1 13 0.54 36
1 289 1 -9 0.2 26
1 290 2 -9 0.23 29
1 291 2 10 0.24 26
1 145 2 -9 0.26 29
1 150 2 -9 0.27 30
1 285 1 -9 0.72 39
1 159 1 12 0.66 38
1 432 1 13 0.66 39
1 433 1 -9 0.71 38
1 425 1 -9 0.67 40
1 524 1 -9 0.38 31
1 440 1 -9 0.64 36
1 416 2 -9 0.28 30
1 419 1 -9 0.65 37
1 326 2 -9 0.26 29
1 327 1 -9 0.56 35
1 328 1 -9 0.41 32
1 328 2 9 0.27 29
1 520 2 -9 0.22 28
1 545 1 -9 0.47 35
1 546 1 -9 0.48 35
1 423 2 23 0.58 39
1 102 1 -9 0.54 35
1 103 2 -9 0.3 31
1 531 1 -9 0.76 40
1 534 2 -9 0.22 29
1 471 1 -9 0.42 32
1 471 2 -9 0.27 29
1 472 2 -9 0.27 30
1 475 1 -9 0.66 37
1 463 1 -9 0.34 31
1 454 2 -9 0.26 29
1 455 1 -9 0.41 33
1 155 1 -9 0.36 31
1 450 1 -9 0.55 36
1 809 1 -9 0.51 36
1 831 1 9 0.44 34
1 603 1 -9 0.34 30
1 157 1 12 0.65 37
1 157 2 -9 0.39 33
1 826 1 18 0.56 36
1 826 1 -9 0.52 35
1 173 1 -9 0.66 36
1 175 2 13 0.28 30
1 815 1 -9 0.51 36
1 177 2 13 0.4 31
1 822 1 -9 0.59 35
1 607 1 -9 0.47 35
1 363 2 -9 0.22 28
1 348 1 -9 0.5 35
1 349 2 -9 0.4 32
1 372 2 -9 0.25 29
1 357 1 12 0.44 33
1 357 1 -9 0.48 35
1 359 2 -9 0.28 29
1 360 2 -9 0.27 29
1 882 1 -9 0.58 37
1 756 2 -9 0.22 28
1 760 1 -9 0.54 38
1 888 1 -9 0.82 40
1 344 1 -9 0.68 39
1 679 1 -9 0.28 31
1 664 2 -9 0.59 36
1 837 1 -9 0.55 34
1 331 2 -9 0.32 31
1 333 1 -9 0.42 35
1 78 2 -9 0.24 30
1 78 2 11 0.37 32
1 79 1 13 0.53 34
1 79 1 -9 0.99 41
1 895 1 -9 0.68 38
1 629 2 11 0.28 29
1 649 2 -9 0.29 30
1 635 2 -9 0.58 36
1 583 2 -9 0.36 34
1 639 1 -9 0.47 35
1 591 1 -9 0.41 33
1 642 1 14 0.58 37
1 646 1 13 0.58 37
1 746 2 -9 0.25 28
1 897 1 12 0.62 36
1 899 2 22 0.4 33
1 626 1 -9 0.53 36
1 771 1 11 0.62 36
1 597 1 -9 0.63 39
1 863 1 -9 0.65 37
1 700 1 -9 0.6 37
1 856 1 -9 0.58 37
1 696 1 13 0.66 38
1 623 1 -9 0.62 38
1 787 2 -9 0.32 31
1 844 1 9 0.29 30
1 564 1 -9 0.44 34
1 569 1 -9 0.39 33
1 570 1 -9 0.32 31
1 712 2 -9 0.48 36
1 716 1 -9 0.4 33
1 713 2 -9 0.35 32
1 800 1 -9 0.6 37
1 729 1 23 0.54 39
1 721 1 -9 0.46 36
1 904 2 -9 0.44 32
1 752 1 -9 0.27 28
1 959 2 -9 0.4 33
1 926 1 9 0.36 31
1 928 1 -9 0.37 30
1 935 2 -9 0.41 31
1 980 1 11 0.36 32
1 972 1 -9 0.26 30
1 1143 1 -9 0.7 37
1 1135 1 -9 0.62 34
1 1058 2 -9 0.34 31
1 1062 1 11 0.47 35
1 942 1 -9 0.62 37
1 948 2 19 0.38 32
1 941 1 -9 0.8 40
1 1102 1 -9 0.42 34
1 1004 2 9 0.39 31
1 1008 1 11 0.63 36
1 1010 2 -9 0.26 28
1 1116 2 -9 0.32 29
1 1035 2 -9 0.39 32
1 1123 2 -9 0.48 33
1 1079 1 -9 0.62 37
1 1095 1 -9 0.52 33
1 1075 1 -9 0.35 29
1 1128 1 -9 0.49 35
1 1148 2 -9 0.27 28
1 999 1 -9 0.48 33
1 996 1 -9 0.66 36
1 1196 2 -9 0.38 32
1 1175 1 -9 0.71 37
1 1226 1 -9 0.59 38
1 1231 1 -9 0.78 38
1 1204 1 -9 0.25 29
1 1201 2 10 0.27 30
1 1227 2 -9 0.4 32
1 1165 1 -9 0.58 35
1 413 1 -9 0.4 34
1 1170 1 -9 0.47 34
1 1181 1 -9 0.6 35
1 909 2 -9 0.34 32
1 1046 1 -9 0.67 36
1 565 1 -9 0.38 32
1 168 1 -9 0.51 34
1 481 1 -9 0.22 27
1 505 2 -9 0.24 29
1 516 2 -9 0.36 30
1 52 1 -9 0.51 35
1 57 2 10 0.18 27
1 277 1 10 0.44 33
1 885 2 -9 0.44 33
1 751 2 -9 0.43 33
1 549 1 -9 0.4 34
1 120 2 -9 0.27 29
1 290 1 -9 0.59 36
1 1041 1 11 0.3 30
1 400 1 -9 0.52 35
1 414 1 10 0.46 35
1 21 2 12 0.23 28
1 22 2 -9 -9 26
1 516 2 13 0.35 33
1 527 2 12 0.24 28
1 282 1 -9 0.47 35
1 46 1 -9 0.53 33
1 256 2 -9 0.41 33
1 281 2 -9 0.29 31
1 279 1 -9 0.64 35
1 521 1 -9 0.44 33
1 312 2 -9 0.22 27
1 878 1 16 0.6 35
1 372 2 -9 0.23 27
1 409 2 12 0.25 30
1 39 1 13 0.67 37
1 619 2 -9 0.32 33
1 455 1 12 0.58 36
1 924 2 -9 0.28 29
1 111 2 17 0.22 29
1 489 2 -9 0.33 30
1 134 1 -9 0.35 31
1 182 2 -9 0.32 31
1 185 1 -9 0.69 38
1 1069 1 -9 0.55 36
1 307 1 20 0.72 38
1 308 1 14 0.66 38
1 340 1 -9 0.18 26
1 978 1 11 0.52 35
1 117 1 -9 0.56 37
1 121 2 -9 0.19 26
1 201 1 -9 0.63 37
1 452 1 12 0.6 37
1 251 1 -9 0.46 33
1 261 1 16 0.64 36
1 193 1 -9 0.47 34
1 885 1 13 0.5 34
1 1007 2 -9 0.31 30
1 398 2 -9 0.26 28
1 136 1 -9 0.64 36
1 55 2 -9 0.23 28
1 525 2 -9 0.32 30
1 544 1 -9 0.44 31
1 838 2 -9 0.36 31
1 487 2 -9 0.29 30
1 226 2 -9 0.22 28
1 379 1 -9 0.39 32
1 1065 1 19 0.76 39
1 793 1 -9 0.51 35
1 647 2 -9 0.34 31
1 55 1 14 0.43 35
1 356 1 -9 0.52 38
1 1094 2 -9 0.4 33
1 958 1 12 0.8 38
1 244 1 -9 0.43 33
1 874 1 9 0.91 39
1 1177 1 -9 0.75 38
1 660 2 -9 0.22 29
1 547 1 12 0.34 31
1 491 2 -9 0.22 30
1 305 2 -9 0.24 25
1 840 2 -9 0.24 29
1 130 1 -9 0.67 38
1 147 2 12 0.27 30
1 358 2 -9 0.29 30
1 363 2 -9 0.24 28
1 418 2 -9 0.23 29
1 576 1 -9 0.37 32
1 452 2 -9 0.26 28
1 505 1 -9 0.58 36
1 547 1 -9 0.31 30
1 1081 2 -9 0.36 31
1 713 1 -9 0.69 39
1 1106 1 -9 0.48 35
1 838 2 -9 0.45 33
1 1200 1 -9 0.7 37
1 137 2 -9 0.31 30
1 360 1 24 0.94 40
1 369 1 -9 0.63 36
1 421 2 10 0.3 31
1 676 1 -9 0.51 36
1 9 2 -9 0.3 30
1 44 2 14 0.28 30
1 581 2 -9 0.49 35
1 601 2 -9 0.14 29
1 629 1 -9 0.2 27
1 953 1 -9 0.34 31
1 954 2 -9 0.4 34
1 683 1 -9 0.59 36
1 556 1 -9 0.55 38
1 405 2 -9 0.27 28
1 480 1 -9 0.7 38
1 779 1 -9 0.86 40
1 1157 1 -9 0.6 36
1 24 2 -9 0.41 33
1 162 2 -9 0.2 26
1 392 1 12 0.58 37
1 45 2 14 0.38 32
1 56 1 -9 0.42 33
1 58 2 -9 0.25 29
1 60 2 -9 0.25 29
1 26 1 12 0.56 37
1 4 2 -9 0.28 30
1 6 2 -9 0.38 34
1 7 1 11 0.35 31
1 9 1 16 0.58 38
1 16 1 -9 0.56 39
1 51 1 -9 0.47 33
1 379 1 9 0.36 30
1 41 2 -9 0.17 25
1 42 1 12 0.53 34
1 557 1 -9 0.44 35
1 515 2 -9 0.31 31
1 518 2 -9 0.26 30
1 193 2 11 0.25 28
1 198 2 -9 0.31 31
1 203 2 -9 0.27 30
1 209 1 -9 0.61 39
1 209 1 -9 0.62 38
1 384 2 -9 0.32 30
1 190 2 -9 0.54 36
1 73 2 -9 0.33 30
1 426 1 11 0.58 37
1 295 1 -9 0.79 39
1 385 2 -9 0.39 34
1 230 2 -9 0.42 33
1 65 1 -9 0.37 31
1 241 1 -9 0.55 35
1 403 1 -9 0.46 34
1 404 2 -9 0.18 25
1 298 1 -9 0.64 37
1 299 2 -9 0.39 31
1 409 1 -9 0.37 32
1 188 1 -9 0.38 32
1 223 1 -9 0.47 34
1 226 2 -9 0.3 29
1 292 1 -9 0.17 25
1 214 2 -9 0.28 29
1 214 2 11 0.3 29
1 221 2 -9 0.2 27
1 221 1 -9 0.24 29
1 271 1 -9 0.56 35
1 274 1 -9 0.53 35
1 110 1 13 0.6 38
1 113 2 11 0.48 34
1 120 2 10 0.33 30
1 124 2 -9 0.25 28
1 270 1 -9 0.52 36
1 391 2 -9 0.33 31
1 132 1 -9 0.54 34
1 411 1 -9 0.47 34
1 321 1 12 0.53 37
1 491 2 -9 0.25 31
1 492 1 -9 0.38 33
1 494 2 -9 0.19 27
1 251 1 -9 0.36 32
1 309 2 -9 0.25 30
1 314 2 -9 0.24 29
1 315 2 -9 0.27 30
1 315 2 -9 0.29 30
1 318 2 -9 0.21 28
1 135 1 -9 0.68 36
1 256 2 -9 0.22 27
1 136 1 -9 0.9 40
1 137 1 -9 0.55 35
1 137 2 -9 0.33 32
1 246 1 -9 0.7 39
1 247 1 -9 0.45 32
1 140 1 9 0.26 30
1 289 1 -9 0.29 31
1 148 2 13 0.3 30
1 233 1 -9 -9 34
1 276 2 -9 0.24 29
1 279 1 -9 0.96 39
1 283 1 -9 0.52 34
1 158 2 -9 0.25 29
1 429 1 -9 0.34 32
1 430 2 -9 0.3 30
1 525 1 -9 0.26 29
1 444 1 13 0.62 37
1 444 1 -9 0.76 36
1 537 2 10 0.4 33
1 416 2 -9 0.3 30
1 328 1 -9 0.52 36
1 329 2 13 0.26 30
1 540 1 -9 0.74 38
1 101 2 -9 0.24 27
1 468 2 -9 0.25 29
1 469 2 -9 0.31 31
1 550 1 -9 0.34 32
1 551 1 -9 0.37 33
1 107 2 -9 0.3 31
1 109 1 -9 0.31 33
1 109 2 10 0.22 27
1 461 1 -9 0.52 36
1 532 2 12 0.22 29
1 534 2 -9 0.22 28
1 475 1 -9 0.48 34
1 476 2 12 0.3 32
1 479 1 -9 0.56 37
1 688 1 -9 0.72 39
1 240 1 -9 0.77 37
1 867 1 12 0.43 35
1 603 1 -9 0.6 37
1 826 1 -9 0.51 34
1 829 1 -9 0.95 42
1 168 2 14 0.23 28
1 811 1 -9 0.42 35
1 169 2 -9 0.33 30
1 172 1 10 0.46 33
1 176 2 -9 0.25 29
1 817 1 -9 0.63 39
1 177 1 -9 0.46 33
1 606 2 -9 0.48 35
1 582 2 -9 0.42 33
1 364 2 -9 0.3 29
1 344 1 -9 0.4 32
1 345 1 24 0.78 41
1 351 1 -9 0.5 36
1 371 1 -9 0.22 28
1 355 1 -9 0.44 36
1 355 1 13 0.48 36
1 360 2 -9 0.24 29
1 756 2 -9 0.42 34
1 758 1 -9 0.36 32
1 762 1 13 0.53 38
1 340 1 -9 0.4 33
1 342 2 -9 0.34 31
1 363 1 11 0.66 37
1 367 2 -9 0.26 28
1 885 2 -9 0.46 34
1 506 2 -9 0.24 28
1 678 1 -9 0.41 33
1 841 2 -9 0.36 32
1 835 1 9 0.44 34
1 579 1 -9 0.49 36
1 331 1 -9 0.67 38
1 778 1 -9 0.8 38
1 778 1 -9 0.27 30
1 629 1 -9 0.64 38
1 764 1 -9 0.86 42
1 656 2 -9 0.5 35
1 642 1 -9 0.4 32
1 747 1 11 0.39 32
1 628 2 -9 0.29 29
1 690 2 -9 0.4 36
1 691 1 -9 0.68 38
1 697 1 -9 0.8 38
1 795 1 8 0.28 30
1 790 1 -9 0.58 37
1 599 1 -9 0.5 36
1 566 1 13 0.5 35
1 569 1 10 0.3 29
1 575 2 -9 0.33 31
1 715 1 -9 0.27 30
1 716 1 -9 0.65 40
1 949 1 -9 0.45 33
1 724 1 -9 0.74 40
1 726 1 -9 0.43 33
1 701 2 -9 0.44 31
1 910 2 -9 0.28 29
1 749 1 10 0.33 31
1 873 1 -9 0.63 37
1 923 2 -9 0.33 30
1 964 1 -9 0.57 36
1 936 1 -9 0.6 38
1 961 1 -9 0.41 32
1 1057 1 19 0.74 41
1 1058 2 -9 0.48 33
1 1061 2 -9 0.4 30
1 1024 1 -9 0.4 32
1 938 1 -9 0.67 36
1 940 1 -9 0.67 37
1 1137 1 28 1.02 43
1 1097 1 -9 0.65 37
1 1033 2 -9 0.4 32
1 1018 1 -9 0.56 36
1 1019 1 -9 0.36 30
1 1012 1 13 0.76 40
1 1038 2 12 0.25 28
1 1032 1 -9 0.42 32
1 1209 2 -9 0.26 27
1 1183 2 -9 0.43 33
1 999 1 -9 0.56 35
1 1021 2 -9 0.4 32
1 1218 1 -9 0.5 34
1 1220 2 -9 0.48 32
1 1174 1 12 0.41 32
1 1222 2 -9 0.46 32
1 1245 1 -9 0.5 34
1 1171 1 -9 0.32 30
1 1239 1 -9 0.45 34
1 784 1 9 0.48 34
1 331 1 12 0.52 36
1 383 1 -9 0.66 39
1 896 1 -9 0.38 34
1 1241 2 -9 0.52 34
1 1242 1 -9 0.73 37
1 803 1 -9 0.67 39
1 629 1 -9 0.4 32
1 1107 2 -9 0.28 29
1 888 2 -9 0.44 34
1 85 1 -9 1.08 40
1 97 1 -9 0.66 38
1 544 1 -9 0.36 32
1 283 2 9 0.23 27
1 219 1 23 0.7 40
1 413 2 -9 0.34 33
1 42 1 -9 0.46 33
1 44 2 -9 0.26 29
1 58 2 12 0.23 29
1 577 1 -9 0.51 37
1 508 1 -9 0.75 36
1 294 2 9 0.25 29
1 306 2 9 0.28 29
1 531 1 12 0.56 34
1 532 1 -9 0.56 37
1 352 1 -9 0.48 35
1 883 2 -9 0.34 29
1 379 1 -9 0.26 29
1 422 1 -9 0.39 34
1 808 1 -9 0.37 31
1 7 1 -9 0.69 38
1 48 2 -9 0.3 31
1 599 2 10 0.32 30
1 86 1 -9 0.44 34
1 466 1 -9 0.2 26
1 511 2 -9 0.28 30
1 161 1 -9 0.53 35
1 172 2 -9 0.37 34
1 594 1 -9 0.67 38
1 946 2 -9 0.42 33
1 221 1 24 0.81 39
1 837 2 -9 0.37 30
1 85 1 -9 0.92 40
1 133 1 12 0.39 33
1 387 1 -9 0.62 38
1 234 1 -9 0.59 39
1 435 1 -9 0.59 36
1 472 2 -9 0.29 31
1 261 1 -9 0.5 35
1 313 2 8 0.22 29
1 322 2 -9 0.24 28
1 408 2 -9 0.4 34
1 1087 2 -9 0.39 33
1 965 2 -9 0.29 30
1 25 2 -9 0.24 27
1 41 2 -9 0.24 29
1 789 2 -9 0.28 30
1 503 1 -9 0.47 35
1 231 1 13 0.44 35
1 225 1 -9 0.72 39
1 405 2 -9 0.27 28
1 405 2 -9 0.3 30
1 406 2 -9 0.24 29
1 411 2 -9 0.19 28
1 445 1 -9 0.77 39
1 1037 2 -9 0.3 30
1 196 2 -9 0.26 29
1 204 1 -9 0.66 39
1 585 1 -9 0.46 34
1 1228 2 -9 0.45 33
1 43 1 -9 0.67 38
1 325 2 -9 0.3 32
1 331 2 -9 0.3 29
1 338 2 9 0.22 27
1 299 1 10 0.52 34
1 745 2 -9 0.3 30
1 265 2 -9 0.2 26
1 810 1 -9 0.56 36
1 812 1 -9 0.56 35
1 968 1 13 0.62 35
1 708 1 -9 0.38 32
1 533 2 -9 0.26 29
1 539 1 -9 0.4 32
1 453 2 -9 0.26 29
1 501 1 -9 0.5 34
1 779 1 -9 0.51 35
1 348 1 -9 0.42 34
1 938 2 -9 0.42 33
1 268 1 -9 0.59 36
1 270 2 -9 0.22 29
1 875 1 -9 0.61 37
1 357 1 -9 0.43 34
1 367 2 13 0.24 28
1 561 2 -9 0.38 32
1 430 1 -9 0.4 34
1 464 2 12 0.28 33
1 478 2 16 0.28 32
1 484 1 -9 0.53 35
1 527 2 -9 0.27 30
1 188 1 12 0.62 37
1 197 1 -9 0.53 36
1 146 2 -9 0.27 30
1 870 2 -9 0.42 34
1 235 1 -9 0.41 33
1 142 1 -9 0.11 22
1 211 1 -9 0.39 34
1 932 2 -9 0.38 32
1 643 1 -9 0.56 37
1 645 1 -9 0.44 35
1 1156 1 -9 0.55 35
1 522 1 -9 0.42 32
1 1073 1 11 0.74 37
1 143 2 -9 0.21 29
1 779 1 -9 0.6 36
1 199 1 -9 0.48 35
1 735 1 -9 0.46 36
1 49 1 -9 0.52 37
1 50 1 -9 0.12 22
1 54 1 -9 0.66 36
1 56 1 -9 0.78 39
1 62 2 -9 0.23 28
1 8 1 12 0.41 32
1 8 1 -9 0.56 36
1 35 2 14 0.26 29
1 378 1 10 0.3 31
1 41 1 -9 0.5 34
1 195 2 -9 0.2 27
1 198 2 12 0.25 29
1 499 2 -9 0.39 31
1 228 1 -9 0.5 34
1 228 2 -9 0.26 29
1 66 1 13 0.57 37
1 69 1 15 0.57 38
1 70 1 -9 0.54 35
1 403 2 -9 0.24 28
1 403 2 -9 0.28 28
1 409 1 -9 0.66 38
1 292 2 10 0.29 29
1 293 1 -9 0.49 34
1 293 2 12 0.24 30
1 214 1 -9 0.66 36
1 217 1 -9 0.52 36
1 218 2 -9 0.31 32
1 273 2 9 0.36 32
1 273 1 -9 0.72 40
1 274 1 12 0.41 32
1 274 1 -9 0.53 34
1 237 1 -9 0.46 33
1 115 1 13 0.46 35
1 111 1 -9 0.52 37
1 112 1 -9 0.4 33
1 219 2 -9 0.36 31
1 219 1 -9 0.5 34
1 118 2 12 0.31 30
1 261 1 -9 0.82 41
1 126 1 -9 0.78 39
1 268 1 -9 0.62 37
1 269 2 12 0.25 28
1 269 1 -9 0.49 33
1 212 1 -9 0.64 39
1 131 1 -9 0.44 32
1 131 1 -9 0.49 33
1 132 1 -9 0.51 35
1 410 1 -9 0.57 36
1 410 1 -9 0.61 38
1 491 2 14 0.34 32
1 129 1 -9 0.57 35
1 309 1 12 0.61 37
1 311 2 -9 0.17 27
1 311 2 -9 0.2 26
1 253 1 -9 0.85 40
1 485 2 -9 0.26 30
1 486 2 12 0.25 29
1 487 2 -9 0.22 27
1 489 2 -9 0.38 31
1 257 1 13 0.73 38
1 243 1 -9 0.57 36
1 247 2 9 0.24 30
1 141 2 -9 0.32 31
1 142 2 -9 0.28 30
1 143 2 -9 0.26 30
1 252 1 13 0.68 39
1 290 2 -9 0.2 28
1 291 1 -9 0.4 35
1 280 2 -9 0.31 32
1 146 1 -9 0.47 35
1 149 2 -9 0.24 29
1 275 1 -9 0.5 35
1 277 2 -9 0.2 27
1 277 2 -9 0.32 31
1 286 1 23 0.58 35
1 158 2 -9 0.21 27
1 159 1 -9 0.54 36
1 160 2 -9 0.23 29
1 161 2 12 0.25 29
1 444 1 -9 0.48 35
1 445 1 12 0.44 34
1 527 1 -9 0.6 36
1 98 2 -9 0.32 30
1 414 1 -9 0.53 37
1 415 1 -9 0.55 36
1 419 2 11 0.27 30
1 520 2 -9 0.22 27
1 542 1 8 0.41 32
1 543 1 -9 0.49 34
1 102 1 -9 0.2 27
1 467 2 -9 0.17 26
1 468 1 11 0.38 33
1 469 1 -9 0.63 37
1 530 2 12 0.33 31
1 550 2 10 0.26 30
1 108 1 -9 0.72 40
1 533 2 -9 0.24 29
1 533 1 14 0.48 36
1 479 1 -9 0.54 35
1 481 2 -9 0.23 29
1 453 1 -9 0.48 34
1 439 2 -9 0.25 28
1 421 1 -9 0.6 37
1 685 1 -9 0.68 39
1 687 1 -9 0.71 39
1 833 1 -9 0.42 32
1 157 2 -9 0.29 31
1 168 2 -9 0.27 29
1 170 1 -9 0.52 34
1 175 2 -9 0.32 30
1 175 2 -9 0.29 29
1 818 2 -9 0.34 32
1 177 2 -9 0.21 26
1 823 2 -9 0.31 31
1 608 1 -9 0.28 30
1 869 1 -9 0.4 36
1 366 2 -9 0.26 30
1 346 1 -9 0.5 36
1 347 1 -9 0.44 34
1 352 1 14 0.46 35
1 338 2 -9 0.2 28
1 359 2 -9 0.28 30
1 880 2 -9 0.51 35
1 880 1 11 0.3 30
1 881 1 -9 0.52 35
1 762 2 -9 0.27 29
1 339 2 -9 0.24 28
1 507 1 -9 0.43 36
1 731 1 -9 0.38 32
1 667 1 -9 0.67 38
1 578 1 -9 0.54 36
1 330 2 -9 0.26 29
1 332 2 -9 0.26 29
1 333 2 -9 0.24 29
1 77 1 -9 0.48 33
1 77 2 -9 0.28 29
1 765 1 -9 0.35 33
1 767 1 -9 0.56 37
1 653 1 -9 0.47 34
1 583 2 -9 0.29 31
1 590 1 10 0.5 36
1 592 1 -9 0.47 35
1 641 1 11 0.36 32
1 774 1 -9 0.46 33
1 791 1 11 0.4 32
1 792 1 -9 0.54 36
1 563 1 11 0.46 33
1 565 1 -9 0.43 34
1 568 2 -9 0.27 30
1 569 2 -9 0.25 29
1 707 1 -9 0.48 36
1 716 1 10 0.45 35
1 728 1 -9 0.62 40
1 703 2 -9 0.48 34
1 753 2 24 0.46 37
1 911 2 -9 0.3 31
1 916 2 14 0.35 31
1 918 1 -9 -9 36
1 925 1 10 0.47 34
1 963 2 14 0.34 32
1 962 1 -9 0.57 36
1 971 2 -9 0.28 29
1 1119 1 11 0.59 34
1 1059 1 -9 0.5 34
1 1028 1 -9 0.45 32
1 987 2 12 0.43 33
1 945 2 10 0.3 28
1 1013 1 -9 0.46 34
1 1110 1 -9 0.32 29
1 1035 2 13 0.35 31
1 1038 2 -9 0.42 32
1 1122 1 -9 0.38 32
1 1076 1 -9 0.57 38
1 1049 2 -9 0.28 29
1 1232 2 -9 0.33 30
1 1159 1 10 0.56 34
1 221 1 -9 0.57 37
1 74 2 -9 0.38 33
1 1235 1 -9 0.45 34
1 1240 1 -9 0.57 36
1 322 2 -9 0.22 29
1 1244 2 -9 0.42 33
1 569 1 -9 0.43 34
1 170 2 -9 0.29 30
1 799 1 -9 0.62 39
1 491 2 -9 0.34 33
1 11 1 -9 0.46 33
1 307 2 -9 0.31 31
1 544 1 -9 0.4 34
1 171 1 -9 0.7 37
1 244 1 -9 0.5 35
1 665 1 -9 0.99 43
1 1025 1 11 0.47 37
1 12 1 -9 0.56 35
1 401 1 -9 0.59 35
1 415 1 -9 0.61 36
1 371 2 9 0.2 28
1 1005 1 -9 0.74 36
1 336 1 -9 0.58 37
1 11 1 9 0.22 28
1 467 2 8 0.21 28
1 476 1 -9 0.54 35
1 517 2 -9 0.62 35
1 319 2 11 0.4 32
1 558 1 -9 0.51 35
1 402 2 -9 0.38 32
1 147 2 -9 0.27 30
1 171 2 -9 0.36 32
1 21 2 -9 0.24 28
1 782 1 -9 0.5 36
1 785 2 -9 0.32 30
1 62 1 -9 0.44 33
1 1163 1 -9 0.64 35
1 603 2 -9 0.3 31
1 711 1 13 0.56 36
1 440 2 9 0.2 26
1 596 1 -9 0.83 40
1 595 1 -9 0.68 37
1 252 1 -9 0.52 37
1 294 2 -9 0.22 28
1 356 1 13 0.49 33
1 394 1 -9 0.35 31
1 820 1 -9 0.5 35
1 820 2 -9 0.32 32
1 122 2 -9 0.35 32
1 167 2 -9 0.31 31
1 454 2 -9 0.22 28
1 492 2 -9 0.28 31
1 494 2 -9 0.23 29
1 1016 1 -9 0.56 35
1 571 1 -9 0.4 33
1 1006 2 -9 0.34 29
1 246 1 -9 0.42 34
1 1038 2 -9 0.39 31
1 128 1 -9 0.37 33
1 192 2 12 0.25 30
1 974 1 -9 0.83 39
1 30 1 -9 0.38 32
1 781 1 -9 0.5 36
1 446 1 11 0.54 39
1 452 1 -9 0.14 24
1 484 1 -9 0.51 33
1 801 1 12 0.54 37
1 526 1 -9 0.42 32
1 877 1 -9 0.67 38
1 445 2 -9 0.21 28
1 450 1 11 0.43 32
1 202 2 12 0.23 29
1 402 2 -9 0.25 28
1 580 1 -9 0.43 33
1 759 2 12 0.21 29
1 622 1 -9 0.4 33
1 13 1 -9 0.36 31
1 641 1 -9 0.48 34
1 508 2 -9 0.32 31
1 68 1 -9 0.47 35
1 340 2 -9 0.36 32
1 478 2 -9 0.22 29
1 287 1 11 0.63 35
1 292 2 -9 0.22 29
1 300 1 -9 0.42 33
1 1093 1 -9 0.6 36
1 316 2 -9 0.24 30
1 8 2 -9 0.24 28
1 1000 1 -9 0.44 33
1 736 1 -9 0.42 34
1 245 1 -9 0.41 32
1 1207 1 -9 0.54 36
1 22 2 -9 -9 28
1 189 2 -9 0.18 26
1 298 2 -9 0.25 27
1 360 1 -9 0.56 35
1 389 1 -9 0.48 32
1 1172 1 -9 0.48 32
1 562 2 -9 0.33 30
1 174 2 -9 0.27 29
1 858 1 -9 0.73 38
1 462 1 -9 0.48 39
1 47 2 -9 0.27 30
1 594 1 -9 0.51 35
1 258 2 -9 0.32 30
1 126 1 12 0.57 37
1 207 1 -9 0.52 35
1 272 2 -9 0.35 32
1 364 2 9 0.28 29
1 839 2 14 0.61 38
1 474 1 -9 0.4 32
1 502 1 9 0.44 33
1 326 1 -9 0.46 34
1 126 1 -9 0.47 34
1 188 1 -9 0.46 35
1 862 1 -9 0.48 32
1 630 1 -9 0.42 34
1 1194 1 -9 0.58 34
1 144 2 -9 0.28 31
1 400 1 -9 0.56 35
1 637 2 -9 0.3 30
1 786 2 12 0.26 29
1 89 2 -9 0.32 31
1 370 1 -9 0.66 40
1 1168 1 -9 0.57 35
1 658 2 -9 0.24 30
1 62 2 -9 0.29 31
1 55 2 -9 0.26 31
1 636 1 -9 0.36 32
1 640 2 -9 0.36 32
1 556 1 -9 0.38 32
1 149 2 11 0.29 31
1 158 2 9 0.29 29
1 166 2 -9 0.34 30
1 483 1 12 0.4 35
1 710 1 9 0.36 32
1 21 2 -9 0.2 26
1 278 2 -9 0.2 28
1 735 1 -9 0.38 33
1 45 2 -9 0.3 30
1 46 2 -9 0.3 29
1 47 1 -9 0.46 33
1 49 1 -9 0.7 36
1 56 2 -9 0.26 29
1 63 1 13 0.49 36
1 28 1 9 0.29 30
1 29 2 11 0.32 30
1 2 2 -9 0.22 28
1 3 2 -9 0.24 29
1 6 2 -9 0.31 30
1 7 1 -9 0.49 34
1 10 2 -9 0.24 29
1 17 1 12 0.56 36
1 34 1 -9 0.34 32
1 35 1 -9 0.27 29
1 375 1 -9 0.42 33
1 40 1 -9 0.87 40
1 556 1 -9 0.38 33
1 92 1 -9 0.32 30
1 91 2 -9 0.33 30
1 518 1 12 0.46 35
1 193 2 -9 0.13 24
1 201 2 -9 0.25 30
1 396 1 -9 0.48 33
1 209 1 -9 0.57 37
1 497 1 -9 0.65 37
1 230 2 -9 0.24 28
1 401 1 -9 0.61 36
1 242 1 -9 0.85 38
1 404 1 -9 0.6 36
1 405 1 -9 0.53 34
1 296 2 -9 0.35 32
1 303 2 -9 0.27 30
1 303 1 -9 0.52 35
1 85 1 -9 0.56 33
1 304 1 -9 0.33 32
1 89 1 9 0.31 32
1 225 2 -9 0.28 29
1 226 1 14 0.71 38
1 227 2 -9 0.3 31
1 139 1 -9 0.57 36
1 216 1 -9 0.46 34
1 216 1 -9 0.53 36
1 222 1 -9 0.26 30
1 222 2 -9 0.24 29
1 273 1 -9 0.72 38
1 110 2 -9 0.3 32
1 112 2 -9 0.26 30
1 259 2 -9 0.37 31
1 262 1 -9 0.53 36
1 263 1 -9 0.45 33
1 263 1 16 0.75 38
1 122 2 -9 0.18 25
1 123 1 -9 0.42 33
1 127 1 -9 0.59 36
1 266 1 -9 0.74 39
1 267 1 24 0.68 37
1 390 1 -9 0.57 34
1 130 1 -9 0.6 36
1 131 1 12 0.42 32
1 411 2 -9 0.3 31
1 251 1 -9 0.31 31
1 310 1 27 0.54 36
1 313 2 -9 0.28 30
1 318 2 -9 0.21 28
1 483 2 -9 0.28 31
1 485 2 12 0.28 30
1 488 2 -9 0.38 33
1 488 1 -9 0.35 34
1 488 2 -9 0.22 29
1 134 2 -9 0.27 30
1 257 1 -9 0.61 36
1 246 2 -9 0.28 30
1 280 1 11 0.37 32
1 252 1 -9 0.48 35
1 286 2 -9 0.23 27
1 289 2 -9 0.2 28
1 290 1 14 0.4 35
1 146 2 -9 0.25 28
1 148 2 -9 0.26 31
1 149 1 -9 0.43 35
1 274 1 -9 0.51 35
1 279 1 -9 0.44 33
1 94 1 -9 0.76 37
1 535 2 -9 0.43 34
1 417 2 -9 0.28 31
1 418 2 -9 0.13 25
1 521 2 -9 0.26 30
1 523 2 -9 0.38 41
1 465 1 12 0.43 32
1 101 1 -9 0.5 34
1 104 1 -9 0.56 35
1 468 1 -9 0.64 36
1 529 2 -9 0.36 31
1 530 2 -9 0.26 29
1 105 2 -9 0.26 29
1 106 1 -9 0.66 38
1 107 1 -9 0.46 34
1 532 1 -9 0.56 35
1 473 2 -9 0.3 30
1 475 1 14 0.62 35
1 464 1 -9 0.56 39
1 476 1 -9 0.3 31
1 476 2 -9 0.22 29
1 480 2 -9 0.18 26
1 481 2 -9 0.31 32
1 448 2 -9 0.27 30
1 449 2 -9 0.31 31
1 449 2 14 0.33 32
1 740 1 -9 0.66 38
1 669 1 -9 0.48 33
1 888 1 -9 0.8 39
1 889 2 19 0.4 33
1 892 2 -9 0.31 30
1 164 1 -9 0.25 28
1 169 2 -9 0.25 28
1 174 2 -9 0.21 27
1 176 2 -9 0.27 28
1 819 1 -9 0.47 33
1 511 2 -9 0.28 30
1 501 2 -9 0.29 30
1 673 1 -9 0.7 39
1 365 2 -9 0.3 31
1 345 1 -9 0.64 38
1 756 2 -9 0.23 27
1 763 2 -9 0.28 31
1 343 1 -9 0.32 31
1 886 1 -9 0.6 37
1 344 1 -9 0.36 31
1 502 1 -9 0.3 34
1 507 2 -9 0.26 29
1 508 2 -9 0.28 30
1 677 1 -9 0.47 35
1 680 1 -9 0.56 37
1 681 1 -9 0.24 29
1 663 1 -9 0.71 39
1 665 2 11 0.44 33
1 842 2 -9 0.29 30
1 77 1 -9 0.45 33
1 778 1 -9 0.71 38
1 635 2 -9 0.36 31
1 637 1 -9 0.42 33
1 590 1 -9 0.89 43
1 641 2 -9 0.32 31
1 611 1 -9 0.37 32
1 860 1 -9 0.54 37
1 698 1 -9 0.44 32
1 769 2 -9 0.63 39
1 857 1 -9 0.8 43
1 783 1 -9 0.46 36
1 794 2 -9 0.4 34
1 599 1 -9 0.64 38
1 851 1 14 0.64 37
1 572 1 -9 0.41 34
1 573 1 11 0.37 32
1 707 1 -9 0.6 36
1 951 2 -9 0.26 29
1 952 2 -9 0.43 33
1 953 1 -9 0.29 30
1 713 1 -9 0.59 37
1 730 1 -9 0.44 34
1 727 1 -9 0.58 37
1 914 2 -9 0.42 33
1 956 1 -9 0.5 35
1 562 1 -9 0.93 43
1 929 2 -9 0.3 30
1 964 1 10 0.44 32
1 1058 2 12 0.44 32
1 1024 1 27 0.64 38
1 985 1 -9 0.67 37
1 940 2 -9 0.48 33
1 1036 2 15 0.39 33
1 1108 1 -9 0.34 30
1 1086 1 -9 0.41 31
1 1092 1 16 0.72 39
1 1048 1 -9 0.3 30
1 1082 1 -9 0.72 38
1 1126 1 11 0.61 34
1 1022 1 -9 0.48 34
1 1023 1 -9 0.5 34
1 997 1 -9 0.54 35
1 1199 2 -9 0.44 29
1 1230 2 -9 0.25 28
1 201 2 13 0.23 28
1 407 2 9 0.2 28
1 1236 1 -9 0.62 35
1 1179 2 -9 0.56 31
1 132 1 -9 0.43 33
1 137 2 -9 0.26 28
1 609 1 -9 0.42 23
1 643 1 13 0.54 36
1 824 1 -9 0.87 41
1 669 1 -9 0.47 35
1 548 2 -9 0.22 27
1 966 1 11 0.45 33
1 248 2 -9 0.39 32
1 455 1 -9 0.47 32
1 477 1 12 0.5 35
1 514 2 9 0.27 30
1 539 1 -9 0.48 33
1 950 1 -9 0.56 35
1 621 1 -9 0.38 32
1 325 1 -9 0.41 33
1 339 2 9 0.24 29
1 560 1 -9 0.51 36
1 3 1 -9 0.7 37
1 33 1 -9 0.33 31
1 36 1 -9 0.52 35
1 1202 1 -9 0.4 33
1 510 2 -9 0.29 29
1 51 1 -9 1.01 43
1 59 1 -9 0.55 35
1 911 1 -9 0.54 35
1 1017 2 -9 0.46 35
1 265 2 -9 0.3 31
1 300 1 -9 0.41 32
1 1020 2 9 0.36 30
1 347 1 -9 0.53 38
1 1045 1 -9 0.64 37
1 415 1 14 0.57 36
1 798 2 -9 0.38 31
1 126 1 -9 0.79 39
1 196 1 -9 0.57 38
1 1134 1 -9 0.35 31
1 588 2 4 0.19 26
1 720 1 -9 0.69 40
1 440 2 -9 0.41 32
1 449 2 -9 0.25 29
1 502 2 -9 0.23 28
1 144 1 -9 0.52 36
1 160 2 -9 0.34 32
1 4 1 -9 0.62 37
1 81 2 -9 0.5 34
1 940 2 -9 0.38 33
1 288 1 19 0.85 40
1 300 1 13 0.53 35
1 967 1 -9 0.41 31
1 895 1 -9 0.71 39
1 220 2 16 0.28 29
1 128 1 12 0.53 37
1 184 2 -9 0.73 40
1 192 2 -9 0.3 30
1 903 2 -9 0.46 33
1 429 2 -9 0.32 30
1 1191 2 18 0.34 30
1 192 2 -9 0.27 29
1 195 2 12 0.22 28
1 642 1 -9 0.34 32
