1 5 2 -9 0.26 30
1 52 2 -9 0.22 29
1 86 1 -9 0.6 38
1 92 2 -9 0.15 25
1 1006 1 -9 0.82 41
1 468 1 -9 0.24 28
1 627 1 -9 0.46 37
1 140 1 -9 0.48 34
1 144 2 -9 0.51 37
1 157 1 -9 0.36 34
1 438 1 -9 0.28 30
1 928 1 -9 0.52 36
1 839 2 -9 0.36 32
1 703 1 11 0.64 38
1 23 1 11 0.36 33
1 1055 2 -9 0.33 31
1 530 2 -9 0.16 25
1 1193 2 -9 0.24 28
1 101 2 -9 0.26 28
1 39 1 14 0.5 35
1 47 1 -9 0.22 27
1 52 2 -9 0.3 30
1 5 2 9 0.34 31
1 35 2 -9 0.3 31
1 188 1 -9 0.5 34
1 1378 1 -9 0.09 20
1 160 2 -9 0.14 24
1 1043 2 -9 0.34 31
1 460 1 -9 0.49 34
1 1194 2 -9 0.2 26
1 382 1 -9 0.41 34
1 400 1 -9 0.33 31
1 187 2 -9 0.29 29
1 1226 2 10 0.35 31
1 194 1 10 0.28 31
1 321 1 -9 0.24 29
1 411 2 -9 0.22 29
1 419 2 -9 0.18 28
1 384 1 -9 0.26 31
1 384 1 -9 0.52 37
1 391 2 -9 0.5 29
1 262 1 -9 0.4 33
1 139 1 12 0.52 35
1 480 2 -9 0.14 24
1 325 1 -9 0.48 36
1 908 1 -9 0.57 37
1 525 1 -9 0.64 40
1 566 2 -9 0.06 18
1 123 1 -9 0.71 40
1 612 2 -9 0.29 30
1 459 2 -9 0.24 30
1 446 1 -9 0.37 33
1 185 1 -9 0.31 31
1 189 1 -9 0.44 33
1 306 1 -9 0.15 25
1 280 2 -9 0.2 27
1 1179 2 -9 0.52 37
1 415 2 15 0.44 34
1 1142 2 -9 0.27 29
1 1219 2 -9 0.28 29
1 767 1 -9 0.43 34
1 320 1 -9 0.42 34
1 351 2 14 0.29 31
1 1294 2 -9 0.32 28
1 359 1 -9 0.29 31
1 903 1 -9 -9 35
1 608 2 -9 0.43 34
1 620 1 -9 0.66 39
1 164 2 -9 0.21 29
1 668 1 -9 0.34 31
1 875 1 -9 0.57 36
1 505 1 -9 0.42 33
1 156 1 -9 0.54 39
1 164 2 -9 0.23 28
1 695 2 -9 0.2 27
1 768 1 17 0.5 37
1 27 1 -9 0.58 35
1 484 2 -9 0.48 37
1 1141 1 -9 0.74 39
1 681 1 14 0.4 35
1 754 1 16 0.68 40
1 118 1 -9 0.42 34
1 118 2 -9 0.14 24
1 101 1 11 0.38 32
1 1 2 -9 -9 35
1 1 2 -9 -9 32
1 1 1 -9 -9 36
1 187 1 -9 0.43 35
1 194 1 -9 0.72 40
1 197 1 10 0.45 34
1 159 1 -9 0.25 29
1 139 1 -9 0.73 37
1 140 1 24 0.93 41
1 122 2 -9 0.39 34
1 161 1 -9 0.45 34
1 162 1 -9 0.32 31
1 162 1 9 0.26 29
1 129 1 -9 0.84 43
1 131 1 -9 0.49 36
1 134 2 13 0.45 35
1 134 1 -9 1.02 43
1 126 1 20 0.62 37
1 180 2 -9 0.25 29
1 207 2 7 0.18 27
1 32 2 17 0.33 30
1 20 2 -9 0.21 28
1 40 2 -9 0.28 30
1 42 1 18 0.69 39
1 29 2 -9 0.22 28
1 29 1 -9 0.54 36
1 45 1 -9 0.4 34
1 46 1 -9 0.4 33
1 47 1 -9 0.44 34
1 86 1 -9 0.38 34
1 4 1 23 0.57 37
1 368 2 -9 0.23 28
1 378 1 -9 0.55 35
1 386 1 -9 0.65 37
1 387 1 -9 1.54 44
1 106 1 16 0.45 36
1 107 1 -9 0.3 31
1 313 1 14 0.5 34
1 315 1 11 0.47 34
1 316 1 -9 0.2 36
1 367 2 -9 0.32 29
1 317 1 -9 0.58 36
1 320 2 -9 0.36 33
1 320 1 -9 0.48 35
1 102 2 -9 0.2 27
1 288 2 10 0.28 30
1 581 1 7 0.18 26
1 9 1 -9 0.56 38
1 10 1 -9 0.54 35
1 11 1 15 0.64 38
1 89 1 -9 0.49 34
1 89 2 -9 0.24 30
1 89 2 -9 0.28 31
1 326 1 -9 0.4 34
1 328 2 -9 0.3 30
1 394 1 -9 0.51 36
1 397 1 -9 0.56 36
1 461 2 -9 0.23 28
1 846 1 -9 0.26 30
1 846 1 -9 0.16 25
1 454 1 -9 0.31 31
1 392 1 -9 0.54 35
1 458 2 17 0.4 32
1 14 1 7 0.2 26
1 16 1 11 0.5 34
1 814 1 -9 0.06 20
1 725 2 10 0.27 31
1 725 2 -9 0.53 36
1 730 2 -9 0.36 31
1 732 1 22 0.53 37
1 749 2 10 0.37 31
1 817 1 -9 0.4 34
1 665 2 -9 0.23 29
1 818 1 -9 0.58 39
1 756 1 -9 0.59 37
1 242 1 -9 0.54 34
1 243 2 -9 0.19 28
1 290 2 17 0.29 30
1 585 1 -9 0.36 32
1 92 1 -9 0.41 34
1 237 2 -9 0.2 28
1 237 1 -9 0.23 28
1 238 1 -9 0.58 38
1 234 2 -9 0.21 28
1 221 2 -9 0.16 26
1 302 2 -9 0.23 29
1 773 1 -9 0.44 36
1 682 2 -9 0.48 36
1 782 2 -9 0.2 28
1 246 1 -9 0.52 36
1 247 1 -9 0.46 35
1 249 1 -9 0.72 40
1 336 1 -9 0.42 33
1 412 1 18 0.5 36
1 229 1 -9 0.54 37
1 415 2 -9 0.34 32
1 418 2 -9 0.22 28
1 232 1 -9 0.58 36
1 339 1 -9 0.47 37
1 340 1 23 0.63 40
1 295 2 10 0.26 29
1 337 1 -9 0.6 36
1 338 1 -9 0.4 35
1 297 2 -9 0.12 23
1 608 1 -9 0.87 41
1 285 1 -9 0.56 37
1 449 2 -9 0.46 34
1 423 1 -9 0.66 38
1 424 1 -9 0.58 36
1 424 2 7 0.18 26
1 427 2 18 0.48 37
1 485 2 -9 0.34 32
1 799 1 -9 0.23 28
1 493 1 -9 0.41 34
1 836 1 -9 0.32 32
1 838 2 -9 0.24 30
1 362 2 -9 0.19 28
1 258 1 -9 0.46 34
1 259 1 -9 0.52 34
1 261 1 -9 0.35 33
1 355 1 -9 0.3 31
1 356 1 -9 0.67 37
1 438 1 -9 0.78 41
1 440 1 -9 0.52 37
1 559 1 -9 0.59 38
1 573 1 -9 0.47 36
1 502 1 -9 0.59 38
1 517 2 18 0.36 33
1 504 2 -9 0.16 26
1 505 1 -9 0.3 31
1 510 1 -9 0.46 35
1 512 1 -9 0.75 40
1 513 1 -9 -9 34
1 547 1 -9 0.55 35
1 556 1 -9 0.49 37
1 496 2 -9 0.26 29
1 281 1 -9 0.26 29
1 452 2 -9 0.33 31
1 630 1 -9 0.1 21
1 944 2 -9 0.28 29
1 945 2 -9 0.2 26
1 716 1 -9 0.63 38
1 946 2 -9 0.28 28
1 712 2 -9 0.43 34
1 713 2 -9 0.18 26
1 882 1 18 0.48 37
1 891 2 -9 0.28 28
1 892 1 -9 0.29 31
1 887 1 -9 0.27 28
1 956 1 -9 0.88 41
1 929 1 -9 0.64 37
1 958 1 -9 1.06 42
1 860 1 12 0.58 37
1 1005 1 16 0.82 42
1 904 2 -9 0.2 28
1 1139 1 -9 0.18 26
1 1227 2 9 0.19 27
1 1227 1 -9 0.38 31
1 1277 1 -9 0.34 32
1 1142 1 -9 0.34 31
1 1027 2 -9 0.34 31
1 1223 2 7 0.16 25
1 967 1 -9 0.36 32
1 1269 2 -9 0.34 32
1 1059 2 10 0.22 27
1 1063 1 -9 0.41 38
1 1160 1 -9 0.38 31
1 1066 1 -9 0.69 38
1 1114 1 -9 0.08 20
1 1121 2 -9 0.12 22
1 1183 2 -9 0.12 22
1 1090 1 -9 0.68 40
1 1198 1 -9 0.51 36
1 981 1 -9 0.28 28
1 983 2 -9 0.24 28
1 983 1 -9 0.3 29
1 1200 2 -9 0.07 19
1 1201 1 -9 0.26 29
1 1203 1 -9 0.26 28
1 1207 1 8 0.29 30
1 1210 1 -9 0.52 38
1 1231 1 -9 0.49 35
1 1231 1 -9 0.43 33
1 1233 2 5 0.07 20
1 1356 2 -9 0.18 26
1 1083 2 -9 0.38 32
1 1291 2 -9 0.42 32
1 1242 1 -9 0.24 28
1 968 1 7 0.3 29
1 973 1 -9 0.87 38
1 1381 1 -9 0.14 23
1 1303 1 -9 0.22 30
1 1349 2 -9 0.23 28
1 1377 1 -9 0.2 27
1 1388 1 -9 0.26 29
1 32 1 8 0.31 30
1 43 1 -9 0.25 28
1 98 1 14 0.61 38
1 9 1 16 0.62 39
1 12 1 -9 0.28 30
1 542 1 -9 0.55 37
1 300 1 15 0.78 39
1 380 1 -9 0.56 36
1 279 2 -9 0.28 30
1 721 2 -9 0.12 22
1 927 2 -9 0.3 30
1 443 1 -9 0.53 36
1 261 1 -9 0.52 38
1 429 1 -9 0.36 32
1 530 1 -9 0.65 37
1 32 1 -9 0.33 32
1 58 2 -9 0.29 30
1 104 2 8 0.19 28
1 371 1 -9 0.44 35
1 732 1 -9 0.12 24
1 796 1 -9 0.27 29
1 837 2 -9 0.22 27
1 273 2 -9 0.36 31
1 1246 1 -9 0.69 39
1 50 2 11 0.3 30
1 159 1 17 0.49 36
1 321 1 -9 0.6 38
1 343 2 -9 0.2 28
1 372 1 -9 0.64 38
1 270 1 20 0.52 36
1 452 2 -9 0.26 30
1 858 2 18 0.5 36
1 7 1 -9 0.74 39
1 828 1 -9 0.46 36
1 333 2 -9 0.01 27
1 356 2 -9 0.37 32
1 939 1 8 0.28 30
1 1202 1 -9 0.35 30
1 288 2 -9 0.3 32
1 296 1 -9 0.34 32
1 847 2 -9 0.24 29
1 41 1 13 0.42 34
1 371 1 -9 0.37 34
1 127 1 -9 0.21 29
1 154 1 21 0.55 37
1 285 1 -9 0.4 34
1 96 2 -9 0.22 28
1 473 1 -9 0.52 35
1 461 1 -9 0.23 28
1 626 2 -9 0.32 31
1 427 2 -9 0.54 38
1 936 2 -9 0.29 29
1 1098 2 -9 0.25 28
1 29 1 8 0.24 28
1 52 1 -9 0.35 31
1 1161 1 -9 0.32 30
1 807 1 -9 0.54 38
1 90 1 14 0.38 34
1 390 1 -9 0.66 39
1 431 1 -9 0.28 30
1 330 1 -9 0.57 35
1 338 1 -9 0.48 36
1 137 1 -9 0.71 38
1 1197 1 -9 0.22 27
1 238 1 -9 0.35 31
1 268 2 20 0.48 34
1 1296 1 -9 0.64 37
1 907 1 20 0.47 35
1 314 1 16 0.48 35
1 993 1 -9 0.32 31
1 1224 2 -9 0.34 31
1 192 1 -9 0.55 37
1 1231 1 -9 0.33 32
1 400 1 -9 0.31 31
1 377 1 -9 0.3 30
1 304 2 -9 0.2 28
1 653 2 -9 0.14 24
1 598 1 -9 0.66 39
1 199 1 -9 0.36 33
1 461 1 -9 0.56 35
1 235 1 -9 0.48 37
1 1040 1 -9 0.4 32
1 728 2 17 0.61 37
1 731 1 15 0.38 34
1 507 1 -9 0.56 36
1 578 2 -9 0.4 33
1 963 2 -9 0.23 27
1 1109 2 -9 0.1 22
1 279 1 10 0.36 31
1 741 1 -9 0.63 37
1 1049 1 8 0.46 33
1 512 1 -9 0.5 34
1 1084 2 -9 0.24 27
1 104 2 10 0.22 29
1 1172 1 21 0.9 41
1 668 1 -9 0.64 39
1 21 1 -9 0.44 33
1 453 2 -9 0.19 25
1 766 2 -9 0.3 31
1 154 1 -9 0.36 32
1 751 2 16 0.45 34
1 610 1 -9 0.66 37
1 119 1 -9 0.4 34
1 832 1 -9 0.52 36
1 1 1 -9 -9 38
1 1 1 -9 -9 34
1 186 2 -9 0.23 30
1 186 2 -9 0.28 30
1 190 1 10 0.35 31
1 190 1 9 0.3 30
1 191 1 17 0.52 37
1 195 1 -9 0.36 31
1 96 1 6 0.3 28
1 108 1 -9 0.3 30
1 59 2 -9 0.19 27
1 140 1 -9 0.25 29
1 147 1 -9 0.46 34
1 149 1 -9 0.23 28
1 149 1 -9 0.65 40
1 150 1 -9 0.35 31
1 123 1 -9 0.67 36
1 161 2 18 0.3 28
1 129 1 17 0.55 38
1 130 2 -9 0.33 30
1 132 1 -9 0.68 39
1 142 1 -9 0.63 38
1 170 2 18 0.33 31
1 143 1 18 0.61 38
1 143 1 -9 0.58 38
1 165 1 11 0.38 32
1 179 1 10 0.33 32
1 200 1 -9 0.77 38
1 208 1 -9 0.28 30
1 35 1 -9 0.55 36
1 54 1 15 0.53 35
1 39 1 -9 0.44 32
1 26 1 8 0.18 27
1 40 1 13 0.42 33
1 5 2 -9 0.2 27
1 44 2 -9 0.28 30
1 58 2 -9 0.28 29
1 60 1 10 0.28 30
1 369 1 -9 0.42 34
1 374 1 -9 0.37 32
1 375 1 -9 0.46 35
1 375 2 -9 0.36 32
1 376 1 -9 0.49 33
1 376 1 -9 0.22 28
1 324 1 -9 0.65 37
1 379 2 -9 0.23 28
1 381 1 -9 0.47 35
1 383 1 -9 0.37 33
1 385 1 -9 0.59 37
1 389 1 -9 0.14 24
1 106 1 -9 0.17 25
1 319 1 -9 0.49 35
1 321 1 10 0.32 31
1 105 1 12 4 35
1 105 2 -9 0.26 31
1 9 2 -9 0.24 30
1 328 1 -9 0.25 30
1 394 1 -9 0.5 34
1 398 1 -9 0.38 34
1 66 1 -9 0.51 35
1 66 1 8 0.23 28
1 329 1 -9 0.49 34
1 330 1 -9 0.22 27
1 67 1 -9 0.16 27
1 463 1 18 0.66 37
1 466 1 14 0.74 40
1 846 1 -9 0.22 28
1 848 1 21 0.6 38
1 469 1 21 0.57 35
1 455 1 -9 0.26 29
1 456 1 -9 0.5 35
1 63 2 13 0.21 28
1 827 1 -9 0.48 36
1 811 2 -9 0.26 30
1 729 1 -9 0.91 41
1 91 1 -9 0.22 27
1 671 1 -9 0.73 42
1 662 1 -9 0.44 34
1 663 1 -9 0.11 24
1 668 2 -9 0.24 29
1 242 1 -9 0.39 34
1 290 2 -9 0.29 29
1 790 1 -9 0.22 26
1 791 1 17 0.52 35
1 679 2 -9 -9 30
1 680 2 -9 0.37 33
1 703 1 -9 0.61 38
1 689 1 -9 0.38 34
1 689 1 -9 0.79 41
1 689 1 21 0.8 40
1 707 1 -9 0.58 37
1 599 2 -9 0.21 27
1 600 1 -9 0.51 36
1 829 1 -9 0.26 30
1 774 2 -9 0.13 23
1 761 1 -9 0.26 29
1 681 1 -9 0.2 27
1 779 2 -9 0.28 30
1 770 1 -9 0.46 36
1 421 1 -9 0.68 37
1 531 1 -9 0.35 33
1 410 1 -9 0.54 36
1 410 2 -9 0.5 36
1 415 2 -9 0.34 30
1 230 1 -9 0.56 37
1 233 1 -9 0.34 31
1 422 2 -9 0.28 31
1 422 1 24 1 43
1 332 1 -9 0.13 24
1 335 1 -9 0.45 34
1 341 2 -9 0.17 26
1 342 1 -9 0.6 37
1 301 2 -9 0.26 29
1 297 1 -9 0.6 38
1 297 1 -9 0.72 38
1 607 1 -9 0.48 34
1 283 2 -9 0.2 26
1 425 1 -9 0.6 37
1 427 1 -9 0.34 31
1 253 1 -9 0.36 32
1 495 1 -9 0.22 29
1 482 2 -9 0.46 36
1 357 1 -9 0.77 38
1 358 1 13 0.47 34
1 361 1 14 0.5 36
1 362 1 12 0.5 36
1 855 2 -9 0.22 29
1 362 2 -9 0.2 29
1 257 1 -9 0.43 33
1 258 1 -9 0.53 35
1 258 1 -9 0.47 36
1 434 1 -9 0.28 30
1 309 1 8 0.17 26
1 346 1 7 0.12 23
1 274 1 -9 0.88 41
1 504 2 -9 0.16 28
1 511 2 -9 0.5 35
1 541 2 -9 0.66 37
1 549 1 -9 0.51 37
1 555 2 -9 0.07 20
1 540 1 -9 0.65 39
1 306 1 7 0.2 28
1 498 1 -9 0.58 36
1 278 1 -9 0.52 34
1 280 1 -9 0.64 38
1 281 1 -9 0.52 37
1 627 1 -9 0.31 31
1 509 2 -9 0.41 34
1 269 1 -9 0.29 31
1 271 1 -9 0.18 27
1 272 1 18 0.76 40
1 272 1 13 0.56 34
1 615 1 -9 0.17 26
1 623 1 -9 0.48 37
1 639 1 -9 0.24 29
1 713 1 -9 0.47 36
1 714 2 -9 0.24 28
1 882 1 -9 0.53 36
1 885 1 -9 0.99 41
1 922 1 -9 1.16 44
1 922 1 -9 0.64 36
1 927 2 -9 0.66 38
1 919 2 -9 0.28 28
1 947 2 -9 0.24 28
1 873 1 17 0.59 37
1 955 1 -9 0.57 36
1 1003 2 -9 0.46 33
1 911 2 -9 0.16 24
1 992 1 -9 0.35 36
1 995 1 8 0.47 34
1 1042 1 -9 0.66 37
1 1045 1 -9 0.46 33
1 1018 2 7 0.21 26
1 1028 2 -9 0.32 31
1 964 2 -9 0.19 26
1 965 1 -9 0.26 29
1 966 1 -9 0.5 34
1 1111 2 -9 0.32 28
1 1107 2 -9 0.23 28
1 1025 1 12 0.59 35
1 1056 1 -9 0.81 41
1 1058 2 -9 0.18 26
1 1225 2 -9 0.31 29
1 1160 2 -9 0.22 26
1 1039 1 -9 0.1 21
1 1124 1 -9 0.88 41
1 1132 1 11 0.8 38
1 1135 1 -9 0.51 35
1 1183 1 -9 0.27 30
1 1180 1 -9 0.56 35
1 1181 2 10 0.37 31
1 1087 1 -9 0.34 31
1 1081 1 -9 0.42 33
1 1163 2 -9 0.42 31
1 1203 1 7 0.38 31
1 1205 1 -9 0.26 28
1 1351 2 -9 0.16 24
1 1324 2 -9 0.3 30
1 1327 1 12 0.46 34
1 1240 1 -9 0.67 38
1 1245 1 16 0.58 37
1 1368 2 -9 0.15 24
1 1313 1 -9 0.52 36
1 1317 1 -9 0.34 31
1 1331 1 -9 0.58 37
1 1340 2 -9 0.12 22
1 1305 2 -9 0.34 30
1 1335 2 -9 0.21 26
1 1380 1 5 0.09 21
1 1295 2 -9 0.34 31
1 1298 1 -9 0.38 32
1 952 1 -9 0.39 32
1 1 1 -9 -9 36
1 1004 2 -9 0.53 36
1 838 2 -9 0.26 30
1 25 1 -9 0.59 39
1 37 1 -9 0.66 37
1 617 1 -9 0.46 34
1 622 1 -9 0.48 36
1 93 1 -9 0.66 37
1 1304 2 -9 0.08 18
1 47 2 -9 0.23 28
1 564 2 6 0.02 19
1 930 2 -9 0.41 33
1 248 1 -9 0.57 39
1 407 1 -9 0.82 43
1 447 1 -9 0.17 26
1 1100 2 -9 0.26 29
1 910 1 -9 0.44 34
1 665 2 -9 0.27 29
1 62 2 -9 0.25 30
1 93 1 16 0.75 40
1 97 2 -9 0.15 25
1 697 1 -9 0.5 37
1 106 1 10 0.47 35
1 298 1 17 0.56 35
1 790 1 -9 0.48 35
1 1031 1 -9 0.08 20
1 193 1 -9 0.33 32
1 516 2 12 0.31 31
1 518 1 -9 0.26 30
1 142 1 13 0.49 34
1 151 2 -9 0.32 31
1 266 1 10 0.33 32
1 273 1 -9 0.62 36
1 857 1 -9 0.48 37
1 161 1 -9 0.41 34
1 970 2 -9 0.23 28
1 84 1 -9 0.47 33
1 400 1 18 0.85 43
1 134 1 -9 0.6 36
1 142 1 -9 0.52 37
1 1130 1 -9 0.7 40
1 1370 1 6 0.08 19
1 1215 1 -9 0.12 21
1 1007 1 20 0.66 39
1 1082 2 -9 0.34 31
1 1247 2 11 0.48 37
1 1169 2 -9 0.15 24
1 377 1 -9 0.82 39
1 378 1 -9 0.62 38
1 401 1 -9 0.56 37
1 411 1 16 0.56 37
1 1184 1 -9 0.48 38
1 90 1 -9 0.42 34
1 95 1 -9 0.42 32
1 1253 1 13 0.6 37
1 790 1 -9 0.34 32
1 503 2 -9 0.24 29
1 1366 1 -9 0.73 38
1 1018 2 -9 0.26 28
1 393 1 -9 0.36 33
1 844 1 -9 0.14 25
1 708 1 12 0.54 36
1 743 1 12 0.59 37
1 63 1 -9 0.43 33
1 43 1 -9 0.75 39
1 19 2 -9 0.27 30
1 454 1 -9 0.54 38
1 468 1 14 0.61 37
1 50 2 -9 0.25 29
1 294 1 20 0.6 37
1 319 2 10 0.24 28
1 1244 2 -9 0.2 25
1 115 2 -9 0.22 28
1 666 2 -9 0.21 28
1 127 1 -9 0.69 38
1 487 2 13 0.49 36
1 734 2 -9 0.26 31
1 507 1 10 0.36 32
1 1018 2 -9 0.13 22
1 245 2 -9 0.31 29
1 1251 1 -9 0.6 36
1 227 1 -9 0.18 26
1 370 2 -9 0.25 29
1 244 1 -9 0.28 31
1 297 2 -9 0.24 29
1 229 1 -9 0.58 38
1 259 1 -9 0.45 36
1 376 1 -9 0.9 42
1 379 1 -9 0.56 36
1 379 1 -9 0.36 33
1 410 1 -9 0.6 37
1 422 2 -9 0.24 29
1 53 2 7 0.16 24
1 250 1 -9 0.41 33
1 1046 1 -9 0.48 34
1 762 1 -9 0.08 20
1 318 1 9 0.44 33
1 150 1 -9 0.46 36
1 681 1 -9 0.6 38
1 1393 2 -9 0.36 32
1 618 1 -9 0.61 39
1 399 1 -9 0.27 29
1 639 1 12 0.34 32
1 1309 2 -9 0.06 18
1 192 1 -9 0.28 29
1 1290 1 10 0.44 33
1 256 2 -9 0.25 30
1 1 1 -9 -9 37
1 219 1 -9 0.11 23
1 269 1 6 0.15 25
1 398 1 -9 0.38 33
1 571 1 -9 0.76 42
1 900 1 -9 0.6 37
1 912 1 -9 0.3 30
1 642 1 -9 0.62 38
1 165 1 -9 0.26 28
1 836 2 -9 0.3 31
1 1301 2 12 0.36 32
1 795 2 -9 0.29 30
1 998 1 -9 0.26 29
1 1012 1 -9 0.62 38
1 141 1 -9 0.37 32
1 526 1 -9 0.4 33
1 145 1 -9 0.58 36
1 1120 2 -9 0.21 26
1 1068 1 -9 0.66 38
1 641 1 -9 0.6 38
1 721 2 -9 0.1 22
1 775 2 7 0.1 23
1 864 1 -9 0.5 35
1 189 1 -9 0.29 29
1 194 1 -9 0.66 39
1 196 1 -9 0.72 39
1 197 1 -9 0.4 33
1 139 1 -9 0.48 35
1 173 2 16 0.28 29
1 146 1 -9 0.32 31
1 147 1 -9 0.63 36
1 148 1 15 0.56 37
1 120 2 -9 0.07 20
1 71 2 7 0.21 27
1 73 2 7 0.24 29
1 162 1 -9 0.56 36
1 129 1 -9 0.65 39
1 131 2 -9 0.28 31
1 131 1 -9 0.57 36
1 134 1 17 0.57 37
1 151 2 -9 0.24 30
1 152 2 -9 0.21 28
1 152 2 -9 0.22 27
1 169 2 -9 0.1 22
1 154 1 -9 0.45 33
1 199 1 13 0.47 34
1 199 1 -9 0.51 36
1 201 1 -9 0.67 38
1 204 1 -9 0.48 35
1 37 1 -9 0.64 38
1 37 1 -9 0.56 36
1 38 1 -9 0.53 36
1 53 1 -9 0.31 30
1 54 1 -9 0.42 33
1 21 1 -9 0.88 42
1 6 1 14 0.5 35
1 44 1 10 0.24 29
1 58 2 -9 0.29 30
1 61 1 -9 0.26 29
1 62 1 -9 0.26 30
1 367 1 -9 0.36 32
1 369 2 -9 0.23 28
1 372 1 -9 0.44 34
1 78 2 7 0.15 24
1 114 2 19 0.42 33
1 376 1 -9 0.32 32
1 378 1 19 0.5 36
1 385 1 -9 0.43 33
1 104 1 -9 0.13 24
1 106 2 8 0.22 28
1 31 2 -9 0.14 24
1 316 1 -9 0.54 36
1 319 1 -9 0.36 31
1 324 1 -9 0.45 34
1 329 1 -9 0.58 38
1 736 2 -9 0.29 29
1 11 1 -9 0.54 35
1 401 2 -9 0.3 30
1 331 2 8 0.16 25
1 331 1 -9 0.24 30
1 70 1 -9 0.17 26
1 463 1 -9 0.61 37
1 464 1 -9 0.6 39
1 464 1 -9 0.6 37
1 472 1 10 0.48 34
1 456 1 -9 0.83 39
1 12 1 -9 0.3 31
1 734 2 -9 0.19 28
1 574 1 -9 0.62 39
1 659 2 -9 0.18 25
1 748 2 -9 0.27 28
1 665 2 12 0.27 29
1 823 1 21 0.46 36
1 239 1 -9 0.49 35
1 240 2 -9 0.27 30
1 243 1 -9 0.8 40
1 244 1 -9 0.4 32
1 291 2 -9 0.28 30
1 524 1 21 0.45 36
1 597 1 -9 0.43 34
1 791 1 -9 0.77 42
1 236 2 -9 0.22 27
1 237 1 -9 0.18 27
1 675 1 -9 0.48 37
1 678 1 -9 0.3 32
1 679 2 -9 -9 27
1 680 1 -9 0.75 40
1 683 1 -9 0.64 38
1 693 1 12 0.64 39
1 432 2 -9 0.14 24
1 604 1 -9 0.45 35
1 757 2 -9 0.31 32
1 687 1 13 0.63 38
1 786 2 -9 0.45 33
1 248 1 -9 0.37 33
1 702 1 17 0.61 36
1 420 1 -9 0.34 32
1 530 2 -9 0.23 28
1 531 1 -9 0.43 35
1 409 1 15 0.5 38
1 410 2 -9 0.2 28
1 413 2 17 0.48 35
1 227 1 -9 0.42 36
1 416 1 -9 0.72 37
1 419 1 -9 0.34 31
1 332 1 -9 0.31 31
1 335 1 -9 0.39 34
1 338 1 -9 0.2 28
1 427 2 -9 0.5 29
1 483 1 13 0.47 35
1 795 2 -9 0.29 29
1 800 1 6 0.08 20
1 252 1 -9 0.12 24
1 253 1 -9 0.78 40
1 478 2 -9 0.24 28
1 479 1 -9 0.54 36
1 481 2 -9 0.6 40
1 482 1 -9 0.42 33
1 833 1 -9 0.6 40
1 837 1 -9 0.2 28
1 361 1 -9 0.46 37
1 853 1 -9 0.69 41
1 362 2 -9 0.25 31
1 308 1 -9 0.22 29
1 354 1 -9 0.62 35
1 354 2 -9 0.33 31
1 274 2 -9 0.18 28
1 276 1 -9 0.62 36
1 276 1 18 0.54 35
1 510 1 -9 0.58 36
1 562 1 -9 0.25 29
1 573 1 -9 0.29 31
1 453 1 10 0.5 35
1 500 2 -9 0.36 31
1 520 2 -9 0.42 35
1 523 2 -9 0.28 31
1 554 2 21 0.24 30
1 540 1 23 0.73 40
1 498 1 -9 0.24 29
1 629 1 -9 0.59 38
1 632 1 -9 0.43 35
1 568 2 18 0.3 31
1 570 2 -9 0.04 17
1 639 2 -9 0.32 31
1 943 2 -9 0.31 29
1 643 1 -9 0.35 33
1 648 1 -9 0.45 34
1 711 1 -9 0.85 42
1 713 1 15 0.44 35
1 880 1 -9 0.59 37
1 866 1 -9 0.44 35
1 938 1 8 0.38 31
1 921 1 -9 0.62 36
1 921 1 -9 0.38 32
1 923 2 -9 0.2 26
1 928 1 -9 0.73 38
1 929 1 -9 0.72 39
1 930 1 -9 0.4 33
1 920 1 -9 0.36 32
1 948 2 -9 0.1 22
1 1006 1 -9 0.91 42
1 1186 1 -9 0.64 37
1 908 1 15 0.54 36
1 915 2 -9 0.1 22
1 998 2 -9 0.3 31
1 1155 2 -9 0.39 31
1 1279 2 -9 0.26 26
1 1041 1 -9 0.22 27
1 1067 1 -9 0.59 36
1 1072 1 -9 0.26 29
1 1219 2 8 0.28 29
1 1142 1 -9 0.44 33
1 1144 1 -9 0.54 35
1 1222 2 -9 0.26 29
1 962 2 -9 0.19 25
1 1271 1 -9 0.28 30
1 1030 1 6 0.25 28
1 1034 1 -9 0.74 39
1 1284 1 6 0.21 25
1 1282 1 17 0.58 37
1 1183 2 -9 0.22 27
1 1183 1 8 0.47 36
1 1178 1 -9 0.55 35
1 1181 1 -9 0.43 33
1 1181 1 -9 0.57 37
1 1182 1 -9 0.33 31
1 1086 2 -9 0.19 26
1 1214 2 14 0.14 29
1 1091 1 -9 0.12 23
1 1218 1 -9 0.22 29
1 1095 2 -9 0.22 26
1 984 1 -9 0.23 27
1 1208 1 -9 0.2 29
1 1310 2 -9 0.24 28
1 1229 1 -9 0.35 32
1 1232 2 -9 0.41 32
1 1235 2 5 0.13 23
1 1351 2 -9 0.1 21
1 1084 2 -9 0.15 24
1 1322 1 11 0.47 33
1 1288 2 -9 0.32 30
1 1249 2 -9 0.27 29
1 1326 1 6 0.08 20
1 1361 2 -9 0.29 31
1 1363 2 -9 0.4 31
1 1254 2 15 0.4 32
1 1255 2 9 0.35 30
1 1261 2 -9 0.28 30
1 1330 2 -9 0.06 21
1 1302 1 8 0.3 31
1 1384 2 -9 0.34 31
1 1338 2 -9 0.06 17
1 815 1 -9 0.65 39
1 976 1 -9 0.48 33
1 13 1 -9 0.6 39
1 163 1 -9 0.32 31
1 1099 2 -9 0.14 24
1 107 1 11 0.45 36
1 575 2 -9 0.3 32
1 582 2 -9 0.06 18
1 181 2 -9 0.31 30
1 381 2 -9 0.25 27
1 1201 1 -9 0.61 36
1 467 1 -9 0.2 28
1 234 1 -9 0.47 34
1 418 1 -9 0.8 40
1 510 1 -9 0.52 36
1 534 1 -9 0.44 35
1 479 1 -9 0.42 34
1 299 1 -9 0.45 33
1 339 1 10 0.32 29
1 341 1 -9 0.48 36
1 1032 2 -9 0.33 31
1 808 1 12 0.31 33
1 202 1 -9 0.2 26
1 15 1 -9 0.4 34
1 44 1 -9 0.26 29
1 401 1 -9 0.21 28
1 1003 1 -9 0.76 38
1 136 2 10 0.27 30
1 160 1 -9 0.12 23
1 650 1 7 0.21 27
1 731 1 -9 0.3 30
1 257 2 -9 0.24 29
1 1344 2 -9 0.22 26
1 322 2 8 0.22 27
1 331 2 -9 0.24 29
1 384 1 -9 0.36 32
1 1236 1 -9 0.4 31
1 294 1 -9 0.5 25
1 501 2 -9 0.22 27
1 1128 1 10 0.69 37
1 386 1 -9 0.38 32
1 224 2 -9 0.53 37
1 226 1 16 0.47 35
1 91 1 -9 0.33 32
1 185 1 8 0.3 29
1 1004 1 8 0.65 37
1 1051 1 -9 0.52 35
1 453 1 -9 1.02 41
1 1394 2 -9 0.3 31
1 477 2 -9 0.39 34
1 654 2 -9 0.23 27
1 670 1 -9 0.56 39
1 677 1 -9 0.48 36
1 720 1 -9 0.19 27
1 28 2 -9 0.14 24
1 611 2 -9 0.2 28
1 1202 1 -9 0.38 32
1 424 1 -9 0.48 36
1 12 1 10 0.35 31
1 39 1 -9 0.22 28
1 473 1 -9 0.31 30
1 68 1 15 0.59 37
1 288 2 -9 0.24 29
1 315 2 -9 0.15 25
1 323 2 14 0.26 28
1 158 1 8 0.23 28
1 587 2 -9 0.39 33
1 499 1 -9 1.07 44
1 1003 1 -9 1.05 40
1 888 1 -9 0.27 30
1 972 2 9 0.49 37
1 537 2 -9 0.17 27
1 1283 1 -9 0.5 33
1 897 1 -9 0.65 38
1 360 2 -9 0.27 29
1 257 1 -9 0.52 37
1 277 1 -9 0.77 39
1 277 1 13 0.49 35
1 613 1 15 0.55 36
1 144 2 -9 0.3 28
1 186 1 -9 0.8 40
1 468 1 -9 0.52 35
1 470 1 -9 0.54 36
1 689 1 -9 0.59 37
1 337 1 -9 0.24 27
1 351 1 -9 0.52 37
1 1351 1 -9 0.15 24
1 572 1 -9 0.53 37
1 1352 1 -9 0.35 31
1 543 1 -9 0.57 36
1 1050 1 20 0.73 38
1 1355 2 -9 0.2 27
1 227 1 -9 0.22 28
1 202 1 11 0.48 34
1 460 2 -9 0.28 30
1 466 1 -9 0.59 37
1 679 1 -9 -9 26
1 1150 1 -9 0.47 36
1 1159 2 15 0.3 30
1 1191 1 8 0.28 29
1 295 1 -9 0.3 31
1 403 2 -9 0.37 32
1 1351 2 -9 0.12 22
1 606 1 18 0.77 40
1 101 1 -9 0.51 35
1 811 2 -9 0.26 31
1 996 1 -9 0.62 37
1 998 2 -9 0.24 28
1 1122 2 -9 0.35 30
1 513 1 -9 -9 34
1 657 1 -9 0.28 29
1 676 1 -9 0.38 33
1 1372 2 -9 0.2 27
1 45 1 -9 0.7 39
1 99 1 -9 0.18 27
1 965 1 -9 0.7 37
1 1029 1 18 0.45 35
1 531 1 13 0.58 37
1 609 1 -9 0.52 36
1 865 1 -9 -9 33
1 876 1 -9 0.45 33
1 117 1 -9 0.55 38
1 118 1 -9 0.22 28
1 188 1 -9 0.51 35
1 189 1 -9 0.56 35
1 191 2 -9 0.25 29
1 193 1 -9 0.39 34
1 519 1 -9 0.68 39
1 95 1 -9 0.23 29
1 136 1 -9 0.5 35
1 137 1 -9 0.58 38
1 141 1 -9 0.47 36
1 149 1 -9 0.54 36
1 71 1 -9 0.42 34
1 133 1 -9 0.57 36
1 143 1 -9 0.65 39
1 153 2 -9 0.28 29
1 126 1 -9 0.63 36
1 127 1 -9 0.19 25
1 128 1 -9 0.71 40
1 180 1 -9 0.31 30
1 181 2 16 0.29 30
1 181 1 -9 0.44 34
1 182 1 -9 0.37 32
1 35 1 -9 0.45 34
1 37 1 11 0.32 32
1 53 1 -9 0.29 33
1 54 2 -9 0.18 26
1 18 2 11 0.3 31
1 21 2 10 0.2 27
1 24 1 -9 0.45 34
1 42 1 -9 0.18 25
1 6 2 -9 0.28 31
1 7 1 -9 0.46 33
1 7 1 -9 0.6 36
1 85 1 -9 0.53 39
1 61 1 -9 0.18 27
1 368 1 -9 0.59 35
1 371 2 -9 0.28 30
1 372 1 -9 0.54 37
1 325 1 -9 0.39 34
1 381 1 -9 0.65 38
1 382 1 -9 0.51 37
1 388 1 -9 0.79 40
1 287 1 -9 0.56 37
1 107 1 -9 0.7 40
1 313 1 -9 0.41 34
1 316 1 17 0.63 36
1 317 1 -9 0.66 38
1 318 1 -9 0.68 37
1 322 1 20 0.72 39
1 322 1 -9 0.6 36
1 83 1 -9 0.37 33
1 104 2 -9 0.24 30
1 329 1 -9 0.37 32
1 738 2 -9 0.3 30
1 739 1 -9 0.54 37
1 406 1 -9 0.54 34
1 10 1 -9 0.4 33
1 11 2 -9 0.22 28
1 326 1 -9 0.47 34
1 327 2 -9 0.38 32
1 399 2 9 0.24 28
1 400 1 -9 0.77 41
1 66 1 -9 0.25 29
1 69 1 -9 0.39 36
1 461 1 -9 0.5 35
1 462 2 -9 0.22 27
1 469 2 -9 0.36 33
1 474 1 -9 0.92 41
1 455 2 -9 0.21 27
1 12 1 -9 0.5 35
1 15 1 19 0.56 36
1 17 2 -9 0.27 30
1 733 1 -9 0.43 36
1 661 1 19 0.54 36
1 668 2 9 0.22 27
1 239 1 -9 0.33 33
1 241 1 -9 0.6 37
1 584 1 -9 0.42 34
1 210 1 21 0.96 41
1 591 2 17 0.36 34
1 236 1 -9 0.6 38
1 237 1 -9 0.26 29
1 238 1 -9 0.49 35
1 683 1 20 0.75 42
1 683 1 -9 0.39 33
1 776 2 20 0.55 37
1 432 2 -9 0.34 31
1 432 1 10 0.46 35
1 599 1 10 0.33 31
1 830 2 -9 0.25 35
1 694 1 -9 0.09 21
1 771 2 -9 0.22 30
1 784 2 -9 0.56 36
1 245 1 -9 0.59 37
1 249 1 -9 0.48 34
1 251 1 -9 0.64 38
1 336 1 -9 0.56 39
1 226 2 -9 0.52 36
1 414 1 12 0.5 35
1 415 2 -9 0.32 30
1 418 1 -9 0.36 33
1 339 1 -9 0.18 26
1 422 2 -9 0.26 30
1 332 1 8 0.25 29
1 333 1 -9 0.42 34
1 334 1 13 0.34 36
1 295 2 -9 0.16 25
1 338 2 -9 0.12 24
1 299 2 10 0.19 28
1 536 1 -9 0.52 36
1 537 2 -9 0.28 31
1 538 2 -9 0.34 31
1 445 1 -9 0.6 38
1 285 1 11 0.24 29
1 423 2 -9 0.28 31
1 426 1 -9 0.58 37
1 788 1 -9 0.27 30
1 797 1 -9 0.42 37
1 800 1 -9 0.25 29
1 802 2 -9 0.26 29
1 253 2 -9 0.24 29
1 477 2 -9 0.31 31
1 480 2 -9 0.28 31
1 482 1 -9 0.62 38
1 489 2 -9 0.37 33
1 363 1 -9 0.39 33
1 254 1 -9 0.28 30
1 349 2 -9 0.2 26
1 350 1 -9 0.16 25
1 256 1 -9 0.25 29
1 257 1 -9 0.22 28
1 259 1 -9 0.39 33
1 260 2 -9 0.26 30
1 260 2 -9 0.23 30
1 263 1 -9 0.61 37
1 437 1 -9 0.34 34
1 353 2 -9 0.36 31
1 275 1 13 0.41 33
1 275 1 -9 0.6 39
1 510 1 17 0.62 38
1 522 2 -9 0.48 35
1 503 2 9 0.3 30
1 506 1 -9 0.39 36
1 508 1 -9 0.49 36
1 546 2 -9 0.04 18
1 552 2 -9 0.11 23
1 553 2 -9 0.21 28
1 305 1 -9 0.4 35
1 306 1 -9 0.23 29
1 496 1 -9 0.47 35
1 499 1 -9 0.45 36
1 452 1 5 0.18 26
1 628 1 6 0.08 20
1 631 2 -9 0.26 30
1 267 2 -9 0.34 32
1 273 2 -9 0.22 27
1 273 1 -9 0.56 37
1 557 1 15 0.51 38
1 619 1 -9 0.51 34
1 945 1 6 0.29 29
1 946 1 4 0.15 24
1 718 1 -9 0.05 18
1 651 1 -9 0.24 28
1 943 2 8 0.24 27
1 943 1 -9 0.43 32
1 647 1 -9 0.46 33
1 624 1 20 0.57 35
1 882 1 -9 0.2 29
1 926 2 -9 0.5 34
1 929 1 -9 0.94 43
1 917 1 -9 0.64 37
1 920 1 -9 0.78 41
1 920 1 -9 0.74 42
1 871 1 -9 0.55 38
1 953 1 -9 1.05 41
1 863 1 -9 0.78 39
1 1002 2 -9 0.24 27
1 906 1 -9 0.44 32
1 998 1 8 0.32 28
1 1154 2 21 0.3 29
1 1076 1 16 0.61 35
1 1014 2 -9 0.33 31
1 1017 2 -9 0.28 29
1 1053 1 9 0.33 38
1 1142 2 -9 0.31 30
1 1143 2 -9 0.34 31
1 962 1 -9 0.51 34
1 963 1 -9 0.18 25
1 1112 2 -9 0.26 29
1 1047 1 -9 0.48 34
1 1022 1 -9 0.54 36
1 1024 2 -9 0.43 32
1 1035 1 -9 0.64 38
1 1065 1 -9 0.37 31
1 1153 2 -9 0.3 25
1 1118 1 -9 0.57 38
1 1174 1 -9 0.72 39
1 1089 2 7 0.26 29
1 1096 2 -9 0.32 32
1 1147 2 -9 0.26 29
1 1195 2 -9 0.18 26
1 979 1 19 0.6 38
1 980 1 -9 0.15 24
1 1253 1 -9 0.38 32
1 1203 1 -9 0.71 38
1 1211 2 -9 0.26 29
1 1234 1 -9 0.53 36
1 1247 1 -9 0.6 33
1 1250 1 -9 0.52 33
1 1312 1 -9 0.6 38
1 1362 1 -9 0.43 34
1 1286 1 -9 0.32 29
1 1364 1 -9 0.15 23
1 1247 1 -9 0.44 33
1 1256 1 8 0.44 31
1 1259 1 -9 0.26 29
1 1315 1 18 0.54 37
1 1287 1 -9 0.62 35
1 1305 1 -9 0.48 34
1 1305 1 -9 0.4 31
1 1389 2 5 0.1 21
1 1341 2 -9 0.29 29
1 1009 1 -9 0.48 36
1 142 1 -9 0.6 37
1 59 2 8 0.21 28
1 98 1 -9 0.39 33
1 100 1 -9 0.43 34
1 1306 2 -9 0.26 30
1 318 1 -9 0.56 37
1 250 1 -9 0.51 35
1 926 1 -9 0.73 40
1 499 1 -9 0.23 29
1 18 2 -9 0.27 30
1 703 1 -9 0.69 38
1 463 2 -9 0.26 29
1 79 1 -9 0.42 33
1 723 2 -9 0.26 29
1 369 1 -9 0.47 35
1 383 1 -9 0.64 39
1 745 1 -9 0.72 40
1 920 1 -9 0.81 40
1 705 2 13 0.41 33
1 1345 1 -9 0.48 34
1 139 1 -9 0.28 30
1 375 1 -9 0.62 37
1 386 1 -9 0.37 33
1 293 2 -9 0.52 29
1 323 1 16 0.52 35
1 333 1 -9 0.36 32
1 1390 1 -9 0.66 39
1 132 2 9 0.2 28
1 212 2 -9 0.49 35
1 1175 2 16 0.4 32
1 733 1 -9 0.4 35
1 15 1 -9 0.56 37
1 200 2 -9 0.26 28
1 265 1 8 0.23 28
1 923 1 -9 0.54 37
1 81 1 -9 0.54 38
1 1283 2 8 0.33 31
1 374 1 -9 0.82 41
1 1164 2 -9 0.22 27
1 172 1 -9 0.37 34
1 1033 1 -9 0.72 39
1 1280 2 -9 0.05 19
1 483 2 -9 0.3 30
1 292 2 -9 0.3 32
1 758 2 -9 0.44 34
1 841 1 -9 0.73 38
1 1178 1 -9 0.55 38
1 353 1 -9 0.48 33
1 931 2 -9 0.58 35
1 916 2 -9 0.2 27
1 1188 1 -9 0.85 37
1 1134 1 -9 0.67 38
1 262 1 -9 0.46 35
1 1292 2 -9 0.29 30
1 1293 2 10 0.38 32
1 1283 1 -9 0.5 34
1 967 2 21 0.3 30
1 499 2 -9 0.2 27
1 879 1 -9 0.43 35
1 1387 2 -9 0.12 22
1 1392 1 -9 0.72 37
1 581 1 -9 0.6 37
1 714 1 -9 0.38 34
1 608 2 -9 0.35 32
1 1137 1 -9 0.58 35
1 129 1 -9 0.4 32
1 688 2 -9 0.17 26
1 565 1 -9 0.1 21
1 813 2 -9 0.2 29
1 22 1 -9 0.34 31
1 42 1 -9 0.44 33
1 355 2 -9 0.23 30
1 456 1 -9 0.43 32
1 918 1 -9 0.52 35
1 109 1 -9 0.16 25
1 131 2 9 0.15 25
1 138 1 -9 0.67 39
1 649 1 -9 0.5 35
1 1209 2 -9 0.26 29
1 241 1 -9 0.57 35
1 835 2 -9 0.4 33
1 295 2 -9 0.15 25
1 420 1 -9 0.58 36
1 246 1 -9 0.54 37
1 1145 2 -9 0.35 30
1 337 1 7 0.16 25
1 421 2 -9 0.28 29
1 263 1 -9 0.66 37
1 265 1 -9 0.78 41
1 266 1 -9 0.51 34
1 602 1 21 0.39 34
1 941 2 -9 0.18 26
1 674 1 -9 0.26 29
1 91 2 7 0.25 29
1 458 1 -9 0.29 30
1 713 1 -9 0.13 24
1 1241 2 -9 0.21 27
1 981 1 -9 0.4 32
1 1060 1 -9 0.49 35
1 1105 1 15 0.22 40
1 1202 2 -9 0.11 22
1 1074 2 8 0.19 28
1 177 2 -9 0.23 28
1 398 1 -9 0.25 29
1 965 1 -9 0.76 38
1 299 2 -9 0.17 28
1 315 1 -9 0.41 34
1 1140 1 -9 0.94 41
1 1323 2 -9 0.32 30
1 753 1 -9 0.62 37
1 336 1 6 0.16 26
1 353 1 16 0.65 37
1 1084 1 -9 0.27 29
1 385 1 -9 0.84 41
1 1253 2 -9 0.29 29
1 1110 1 9 0.4 32
1 487 1 -9 0.45 35
1 1106 2 -9 0.32 30
1 1024 1 -9 0.45 34
1 1166 2 -9 0.33 31
1 505 1 -9 0.35 32
1 127 2 17 0.35 30
1 961 2 -9 0.33 30
1 98 1 -9 0.71 39
1 1170 1 -9 0.72 38
1 1189 1 -9 0.32 30
1 978 1 -9 0.49 35
1 669 1 11 0.31 32
1 572 1 -9 0.29 31
1 27 1 18 0.46 33
1 608 2 -9 0.27 30
1 98 1 -9 0.57 36
1 100 1 7 0.22 28
1 101 1 -9 0.48 37
1 1 1 -9 -9 39
1 1 2 -9 -9 29
1 190 1 -9 0.51 34
1 191 1 -9 0.66 39
1 1013 1 -9 0.63 38
1 97 2 10 0.19 27
1 184 2 -9 0.31 30
1 185 1 -9 0.38 33
1 59 1 -9 0.4 34
1 141 1 19 0.6 37
1 144 1 -9 0.55 36
1 146 1 18 0.54 36
1 148 1 -9 0.63 36
1 163 2 -9 0.14 24
1 130 2 -9 0.34 31
1 130 1 -9 0.41 35
1 166 1 20 0.58 38
1 126 1 -9 0.75 39
1 126 1 -9 1.39 44
1 180 1 -9 0.59 37
1 198 1 12 0.55 36
1 200 2 -9 0.18 25
1 34 1 -9 0.5 35
1 36 1 -9 0.48 35
1 55 2 -9 0.09 21
1 18 2 -9 0.29 30
1 21 2 -9 0.26 30
1 24 1 -9 0.44 34
1 24 1 -9 0.25 28
1 26 1 -9 0.57 35
1 42 1 -9 0.59 36
1 85 1 -9 0.46 36
1 85 1 12 0.38 32
1 86 1 -9 0.63 39
1 87 1 -9 0.92 42
1 62 2 -9 0.19 26
1 367 1 -9 0.44 34
1 371 2 -9 0.34 31
1 374 2 -9 0.26 31
1 76 1 -9 0.36 33
1 82 1 19 0.53 36
1 83 1 -9 0.48 35
1 380 1 -9 0.51 36
1 382 1 -9 0.48 36
1 385 1 -9 0.45 35
1 386 1 -9 0.34 31
1 387 1 -9 0.72 39
1 287 2 12 0.24 31
1 366 1 -9 0.6 38
1 321 1 18 0.58 36
1 323 1 -9 0.38 34
1 84 1 -9 0.33 31
1 103 1 -9 0.42 34
1 103 2 -9 0.23 28
1 289 1 -9 0.68 38
1 581 2 -9 0.22 28
1 49 1 -9 0.42 34
1 8 2 -9 0.34 32
1 8 2 -9 0.24 29
1 399 2 -9 0.23 28
1 459 1 7 0.17 29
1 473 1 -9 0.21 27
1 456 1 15 0.5 35
1 394 1 18 0.64 38
1 746 2 11 0.46 34
1 13 1 -9 0.46 37
1 93 2 -9 0.15 25
1 14 1 -9 0.95 40
1 810 2 22 0.2 30
1 733 1 -9 0.68 41
1 816 1 11 0.44 35
1 661 2 -9 0.24 30
1 750 1 -9 0.67 37
1 821 1 -9 0.5 37
1 824 1 -9 0.52 36
1 239 1 -9 0.2 27
1 240 1 -9 0.6 37
1 290 2 -9 0.29 31
1 583 1 -9 0.46 35
1 789 1 16 0.35 34
1 790 1 -9 0.49 36
1 528 2 -9 0.24 28
1 236 2 -9 0.18 27
1 703 1 -9 0.65 35
1 432 2 -9 0.24 30
1 599 1 -9 0.43 33
1 831 2 -9 0.23 24
1 772 2 -9 0.42 34
1 765 1 6 0.14 24
1 783 1 10 0.36 32
1 245 1 -9 0.41 34
1 249 1 -9 0.38 35
1 252 1 -9 0.46 34
1 701 1 -9 0.69 37
1 420 1 15 1.06 43
1 411 1 -9 0.6 37
1 228 1 -9 0.5 36
1 229 2 -9 0.23 30
1 340 1 15 0.36 34
1 419 2 -9 0.24 29
1 419 1 7 0.2 27
1 292 1 10 0.5 34
1 335 1 -9 0.7 38
1 335 2 -9 0.17 26
1 341 1 12 0.54 36
1 300 1 -9 0.72 38
1 532 1 20 0.45 36
1 285 1 10 0.4 32
1 809 1 -9 0.52 38
1 485 2 -9 0.14 25
1 487 2 -9 0.25 29
1 798 2 -9 0.26 29
1 801 2 -9 0.11 23
1 804 1 -9 0.37 31
1 492 2 8 0.24 28
1 253 1 -9 0.19 27
1 476 1 -9 0.42 34
1 479 1 19 0.52 34
1 359 1 -9 0.24 28
1 850 2 -9 0.3 31
1 363 1 -9 0.3 30
1 348 2 21 0.26 31
1 351 1 -9 0.26 30
1 260 2 -9 0.17 27
1 266 1 -9 0.42 32
1 355 1 -9 0.38 33
1 354 1 -9 0.42 32
1 636 1 -9 0.57 38
1 500 1 12 0.48 35
1 500 2 -9 0.22 29
1 504 1 -9 0.54 37
1 506 1 -9 0.69 38
1 513 2 -9 -9 26
1 497 2 -9 0.3 30
1 497 2 8 0.23 27
1 498 1 -9 0.24 28
1 280 1 9 0.46 33
1 451 1 -9 0.4 34
1 271 1 -9 0.5 36
1 715 1 -9 0.56 38
1 946 1 -9 0.77 38
1 638 1 -9 0.58 37
1 714 2 -9 0.13 24
1 878 1 -9 0.41 35
1 893 1 -9 0.38 32
1 881 1 -9 0.54 37
1 940 2 7 0.13 23
1 928 1 -9 0.53 35
1 872 1 -9 0.61 38
1 1185 1 -9 0.78 39
1 1000 1 -9 0.06 18
1 1004 2 -9 0.54 36
1 1004 2 -9 0.47 35
1 1264 2 -9 0.41 32
1 1236 1 -9 0.7 36
1 1167 2 -9 0.18 26
1 904 2 -9 0.32 30
1 908 1 -9 0.78 40
1 895 1 -9 0.5 36
1 994 1 -9 0.53 36
1 995 1 -9 0.58 38
1 996 1 -9 0.44 33
1 1276 1 7 0.32 30
1 1281 1 -9 0.67 48
1 1071 1 -9 0.49 36
1 1221 2 -9 0.2 26
1 962 2 -9 0.15 22
1 1267 2 -9 0.32 30
1 1024 1 9 0.49 32
1 1057 1 18 0.29 30
1 1037 1 -9 0.37 33
1 1283 1 -9 0.17 24
1 1285 2 22 0.38 31
1 1008 1 -9 0.57 38
1 1115 1 -9 0.34 31
1 1117 2 -9 0.38 32
1 1132 1 -9 0.56 38
1 1133 2 -9 0.76 39
1 1178 2 -9 0.4 31
1 1092 1 -9 0.32 30
1 1148 2 -9 0.22 30
1 1162 2 -9 0.4 30
1 1085 1 -9 0.22 26
1 975 1 -9 0.35 33
1 978 2 -9 0.16 25
1 1252 2 -9 0.29 30
1 1238 1 -9 0.66 38
1 1203 1 -9 0.09 20
1 1353 2 -9 0.22 27
1 1318 1 -9 0.34 32
1 1289 2 -9 0.17 23
1 1248 2 -9 0.26 29
1 1240 1 -9 0.35 32
1 1365 1 -9 0.09 21
1 1260 2 -9 0.34 31
1 974 2 -9 0.3 31
1 1349 1 12 0.66 37
1 1305 1 5 0.25 29
1 1375 2 -9 0.09 20
1 1334 1 -9 0.45 34
1 176 1 -9 0.32 31
1 1016 2 -9 0.28 29
1 13 1 -9 0.4 33
1 14 1 -9 0.58 38
1 155 2 -9 0.17 25
1 1104 1 -9 0.36 33
1 722 1 -9 0.52 37
1 1294 1 -9 0.46 32
1 32 1 -9 0.27 29
1 1314 2 -9 0.16 22
1 489 2 -9 0.32 32
1 278 2 -9 0.28 29
1 455 2 -9 0.23 28
1 467 1 -9 0.74 38
1 59 1 -9 0.19 27
1 1143 2 -9 0.3 30
1 423 2 -9 0.54 36
1 503 1 -9 0.54 35
1 438 1 19 0.52 39
1 1241 1 -9 0.26 27
1 567 1 -9 0.33 32
1 709 1 -9 0.68 39
1 366 1 -9 0.77 41
1 978 1 -9 0.63 36
1 185 1 -9 0.68 38
1 205 2 -9 0.37 32
1 1339 1 -9 0.16 24
1 874 1 -9 0.45 36
1 907 1 -9 0.77 41
1 343 1 -9 0.38 33
1 902 1 -9 0.55 39
1 315 1 -9 0.45 35
1 239 2 -9 0.22 27
1 1359 2 -9 0.35 31
1 143 2 -9 0.37 35
1 769 1 -9 0.63 39
1 258 2 -9 0.25 29
1 80 2 -9 0.78 40
1 363 1 -9 0.24 28
1 1231 2 -9 0.15 24
1 64 2 -9 0.27 29
1 640 2 -9 0.54 35
1 1006 1 -9 0.68 40
1 1274 1 -9 0.22 27
1 805 2 -9 0.21 28
1 1333 1 -9 0.44 33
1 1342 2 -9 0.2 27
1 351 1 -9 0.35 32
1 408 1 -9 0.56 35
1 442 1 -9 0.28 30
1 154 1 -9 0.54 33
1 218 1 -9 0.52 37
1 1348 2 -9 0.35 30
1 184 1 -9 0.3 31
1 840 1 -9 0.34 32
1 535 1 12 0.51 34
1 573 1 -9 0.5 36
1 465 1 -9 0.33 32
1 680 1 17 0.52 36
1 488 2 -9 0.35 33
1 118 1 9 0.43 33
1 714 1 20 0.44 36
1 719 2 8 0.21 28
1 11 1 -9 0.54 36
1 34 2 -9 0.28 30
1 656 2 -9 0.22 27
1 837 2 -9 0.26 29
1 868 1 21 0.64 38
1 46 1 -9 0.45 36
1 54 1 -9 0.5 35
1 57 2 -9 0.28 31
1 116 1 23 0.62 39
1 1192 2 -9 0.29 28
1 144 2 -9 0.43 34
1 990 2 -9 0.16 25
1 550 2 -9 0.17 25
1 1343 2 -9 0.43 31
1 313 1 -9 0.45 33
1 1088 2 7 0.22 28
1 933 2 -9 0.06 17
1 199 1 -9 0.38 33
1 202 1 -9 0.51 34
1 1239 1 13 0.76 38
1 424 1 -9 0.58 36
1 721 1 18 0.48 36
1 594 1 -9 0.52 38
1 1227 2 -9 0.26 28
1 68 1 -9 0.16 26
1 480 1 -9 0.42 32
1 247 1 -9 0.52 37
1 1180 1 -9 0.47 33
1 1266 2 -9 0.25 27
1 502 2 -9 0.29 29
1 100 2 -9 0.19 27
1 152 1 -9 0.56 38
1 686 2 -9 0.36 37
1 545 2 -9 0.27 31
1 1018 1 -9 0.34 30
1 1094 1 -9 0.52 34
1 1360 1 -9 0.64 38
1 291 1 -9 0.62 38
1 301 2 -9 0.17 25
1 1265 2 -9 0.32 30
1 256 1 -9 0.59 38
1 280 1 -9 0.58 35
1 731 1 -9 0.34 31
1 764 1 -9 0.5 36
1 856 1 -9 0.66 40
1 946 1 -9 0.15 23
1 358 1 18 1.06 44
1 97 1 -9 0.5 34
1 298 1 -9 0.36 33
1 879 1 -9 0.63 38
1 986 2 -9 0.31 29
1 174 1 -9 0.51 36
1 16 2 -9 0.26 32
1 1126 1 -9 0.85 44
1 1020 2 -9 0.4 33
1 506 1 -9 0.43 36
1 1246 1 -9 0.84 40
1 527 1 -9 0.25 29
1 48 2 21 0.32 32
1 775 2 -9 0.17 25
1 186 1 -9 0.3 30
1 188 1 -9 0.45 36
1 189 1 -9 0.38 31
1 190 1 -9 0.67 35
1 196 1 10 0.33 31
1 95 1 -9 0.46 33
1 97 1 -9 0.49 35
1 184 2 -9 0.2 26
1 925 1 -9 0.54 36
1 135 2 -9 0.37 33
1 135 2 14 0.5 35
1 136 1 13 0.58 38
1 137 1 -9 0.62 39
1 138 1 -9 0.63 39
1 140 1 -9 0.45 35
1 145 1 -9 0.46 33
1 147 1 9 0.28 38
1 148 1 -9 0.41 33
1 149 1 12 0.46 35
1 73 1 -9 0.38 33
1 160 2 -9 0.2 26
1 121 1 -9 0.61 37
1 122 2 -9 0.59 37
1 122 2 8 0.18 27
1 122 1 -9 0.62 37
1 135 2 -9 0.41 32
1 141 1 -9 0.62 37
1 153 1 7 0.16 26
1 182 1 -9 0.51 35
1 182 1 -9 0.83 41
1 207 2 -9 0.21 28
1 208 1 -9 0.89 44
1 33 2 -9 0.48 37
1 34 1 16 0.6 37
1 36 2 -9 0.26 30
1 36 2 9 0.2 27
1 52 1 9 0.2 27
1 38 1 -9 0.44 34
1 19 1 -9 0.34 32
1 24 1 -9 0.52 35
1 27 1 -9 0.62 37
1 44 1 -9 0.44 34
1 29 2 -9 0.5 36
1 6 1 -9 0.78 40
1 6 1 -9 0.74 42
1 47 2 -9 0.23 27
1 51 2 10 0.27 29
1 84 2 -9 0.23 27
1 57 1 -9 0.4 33
1 60 1 -9 0.29 29
1 61 1 -9 0.4 34
1 368 1 -9 0.63 38
1 373 1 -9 0.33 31
1 374 1 21 0.68 40
1 110 1 -9 0.16 25
1 107 2 -9 0.18 27
1 366 1 -9 0.55 37
1 319 1 -9 0.45 33
1 320 1 20 0.54 36
1 322 1 -9 0.17 39
1 102 1 -9 0.68 41
1 105 1 -9 0.33 32
1 329 1 16 0.62 37
1 75 1 -9 0.63 36
1 740 2 -9 0.58 37
1 742 2 -9 0.33 33
1 326 1 7 0.18 26
1 328 1 -9 0.27 33
1 394 1 -9 0.4 32
1 396 1 -9 0.24 29
1 399 2 -9 0.23 29
1 65 2 -9 0.19 27
1 68 1 -9 0.34 32
1 459 1 -9 0.35 31
1 462 1 -9 0.26 29
1 465 1 -9 0.35 33
1 467 2 -9 0.26 30
1 845 1 -9 0.1 21
1 846 1 -9 0.28 29
1 469 1 -9 0.4 34
1 63 2 -9 0.15 26
1 64 1 -9 0.37 31
1 458 2 -9 0.24 29
1 15 1 22 0.58 37
1 16 1 -9 0.3 32
1 16 1 -9 0.64 37
1 94 1 -9 0.36 32
1 94 1 -9 0.62 39
1 811 1 6 0.1 22
1 725 1 -9 1.13 45
1 661 1 -9 0.18 26
1 665 2 -9 0.24 29
1 825 1 -9 0.48 36
1 756 1 -9 0.43 34
1 240 1 -9 0.65 39
1 240 1 -9 0.41 34
1 242 2 -9 0.24 29
1 242 1 -9 0.46 35
1 244 1 -9 0.42 34
1 213 1 -9 0.33 31
1 291 2 -9 0.3 30
1 586 2 -9 0.38 31
1 588 2 -9 0.22 27
1 589 1 -9 0.42 38
1 92 2 13 0.16 26
1 706 1 -9 0.34 31
1 225 1 -9 0.62 37
1 601 1 -9 0.43 34
1 603 1 6 0.11 22
1 302 1 -9 0.57 38
1 302 2 9 0.21 28
1 764 1 -9 0.58 37
1 779 2 14 0.22 28
1 779 1 -9 0.28 31
1 780 2 -9 0.1 32
1 785 2 -9 0.31 26
1 245 1 -9 0.93 39
1 247 1 -9 0.61 36
1 248 1 -9 0.68 38
1 249 1 -9 0.36 33
1 698 1 -9 0.59 39
1 699 1 -9 0.51 37
1 700 1 -9 0.26 32
1 336 1 -9 0.58 35
1 229 2 -9 0.24 29
1 418 1 -9 0.22 27
1 842 2 -9 0.4 33
1 340 1 -9 0.42 34
1 614 1 -9 0.63 38
1 340 1 -9 0.38 32
1 341 1 18 0.44 35
1 300 1 -9 0.22 28
1 293 1 -9 0.28 31
1 281 2 -9 0.24 30
1 838 2 -9 0.44 34
1 448 1 -9 0.81 39
1 425 1 -9 0.3 30
1 486 1 -9 0.56 37
1 800 1 -9 0.51 36
1 491 2 -9 0.24 30
1 803 2 -9 0.35 32
1 804 1 -9 0.45 34
1 477 2 8 0.31 30
1 481 1 -9 0.62 37
1 481 1 -9 0.46 35
1 488 2 -9 0.45 36
1 488 2 -9 0.5 37
1 836 1 -9 0.45 38
1 490 2 -9 0.3 31
1 356 2 -9 0.28 29
1 357 2 8 0.28 29
1 357 1 -9 0.5 37
1 362 2 -9 0.37 33
1 852 2 -9 0.4 33
1 310 1 -9 0.36 33
1 311 1 -9 0.18 26
1 263 1 13 0.61 37
1 264 2 -9 0.64 39
1 264 2 -9 0.26 30
1 265 1 -9 0.61 37
1 286 1 -9 0.4 34
1 345 1 -9 0.17 25
1 354 2 14 0.25 30
1 276 1 -9 0.48 34
1 277 2 -9 0.25 27
1 558 1 -9 0.54 36
1 501 2 -9 0.32 28
1 502 1 17 0.45 33
1 521 2 -9 0.41 33
1 451 1 -9 0.56 35
1 272 2 -9 0.22 28
1 272 1 -9 0.38 32
1 617 2 -9 0.14 24
1 945 1 -9 0.35 30
1 943 1 -9 0.36 31
1 644 1 -9 0.34 32
1 645 1 -9 0.62 36
1 646 1 -9 0.89 40
1 890 2 -9 0.38 32
1 894 1 -9 0.73 39
1 899 2 -9 0.35 32
1 882 1 -9 0.21 27
1 926 1 -9 0.55 36
1 930 1 -9 0.72 40
1 932 2 -9 0.23 28
1 950 2 -9 0.35 30
1 951 1 -9 0.32 29
1 1001 2 -9 0.15 23
1 1005 1 -9 0.76 41
1 1005 2 -9 0.42 34
1 1263 2 -9 0.44 31
1 1236 1 -9 0.5 30
1 1168 1 20 0.8 40
1 905 1 -9 0.52 31
1 907 1 -9 0.38 33
1 907 1 -9 0.55 36
1 1075 2 9 0.4 32
1 1157 2 -9 0.25 28
1 1228 1 -9 0.23 29
1 1070 1 -9 0.58 37
1 963 1 -9 0.26 28
1 1023 2 -9 0.36 30
1 1054 2 -9 0.32 32
1 1160 2 9 0.4 31
1 1226 2 -9 0.3 30
1 1227 2 -9 0.16 25
1 1038 2 -9 0.3 30
1 1123 2 12 0.23 28
1 1132 1 -9 0.52 35
1 1097 2 -9 0.13 24
1 1101 1 -9 0.21 27
1 1151 1 -9 0.56 37
1 1199 1 -9 0.07 19
1 1102 2 9 0.3 30
1 1103 1 -9 0.18 26
1 1085 1 -9 0.49 34
1 1213 1 -9 0.22 27
1 1358 1 -9 0.31 30
1 1202 1 -9 0.36 32
1 1308 2 -9 0.19 26
1 1354 2 -9 0.26 28
1 1084 1 -9 0.42 33
1 1320 1 -9 0.62 39
1 1311 2 -9 0.24 28
1 1240 1 10 0.65 37
1 1367 1 -9 0.11 22
1 1369 1 -9 0.23 27
1 969 2 -9 0.4 33
1 1316 1 -9 0.26 29
1 1300 2 -9 0.28 29
1 1346 2 7 0.2 25
1 1386 1 -9 0.38 32
1 1395 1 -9 0.68 37
1 1336 1 -9 0.29 31
1 1337 2 -9 0.31 29
1 1294 2 -9 0.38 31
1 1297 2 -9 0.38 32
1 812 1 -9 0.33 32
1 1131 1 -9 0.86 40
1 658 1 -9 0.24 27
1 849 1 -9 0.42 35
1 150 2 -9 0.22 29
1 9 1 -9 0.36 33
1 904 2 -9 0.41 35
1 909 2 -9 0.25 29
1 572 2 -9 0.19 26
1 281 1 9 0.34 32
1 485 1 -9 0.44 35
1 27 1 -9 0.44 34
1 68 1 -9 0.42 35
1 573 2 -9 0.21 28
1 381 1 -9 0.17 25
1 735 1 -9 0.41 34
1 187 1 21 0.62 38
1 441 2 -9 0.28 32
1 192 1 14 0.7 38
1 211 2 20 0.25 29
1 252 1 -9 0.64 37
1 274 1 10 0.28 30
1 279 1 -9 0.42 34
1 2 1 -9 0.18 27
1 58 1 18 0.68 37
1 164 2 -9 0.3 29
1 168 2 -9 0.67 41
1 1201 1 -9 0.49 34
1 884 1 -9 0.46 33
1 402 2 -9 0.33 31
1 299 1 -9 0.41 34
1 1373 1 -9 0.12 22
1 256 1 -9 0.26 28
1 266 1 -9 0.64 38
1 981 2 -9 0.28 27
1 132 1 -9 0.54 36
1 153 2 -9 0.21 29
1 164 2 -9 0.26 29
1 198 1 -9 0.65 38
1 1206 1 -9 0.56 36
1 755 1 17 0.63 39
1 1161 2 -9 0.4 31
1 250 1 -9 0.48 35
1 795 2 -9 0.27 29
1 72 1 15 0.43 34
1 1161 2 -9 0.33 31
1 327 1 10 0.24 29
1 480 1 -9 0.58 37
1 482 1 -9 0.42 35
1 505 1 16 0.54 36
1 804 1 -9 0.39 32
1 625 2 -9 0.55 38
1 235 1 -9 0.25 29
1 83 1 7 0.38 33
1 89 1 -9 0.32 31
1 290 2 -9 0.27 29
1 293 2 -9 0.27 29
1 333 2 14 0.22 29
1 479 1 -9 0.88 42
1 1246 1 -9 0.85 39
1 960 2 -9 0.18 26
1 10 1 7 0.23 28
1 18 1 -9 0.32 30
1 43 1 10 0.34 31
1 71 1 18 0.94 41
1 96 1 -9 0.67 37
1 778 2 18 0.62 37
1 501 1 21 0.52 42
1 1045 2 -9 0.31 31
1 465 2 10 0.22 29
1 465 1 -9 0.23 29
1 478 1 -9 0.9 40
1 666 2 -9 0.23 29
1 637 1 17 0.56 37
1 425 2 14 0.26 29
1 159 1 -9 0.32 31
1 17 1 -9 0.41 34
1 45 1 11 0.48 35
1 60 1 -9 0.36 32
1 635 1 -9 0.62 39
1 962 2 -9 0.17 23
1 867 1 -9 0.48 36
1 103 2 10 0.21 26
1 667 2 -9 0.28 32
1 40 1 -9 0.34 30
1 63 1 -9 0.21 27
1 193 1 8 0.37 33
1 207 1 9 0.21 27
1 145 1 12 0.41 33
1 271 1 10 0.52 35
1 539 1 -9 0.88 41
1 879 1 -9 0.41 34
1 457 1 -9 0.62 40
1 324 1 -9 0.57 38
1 236 2 -9 0.33 31
1 265 1 -9 0.33 31
1 275 1 -9 0.44 34
1 426 2 -9 0.24 26
1 484 2 -9 0.23 27
1 289 1 -9 0.7 29
1 548 1 17 0.78 40
1 203 1 12 0.47 34
1 1240 1 -9 0.71 37
1 999 2 -9 0.33 31
1 764 1 -9 0.04 18
1 914 1 -9 0.4 31
1 94 2 9 0.25 29
1 94 1 -9 0.47 34
1 99 2 -9 0.13 24
1 344 1 7 0.12 24
1 373 1 -9 0.48 34
1 690 1 -9 0.59 37
1 121 1 -9 0.5 36
1 133 2 -9 0.14 25
1 452 2 -9 0.2 29
1 439 2 -9 0.2 28
1 590 1 8 0.24 29
1 962 2 -9 0.22 26
1 1319 1 13 0.46 34
1 483 1 -9 0.53 35
1 64 2 -9 0.22 27
1 684 2 -9 0.29 30
1 704 1 -9 0.38 33
1 763 1 -9 0.48 37
1 908 1 -9 0.82 40
1 100 1 -9 0.3 29
1 838 2 18 0.58 38
1 477 1 -9 0.82 40
1 1035 2 -9 0.26 29
1 121 2 -9 0.37 32
1 160 2 -9 0.18 26
1 3 2 -9 0.1 21
1 732 1 -9 0.24 29
1 733 2 17 0.2 30
1 599 1 -9 0.32 30
1 967 1 -9 0.2 25
1 820 1 -9 0.49 35
1 148 1 -9 0.47 34
1 51 2 -9 0.18 28
1 596 1 20 0.57 38
1 721 1 -9 0.08 22
1 775 1 -9 0.14 24
1 99 1 -9 0.58 38
1 1 1 -9 -9 35
1 191 1 10 0.41 34
1 195 1 10 0.45 34
1 195 2 -9 0.27 29
1 196 2 -9 0.28 29
1 124 2 -9 0.17 26
1 183 2 -9 0.18 26
1 138 2 -9 0.41 34
1 146 1 -9 0.64 37
1 151 1 17 0.59 37
1 151 1 -9 0.28 30
1 123 2 -9 0.58 38
1 123 1 -9 0.64 38
1 132 1 -9 0.49 36
1 133 2 -9 0.29 30
1 165 1 -9 0.33 32
1 167 1 -9 0.18 26
1 128 2 -9 0.56 28
1 181 1 -9 0.28 30
1 197 1 -9 0.38 36
1 201 1 11 0.67 38
1 202 1 -9 0.38 33
1 206 2 -9 0.3 30
1 208 1 -9 0.45 35
1 34 1 -9 0.52 35
1 36 1 -9 0.32 32
1 51 1 -9 0.26 30
1 53 1 -9 0.16 25
1 209 1 -9 0.28 30
1 19 1 15 0.57 39
1 26 1 -9 0.6 37
1 41 1 -9 0.38 32
1 41 1 -9 0.5 34
1 5 2 -9 0.28 30
1 45 2 -9 0.2 28
1 50 1 -9 0.16 26
1 85 1 -9 0.47 36
1 56 2 -9 0.2 28
1 61 1 -9 0.49 35
1 368 1 -9 0.35 32
1 372 2 -9 0.26 28
1 373 1 -9 0.26 29
1 77 1 -9 0.47 36
1 113 2 -9 0.33 32
1 111 2 9 0.26 29
1 384 1 11 0.73 37
1 30 1 -9 0.54 37
1 312 1 -9 0.76 39
1 313 1 -9 0.61 38
1 314 2 -9 0.24 29
1 314 2 -9 0.26 30
1 317 1 16 0.61 37
1 317 1 -9 0.33 33
1 102 1 18 0.6 37
1 83 1 -9 0.53 35
1 84 1 16 0.69 39
1 289 1 -9 0.7 37
1 579 1 -9 0.4 35
1 580 1 -9 0.26 30
1 404 1 -9 0.61 38
1 405 1 -9 0.61 38
1 10 2 -9 0.24 29
1 90 1 -9 0.42 34
1 398 1 -9 0.23 29
1 401 1 -9 0.42 34
1 462 1 -9 0.22 28
1 464 1 -9 0.62 37
1 466 2 -9 0.31 30
1 469 1 -9 0.6 35
1 455 1 -9 0.44 35
1 62 2 -9 0.26 29
1 744 1 -9 0.66 38
1 13 2 10 0.28 29
1 17 2 17 0.34 33
1 577 1 -9 0.66 39
1 726 1 -9 0.75 40
1 661 1 -9 0.46 35
1 747 1 -9 0.56 36
1 664 2 -9 0.2 27
1 666 1 -9 0.34 32
1 652 1 -9 0.18 26
1 325 1 18 0.7 39
1 326 1 -9 0.68 37
1 752 1 -9 0.79 40
1 241 2 -9 0.35 31
1 291 1 9 0.38 32
1 595 1 10 0.35 32
1 791 1 -9 0.53 36
1 792 2 -9 0.27 29
1 793 2 15 0.23 29
1 529 1 -9 0.3 30
1 234 1 -9 0.64 39
1 680 1 -9 0.42 34
1 235 1 -9 0.29 31
1 685 1 -9 0.88 43
1 692 1 -9 0.74 39
1 433 1 -9 0.48 36
1 216 1 -9 0.06 19
1 222 1 -9 0.4 35
1 248 1 -9 0.89 38
1 250 1 -9 0.67 39
1 251 1 -9 0.25 30
1 421 1 -9 0.78 39
1 673 1 -9 0.56 38
1 228 1 -9 0.34 32
1 339 1 -9 0.48 35
1 332 1 -9 0.42 34
1 294 1 -9 0.21 28
1 294 2 -9 0.25 30
1 342 1 -9 0.56 37
1 296 1 -9 0.92 42
1 533 1 -9 0.48 36
1 282 1 -9 0.36 31
1 283 1 13 0.46 33
1 444 1 -9 0.33 31
1 426 1 -9 0.64 38
1 787 1 -9 0.39 33
1 486 1 -9 0.64 38
1 487 2 -9 0.42 35
1 800 1 -9 0.04 16
1 806 1 -9 0.37 34
1 252 2 -9 0.25 28
1 475 1 -9 0.28 29
1 483 1 -9 0.66 38
1 490 2 -9 0.22 27
1 837 1 -9 0.42 34
1 358 2 -9 0.28 30
1 359 1 -9 0.55 39
1 851 2 13 0.28 30
1 363 1 -9 0.43 32
1 255 1 -9 0.25 28
1 263 2 -9 0.45 35
1 264 2 -9 0.26 29
1 264 1 16 0.5 34
1 435 2 -9 0.14 25
1 438 2 -9 0.12 23
1 275 2 -9 0.37 32
1 515 2 -9 0.14 29
1 501 2 -9 0.26 25
1 503 1 -9 0.7 38
1 540 1 -9 0.92 43
1 497 1 -9 0.46 33
1 279 1 -9 0.72 38
1 451 2 -9 0.27 29
1 509 2 -9 0.35 32
1 633 1 -9 0.43 34
1 639 1 -9 0.17 26
1 710 2 17 0.43 35
1 879 2 -9 0.22 29
1 886 1 -9 0.36 31
1 927 1 -9 0.43 34
1 928 2 -9 0.35 31
1 929 1 -9 0.91 42
1 957 1 -9 0.89 41
1 959 2 -9 0.17 25
1 949 2 -9 0.25 27
1 954 2 -9 0.74 38
1 861 2 -9 0.26 30
1 1003 1 18 0.66 39
1 1005 1 -9 0.74 41
1 1262 2 21 0.31 30
1 1236 1 -9 0.5 35
1 1237 1 -9 0.3 32
1 1268 1 -9 0.32 30
1 995 1 -9 0.61 37
1 996 1 -9 0.58 37
1 1044 1 -9 0.79 40
1 1019 2 -9 0.25 28
1 1052 1 -9 0.9 41
1 1073 1 -9 0.29 30
1 1143 1 -9 0.98 44
1 1061 1 18 0.62 36
1 1138 1 -9 0.57 35
1 965 2 -9 0.15 24
1 1108 1 -9 0.28 28
1 1272 1 -9 0.52 34
1 1273 1 -9 0.69 38
1 967 2 -9 0.06 18
1 1270 1 -9 0.95 42
1 1026 2 -9 0.21 26
1 1062 1 -9 0.36 31
1 1161 2 10 0.37 31
1 1036 1 -9 0.36 31
1 1125 1 -9 0.7 37
1 1129 2 -9 0.46 34
1 1173 1 -9 0.64 38
1 1178 2 -9 0.38 33
1 1146 2 -9 0.34 30
1 989 1 -9 0.5 31
1 1149 1 -9 0.16 25
1 1152 1 -9 0.53 36
1 1078 1 -9 0.29 29
1 1080 1 -9 0.62 35
1 977 1 9 0.29 31
1 981 1 9 0.36 32
1 1205 1 10 0.38 32
1 1321 2 -9 0.24 27
1 1371 2 6 0.28 30
1 1258 2 -9 0.1 21
1 1349 2 -9 0.66 29
1 1307 1 -9 0.24 28
1 1347 1 -9 0.7 36
1 504 1 -9 0.38 32
1 507 1 -9 0.38 33
1 1156 2 -9 0.37 31
1 147 1 -9 0.31 31
1 759 1 -9 0.68 38
1 473 1 9 0.36 33
1 426 1 -9 0.6 36
1 231 2 -9 0.27 30
1 498 2 -9 0.32 31
1 512 1 17 0.52 36
1 544 1 -9 0.57 38
1 795 2 -9 0.39 33
1 57 2 -9 0.22 29
1 337 1 -9 0.29 29
1 922 1 -9 0.78 38
1 987 1 8 0.68 30
1 996 1 -9 0.93 40
1 1048 2 -9 0.34 31
1 184 1 -9 0.41 34
1 121 2 -9 0.4 33
1 421 1 -9 0.88 40
1 201 1 -9 0.42 33
1 220 1 -9 0.17 25
1 226 2 -9 0.33 32
1 937 1 -9 0.62 38
1 163 1 -9 0.19 27
1 870 2 -9 0.19 28
1 91 1 -9 0.3 31
1 1376 1 -9 0.42 34
1 197 1 -9 0.22 28
1 200 2 -9 0.2 27
1 732 1 -9 0.34 33
1 1201 2 8 0.26 27
1 187 1 -9 0.57 35
1 383 1 -9 0.49 36
1 1116 1 -9 0.37 30
1 1190 1 -9 0.34 29
1 1226 1 -9 0.29 29
1 1015 2 -9 0.31 29
1 1069 1 8 0.23 29
1 1075 1 -9 0.32 32
1 756 1 -9 0.67 37
1 617 1 -9 0.64 39
1 927 1 -9 0.95 43
1 145 2 -9 0.26 29
1 241 1 -9 0.6 37
1 259 1 -9 0.29 28
1 90 1 -9 0.71 40
1 302 1 -9 0.41 34
1 1246 2 -9 0.44 33
1 198 1 -9 0.18 27
1 978 2 -9 0.15 24
1 486 2 -9 0.22 29
1 1275 2 -9 0.08 19
1 1278 1 -9 0.11 20
1 1011 1 -9 0.56 36
1 537 1 -9 0.38 32
1 963 2 -9 0.28 28
1 1196 1 -9 0.23 27
1 779 1 -9 0.52 36
1 19 2 -9 0.27 29
1 39 1 -9 0.46 33
1 347 1 -9 0.24 28
1 1328 2 -9 0.28 29
1 423 2 21 0.4 34
1 64 2 10 0.25 29
1 494 1 16 0.41 33
1 152 1 -9 0.62 36
1 655 1 -9 0.48 33
1 1208 2 13 0.31 31
1 226 1 -9 0.25 30
1 834 1 -9 0.24 28
1 898 1 -9 0.55 36
1 355 1 -9 0.45 35
1 370 1 -9 0.28 31
1 375 1 -9 0.36 32
1 450 1 -9 0.55 38
1 1216 2 -9 0.24 28
1 246 1 -9 0.55 36
1 271 1 -9 0.4 33
1 318 1 -9 0.64 37
1 428 1 -9 0.36 32
1 1177 1 -9 0.17 26
1 293 1 -9 0.28 31
1 387 1 -9 0.7 38
1 537 2 -9 0.32 33
1 420 1 -9 0.6 39
1 180 1 -9 0.51 33
1 192 1 -9 0.31 30
1 74 2 -9 0.57 39
1 276 1 -9 0.22 27
1 283 2 -9 0.19 27
1 284 1 -9 0.52 38
1 1075 2 -9 0.39 32
1 1077 2 5 0.1 21
1 105 2 -9 0.2 27
1 370 1 -9 0.78 42
1 724 1 -9 0.7 39
1 572 1 -9 0.48 36
1 1021 1 8 0.56 35
1 935 1 -9 0.54 47
1 459 2 -9 0.21 28
1 488 1 17 0.62 38
1 1349 1 -9 0.36 33
1 316 1 -9 0.62 36
1 342 1 22 0.56 39
1 254 1 -9 0.76 41
1 460 2 -9 0.29 30
1 509 2 15 0.34 32
1 854 1 -9 0.32 29
1 379 1 -9 0.56 36
1 717 1 -9 0.08 22
1 301 2 -9 0.16 26
1 826 1 -9 0.51 35
1 137 2 -9 0.69 38
1 1382 2 -9 0.08 19
1 727 2 21 0.47 34
1 1176 2 -9 0.48 25
1 781 1 7 0.14 26
1 8 1 -9 0.42 34
1 26 2 -9 0.26 29
1 634 1 17 0.56 37
1 775 2 -9 0.19 26
1 99 2 6 0.17 25
1 188 2 -9 0.32 31
1 195 2 -9 0.19 26
1 196 1 -9 0.94 41
1 171 1 -9 0.57 38
1 484 1 -9 0.67 37
1 605 1 -9 0.4 32
1 95 2 10 0.19 28
1 96 1 -9 0.3 32
1 159 1 -9 0.41 35
1 135 1 -9 0.84 44
1 136 2 12 0.25 30
1 138 2 -9 0.36 31
1 175 1 -9 0.45 33
1 146 1 -9 0.5 36
1 150 2 8 0.16 27
1 161 1 -9 0.5 35
1 162 2 -9 0.24 28
1 163 1 -9 0.59 36
1 128 1 10 0.56 35
1 133 2 -9 0.28 30
1 165 1 -9 0.38 34
1 153 1 -9 0.51 34
1 178 1 -9 0.49 35
1 198 1 -9 0.56 36
1 207 1 -9 0.3 31
1 208 2 -9 0.19 26
1 35 1 -9 0.57 36
1 51 1 -9 0.17 26
1 38 1 -9 0.42 33
1 40 1 -9 0.92 41
1 41 1 -9 0.28 30
1 8 1 10 0.44 34
1 46 1 -9 0.26 29
1 46 1 19 0.45 35
1 86 1 12 0.43 34
1 60 2 -9 0.22 26
1 88 2 -9 0.11 22
1 367 2 -9 0.32 29
1 373 1 -9 0.21 28
1 378 1 -9 0.63 39
1 112 1 -9 0.44 34
1 380 1 -9 0.46 35
1 380 1 -9 0.68 38
1 382 1 -9 0.49 36
1 383 1 -9 0.52 37
1 387 1 -9 0.55 35
1 288 1 -9 0.42 34
1 314 1 -9 0.54 35
1 365 1 -9 0.89 40
1 323 1 -9 0.52 35
1 102 2 -9 0.26 30
1 289 1 -9 0.36 33
1 581 1 -9 0.46 35
1 737 1 -9 0.9 44
1 327 1 -9 0.57 36
1 395 1 -9 0.43 34
1 66 1 -9 0.16 26
1 330 1 6 0.23 28
1 330 1 -9 0.82 41
1 331 1 -9 0.24 29
1 458 1 -9 0.29 30
1 462 1 -9 0.46 34
1 463 1 -9 0.55 36
1 464 2 -9 0.39 30
1 468 1 -9 0.51 36
1 93 1 -9 0.36 31
1 576 1 17 0.5 36
1 731 1 -9 0.5 38
1 660 1 -9 0.2 26
1 663 1 -9 0.47 35
1 819 1 22 0.48 35
1 822 1 -9 0.47 35
1 756 1 -9 0.6 38
1 238 1 -9 0.48 34
1 243 1 -9 0.36 33
1 214 1 20 0.58 37
1 593 1 17 0.54 38
1 215 1 -9 0.3 30
1 791 1 -9 0.71 40
1 234 1 -9 0.55 36
1 235 1 -9 0.31 32
1 223 1 10 0.4 33
1 683 1 -9 0.51 36
1 777 2 15 0.39 33
1 430 1 -9 0.34 32
1 691 2 -9 0.28 29
1 303 2 -9 0.15 25
1 760 2 -9 0.53 36
1 681 1 -9 0.48 35
1 764 2 -9 0.24 29
1 696 2 -9 0.21 29
1 246 1 -9 0.78 39
1 251 2 -9 0.26 29
1 672 1 -9 0.5 35
1 530 1 15 0.54 38
1 411 1 -9 0.38 33
1 227 1 -9 0.26 29
1 228 1 19 0.49 37
1 228 1 -9 0.37 33
1 417 1 -9 1.25 44
1 843 1 -9 0.8 40
1 342 1 -9 0.28 31
1 343 2 9 0.26 29
1 343 2 -9 0.22 29
1 292 2 -9 0.12 23
1 298 1 -9 0.46 35
1 298 2 -9 0.24 29
1 300 2 -9 0.2 28
1 296 1 15 0.36 32
1 296 1 -9 0.54 36
1 794 2 -9 0.04 16
1 478 1 -9 0.18 27
1 254 1 -9 0.31 32
1 481 2 12 0.3 31
1 489 2 -9 0.44 35
1 836 2 -9 0.24 31
1 360 1 -9 0.35 31
1 361 1 -9 0.5 35
1 255 1 -9 0.16 25
1 255 1 -9 0.31 31
1 255 1 -9 0.28 28
1 261 1 -9 0.21 28
1 261 1 -9 0.48 35
1 356 2 -9 0.27 29
1 436 2 18 0.22 29
1 859 1 -9 0.46 35
1 352 1 -9 0.96 41
1 274 1 -9 0.56 37
1 277 1 -9 0.39 32
1 278 1 -9 0.46 34
1 560 1 -9 0.47 36
1 561 1 -9 0.46 36
1 453 1 -9 0.71 39
1 563 1 -9 0.36 33
1 502 2 -9 0.22 27
1 506 1 -9 0.34 33
1 507 1 -9 0.56 36
1 511 1 -9 0.45 34
1 511 1 -9 0.56 37
1 512 2 -9 0.2 26
1 514 1 -9 0.26 29
1 551 2 -9 0.18 26
1 540 1 -9 0.67 39
1 306 1 -9 0.19 27
1 497 1 -9 0.63 37
1 278 2 14 0.3 31
1 451 2 -9 0.21 27
1 509 2 -9 0.34 31
1 569 2 -9 0.16 25
1 269 2 -9 0.21 27
1 269 1 -9 0.58 35
1 616 1 -9 0.46 36
1 621 1 17 0.63 39
1 945 1 -9 0.17 25
1 896 1 -9 0.65 36
1 883 2 -9 0.55 36
1 889 1 11 0.55 35
1 869 1 -9 0.77 41
1 921 1 -9 0.92 42
1 923 2 -9 0.18 25
1 930 1 -9 0.71 40
1 934 1 -9 0.49 37
1 942 1 8 0.24 29
1 924 1 -9 0.54 36
1 901 1 -9 0.54 36
1 1006 1 -9 0.92 42
1 1187 1 -9 0.67 37
1 1165 1 -9 0.55 36
1 991 1 -9 0.22 28
1 877 1 12 0.71 38
1 913 1 -9 0.2 27
1 1158 2 -9 0.4 31
1 1136 1 -9 0.53 35
1 1045 1 -9 0.5 33
1 1143 2 -9 0.42 33
1 1024 1 -9 0.39 31
1 1064 1 21 0.74 40
1 1226 2 -9 0.23 27
1 1113 2 -9 0.31 30
1 1119 2 -9 0.33 31
1 1127 1 -9 1.05 46
1 1132 1 -9 0.82 40
1 1180 1 -9 0.52 37
1 1180 1 -9 0.55 36
1 1181 2 -9 0.44 33
1 1010 1 -9 0.53 35
1 1093 1 9 0.34 31
1 1217 1 -9 0.43 33
1 988 1 -9 0.33 31
1 1079 2 -9 0.19 26
1 985 1 -9 0.19 25
1 1205 2 -9 0.27 29
1 1212 1 8 0.28 30
1 1230 1 -9 0.58 37
1 1357 1 10 0.46 35
1 1325 1 -9 0.66 38
1 1243 1 -9 0.46 32
1 1247 1 -9 0.26 27
1 1329 2 -9 0.18 27
1 971 2 -9 0.3 29
1 1383 2 6 0.16 24
1 1374 1 -9 0.19 26
1 1379 2 -9 0.08 20
1 1385 1 6 0.1 21
1 1391 1 -9 0.18 27
1 1332 1 7 0.22 27
1 1299 2 17 0.4 32
1 804 1 -9 0.43 34
1 1075 1 -9 0.42 32
1 592 1 -9 0.31 31
1 617 1 20 0.42 34
1 130 2 -9 0.34 32
1 666 2 10 0.26 31
1 531 1 -9 0.38 34
1 193 1 -9 0.34 31
1 194 1 -9 0.66 38
1 324 1 -9 0.38 33
1 926 1 -9 0.61 37
1 359 1 -9 0.53 34
1 217 2 -9 0.3 31
1 478 1 10 0.38 32
1 283 1 -9 0.55 34
1 1205 1 -9 0.39 33
1 1236 1 7 0.4 32
1 467 1 -9 0.6 36
1 490 2 -9 0.25 29
1 425 2 -9 0.26 30
1 251 2 -9 0.3 31
1 254 1 -9 0.46 35
1 811 1 -9 0.22 29
1 485 1 -9 0.3 30
1 50 2 -9 0.16 25
1 361 2 -9 0.28 32
1 364 1 -9 0.44 36
1 921 1 -9 0.66 38
1 500 1 -9 0.32 32
1 922 1 -9 0.65 38
1 923 1 -9 0.36 34
1 1220 2 -9 0.12 22
1 1294 2 -9 0.38 30
1 92 2 -9 0.19 27
1 103 1 20 0.51 37
1 357 1 9 0.42 34
1 328 2 8 0.2 28
1 943 1 -9 0.35 30
1 260 2 -9 0.17 28
1 125 1 28 1.68 48
1 128 1 -9 0.8 42
1 982 2 -9 0.22 27
1 997 2 19 0.45 34
1 1204 1 -9 0.67 36
1 14 2 11 0.27 29
1 71 1 6 0.23 26
1 307 2 -9 0.27 30
1 369 2 -9 0.28 30
1 484 2 12 0.54 37
1 1350 2 -9 0.42 33
1 1160 2 -9 0.28 28
1 292 1 -9 0.09 21
1 1257 1 -9 0.58 33
1 862 1 -9 0.72 40
1 1171 1 -9 0.25 29
1 243 1 -9 0.66 39
1 262 2 -9 0.21 30
1 327 1 -9 0.56 35
1 471 1 -9 0.6 38
1 182 1 -9 0.58 35
1 201 1 -9 0.45 33
1 904 1 -9 0.45 35
