1 557 2 -9 0.32 31
1 1364 1 -9 0.74 38
1 297 2 -9 0.22 28
1 930 1 15 0.54 35
1 1292 2 -9 0.53 35
1 722 1 -9 0.54 36
1 793 1 -9 0.38 33
1 1127 2 11 0.36 30
1 817 1 -9 0.46 34
1 913 1 -9 0.4 32
1 888 1 -9 0.37 32
1 392 2 10 0.27 29
1 767 1 10 0.54 36
1 120 2 -9 0.4 32
1 42 1 -9 0.28 30
1 50 2 -9 0.25 30
1 1340 2 -9 0.37 34
1 704 2 -9 0.82 42
1 597 2 -9 0.3 30
1 987 1 -9 0.74 39
1 121 2 -9 0.36 31
1 506 2 -9 0.32 31
1 512 2 11 0.24 29
1 533 1 -9 0.62 39
1 1218 1 -9 0.46 32
1 596 2 -9 0.26 29
1 428 1 -9 0.67 38
1 163 2 -9 0.43 33
1 282 2 -9 0.36 33
1 22 1 -9 0.31 31
1 40 2 -9 0.24 28
1 547 2 -9 0.26 30
1 692 1 10 0.55 35
1 697 1 -9 0.46 37
1 545 2 13 0.23 29
1 189 1 -9 0.66 40
1 248 2 -9 0.3 30
1 916 1 13 0.48 35
1 625 2 -9 0.24 28
1 509 1 -9 0.34 31
1 342 2 -9 0.26 29
1 350 2 -9 0.26 30
1 460 2 14 0.31 31
1 516 2 -9 0.2 27
1 898 1 9 0.46 34
1 1159 2 -9 0.83 43
1 1228 1 -9 0.44 33
1 1376 2 -9 0.44 33
1 417 2 -9 0.29 29
1 103 2 -9 0.32 31
1 928 1 -9 0.87 41
1 1246 1 -9 0.52 35
1 16 1 13 0.55 36
1 631 2 -9 0.24 29
1 992 1 -9 0.38 32
1 972 2 -9 0.39 31
1 1121 1 9 0.7 37
1 1080 1 -9 0.44 34
1 44 1 -9 0.64 38
1 612 1 -9 0.6 37
1 614 2 -9 0.36 32
1 301 2 -9 0.36 31
1 346 2 -9 0.26 29
1 478 1 11 0.41 34
1 1147 1 -9 0.58 36
1 175 2 11 0.27 30
1 134 1 -9 0.5 35
1 491 2 -9 0.26 29
1 670 1 -9 0.62 37
1 94 2 -9 0.36 31
1 883 2 -9 0.38 31
1 297 2 -9 0.26 29
1 302 2 -9 0.36 31
1 314 1 -9 0.57 38
1 938 1 -9 0.58 39
1 90 2 -9 0.3 30
1 88 2 -9 0.34 31
1 141 2 -9 0.24 28
1 217 1 -9 0.29 29
1 244 2 -9 0.25 29
1 198 1 17 0.58 37
1 878 1 -9 0.32 31
1 118 2 -9 0.26 30
1 84 2 -9 0.38 32
1 78 1 -9 0.53 37
1 8 1 -9 0.46 34
1 98 1 -9 0.62 35
1 99 1 -9 0.5 33
1 105 1 10 0.4 32
1 106 2 -9 0.32 29
1 107 2 -9 0.24 28
1 288 1 -9 0.33 32
1 293 1 13 0.5 36
1 235 2 -9 0.24 29
1 238 2 -9 0.31 30
1 241 2 -9 0.32 31
1 246 2 -9 0.23 29
1 247 2 -9 0.33 31
1 218 2 -9 0.37 32
1 221 2 -9 0.35 31
1 271 2 11 0.26 29
1 275 1 -9 0.46 34
1 119 2 10 0.3 30
1 119 2 -9 0.24 28
1 120 2 -9 0.3 30
1 214 1 -9 0.56 37
1 224 1 -9 0.59 37
1 225 2 -9 0.26 29
1 122 1 -9 0.38 33
1 127 1 -9 0.58 38
1 131 2 -9 0.28 30
1 132 1 -9 0.52 35
1 277 2 -9 0.26 30
1 280 1 -9 0.46 36
1 204 2 -9 0.28 29
1 209 1 12 0.46 35
1 209 1 -9 0.62 36
1 264 2 -9 0.29 29
1 82 2 -9 0.26 29
1 266 1 -9 0.53 35
1 269 2 -9 0.25 30
1 158 1 9 0.5 34
1 191 1 -9 0.49 36
1 171 1 -9 0.62 38
1 172 2 -9 0.27 29
1 172 1 -9 0.42 34
1 411 1 -9 0.58 39
1 145 1 -9 0.52 37
1 138 2 10 0.22 28
1 139 2 -9 0.25 29
1 656 1 13 0.57 35
1 811 1 13 0.4 33
1 598 2 -9 0.21 28
1 413 2 -9 0.24 28
1 420 2 -9 0.3 32
1 137 2 -9 0.31 32
1 5 2 -9 0.28 30
1 11 2 -9 0.27 28
1 17 1 -9 0.42 33
1 813 1 -9 0.3 30
1 177 2 -9 0.26 30
1 151 1 -9 0.46 32
1 187 1 -9 0.53 36
1 152 1 -9 0.7 37
1 365 1 -9 0.57 34
1 26 1 13 0.52 34
1 373 2 -9 0.34 32
1 29 1 11 0.41 34
1 43 1 -9 0.52 34
1 44 1 -9 0.54 38
1 54 2 -9 0.34 32
1 66 2 -9 0.3 30
1 66 2 10 0.3 30
1 86 2 -9 0.43 32
1 33 1 -9 0.7 38
1 35 1 -9 0.39 32
1 377 2 -9 0.26 28
1 377 2 -9 0.36 33
1 45 2 8 0.17 26
1 45 1 -9 0.57 38
1 48 2 -9 0.38 33
1 51 1 -9 0.47 35
1 52 1 -9 0.47 34
1 55 2 -9 0.25 29
1 57 2 -9 0.29 29
1 59 2 -9 0.4 33
1 550 1 -9 0.42 33
1 550 1 -9 0.4 33
1 556 2 -9 0.3 30
1 562 2 -9 0.33 32
1 563 1 14 0.5 34
1 505 1 15 0.61 36
1 508 1 -9 0.54 36
1 518 1 12 0.4 34
1 528 2 -9 0.36 32
1 531 1 14 0.53 35
1 607 1 -9 0.5 36
1 537 2 -9 0.42 34
1 540 2 -9 0.45 33
1 544 1 -9 0.38 32
1 581 1 -9 0.7 40
1 584 1 12 0.54 37
1 462 1 -9 0.22 28
1 610 1 -9 0.44 33
1 458 2 -9 0.31 31
1 671 2 -9 0.27 29
1 625 2 -9 0.29 30
1 758 1 -9 0.63 39
1 856 1 14 0.68 38
1 387 2 17 0.41 33
1 387 2 -9 0.23 29
1 388 1 -9 0.52 37
1 393 2 -9 0.26 29
1 393 2 -9 0.28 31
1 394 2 -9 0.33 30
1 396 2 -9 0.28 30
1 746 2 -9 0.26 29
1 742 2 -9 0.5 36
1 760 1 14 0.61 39
1 761 2 -9 0.2 31
1 764 2 -9 0.5 35
1 915 2 -9 0.26 29
1 330 1 -9 0.73 39
1 331 1 -9 0.68 38
1 334 2 12 0.46 34
1 452 1 -9 0.43 35
1 453 1 21 0.75 43
1 477 2 -9 0.26 30
1 481 2 -9 0.32 31
1 443 1 -9 0.63 37
1 672 1 -9 0.48 32
1 674 1 -9 0.5 34
1 467 2 13 0.27 30
1 470 2 -9 0.31 30
1 317 1 -9 0.78 40
1 306 1 -9 0.53 35
1 788 1 13 0.63 38
1 832 1 -9 0.42 33
1 994 1 -9 0.53 36
1 355 2 -9 0.32 31
1 356 2 16 0.22 28
1 679 1 -9 0.71 39
1 680 1 -9 0.61 38
1 850 2 -9 0.34 32
1 850 1 -9 0.48 35
1 357 2 12 0.26 29
1 358 2 -9 0.32 30
1 687 2 -9 0.21 30
1 348 1 -9 0.51 36
1 300 2 15 0.25 31
1 301 2 11 0.22 27
1 949 1 13 0.59 36
1 486 1 12 0.5 35
1 490 2 -9 0.25 29
1 483 2 -9 0.23 29
1 830 2 13 0.36 33
1 891 1 -9 0.44 34
1 635 2 -9 0.24 29
1 638 1 -9 0.48 34
1 897 1 -9 0.28 30
1 898 1 -9 0.41 32
1 1005 1 -9 0.5 35
1 1008 1 11 0.52 34
1 342 2 -9 0.24 28
1 345 2 -9 0.22 28
1 1001 1 -9 0.44 33
1 1003 1 -9 0.7 38
1 341 2 -9 0.26 29
1 887 1 -9 0.43 35
1 889 2 -9 0.25 28
1 890 2 -9 0.29 30
1 910 1 -9 0.64 40
1 1031 1 -9 0.52 34
1 1027 1 -9 0.76 39
1 986 1 -9 0.66 37
1 977 2 12 0.36 32
1 869 1 -9 0.63 39
1 927 1 13 0.57 36
1 936 2 13 0.28 30
1 934 1 -9 0.38 32
1 877 1 -9 0.48 37
1 861 2 -9 0.41 33
1 861 1 -9 0.61 38
1 866 1 -9 0.34 34
1 1037 2 -9 0.43 32
1 1064 2 -9 0.37 32
1 1068 1 -9 0.48 35
1 1035 1 -9 0.66 37
1 1036 2 12 0.39 31
1 1081 1 -9 0.68 36
1 1180 1 13 0.62 37
1 1254 1 -9 0.42 34
1 1118 1 -9 0.56 33
1 1286 1 -9 0.3 30
1 1221 2 -9 0.26 30
1 1227 1 10 0.49 33
1 1157 1 -9 0.72 39
1 1157 2 25 0.77 41
1 1158 2 -9 0.5 33
1 1149 2 -9 0.45 34
1 1305 2 -9 0.19 26
1 1187 2 -9 0.43 32
1 1166 2 -9 0.54 35
1 1208 1 -9 0.46 33
1 1265 2 -9 0.38 33
1 1103 2 -9 0.34 32
1 1296 2 -9 0.47 35
1 1341 2 -9 0.64 39
1 1267 1 15 0.68 36
1 1268 1 -9 0.54 34
1 1391 1 -9 0.27 30
1 1397 2 -9 0.5 35
1 1108 1 -9 0.55 34
1 1099 2 -9 0.43 34
1 625 1 -9 0.82 39
1 772 1 -9 0.91 41
1 230 1 -9 0.37 32
1 1415 2 -9 0.37 33
1 1 1 -9 0.82 41
1 34 2 -9 0.28 30
1 996 1 -9 0.48 36
1 1092 1 -9 0.6 37
1 442 2 -9 0.27 30
1 415 2 -9 0.28 29
1 634 2 -9 0.3 30
1 602 1 12 0.47 35
1 521 1 -9 0.28 30
1 542 2 -9 0.38 29
1 581 1 -9 0.66 38
1 681 1 -9 0.45 33
1 267 1 10 0.58 35
1 70 2 -9 0.28 29
1 265 1 -9 0.49 34
1 380 2 -9 0.2 29
1 517 1 -9 0.71 39
1 936 1 -9 0.42 32
1 1215 1 -9 0.74 38
1 185 1 -9 0.49 37
1 417 2 -9 0.28 30
1 652 1 -9 0.45 34
1 1384 1 -9 0.75 39
1 33 2 -9 0.27 30
1 386 2 -9 0.27 29
1 626 2 -9 0.24 31
1 925 2 -9 0.2 28
1 763 2 27 0.52 38
1 546 2 -9 0.32 31
1 1248 2 -9 0.42 32
1 1309 1 -9 0.67 38
1 516 2 -9 0.3 30
1 528 2 -9 0.26 29
1 107 1 -9 0.58 36
1 908 1 14 0.62 37
1 933 2 -9 0.24 30
1 872 1 -9 0.52 38
1 285 1 12 0.38 31
1 1175 1 -9 0.68 37
1 475 1 -9 0.65 37
1 889 1 -9 0.44 34
1 602 1 -9 0.33 31
1 271 1 -9 0.75 40
1 1330 1 15 0.64 38
1 619 1 -9 0.48 35
1 1349 2 -9 0.36 31
1 46 1 -9 0.65 37
1 762 2 -9 0.32 31
1 32 2 -9 0.4 33
1 862 1 -9 0.42 34
1 867 1 -9 0.41 33
1 1003 1 -9 0.53 35
1 1007 1 -9 0.58 38
1 1019 1 14 0.58 36
1 566 1 -9 0.64 38
1 843 1 -9 0.58 38
1 175 2 -9 0.34 32
1 181 1 -9 0.45 35
1 308 1 -9 0.61 38
1 342 2 -9 0.26 29
1 422 1 -9 0.61 36
1 23 2 -9 0.28 29
1 43 1 -9 0.56 35
1 521 2 -9 0.29 32
1 754 2 -9 0.24 27
1 627 2 -9 0.3 30
1 249 1 -9 0.51 34
1 294 1 -9 0.54 37
1 821 1 -9 0.46 34
1 848 2 -9 0.69 38
1 889 2 13 0.24 29
1 918 1 -9 0.6 40
1 1189 1 13 0.43 34
1 38 2 11 0.28 29
1 823 2 -9 0.26 29
1 82 2 -9 0.18 28
1 830 1 -9 0.5 35
1 392 2 -9 0.26 29
1 522 1 -9 0.42 33
1 533 2 -9 0.3 32
1 1369 2 -9 0.32 31
1 160 2 -9 0.57 36
1 17 2 -9 0.19 26
1 51 2 -9 0.31 31
1 554 2 10 0.24 28
1 567 1 -9 0.54 36
1 429 2 9 0.35 32
1 372 1 -9 0.56 36
1 390 2 -9 0.32 31
1 391 1 -9 0.38 33
1 441 1 -9 0.52 34
1 1403 1 -9 0.72 36
1 488 2 -9 0.22 27
1 1385 2 -9 0.67 49
1 298 2 -9 0.39 31
1 315 1 -9 0.55 37
1 321 1 -9 0.81 39
1 377 1 -9 0.49 34
1 255 1 10 0.39 32
1 508 2 -9 0.28 29
1 531 1 -9 0.36 31
1 861 1 -9 0.42 33
1 864 1 -9 0.39 33
1 125 1 -9 0.42 34
1 242 2 -9 0.31 31
1 713 1 -9 0.48 34
1 1176 1 -9 0.94 41
1 381 1 -9 0.38 32
1 134 1 12 0.44 34
1 178 1 12 0.62 37
1 38 2 -9 0.3 31
1 55 2 -9 0.28 29
1 648 1 -9 0.51 37
1 509 2 -9 0.3 31
1 519 2 -9 0.22 28
1 583 2 -9 0.33 32
1 1141 2 -9 0.34 33
1 42 2 10 0.23 27
1 1113 2 -9 0.51 37
1 334 1 -9 0.53 35
1 757 1 -9 0.69 40
1 758 1 -9 0.45 34
1 420 1 13 0.61 35
1 962 1 -9 0.65 37
1 951 1 -9 0.57 36
1 100 2 -9 0.32 31
1 338 2 -9 0.78 41
1 791 1 -9 0.64 40
1 502 1 10 0.44 33
1 111 2 -9 0.24 29
1 113 2 10 0.28 29
1 131 2 -9 0.24 29
1 142 1 -9 0.44 35
1 582 1 -9 0.46 36
1 582 1 -9 0.31 31
1 501 1 -9 0.67 38
1 94 1 -9 0.72 38
1 61 2 -9 0.35 32
1 63 1 -9 0.65 36
1 73 2 -9 0.24 28
1 195 1 16 0.72 41
1 195 1 -9 0.68 39
1 250 2 -9 0.27 30
1 98 2 9 0.28 30
1 101 1 -9 0.42 32
1 104 1 -9 0.76 38
1 108 2 -9 0.3 30
1 110 2 10 0.22 28
1 284 1 -9 0.74 39
1 285 2 -9 0.24 29
1 294 1 -9 0.56 35
1 236 2 -9 0.33 31
1 243 2 -9 0.26 29
1 243 2 10 0.28 30
1 247 2 -9 0.32 31
1 273 1 -9 0.8 40
1 231 2 -9 0.24 29
1 213 1 -9 0.57 37
1 214 2 -9 0.28 30
1 223 2 -9 0.3 30
1 227 1 12 0.47 35
1 253 2 -9 0.28 29
1 283 2 -9 0.4 33
1 208 1 -9 0.54 35
1 211 2 -9 0.44 33
1 3 1 12 0.64 37
1 263 1 -9 0.54 35
1 267 1 -9 0.4 31
1 163 1 -9 0.5 33
1 173 2 10 0.31 31
1 173 1 -9 0.43 33
1 649 2 -9 0.42 33
1 650 2 -9 0.21 28
1 175 2 -9 0.21 28
1 653 2 -9 0.29 29
1 186 1 -9 0.34 31
1 737 1 -9 0.44 35
1 809 1 -9 0.4 33
1 810 1 -9 0.76 42
1 412 2 10 0.36 33
1 416 2 -9 0.35 33
1 416 1 -9 0.48 35
1 12 1 14 0.65 36
1 496 2 -9 0.22 31
1 26 1 -9 0.59 36
1 27 1 13 0.36 31
1 28 1 -9 0.62 34
1 377 2 -9 0.3 30
1 31 2 -9 0.31 30
1 39 2 -9 0.37 33
1 42 2 -9 0.28 30
1 44 2 11 0.27 29
1 724 2 -9 0.24 30
1 69 2 -9 0.28 30
1 69 2 -9 0.22 28
1 69 2 13 0.28 32
1 46 2 -9 0.23 28
1 50 2 9 0.29 29
1 596 2 -9 0.22 28
1 56 2 9 0.27 30
1 59 2 -9 0.21 28
1 545 2 -9 0.22 27
1 549 1 -9 0.42 32
1 551 1 22 0.82 40
1 554 2 -9 0.32 32
1 559 2 -9 0.3 30
1 560 2 -9 0.26 29
1 511 2 -9 0.3 32
1 513 1 -9 0.45 34
1 563 1 -9 0.5 36
1 507 2 -9 0.24 29
1 510 2 -9 0.4 34
1 518 2 -9 0.27 30
1 521 2 -9 0.26 31
1 540 1 13 0.46 34
1 541 2 23 0.4 33
1 541 1 -9 0.5 34
1 544 1 -9 0.46 34
1 574 1 -9 0.6 38
1 665 2 -9 0.46 34
1 581 1 -9 0.55 35
1 461 2 -9 0.23 29
1 461 2 -9 0.18 27
1 601 1 15 0.8 42
1 605 1 13 0.37 32
1 457 1 -9 0.63 39
1 613 1 -9 0.48 34
1 631 2 12 0.32 31
1 395 2 -9 0.24 29
1 395 2 -9 0.24 28
1 380 1 -9 0.38 32
1 380 1 -9 0.52 35
1 745 2 -9 0.31 31
1 390 2 -9 0.26 29
1 826 1 -9 -9 23
1 751 2 -9 0.31 32
1 764 2 12 0.42 35
1 766 1 -9 0.8 40
1 917 1 -9 0.4 33
1 329 1 13 0.8 39
1 336 2 10 0.27 29
1 881 1 13 0.66 38
1 881 2 -9 0.31 31
1 452 1 -9 0.55 36
1 479 2 -9 0.35 32
1 480 2 -9 0.23 29
1 436 2 -9 0.31 30
1 439 1 28 0.73 39
1 444 1 -9 0.52 35
1 446 2 -9 0.35 32
1 468 2 10 0.25 28
1 470 1 -9 0.44 35
1 303 1 -9 0.56 36
1 307 1 -9 0.6 35
1 997 1 -9 0.58 37
1 834 1 10 0.38 32
1 799 1 -9 0.49 35
1 779 1 14 0.45 37
1 783 2 -9 0.43 33
1 994 1 10 0.46 34
1 795 1 -9 0.57 35
1 352 2 -9 0.23 29
1 356 2 -9 0.24 29
1 681 1 -9 0.29 30
1 359 2 -9 0.22 29
1 346 1 -9 0.55 34
1 297 1 -9 0.28 29
1 312 1 -9 0.78 40
1 314 1 12 0.61 38
1 848 1 -9 0.46 35
1 848 2 -9 0.35 32
1 844 1 -9 0.52 35
1 486 1 -9 0.43 33
1 827 1 -9 0.32 30
1 406 2 -9 0.32 32
1 492 2 -9 0.4 34
1 949 1 -9 0.49 34
1 905 1 -9 0.4 34
1 595 2 -9 0.24 30
1 589 2 -9 0.26 28
1 589 1 -9 0.48 34
1 473 1 9 0.26 29
1 474 1 -9 0.46 34
1 1010 2 -9 0.22 27
1 339 1 -9 0.46 32
1 640 1 -9 0.34 32
1 640 1 -9 0.26 28
1 923 1 -9 0.43 37
1 924 1 -9 0.48 37
1 961 1 -9 0.3 30
1 1029 1 -9 0.58 36
1 1030 1 -9 0.58 37
1 1026 1 -9 0.56 37
1 973 2 -9 0.47 33
1 975 1 -9 0.39 31
1 981 1 -9 0.28 30
1 985 1 10 0.42 33
1 1053 1 -9 0.44 32
1 927 1 -9 0.51 35
1 989 1 -9 0.73 39
1 989 1 -9 0.76 40
1 990 1 -9 0.66 39
1 940 1 -9 0.54 34
1 926 1 -9 0.68 38
1 933 1 -9 0.35 31
1 936 1 -9 0.42 34
1 864 1 13 0.45 33
1 865 1 -9 0.51 35
1 1087 1 -9 0.62 36
1 1054 1 -9 0.63 37
1 1284 1 -9 0.44 34
1 1253 1 -9 0.44 35
1 1076 1 12 0.46 35
1 1083 1 14 0.54 36
1 1130 2 -9 0.34 31
1 1134 2 -9 0.48 35
1 1135 2 -9 0.38 32
1 1136 1 -9 0.54 37
1 1143 1 -9 0.74 38
1 1144 1 -9 0.58 38
1 1293 2 -9 0.35 35
1 1161 2 -9 0.56 36
1 1217 2 -9 0.3 30
1 1362 1 14 0.9 41
1 1367 2 10 0.36 32
1 1319 2 -9 0.43 33
1 1370 1 11 0.47 34
1 1232 2 -9 0.3 31
1 1105 2 -9 0.26 28
1 1236 1 -9 0.38 32
1 1345 2 -9 0.4 32
1 1390 1 12 0.61 36
1 1268 1 -9 0.56 35
1 1379 1 -9 0.84 40
1 1401 1 -9 0.58 37
1 1123 2 -9 0.46 32
1 1109 1 -9 0.37 33
1 1275 1 -9 0.48 35
1 1372 2 19 0.48 34
1 1373 1 -9 0.59 36
1 1271 2 -9 0.23 30
1 1128 1 -9 0.59 36
1 809 1 11 0.38 32
1 143 1 9 0.47 34
1 174 2 -9 0.28 30
1 1025 1 13 0.46 35
1 48 2 11 0.27 30
1 851 2 -9 0.26 30
1 1324 1 -9 0.29 29
1 348 2 -9 0.28 30
1 1351 1 -9 0.55 35
1 440 1 -9 0.7 38
1 906 1 -9 0.82 38
1 929 1 -9 0.27 29
1 631 2 -9 0.26 29
1 617 1 -9 0.48 36
1 36 1 14 0.54 34
1 38 2 -9 0.24 28
1 370 1 -9 0.6 37
1 1042 2 -9 0.38 32
1 676 2 -9 0.34 32
1 759 1 -9 0.55 39
1 794 1 -9 0.56 36
1 1213 1 -9 0.66 37
1 201 1 -9 0.58 36
1 1337 1 -9 0.58 36
1 510 2 10 0.26 29
1 915 2 -9 0.34 31
1 270 2 -9 0.21 26
1 322 1 -9 0.47 34
1 344 1 -9 0.61 39
1 514 1 -9 0.75 40
1 519 2 -9 0.27 30
1 121 2 -9 0.32 31
1 222 1 -9 0.75 40
1 948 1 -9 0.68 40
1 444 2 -9 0.42 33
1 475 1 -9 0.5 33
1 676 2 -9 0.25 29
1 1225 1 -9 0.45 35
1 222 1 -9 0.79 40
1 487 2 11 0.24 28
1 562 2 -9 0.28 30
1 279 2 -9 0.28 30
1 916 1 -9 0.64 37
1 1360 1 -9 0.48 34
1 715 1 -9 0.34 32
1 735 1 -9 0.51 36
1 770 1 -9 0.55 37
1 550 1 -9 0.42 32
1 552 1 -9 0.52 34
1 985 1 -9 0.62 38
1 268 1 10 0.24 29
1 1221 2 -9 0.36 32
1 1263 2 -9 0.42 33
1 597 2 -9 0.28 30
1 756 1 -9 0.56 38
1 39 2 -9 0.27 29
1 60 2 -9 0.26 30
1 989 1 -9 0.44 33
1 1221 1 13 0.5 36
1 951 1 -9 0.52 35
1 835 1 -9 0.56 38
1 751 1 -9 0.43 36
1 25 2 -9 0.36 31
1 41 2 -9 0.22 27
1 1002 1 -9 0.48 35
1 671 2 10 0.25 27
1 609 1 -9 0.38 33
1 474 1 13 0.41 33
1 577 1 22 0.81 39
1 236 2 13 0.33 31
1 296 2 -9 0.24 29
1 535 1 15 0.7 39
1 507 1 -9 0.62 36
1 748 1 -9 0.53 36
1 11 2 -9 0.25 27
1 776 2 7 0.38 33
1 622 2 11 0.22 28
1 824 1 -9 0.6 37
1 843 2 -9 0.32 31
1 849 1 -9 0.48 35
1 856 1 -9 0.62 39
1 574 1 -9 0.54 37
1 950 1 -9 0.48 34
1 693 1 -9 0.54 36
1 1320 2 -9 0.33 30
1 1310 2 -9 0.4 30
1 1311 2 -9 0.46 33
1 970 1 -9 0.64 39
1 105 1 -9 0.5 34
1 534 2 -9 1.06 44
1 426 1 -9 0.38 33
1 288 1 14 0.51 36
1 387 2 -9 0.25 30
1 409 1 -9 0.64 37
1 679 1 -9 0.37 32
1 415 2 14 0.33 32
1 336 1 -9 0.49 34
1 917 1 -9 0.74 40
1 628 2 10 0.23 28
1 652 1 -9 0.51 35
1 277 1 -9 0.64 37
1 1160 1 25 0.76 39
1 136 1 -9 0.5 35
1 799 1 -9 0.4 33
1 1020 2 15 0.42 32
1 473 2 -9 0.29 31
1 489 2 9 0.28 30
1 162 1 -9 0.57 36
1 195 2 -9 0.27 30
1 897 1 -9 0.63 38
1 1301 1 11 0.55 35
1 6 1 -9 0.49 34
1 28 1 -9 0.39 33
1 33 2 -9 0.4 33
1 699 2 -9 0.2 29
1 638 1 -9 0.44 34
1 1184 1 -9 0.4 31
1 56 2 -9 0.09 22
1 755 1 -9 0.33 32
1 471 2 -9 0.24 29
1 479 1 -9 0.62 41
1 1163 1 -9 0.64 41
1 272 1 -9 0.62 36
1 135 2 10 0.34 31
1 298 1 -9 0.43 33
1 335 2 -9 0.31 31
1 407 2 17 0.37 32
1 447 1 10 0.59 37
1 476 1 -9 0.46 34
1 1056 1 -9 0.46 33
1 81 2 -9 0.23 29
1 865 2 -9 0.41 34
1 117 1 -9 0.48 35
1 636 2 -9 0.34 32
1 1171 1 -9 0.65 37
1 217 2 -9 0.26 29
1 207 1 13 0.71 37
1 501 1 10 0.59 35
1 70 2 -9 0.3 29
1 863 1 -9 0.47 35
1 122 2 13 0.3 30
1 83 1 -9 0.47 34
1 100 1 -9 0.48 33
1 101 2 -9 0.4 32
1 106 1 10 0.42 33
1 109 1 -9 0.66 39
1 110 2 -9 0.24 27
1 111 2 -9 0.24 28
1 112 1 -9 0.5 34
1 232 2 -9 0.28 31
1 234 2 -9 0.23 29
1 235 2 -9 0.28 30
1 240 1 -9 0.55 36
1 92 1 15 0.58 37
1 245 2 11 0.29 30
1 219 2 19 0.35 31
1 272 1 -9 0.54 34
1 225 1 25 0.71 39
1 229 1 -9 0.41 32
1 230 1 -9 0.36 33
1 293 2 -9 0.34 33
1 133 1 11 0.38 33
1 280 2 -9 0.26 30
1 282 2 -9 0.32 30
1 200 1 -9 0.43 34
1 203 1 -9 0.49 33
1 209 1 -9 0.63 36
1 80 2 -9 0.31 30
1 80 2 -9 0.32 31
1 261 2 -9 0.28 31
1 669 2 -9 0.24 29
1 669 1 -9 0.54 35
1 163 1 11 0.45 32
1 191 1 -9 0.56 38
1 167 1 -9 0.46 33
1 651 2 -9 0.31 31
1 706 2 -9 0.43 34
1 659 1 -9 0.51 36
1 660 1 14 0.42 34
1 157 1 -9 0.53 35
1 738 1 -9 0.28 30
1 598 2 10 0.26 30
1 412 1 -9 0.75 41
1 413 2 13 0.26 28
1 421 2 10 0.31 30
1 16 2 -9 0.29 29
1 812 1 -9 0.46 35
1 176 2 -9 0.26 29
1 176 1 -9 0.6 38
1 187 1 12 0.46 35
1 153 1 -9 0.67 36
1 367 2 -9 0.38 32
1 24 1 -9 0.44 34
1 374 2 13 0.26 29
1 376 1 -9 0.4 32
1 31 1 -9 0.67 38
1 728 1 -9 0.54 35
1 66 2 -9 0.27 30
1 68 1 -9 0.17 25
1 35 2 -9 0.29 31
1 46 2 -9 0.29 30
1 47 2 -9 0.25 30
1 47 2 -9 0.32 31
1 425 1 -9 0.52 35
1 53 2 12 0.34 32
1 58 2 12 0.24 28
1 546 2 -9 0.27 29
1 548 2 10 0.28 30
1 553 1 -9 0.39 34
1 512 2 -9 0.26 30
1 565 1 -9 0.33 31
1 506 2 -9 0.4 33
1 510 2 -9 0.34 32
1 519 2 -9 0.24 29
1 526 2 -9 0.26 29
1 528 1 -9 0.56 37
1 576 2 -9 0.68 40
1 825 1 -9 0.62 38
1 606 2 -9 0.29 30
1 540 1 -9 0.59 36
1 541 1 -9 0.38 32
1 583 2 -9 0.37 33
1 584 1 -9 0.46 34
1 458 2 -9 0.24 28
1 463 1 12 0.54 35
1 466 2 -9 0.2 27
1 466 2 12 0.25 28
1 457 1 -9 0.49 35
1 620 1 14 0.54 36
1 621 2 -9 0.25 28
1 384 2 -9 0.22 29
1 859 1 -9 0.54 35
1 396 2 -9 0.28 30
1 397 1 -9 0.55 36
1 378 2 -9 0.26 29
1 390 2 -9 0.26 28
1 391 2 -9 0.23 28
1 819 1 -9 0.44 35
1 336 1 -9 0.64 37
1 336 1 -9 0.36 31
1 881 2 -9 0.38 31
1 883 2 -9 0.33 30
1 912 2 -9 0.4 33
1 912 1 -9 0.44 34
1 450 2 -9 0.31 31
1 480 2 -9 0.26 29
1 437 2 -9 0.32 30
1 443 1 -9 0.46 34
1 447 2 -9 0.31 30
1 674 1 -9 0.57 37
1 448 2 13 0.28 32
1 468 2 -9 0.31 31
1 470 1 10 0.49 34
1 846 1 -9 0.42 33
1 304 1 -9 0.49 35
1 998 1 -9 0.5 34
1 1000 1 -9 0.47 33
1 776 2 -9 0.42 34
1 833 1 -9 0.56 36
1 799 1 10 0.34 32
1 801 2 -9 0.2 30
1 786 1 -9 0.6 35
1 806 1 -9 0.6 36
1 994 2 -9 0.32 30
1 712 2 -9 0.34 31
1 702 2 -9 0.37 33
1 351 2 12 0.3 32
1 353 2 -9 0.19 27
1 354 2 -9 0.38 33
1 355 2 -9 0.31 30
1 680 1 -9 0.52 36
1 851 2 11 0.28 29
1 357 1 -9 0.63 37
1 358 2 13 0.3 30
1 358 2 -9 0.22 28
1 688 2 -9 0.24 31
1 347 2 9 0.28 30
1 694 1 -9 0.53 36
1 295 1 -9 0.29 30
1 296 2 -9 0.22 28
1 842 1 -9 0.56 36
1 842 2 -9 0.28 30
1 842 1 13 0.52 36
1 843 2 -9 0.28 30
1 844 1 10 0.5 35
1 770 1 -9 0.52 34
1 771 1 -9 0.92 42
1 486 2 -9 0.24 28
1 487 2 -9 0.25 29
1 491 2 22 0.34 31
1 405 2 -9 0.21 28
1 406 2 -9 0.27 30
1 407 2 -9 0.29 31
1 362 2 -9 0.33 30
1 827 1 -9 0.62 38
1 827 1 12 0.42 34
1 828 1 -9 0.52 37
1 828 2 -9 0.32 32
1 947 1 -9 0.64 38
1 891 1 -9 0.7 39
1 892 1 -9 0.44 34
1 902 1 9 0.32 31
1 634 2 -9 0.24 29
1 635 2 -9 0.28 30
1 637 1 -9 0.64 37
1 897 1 -9 0.52 36
1 901 1 -9 0.34 34
1 965 2 -9 0.86 41
1 1011 2 -9 0.32 30
1 887 1 12 0.58 36
1 895 1 -9 0.44 33
1 960 2 -9 0.31 30
1 1015 1 -9 0.6 37
1 1016 1 -9 0.5 36
1 985 1 -9 0.53 35
1 977 2 -9 0.31 30
1 871 1 -9 0.38 33
1 989 1 13 0.61 37
1 926 2 -9 0.38 33
1 928 1 14 0.65 37
1 865 1 -9 0.43 34
1 1057 1 15 0.61 36
1 1040 1 -9 0.55 34
1 1046 2 -9 0.42 31
1 1054 1 -9 0.6 36
1 1035 1 -9 0.51 34
1 1082 1 -9 0.38 34
1 1041 1 -9 0.36 31
1 1181 1 -9 0.56 35
1 1185 1 -9 0.58 35
1 1067 1 13 0.63 37
1 1329 1 -9 0.33 31
1 1334 1 -9 0.53 36
1 1119 1 -9 0.54 33
1 1129 1 -9 0.4 33
1 1145 1 -9 0.6 37
1 1196 2 -9 0.36 32
1 1287 1 -9 0.52 35
1 1294 1 15 0.69 38
1 1220 1 -9 0.68 39
1 1285 2 12 0.3 31
1 1154 1 -9 0.56 36
1 1151 1 -9 0.43 33
1 1192 1 -9 0.4 33
1 1193 1 13 0.64 35
1 1359 1 15 0.54 36
1 1200 1 -9 0.46 35
1 1204 1 11 0.58 34
1 1295 1 -9 0.53 36
1 1299 1 -9 0.6 37
1 1343 1 -9 0.58 38
1 1348 2 -9 0.41 31
1 1394 2 -9 0.38 30
1 1395 1 -9 0.54 35
1 1250 2 10 0.54 35
1 1338 2 -9 0.44 34
1 1170 2 -9 0.5 34
1 553 1 -9 0.54 36
1 555 2 -9 0.27 30
1 154 1 -9 0.46 34
1 221 2 -9 0.29 31
1 48 2 -9 0.31 30
1 954 2 -9 0.32 30
1 1308 1 -9 0.79 40
1 1321 1 -9 0.68 36
1 1091 1 -9 0.44 34
1 955 1 29 -9 37
1 498 2 -9 0.29 29
1 108 2 9 0.28 29
1 915 1 14 0.48 35
1 624 2 -9 0.3 31
1 569 1 -9 0.52 34
1 45 1 -9 0.53 36
1 1055 1 -9 0.56 35
1 398 2 17 -9 42
1 308 2 -9 0.42 32
1 934 1 13 0.5 36
1 1221 1 -9 0.68 38
1 155 1 -9 0.59 37
1 740 2 -9 0.81 41
1 750 1 -9 0.41 34
1 1371 1 -9 0.76 38
1 507 2 -9 0.25 29
1 394 2 10 0.29 29
1 115 1 -9 0.46 33
1 448 1 -9 0.4 33
1 452 1 -9 1.08 40
1 936 2 -9 0.32 31
1 845 1 -9 0.56 36
1 233 2 13 0.27 30
1 413 1 -9 0.44 33
1 141 2 -9 0.38 32
1 37 2 -9 0.25 28
1 893 1 12 0.48 33
1 369 1 -9 0.69 36
1 376 1 -9 0.43 33
1 907 1 -9 0.53 37
1 967 1 -9 0.52 35
1 102 2 -9 0.48 34
1 885 1 -9 0.45 34
1 1048 1 7 0.36 32
1 177 1 -9 0.53 34
1 968 1 -9 0.74 40
1 745 1 -9 0.42 35
1 758 1 -9 0.52 36
1 4 2 -9 0.4 34
1 28 1 10 0.37 32
1 29 1 -9 0.75 41
1 36 2 -9 0.4 33
1 244 2 13 0.32 31
1 258 2 -9 0.39 33
1 855 1 -9 0.8 41
1 59 2 14 0.28 30
1 653 1 -9 0.39 31
1 700 2 -9 0.23 29
1 92 1 -9 0.56 34
1 997 1 13 0.76 40
1 998 1 -9 0.59 37
1 1281 1 -9 0.38 32
1 1132 1 -9 0.66 37
1 1363 1 -9 0.76 37
1 559 2 -9 0.22 29
1 832 1 -9 0.34 32
1 327 1 11 0.59 37
1 1419 2 -9 0.36 32
1 755 1 -9 0.55 36
1 758 2 9 0.42 34
1 128 2 -9 0.22 28
1 69 2 -9 0.26 30
1 546 2 -9 0.35 31
1 1084 2 -9 0.4 31
1 833 1 -9 0.6 39
1 559 1 -9 0.74 39
1 703 2 -9 0.48 35
1 969 1 -9 0.78 39
1 887 1 -9 0.44 32
1 75 2 -9 0.22 27
1 775 1 -9 0.72 40
1 1047 1 -9 0.54 36
1 11 2 -9 0.23 27
1 1032 2 -9 0.36 33
1 1201 1 14 0.62 36
1 8 1 14 0.56 35
1 93 2 -9 0.36 32
1 415 2 -9 0.32 30
1 489 2 -9 0.23 28
1 721 2 10 0.28 31
1 299 1 -9 0.4 32
1 13 2 -9 0.38 32
1 449 2 -9 0.34 31
1 245 2 -9 0.32 31
1 469 2 -9 0.26 30
1 920 1 23 0.64 42
1 926 2 -9 0.38 32
1 1365 1 -9 0.44 33
1 449 1 -9 0.35 32
1 935 1 11 0.4 33
1 149 2 -9 0.32 30
1 252 2 -9 0.3 32
1 278 1 -9 0.64 37
1 305 1 -9 0.56 36
1 409 2 10 0.28 29
1 98 1 -9 0.54 34
1 458 2 -9 0.25 29
1 477 1 14 0.53 35
1 1242 1 -9 0.62 37
1 635 2 14 0.34 33
1 615 1 -9 0.5 35
1 929 1 -9 0.65 38
1 973 1 -9 0.53 34
1 1023 1 12 0.5 34
1 1216 1 -9 0.48 35
1 52 1 -9 0.69 41
1 928 1 -9 0.44 34
1 941 1 -9 0.32 35
1 1261 2 -9 0.4 32
1 1106 2 11 0.34 31
1 451 1 -9 0.78 41
1 467 2 -9 0.21 28
1 1064 1 -9 0.32 30
1 251 1 -9 0.62 36
1 119 2 -9 0.32 31
1 248 2 -9 0.27 30
1 493 1 -9 0.58 39
1 509 1 10 0.42 34
1 244 2 -9 0.32 31
1 316 1 -9 0.49 34
1 199 2 9 0.41 33
1 459 2 -9 0.24 29
1 72 1 -9 0.27 29
1 501 1 -9 0.71 38
1 62 1 -9 0.48 33
1 192 1 -9 0.56 36
1 74 1 -9 0.74 39
1 94 2 -9 0.52 36
1 105 2 -9 0.22 28
1 108 1 -9 0.42 31
1 232 2 -9 0.27 30
1 234 2 10 0.25 29
1 235 2 -9 0.27 31
1 239 1 12 0.52 37
1 243 2 -9 0.24 29
1 219 1 -9 0.53 34
1 222 2 10 0.25 29
1 271 2 -9 0.3 30
1 272 2 -9 0.32 30
1 273 2 -9 0.22 28
1 231 2 -9 0.32 32
1 224 1 -9 0.46 36
1 226 1 -9 0.59 36
1 121 2 10 0.24 28
1 130 1 11 0.46 36
1 276 2 13 0.32 32
1 202 1 14 0.64 37
1 80 2 -9 0.28 30
1 82 2 12 0.22 28
1 266 1 -9 0.44 33
1 266 2 -9 0.34 32
1 269 1 -9 0.38 32
1 172 2 -9 0.26 29
1 174 2 -9 0.18 27
1 174 2 19 0.25 29
1 409 1 -9 0.52 35
1 176 2 -9 0.29 31
1 656 1 -9 0.56 36
1 659 2 13 0.33 31
1 154 1 -9 0.56 35
1 156 1 -9 0.47 34
1 412 2 -9 0.28 31
1 413 1 -9 0.65 37
1 417 2 -9 0.31 31
1 417 2 10 0.29 30
1 419 2 -9 0.35 31
1 419 2 -9 0.37 32
1 138 2 -9 0.31 30
1 11 2 -9 0.25 28
1 17 2 -9 0.25 29
1 19 1 10 0.36 31
1 369 1 -9 0.51 34
1 370 1 -9 0.42 33
1 371 1 13 0.6 35
1 27 2 -9 0.32 30
1 27 1 -9 0.55 34
1 375 1 -9 0.66 37
1 37 2 -9 0.2 27
1 38 2 -9 0.23 29
1 43 2 -9 0.27 31
1 34 1 -9 0.54 35
1 662 1 -9 0.5 36
1 423 1 -9 0.49 34
1 47 1 14 0.71 39
1 49 2 -9 0.27 30
1 49 2 -9 0.3 30
1 50 1 -9 0.4 34
1 586 1 -9 0.7 40
1 597 2 10 0.26 30
1 57 2 -9 0.19 27
1 58 2 -9 0.27 29
1 548 2 -9 0.26 30
1 549 2 -9 0.26 28
1 560 2 -9 0.28 30
1 512 1 -9 0.52 38
1 504 2 -9 0.41 34
1 511 1 14 0.54 36
1 756 1 18 0.57 39
1 526 1 -9 0.55 37
1 533 1 -9 0.46 34
1 606 2 -9 0.31 30
1 606 2 -9 0.33 31
1 561 2 14 0.34 31
1 561 2 -9 0.26 29
1 544 2 11 0.26 30
1 544 1 -9 0.42 32
1 578 1 -9 0.56 38
1 584 2 -9 0.32 31
1 601 1 -9 0.46 34
1 601 2 -9 0.28 30
1 602 1 -9 0.51 35
1 615 1 13 0.48 36
1 633 1 -9 0.44 34
1 328 1 -9 0.46 34
1 625 2 12 0.25 28
1 626 2 -9 0.26 29
1 629 2 -9 0.22 28
1 816 1 -9 0.39 32
1 856 1 -9 1.02 46
1 860 1 -9 0.54 35
1 389 1 -9 0.44 34
1 393 2 -9 0.26 30
1 395 2 -9 0.26 29
1 379 2 16 0.26 30
1 747 1 -9 0.34 32
1 383 2 -9 0.33 31
1 826 1 -9 -9 38
1 401 2 13 0.32 30
1 749 1 -9 0.48 36
1 750 2 12 0.23 28
1 750 1 -9 0.37 32
1 751 2 -9 0.3 31
1 823 1 -9 0.64 37
1 765 2 -9 0.34 33
1 427 1 -9 0.48 36
1 517 2 14 0.26 30
1 916 1 -9 0.4 34
1 881 1 -9 0.44 34
1 911 2 -9 0.4 34
1 912 1 -9 0.44 33
1 452 1 -9 0.45 34
1 479 2 -9 0.39 35
1 480 2 -9 0.33 32
1 500 1 -9 0.54 36
1 673 1 -9 0.44 34
1 674 1 -9 0.51 36
1 318 2 20 0.42 33
1 320 1 14 0.52 37
1 321 1 -9 0.58 37
1 847 1 15 0.68 39
1 847 1 -9 0.64 39
1 304 2 11 0.38 32
1 804 2 -9 0.16 27
1 781 2 -9 0.38 33
1 785 1 -9 0.21 27
1 352 2 -9 0.2 28
1 353 2 12 0.25 30
1 353 2 -9 0.24 30
1 682 1 -9 0.69 39
1 683 1 -9 0.4 36
1 689 1 10 0.41 32
1 348 2 13 0.29 30
1 698 1 14 0.43 33
1 297 2 18 0.26 30
1 944 1 -9 0.64 39
1 837 1 -9 0.66 39
1 300 1 -9 0.4 32
1 301 2 -9 0.34 32
1 951 2 -9 0.29 29
1 491 2 -9 0.25 28
1 409 1 -9 0.26 28
1 403 2 -9 0.28 31
1 404 2 -9 0.24 30
1 363 2 -9 0.34 31
1 830 2 -9 0.32 32
1 948 1 -9 0.48 34
1 593 1 25 0.91 43
1 900 2 -9 0.14 27
1 590 2 -9 0.56 36
1 344 2 -9 0.35 32
1 344 2 -9 0.26 30
1 1001 1 14 0.5 36
1 883 2 -9 0.38 32
1 885 1 -9 0.43 33
1 890 2 -9 0.26 28
1 640 1 -9 0.24 27
1 896 1 -9 0.55 36
1 971 1 12 0.62 37
1 1012 1 -9 0.69 37
1 973 1 -9 0.51 34
1 873 1 -9 0.42 35
1 937 1 -9 0.5 36
1 931 1 -9 0.42 35
1 864 1 -9 0.62 38
1 865 1 12 0.47 35
1 1060 2 12 0.26 29
1 1037 1 -9 0.79 39
1 1038 1 -9 0.75 39
1 1045 1 -9 0.66 36
1 1078 2 14 0.32 30
1 1090 1 -9 0.62 36
1 1258 1 -9 0.38 32
1 1279 1 -9 0.5 34
1 1115 2 -9 0.42 34
1 1076 1 -9 0.69 39
1 1139 2 -9 0.3 31
1 1150 2 -9 0.32 32
1 1354 1 -9 0.56 35
1 1161 1 -9 0.37 33
1 1162 2 -9 0.55 35
1 1224 2 -9 0.4 33
1 1164 2 14 0.42 32
1 1199 1 -9 0.62 36
1 1318 1 -9 0.68 37
1 1325 1 13 0.45 33
1 1409 1 -9 0.38 32
1 1234 2 -9 0.36 31
1 1377 1 -9 0.46 34
1 1344 1 -9 0.86 41
1 1346 1 -9 0.62 38
1 1380 1 -9 0.54 34
1 1247 1 -9 0.46 33
1 1126 1 -9 0.5 34
1 1110 2 13 0.37 32
1 1172 1 -9 0.54 35
1 1243 2 -9 0.46 34
1 1339 1 -9 0.36 32
1 65 1 10 0.5 34
1 693 1 -9 0.68 38
1 1393 1 -9 0.52 33
1 563 1 -9 0.51 35
1 599 2 -9 0.32 31
1 187 1 -9 0.63 38
1 245 2 -9 0.24 29
1 287 1 -9 0.44 34
1 939 1 14 0.41 34
1 328 1 -9 0.51 33
1 694 2 -9 0.32 30
1 478 2 -9 0.31 31
1 488 2 -9 0.31 31
1 103 2 11 0.24 28
1 105 1 -9 0.48 34
1 958 1 -9 0.54 35
1 623 2 10 0.2 27
1 557 2 -9 0.22 28
1 945 1 -9 0.52 36
1 929 1 -9 0.67 38
1 755 1 16 0.56 38
1 933 1 -9 0.5 34
1 237 2 -9 0.39 32
1 237 2 -9 0.32 31
1 825 1 -9 0.54 34
1 300 2 -9 0.35 32
1 214 1 -9 0.62 35
1 531 2 -9 0.52 34
1 557 2 -9 0.24 30
1 1211 2 -9 0.34 31
1 224 1 -9 0.65 38
1 852 2 -9 0.36 32
1 630 2 -9 0.2 27
1 14 1 -9 0.56 35
1 260 2 14 0.42 32
1 61 2 -9 0.38 33
1 733 1 -9 0.42 35
1 764 1 -9 0.61 36
1 1274 2 14 0.38 32
1 657 1 -9 0.67 38
1 515 1 -9 0.3 32
1 482 2 -9 0.25 28
1 114 1 -9 0.52 34
1 445 2 -9 0.27 29
1 1202 2 -9 0.36 31
1 1226 1 21 0.76 40
1 51 2 -9 0.33 30
1 1076 1 -9 0.47 34
1 221 1 -9 0.6 38
1 898 2 -9 0.29 32
1 278 2 -9 0.22 28
1 985 2 -9 0.35 31
1 1405 2 -9 0.51 35
1 40 2 -9 0.3 31
1 1116 1 13 0.53 36
1 1014 1 -9 0.59 35
1 932 1 -9 0.51 37
1 1411 1 13 0.68 37
1 1418 1 -9 0.66 37
1 450 1 11 0.51 33
1 471 2 -9 0.31 32
1 554 2 -9 0.26 29
1 196 1 -9 0.62 40
1 1378 1 -9 0.36 31
1 523 1 -9 0.5 36
1 356 2 -9 0.26 30
1 375 1 -9 0.68 36
1 432 2 -9 0.33 32
1 956 2 -9 0.64 36
1 1054 2 -9 0.5 34
1 752 2 -9 0.24 29
1 98 2 -9 0.34 32
1 732 1 -9 0.55 38
1 652 1 10 0.5 35
1 844 1 -9 0.42 33
1 854 1 -9 0.63 40
1 573 1 12 0.48 36
1 886 2 -9 0.28 30
1 914 1 -9 0.44 34
1 879 1 -9 0.34 36
1 1237 2 -9 0.34 31
1 849 1 -9 0.68 40
1 1268 1 -9 0.64 37
1 1285 1 -9 0.25 29
1 756 1 -9 0.64 40
1 97 2 -9 0.36 32
1 524 2 -9 0.47 35
1 449 1 -9 0.4 34
1 280 2 9 0.24 28
1 307 1 17 0.66 39
1 20 1 -9 0.58 36
1 562 2 12 0.32 30
1 408 1 14 0.61 37
1 194 2 -9 0.31 31
1 1398 2 -9 0.45 32
1 295 2 14 0.27 30
1 302 1 13 0.58 35
1 7 2 -9 0.53 29
1 18 1 -9 0.36 32
1 461 2 11 0.21 28
1 474 1 -9 0.58 34
1 495 1 24 0.7 41
1 508 1 -9 0.4 34
1 1004 2 -9 0.26 29
1 418 1 -9 0.47 37
1 123 1 -9 0.46 36
1 1064 1 15 0.43 34
1 71 1 -9 0.76 39
1 291 1 -9 0.54 37
1 358 2 -9 0.28 30
1 107 2 -9 0.28 30
1 444 1 -9 0.55 35
1 490 2 -9 0.33 30
1 1231 1 -9 0.68 38
1 49 2 13 0.28 30
1 497 2 -9 0.34 30
1 654 1 13 0.41 31
1 659 2 -9 0.25 29
1 621 2 -9 0.25 28
1 368 1 -9 0.39 31
1 966 1 9 0.57 35
1 1244 1 -9 0.72 38
1 615 1 -9 0.5 37
1 792 1 -9 0.52 37
1 800 1 -9 0.4 33
1 1098 2 10 0.38 32
1 1357 2 -9 0.38 31
1 144 2 -9 0.32 31
1 193 2 -9 0.37 33
1 241 2 -9 0.3 31
1 298 2 -9 0.29 30
1 382 2 -9 0.52 36
1 396 2 13 0.27 29
1 447 2 -9 0.31 31
1 478 2 -9 0.23 31
1 435 2 -9 0.48 33
1 113 1 -9 0.56 34
1 89 2 -9 0.3 30
1 90 2 -9 0.24 29
1 670 1 -9 0.54 37
1 368 1 19 0.75 41
1 368 2 -9 0.44 34
1 70 2 -9 0.22 28
1 582 2 10 0.29 29
1 117 2 10 0.22 28
1 117 1 -9 0.36 33
1 118 2 10 0.26 29
1 123 2 -9 0.3 30
1 124 1 -9 0.5 36
1 91 1 12 0.58 37
1 197 1 -9 0.36 33
1 75 2 -9 0.38 33
1 109 1 -9 0.5 34
1 111 1 -9 0.72 38
1 284 2 -9 0.24 29
1 293 1 -9 0.48 33
1 238 2 -9 0.35 30
1 238 1 -9 0.68 38
1 238 2 -9 0.29 30
1 247 2 -9 0.32 31
1 248 2 -9 0.28 30
1 218 1 -9 0.64 35
1 271 2 -9 0.26 28
1 273 2 -9 0.24 29
1 118 2 -9 0.28 30
1 120 2 11 0.24 28
1 216 1 13 0.57 38
1 225 1 -9 0.43 32
1 257 2 -9 0.34 29
1 258 2 -9 0.28 30
1 278 2 -9 0.25 29
1 281 2 -9 0.33 31
1 281 2 -9 0.26 28
1 283 2 -9 0.3 30
1 81 2 -9 0.22 28
1 268 1 -9 0.37 32
1 270 1 -9 0.64 36
1 270 2 12 0.35 31
1 163 2 -9 0.36 31
1 191 1 -9 0.47 36
1 169 1 -9 0.61 36
1 170 1 -9 0.72 39
1 172 2 12 0.26 29
1 411 2 10 0.34 31
1 707 2 -9 0.43 35
1 175 2 -9 0.25 29
1 140 1 -9 0.62 37
1 656 1 -9 0.57 36
1 656 1 -9 0.37 32
1 156 1 -9 0.75 39
1 184 1 -9 0.54 36
1 808 1 -9 0.61 37
1 809 1 -9 0.58 37
1 599 2 -9 0.26 30
1 138 1 -9 0.43 32
1 16 2 -9 0.29 30
1 16 1 -9 0.61 37
1 188 2 -9 0.35 33
1 369 1 15 0.71 37
1 370 1 10 0.44 33
1 370 1 -9 0.54 35
1 371 1 -9 0.61 36
1 371 1 -9 0.6 36
1 26 2 -9 0.31 31
1 374 1 -9 0.46 33
1 30 1 -9 0.61 36
1 31 1 12 0.68 36
1 718 2 -9 0.27 31
1 720 1 -9 0.53 36
1 41 1 7 0.38 32
1 44 2 -9 0.25 29
1 723 2 14 0.27 31
1 730 1 15 0.54 36
1 53 2 -9 0.23 29
1 53 2 -9 0.2 27
1 68 1 -9 0.56 35
1 68 1 10 0.45 32
1 52 1 -9 0.5 37
1 587 2 -9 0.4 35
1 588 1 -9 0.4 32
1 597 2 -9 0.24 29
1 57 2 14 0.2 27
1 58 2 -9 0.29 29
1 546 2 11 0.29 29
1 548 1 -9 0.26 29
1 555 2 10 0.22 28
1 556 2 -9 0.28 30
1 558 2 9 0.26 29
1 506 1 -9 0.52 35
1 508 2 10 0.34 31
1 753 2 -9 0.26 29
1 756 2 -9 0.42 35
1 606 2 12 0.28 30
1 537 1 -9 0.44 33
1 539 1 -9 0.62 36
1 543 2 -9 0.3 31
1 581 1 14 0.52 36
1 585 1 13 0.7 40
1 461 2 -9 0.29 30
1 464 1 -9 0.51 36
1 458 2 12 0.25 29
1 614 1 17 0.69 40
1 615 2 -9 0.26 29
1 668 1 -9 0.44 34
1 632 2 -9 0.22 29
1 632 2 -9 0.28 30
1 633 2 10 0.28 30
1 621 2 14 0.3 31
1 623 2 -9 0.22 28
1 624 2 12 0.27 29
1 630 2 -9 0.24 29
1 630 2 16 0.32 32
1 431 1 -9 0.5 36
1 709 2 -9 0.27 31
1 857 2 -9 0.71 29
1 860 1 -9 0.54 35
1 384 2 11 0.27 30
1 393 2 10 0.23 28
1 394 2 -9 0.24 28
1 378 2 -9 0.34 30
1 381 2 -9 0.29 30
1 391 2 13 0.23 29
1 434 1 12 0.54 35
1 744 2 -9 0.26 30
1 400 2 -9 0.33 30
1 763 1 -9 0.88 44
1 914 1 -9 0.55 36
1 882 2 -9 0.38 32
1 912 2 -9 0.28 29
1 477 1 -9 0.55 35
1 481 2 10 0.28 30
1 443 2 -9 0.4 32
1 446 2 -9 0.44 34
1 499 1 14 0.74 37
1 502 1 -9 0.48 34
1 674 1 12 0.4 32
1 469 2 -9 0.33 32
1 321 1 -9 0.52 36
1 847 1 -9 0.82 39
1 847 1 -9 0.64 38
1 304 1 -9 0.56 37
1 998 1 -9 0.53 34
1 788 1 -9 0.58 37
1 776 1 -9 0.6 37
1 796 2 13 0.55 37
1 353 2 -9 0.23 29
1 298 2 13 0.26 30
1 355 2 -9 0.28 28
1 356 2 -9 0.26 30
1 849 1 13 0.68 39
1 850 2 13 0.36 32
1 852 2 -9 0.32 32
1 359 2 13 0.22 29
1 309 1 11 0.64 37
1 695 1 -9 0.49 35
1 301 2 -9 0.28 30
1 314 1 -9 0.42 35
1 492 2 -9 0.31 30
1 489 2 -9 0.37 33
1 491 2 -9 0.24 28
1 406 2 -9 0.24 29
1 403 1 -9 0.7 41
1 403 1 13 0.56 37
1 494 1 -9 0.44 33
1 827 1 -9 0.58 37
1 948 1 -9 0.54 36
1 948 1 -9 0.7 37
1 890 2 -9 0.32 31
1 892 1 -9 0.46 35
1 637 1 11 0.46 33
1 639 1 -9 0.44 34
1 595 2 -9 0.24 30
1 897 1 -9 0.55 36
1 899 1 -9 0.51 36
1 591 1 23 0.9 40
1 1005 1 19 0.65 36
1 343 2 -9 0.32 31
1 1001 1 -9 0.6 36
1 1002 1 -9 0.39 32
1 341 2 -9 0.25 28
1 640 2 -9 0.36 32
1 642 1 13 0.36 32
1 909 1 -9 0.69 38
1 922 1 -9 0.46 38
1 961 2 -9 0.29 29
1 1021 1 -9 0.52 34
1 1013 1 -9 0.8 39
1 976 2 -9 0.4 32
1 979 1 -9 0.57 34
1 988 1 -9 0.65 38
1 991 1 -9 0.61 34
1 932 1 10 0.47 34
1 935 1 -9 0.57 37
1 880 1 -9 0.67 39
1 862 1 -9 0.51 37
1 1037 2 -9 0.38 31
1 1059 1 -9 0.39 33
1 1034 1 26 0.88 40
1 1183 2 14 0.59 38
1 1256 2 -9 0.4 32
1 1061 1 -9 0.53 35
1 1333 1 -9 0.58 35
1 1063 1 -9 0.72 39
1 1107 2 -9 0.45 33
1 1120 1 -9 0.54 36
1 1142 1 -9 0.39 32
1 1304 2 -9 0.41 33
1 1285 2 -9 0.27 30
1 1161 2 -9 0.42 33
1 1219 1 9 0.41 33
1 1222 1 19 0.66 39
1 1223 1 -9 0.85 41
1 1214 1 -9 0.42 33
1 1153 2 -9 0.3 30
1 1358 2 -9 0.41 32
1 1205 1 -9 0.62 37
1 1316 1 -9 0.66 37
1 1233 2 14 0.46 33
1 1298 1 13 0.77 41
1 1383 1 -9 0.44 33
1 1387 1 -9 0.74 39
1 1382 1 14 0.58 36
1 1114 2 -9 0.38 31
1 1402 1 -9 0.59 33
1 1406 2 -9 0.45 33
1 1278 1 -9 0.44 33
1 1097 1 -9 0.6 37
1 1169 2 -9 0.42 32
1 1207 2 -9 0.4 32
1 637 1 -9 0.51 36
1 1206 2 -9 0.4 32
1 596 2 -9 0.24 29
1 851 1 -9 0.64 36
1 293 1 -9 0.66 38
1 1303 1 -9 0.61 36
1 1306 2 -9 0.34 31
1 982 1 -9 0.55 35
1 343 2 -9 0.24 30
1 475 1 13 0.54 36
1 488 2 -9 0.31 30
1 647 1 -9 0.33 32
1 101 1 -9 0.5 34
1 217 1 -9 0.55 34
1 670 2 -9 0.22 29
1 100 2 -9 0.3 30
1 1420 2 -9 0.37 31
1 142 2 11 0.25 29
1 300 2 -9 0.32 32
1 826 2 12 -9 33
1 206 1 -9 0.56 34
1 214 1 14 0.58 37
1 220 2 -9 0.23 28
1 1028 1 -9 0.68 39
1 1269 1 -9 0.55 35
1 890 2 11 0.27 29
1 1368 1 -9 0.67 38
1 267 2 -9 0.22 29
1 357 1 -9 0.38 32
1 383 1 10 0.43 33
1 100 2 -9 0.36 31
1 1392 2 -9 0.36 32
1 445 2 -9 0.32 30
1 833 1 -9 0.58 36
1 405 2 -9 0.32 31
1 1173 1 -9 0.38 31
1 147 1 -9 0.36 32
1 490 2 -9 0.34 32
1 274 1 -9 0.16 25
1 313 1 -9 0.68 40
1 638 2 13 0.43 34
1 647 2 14 0.59 37
1 855 1 -9 0.58 39
1 1291 1 -9 0.51 33
1 605 1 -9 0.45 34
1 383 2 -9 0.22 28
1 477 2 -9 0.36 32
1 106 1 -9 0.52 34
1 932 1 -9 0.56 37
1 1177 1 -9 0.56 36
1 963 1 9 0.42 33
1 1070 1 -9 0.57 36
1 589 2 15 0.38 33
1 258 1 9 0.5 34
1 273 1 -9 0.62 36
1 987 1 10 0.4 34
1 623 2 -9 0.28 31
1 653 2 -9 0.32 31
1 671 1 -9 0.38 31
1 1197 2 -9 0.34 30
1 39 1 11 0.47 33
1 1264 1 -9 0.51 34
1 1039 1 -9 0.62 37
1 1422 2 -9 0.26 31
1 633 2 -9 0.34 32
1 570 1 -9 0.66 39
1 274 1 17 0.51 36
1 276 1 -9 0.29 30
1 407 2 -9 0.26 30
1 408 2 -9 0.26 30
1 1323 1 -9 0.52 35
1 1122 1 -9 0.62 35
1 818 1 -9 0.5 34
1 860 1 -9 0.74 41
1 993 1 -9 0.45 33
1 212 1 -9 0.59 35
1 446 1 -9 0.44 34
1 526 1 -9 0.47 35
1 561 2 -9 0.32 30
1 345 1 17 0.58 37
1 351 2 -9 0.24 28
1 379 2 -9 0.22 27
1 177 2 12 0.25 28
1 386 2 13 0.3 31
1 390 2 11 0.26 29
1 299 2 -9 0.28 30
1 299 1 -9 0.5 34
1 311 1 -9 0.79 42
1 335 2 -9 0.36 33
1 156 1 10 0.51 35
1 354 2 10 0.24 28
1 914 1 -9 0.45 34
1 455 1 -9 0.6 37
1 323 1 -9 0.42 34
1 582 1 -9 0.56 35
1 684 1 -9 0.52 34
1 383 2 -9 0.21 27
1 414 1 -9 0.38 33
1 861 1 12 0.52 37
1 113 2 -9 0.32 31
1 142 2 -9 0.29 30
1 236 2 -9 0.24 29
1 782 1 10 0.46 34
1 1161 2 22 0.59 37
1 278 1 18 0.56 36
1 343 2 -9 0.3 32
1 1140 2 -9 0.41 34
1 995 1 -9 0.54 35
1 107 2 10 0.26 29
1 474 1 -9 0.26 29
1 236 2 -9 0.33 32
1 54 2 -9 0.29 30
1 711 1 10 0.39 34
1 521 1 -9 0.59 37
1 1210 1 -9 0.58 35
1 31 1 -9 0.61 37
1 917 1 -9 0.52 35
1 875 1 -9 0.41 34
1 1152 1 -9 0.38 33
1 949 1 -9 0.48 33
1 820 1 11 0.46 34
1 101 1 14 0.54 34
1 183 1 -9 0.54 35
1 348 2 -9 0.3 30
1 407 2 -9 0.3 30
1 459 2 -9 0.22 28
1 70 2 12 0.26 28
1 636 2 13 0.3 31
1 1043 1 -9 0.52 34
1 88 2 -9 0.32 30
1 112 1 11 0.4 33
1 89 2 -9 0.22 29
1 89 2 -9 0.23 29
1 88 2 -9 0.36 32
1 142 2 -9 0.24 29
1 636 2 -9 0.28 29
1 368 1 -9 0.64 39
1 392 2 -9 0.28 30
1 418 1 -9 0.5 34
1 459 2 -9 0.18 27
1 122 2 -9 0.34 32
1 123 1 -9 0.44 34
1 123 1 -9 0.58 38
1 126 1 13 0.6 36
1 75 2 16 0.26 29
1 103 1 -9 0.5 34
1 110 1 -9 0.48 33
1 112 1 -9 0.8 39
1 113 2 -9 0.46 35
1 284 2 12 0.32 31
1 285 1 -9 0.32 31
1 237 2 -9 0.25 29
1 241 2 -9 0.24 29
1 246 2 -9 0.24 28
1 248 2 12 0.25 29
1 218 2 -9 0.28 29
1 219 2 -9 0.24 29
1 220 2 -9 0.3 29
1 274 1 -9 0.36 31
1 254 1 -9 0.48 34
1 256 2 -9 0.28 30
1 292 1 -9 0.56 37
1 131 1 -9 0.38 33
1 276 2 -9 0.22 28
1 279 1 -9 0.68 37
1 281 2 -9 0.25 28
1 283 2 -9 0.3 31
1 82 2 -9 0.28 31
1 266 1 -9 0.4 32
1 268 2 -9 0.24 27
1 269 2 -9 0.32 31
1 168 1 -9 0.59 36
1 173 2 -9 0.26 29
1 173 2 -9 0.25 29
1 364 1 -9 0.38 32
1 410 2 -9 0.28 28
1 411 2 -9 0.22 29
1 148 1 12 0.46 35
1 138 2 -9 0.24 28
1 139 2 -9 0.18 27
1 652 1 -9 0.47 34
1 653 1 -9 0.4 35
1 154 2 26 0.81 39
1 155 1 13 0.63 38
1 810 1 -9 0.62 39
1 810 1 -9 0.59 37
1 598 1 -9 0.61 36
1 600 2 -9 0.26 29
1 647 1 -9 0.55 37
1 415 2 -9 0.27 30
1 420 2 -9 0.28 30
1 10 1 12 0.54 34
1 9 2 -9 0.35 31
1 150 2 -9 0.37 32
1 23 1 -9 0.39 31
1 374 1 -9 0.61 36
1 374 2 -9 0.27 30
1 375 2 -9 0.26 28
1 375 2 13 0.3 31
1 376 2 14 0.28 29
1 29 1 -9 0.49 34
1 40 2 13 0.3 31
1 731 1 -9 0.37 32
1 32 1 -9 0.55 35
1 33 1 -9 0.58 34
1 663 2 -9 0.55 37
1 50 2 -9 0.25 29
1 51 2 10 0.27 29
1 55 2 13 0.3 30
1 56 2 -9 0.28 30
1 60 1 11 0.25 29
1 60 2 -9 0.23 28
1 547 1 -9 0.28 29
1 547 1 -9 0.5 34
1 554 2 -9 0.3 29
1 511 2 -9 0.28 29
1 511 2 -9 0.28 30
1 752 2 -9 0.23 28
1 757 2 -9 0.41 34
1 518 2 -9 0.26 31
1 520 2 -9 0.46 35
1 525 2 -9 0.31 32
1 529 1 -9 0.47 36
1 536 1 -9 0.38 36
1 537 2 -9 0.3 29
1 543 2 -9 0.24 27
1 572 2 -9 0.23 28
1 460 2 -9 0.24 28
1 465 2 -9 0.3 31
1 608 1 -9 0.47 37
1 457 1 -9 0.58 36
1 616 1 -9 0.42 34
1 631 2 -9 0.38 33
1 632 2 -9 0.36 33
1 633 2 -9 0.26 29
1 622 2 -9 0.28 30
1 626 2 10 0.22 28
1 627 1 -9 0.38 33
1 815 1 -9 0.44 36
1 855 1 -9 0.78 40
1 856 1 -9 1.04 45
1 386 2 -9 0.25 28
1 386 2 -9 0.25 29
1 433 2 10 0.3 36
1 391 2 -9 0.34 30
1 399 1 -9 0.71 40
1 750 2 -9 0.37 32
1 823 1 23 0.82 41
1 764 2 -9 0.72 42
1 517 2 -9 0.23 29
1 646 2 -9 0.37 33
1 915 1 -9 0.28 30
1 337 1 -9 0.8 39
1 883 2 -9 0.32 31
1 449 1 14 0.58 37
1 451 1 14 0.91 39
1 478 2 -9 0.27 29
1 481 2 -9 0.22 27
1 482 2 12 0.26 30
1 482 2 -9 0.19 28
1 499 2 -9 0.28 31
1 445 2 -9 0.22 27
1 446 2 10 0.37 32
1 500 2 -9 0.22 28
1 503 2 -9 0.29 30
1 466 2 -9 0.28 29
1 469 2 -9 0.43 35
1 303 2 10 0.4 33
1 324 1 -9 0.46 35
1 998 2 -9 0.34 31
1 999 1 19 0.66 37
1 790 1 -9 0.5 35
1 797 1 -9 0.63 39
1 802 2 15 0.26 32
1 807 2 -9 0.29 29
1 774 1 -9 0.71 40
1 714 2 -9 0.4 33
1 350 2 10 0.25 29
1 354 2 -9 0.25 29
1 676 2 -9 0.26 29
1 679 2 13 0.35 31
1 685 1 -9 0.51 36
1 686 1 -9 0.44 35
1 360 2 10 0.18 26
1 691 1 -9 0.56 39
1 957 2 -9 0.48 35
1 347 1 -9 0.41 34
1 347 2 -9 0.26 31
1 838 1 13 0.56 38
1 839 1 -9 0.72 38
1 841 1 -9 0.64 38
1 314 1 -9 0.54 37
1 770 2 16 0.53 36
1 485 1 -9 0.47 34
1 486 2 -9 0.23 29
1 488 2 11 0.26 29
1 405 2 -9 0.24 29
1 483 2 -9 0.3 31
1 404 2 -9 0.28 32
1 494 1 -9 0.44 34
1 828 2 -9 0.28 31
1 832 1 13 0.44 33
1 892 1 -9 0.56 38
1 903 1 -9 0.54 37
1 634 2 -9 0.24 31
1 592 2 -9 0.37 34
1 472 1 -9 0.34 34
1 476 2 -9 0.33 31
1 1006 1 -9 0.62 37
1 341 2 -9 0.32 32
1 1002 1 15 0.71 38
1 885 1 10 0.35 31
1 885 2 -9 0.28 30
1 887 1 -9 0.42 34
1 921 1 -9 0.44 34
1 961 1 -9 0.3 30
1 984 1 -9 0.45 34
1 930 1 -9 0.61 37
1 935 1 -9 0.48 35
1 862 1 12 0.56 36
1 1037 1 -9 0.58 36
1 1065 1 -9 0.64 37
1 1079 1 -9 0.58 34
1 1089 1 -9 0.77 41
1 1094 2 -9 0.42 32
1 1174 1 15 0.88 40
1 1178 1 -9 0.74 39
1 1257 1 -9 0.54 35
1 1071 1 -9 0.55 35
1 1072 1 12 0.61 37
1 1075 1 -9 0.2 27
1 1077 1 -9 0.8 38
1 1133 1 -9 0.75 36
1 1191 1 -9 0.66 38
1 1322 2 -9 0.35 31
1 1356 1 -9 0.38 33
1 1313 2 -9 0.26 30
1 1335 1 -9 0.52 34
1 1336 2 -9 0.39 33
1 1230 1 -9 0.44 33
1 1417 2 -9 0.26 28
1 1302 2 -9 0.34 31
1 1235 1 -9 0.6 37
1 1388 1 -9 0.52 35
1 1389 1 -9 0.59 34
1 1249 1 -9 0.44 34
1 1124 1 -9 0.5 34
1 1239 1 12 0.38 32
1 1241 1 -9 0.56 36
1 1168 2 -9 0.46 35
1 1272 2 -9 0.32 32
1 638 1 -9 0.52 36
1 562 2 -9 0.26 31
1 595 2 14 0.26 28
1 199 1 -9 0.52 34
1 231 2 16 0.22 29
1 275 1 -9 0.27 28
1 15 2 -9 0.4 32
1 41 1 -9 0.61 38
1 49 2 -9 0.27 29
1 54 1 -9 0.48 35
1 1238 2 7 0.28 29
1 360 2 -9 0.22 28
1 404 2 -9 0.24 29
1 669 1 -9 0.62 38
1 681 1 -9 0.54 35
1 465 2 -9 0.42 34
1 655 1 -9 0.45 33
1 119 2 -9 0.22 28
1 129 2 -9 0.32 32
1 244 2 -9 0.28 30
1 506 2 13 0.26 30
1 519 2 11 0.24 29
1 1400 1 14 0.58 37
1 359 2 -9 0.28 30
1 743 1 -9 0.5 38
1 198 2 -9 0.36 31
1 121 2 -9 0.32 30
1 303 1 -9 0.68 35
1 129 2 -9 0.32 31
1 223 2 -9 0.26 29
1 539 2 -9 0.32 31
1 927 1 -9 0.46 34
1 500 1 -9 0.41 33
1 430 1 -9 0.42 34
1 625 2 -9 0.38 31
1 54 2 -9 0.29 30
1 1414 2 -9 0.37 31
1 1100 1 -9 0.39 34
1 349 2 -9 0.28 31
1 1069 2 -9 0.26 29
1 611 1 -9 0.57 37
1 128 2 -9 0.28 30
1 326 1 -9 0.52 35
1 443 1 25 0.76 40
1 473 2 -9 0.27 29
1 1188 2 -9 0.43 33
1 8 1 -9 0.64 36
1 190 1 -9 0.42 33
1 139 2 -9 0.21 28
1 599 2 11 0.31 31
1 641 1 -9 0.34 31
1 755 1 -9 0.48 34
1 551 2 -9 0.38 33
1 551 1 -9 0.58 35
1 1186 1 11 0.44 33
1 678 1 -9 0.39 32
1 1342 1 -9 0.68 39
1 560 2 -9 0.26 30
1 825 1 -9 0.58 37
1 997 2 -9 0.3 31
1 1137 1 -9 0.54 34
1 1289 1 14 0.68 37
1 39 2 -9 0.26 29
1 527 1 -9 0.46 35
1 551 2 -9 0.49 35
1 1085 1 -9 0.34 34
1 983 1 -9 0.48 34
1 951 1 12 0.53 37
1 1005 1 -9 0.49 34
1 1017 1 -9 0.66 38
1 501 2 -9 0.35 32
1 89 2 15 0.43 33
1 778 1 -9 0.75 41
1 1315 1 25 0.94 43
1 23 1 -9 0.6 37
1 241 2 13 0.26 29
1 1260 1 -9 0.53 34
1 360 2 -9 0.24 27
1 492 1 12 0.52 35
1 1102 1 11 0.52 36
1 694 1 25 0.67 39
1 729 1 -9 0.46 34
1 352 2 -9 0.24 29
1 447 1 -9 0.6 37
1 448 2 -9 0.24 28
1 36 2 -9 0.29 29
1 460 1 -9 0.43 36
1 502 1 -9 0.56 36
1 1002 1 -9 0.55 36
1 379 1 -9 0.6 37
1 1112 1 -9 0.6 36
1 636 2 -9 0.3 31
1 904 1 -9 0.84 41
1 134 1 -9 0.52 36
1 177 2 -9 0.26 30
1 195 1 -9 0.49 36
1 258 2 -9 0.26 29
1 1044 1 -9 0.6 37
1 489 2 -9 0.32 31
1 231 2 -9 0.29 30
1 669 1 13 0.52 36
1 396 2 -9 0.24 28
1 1396 1 -9 0.43 31
1 1101 1 10 0.38 33
1 1024 1 -9 0.5 38
1 1058 1 -9 0.93 40
1 1086 2 -9 0.47 34
1 1076 1 -9 0.46 34
1 268 2 -9 0.32 30
1 282 2 -9 0.36 32
1 108 1 -9 0.52 35
1 141 1 -9 0.6 37
1 217 1 -9 0.43 32
1 198 2 -9 0.39 31
1 459 2 14 0.48 35
1 122 1 -9 0.42 34
1 74 1 -9 0.52 34
1 74 2 -9 0.3 31
1 76 1 -9 0.62 38
1 77 2 11 0.38 32
1 8 1 -9 0.42 33
1 111 1 14 0.5 34
1 286 1 -9 0.67 38
1 288 1 -9 0.46 36
1 294 1 -9 0.42 33
1 233 2 -9 0.26 30
1 235 2 12 0.27 30
1 237 2 -9 0.25 29
1 92 2 -9 0.3 30
1 242 2 -9 0.34 31
1 242 2 -9 0.31 31
1 246 2 -9 0.3 31
1 247 2 11 0.3 31
1 218 1 10 0.45 33
1 220 2 6 0.17 26
1 220 2 -9 0.23 28
1 270 2 -9 0.21 27
1 272 2 10 0.26 29
1 215 1 -9 0.49 34
1 224 1 -9 0.57 36
1 228 1 -9 0.58 37
1 229 2 -9 0.44 34
1 230 2 11 0.25 29
1 289 1 -9 0.44 35
1 128 2 -9 0.26 30
1 129 2 -9 0.22 29
1 134 1 -9 0.46 34
1 275 1 14 0.54 35
1 280 2 -9 0.26 29
1 80 2 -9 0.22 29
1 81 2 -9 0.24 28
1 159 1 -9 0.57 34
1 174 2 -9 0.4 33
1 410 1 11 0.46 35
1 659 1 -9 0.47 35
1 661 1 -9 0.5 38
1 156 1 -9 0.42 33
1 179 1 -9 0.71 39
1 809 1 -9 0.48 35
1 810 1 -9 0.33 31
1 598 2 -9 0.21 28
1 419 1 -9 0.33 32
1 21 1 -9 0.48 34
1 23 1 10 0.38 32
1 26 1 -9 0.65 38
1 36 2 -9 0.34 32
1 37 2 11 0.29 30
1 40 2 -9 0.35 32
1 41 1 -9 0.66 36
1 727 2 11 0.24 30
1 736 1 -9 0.3 30
1 68 2 -9 0.31 31
1 86 2 -9 0.4 33
1 378 2 -9 0.28 28
1 46 2 -9 0.31 31
1 47 1 -9 0.51 36
1 48 2 -9 0.22 27
1 52 1 -9 0.93 41
1 53 2 -9 0.25 29
1 57 2 -9 0.28 30
1 58 2 -9 0.23 29
1 60 1 -9 0.41 34
1 549 2 -9 0.25 28
1 550 1 -9 0.48 34
1 552 1 -9 0.5 34
1 553 1 13 0.37 33
1 555 1 -9 0.38 33
1 555 2 -9 0.21 27
1 512 2 -9 0.22 30
1 569 1 -9 0.42 34
1 752 2 13 0.29 31
1 757 1 -9 0.53 36
1 528 2 15 0.36 33
1 531 2 -9 0.54 36
1 825 2 13 0.28 30
1 537 2 25 0.38 32
1 539 1 12 0.54 34
1 539 1 -9 0.64 36
1 540 1 -9 0.34 31
1 541 2 -9 0.32 32
1 543 2 10 0.28 29
1 574 1 12 0.68 37
1 666 1 -9 0.5 37
1 465 2 -9 0.13 25
1 601 1 -9 0.42 34
1 602 1 -9 0.48 36
1 605 2 -9 0.33 31
1 456 1 -9 0.46 34
1 457 2 11 0.42 33
1 614 1 -9 0.43 34
1 614 1 -9 0.44 34
1 618 1 -9 0.36 36
1 671 2 -9 0.36 32
1 328 2 13 0.24 30
1 629 2 -9 0.32 31
1 629 2 -9 0.26 30
1 629 2 -9 0.24 29
1 710 2 -9 0.21 29
1 853 1 -9 0.56 37
1 384 2 -9 0.25 29
1 385 2 9 0.24 29
1 387 1 -9 0.47 34
1 379 2 -9 0.28 30
1 745 2 -9 0.28 29
1 741 2 -9 0.71 39
1 745 2 12 0.3 30
1 515 1 -9 0.58 37
1 516 2 -9 0.24 29
1 516 2 11 0.26 29
1 914 1 19 0.76 40
1 332 1 -9 0.8 39
1 335 2 -9 0.31 30
1 911 1 -9 0.52 36
1 482 2 -9 0.22 28
1 499 2 -9 0.38 32
1 444 1 -9 0.55 36
1 445 2 13 0.3 31
1 500 1 12 0.59 35
1 448 1 -9 0.44 33
1 467 2 -9 0.28 30
1 319 1 -9 0.48 35
1 844 1 -9 0.4 33
1 845 1 -9 0.32 31
1 845 1 -9 0.62 37
1 997 1 -9 0.6 36
1 788 1 -9 0.62 37
1 310 1 -9 0.66 41
1 776 1 -9 0.84 41
1 832 1 -9 0.44 34
1 833 1 -9 0.48 36
1 798 1 -9 0.65 37
1 798 1 13 0.51 34
1 777 1 -9 0.88 42
1 803 2 19 0.21 30
1 780 1 -9 0.45 34
1 784 1 -9 0.24 30
1 805 1 -9 0.59 35
1 994 1 -9 0.53 34
1 349 1 -9 0.4 34
1 350 2 -9 0.18 27
1 676 1 15 0.64 37
1 677 2 12 0.29 31
1 299 1 10 0.59 36
1 354 2 -9 0.33 33
1 682 1 25 0.8 41
1 682 1 -9 0.38 31
1 850 2 -9 0.34 33
1 357 2 -9 0.32 32
1 346 2 11 0.29 30
1 347 2 -9 0.23 28
1 959 1 -9 0.66 38
1 295 1 -9 0.45 34
1 946 2 -9 0.23 32
1 840 1 -9 0.46 36
1 842 1 -9 0.48 35
1 843 1 26 0.64 37
1 487 2 -9 0.26 30
1 490 2 -9 0.27 30
1 408 2 -9 0.32 31
1 408 2 -9 0.31 32
1 405 2 11 0.22 29
1 768 1 -9 0.88 41
1 769 1 -9 -9 32
1 403 1 -9 0.7 38
1 829 1 -9 0.46 35
1 830 1 -9 0.48 35
1 831 1 -9 0.6 38
1 891 2 -9 0.31 30
1 892 1 -9 0.46 35
1 643 2 -9 0.28 30
1 594 2 -9 0.42 33
1 472 2 -9 0.31 31
1 475 2 -9 0.23 29
1 1005 2 -9 0.48 35
1 341 2 -9 0.26 29
1 344 2 -9 0.3 30
1 340 1 -9 0.62 38
1 964 2 15 0.58 35
1 974 1 -9 0.72 37
1 978 1 -9 0.49 34
1 986 1 10 0.53 34
1 1051 1 14 0.49 38
1 926 1 -9 0.46 36
1 933 1 -9 0.57 37
1 934 1 -9 0.42 33
1 864 2 -9 0.33 31
1 1050 1 -9 0.64 37
1 1088 1 -9 0.39 30
1 1035 1 -9 0.62 37
1 1093 1 -9 0.7 38
1 1283 2 14 0.48 33
1 1280 2 -9 0.48 34
1 1117 1 -9 0.57 36
1 1066 1 -9 0.58 37
1 1146 1 -9 0.52 35
1 1355 2 14 0.34 32
1 1288 2 -9 0.46 33
1 1229 1 -9 0.5 35
1 1209 1 -9 0.37 31
1 1157 1 -9 0.51 34
1 1157 2 -9 0.47 34
1 1167 2 10 0.32 31
1 1266 2 -9 0.42 32
1 1203 2 -9 0.48 35
1 1314 2 -9 0.39 34
1 1317 1 13 0.42 31
1 1327 1 -9 0.51 35
1 1328 1 -9 0.42 33
1 1104 2 10 0.37 32
1 1350 2 -9 0.31 30
1 1381 1 -9 0.68 41
1 1399 1 -9 0.7 37
1 1276 1 -9 0.66 38
1 1273 1 -9 0.55 35
1 635 2 -9 0.3 31
1 1416 2 -9 0.33 30
1 826 2 -9 -9 31
1 146 1 -9 0.4 33
1 180 1 -9 0.45 35
1 209 2 -9 0.35 31
1 223 2 12 0.32 31
1 232 2 -9 0.19 28
1 267 2 -9 0.26 29
1 28 1 -9 0.56 35
1 911 1 -9 0.44 34
1 381 2 7 0.21 27
1 450 1 -9 0.63 36
1 896 1 18 0.65 39
1 583 1 -9 0.46 32
1 371 1 -9 0.62 36
1 45 1 -9 0.5 33
1 1404 1 -9 0.29 32
1 402 1 -9 0.68 37
1 1125 1 -9 0.58 35
1 345 1 -9 0.4 33
1 799 1 -9 0.55 36
1 787 1 -9 -9 32
1 86 2 -9 0.32 30
1 1251 1 -9 0.44 34
1 942 1 -9 0.56 36
1 502 1 -9 0.56 36
1 342 2 12 0.32 30
1 369 1 -9 0.9 40
1 1259 2 14 0.44 34
1 469 2 10 0.23 28
1 680 1 -9 0.46 34
1 1138 2 -9 0.35 31
1 232 2 -9 0.22 29
1 74 1 11 0.58 36
1 32 2 18 0.34 30
1 385 1 -9 0.45 33
1 911 2 10 0.28 30
1 916 1 -9 0.44 35
1 836 1 -9 0.52 39
1 822 1 -9 0.48 36
1 1326 1 -9 0.91 40
1 888 2 -9 0.31 30
1 376 1 -9 0.45 34
1 701 1 -9 0.52 39
1 927 1 -9 0.45 34
1 1096 1 -9 0.56 37
1 274 1 -9 0.3 31
1 467 2 -9 0.3 30
1 472 1 14 0.29 35
1 1190 1 -9 0.78 38
1 35 1 -9 0.75 38
1 222 1 -9 0.9 41
1 230 2 -9 0.28 29
1 141 2 13 0.22 30
1 891 2 14 0.35 32
1 279 1 12 0.42 32
1 973 2 -9 0.34 29
1 987 1 -9 0.44 34
1 621 2 -9 0.22 27
1 622 2 -9 0.28 30
1 624 2 -9 0.27 31
1 716 1 14 0.65 38
1 275 1 -9 0.57 36
1 75 2 -9 0.24 28
1 2 2 -9 0.61 36
1 682 1 -9 0.57 36
1 1033 1 -9 0.6 36
1 888 2 -9 0.34 32
1 986 1 -9 0.59 36
1 645 2 12 0.48 35
1 483 2 10 0.21 28
1 259 2 -9 0.36 32
1 346 2 -9 0.31 31
1 928 2 -9 0.37 31
1 1290 1 14 0.72 38
1 42 2 -9 0.23 28
1 530 2 -9 0.44 36
1 624 2 -9 0.28 30
1 552 1 15 0.52 36
1 290 2 -9 0.23 29
1 553 2 -9 0.25 29
1 569 1 12 0.46 35
1 1262 1 9 0.4 31
1 862 1 -9 0.47 37
1 725 1 -9 0.72 39
1 693 1 -9 0.6 35
1 1297 1 -9 0.5 34
1 43 2 -9 0.39 32
1 679 1 -9 0.32 30
1 112 2 -9 0.28 30
1 1252 1 14 0.68 39
1 139 2 12 0.29 29
1 321 1 10 0.43 35
1 27 1 -9 0.64 37
1 1421 2 -9 0.4 32
1 165 1 -9 0.42 34
1 79 1 15 0.69 38
1 681 1 -9 0.5 34
1 285 2 -9 0.22 28
1 569 1 -9 0.48 34
1 219 2 -9 0.4 32
1 480 2 -9 0.28 30
1 484 1 -9 0.52 37
1 632 2 14 0.23 29
1 1366 2 -9 0.54 34
1 526 1 11 0.5 37
1 961 2 13 0.39 32
1 279 1 -9 0.5 36
1 479 2 -9 0.26 29
1 934 1 -9 0.48 34
1 155 1 -9 0.58 36
1 246 2 12 0.24 29
1 751 1 -9 0.4 35
1 155 1 -9 0.42 33
1 182 1 10 0.62 37
1 894 1 -9 0.71 39
1 1331 1 -9 0.54 35
1 694 1 -9 0.33 32
1 705 1 -9 0.43 33
1 64 1 -9 0.61 36
1 538 1 -9 0.62 38
1 556 2 12 0.24 29
1 574 1 -9 0.62 38
1 385 2 -9 0.21 28
1 1412 1 -9 0.56 36
1 191 1 15 0.58 39
1 229 2 -9 0.3 31
1 1095 2 -9 0.34 32
1 117 2 -9 0.26 30
1 385 2 -9 0.25 29
1 1111 2 12 0.38 31
1 929 1 25 0.54 37
1 90 2 -9 0.25 29
1 90 2 11 0.3 31
1 1282 1 -9 0.68 37
1 88 1 -9 0.48 36
1 670 1 -9 0.54 37
1 392 2 -9 0.29 31
1 418 2 13 0.25 29
1 198 1 -9 0.43 34
1 199 1 -9 0.29 29
1 199 1 -9 0.28 30
1 418 1 -9 0.45 33
1 693 1 -9 0.57 37
1 116 1 -9 0.58 38
1 94 1 -9 0.76 38
1 95 2 -9 0.28 30
1 96 1 13 0.58 36
1 103 1 -9 0.54 35
1 109 2 11 0.38 32
1 109 2 -9 0.34 31
1 110 2 -9 0.28 29
1 284 2 -9 0.24 29
1 288 1 -9 0.41 34
1 294 1 14 0.72 38
1 233 1 -9 0.58 38
1 234 2 -9 0.24 29
1 234 1 -9 0.4 34
1 92 1 -9 0.66 37
1 242 2 -9 0.4 33
1 221 2 -9 0.28 30
1 223 1 -9 0.56 34
1 225 1 -9 0.47 33
1 229 2 10 0.26 29
1 128 2 -9 0.22 28
1 129 2 -9 0.38 32
1 131 1 16 0.62 38
1 281 2 -9 0.32 32
1 282 2 13 0.3 31
1 262 1 -9 0.76 37
1 269 1 13 0.4 34
1 161 1 10 0.45 32
1 164 2 -9 0.24 27
1 166 1 -9 0.63 37
1 410 2 -9 0.26 29
1 410 2 -9 0.26 30
1 411 2 -9 0.24 29
1 176 2 10 0.26 30
1 154 1 -9 0.58 35
1 599 1 -9 0.46 34
1 412 1 -9 0.5 35
1 414 1 -9 0.72 40
1 414 1 -9 0.42 33
1 420 2 -9 0.28 31
1 137 2 -9 0.48 36
1 137 1 -9 0.41 33
1 17 2 14 0.28 29
1 187 1 -9 0.59 39
1 366 1 11 0.47 33
1 719 2 -9 0.28 30
1 37 2 -9 0.3 30
1 726 1 -9 0.33 33
1 734 1 -9 0.39 33
1 67 1 -9 0.62 36
1 85 1 -9 0.5 34
1 86 2 13 0.33 30
1 87 1 -9 0.69 37
1 34 1 -9 0.57 36
1 378 1 10 0.46 32
1 424 1 15 0.8 40
1 55 2 -9 0.23 29
1 596 2 -9 0.24 29
1 59 2 -9 0.2 28
1 545 2 -9 0.34 31
1 556 2 -9 0.3 30
1 558 2 -9 0.26 30
1 563 1 -9 0.54 36
1 564 1 -9 0.36 32
1 568 1 -9 0.6 38
1 753 2 -9 0.3 31
1 510 2 -9 0.24 29
1 757 1 -9 0.71 40
1 518 2 -9 0.26 31
1 560 2 -9 0.28 29
1 543 1 -9 0.52 34
1 545 2 -9 0.22 28
1 571 1 -9 0.5 37
1 575 1 -9 0.48 35
1 580 1 -9 0.62 37
1 583 1 -9 0.5 36
1 460 2 -9 0.26 29
1 465 2 10 0.26 28
1 466 2 -9 0.24 29
1 603 2 -9 0.34 32
1 604 1 -9 0.57 35
1 667 1 14 0.58 38
1 328 2 -9 0.31 31
1 623 2 -9 0.3 31
1 627 2 -9 0.26 29
1 627 2 -9 0.22 28
1 628 2 -9 0.32 31
1 628 2 -9 0.28 30
1 628 2 -9 0.3 31
1 630 2 -9 0.2 28
1 708 1 -9 0.62 39
1 855 1 -9 0.72 40
1 858 1 -9 0.44 34
1 860 1 12 0.38 31
1 384 2 -9 0.28 30
1 394 2 -9 0.23 28
1 395 2 12 0.27 29
1 380 2 11 0.26 30
1 434 2 -9 0.45 33
1 739 1 -9 0.46 34
1 823 1 -9 0.82 40
1 763 1 -9 0.54 36
1 763 1 -9 0.62 38
1 515 1 16 0.57 40
1 515 2 -9 0.39 33
1 517 2 -9 0.26 31
1 334 1 -9 0.72 39
1 334 1 -9 0.55 36
1 450 1 -9 0.52 34
1 451 2 -9 0.34 31
1 454 1 -9 0.54 36
1 481 2 -9 0.28 29
1 438 1 -9 0.93 41
1 499 1 -9 0.48 33
1 675 1 -9 0.51 36
1 468 2 -9 0.21 29
1 468 2 -9 0.28 29
1 845 1 -9 0.56 38
1 303 2 -9 0.28 29
1 304 1 -9 0.58 37
1 325 1 -9 0.59 38
1 789 2 -9 0.28 29
1 1001 2 -9 0.26 30
1 798 1 -9 0.8 38
1 919 2 -9 0.3 32
1 773 1 -9 0.78 41
1 349 2 -9 0.24 28
1 350 2 -9 0.25 30
1 355 2 -9 0.28 30
1 680 2 12 0.34 31
1 849 2 -9 0.34 32
1 851 1 -9 0.62 38
1 359 1 -9 0.36 32
1 360 2 -9 0.24 29
1 690 1 -9 0.5 36
1 349 2 -9 0.26 30
1 696 1 -9 0.4 34
1 295 1 -9 0.4 32
1 296 2 -9 0.4 32
1 943 2 -9 0.39 32
1 361 1 -9 0.89 38
1 949 1 -9 0.45 35
1 952 1 -9 0.18 28
1 953 2 10 0.34 31
1 492 1 -9 0.62 39
1 770 1 -9 0.66 38
1 487 2 -9 0.33 32
1 406 2 -9 0.32 30
1 483 2 -9 0.24 29
1 404 2 11 0.27 30
1 634 2 10 0.24 29
1 637 1 -9 0.42 33
1 595 2 -9 0.25 30
1 898 1 -9 0.33 33
1 589 2 -9 0.3 31
1 473 1 -9 0.38 32
1 476 2 12 0.31 31
1 345 1 -9 0.6 36
1 1003 1 -9 0.55 35
1 1003 1 12 0.64 36
1 884 1 13 0.51 35
1 889 2 -9 0.32 31
1 896 1 -9 0.52 35
1 1018 1 -9 0.72 38
1 1022 1 -9 0.52 34
1 980 2 -9 0.3 30
1 986 1 -9 0.38 32
1 987 2 -9 0.31 31
1 1052 2 -9 0.47 34
1 930 1 -9 0.71 39
1 930 1 -9 0.6 38
1 932 1 -9 0.52 36
1 868 1 11 0.47 35
1 874 1 13 0.49 37
1 876 1 -9 0.35 31
1 1064 1 -9 0.6 35
1 1054 1 15 0.71 37
1 1179 1 -9 0.7 35
1 1182 2 -9 0.28 32
1 1408 1 12 0.65 37
1 1332 2 -9 0.42 32
1 1062 1 -9 0.64 36
1 1073 1 -9 0.34 31
1 1131 1 -9 0.64 36
1 1285 1 -9 0.59 38
1 1212 1 13 0.9 41
1 1156 2 13 0.56 35
1 1148 1 -9 0.44 33
1 1194 1 -9 0.44 34
1 1195 1 -9 0.66 37
1 1165 1 -9 0.76 41
1 1361 2 -9 0.3 30
1 1312 2 15 0.42 33
1 1198 2 -9 0.32 31
1 1307 1 11 0.53 35
1 1413 2 -9 0.29 30
1 1300 1 -9 0.69 37
1 1407 1 -9 0.39 32
1 1386 1 -9 0.86 39
1 1270 1 12 0.67 36
1 1352 1 -9 0.53 35
1 1245 1 -9 0.68 36
1 1277 1 14 0.64 38
1 1374 2 -9 0.34 32
1 644 1 -9 0.43 33
1 532 2 -9 0.71 36
1 584 1 -9 0.46 33
1 210 1 -9 0.49 35
1 1009 2 -9 0.36 32
1 245 2 -9 0.3 31
1 277 2 11 0.23 28
1 828 2 11 0.28 30
1 1074 2 -9 0.44 32
1 1347 1 -9 0.6 35
1 416 2 -9 0.26 30
1 419 2 -9 0.27 30
1 414 2 10 0.34 30
1 120 2 -9 0.26 27
1 118 1 -9 0.38 34
1 1049 1 -9 0.66 36
1 509 1 -9 0.56 37
1 29 2 -9 0.34 32
1 32 1 -9 0.39 32
1 1410 2 -9 0.27 29
1 381 1 -9 0.57 37
1 277 2 -9 0.42 34
1 306 1 -9 0.7 38
1 753 2 27 0.28 30
1 1240 1 19 0.56 38
1 276 1 -9 0.59 36
1 333 2 -9 0.41 33
1 352 2 15 0.3 33
1 233 1 -9 0.44 34
1 243 2 -9 0.27 30
1 451 2 -9 0.24 28
1 548 2 -9 0.22 28
1 416 1 10 0.45 34
1 579 1 -9 0.64 36
1 1353 1 -9 0.69 40
1 343 2 15 0.38 32
1 351 2 -9 0.24 30
1 977 2 -9 0.35 32
1 626 2 -9 0.36 33
1 798 1 -9 0.45 35
1 658 2 -9 0.37 33
1 507 2 -9 0.27 31
1 106 2 -9 0.32 30
1 717 1 -9 0.5 34
1 81 2 12 0.24 29
1 283 2 8 0.24 28
1 476 1 -9 0.47 35
1 205 1 -9 0.59 34
1 335 2 -9 0.3 30
1 351 2 -9 0.32 32
1 605 2 -9 0.31 29
1 664 2 -9 0.3 32
1 1155 2 -9 0.62 35
1 852 1 -9 0.68 38
1 814 2 -9 0.3 33
1 35 1 -9 0.54 34
1 870 2 -9 0.28 32
1 1255 2 -9 0.34 30
1 622 2 -9 0.23 29
1 1375 1 -9 0.53 36
