1 104 1 -9 0.14 24
1 118 1 7 0.19 26
1 307 1 20 0.5 36
1 320 1 -9 0.26 29
1 502 2 -9 0.27 30
1 288 1 19 0.62 37
1 797 2 -9 0.36 29
1 135 1 10 0.39 32
1 347 1 -9 0.19 25
1 156 1 -9 0.44 33
1 28 1 -9 0.17 25
1 39 1 11 0.39 32
1 70 2 -9 0.23 28
1 201 2 -9 0.23 28
1 127 1 -9 0.44 35
1 1126 1 -9 0.37 31
1 134 1 12 0.3 31
1 63 1 -9 0.63 37
1 154 2 -9 0.5 34
1 30 1 8 0.25 29
1 465 2 -9 0.3 31
1 1139 2 -9 0.38 33
1 356 1 -9 0.7 39
1 728 2 -9 0.23 27
1 202 2 10 0.24 29
1 991 1 8 0.34 30
1 476 1 22 0.54 37
1 28 1 -9 0.61 36
1 468 1 -9 0.56 39
1 1086 1 -9 0.31 30
1 1105 2 -9 0.3 31
1 910 1 -9 0.21 26
1 676 1 -9 0.38 31
1 698 1 -9 0.33 33
1 80 2 -9 0.16 26
1 138 1 12 0.45 34
1 85 1 13 0.42 34
1 250 1 -9 0.54 35
1 179 2 -9 0.21 27
1 1124 1 -9 0.8 38
1 784 1 -9 0.43 33
1 1214 1 -9 0.24 28
1 310 1 -9 0.61 35
1 400 1 -9 0.34 32
1 195 1 14 0.84 39
1 114 1 -9 0.71 38
1 722 2 -9 0.49 33
1 140 1 -9 0.31 31
1 1017 2 -9 0.22 27
1 366 1 -9 0.68 38
1 588 1 -9 0.22 28
1 604 1 -9 0.63 39
1 798 2 -9 0.38 31
1 44 1 23 0.73 40
1 679 1 18 0.8 38
1 1223 2 -9 0.4 33
1 1234 2 -9 0.25 28
1 1178 2 -9 0.27 29
1 1178 2 6 0.21 26
1 1200 2 -9 0.26 28
1 1244 2 -9 0.57 36
1 403 1 9 0.2 28
1 418 1 -9 0.4 34
1 1006 2 -9 0.29 30
1 1023 2 -9 0.35 31
1 863 1 -9 0.5 33
1 230 1 9 0.27 29
1 1096 2 -9 0.36 31
1 1049 2 -9 0.28 27
1 606 1 24 0.7 39
1 338 1 12 0.66 35
1 93 2 -9 0.21 28
1 126 2 -9 0.3 30
1 738 2 -9 0.37 30
1 424 1 -9 0.17 24
1 197 1 -9 0.36 32
1 200 2 9 0.27 29
1 281 1 -9 0.61 38
1 1079 2 -9 0.47 34
1 1153 2 -9 0.34 29
1 765 2 -9 0.19 26
1 801 2 -9 0.1 20
1 470 1 -9 0.43 33
1 563 1 12 0.38 33
1 321 1 -9 0.41 33
1 386 1 20 0.74 38
1 387 1 14 0.72 38
1 390 1 -9 0.56 36
1 392 1 -9 0.3 30
1 393 2 -9 0.2 28
1 58 2 -9 0.29 29
1 59 1 6 0.16 25
1 60 1 -9 0.26 30
1 299 1 -9 0.64 37
1 308 1 -9 0.55 36
1 309 1 -9 0.58 37
1 288 1 22 0.74 40
1 24 1 -9 0.67 37
1 264 2 -9 0.23 29
1 153 1 -9 0.46 35
1 271 1 -9 0.5 34
1 119 1 -9 0.37 33
1 122 2 -9 0.3 30
1 232 2 -9 0.26 29
1 234 2 -9 0.39 31
1 235 2 -9 0.35 32
1 65 2 5 0.19 25
1 68 2 -9 0.28 29
1 130 2 -9 0.24 29
1 133 2 9 0.2 26
1 133 1 -9 0.45 34
1 88 1 -9 0.35 33
1 240 2 -9 0.18 25
1 245 1 -9 0.7 38
1 250 1 -9 0.28 30
1 251 1 -9 0.34 33
1 71 2 -9 0.26 29
1 79 1 -9 0.2 27
1 79 2 -9 0.24 28
1 80 2 -9 0.26 29
1 252 2 -9 0.23 28
1 252 1 -9 0.65 36
1 255 2 -9 0.24 28
1 150 1 -9 0.46 33
1 156 1 20 0.67 39
1 160 1 15 0.6 38
1 248 1 -9 0.5 34
1 165 1 -9 0.13 24
1 167 1 -9 0.38 33
1 256 1 -9 0.71 38
1 146 1 -9 0.5 34
1 135 1 -9 0.54 38
1 138 2 10 0.26 29
1 111 2 -9 0.16 25
1 178 2 -9 0.29 29
1 417 1 10 0.42 33
1 445 2 10 0.25 28
1 422 1 -9 0.48 35
1 424 2 -9 0.27 30
1 430 2 -9 0.26 29
1 432 1 -9 0.45 35
1 408 1 -9 0.64 37
1 435 1 21 0.88 41
1 437 2 9 0.25 28
1 437 1 15 0.6 37
1 441 1 -9 0.43 34
1 270 2 -9 0.3 30
1 280 2 -9 0.29 31
1 282 2 -9 0.17 25
1 346 1 -9 0.8 40
1 348 2 -9 0.23 29
1 348 1 -9 0.3 31
1 351 1 -9 0.28 29
1 351 1 -9 0.31 30
1 22 1 8 0.15 25
1 353 1 -9 0.69 35
1 33 2 -9 0.31 30
1 359 1 -9 0.77 40
1 362 2 -9 0.38 33
1 363 1 -9 0.54 34
1 364 1 -9 0.7 38
1 184 1 11 0.46 35
1 185 1 13 0.62 36
1 367 1 -9 0.62 37
1 377 1 -9 0.26 29
1 378 1 -9 0.36 31
1 399 2 -9 0.25 30
1 329 2 -9 0.38 33
1 330 1 -9 0.52 36
1 400 2 -9 0.26 26
1 400 1 10 0.54 34
1 335 2 -9 0.3 31
1 336 1 -9 0.45 32
1 340 2 -9 0.22 28
1 340 1 14 0.76 39
1 342 1 -9 0.44 34
1 455 2 -9 0.18 26
1 509 1 -9 0.34 32
1 469 1 -9 0.11 22
1 520 2 26 0.72 39
1 450 1 -9 0.26 28
1 94 2 -9 0.28 28
1 572 1 -9 0.23 29
1 577 2 9 0.26 31
1 8 1 -9 0.63 36
1 9 2 -9 0.36 32
1 102 2 -9 0.18 25
1 104 1 9 0.32 30
1 786 1 -9 0.63 36
1 12 1 6 0.22 26
1 12 2 22 0.29 30
1 197 1 -9 0.37 30
1 198 2 -9 0.24 28
1 198 2 -9 0.28 29
1 92 1 -9 0.22 26
1 189 2 -9 0.34 32
1 190 1 -9 0.26 30
1 190 1 -9 0.55 35
1 194 1 6 0.14 23
1 676 1 8 0.22 27
1 677 1 -9 0.27 29
1 224 1 20 0.77 41
1 218 2 -9 0.32 31
1 220 1 9 0.21 28
1 470 1 11 0.41 34
1 471 2 -9 0.3 21
1 223 1 -9 0.19 26
1 224 1 -9 0.33 31
1 230 2 12 0.27 29
1 1 1 21 0.64 37
1 195 2 -9 0.24 29
1 609 1 -9 0.58 38
1 580 1 -9 0.52 38
1 584 2 -9 0.14 26
1 584 1 -9 0.32 32
1 536 2 -9 0.36 31
1 538 2 21 0.25 30
1 715 1 -9 0.6 34
1 620 1 -9 0.54 36
1 663 2 -9 0.36 29
1 689 2 -9 0.4 33
1 674 1 -9 0.74 40
1 760 2 11 0.34 31
1 659 1 -9 0.89 39
1 767 2 -9 0.34 31
1 767 1 -9 0.52 33
1 634 2 -9 0.5 34
1 635 1 14 0.46 35
1 794 1 8 0.33 32
1 531 1 -9 0.69 36
1 964 2 -9 0.26 28
1 740 1 19 0.48 36
1 967 1 8 0.25 28
1 720 2 -9 0.44 32
1 721 2 -9 0.25 29
1 727 2 -9 0.14 24
1 1092 2 -9 0.3 29
1 1097 1 -9 0.79 40
1 1098 1 -9 0.49 34
1 1029 2 8 0.27 30
1 1031 1 -9 0.33 30
1 1033 2 -9 0.36 30
1 556 2 -9 0.27 30
1 540 1 -9 0.54 36
1 608 1 -9 0.65 38
1 549 1 -9 0.28 29
1 645 2 9 0.35 30
1 648 2 -9 0.23 30
1 490 2 -9 0.55 36
1 1053 2 -9 0.34 31
1 894 2 -9 0.3 29
1 899 2 -9 0.3 31
1 995 2 -9 0.3 30
1 856 1 -9 0.34 31
1 972 1 -9 0.44 34
1 863 1 -9 0.42 33
1 977 2 -9 0.44 33
1 864 1 -9 0.31 31
1 853 1 -9 0.81 40
1 1055 1 -9 0.38 30
1 1056 2 -9 0.15 24
1 878 2 -9 0.53 34
1 884 2 -9 0.27 30
1 885 2 -9 0.21 26
1 888 2 -9 0.31 30
1 891 1 -9 0.55 35
1 892 1 -9 0.83 40
1 1106 1 -9 0.24 28
1 1082 1 -9 0.28 29
1 1048 2 8 0.16 24
1 980 2 -9 0.32 31
1 981 2 -9 0.28 27
1 981 1 -9 0.64 46
1 1052 1 8 0.26 27
1 812 1 -9 0.25 30
1 838 1 -9 0.75 38
1 841 2 14 0.85 40
1 843 2 6 0.15 23
1 910 2 19 0.33 34
1 911 1 -9 0.85 39
1 817 1 -9 0.76 38
1 939 1 10 0.61 35
1 832 1 -9 0.29 30
1 1024 2 -9 0.32 29
1 1025 2 -9 0.25 28
1 1011 1 -9 0.5 34
1 1012 1 -9 0.29 28
1 1013 1 -9 0.39 32
1 1138 2 -9 0.18 24
1 957 1 -9 0.68 38
1 958 1 -9 0.39 31
1 949 1 -9 0.33 31
1 952 2 -9 0.3 28
1 1015 2 -9 0.28 29
1 1123 2 -9 0.25 27
1 1091 1 7 0.38 29
1 1129 2 -9 0.12 23
1 1170 2 -9 0.23 27
1 1171 1 -9 0.28 28
1 1173 1 13 0.56 35
1 773 1 8 0.27 29
1 1047 2 8 0.3 30
1 550 2 -9 0.28 29
1 271 2 -9 0.32 32
1 277 2 -9 0.43 32
1 295 1 -9 0.54 36
1 1142 2 -9 0.33 30
1 45 1 -9 0.45 36
1 368 1 -9 0.53 36
1 50 1 20 0.73 38
1 73 2 -9 0.26 29
1 749 1 -9 1 41
1 621 2 -9 0.26 30
1 124 1 -9 0.56 35
1 1132 2 -9 0.39 31
1 1189 2 -9 0.36 32
1 167 1 -9 0.4 33
1 181 2 -9 0.25 27
1 219 1 10 0.43 34
1 228 1 -9 0.34 32
1 859 1 -9 0.72 38
1 346 1 -9 0.69 38
1 375 1 -9 0.56 38
1 427 1 -9 0.33 32
1 757 1 12 0.42 32
1 283 1 -9 0.61 37
1 1197 1 15 0.62 39
1 674 1 -9 0.72 39
1 495 1 -9 0.56 38
1 330 1 -9 0.14 24
1 181 1 11 0.47 34
1 294 2 20 0.7 39
1 785 2 10 0.28 28
1 324 1 -9 0.57 38
1 422 1 -9 0.32 32
1 1137 2 -9 0.36 31
1 679 2 -9 0.38 31
1 454 2 -9 0.27 29
1 835 2 6 0.1 22
1 1112 2 7 0.2 25
1 796 1 -9 0.54 36
1 1160 2 -9 0.34 32
1 441 2 -9 0.21 26
1 131 1 -9 0.26 29
1 136 2 8 0.17 25
1 1240 2 8 0.34 29
1 557 2 -9 0.23 29
1 117 1 18 0.6 36
1 152 1 11 0.36 32
1 218 1 -9 0.58 35
1 1211 2 -9 0.29 28
1 298 1 -9 0.22 27
1 710 2 14 0.39 33
1 921 2 8 0.18 26
1 633 1 -9 0.65 37
1 685 1 -9 0.7 36
1 896 2 -9 0.28 27
1 1141 2 9 0.28 29
1 370 2 -9 0.37 32
1 994 2 -9 0.21 26
1 61 2 -9 0.22 27
1 489 1 -9 0.51 35
1 774 1 -9 0.18 26
1 309 2 -9 0.28 30
1 350 1 -9 0.43 34
1 436 1 -9 0.41 33
1 442 1 10 0.31 31
1 18 1 15 0.58 38
1 452 2 -9 0.28 31
1 215 1 -9 0.54 37
1 127 1 13 0.5 34
1 669 2 -9 0.31 29
1 108 1 -9 0.6 36
1 436 2 -9 0.19 26
1 89 2 14 0.23 27
1 741 1 -9 0.42 31
1 1050 1 -9 0.54 34
1 274 2 -9 0.33 30
1 296 2 -9 0.23 27
1 324 1 -9 0.51 35
1 455 2 -9 0.24 28
1 1132 2 -9 0.33 30
1 146 2 -9 0.28 30
1 150 2 -9 0.4 32
1 187 2 -9 0.25 30
1 220 1 -9 0.32 31
1 729 2 -9 0.2 25
1 473 1 -9 0.56 38
1 756 2 11 0.39 31
1 930 2 -9 0.29 30
1 1229 2 -9 0.28 29
1 665 2 -9 0.25 29
1 133 1 -9 0.41 32
1 62 2 -9 0.22 27
1 67 1 -9 0.65 36
1 302 1 -9 0.39 34
1 1002 1 -9 0.45 33
1 658 1 -9 0.47 32
1 410 1 -9 0.18 25
1 417 2 9 0.24 28
1 722 2 -9 0.3 28
1 740 2 -9 0.42 32
1 253 1 -9 0.59 37
1 254 2 -9 0.26 29
1 1037 2 10 0.41 31
1 670 2 -9 0.44 32
1 583 1 -9 0.28 30
1 331 1 -9 0.52 35
1 1128 2 -9 0.43 33
1 425 1 9 0.33 30
1 1199 2 -9 0.31 30
1 626 2 -9 0.4 33
1 79 1 -9 0.27 30
1 983 1 -9 0.32 29
1 475 1 -9 0.72 39
1 1029 1 -9 0.24 25
1 14 1 -9 0.53 34
1 1223 2 18 0.42 31
1 1225 1 -9 0.2 26
1 1228 2 17 0.34 32
1 1195 2 -9 0.21 27
1 1196 2 -9 0.46 33
1 1198 2 -9 0.27 28
1 1232 1 -9 0.2 26
1 1181 2 -9 0.23 28
1 1205 2 -9 0.29 29
1 1206 1 -9 0.29 30
1 1209 2 -9 0.41 31
1 1219 1 9 0.36 30
1 421 1 -9 0.52 35
1 426 1 -9 0.56 36
1 986 2 7 0.19 26
1 504 1 -9 0.61 40
1 1095 1 -9 0.66 37
1 961 1 -9 0.41 32
1 299 1 -9 0.25 28
1 648 2 -9 0.19 27
1 534 1 -9 0.65 39
1 366 1 -9 0.3 31
1 339 1 -9 0.53 36
1 360 1 -9 0.61 36
1 126 1 -9 0.54 36
1 1109 1 -9 0.25 29
1 742 2 -9 0.42 33
1 748 2 -9 0.34 31
1 159 2 -9 0.4 32
1 187 2 -9 0.26 29
1 218 2 14 0.68 38
1 1015 2 -9 0.21 27
1 255 1 -9 0.66 37
1 1072 1 -9 0.54 35
1 764 2 9 0.32 30
1 851 2 -9 0.28 29
1 601 1 -9 0.38 33
1 936 1 -9 0.69 39
1 322 2 12 0.21 28
1 324 1 -9 0.51 35
1 394 2 -9 0.25 29
1 297 1 -9 0.24 28
1 58 1 -9 0.5 35
1 58 1 -9 0.19 27
1 59 2 -9 0.28 29
1 300 2 9 0.37 32
1 308 1 -9 0.57 36
1 318 2 -9 0.22 28
1 284 1 -9 0.56 35
1 285 2 -9 0.28 30
1 286 1 18 0.66 38
1 286 1 -9 0.54 36
1 288 2 -9 0.49 36
1 290 1 -9 0.66 37
1 291 2 -9 0.3 30
1 293 2 -9 0.24 30
1 64 1 -9 0.22 27
1 64 2 -9 0.27 29
1 40 2 -9 0.52 33
1 37 1 -9 0.49 36
1 39 1 -9 0.45 37
1 153 1 -9 0.52 36
1 115 1 -9 0.49 35
1 117 2 12 0.31 31
1 233 2 -9 0.28 31
1 234 2 -9 0.28 30
1 127 1 -9 0.54 38
1 128 1 -9 0.61 36
1 132 2 8 0.29 31
1 239 1 -9 0.33 31
1 241 1 -9 0.72 38
1 242 2 -9 0.23 28
1 243 1 -9 0.47 34
1 107 1 -9 0.5 34
1 71 1 -9 0.63 38
1 75 1 -9 0.55 35
1 76 1 23 0.39 33
1 82 1 -9 0.48 34
1 148 2 -9 0.32 31
1 160 1 -9 0.48 35
1 246 2 -9 0.25 29
1 247 2 -9 0.1 22
1 167 2 -9 0.26 29
1 168 1 -9 0.48 34
1 256 1 -9 0.35 30
1 142 1 12 0.52 35
1 144 1 21 0.72 37
1 137 1 -9 0.36 32
1 110 1 -9 0.48 35
1 110 2 11 0.28 29
1 175 2 -9 0.28 31
1 178 1 11 0.66 37
1 179 1 -9 0.28 30
1 456 1 11 0.42 34
1 409 2 8 0.22 27
1 419 1 -9 0.48 35
1 420 1 -9 0.63 36
1 423 2 -9 0.32 31
1 426 1 -9 0.17 26
1 426 2 -9 0.31 29
1 428 2 9 0.24 29
1 429 1 19 0.78 39
1 432 1 -9 0.31 31
1 407 1 -9 0.49 33
1 434 2 17 0.23 29
1 410 1 -9 0.49 34
1 441 2 -9 0.27 29
1 411 1 -9 0.2 26
1 411 1 -9 0.52 35
1 412 1 -9 0.47 33
1 268 2 -9 0.35 31
1 272 1 13 0.54 36
1 274 2 -9 0.28 29
1 275 1 -9 0.73 38
1 350 1 -9 0.79 41
1 384 2 -9 0.52 34
1 28 1 -9 0.48 34
1 29 1 -9 0.65 36
1 29 1 17 0.69 39
1 30 1 12 0.59 35
1 30 2 -9 0.26 29
1 354 1 -9 0.76 39
1 355 1 -9 0.59 37
1 359 1 -9 0.6 37
1 363 2 -9 0.25 28
1 396 2 -9 0.24 28
1 397 1 -9 0.79 40
1 366 2 -9 0.25 27
1 367 1 -9 0.55 35
1 369 1 -9 0.66 38
1 370 2 -9 0.24 29
1 5 1 -9 0.88 41
1 344 1 -9 0.27 32
1 345 1 -9 0.71 37
1 398 1 -9 0.16 25
1 398 2 -9 0.2 27
1 333 1 12 0.46 35
1 781 2 -9 0.37 31
1 325 2 10 0.44 34
1 325 1 -9 0.34 30
1 325 1 -9 0.48 34
1 326 2 12 0.32 31
1 328 1 23 0.59 37
1 328 1 -9 0.52 37
1 341 1 -9 0.51 36
1 343 1 -9 0.59 37
1 455 2 -9 0.24 29
1 510 1 9 0.42 34
1 16 1 -9 0.44 35
1 448 1 -9 0.74 39
1 449 2 8 0.24 28
1 451 1 -9 0.65 41
1 95 2 8 0.26 28
1 6 1 -9 0.67 37
1 7 1 23 0.76 39
1 7 2 -9 0.27 30
1 11 1 -9 0.46 33
1 788 2 -9 0.24 29
1 787 2 -9 0.5 33
1 14 2 7 0.13 23
1 452 1 -9 0.37 32
1 453 2 -9 0.23 29
1 199 1 -9 0.65 38
1 202 1 -9 0.32 31
1 202 1 -9 0.69 37
1 206 2 -9 0.27 30
1 206 1 -9 0.65 39
1 208 1 8 -9 26
1 191 2 -9 0.23 28
1 675 1 -9 0.26 28
1 225 1 -9 0.84 41
1 226 1 -9 0.15 25
1 227 2 -9 0.3 32
1 201 2 -9 0.27 30
1 216 1 -9 0.37 33
1 217 1 -9 0.21 28
1 222 2 -9 0.57 38
1 230 1 -9 0.16 25
1 750 2 -9 0.34 30
1 535 2 -9 0.37 33
1 303 1 -9 0.52 34
1 715 2 9 0.28 29
1 697 2 -9 0.4 32
1 669 2 -9 0.48 33
1 702 1 -9 0.39 32
1 673 2 -9 0.32 29
1 759 2 10 0.3 29
1 674 1 -9 0.75 38
1 666 2 -9 0.32 29
1 769 2 -9 0.17 25
1 636 1 -9 0.76 40
1 800 1 -9 0.28 29
1 789 1 -9 0.2 24
1 922 2 -9 0.34 31
1 521 2 7 0.17 24
1 526 1 -9 0.61 37
1 716 2 -9 0.18 27
1 738 2 -9 0.3 29
1 725 2 -9 0.31 30
1 718 1 -9 0.24 37
1 1094 1 -9 0.29 29
1 1029 1 -9 0.41 32
1 1029 2 -9 0.35 30
1 1035 2 -9 0.3 29
1 746 1 8 0.25 26
1 735 1 -9 0.52 34
1 652 2 -9 0.48 34
1 496 2 18 0.67 38
1 485 1 22 0.6 38
1 489 2 -9 0.3 30
1 1150 2 11 0.3 28
1 893 1 -9 0.52 36
1 855 2 9 0.33 30
1 861 2 -9 0.32 29
1 852 2 -9 0.26 29
1 1000 1 -9 0.3 29
1 877 1 -9 0.36 31
1 880 2 -9 0.14 23
1 877 2 -9 0.35 30
1 818 2 -9 0.25 30
1 820 2 23 0.56 36
1 1116 2 9 0.25 29
1 1165 2 -9 0.15 24
1 1161 2 -9 0.17 35
1 1048 1 -9 0.74 36
1 1042 2 -9 0.37 30
1 1052 2 -9 0.43 33
1 987 2 -9 0.37 30
1 815 1 -9 0.78 39
1 839 2 -9 0.34 30
1 840 1 -9 0.36 32
1 1022 1 -9 0.43 33
1 939 2 -9 0.29 30
1 1025 2 -9 0.3 28
1 1026 2 -9 0.37 31
1 1084 2 -9 0.31 29
1 1087 2 -9 0.15 24
1 1020 1 -9 0.48 34
1 1071 2 -9 0.22 26
1 953 2 10 0.36 31
1 656 2 -9 0.27 29
1 56 1 10 0.39 33
1 63 1 -9 0.92 41
1 1083 2 9 0.22 27
1 1237 1 -9 0.5 32
1 320 1 24 0.46 35
1 175 1 -9 0.4 33
1 188 1 -9 0.31 31
1 27 2 -9 0.27 29
1 29 2 -9 0.29 30
1 85 2 -9 0.3 31
1 34 1 19 0.54 38
1 1176 2 -9 0.23 27
1 980 2 7 0.18 26
1 1007 2 -9 0.16 25
1 157 2 -9 0.32 31
1 1060 2 -9 0.24 28
1 97 1 -9 0.16 25
1 332 2 -9 0.24 28
1 416 1 -9 0.4 32
1 549 1 -9 0.32 29
1 556 2 -9 0.48 35
1 298 1 -9 0.62 37
1 667 2 -9 0.38 30
1 968 2 5 0.14 23
1 8 1 -9 0.57 36
1 1164 2 6 0.14 24
1 600 1 -9 0.78 41
1 330 1 25 0.72 39
1 275 1 -9 0.4 32
1 406 1 9 0.29 30
1 415 1 -9 0.25 29
1 124 1 -9 0.48 35
1 437 2 -9 0.36 31
1 163 2 10 0.36 33
1 1196 2 19 0.58 35
1 724 1 -9 0.3 27
1 752 1 -9 0.44 33
1 753 2 14 0.4 31
1 285 2 -9 0.32 32
1 563 1 21 0.5 35
1 656 1 -9 0.51 34
1 227 2 9 0.22 27
1 542 1 -9 0.32 30
1 152 1 -9 0.46 34
1 196 2 -9 0.26 29
1 467 1 12 0.86 30
1 822 1 23 0.46 36
1 514 1 -9 0.39 36
1 67 1 -9 0.4 32
1 819 2 9 0.23 28
1 1235 1 -9 0.4 32
1 754 1 -9 0.5 34
1 800 2 5 0.14 23
1 447 2 -9 0.34 31
1 449 1 -9 0.25 29
1 744 1 17 0.61 37
1 170 2 -9 0.6 38
1 120 2 -9 0.22 28
1 435 1 -9 0.91 41
1 62 2 -9 0.26 28
1 69 2 -9 0.21 28
1 462 1 -9 0.4 32
1 522 1 -9 0.65 38
1 534 1 -9 0.99 43
1 664 2 -9 0.25 26
1 613 1 -9 0.36 32
1 613 2 20 0.26 30
1 1196 1 -9 0.67 35
1 150 1 -9 0.84 38
1 161 2 -9 0.26 29
1 222 2 -9 0.46 33
1 985 1 -9 0.29 28
1 593 1 -9 0.83 43
1 677 1 -9 0.55 37
1 99 1 -9 0.48 35
1 1219 2 -9 0.22 27
1 14 1 -9 0.46 34
1 266 1 -9 0.51 35
1 35 1 -9 0.66 38
1 738 2 -9 0.45 31
1 984 1 -9 0.44 33
1 1124 2 -9 0.5 33
1 768 2 -9 0.37 31
1 771 1 -9 0.3 30
1 329 2 -9 0.26 30
1 341 1 -9 0.36 33
1 358 1 -9 0.51 35
1 383 2 -9 0.18 27
1 430 2 8 0.18 26
1 270 1 -9 0.59 35
1 352 1 -9 0.25 29
1 411 2 -9 0.26 29
1 617 1 -9 0.48 35
1 648 1 8 0.28 29
1 24 2 12 0.26 29
1 1240 1 -9 0.59 37
1 1242 1 -9 0.69 36
1 1186 1 -9 0.5 34
1 1222 2 -9 0.34 30
1 1215 1 -9 0.28 29
1 1216 1 -9 0.21 27
1 1196 1 -9 0.33 30
1 1197 2 -9 0.25 28
1 1218 1 -9 0.5 36
1 1234 1 -9 0.2 26
1 1182 2 7 0.28 28
1 1184 1 13 0.57 36
1 1226 2 -9 0.38 31
1 1220 2 -9 -9 32
1 842 1 14 0.72 39
1 189 1 -9 0.71 39
1 932 1 -9 0.58 36
1 279 1 -9 0.69 37
1 906 1 -9 0.9 42
1 1023 1 -9 0.79 37
1 371 1 -9 0.4 31
1 103 1 21 0.56 36
1 149 1 -9 0.66 38
1 151 1 22 0.58 35
1 451 1 -9 0.58 37
1 221 1 -9 0.63 36
1 235 2 -9 0.29 29
1 241 1 -9 0.44 34
1 269 1 14 0.41 33
1 272 1 -9 0.54 35
1 790 1 9 0.28 28
1 892 1 -9 0.37 32
1 319 1 -9 0.57 36
1 320 1 -9 0.48 35
1 322 1 18 0.58 37
1 387 1 23 0.66 37
1 295 2 9 0.18 25
1 57 1 -9 0.69 38
1 297 1 -9 0.41 34
1 309 2 -9 0.27 29
1 313 1 -9 0.58 37
1 315 1 14 0.69 37
1 286 1 -9 0.36 30
1 294 2 -9 0.21 29
1 53 2 -9 0.27 30
1 55 1 -9 0.15 25
1 37 1 13 0.5 35
1 115 2 -9 0.3 30
1 119 1 -9 0.65 38
1 121 1 -9 0.52 35
1 126 2 -9 0.25 30
1 66 1 -9 0.56 36
1 66 1 -9 0.9 40
1 68 2 -9 0.24 28
1 132 2 -9 0.25 28
1 70 2 11 0.23 27
1 74 2 -9 0.27 29
1 74 2 -9 0.25 29
1 78 2 10 0.25 28
1 251 2 -9 0.26 27
1 253 2 -9 0.3 31
1 86 2 12 0.33 31
1 86 1 -9 0.7 38
1 147 2 8 0.23 28
1 149 2 -9 0.34 31
1 158 1 -9 0.16 24
1 158 1 -9 0.56 36
1 159 1 -9 0.5 35
1 160 2 -9 0.25 28
1 246 2 -9 0.35 31
1 247 2 -9 0.3 31
1 164 2 -9 0.52 38
1 249 1 -9 0.23 28
1 141 2 -9 0.17 25
1 168 2 10 0.22 28
1 169 1 -9 0.24 29
1 169 1 12 0.48 35
1 170 2 -9 0.38 32
1 171 2 -9 0.14 23
1 257 2 -9 0.2 27
1 259 1 -9 0.2 26
1 142 2 -9 0.24 28
1 109 1 -9 0.44 32
1 109 1 -9 0.45 34
1 135 1 -9 0.63 38
1 136 1 -9 0.6 39
1 114 2 -9 0.44 33
1 174 1 -9 0.33 32
1 176 1 -9 0.24 29
1 180 1 -9 0.13 24
1 181 2 -9 0.32 32
1 408 2 -9 0.25 29
1 409 1 -9 0.51 35
1 416 2 -9 0.3 30
1 419 2 -9 0.28 29
1 443 2 11 0.24 29
1 402 1 -9 0.32 30
1 402 2 -9 0.17 25
1 402 2 10 0.31 32
1 429 1 -9 0.26 29
1 433 1 -9 0.28 30
1 405 1 -9 0.33 31
1 406 2 -9 0.22 27
1 434 1 23 0.69 39
1 435 2 -9 0.27 30
1 413 1 -9 0.44 32
1 415 2 9 0.23 27
1 442 1 -9 0.6 37
1 445 2 -9 0.25 29
1 446 1 -9 0.46 36
1 426 1 15 0.54 35
1 267 1 20 0.77 40
1 267 2 -9 0.33 31
1 275 1 20 0.69 37
1 276 2 -9 0.3 30
1 279 2 -9 0.18 26
1 281 1 -9 0.81 40
1 283 1 17 0.81 40
1 345 2 -9 0.28 28
1 346 1 -9 0.29 31
1 347 2 -9 0.33 31
1 380 2 -9 0.25 27
1 380 1 -9 0.36 33
1 382 2 -9 0.31 30
1 383 2 -9 0.36 31
1 384 1 -9 0.52 37
1 26 1 -9 0.5 36
1 353 1 -9 0.26 27
1 357 2 -9 0.06 20
1 183 2 -9 0.22 28
1 186 1 8 0.19 29
1 367 1 -9 0.77 39
1 368 1 -9 0.26 29
1 370 2 -9 0.24 29
1 373 1 -9 0.29 29
1 377 1 -9 0.44 34
1 330 1 -9 0.64 38
1 335 2 -9 0.44 32
1 327 2 -9 0.21 27
1 328 1 20 0.8 41
1 15 1 -9 0.78 39
1 519 1 -9 0.45 34
1 520 2 -9 0.36 32
1 449 1 -9 0.35 32
1 450 1 -9 0.41 35
1 451 1 -9 0.67 38
1 569 1 -9 0.56 37
1 9 1 -9 0.71 38
1 788 1 -9 0.6 35
1 99 1 -9 0.77 38
1 14 2 9 0.29 30
1 453 2 -9 0.27 30
1 196 1 -9 0.14 24
1 200 2 -9 0.22 28
1 204 2 -9 0.25 29
1 204 1 22 0.86 42
1 205 2 -9 -9 31
1 205 1 22 -9 35
1 217 1 17 0.45 35
1 221 1 -9 0.41 33
1 222 1 22 0.65 38
1 224 1 17 0.93 40
1 195 2 8 0.19 27
1 195 1 -9 0.63 36
1 581 1 -9 0.32 32
1 582 1 -9 0.49 37
1 583 1 -9 0.26 30
1 534 2 -9 0.26 28
1 536 2 -9 0.3 30
1 536 2 -9 0.22 27
1 301 2 -9 0.38 32
1 713 1 8 0.48 33
1 714 2 -9 0.31 30
1 671 2 -9 0.37 31
1 672 2 -9 0.39 31
1 687 2 -9 0.41 33
1 761 2 -9 0.34 30
1 659 1 -9 0.62 36
1 674 1 -9 0.79 39
1 661 2 -9 0.33 31
1 663 2 -9 0.36 32
1 766 1 -9 0.74 39
1 767 2 -9 0.35 29
1 638 1 12 0.53 34
1 587 1 -9 0.6 38
1 800 1 -9 0.32 29
1 792 1 -9 0.62 36
1 530 2 -9 0.06 17
1 925 1 10 0.66 36
1 927 2 -9 0.25 26
1 686 2 -9 0.27 28
1 712 2 -9 0.36 33
1 528 1 9 0.17 27
1 738 1 -9 0.56 33
1 740 2 -9 0.42 32
1 743 1 -9 0.35 30
1 733 1 -9 0.3 27
1 493 1 -9 0.5 35
1 494 1 -9 0.38 32
1 1157 2 -9 0.16 24
1 554 1 -9 0.44 35
1 558 2 -9 0.4 33
1 560 1 12 0.4 33
1 548 1 -9 0.4 33
1 549 1 15 0.66 37
1 550 1 -9 0.36 33
1 596 1 -9 0.57 37
1 871 1 -9 0.3 31
1 1068 2 7 0.12 22
1 1004 1 -9 0.48 34
1 996 2 -9 0.2 26
1 857 2 -9 0.32 32
1 971 1 -9 0.26 28
1 1060 2 -9 0.12 22
1 998 1 -9 0.58 35
1 1165 2 -9 0.21 26
1 802 1 -9 0.6 38
1 803 2 9 0.3 30
1 807 2 -9 0.26 30
1 1081 2 -9 0.57 35
1 1047 2 -9 0.22 27
1 1049 2 8 0.36 31
1 979 2 -9 0.28 29
1 1080 2 -9 0.35 31
1 910 2 -9 0.3 28
1 823 2 -9 0.38 32
1 824 1 9 0.45 33
1 1026 1 -9 0.42 32
1 1028 2 -9 0.46 33
1 1019 1 -9 0.89 39
1 1024 1 -9 0.49 33
1 1074 2 -9 0.31 31
1 946 1 7 0.26 27
1 948 2 -9 0.24 27
1 1089 1 -9 0.27 29
1 1132 2 -9 0.6 35
1 1021 1 -9 0.58 36
1 1169 2 -9 0.13 23
1 1172 1 -9 0.2 26
1 690 1 -9 0.67 38
1 700 2 -9 0.29 29
1 245 1 -9 0.53 35
1 75 1 -9 0.31 30
1 1200 1 -9 0.42 32
1 265 1 12 0.44 32
1 896 2 -9 0.43 31
1 317 2 -9 0.32 31
1 382 2 -9 0.12 23
1 385 2 -9 0.22 27
1 871 1 6 0.15 24
1 1169 1 9 0.31 30
1 21 2 -9 0.3 30
1 116 1 -9 0.53 36
1 662 2 -9 0.2 25
1 24 1 16 0.47 35
1 1197 2 -9 0.26 28
1 722 1 -9 0.36 31
1 287 1 18 0.59 37
1 375 1 -9 0.46 35
1 401 1 -9 0.26 29
1 571 1 -9 0.27 28
1 584 1 -9 0.19 27
1 607 1 -9 0.63 41
1 1133 1 -9 0.47 32
1 1136 2 -9 0.17 25
1 461 2 -9 0.2 27
1 10 1 -9 0.64 40
1 4 1 -9 0.88 42
1 289 2 -9 0.19 27
1 663 1 -9 0.72 37
1 166 2 -9 0.25 29
1 779 1 7 0.23 27
1 331 1 -9 0.54 34
1 343 2 -9 0.32 31
1 374 1 -9 0.46 33
1 392 1 9 0.3 29
1 425 2 -9 0.26 28
1 218 1 -9 0.72 38
1 1235 1 -9 0.54 36
1 260 1 -9 0.35 32
1 298 1 -9 0.5 37
1 1139 2 -9 0.23 27
1 648 1 -9 0.31 29
1 688 1 -9 0.24 28
1 78 1 -9 0.68 39
1 119 2 -9 0.3 30
1 816 1 -9 0.27 28
1 366 1 -9 0.99 43
1 373 1 -9 0.36 31
1 380 1 -9 0.46 33
1 1182 2 9 0.28 26
1 412 2 -9 0.24 28
1 806 1 -9 0.34 32
1 390 1 -9 0.22 27
1 420 2 -9 0.27 30
1 561 1 -9 0.52 37
1 136 1 -9 0.37 32
1 176 1 -9 0.74 41
1 193 2 -9 0.25 27
1 162 2 -9 0.26 29
1 741 2 -9 0.34 30
1 104 1 -9 0.6 39
1 276 1 -9 0.63 35
1 676 2 -9 0.12 23
1 114 2 10 0.34 32
1 174 1 -9 0.43 34
1 676 1 -9 0.26 27
1 686 1 8 0.39 29
1 694 1 -9 0.66 37
1 335 1 -9 0.57 36
1 374 1 -9 0.19 27
1 711 2 -9 0.16 26
1 30 1 -9 1.01 42
1 469 1 -9 0.26 30
1 2 1 -9 0.51 34
1 161 1 8 0.32 30
1 1079 2 -9 0.28 28
1 180 1 -9 0.18 26
1 107 1 -9 0.4 34
1 157 2 -9 0.28 29
1 259 1 -9 0.44 34
1 693 1 -9 0.59 35
1 699 1 -9 0.57 36
1 1139 2 -9 0.21 27
1 413 2 -9 0.24 28
1 16 1 -9 0.42 34
1 671 1 -9 0.35 31
1 313 1 -9 0.5 36
1 336 1 -9 0.56 37
1 450 1 -9 0.41 33
1 455 2 -9 0.2 28
1 791 1 -9 0.24 27
1 909 1 10 0.45 33
1 929 1 -9 0.61 36
1 62 2 -9 0.14 25
1 248 2 -9 0.31 31
1 17 2 9 0.25 31
1 657 2 -9 0.29 28
1 316 1 -9 0.56 36
1 348 1 -9 0.48 35
1 1114 1 -9 0.4 32
1 203 1 -9 0.37 32
1 440 2 -9 0.24 28
1 743 2 -9 0.4 31
1 267 1 -9 0.61 36
1 280 1 20 0.51 35
1 379 1 -9 0.73 39
1 993 1 -9 0.34 30
1 1034 1 -9 0.14 23
1 1 1 -9 0.74 39
1 1242 1 -9 0.37 33
1 965 2 -9 0.23 28
1 1199 2 -9 0.3 29
1 1217 2 -9 0.33 31
1 1218 2 -9 0.19 26
1 1205 1 6 0.43 33
1 1206 2 10 0.38 32
1 417 2 -9 0.24 28
1 1009 2 -9 0.24 28
1 809 1 -9 0.54 36
1 201 2 -9 0.3 29
1 1100 1 -9 0.5 34
1 989 1 -9 0.7 36
1 321 1 13 0.61 36
1 364 1 -9 0.51 37
1 376 1 -9 0.18 26
1 391 1 -9 0.5 36
1 145 1 -9 0.29 31
1 854 2 -9 0.12 22
1 574 1 -9 0.34 31
1 1207 2 -9 0.23 28
1 1001 1 -9 0.54 37
1 322 2 -9 0.66 35
1 323 2 10 0.51 36
1 387 1 -9 0.24 28
1 389 2 -9 0.2 27
1 391 2 -9 0.28 29
1 395 1 -9 0.2 26
1 295 1 -9 0.72 37
1 60 2 -9 0.3 31
1 308 1 -9 0.57 35
1 312 2 -9 0.3 39
1 319 1 -9 0.63 37
1 283 2 -9 0.31 35
1 284 2 -9 0.24 28
1 287 1 -9 0.81 39
1 290 2 19 0.55 39
1 292 1 -9 0.7 38
1 293 2 -9 0.27 31
1 57 1 -9 0.59 37
1 37 1 -9 0.3 30
1 37 1 -9 0.42 34
1 39 1 -9 0.45 35
1 154 2 7 0.18 26
1 154 1 -9 0.54 34
1 117 1 -9 0.45 33
1 121 1 12 0.55 36
1 122 1 -9 0.69 38
1 123 1 -9 0.16 25
1 125 2 -9 0.35 32
1 125 1 -9 0.85 42
1 65 1 -9 0.41 34
1 65 2 -9 0.23 29
1 66 2 14 0.23 28
1 67 2 -9 0.22 27
1 88 1 -9 0.17 26
1 240 1 -9 0.35 31
1 241 1 -9 0.65 37
1 243 1 -9 0.42 32
1 244 2 -9 0.2 26
1 75 1 -9 0.56 36
1 77 1 -9 0.68 37
1 81 1 -9 0.26 29
1 253 2 -9 0.21 26
1 149 2 8 0.24 28
1 163 2 -9 0.26 30
1 124 1 -9 0.49 35
1 124 1 -9 0.12 23
1 141 1 -9 0.79 39
1 171 2 -9 0.18 27
1 259 1 -9 0.34 32
1 109 1 -9 0.71 38
1 134 1 -9 0.41 33
1 137 1 -9 0.4 34
1 261 1 -9 0.5 36
1 111 2 -9 0.35 31
1 113 2 -9 0.27 30
1 463 1 -9 0.56 37
1 177 1 -9 0.34 32
1 178 2 -9 0.29 29
1 179 1 -9 0.74 39
1 462 1 18 0.47 36
1 462 2 10 0.35 32
1 421 2 -9 0.16 25
1 442 1 -9 0.71 39
1 431 1 -9 0.39 34
1 432 2 -9 0.16 25
1 404 1 9 0.48 35
1 404 2 -9 0.22 28
1 408 1 7 0.17 25
1 435 1 -9 0.36 32
1 414 2 -9 0.24 29
1 415 1 11 0.26 29
1 415 2 12 0.29 30
1 277 1 -9 0.59 36
1 347 1 -9 0.35 30
1 381 1 -9 0.57 36
1 22 2 -9 0.28 29
1 25 1 10 0.45 35
1 355 1 -9 0.51 36
1 356 1 -9 0.61 37
1 33 2 -9 0.21 27
1 33 1 -9 0.67 37
1 358 1 -9 0.5 35
1 359 1 -9 0.4 32
1 362 2 -9 0.17 26
1 362 2 -9 0.3 30
1 365 1 -9 0.46 34
1 365 1 -9 0.46 35
1 369 1 -9 0.5 35
1 4 1 -9 0.53 36
1 5 2 -9 0.78 40
1 375 1 -9 0.33 31
1 399 2 10 0.3 31
1 400 2 -9 0.2 27
1 337 2 -9 0.39 33
1 371 2 -9 0.27 30
1 372 1 -9 0.45 34
1 341 1 -9 0.5 37
1 342 1 -9 0.51 38
1 342 1 -9 0.54 40
1 343 1 10 0.39 34
1 520 1 17 0.65 37
1 520 1 -9 0.64 39
1 93 2 8 0.3 30
1 448 2 -9 0.33 32
1 6 2 -9 0.21 26
1 7 2 -9 0.33 31
1 9 1 -9 0.69 39
1 788 2 -9 0.32 30
1 9 1 -9 0.49 35
1 785 1 -9 0.3 28
1 13 1 -9 0.59 35
1 454 1 -9 0.46 35
1 199 1 9 0.29 29
1 200 2 -9 0.34 31
1 707 1 19 0.54 37
1 708 1 -9 0.62 37
1 204 1 -9 0.65 38
1 204 1 -9 0.61 36
1 186 1 19 0.65 38
1 188 2 -9 0.34 31
1 188 2 -9 0.23 28
1 679 1 -9 0.56 34
1 47 1 -9 0.73 39
1 212 1 -9 0.61 36
1 215 1 -9 0.7 40
1 217 2 -9 0.29 30
1 229 2 -9 0.12 22
1 612 2 13 0.24 30
1 617 2 -9 0.44 35
1 715 2 -9 0.3 29
1 631 1 -9 0.56 39
1 669 1 -9 0.54 33
1 703 1 -9 0.36 31
1 655 2 -9 0.43 32
1 760 1 -9 0.75 38
1 656 2 -9 0.29 28
1 658 1 -9 0.46 33
1 659 1 -9 0.64 37
1 659 2 -9 0.3 29
1 662 2 -9 0.3 29
1 665 1 -9 0.72 38
1 666 1 -9 0.57 35
1 667 2 -9 0.32 29
1 668 1 -9 0.26 28
1 767 2 -9 0.32 29
1 638 1 19 0.58 37
1 790 1 -9 0.24 28
1 791 1 -9 0.54 36
1 792 2 16 0.38 31
1 793 1 -9 0.2 26
1 926 2 -9 0.08 22
1 523 1 -9 0.53 36
1 503 1 -9 0.48 35
1 743 1 -9 0.31 28
1 970 1 8 0.29 30
1 722 1 -9 0.77 38
1 730 1 -9 0.52 34
1 778 1 -9 0.78 39
1 747 2 -9 0.34 30
1 594 2 -9 -9 31
1 479 1 20 0.56 37
1 595 2 -9 0.31 30
1 643 1 -9 0.48 35
1 602 1 23 0.54 36
1 553 2 19 0.52 36
1 591 1 -9 0.56 36
1 1144 1 -9 0.6 37
1 1063 2 -9 0.19 25
1 1003 1 -9 0.58 36
1 997 2 -9 0.43 32
1 1160 2 -9 0.24 28
1 850 1 -9 0.65 38
1 862 1 -9 0.5 33
1 863 2 -9 0.32 31
1 975 2 -9 0.45 32
1 846 1 -9 0.47 34
1 868 1 -9 0.47 33
1 1060 2 -9 0.28 28
1 886 2 -9 0.26 26
1 887 2 -9 0.25 28
1 889 1 -9 0.68 37
1 810 2 -9 0.22 26
1 1163 1 -9 0.3 30
1 1120 1 11 0.53 35
1 804 1 -9 0.48 34
1 1046 1 -9 0.26 29
1 1051 1 21 0.68 40
1 980 2 8 0.35 30
1 1052 2 -9 0.35 29
1 813 1 -9 0.3 29
1 814 2 9 0.31 30
1 992 2 -9 0.36 31
1 905 2 -9 0.3 32
1 932 2 8 0.22 27
1 934 1 14 0.72 37
1 827 1 -9 0.32 30
1 1026 2 -9 0.23 27
1 1026 2 -9 0.32 30
1 1027 1 9 0.52 34
1 1028 1 -9 0.62 35
1 937 2 -9 0.22 29
1 1069 1 -9 0.18 27
1 940 1 -9 0.57 37
1 957 2 22 0.36 32
1 958 2 11 0.22 27
1 1121 1 -9 0.75 38
1 956 1 -9 0.76 38
1 1122 2 -9 0.47 33
1 1127 2 -9 0.16 24
1 1229 1 7 0.28 25
1 1168 2 8 0.23 28
1 68 1 -9 0.43 32
1 68 2 -9 0.36 31
1 486 2 -9 0.34 31
1 323 1 -9 0.57 35
1 1203 1 -9 0.37 32
1 451 1 19 0.75 39
1 1027 2 -9 0.16 23
1 172 1 -9 0.62 39
1 25 2 -9 0.28 30
1 54 2 -9 0.14 24
1 793 2 -9 0.32 31
1 175 1 -9 0.12 24
1 176 2 -9 0.19 30
1 211 1 -9 0.28 29
1 1027 1 -9 0.41 32
1 1045 2 -9 0.32 30
1 1076 2 -9 0.24 28
1 1077 1 16 0.68 37
1 274 2 -9 0.3 30
1 370 2 -9 0.35 32
1 1145 1 9 0.41 31
1 883 2 -9 0.26 29
1 165 2 -9 0.22 29
1 181 2 10 0.32 30
1 190 2 -9 0.26 29
1 945 2 20 0.28 29
1 655 1 -9 0.65 38
1 131 1 -9 0.46 37
1 252 1 -9 0.39 33
1 766 2 -9 0.48 33
1 1156 1 -9 0.28 29
1 273 1 10 0.45 33
1 281 1 -9 0.44 33
1 1180 2 9 0.28 29
1 338 2 -9 0.42 34
1 397 1 18 0.47 35
1 93 2 -9 0.24 29
1 409 1 6 0.2 26
1 412 1 -9 0.77 39
1 751 1 -9 0.98 43
1 420 2 -9 0.24 28
1 1066 1 -9 0.46 33
1 153 1 -9 0.56 36
1 212 2 -9 0.4 32
1 1239 2 -9 0.29 29
1 216 2 9 0.26 29
1 246 2 -9 0.26 30
1 49 1 -9 0.63 38
1 287 1 13 0.49 34
1 706 1 -9 0.54 36
1 1025 2 -9 0.49 33
1 960 2 -9 0.28 27
1 661 2 -9 0.31 29
1 11 1 -9 0.83 38
1 352 2 -9 0.42 33
1 355 1 -9 0.43 34
1 386 2 -9 0.38 32
1 392 1 -9 0.66 36
1 422 2 -9 0.22 28
1 874 2 -9 0.27 29
1 1168 1 -9 0.43 34
1 753 2 -9 0.34 29
1 763 1 -9 0.22 27
1 1039 2 -9 0.39 32
1 362 2 -9 0.28 30
1 158 1 -9 0.37 34
1 162 1 -9 0.76 37
1 1199 1 6 0.35 31
1 615 2 -9 0.32 31
1 173 2 -9 0.22 28
1 114 2 7 0.25 29
1 741 2 5 0.12 21
1 236 2 -9 0.27 30
1 491 1 -9 0.52 35
1 137 2 -9 0.25 29
1 56 1 -9 0.29 30
1 246 2 -9 0.16 26
1 575 1 -9 0.12 23
1 860 1 -9 0.34 33
1 867 1 -9 0.66 36
1 314 1 -9 0.36 32
1 1185 1 -9 0.53 35
1 654 1 -9 0.53 36
1 537 2 -9 0.29 31
1 129 1 -9 0.56 36
1 583 1 -9 0.3 30
1 673 2 -9 0.39 32
1 77 2 -9 0.09 21
1 156 2 9 0.18 25
1 1220 1 -9 -9 30
1 336 1 -9 0.42 33
1 728 2 -9 0.17 24
1 1073 2 -9 0.31 31
1 327 1 20 0.43 35
1 357 2 -9 0.25 28
1 1178 2 -9 0.36 31
1 559 1 -9 0.3 29
1 21 2 7 0.26 28
1 1015 2 -9 0.31 29
1 1048 2 -9 0.35 30
1 1198 2 -9 0.26 28
1 1218 1 -9 0.38 33
1 1218 1 -9 0.5 35
1 1179 2 -9 0.13 23
1 1182 1 -9 0.81 37
1 1194 2 14 0.33 29
1 1202 2 -9 0.25 30
1 1205 2 -9 0.29 29
1 1220 2 -9 -9 30
1 646 2 -9 0.37 32
1 649 2 -9 0.24 27
1 425 2 -9 0.16 24
1 982 1 10 0.7 38
1 210 2 -9 0.25 30
1 981 2 -9 0.14 30
1 344 1 -9 0.2 29
1 481 1 -9 0.54 38
1 1057 1 -9 0.32 29
1 947 1 -9 0.8 40
1 957 1 -9 0.56 36
1 626 1 -9 0.53 35
1 326 2 -9 0.28 30
1 364 2 -9 0.24 29
1 393 1 18 0.74 39
1 741 2 -9 0.32 31
1 405 1 10 0.73 38
1 184 2 -9 0.25 29
1 755 1 -9 0.9 40
1 1061 1 -9 0.91 38
1 545 1 -9 0.54 37
1 1207 2 9 0.34 30
1 959 2 -9 0.29 28
1 386 2 -9 0.38 32
1 391 1 9 0.28 30
1 296 2 -9 0.24 28
1 59 2 -9 0.23 27
1 300 2 -9 0.4 33
1 307 1 -9 1.06 43
1 308 1 13 0.62 37
1 309 1 -9 0.5 34
1 312 1 -9 0.63 37
1 316 1 -9 0.57 36
1 284 1 -9 0.79 38
1 284 2 -9 0.3 31
1 285 1 -9 0.66 38
1 289 2 14 0.37 32
1 291 2 -9 0.48 36
1 291 2 -9 0.32 31
1 23 1 -9 0.7 38
1 84 2 10 0.29 30
1 115 1 -9 0.9 40
1 116 1 -9 0.52 36
1 271 1 -9 0.61 38
1 118 1 -9 0.42 32
1 232 1 -9 0.84 41
1 126 2 -9 0.31 30
1 238 2 -9 0.26 30
1 242 1 -9 0.36 33
1 242 1 -9 0.74 39
1 243 1 -9 0.42 34
1 108 1 12 0.57 36
1 69 2 -9 0.38 31
1 74 1 -9 0.15 24
1 77 2 -9 0.21 27
1 254 2 -9 0.26 29
1 85 2 -9 0.22 29
1 263 2 -9 0.2 27
1 152 2 -9 0.28 30
1 162 1 -9 0.48 35
1 164 1 -9 0.58 36
1 164 2 -9 0.16 24
1 166 2 -9 0.24 29
1 256 1 -9 0.38 32
1 258 1 -9 0.49 34
1 145 2 -9 0.17 25
1 110 1 -9 0.19 27
1 134 1 12 0.54 36
1 138 1 -9 0.24 27
1 139 1 -9 0.38 32
1 261 1 -9 0.31 30
1 262 2 -9 0.15 24
1 111 2 -9 0.36 32
1 112 1 -9 0.55 35
1 177 2 -9 0.22 27
1 182 2 -9 0.24 28
1 457 1 -9 0.35 30
1 416 2 12 0.29 30
1 416 1 -9 0.45 34
1 421 1 -9 0.44 33
1 442 1 13 0.43 35
1 423 1 -9 0.5 35
1 425 1 13 0.65 36
1 428 2 -9 0.26 29
1 428 2 -9 0.2 26
1 431 1 -9 0.7 40
1 405 1 -9 0.61 37
1 407 1 -9 0.62 37
1 441 1 -9 0.46 36
1 413 2 -9 0.28 30
1 414 2 8 0.32 30
1 266 2 -9 0.34 32
1 273 2 -9 0.14 24
1 281 1 -9 0.63 37
1 282 2 -9 0.27 29
1 19 1 12 0.48 34
1 349 2 -9 0.43 33
1 351 1 -9 0.43 33
1 381 1 15 0.66 37
1 382 1 -9 0.32 31
1 383 2 -9 0.28 30
1 384 2 -9 0.14 25
1 26 2 12 0.26 30
1 351 1 -9 0.22 27
1 353 1 -9 0.41 32
1 354 1 -9 0.5 34
1 360 1 -9 0.55 36
1 363 1 -9 0.64 37
1 365 1 -9 0.37 32
1 396 1 20 0.73 38
1 183 2 -9 0.14 23
1 184 2 -9 0.31 31
1 186 2 -9 0.19 30
1 4 1 14 0.51 35
1 374 1 -9 0.28 30
1 375 1 -9 0.58 37
1 376 1 -9 0.69 40
1 331 2 19 0.42 33
1 333 1 -9 0.52 35
1 334 2 -9 0.24 29
1 339 1 -9 0.47 34
1 304 1 -9 0.51 36
1 372 1 -9 0.25 30
1 341 1 -9 0.6 36
1 513 2 -9 0.27 29
1 16 1 20 0.6 38
1 105 1 9 0.28 29
1 783 2 -9 0.27 29
1 507 2 7 0.19 25
1 198 1 -9 0.59 36
1 199 2 -9 0.23 28
1 205 2 -9 -9 30
1 193 1 12 0.85 38
1 227 1 -9 0.28 29
1 224 1 -9 0.57 35
1 229 1 -9 0.39 34
1 2 1 -9 0.61 37
1 2 2 -9 0.22 28
1 617 2 -9 0.25 29
1 625 1 -9 0.32 34
1 627 2 19 0.37 32
1 536 2 -9 0.36 32
1 302 2 -9 0.33 31
1 714 2 -9 0.27 29
1 624 1 -9 0.58 38
1 671 1 -9 0.25 26
1 692 1 19 0.62 37
1 754 2 8 0.4 32
1 673 2 -9 0.43 31
1 759 2 -9 0.4 32
1 759 2 -9 0.42 32
1 656 1 -9 0.77 39
1 658 2 -9 0.33 31
1 661 1 -9 0.49 34
1 661 1 -9 0.14 23
1 666 1 -9 0.46 31
1 638 1 -9 0.51 34
1 640 1 18 0.49 36
1 799 2 -9 0.18 25
1 791 2 -9 0.32 30
1 533 1 -9 0.72 38
1 924 1 7 0.29 30
1 683 1 -9 0.2 26
1 685 2 -9 0.3 28
1 525 1 -9 0.11 21
1 530 1 10 0.5 34
1 717 1 -9 0.5 34
1 963 2 -9 0.14 24
1 964 2 -9 0.14 23
1 739 2 -9 0.38 30
1 731 1 -9 0.7 37
1 779 1 -9 0.3 29
1 745 1 -9 0.55 36
1 598 1 -9 0.44 34
1 1158 1 -9 0.3 29
1 1159 1 -9 0.26 27
1 556 1 16 0.56 38
1 649 2 -9 0.25 28
1 480 1 -9 0.79 40
1 544 2 18 0.6 39
1 546 1 16 0.68 38
1 565 2 20 0.39 33
1 548 1 -9 0.52 36
1 549 1 -9 0.22 26
1 498 1 -9 0.24 28
1 603 1 -9 0.54 37
1 489 1 -9 0.51 35
1 590 1 -9 0.54 37
1 871 2 -9 0.25 28
1 900 2 -9 0.4 30
1 901 2 -9 0.09 21
1 903 1 -9 0.23 27
1 1064 1 -9 0.38 32
1 1067 2 -9 0.28 29
1 1005 2 7 0.15 25
1 973 2 -9 0.31 29
1 1054 2 9 0.29 29
1 878 2 -9 0.36 30
1 982 2 -9 0.26 29
1 1115 2 -9 0.38 30
1 1167 2 -9 0.21 26
1 805 1 9 0.34 31
1 1111 2 -9 0.36 30
1 1047 1 8 0.34 30
1 1043 2 -9 0.25 27
1 931 2 -9 -9 29
1 931 2 10 -9 31
1 1027 2 -9 0.54 34
1 1070 2 7 0.22 27
1 960 1 25 0.85 38
1 953 1 -9 0.36 32
1 955 1 -9 0.58 37
1 1123 2 -9 0.38 32
1 1124 1 -9 0.42 30
1 1134 2 -9 0.2 27
1 1135 2 -9 0.31 30
1 245 2 -9 0.2 27
1 618 2 -9 0.27 30
1 589 1 -9 0.56 36
1 1229 1 -9 0.2 26
1 169 2 -9 0.18 25
1 190 1 -9 0.34 31
1 233 1 -9 0.46 33
1 233 2 -9 0.46 33
1 1187 1 -9 0.42 33
1 953 2 -9 0.44 33
1 305 1 -9 0.66 39
1 404 2 10 0.33 31
1 1152 1 12 0.62 36
1 32 1 -9 0.41 33
1 20 1 18 0.7 38
1 1200 1 8 0.38 32
1 877 2 -9 0.47 32
1 979 2 -9 0.25 27
1 909 2 -9 0.49 34
1 518 2 -9 0.26 30
1 255 2 -9 0.2 27
1 258 2 -9 0.23 28
1 23 2 -9 0.26 30
1 7 1 -9 0.61 36
1 131 1 -9 0.41 36
1 584 2 -9 0.31 31
1 762 2 -9 0.2 27
1 342 1 -9 0.26 29
1 352 2 -9 0.17 26
1 363 1 -9 0.66 37
1 368 1 -9 0.47 34
1 381 2 -9 0.36 33
1 128 1 -9 0.59 37
1 826 1 7 0.28 29
1 755 2 -9 0.42 31
1 418 1 -9 0.16 25
1 424 1 -9 0.33 32
1 1060 1 -9 0.3 30
1 562 1 -9 0.6 37
1 907 2 8 0.26 29
1 182 2 -9 0.26 30
1 112 2 8 0.23 27
1 231 1 -9 0.41 34
1 739 2 9 0.38 30
1 299 2 9 0.2 27
1 229 1 11 0.39 33
1 487 2 -9 0.26 28
1 471 2 -9 0.1 21
1 56 1 -9 0.29 29
1 72 1 -9 0.63 37
1 833 1 -9 0.16 25
1 361 1 -9 0.66 38
1 168 1 -9 0.16 24
1 419 1 -9 0.41 32
1 172 2 -9 0.3 30
1 1192 1 -9 0.65 36
1 227 2 -9 0.08 21
1 666 2 -9 0.39 32
1 261 2 -9 0.22 27
1 263 1 -9 0.41 36
1 121 1 10 0.41 34
1 240 1 -9 0.56 35
1 244 1 -9 0.56 36
1 172 1 -9 0.26 30
1 32 1 -9 0.45 33
1 42 1 -9 0.68 39
1 530 1 -9 0.49 35
1 248 2 -9 0.18 27
1 539 1 -9 0.25 29
1 556 1 -9 0.26 30
1 896 1 -9 0.69 37
1 156 1 -9 0.22 28
1 170 2 -9 0.5 37
1 483 1 -9 0.46 34
1 1 1 -9 0.68 38
1 23 1 -9 0.42 32
1 935 1 -9 0.29 29
1 943 2 7 0.12 23
1 775 1 -9 0.32 34
1 35 2 -9 0.3 30
1 38 1 -9 0.68 38
1 709 1 -9 0.42 32
1 69 1 13 0.47 35
1 72 1 9 0.45 33
1 78 1 -9 0.58 37
1 505 1 -9 0.26 28
1 6 1 -9 0.68 38
1 270 2 -9 0.32 30
1 25 1 19 0.96 40
1 32 1 -9 0.68 39
1 33 1 -9 0.47 34
1 171 2 9 0.22 28
1 1201 1 -9 0.58 34
1 407 2 -9 0.43 33
1 723 1 -9 0.82 40
1 974 2 -9 0.58 34
1 127 1 -9 0.26 29
1 979 2 7 0.15 25
1 737 2 -9 0.3 30
1 248 2 -9 0.22 28
1 255 1 -9 0.48 33
1 269 1 11 0.48 35
1 422 1 -9 0.68 38
1 428 1 20 0.59 37
1 1151 1 -9 0.2 26
1 670 2 -9 0.36 30
1 1240 2 -9 0.33 31
1 1241 1 -9 0.64 36
1 1221 2 -9 0.34 32
1 1224 1 -9 0.84 39
1 1213 1 -9 0.25 27
1 1233 1 -9 1 40
1 1178 2 -9 0.38 30
1 1182 2 -9 0.25 27
1 1183 2 -9 0.24 27
1 1191 2 -9 0.37 32
1 1200 2 -9 0.28 29
1 1206 2 -9 0.49 33
1 1235 2 10 0.48 33
1 1219 2 -9 0.3 28
1 1220 1 -9 -9 31
1 396 1 -9 0.63 39
1 1012 1 -9 0.32 30
1 192 2 10 0.27 30
1 202 1 -9 0.39 33
1 241 1 -9 0.53 35
1 256 1 -9 0.6 36
1 324 2 -9 0.17 25
1 918 1 -9 0.89 34
1 382 1 12 0.59 36
1 122 2 -9 0.3 30
1 132 1 -9 0.45 34
1 414 2 -9 0.31 31
1 989 1 7 0.24 26
1 758 2 -9 0.18 26
1 268 2 -9 0.21 27
1 271 1 -9 0.4 32
1 272 1 -9 0.51 36
1 282 1 -9 0.29 29
1 310 2 -9 0.24 30
1 319 1 -9 0.59 38
1 322 1 -9 0.92 43
1 386 1 18 0.73 39
1 296 2 -9 0.23 28
1 297 1 -9 0.53 36
1 58 2 -9 0.25 28
1 59 1 -9 0.61 36
1 60 2 -9 0.28 29
1 315 1 -9 0.54 34
1 293 2 -9 0.25 29
1 57 1 -9 0.44 36
1 57 1 8 0.21 27
1 64 2 -9 0.22 27
1 41 1 -9 0.68 39
1 35 2 -9 0.31 31
1 84 2 -9 0.22 28
1 115 1 12 0.44 34
1 118 2 10 0.29 31
1 120 1 -9 0.6 37
1 120 2 -9 0.26 30
1 123 1 12 0.44 34
1 123 1 -9 0.13 24
1 232 2 -9 0.19 26
1 233 1 -9 0.25 29
1 235 2 -9 0.33 30
1 238 1 -9 0.6 36
1 67 2 -9 0.26 29
1 132 1 -9 0.27 29
1 90 1 -9 0.32 30
1 240 2 -9 0.32 31
1 243 1 -9 0.28 29
1 245 2 -9 0.25 29
1 70 1 19 0.5 35
1 251 1 -9 0.51 36
1 72 2 -9 0.26 29
1 74 1 -9 0.28 29
1 79 2 -9 0.2 26
1 253 1 -9 0.57 37
1 86 1 -9 0.57 37
1 148 1 -9 0.74 39
1 150 1 11 0.52 35
1 151 1 -9 0.8 40
1 151 1 -9 0.46 35
1 160 2 24 0.66 40
1 247 2 -9 0.24 29
1 163 2 -9 0.5 36
1 163 2 -9 0.44 34
1 249 1 -9 0.37 33
1 166 1 -9 0.93 43
1 257 1 -9 0.13 23
1 258 1 -9 0.28 29
1 258 1 -9 0.4 32
1 145 1 12 0.41 33
1 146 1 10 0.44 33
1 108 1 -9 0.42 33
1 261 1 -9 0.38 33
1 112 2 11 0.35 32
1 113 1 -9 0.26 29
1 180 2 -9 0.3 30
1 180 1 -9 0.2 26
1 456 2 -9 0.08 18
1 460 1 -9 0.52 27
1 409 2 -9 0.33 31
1 417 1 -9 0.26 28
1 418 1 20 0.85 40
1 420 1 15 0.76 40
1 444 2 -9 0.41 33
1 423 2 7 0.26 28
1 430 2 -9 0.2 27
1 430 2 -9 0.24 28
1 432 2 -9 0.18 26
1 407 1 -9 0.54 36
1 434 1 14 0.43 33
1 436 1 -9 0.45 34
1 410 2 -9 0.22 28
1 439 1 -9 0.32 31
1 266 1 -9 0.58 35
1 266 1 -9 0.68 37
1 268 1 -9 0.24 28
1 269 1 -9 0.61 36
1 272 2 -9 0.26 29
1 276 2 -9 0.23 27
1 277 1 -9 0.51 35
1 277 2 -9 0.36 31
1 278 2 -9 0.24 29
1 279 1 -9 0.65 38
1 19 1 17 0.71 38
1 19 2 -9 0.27 29
1 380 1 -9 0.48 34
1 354 1 -9 0.52 34
1 356 2 -9 0.18 26
1 357 2 -9 0.17 25
1 396 1 -9 1.23 43
1 183 2 -9 0.32 31
1 367 2 -9 0.21 28
1 369 1 -9 0.38 33
1 332 1 13 0.42 34
1 339 2 10 0.39 32
1 371 1 -9 0.56 36
1 512 2 -9 1.1 45
1 517 1 -9 0.32 30
1 448 2 -9 0.16 26
1 449 2 -9 0.2 26
1 96 1 -9 0.29 29
1 568 2 -9 0.41 32
1 6 1 -9 0.47 34
1 787 2 -9 0.38 31
1 10 1 -9 0.62 40
1 11 2 -9 0.16 25
1 785 2 8 0.28 28
1 786 2 -9 0.3 28
1 13 1 -9 0.52 37
1 453 1 -9 0.7 40
1 507 1 -9 0.55 36
1 507 2 -9 0.25 28
1 201 2 -9 0.3 31
1 207 1 15 -9 38
1 212 1 -9 0.48 35
1 187 1 -9 0.35 32
1 191 1 -9 0.35 32
1 194 2 -9 0.26 29
1 48 1 18 0.68 39
1 470 1 -9 0.35 31
1 471 2 7 0.17 27
1 223 1 21 0.59 37
1 43 1 23 0.89 40
1 611 1 9 0.3 31
1 585 1 -9 0.38 32
1 300 2 -9 0.39 33
1 302 2 -9 0.24 29
1 713 2 -9 0.39 33
1 713 2 -9 0.18 25
1 714 2 -9 0.28 29
1 753 2 14 0.38 31
1 756 1 -9 0.74 37
1 660 2 -9 0.43 33
1 665 2 -9 0.25 27
1 766 1 17 0.73 37
1 637 2 -9 0.38 32
1 800 1 -9 0.2 26
1 791 1 -9 0.32 29
1 772 2 9 0.2 26
1 586 1 -9 0.42 35
1 923 1 23 0.62 36
1 684 2 -9 0.38 32
1 527 2 -9 0.22 28
1 529 1 -9 0.2 24
1 529 2 12 0.3 30
1 736 1 -9 0.68 37
1 718 1 -9 0.68 37
1 742 1 -9 0.56 34
1 1032 1 -9 0.43 33
1 551 2 -9 0.5 35
1 552 2 -9 0.16 25
1 477 1 -9 0.64 38
1 649 2 -9 0.25 28
1 547 1 -9 0.39 34
1 548 1 -9 0.44 33
1 647 1 -9 0.37 31
1 605 1 -9 0.56 37
1 486 2 -9 0.31 31
1 489 2 18 0.33 33
1 592 1 -9 0.61 39
1 902 2 -9 0.25 28
1 858 2 8 0.32 29
1 865 2 7 0.28 29
1 866 1 -9 0.75 39
1 869 1 -9 0.46 36
1 999 2 20 0.42 33
1 878 2 -9 0.36 30
1 879 1 -9 0.52 35
1 881 1 -9 0.76 39
1 890 2 -9 0.27 29
1 1113 2 -9 0.18 26
1 1118 1 -9 0.66 37
1 1107 1 -9 0.24 28
1 1108 2 -9 0.14 22
1 1040 2 -9 0.24 27
1 1042 2 9 0.47 32
1 980 1 -9 0.47 35
1 989 2 -9 0.36 32
1 1023 2 -9 0.63 36
1 873 1 -9 0.47 34
1 910 1 19 0.93 41
1 914 1 8 0.26 27
1 931 1 -9 -9 36
1 932 2 12 0.46 33
1 933 1 -9 0.3 29
1 939 2 -9 0.24 26
1 821 1 -9 0.48 34
1 1137 2 -9 0.33 30
1 1138 2 -9 0.3 29
1 1139 2 -9 0.4 33
1 944 1 -9 0.55 36
1 958 1 -9 0.15 24
1 1008 2 -9 0.19 25
1 1130 2 -9 0.21 27
1 1177 1 8 0.21 26
1 1172 1 -9 0.7 37
1 314 1 -9 0.7 38
1 319 2 -9 0.42 32
1 909 2 14 0.37 32
1 358 1 -9 0.8 39
1 828 1 18 0.76 40
1 185 2 -9 0.29 30
1 225 1 11 0.4 33
1 184 2 -9 0.21 28
1 759 1 -9 0.6 35
1 80 2 12 0.24 29
1 4 2 -9 0.21 27
1 8 1 19 0.61 37
1 667 2 -9 0.4 30
1 1138 2 -9 0.29 28
1 789 1 -9 0.22 26
1 964 1 15 0.54 34
1 157 2 8 0.22 28
1 470 1 -9 0.31 29
1 276 1 -9 0.6 37
1 69 2 -9 0.34 30
1 458 2 -9 0.34 31
1 242 1 -9 0.69 38
1 247 2 -9 0.16 25
1 263 2 -9 0.3 29
1 294 2 -9 0.41 33
1 297 1 -9 0.48 34
1 668 2 -9 0.21 26
1 912 2 -9 0.24 29
1 310 1 -9 0.41 32
1 321 1 -9 0.53 36
1 292 2 -9 0.13 23
1 298 1 15 0.49 36
1 792 2 -9 0.26 29
1 728 2 -9 0.25 27
1 212 1 -9 0.45 33
1 960 1 9 0.34 30
1 24 2 -9 0.33 31
1 80 1 -9 0.53 35
1 2 1 -9 0.75 38
1 1171 2 -9 0.27 28
1 286 1 -9 0.46 33
1 287 1 17 0.58 35
1 311 1 -9 0.74 39
1 315 2 -9 0.21 29
1 482 1 26 0.78 41
1 387 1 8 0.28 29
1 1199 2 -9 0.33 30
1 119 1 -9 0.64 38
1 879 2 -9 0.2 25
1 185 1 -9 0.62 37
1 188 2 -9 0.24 29
1 113 1 -9 0.46 33
1 128 1 -9 0.64 36
1 179 2 10 0.27 29
1 1219 2 -9 0.34 30
1 1155 1 -9 0.77 36
1 71 1 10 0.47 34
1 265 1 20 0.76 41
1 290 1 -9 0.63 37
1 680 1 -9 0.42 33
1 895 1 -9 0.35 30
1 532 1 -9 0.52 36
1 614 1 -9 0.4 33
1 1090 1 -9 0.56 35
1 696 2 -9 0.32 30
1 825 2 -9 0.29 29
1 992 2 -9 0.28 29
1 118 1 -9 0.69 39
1 371 1 -9 0.61 36
1 406 2 11 0.25 28
1 27 1 -9 0.55 35
1 137 2 11 0.25 29
1 649 1 -9 0.53 34
1 161 2 -9 0.32 30
1 170 2 12 0.56 36
1 3 1 -9 0.75 40
1 244 1 -9 0.72 38
1 52 2 -9 0.23 28
1 87 2 -9 0.22 28
1 283 1 -9 0.48 35
1 289 2 14 0.27 30
1 488 1 21 0.52 38
1 714 2 8 0.24 27
1 148 2 -9 0.4 33
1 653 1 -9 0.5 35
1 754 2 -9 0.3 28
1 958 1 -9 0.83 39
1 72 2 -9 0.33 31
1 76 1 14 0.51 36
1 91 1 -9 0.44 33
1 109 2 -9 0.26 30
1 143 2 5 0.05 17
1 187 2 10 0.3 31
1 194 2 -9 0.26 29
1 323 1 18 0.58 37
1 353 1 -9 0.45 33
1 361 2 -9 0.33 32
1 215 2 17 0.5 36
1 913 1 -9 0.25 29
1 471 2 -9 0.21 27
1 369 1 -9 0.54 37
1 1204 2 -9 0.23 27
1 790 1 16 0.82 39
1 686 2 -9 0.49 34
1 979 2 -9 0.25 28
1 13 1 -9 0.6 38
1 1238 2 -9 0.38 32
1 1242 2 9 0.32 30
1 1242 1 -9 0.65 34
1 978 2 15 0.48 32
1 1188 2 16 0.33 30
1 1223 2 -9 0.28 27
1 1227 2 -9 0.26 27
1 1198 2 -9 0.19 26
1 1231 1 -9 0.48 35
1 1205 1 -9 0.51 34
1 1243 2 -9 0.38 30
1 383 2 -9 0.22 27
1 1140 1 -9 0.44 34
1 453 1 -9 0.2 28
1 251 1 -9 0.51 35
1 610 1 -9 0.46 36
1 316 1 -9 0.45 33
1 393 1 -9 0.58 36
1 834 2 -9 0.42 31
1 848 1 -9 0.7 38
1 469 2 -9 0.17 26
1 312 1 -9 0.9 43
1 563 1 -9 0.56 36
1 129 1 -9 0.84 39
1 323 2 -9 0.31 30
1 388 1 -9 0.16 25
1 392 1 -9 0.14 25
1 394 1 16 0.57 37
1 295 2 -9 0.16 25
1 61 1 13 0.51 34
1 61 1 -9 0.6 37
1 299 1 -9 0.65 39
1 311 2 -9 0.26 28
1 313 1 -9 0.48 34
1 315 1 -9 0.46 35
1 317 1 13 0.61 37
1 290 1 -9 0.72 39
1 51 2 8 0.26 28
1 56 1 9 0.26 28
1 64 1 -9 0.43 33
1 35 1 -9 0.54 35
1 84 2 10 0.2 27
1 116 2 -9 0.29 30
1 116 1 -9 0.54 36
1 120 1 -9 0.48 34
1 121 1 17 0.7 39
1 232 2 -9 0.28 31
1 237 1 -9 0.42 34
1 125 1 -9 0.52 36
1 238 2 -9 0.23 30
1 133 2 9 0.25 28
1 88 1 10 0.43 35
1 107 1 -9 0.39 35
1 71 2 -9 0.28 30
1 75 2 -9 0.22 28
1 254 1 -9 0.5 33
1 254 2 -9 0.32 31
1 149 2 10 0.32 31
1 153 2 -9 0.36 34
1 155 1 -9 0.32 30
1 158 1 12 0.41 33
1 159 2 -9 0.14 25
1 249 1 -9 0.59 40
1 125 2 8 0.3 31
1 169 1 -9 0.22 28
1 141 1 12 0.42 32
1 135 2 -9 0.22 28
1 111 1 15 0.51 34
1 113 1 20 0.55 36
1 178 1 -9 0.56 34
1 459 1 15 0.52 36
1 462 1 -9 0.23 29
1 419 1 -9 0.33 31
1 421 1 -9 0.66 38
1 423 2 -9 0.28 29
1 427 2 -9 0.26 28
1 404 1 -9 0.83 41
1 437 1 -9 0.4 31
1 438 1 21 0.49 35
1 413 2 -9 0.24 28
1 445 2 17 0.28 30
1 445 2 -9 0.24 29
1 268 1 12 0.57 36
1 273 2 -9 0.32 32
1 278 1 11 0.56 35
1 279 2 14 0.21 27
1 280 1 22 0.49 35
1 282 1 -9 0.48 34
1 18 1 -9 0.48 34
1 18 1 -9 0.53 36
1 19 1 -9 0.43 34
1 20 1 -9 0.49 34
1 348 1 -9 0.46 35
1 350 1 -9 0.65 39
1 381 2 9 0.28 29
1 28 2 -9 0.21 28
1 29 1 -9 0.58 35
1 31 1 -9 0.51 34
1 31 2 10 0.28 30
1 352 1 -9 0.86 40
1 356 1 -9 0.26 30
1 306 1 -9 0.21 28
1 34 1 -9 0.58 36
1 358 1 -9 0.52 35
1 359 1 -9 0.53 35
1 360 1 -9 0.67 37
1 361 2 -9 0.28 30
1 364 2 -9 0.24 29
1 365 1 -9 0.54 37
1 5 1 -9 0.72 39
1 372 1 -9 0.29 30
1 374 1 -9 0.42 33
1 344 1 -9 0.36 34
1 398 2 -9 0.22 29
1 398 1 21 0.48 36
1 329 1 -9 0.43 35
1 329 2 -9 0.26 30
1 333 1 -9 0.26 29
1 335 2 9 0.29 30
1 782 1 -9 0.46 34
1 326 1 20 1.2 43
1 340 2 17 0.28 30
1 340 1 -9 0.36 33
1 448 1 9 0.24 28
1 570 1 -9 0.73 40
1 573 1 -9 0.3 30
1 10 2 -9 0.32 30
1 100 1 -9 0.2 26
1 101 1 -9 0.55 36
1 787 2 8 0.26 27
1 787 1 -9 0.26 27
1 12 1 -9 0.32 30
1 12 1 -9 0.58 35
1 106 1 -9 0.58 38
1 198 2 -9 0.31 30
1 203 2 -9 0.22 28
1 203 2 -9 0.24 30
1 208 1 -9 -9 36
1 209 1 19 0.51 35
1 189 1 -9 0.48 34
1 192 2 11 0.34 31
1 192 1 -9 0.3 30
1 192 1 -9 0.26 30
1 677 1 14 0.25 29
1 226 1 -9 0.27 30
1 217 1 -9 0.39 34
1 229 1 -9 0.44 35
1 230 1 -9 0.23 28
1 705 2 16 0.37 31
1 613 1 -9 0.12 24
1 619 1 -9 0.43 34
1 626 1 -9 0.49 35
1 626 1 -9 0.4 33
1 628 1 -9 0.44 35
1 300 2 14 0.44 34
1 715 1 -9 0.62 36
1 616 2 19 0.27 30
1 701 2 -9 0.28 29
1 704 1 8 0.25 27
1 753 1 -9 0.76 38
1 756 1 -9 0.51 33
1 655 1 -9 0.71 38
1 655 1 -9 0.52 35
1 673 2 -9 0.46 33
1 760 1 -9 0.49 34
1 760 2 9 0.25 28
1 665 2 -9 0.34 30
1 795 1 -9 0.46 33
1 685 2 -9 0.27 28
1 919 2 9 0.37 31
1 524 1 -9 0.13 23
1 529 1 -9 0.6 36
1 739 2 -9 0.46 31
1 732 1 -9 0.95 38
1 1103 2 -9 0.14 23
1 1104 1 -9 0.32 30
1 1030 2 -9 0.15 24
1 566 1 -9 0.48 34
1 597 1 -9 0.77 39
1 599 2 -9 0.24 28
1 500 1 -9 0.59 37
1 478 1 22 0.68 39
1 555 2 -9 0.26 29
1 548 1 -9 0.34 31
1 550 1 12 0.54 35
1 497 1 -9 0.34 33
1 499 1 -9 0.44 33
1 484 2 -9 0.14 23
1 486 1 20 0.63 39
1 870 2 -9 0.17 26
1 871 2 -9 0.13 23
1 897 2 -9 0.2 26
1 898 1 -9 0.35 31
1 1062 2 -9 0.4 33
1 847 1 19 0.76 40
1 879 2 -9 0.41 32
1 892 1 -9 0.2 26
1 876 2 -9 0.43 32
1 1166 1 -9 0.58 39
1 1117 1 -9 0.57 34
1 1044 1 13 0.83 38
1 1047 1 -9 0.32 29
1 1041 2 10 0.35 30
1 1052 2 -9 0.42 32
1 811 2 8 0.22 27
1 1079 2 -9 0.4 31
1 836 2 -9 0.63 37
1 837 2 -9 0.14 23
1 908 1 -9 0.44 34
1 875 1 -9 0.3 29
1 830 1 -9 0.42 32
1 1024 1 10 0.55 33
1 1088 1 -9 0.16 24
1 1137 1 -9 0.27 29
1 938 2 -9 0.34 29
1 1024 1 -9 0.39 30
1 1075 2 -9 0.23 29
1 951 1 -9 0.39 30
1 1014 1 -9 0.37 31
1 1125 2 -9 0.24 26
1 1175 2 -9 0.16 24
1 1173 1 -9 0.17 25
1 1230 2 -9 0.36 31
1 235 1 -9 0.82 40
1 263 1 -9 0.52 35
1 333 1 19 0.48 36
1 296 1 9 0.44 31
1 1123 2 -9 0.43 32
1 928 2 -9 0.25 29
1 892 2 -9 0.14 23
1 393 1 -9 0.62 38
1 394 1 -9 0.47 36
1 969 1 8 0.27 29
1 189 2 -9 0.24 28
1 215 1 12 0.46 34
1 197 1 -9 0.48 34
1 13 2 -9 0.2 26
1 740 2 7 0.4 31
1 31 2 -9 0.38 32
1 39 1 -9 0.48 37
1 623 2 -9 0.14 23
1 638 1 -9 0.49 35
1 642 1 16 0.61 39
1 83 1 -9 0.13 23
1 99 1 -9 0.58 37
1 136 2 8 0.24 28
1 785 1 -9 0.21 26
1 25 1 -9 0.45 33
1 34 2 -9 0.29 30
1 151 1 14 0.66 39
1 203 2 9 0.23 28
1 338 1 -9 0.76 42
1 543 2 -9 0.12 24
1 431 2 -9 0.2 26
1 26 1 -9 0.99 42
1 982 1 -9 0.41 31
1 950 1 -9 0.14 22
1 492 2 -9 0.29 30
1 292 2 10 0.26 30
1 293 1 -9 0.61 36
1 222 1 -9 0.49 34
1 953 1 -9 0.62 35
1 957 1 -9 0.42 33
1 960 2 -9 0.41 31
1 107 2 -9 0.25 29
1 316 1 -9 0.51 35
1 325 1 11 0.58 35
1 234 2 -9 0.22 29
1 280 1 -9 0.58 35
1 289 2 -9 0.17 27
1 350 2 -9 0.32 30
1 117 1 -9 0.53 36
1 130 2 11 0.25 29
1 844 1 -9 0.29 29
1 1235 1 -9 0.68 36
1 373 2 -9 0.19 26
1 384 2 -9 0.41 30
1 434 2 -9 0.37 33
1 182 2 -9 0.32 31
1 182 2 -9 0.26 30
1 199 2 -9 0.29 31
1 200 2 -9 0.23 29
1 165 2 -9 0.22 28
1 244 1 -9 0.48 34
1 302 2 -9 0.24 30
1 776 1 23 0.78 40
1 1016 1 -9 0.22 27
1 1049 2 -9 0.3 30
1 1078 1 -9 0.74 36
1 138 2 -9 0.26 28
1 216 2 -9 0.28 30
1 1149 1 -9 0.2 25
1 414 2 10 0.35 31
1 98 1 -9 0.21 27
1 777 1 -9 0.34 28
1 131 1 -9 0.48 37
1 1099 2 8 0.3 31
1 1101 1 9 0.5 34
1 1177 1 -9 0.38 32
1 579 1 -9 0.8 42
1 622 1 -9 0.31 30
1 220 2 -9 0.24 28
1 167 1 -9 0.32 31
1 686 1 9 0.42 31
1 73 2 12 0.28 30
1 87 2 9 0.29 29
1 564 1 -9 0.24 28
1 344 1 -9 0.52 34
1 361 1 -9 0.64 36
1 377 1 -9 0.41 34
1 390 2 -9 0.28 32
1 877 2 -9 0.25 27
1 1206 1 -9 0.35 31
1 550 2 -9 0.32 31
1 183 1 7 0.29 29
1 214 1 11 0.43 34
1 639 1 -9 0.65 38
1 1146 2 -9 0.4 30
1 719 2 -9 0.15 23
1 486 1 10 0.35 33
1 756 1 -9 0.15 23
1 129 2 -9 0.27 29
1 466 1 -9 0.12 24
1 920 1 -9 0.12 23
1 670 2 -9 0.19 25
1 678 1 -9 0.31 30
1 76 1 -9 0.63 38
1 73 2 -9 0.24 28
1 677 1 -9 0.66 38
1 992 1 9 0.74 36
1 790 1 -9 0.32 29
1 310 1 -9 0.74 38
1 321 1 12 0.5 35
1 345 2 -9 0.31 27
1 966 1 8 0.32 29
1 1163 2 -9 0.31 30
1 123 1 -9 0.16 25
1 134 1 24 0.56 37
1 1036 2 6 0.17 25
1 691 2 -9 0.2 27
1 314 1 10 0.56 35
1 650 2 -9 0.3 31
1 917 2 -9 0.29 30
1 60 1 12 0.59 37
1 77 2 -9 0.09 21
1 32 1 -9 0.48 37
1 207 2 -9 -9 27
1 1240 2 -9 0.34 31
1 939 2 -9 0.38 30
1 1223 1 -9 0.86 37
1 1212 1 -9 0.31 31
1 1197 2 12 0.36 32
1 1198 2 -9 0.47 33
1 1208 2 -9 0.34 30
1 1131 1 -9 0.34 30
1 427 1 13 0.46 34
1 433 2 -9 0.08 22
1 882 1 -9 0.09 21
1 177 1 -9 0.19 27
1 629 1 -9 0.62 39
1 311 1 9 0.3 30
1 1093 2 10 0.39 31
1 630 2 -9 0.24 29
1 394 1 -9 0.29 30
1 418 2 -9 0.31 31
1 174 1 -9 0.64 37
1 186 1 -9 0.17 28
1 992 1 -9 0.64 35
1 1028 1 -9 0.75 37
1 265 1 -9 0.92 42
1 534 2 -9 0.55 30
1 1236 1 -9 0.36 32
1 695 1 22 0.62 38
1 1207 2 -9 0.49 34
1 1207 2 10 0.29 29
1 563 1 -9 0.28 30
1 1058 2 7 0.2 25
1 129 2 -9 0.11 23
1 320 1 22 0.46 35
1 390 1 -9 0.38 33
1 391 1 -9 0.46 34
1 61 2 -9 0.32 29
1 63 1 -9 0.59 35
1 312 1 -9 0.62 38
1 313 2 9 0.34 31
1 317 1 -9 0.57 38
1 318 1 -9 0.31 31
1 285 2 -9 0.29 29
1 288 1 -9 0.68 36
1 63 1 12 0.41 32
1 23 2 -9 0.38 31
1 36 2 9 0.3 30
1 84 1 -9 0.54 37
1 122 1 -9 0.57 37
1 238 1 -9 0.51 36
1 65 1 -9 0.42 32
1 66 1 -9 0.64 36
1 128 1 22 0.73 40
1 130 1 12 0.48 34
1 130 2 -9 0.26 30
1 108 1 -9 0.57 36
1 250 2 -9 0.24 29
1 73 2 -9 0.26 29
1 85 1 -9 0.5 36
1 86 1 -9 0.69 37
1 87 1 -9 0.59 37
1 87 2 -9 0.25 30
1 152 1 9 0.35 31
1 159 2 -9 0.46 34
1 161 2 -9 0.2 27
1 162 2 -9 0.22 27
1 249 1 -9 0.39 35
1 166 1 -9 0.62 36
1 168 1 -9 0.86 43
1 172 1 -9 0.64 38
1 257 2 -9 0.29 32
1 259 2 -9 0.26 30
1 145 2 -9 0.29 30
1 146 2 -9 0.31 30
1 110 2 -9 0.23 28
1 112 1 11 0.5 34
1 464 1 9 0.24 28
1 174 2 21 0.3 30
1 175 2 -9 0.25 30
1 176 1 -9 0.35 34
1 177 1 -9 0.19 27
1 456 1 -9 0.42 35
1 456 1 -9 0.19 27
1 424 2 10 0.37 32
1 427 2 -9 0.22 28
1 429 1 -9 0.2 26
1 429 1 -9 0.42 33
1 431 2 10 0.3 30
1 433 1 -9 0.56 35
1 433 2 10 0.26 30
1 405 1 -9 0.19 27
1 406 2 9 0.24 28
1 436 1 -9 0.36 31
1 265 1 -9 0.55 36
1 267 1 13 0.5 34
1 269 1 -9 0.56 35
1 270 2 -9 0.24 27
1 273 1 -9 0.74 39
1 275 2 -9 0.34 31
1 278 2 -9 0.32 30
1 17 1 -9 0.71 38
1 20 1 -9 0.43 34
1 21 2 -9 0.34 31
1 347 1 -9 0.21 27
1 22 1 -9 0.15 23
1 22 1 -9 0.5 35
1 27 1 -9 0.41 34
1 27 1 -9 0.58 35
1 31 1 13 0.48 34
1 354 1 -9 0.46 35
1 34 1 -9 0.45 35
1 360 1 -9 0.58 36
1 397 1 -9 0.47 35
1 5 1 -9 0.76 40
1 376 1 -9 0.84 42
1 376 2 -9 0.28 30
1 377 1 -9 0.42 36
1 345 1 -9 0.53 34
1 399 2 -9 0.27 29
1 780 2 -9 0.3 29
1 334 2 -9 0.22 28
1 334 2 -9 0.26 29
1 338 2 -9 0.28 29
1 578 1 -9 0.47 34
1 326 1 -9 0.66 37
1 327 2 9 0.22 28
1 327 2 -9 0.34 32
1 328 1 -9 0.65 39
1 339 2 -9 0.21 27
1 511 2 -9 0.37 32
1 515 1 -9 0.5 36
1 516 1 -9 0.32 32
1 16 1 -9 0.64 37
1 93 2 -9 0.34 31
1 450 2 -9 0.22 27
1 452 1 13 0.36 32
1 506 1 -9 0.67 39
1 576 1 17 0.52 37
1 8 1 -9 0.66 37
1 10 1 11 0.41 31
1 11 2 11 0.25 28
1 788 2 -9 0.27 28
1 786 2 -9 0.25 27
1 452 2 -9 0.24 29
1 454 1 -9 0.48 36
1 508 1 -9 0.33 31
1 196 1 9 0.22 27
1 206 1 9 0.31 31
1 194 2 13 0.25 29
1 225 1 12 0.54 38
1 226 1 -9 0.19 26
1 46 1 -9 0.49 36
1 213 1 -9 0.33 33
1 221 1 10 0.32 31
1 472 2 -9 0.26 39
1 223 1 -9 0.58 37
1 1 2 -9 0.22 27
1 3 1 17 0.53 35
1 3 1 -9 0.77 39
1 3 1 -9 0.75 39
1 613 2 -9 0.22 28
1 617 2 -9 0.45 35
1 713 2 -9 0.31 29
1 672 1 -9 0.43 32
1 672 1 -9 0.38 30
1 663 2 -9 0.26 26
1 669 1 -9 0.14 23
1 670 1 -9 0.28 28
1 754 1 -9 0.4 31
1 755 2 -9 0.42 32
1 658 1 -9 0.3 28
1 662 1 -9 0.66 36
1 667 2 -9 0.44 33
1 668 1 -9 0.54 34
1 682 1 -9 0.42 32
1 641 1 -9 0.42 33
1 789 1 8 0.28 27
1 792 1 -9 0.42 31
1 681 1 -9 0.34 30
1 685 2 -9 0.21 25
1 501 2 -9 0.3 32
1 529 1 -9 0.36 30
1 530 2 -9 0.3 29
1 962 1 -9 0.8 40
1 740 1 7 0.24 27
1 742 2 8 0.28 27
1 743 1 7 0.26 26
1 726 1 -9 0.56 35
1 718 1 -9 0.72 37
1 567 1 14 0.35 32
1 1028 1 9 0.33 30
1 1038 2 -9 0.26 28
1 779 1 -9 0.25 28
1 734 2 -9 0.46 33
1 651 2 -9 0.17 26
1 474 1 21 0.72 38
1 541 2 -9 0.16 26
1 1143 2 -9 0.33 30
1 1148 1 -9 0.64 38
1 872 1 -9 0.12 22
1 1065 1 -9 0.73 36
1 896 1 -9 0.44 32
1 863 2 -9 0.34 32
1 976 2 -9 0.22 28
1 845 1 10 0.48 34
1 878 1 -9 0.5 33
1 904 2 -9 0.31 29
1 849 1 13 0.7 37
1 982 1 -9 0.55 36
1 1167 1 9 0.36 31
1 808 2 -9 0.28 30
1 1110 2 -9 0.23 27
1 1162 2 9 0.23 29
1 1048 1 -9 0.77 38
1 1049 1 -9 0.54 35
1 1042 2 -9 0.42 31
1 1042 2 7 0.26 28
1 989 1 -9 0.48 32
1 1079 1 -9 0.79 37
1 990 2 -9 0.34 30
1 916 2 -9 0.26 29
1 1023 2 -9 0.3 29
1 915 2 -9 0.27 28
1 932 1 -9 0.32 31
1 831 1 -9 0.3 29
1 1025 1 7 0.22 26
1 1085 1 -9 0.53 37
1 1012 1 -9 0.41 31
1 1012 2 -9 0.32 31
1 1137 2 -9 0.35 30
1 1138 2 -9 0.44 32
1 941 1 -9 0.59 37
1 942 1 23 0.66 37
1 1010 2 -9 0.14 23
1 954 1 9 0.36 30
1 1015 1 -9 0.33 31
1 1123 2 -9 0.47 34
1 1124 2 -9 0.36 31
1 1174 2 -9 0.26 29
1 1229 2 7 0.34 30
1 1102 1 9 0.39 31
1 1119 2 -9 0.2 27
1 583 1 -9 0.3 32
1 1018 1 -9 0.35 30
1 718 2 -9 0.38 31
1 191 1 -9 0.25 29
1 223 1 16 0.76 38
1 78 2 7 0.2 26
1 981 2 -9 0.44 33
1 157 2 -9 0.38 32
1 164 2 -9 0.26 29
1 196 2 10 0.23 28
1 206 2 -9 0.28 30
1 1059 2 -9 0.18 25
1 988 1 -9 0.18 25
1 292 2 -9 0.22 26
1 62 1 -9 0.19 26
1 99 1 -9 0.38 32
1 411 2 10 0.27 29
1 26 1 16 0.8 39
1 789 2 -9 0.16 24
1 662 2 -9 0.38 31
1 278 2 -9 0.28 29
1 397 1 -9 0.49 34
1 931 2 -9 -9 25
1 226 1 -9 0.16 25
1 208 1 -9 -9 32
1 257 2 -9 0.16 24
1 1147 1 -9 0.66 36
1 70 2 -9 0.29 30
1 829 1 -9 0.46 33
1 336 1 12 0.59 36
1 250 2 -9 0.2 27
1 770 1 -9 0.55 36
1 331 1 19 0.5 35
1 334 1 -9 0.42 33
1 1193 2 8 0.24 27
1 88 1 -9 0.48 35
1 454 2 -9 0.28 29
1 355 2 -9 0.22 28
1 165 1 10 0.52 35
1 221 1 12 0.39 33
1 191 1 -9 0.4 34
1 216 2 -9 0.39 33
1 225 2 10 0.28 29
1 1190 2 -9 0.31 29
1 1210 2 -9 0.35 31
1 252 2 -9 0.36 32
1 632 2 -9 0.37 33
1 644 1 -9 0.57 36
1 1154 2 -9 0.14 22
