1 685 1 -9 0.39 42
1 136 1 -9 0.54 35
1 158 1 -9 0.29 30
1 603 2 -9 0.19 27
1 95 2 8 0.16 25
1 624 2 -9 0.38 33
1 293 1 19 0.48 34
1 753 1 -9 0.16 24
1 366 1 -9 0.44 36
1 377 2 -9 0.3 29
1 399 1 -9 0.2 27
1 238 1 -9 0.7 38
1 4 2 -9 0.22 27
1 404 2 -9 0.36 33
1 85 1 12 0.41 33
1 439 1 -9 0.32 31
1 195 2 6 0.26 29
1 226 2 -9 0.3 29
1 355 2 -9 0.2 28
1 412 1 -9 0.54 35
1 474 1 -9 0.19 27
1 426 1 -9 0.61 35
1 538 1 -9 0.62 38
1 839 1 -9 0.42 32
1 553 2 -9 0.37 34
1 104 1 -9 0.28 30
1 1130 1 7 0.41 33
1 289 2 -9 0.25 29
1 291 1 9 0.26 30
1 313 2 -9 0.34 31
1 515 2 -9 0.51 34
1 708 1 -9 0.52 35
1 426 1 -9 0.48 35
1 427 1 -9 0.37 31
1 1018 1 8 0.12 23
1 186 2 -9 0.33 31
1 218 1 -9 0.34 31
1 231 2 -9 0.24 28
1 242 1 -9 0.52 35
1 577 2 -9 0.37 33
1 28 2 -9 0.17 26
1 524 2 -9 0.26 30
1 172 2 8 0.29 30
1 191 2 -9 0.37 30
1 300 1 -9 0.52 36
1 441 2 -9 0.29 29
1 634 1 -9 0.28 30
1 108 1 -9 0.18 26
1 152 1 -9 0.56 34
1 960 2 7 0.19 26
1 492 1 -9 0.44 33
1 494 1 17 0.7 39
1 11 1 -9 0.57 35
1 15 1 -9 0.49 36
1 551 2 -9 0.29 30
1 679 2 -9 0.32 41
1 99 1 -9 0.54 36
1 127 1 -9 0.82 41
1 1152 1 -9 0.52 36
1 954 1 -9 0.63 38
1 1115 1 -9 0.6 37
1 1122 1 -9 0.58 38
1 958 2 -9 0.3 30
1 616 1 21 0.63 36
1 555 2 16 0.39 33
1 1043 2 -9 0.12 23
1 338 2 -9 0.29 28
1 456 2 8 0.17 26
1 199 1 22 0.67 38
1 258 2 -9 0.24 28
1 143 2 9 0.23 28
1 144 1 -9 0.58 37
1 145 1 -9 0.44 34
1 145 1 13 0.57 36
1 828 1 9 0.27 28
1 18 1 -9 0.53 37
1 206 1 -9 0.5 33
1 206 1 -9 0.57 39
1 206 1 21 0.78 42
1 322 2 10 0.38 32
1 1 1 -9 1.04 41
1 2 1 14 0.55 36
1 21 1 -9 0.27 31
1 22 1 -9 0.56 36
1 23 1 -9 0.48 33
1 94 2 -9 0.54 32
1 116 2 -9 0.29 29
1 119 2 -9 0.09 21
1 6 1 12 0.54 34
1 123 1 -9 0.76 40
1 125 2 -9 0.38 34
1 31 1 -9 0.36 35
1 32 1 -9 0.38 34
1 134 1 7 0.09 21
1 98 2 -9 0.2 28
1 99 2 -9 0.3 31
1 101 1 -9 0.65 37
1 101 2 -9 0.21 26
1 136 1 -9 0.5 35
1 150 1 -9 0.65 38
1 156 1 -9 0.49 35
1 160 1 -9 0.24 30
1 8 1 20 0.5 35
1 50 1 8 0.38 32
1 51 2 -9 0.25 29
1 52 1 -9 0.43 34
1 449 1 -9 0.37 32
1 260 1 -9 0.25 31
1 261 1 -9 0.47 36
1 55 1 19 0.52 37
1 269 1 -9 0.25 31
1 374 1 -9 0.22 28
1 375 2 11 0.25 28
1 359 1 -9 0.39 33
1 359 2 -9 0.25 29
1 383 1 -9 0.28 30
1 385 1 -9 0.5 35
1 386 2 -9 0.34 32
1 264 2 -9 0.09 21
1 328 1 -9 0.6 37
1 391 2 -9 0.21 27
1 391 2 -9 0.32 30
1 393 1 -9 0.73 38
1 75 1 -9 0.64 34
1 76 2 11 0.29 30
1 77 2 11 0.35 34
1 339 2 -9 0.28 31
1 341 1 15 0.59 36
1 365 1 -9 0.63 39
1 365 1 13 0.35 31
1 369 1 -9 0.28 31
1 398 1 -9 0.32 31
1 373 2 -9 0.27 29
1 307 2 -9 0.32 32
1 309 2 -9 0.28 29
1 316 1 11 0.52 36
1 316 1 -9 0.18 26
1 172 2 -9 0.38 33
1 477 1 -9 0.19 27
1 450 2 -9 0.32 31
1 452 1 -9 0.45 35
1 61 1 -9 0.44 33
1 62 2 -9 0.25 30
1 460 2 6 0.05 19
1 66 2 12 0.34 31
1 68 1 -9 0.2 23
1 403 2 5 0.06 19
1 403 1 -9 0.3 30
1 407 2 -9 0.25 29
1 474 2 -9 0.21 27
1 69 2 11 0.28 30
1 70 1 -9 0.61 37
1 334 1 -9 0.46 35
1 335 2 -9 0.13 24
1 336 1 8 0.23 28
1 337 1 -9 0.31 31
1 506 1 19 0.44 37
1 438 1 -9 0.62 38
1 493 2 10 0.2 27
1 495 2 4 0.11 22
1 209 2 -9 0.25 29
1 210 1 -9 0.58 37
1 211 1 -9 0.54 37
1 611 1 21 0.59 36
1 614 1 17 0.57 36
1 639 1 -9 0.32 32
1 174 1 -9 0.71 38
1 174 1 -9 0.62 38
1 11 1 -9 0.6 37
1 14 1 -9 0.58 37
1 565 1 -9 0.34 31
1 180 2 -9 0.27 30
1 180 1 -9 0.41 33
1 298 2 10 0.22 29
1 300 1 -9 0.58 37
1 190 2 -9 0.35 30
1 191 1 -9 0.54 35
1 192 1 -9 0.53 38
1 233 1 19 0.66 35
1 207 1 -9 0.49 36
1 289 2 -9 0.18 26
1 290 2 -9 0.18 26
1 294 1 -9 0.56 36
1 294 2 -9 0.21 28
1 294 1 9 0.39 32
1 212 1 -9 0.57 36
1 245 1 22 0.63 38
1 218 1 -9 1.07 43
1 219 1 -9 0.4 31
1 581 1 -9 0.4 33
1 222 1 9 0.36 32
1 225 1 -9 0.78 39
1 226 1 11 0.51 34
1 589 1 19 0.62 39
1 230 1 -9 1.02 40
1 235 2 -9 0.28 30
1 240 1 9 0.46 35
1 241 1 -9 0.98 39
1 275 2 -9 0.53 37
1 421 2 -9 0.22 29
1 423 1 -9 0.42 34
1 545 1 -9 0.24 28
1 599 1 8 0.24 28
1 692 1 -9 0.7 38
1 653 1 -9 0.57 37
1 679 1 -9 0.63 50
1 622 2 -9 0.55 37
1 623 1 -9 0.22 27
1 661 2 10 0.41 32
1 535 2 -9 0.31 31
1 526 2 -9 0.42 33
1 1055 2 -9 0.36 32
1 712 1 -9 0.52 36
1 815 2 -9 0.32 31
1 607 2 -9 0.26 30
1 608 1 -9 0.24 27
1 1101 2 -9 0.31 29
1 1078 2 -9 0.56 38
1 1059 2 -9 0.29 29
1 1059 2 8 0.39 32
1 1061 1 -9 0.4 32
1 1061 2 -9 0.22 27
1 1062 1 -9 0.26 28
1 1070 2 -9 0.26 28
1 918 1 -9 0.75 38
1 1092 1 11 0.5 35
1 1128 2 -9 0.15 24
1 1133 2 -9 0.38 32
1 1134 2 6 0.3 30
1 1134 2 -9 0.3 31
1 921 1 17 0.66 38
1 924 2 -9 0.35 29
1 936 1 -9 0.3 29
1 912 1 9 0.28 28
1 1004 1 -9 0.09 20
1 1112 2 16 0.36 31
1 1140 2 -9 0.3 29
1 983 1 9 0.33 31
1 764 1 -9 0.72 38
1 764 2 7 0.2 25
1 1030 1 -9 0.36 31
1 789 2 -9 0.3 31
1 803 2 -9 0.2 26
1 1007 2 7 0.13 24
1 889 1 -9 0.6 36
1 1015 2 7 0.18 26
1 866 1 -9 0.86 40
1 944 1 -9 0.12 22
1 947 1 -9 0.46 33
1 120 2 -9 0.22 28
1 123 1 18 0.61 36
1 156 1 23 0.59 37
1 232 1 -9 0.74 40
1 232 1 14 0.42 34
1 624 2 -9 0.27 29
1 655 2 -9 0.27 30
1 424 1 15 0.64 38
1 295 2 -9 0.22 28
1 178 2 -9 0.54 38
1 760 1 -9 0.57 34
1 995 1 13 0.52 35
1 235 1 17 0.65 36
1 392 2 -9 0.33 31
1 239 1 19 0.63 35
1 239 1 -9 1.3 45
1 886 1 -9 0.3 30
1 1030 2 -9 0.56 35
1 896 1 15 0.59 36
1 580 1 -9 0.6 37
1 435 1 -9 0.27 29
1 170 1 -9 0.39 32
1 8 2 -9 0.26 29
1 1106 1 -9 0.18 25
1 229 1 -9 0.51 34
1 234 1 -9 0.67 37
1 765 1 -9 0.58 37
1 1027 1 -9 0.77 37
1 1126 2 22 0.28 30
1 135 1 -9 0.64 37
1 297 1 -9 0.44 33
1 830 1 -9 0.65 39
1 684 2 9 0.27 38
1 420 1 -9 0.39 33
1 105 2 11 0.28 30
1 140 1 16 0.64 38
1 199 1 -9 0.62 39
1 203 2 -9 0.32 31
1 255 2 8 0.2 26
1 615 1 19 0.67 38
1 503 1 -9 0.51 38
1 988 1 -9 0.67 38
1 75 2 8 0.22 27
1 77 2 -9 0.18 26
1 826 1 -9 0.28 29
1 508 1 8 0.24 29
1 574 1 -9 0.7 40
1 578 1 -9 0.43 35
1 536 2 -9 0.38 33
1 1063 2 9 0.34 30
1 1124 1 14 0.6 36
1 884 1 7 0.2 26
1 483 2 7 0.13 25
1 684 1 -9 0.51 47
1 429 1 -9 0.53 35
1 775 1 19 0.6 38
1 191 2 12 0.26 29
1 292 1 -9 0.7 37
1 324 1 -9 0.5 37
1 13 1 -9 0.89 40
1 40 1 -9 0.67 39
1 634 2 -9 0.24 30
1 1056 2 -9 0.34 31
1 1133 2 -9 0.27 27
1 1133 2 9 0.38 30
1 281 1 21 0.6 36
1 8 1 -9 0.63 38
1 315 1 -9 0.55 35
1 406 2 -9 0.22 26
1 754 2 12 0.32 30
1 354 1 -9 0.72 40
1 370 1 -9 0.3 30
1 455 2 8 0.21 27
1 135 1 14 0.48 37
1 158 1 -9 0.42 34
1 123 2 -9 0.31 30
1 1021 2 -9 0.17 24
1 795 2 -9 0.25 28
1 288 1 8 0.26 29
1 626 1 13 0.48 36
1 642 1 18 0.4 33
1 388 1 15 0.47 34
1 128 2 -9 0.25 31
1 217 1 -9 0.45 35
1 384 1 -9 0.25 29
1 389 2 -9 0.19 26
1 292 2 -9 0.31 31
1 799 2 -9 0.12 23
1 556 2 -9 0.27 30
1 72 2 7 0.23 27
1 624 2 -9 0.35 31
1 438 1 -9 0.51 35
1 96 1 -9 0.21 37
1 1035 2 -9 0.34 30
1 682 1 -9 0.7 49
1 875 2 -9 0.3 29
1 20 2 -9 0.21 29
1 1076 1 -9 0.22 27
1 124 2 -9 0.24 29
1 1153 1 -9 0.61 36
1 1124 1 -9 0.96 40
1 1080 1 -9 0.46 33
1 70 1 -9 0.42 34
1 631 2 -9 0.33 31
1 405 2 -9 0.3 30
1 698 1 19 0.59 38
1 238 1 -9 0.64 37
1 1087 2 19 0.34 32
1 547 2 -9 0.1 20
1 625 1 -9 0.3 31
1 143 2 -9 0.26 29
1 143 1 -9 0.51 36
1 146 1 10 0.46 34
1 149 1 -9 0.56 35
1 251 1 -9 0.25 29
1 141 1 -9 0.53 35
1 256 1 -9 0.18 26
1 42 2 -9 0.32 31
1 45 2 -9 0.28 28
1 19 1 -9 0.33 31
1 24 1 -9 0.19 27
1 95 1 -9 0.44 33
1 95 1 -9 0.47 35
1 116 2 -9 0.58 35
1 117 2 -9 0.36 32
1 117 2 -9 0.32 30
1 6 1 -9 0.67 38
1 7 1 12 0.5 36
1 124 1 -9 0.73 38
1 85 2 -9 0.2 27
1 126 2 -9 0.21 27
1 127 2 -9 0.24 30
1 127 2 -9 0.44 34
1 129 2 -9 0.27 30
1 130 1 -9 0.64 37
1 98 2 13 0.24 29
1 100 1 -9 0.35 38
1 104 1 14 0.5 36
1 139 1 -9 0.6 39
1 140 2 -9 0.38 34
1 490 1 -9 1 43
1 152 1 -9 0.53 35
1 39 1 -9 0.93 41
1 443 1 22 0.6 40
1 154 1 -9 0.2 28
1 155 1 21 0.61 36
1 49 2 -9 0.27 29
1 51 2 -9 0.28 29
1 52 1 -9 0.71 39
1 262 1 -9 0.47 39
1 263 1 -9 0.15 25
1 357 1 -9 0.58 37
1 359 1 8 0.35 31
1 383 1 9 0.25 29
1 384 1 -9 0.72 39
1 385 1 -9 0.54 37
1 387 2 -9 0.26 28
1 362 1 -9 0.47 34
1 390 1 -9 0.28 30
1 392 1 -9 0.63 36
1 392 1 -9 0.54 36
1 74 1 -9 0.57 36
1 76 2 -9 0.23 29
1 339 2 -9 0.25 29
1 340 2 -9 0.3 30
1 398 1 -9 0.66 38
1 398 1 -9 0.41 32
1 342 2 -9 0.26 29
1 348 2 -9 0.24 28
1 377 2 9 0.22 28
1 378 1 -9 0.2 27
1 380 2 -9 0.19 26
1 307 1 -9 0.61 37
1 307 1 11 0.25 29
1 309 2 -9 0.24 27
1 316 2 -9 0.32 32
1 320 1 -9 0.69 40
1 64 2 -9 0.26 29
1 65 1 -9 0.21 34
1 401 2 -9 0.27 30
1 461 2 -9 0.27 31
1 66 1 -9 0.55 35
1 401 1 -9 0.43 33
1 333 2 -9 0.27 30
1 334 1 10 0.25 28
1 509 2 -9 0.28 30
1 432 1 -9 0.39 32
1 433 1 -9 0.29 29
1 441 2 -9 0.28 29
1 494 2 -9 0.19 26
1 495 1 -9 0.85 43
1 497 2 -9 0.27 31
1 499 1 -9 0.51 35
1 501 1 -9 -9 32
1 558 1 -9 0.77 41
1 614 1 -9 0.64 39
1 615 1 -9 0.68 39
1 175 1 -9 0.55 36
1 177 1 -9 0.51 34
1 12 1 16 0.63 39
1 77 2 -9 0.15 24
1 78 1 -9 0.6 38
1 83 2 -9 0.36 32
1 199 1 -9 0.52 35
1 425 1 -9 0.48 34
1 425 1 17 0.57 36
1 430 1 -9 -9 37
1 286 1 11 0.38 32
1 656 1 -9 0.41 33
1 657 1 13 0.53 36
1 180 1 -9 0.54 36
1 182 1 19 0.46 36
1 491 2 -9 0.32 31
1 186 1 -9 0.54 34
1 187 2 -9 0.37 32
1 298 2 -9 0.26 30
1 189 2 7 0.15 25
1 193 1 -9 0.78 42
1 195 2 -9 0.31 32
1 195 1 -9 0.97 43
1 195 1 -9 0.48 36
1 196 1 -9 0.63 36
1 301 1 -9 0.24 28
1 305 1 -9 0.56 37
1 446 2 -9 0.12 23
1 288 1 -9 0.87 39
1 292 1 8 0.22 29
1 293 2 -9 0.23 30
1 244 2 -9 0.17 25
1 244 1 -9 0.56 36
1 572 1 -9 0.42 34
1 214 2 8 0.35 30
1 218 1 13 0.63 39
1 222 2 -9 0.28 29
1 227 1 -9 0.64 37
1 228 1 -9 0.55 35
1 586 1 -9 0.53 36
1 274 1 -9 0.44 36
1 422 2 -9 0.23 30
1 688 1 -9 0.58 36
1 650 2 -9 0.53 38
1 596 2 -9 0.26 29
1 676 2 -9 0.45 35
1 631 2 -9 0.41 33
1 533 1 12 0.2 30
1 520 1 -9 0.51 36
1 521 1 21 0.76 40
1 897 2 -9 0.73 35
1 1023 2 -9 0.32 30
1 1050 2 10 0.38 29
1 719 1 -9 0.18 26
1 727 1 -9 0.39 34
1 1041 1 7 0.09 21
1 609 2 6 0.06 19
1 548 1 -9 3 29
1 820 2 12 0.26 29
1 603 2 -9 0.14 24
1 635 2 -9 0.28 31
1 1090 1 -9 0.42 33
1 1072 2 -9 0.2 26
1 1071 2 8 0.35 31
1 1001 2 -9 0.36 31
1 923 2 -9 0.14 24
1 936 2 -9 0.34 31
1 1026 2 -9 0.28 29
1 981 1 -9 0.26 28
1 969 1 -9 0.24 28
1 978 2 -9 0.09 21
1 759 1 -9 0.61 39
1 777 1 -9 0.78 40
1 829 1 -9 0.45 34
1 797 2 -9 0.11 32
1 774 2 -9 0.27 29
1 780 2 -9 0.11 22
1 880 2 8 0.1 25
1 891 1 -9 0.69 37
1 967 1 -9 0.6 37
1 968 1 11 0.33 30
1 962 2 -9 0.28 29
1 941 2 -9 0.14 24
1 67 1 -9 0.61 36
1 84 2 -9 0.51 36
1 382 2 7 0.18 26
1 442 1 -9 0.56 37
1 118 2 -9 0.37 32
1 197 1 -9 0.65 38
1 212 1 -9 0.52 36
1 224 1 11 0.44 32
1 65 2 16 0.17 36
1 786 1 -9 0.31 30
1 801 2 12 0.54 36
1 404 1 -9 0.41 32
1 409 2 -9 0.21 27
1 69 1 -9 0.48 35
1 612 1 -9 0.5 36
1 9 1 -9 0.74 39
1 885 2 -9 0.14 23
1 705 1 -9 0.56 37
1 952 2 -9 0.32 30
1 262 1 12 0.36 36
1 495 2 -9 0.15 25
1 330 1 -9 0.61 37
1 121 1 -9 0.36 33
1 159 1 -9 0.36 33
1 358 1 8 0.18 26
1 363 1 -9 0.25 29
1 383 1 -9 0.22 27
1 111 1 -9 0.46 35
1 96 2 18 0.34 31
1 98 1 -9 0.42 35
1 428 1 -9 0.52 35
1 523 1 -9 0.86 44
1 534 1 -9 0.36 33
1 2 1 -9 0.71 39
1 3 1 -9 0.52 36
1 256 1 -9 0.24 28
1 949 2 -9 0.2 26
1 271 2 -9 0.36 31
1 635 2 -9 0.1 21
1 481 1 -9 0.19 27
1 234 1 -9 0.54 34
1 1150 2 17 0.26 30
1 816 1 9 0.26 29
1 616 1 -9 0.62 36
1 919 2 -9 0.25 28
1 699 1 -9 0.42 32
1 852 1 -9 0.8 39
1 285 1 7 0.27 27
1 1009 2 -9 0.14 23
1 358 1 -9 0.41 35
1 372 2 -9 0.26 29
1 202 2 -9 0.32 31
1 411 2 -9 0.25 28
1 115 1 -9 0.55 36
1 422 2 12 0.23 29
1 704 1 -9 0.69 37
1 117 2 16 0.3 31
1 120 1 20 0.61 38
1 151 1 -9 0.23 29
1 418 1 -9 0.33 31
1 740 1 -9 0.15 24
1 668 1 -9 0.41 34
1 90 1 -9 0.65 39
1 641 1 -9 0.46 35
1 188 1 17 0.7 38
1 291 1 -9 0.56 36
1 711 1 -9 0.8 39
1 331 1 -9 0.26 30
1 393 2 -9 0.27 29
1 751 2 -9 0.42 32
1 144 1 -9 0.67 38
1 810 1 -9 0.61 37
1 243 2 -9 0.19 27
1 264 1 -9 0.18 25
1 742 1 -9 0.03 15
1 938 1 7 0.23 28
1 280 1 -9 0.46 34
1 280 1 -9 0.16 24
1 69 1 -9 0.44 34
1 902 1 -9 0.58 36
1 109 1 9 0.3 30
1 991 2 -9 0.38 31
1 992 2 -9 0.15 22
1 106 2 -9 0.16 26
1 707 1 -9 0.64 36
1 513 1 19 0.62 40
1 673 2 9 0.34 31
1 603 2 -9 0.27 30
1 88 2 -9 0.4 31
1 90 1 -9 0.5 36
1 15 1 -9 0.46 35
1 47 2 -9 0.31 30
1 53 1 -9 0.65 38
1 144 1 -9 0.49 34
1 683 1 19 0.52 46
1 954 1 20 0.63 37
1 1144 1 -9 0.68 36
1 693 1 -9 0.72 37
1 703 1 -9 0.76 38
1 622 1 -9 0.43 34
1 66 1 -9 0.48 35
1 491 2 -9 0.31 31
1 493 2 -9 0.25 29
1 353 1 14 0.3 30
1 970 1 -9 0.22 28
1 979 1 -9 0.35 32
1 904 2 9 0.27 31
1 632 1 -9 0.32 32
1 142 1 -9 0.42 35
1 144 1 11 0.46 34
1 257 1 -9 0.24 29
1 16 1 11 0.55 36
1 18 2 -9 0.21 28
1 3 1 19 0.52 36
1 4 2 -9 0.24 29
1 42 1 -9 0.69 40
1 45 1 8 0.31 29
1 20 1 -9 0.49 35
1 23 1 22 0.66 38
1 93 2 -9 0.33 31
1 96 2 -9 0.35 32
1 116 2 9 0.31 31
1 117 1 -9 0.68 38
1 122 2 -9 0.21 28
1 89 1 -9 0.56 36
1 91 2 11 0.3 30
1 127 1 8 0.34 31
1 130 1 19 0.55 35
1 132 1 -9 0.61 35
1 132 1 7 0.21 28
1 37 1 -9 0.6 38
1 105 2 -9 0.28 30
1 247 1 9 0.32 30
1 250 1 10 0.4 33
1 135 2 -9 0.28 31
1 37 1 -9 0.4 33
1 151 2 -9 0.29 30
1 152 2 -9 0.3 31
1 157 1 -9 0.48 34
1 157 1 19 0.62 37
1 49 1 9 0.29 31
1 484 1 -9 0.54 38
1 320 2 7 0.21 28
1 258 2 6 0.13 24
1 260 2 -9 0.23 30
1 260 1 12 0.46 34
1 260 1 -9 0.52 37
1 374 2 -9 0.38 32
1 358 1 -9 0.46 34
1 383 1 -9 0.2 27
1 386 1 -9 0.2 27
1 387 1 -9 0.23 32
1 388 1 -9 0.24 29
1 360 1 -9 0.7 38
1 74 1 -9 0.55 37
1 74 1 13 0.62 38
1 363 2 -9 0.12 23
1 364 1 -9 0.39 32
1 368 2 -9 0.31 31
1 370 1 10 0.34 32
1 370 1 -9 0.41 34
1 397 1 12 0.43 33
1 400 2 -9 0.24 29
1 400 1 -9 0.24 27
1 342 1 11 0.28 30
1 344 2 -9 0.21 27
1 378 1 -9 0.46 35
1 378 2 -9 0.32 30
1 380 2 -9 0.18 26
1 308 1 8 0.21 28
1 317 2 -9 0.2 26
1 319 1 -9 0.16 25
1 409 1 -9 0.24 29
1 475 2 8 0.17 26
1 478 1 -9 0.54 38
1 456 1 -9 0.28 29
1 62 2 -9 0.24 30
1 64 1 -9 0.54 36
1 463 2 -9 0.25 29
1 65 1 -9 0.93 40
1 402 1 -9 0.55 36
1 403 2 -9 0.24 28
1 404 2 -9 0.24 28
1 407 1 -9 0.55 35
1 70 2 9 0.42 27
1 338 2 -9 0.3 30
1 339 2 8 0.15 24
1 733 1 19 0.45 34
1 440 2 -9 0.28 29
1 493 2 -9 0.55 35
1 494 1 -9 0.26 29
1 496 2 -9 0.26 31
1 498 2 17 0.31 29
1 210 1 -9 0.43 35
1 613 1 -9 0.46 35
1 615 1 -9 0.56 36
1 616 1 -9 0.52 35
1 560 2 -9 0.22 28
1 173 1 -9 0.44 33
1 14 1 15 0.6 35
1 414 1 -9 0.46 35
1 429 1 12 0.48 36
1 430 1 -9 -9 35
1 431 1 -9 0.77 39
1 431 1 -9 0.47 33
1 432 1 16 0.63 37
1 179 1 11 0.58 38
1 181 1 -9 0.45 35
1 183 2 -9 0.39 32
1 183 1 -9 0.54 35
1 492 1 -9 0.67 41
1 184 1 -9 0.57 37
1 296 1 -9 0.62 36
1 297 1 -9 0.5 36
1 300 1 -9 0.42 33
1 194 1 -9 0.34 33
1 301 1 8 0.2 26
1 293 2 -9 0.31 30
1 294 2 -9 0.25 28
1 243 2 -9 0.23 28
1 295 2 -9 0.14 24
1 295 2 -9 0.24 29
1 215 1 -9 0.7 38
1 221 2 -9 0.26 28
1 223 2 -9 0.27 29
1 225 2 -9 0.19 26
1 226 2 -9 0.34 30
1 230 1 -9 0.61 34
1 232 2 -9 0.16 25
1 233 1 -9 0.75 39
1 417 1 9 0.24 28
1 236 1 -9 0.77 39
1 242 1 10 0.31 30
1 539 1 19 0.62 37
1 271 2 -9 0.14 24
1 423 1 -9 0.61 38
1 545 1 11 0.48 36
1 283 1 -9 0.44 36
1 599 1 -9 0.2 28
1 696 2 -9 0.46 34
1 654 2 -9 0.45 36
1 595 1 -9 0.5 36
1 679 1 -9 0.45 44
1 680 1 -9 0.43 33
1 683 1 -9 0.37 45
1 685 2 17 0.24 39
1 687 2 11 0.45 33
1 678 2 -9 0.28 30
1 628 2 -9 0.35 33
1 671 2 -9 0.26 28
1 672 1 -9 0.6 36
1 531 2 -9 0.14 24
1 812 2 -9 0.42 34
1 701 1 -9 0.6 38
1 804 1 -9 0.62 36
1 713 1 9 0.33 30
1 718 2 -9 0.25 29
1 1039 2 -9 0.27 29
1 606 1 -9 0.55 38
1 1069 2 -9 0.24 30
1 1081 2 -9 0.15 24
1 1085 2 -9 0.3 29
1 1086 1 -9 0.75 38
1 915 2 -9 0.2 27
1 1125 1 -9 0.58 37
1 1131 2 -9 0.28 27
1 1132 2 7 0.22 26
1 1134 1 -9 0.57 36
1 1134 2 -9 0.18 24
1 929 1 19 0.58 35
1 1136 2 -9 0.42 32
1 840 1 7 0.13 23
1 842 1 -9 0.45 33
1 920 2 -9 0.35 29
1 1111 2 -9 0.28 29
1 1025 2 -9 0.35 31
1 1028 2 9 0.28 30
1 1108 2 9 0.36 32
1 794 1 -9 0.19 26
1 846 2 -9 0.08 20
1 767 1 -9 0.46 34
1 770 1 12 0.4 33
1 1021 2 -9 0.26 28
1 1021 2 9 0.29 30
1 758 2 7 0.12 23
1 867 1 -9 0.54 33
1 128 2 -9 0.27 29
1 635 1 -9 0.28 32
1 378 1 22 0.55 37
1 406 1 12 0.45 34
1 250 1 -9 0.36 31
1 90 1 -9 0.2 27
1 1149 2 -9 0.28 29
1 805 1 13 0.6 36
1 236 2 -9 0.27 29
1 1048 1 -9 0.26 29
1 253 1 17 0.58 37
1 1116 2 9 0.23 27
1 314 1 -9 0.4 33
1 910 2 -9 0.2 25
1 426 1 15 0.58 35
1 626 1 -9 0.28 29
1 216 2 -9 0.38 33
1 377 2 -9 0.2 27
1 420 1 11 0.53 36
1 562 2 -9 0.22 29
1 34 1 -9 0.49 37
1 38 2 -9 0.23 27
1 261 1 -9 0.68 40
1 61 1 -9 0.45 35
1 326 2 -9 0.36 32
1 142 2 -9 0.3 29
1 261 1 9 0.34 33
1 369 1 19 0.72 38
1 409 2 8 0.21 27
1 36 2 -9 0.23 29
1 553 2 8 0.13 25
1 605 2 7 0.19 26
1 630 1 -9 0.42 34
1 907 2 -9 0.22 27
1 862 1 -9 0.25 26
1 124 1 -9 0.27 31
1 153 2 11 0.29 28
1 159 1 -9 0.22 28
1 211 1 21 0.44 37
1 505 1 -9 0.5 35
1 64 1 -9 0.22 28
1 76 1 -9 0.61 37
1 50 1 -9 0.6 37
1 625 2 -9 0.32 31
1 611 1 -9 0.24 28
1 680 1 19 0.55 36
1 456 1 -9 0.54 37
1 890 1 -9 0.71 37
1 287 1 -9 0.7 38
1 356 1 11 0.3 30
1 34 1 -9 0.45 35
1 54 1 7 0.3 29
1 650 1 -9 0.8 40
1 1031 1 -9 0.48 35
1 394 2 -9 0.32 31
1 185 2 -9 0.39 32
1 263 2 -9 0.24 28
1 263 2 -9 0.22 28
1 338 2 -9 0.24 28
1 344 1 -9 0.43 33
1 379 1 -9 0.57 36
1 204 2 -9 0.42 33
1 161 2 12 0.3 30
1 431 1 -9 0.53 35
1 855 1 -9 0.04 16
1 88 2 -9 0.31 30
1 606 2 -9 0.28 32
1 137 1 16 0.43 35
1 140 1 -9 0.24 28
1 193 2 -9 0.41 34
1 878 1 -9 0.3 29
1 946 2 10 0.27 29
1 640 1 -9 0.54 36
1 317 1 -9 0.44 33
1 1129 2 -9 0.3 29
1 185 1 -9 0.58 35
1 349 2 -9 0.21 26
1 400 1 9 0.37 32
1 612 1 16 0.53 37
1 47 1 -9 0.91 41
1 901 1 -9 0.14 23
1 209 1 19 0.54 37
1 256 1 12 0.32 32
1 420 1 -9 0.44 36
1 502 1 -9 0.55 36
1 710 1 9 0.48 34
1 836 1 16 0.44 34
1 687 2 -9 0.75 41
1 823 1 -9 0.25 35
1 1083 2 7 0.15 23
1 554 1 -9 0.48 33
1 91 2 -9 0.46 35
1 45 1 -9 0.51 35
1 954 1 -9 0.64 39
1 956 1 7 0.11 21
1 950 2 6 0.1 20
1 658 2 -9 0.41 34
1 4 1 -9 0.66 37
1 681 1 20 0.79 50
1 99 2 -9 0.16 25
1 496 2 19 0.26 31
1 769 1 -9 0.64 36
1 395 2 -9 0.38 31
1 402 1 -9 0.34 31
1 422 2 -9 0.17 27
1 152 1 14 0.54 37
1 212 2 11 0.25 29
1 746 2 -9 0.14 24
1 738 2 8 0.24 27
1 1065 1 -9 0.66 40
1 1107 2 -9 0.24 28
1 509 1 -9 0.25 30
1 147 1 -9 0.31 31
1 15 1 16 0.53 38
1 19 2 -9 0.24 29
1 3 2 -9 0.26 28
1 5 2 -9 0.3 30
1 163 1 -9 0.6 38
1 255 1 -9 0.48 34
1 255 2 -9 0.18 27
1 43 1 18 0.5 35
1 44 2 -9 0.32 32
1 44 1 14 0.64 37
1 21 1 18 0.64 37
1 22 1 -9 0.86 39
1 23 2 -9 0.32 30
1 94 1 -9 0.76 41
1 95 2 -9 0.2 27
1 116 2 -9 0.17 25
1 120 2 -9 0.39 32
1 120 2 -9 0.28 30
1 86 1 -9 0.63 37
1 125 1 16 0.63 36
1 125 2 -9 0.43 34
1 128 2 -9 0.33 33
1 130 1 -9 0.69 38
1 134 2 -9 0.28 30
1 97 2 8 0.19 26
1 104 1 -9 0.24 28
1 140 2 -9 0.25 30
1 135 1 -9 0.52 38
1 136 1 -9 0.44 34
1 490 1 -9 0.93 41
1 149 2 -9 0.39 33
1 153 1 -9 0.52 34
1 38 2 19 0.31 31
1 39 1 -9 0.59 36
1 39 2 6 0.19 26
1 40 2 14 0.27 31
1 153 2 -9 0.36 32
1 157 1 -9 0.27 30
1 47 1 16 0.69 38
1 48 1 -9 0.4 33
1 161 1 -9 0.52 34
1 107 2 -9 0.24 29
1 50 1 -9 0.56 36
1 327 2 -9 0.48 36
1 259 2 -9 0.3 30
1 262 1 -9 0.15 26
1 56 1 -9 0.38 32
1 350 2 -9 0.25 28
1 350 1 11 0.46 34
1 373 1 -9 0.31 31
1 375 1 -9 0.46 34
1 356 2 -9 0.23 29
1 384 1 -9 0.62 36
1 388 1 -9 0.18 26
1 73 1 -9 0.52 35
1 361 1 9 0.22 28
1 361 1 -9 0.24 29
1 391 2 9 0.24 28
1 394 2 10 0.27 29
1 75 1 -9 0.84 40
1 363 1 -9 0.73 39
1 371 1 19 0.56 36
1 395 2 19 0.32 30
1 397 1 -9 0.24 28
1 343 2 -9 0.24 28
1 344 1 -9 0.45 34
1 344 1 7 0.33 32
1 346 1 10 0.54 37
1 347 1 -9 0.16 25
1 347 1 -9 0.48 33
1 372 1 -9 0.4 33
1 372 1 11 0.56 36
1 373 1 -9 0.27 30
1 380 2 -9 0.26 29
1 353 2 -9 0.25 30
1 310 2 -9 0.27 30
1 310 1 -9 0.56 37
1 312 1 -9 0.61 37
1 409 2 -9 0.17 27
1 410 1 -9 0.47 35
1 505 2 -9 0.12 23
1 456 1 -9 0.33 33
1 60 1 -9 0.61 36
1 402 2 -9 0.28 30
1 53 1 -9 0.68 37
1 473 2 -9 0.25 39
1 332 1 -9 0.25 30
1 71 1 -9 0.42 34
1 510 2 -9 0.18 26
1 734 2 -9 0.26 29
1 438 1 8 0.24 29
1 441 1 -9 0.65 38
1 496 1 -9 0.53 35
1 497 2 -9 0.34 32
1 498 1 -9 0.87 38
1 500 1 6 -9 31
1 516 2 -9 0.31 29
1 209 1 -9 0.47 36
1 614 1 -9 0.35 32
1 615 1 -9 0.34 32
1 12 1 -9 0.21 27
1 77 1 -9 0.43 34
1 564 2 -9 0.41 32
1 11 1 22 0.65 39
1 427 1 -9 0.67 38
1 427 1 -9 0.59 35
1 429 1 -9 0.72 38
1 285 1 -9 0.48 33
1 286 1 -9 0.5 35
1 177 1 -9 0.64 37
1 179 2 -9 0.21 27
1 181 1 14 0.49 35
1 659 1 -9 0.63 37
1 491 2 10 0.25 27
1 188 1 -9 0.56 36
1 299 2 -9 0.22 28
1 300 1 8 0.33 32
1 192 2 -9 0.19 27
1 193 2 17 0.35 32
1 301 2 -9 0.24 29
1 204 2 -9 0.36 32
1 288 1 -9 0.37 33
1 289 2 -9 0.28 30
1 291 2 -9 0.23 28
1 213 2 -9 0.27 29
1 214 2 -9 0.31 31
1 215 1 -9 0.63 37
1 215 1 13 0.61 37
1 579 1 11 0.46 34
1 221 1 -9 0.6 37
1 222 2 -9 0.28 29
1 224 1 -9 0.55 36
1 227 1 -9 0.74 38
1 229 1 -9 0.3 30
1 230 1 11 0.51 33
1 230 1 -9 0.66 37
1 231 2 -9 0.23 29
1 233 1 -9 0.52 36
1 235 1 -9 0.8 38
1 239 1 -9 0.63 36
1 240 1 -9 0.92 40
1 241 1 -9 0.34 31
1 243 1 -9 0.28 29
1 419 1 -9 0.6 36
1 542 1 -9 0.2 27
1 545 2 -9 0.23 29
1 277 2 8 0.24 28
1 283 1 -9 0.25 30
1 284 1 9 0.32 32
1 284 1 -9 0.4 33
1 284 2 -9 0.28 29
1 598 2 -9 0.22 27
1 598 2 -9 0.3 30
1 691 2 -9 0.41 32
1 700 2 -9 0.2 25
1 653 1 -9 0.61 39
1 646 2 14 0.48 35
1 655 1 -9 0.58 38
1 648 1 -9 0.49 37
1 650 1 12 0.54 36
1 652 2 -9 0.14 25
1 591 2 -9 0.34 33
1 592 1 14 -9 38
1 594 1 -9 0.63 38
1 602 1 -9 0.82 41
1 682 1 22 0.69 49
1 684 1 -9 0.49 45
1 622 1 13 0.69 38
1 622 2 -9 0.39 32
1 536 1 9 0.38 33
1 859 2 -9 0.24 28
1 1022 1 -9 0.44 30
1 745 1 13 0.28 29
1 1049 2 -9 0.28 29
1 709 1 8 0.34 31
1 730 2 -9 0.41 32
1 711 1 -9 0.61 36
1 856 2 -9 0.11 22
1 1033 1 9 0.41 32
1 547 1 7 0.27 30
1 548 1 -9 0.53 36
1 605 2 -9 0.17 26
1 824 2 11 0.32 29
1 637 1 -9 0.78 41
1 1060 2 -9 0.36 31
1 1061 2 11 0.34 30
1 1098 2 -9 0.31 29
1 832 1 24 0.81 42
1 831 1 -9 0.32 31
1 1067 1 19 0.91 41
1 927 2 -9 0.12 29
1 1138 1 -9 0.6 35
1 838 1 -9 0.52 35
1 751 1 -9 0.82 41
1 1135 1 -9 0.54 35
1 936 2 -9 0.26 28
1 930 1 -9 0.67 38
1 909 1 -9 0.08 19
1 1113 1 -9 0.42 32
1 1143 1 -9 0.28 28
1 1143 2 8 0.29 29
1 972 1 7 0.16 24
1 1145 2 -9 0.24 28
1 994 1 -9 0.74 39
1 762 2 6 0.25 29
1 784 1 -9 0.29 30
1 787 2 -9 0.24 29
1 791 1 -9 0.16 26
1 779 2 9 0.22 27
1 1021 2 -9 0.4 31
1 1011 2 8 0.21 27
1 1013 2 -9 0.22 27
1 1016 1 -9 0.54 37
1 1017 1 -9 0.46 35
1 876 1 18 0.58 36
1 849 1 22 0.77 39
1 961 1 -9 0.6 36
1 882 1 -9 0.48 36
1 131 1 17 0.48 36
1 23 1 -9 0.59 36
1 39 1 -9 0.46 35
1 223 1 -9 0.61 35
1 87 1 13 0.6 35
1 12 1 -9 0.64 37
1 381 1 -9 0.52 36
1 284 1 -9 0.36 33
1 440 2 -9 0.27 29
1 136 1 12 0.36 32
1 1146 1 11 0.48 34
1 350 1 -9 0.51 35
1 674 2 -9 0.48 32
1 625 1 -9 0.49 34
1 977 1 -9 0.65 37
1 806 2 -9 0.36 31
1 613 2 -9 0.19 26
1 1066 2 -9 0.19 25
1 1103 2 -9 0.31 30
1 421 1 -9 0.76 39
1 474 1 -9 0.25 30
1 148 2 -9 0.19 28
1 91 2 -9 0.26 28
1 1084 1 -9 0.36 30
1 174 2 -9 0.41 32
1 1002 1 -9 0.76 37
1 197 2 10 0.25 29
1 333 1 15 0.4 33
1 385 1 19 0.76 38
1 589 1 -9 0.56 36
1 16 2 -9 0.18 29
1 729 2 8 0.28 29
1 507 1 -9 0.09 21
1 793 2 -9 0.08 19
1 913 2 -9 -9 32
1 216 2 11 0.26 30
1 234 1 9 0.39 31
1 369 2 -9 0.19 26
1 410 2 -9 0.26 29
1 1040 1 -9 0.53 35
1 557 1 -9 0.35 32
1 1044 2 -9 0.18 27
1 954 1 -9 0.46 33
1 89 2 -9 0.25 30
1 100 2 16 0.27 30
1 983 1 -9 0.68 38
1 313 1 8 0.26 29
1 922 1 -9 0.65 38
1 618 2 -9 0.17 26
1 1102 2 -9 0.31 30
1 469 2 -9 0.1 22
1 1094 2 -9 0.4 31
1 1105 2 -9 0.2 26
1 583 1 13 0.59 36
1 957 1 -9 0.22 26
1 492 1 9 0.36 32
1 442 2 -9 0.18 26
1 690 1 16 0.76 39
1 847 1 -9 1.16 43
1 710 1 -9 0.72 39
1 17 1 17 0.67 37
1 242 1 -9 0.15 24
1 93 1 -9 0.65 39
1 343 1 18 0.71 39
1 367 1 -9 0.45 35
1 371 2 -9 0.3 29
1 681 1 -9 0.67 48
1 479 1 9 0.24 29
1 141 2 -9 0.32 31
1 296 1 -9 0.48 36
1 1006 2 -9 0.19 28
1 451 1 10 0.32 31
1 405 2 -9 0.28 30
1 484 1 -9 0.56 39
1 150 2 18 0.23 28
1 176 1 -9 0.51 35
1 268 1 -9 0.33 33
1 722 2 -9 0.35 31
1 925 1 9 0.48 32
1 735 1 -9 0.53 36
1 385 2 -9 0.25 28
1 386 1 -9 0.19 26
1 1014 1 -9 0.3 31
1 168 1 -9 0.6 37
1 188 2 -9 0.28 30
1 219 1 14 0.61 36
1 231 2 -9 0.31 32
1 388 1 -9 0.55 36
1 800 1 8 0.3 28
1 33 2 -9 0.25 30
1 178 1 -9 0.58 37
1 179 1 -9 0.66 37
1 242 2 -9 0.17 26
1 250 2 -9 0.33 32
1 256 1 -9 0.42 34
1 266 2 7 0.11 24
1 317 1 -9 0.6 37
1 500 1 -9 -9 38
1 453 1 -9 0.52 38
1 906 2 -9 0.22 29
1 706 1 6 0.1 21
1 38 1 -9 0.19 26
1 46 1 -9 0.41 33
1 570 1 -9 0.62 37
1 131 1 -9 0.48 37
1 150 1 -9 0.6 37
1 1148 1 -9 0.62 38
1 29 1 -9 0.4 35
1 953 1 -9 0.19 25
1 1123 1 -9 0.55 36
1 529 2 15 0.29 31
1 5 2 -9 0.21 26
1 8 1 -9 0.46 33
1 25 1 -9 0.55 37
1 51 1 10 0.24 29
1 14 1 -9 0.32 31
1 72 1 -9 0.19 26
1 334 2 -9 0.22 28
1 382 1 -9 0.53 35
1 410 1 -9 0.24 28
1 495 2 -9 0.22 28
1 500 1 -9 -9 26
1 772 1 -9 0.2 26
1 427 1 19 0.62 37
1 553 2 -9 0.27 29
1 861 1 -9 0.24 26
1 610 1 -9 0.24 28
1 142 2 -9 0.26 31
1 17 1 -9 0.41 33
1 322 1 -9 0.98 44
1 251 1 -9 0.2 27
1 251 1 8 0.27 29
1 165 1 -9 0.51 35
1 43 2 -9 0.14 24
1 43 1 -9 0.57 35
1 106 2 6 0.14 25
1 92 2 -9 0.28 29
1 93 2 9 0.28 29
1 94 1 -9 0.65 38
1 7 2 -9 0.31 30
1 122 2 15 0.22 27
1 124 1 9 0.21 27
1 125 2 -9 0.48 35
1 126 2 -9 0.25 28
1 130 2 -9 0.23 27
1 34 2 -9 0.22 28
1 36 2 -9 0.25 28
1 97 2 -9 0.27 30
1 105 2 -9 0.27 29
1 151 1 -9 0.48 35
1 38 2 -9 0.25 28
1 155 1 -9 0.29 30
1 156 1 -9 0.2 28
1 157 1 -9 0.22 29
1 158 1 -9 0.45 34
1 46 2 -9 0.31 30
1 46 1 10 0.36 31
1 46 2 -9 0.23 28
1 48 1 -9 0.35 31
1 485 1 -9 0.16 26
1 487 1 -9 0.14 24
1 52 2 -9 0.28 31
1 258 2 -9 0.37 33
1 166 2 7 0.19 27
1 353 1 -9 0.43 33
1 375 1 -9 0.34 32
1 381 1 13 0.56 37
1 382 1 -9 0.52 34
1 356 1 -9 0.45 34
1 72 1 -9 0.54 35
1 360 2 -9 0.26 29
1 361 1 -9 0.49 35
1 390 1 -9 0.78 38
1 340 1 -9 0.51 35
1 340 1 8 0.32 31
1 341 2 -9 0.24 29
1 364 2 -9 0.25 29
1 365 2 -9 0.31 31
1 368 1 19 0.64 37
1 371 1 -9 0.48 35
1 396 1 -9 0.5 35
1 343 2 -9 0.22 27
1 348 1 17 0.66 40
1 376 1 -9 0.46 34
1 380 2 8 0.25 27
1 311 1 -9 0.39 31
1 311 1 8 0.19 27
1 312 2 -9 0.28 29
1 314 1 7 0.16 25
1 172 2 -9 0.25 29
1 476 1 -9 0.21 28
1 59 1 9 0.26 29
1 64 1 -9 0.27 30
1 464 1 22 0.51 37
1 65 1 -9 0.18 31
1 68 1 -9 0.72 38
1 407 1 11 0.62 36
1 408 1 -9 0.26 28
1 68 2 -9 0.2 27
1 71 2 11 0.37 31
1 336 1 -9 0.58 36
1 337 2 -9 0.28 29
1 508 1 -9 0.16 25
1 510 1 13 0.38 34
1 440 1 13 0.51 35
1 494 2 -9 0.14 25
1 497 1 -9 0.68 39
1 499 1 -9 0.44 35
1 501 1 -9 -9 32
1 207 1 -9 0.54 37
1 209 1 -9 0.37 33
1 614 1 -9 0.37 32
1 173 2 -9 0.4 33
1 173 1 -9 0.66 37
1 13 1 19 0.75 39
1 200 1 -9 0.89 42
1 202 1 9 0.5 37
1 202 2 -9 0.38 33
1 568 2 -9 0.52 35
1 203 2 -9 0.33 30
1 424 1 -9 0.83 41
1 286 1 -9 0.62 36
1 286 2 -9 0.31 29
1 433 2 -9 0.39 33
1 436 1 -9 1.51 36
1 490 1 12 0.65 37
1 188 1 -9 0.46 32
1 297 1 8 0.24 29
1 297 1 -9 0.76 40
1 190 1 -9 0.51 35
1 190 1 -9 0.78 38
1 192 1 21 1.69 50
1 193 1 -9 0.79 39
1 196 1 -9 0.57 38
1 302 2 -9 0.15 25
1 204 1 18 0.94 39
1 207 2 8 0.27 30
1 288 1 -9 0.6 37
1 245 1 -9 0.47 34
1 220 2 12 0.27 30
1 220 2 -9 0.28 29
1 225 1 11 0.54 35
1 226 2 -9 0.27 27
1 232 2 -9 0.16 25
1 233 2 -9 0.32 30
1 416 2 -9 0.06 19
1 235 2 -9 0.21 26
1 236 2 -9 0.34 32
1 240 2 -9 0.34 32
1 270 1 20 0.54 34
1 420 1 -9 0.64 37
1 421 1 -9 0.77 38
1 423 1 -9 0.56 36
1 283 1 -9 0.53 36
1 598 1 -9 0.4 31
1 590 2 -9 -9 30
1 626 1 -9 0.4 33
1 627 1 -9 0.52 35
1 632 1 -9 0.66 38
1 660 2 -9 0.65 38
1 666 2 -9 0.68 39
1 528 1 -9 0.45 36
1 863 1 -9 0.46 33
1 739 1 -9 0.76 38
1 741 2 -9 0.14 24
1 1054 2 16 0.51 35
1 709 1 -9 0.74 39
1 728 1 -9 0.13 23
1 858 1 -9 0.38 33
1 893 2 -9 0.2 26
1 732 2 -9 0.21 27
1 1038 2 -9 0.26 30
1 1042 2 -9 0.24 28
1 711 2 -9 0.36 31
1 1034 1 -9 0.34 30
1 819 2 -9 0.18 26
1 825 2 -9 0.22 27
1 605 1 -9 0.5 35
1 1059 1 -9 0.37 31
1 916 2 -9 0.2 26
1 1091 1 -9 0.67 36
1 1093 1 -9 0.41 31
1 1096 2 19 0.34 30
1 898 1 -9 0.63 39
1 1131 1 -9 0.18 24
1 1133 1 -9 0.34 30
1 755 2 -9 0.26 30
1 1139 1 -9 0.2 26
1 751 2 8 0.24 28
1 905 1 -9 0.52 35
1 1109 2 -9 0.32 30
1 1110 2 -9 0.38 32
1 1141 2 7 0.19 26
1 1005 2 -9 0.27 28
1 764 2 -9 0.34 32
1 765 2 -9 0.24 28
1 785 1 -9 0.71 40
1 786 1 -9 0.14 23
1 792 2 7 0.17 25
1 1010 1 -9 0.26 28
1 827 1 -9 0.15 24
1 757 2 -9 0.22 27
1 1012 1 -9 0.1 22
1 888 2 7 0.13 22
1 872 1 17 0.64 37
1 20 1 -9 0.51 35
1 167 1 -9 0.68 39
1 589 1 -9 0.73 40
1 78 1 -9 0.47 35
1 20 2 7 0.14 26
1 7 2 -9 0.36 33
1 276 2 -9 0.15 24
1 716 1 -9 0.35 32
1 171 1 -9 0.32 31
1 72 1 -9 0.23 26
1 1147 1 -9 0.36 34
1 1142 2 -9 0.34 32
1 345 2 -9 0.5 34
1 612 1 -9 0.72 40
1 874 1 -9 0.52 37
1 1100 2 8 0.27 29
1 567 1 23 0.84 43
1 472 1 -9 0.56 46
1 817 1 -9 0.42 33
1 484 1 -9 0.44 34
1 509 1 -9 0.54 36
1 837 1 -9 0.59 37
1 357 1 -9 0.29 30
1 406 1 -9 0.35 32
1 431 1 -9 0.54 36
1 796 1 8 0.22 27
1 445 1 -9 0.37 32
1 309 1 8 0.24 29
1 675 1 -9 0.55 36
1 508 1 -9 0.15 24
1 1097 2 -9 0.36 30
1 425 1 -9 0.54 35
1 771 2 -9 0.21 27
1 251 1 -9 0.29 29
1 948 2 -9 0.3 30
1 207 2 -9 0.16 26
1 210 1 -9 1.15 44
1 710 1 -9 0.24 28
1 308 2 -9 0.29 29
1 626 1 -9 0.6 39
1 424 1 -9 0.72 38
1 782 1 -9 0.67 39
1 994 1 -9 0.56 35
1 145 1 -9 0.57 37
1 194 2 -9 0.3 30
1 509 1 18 0.5 36
1 346 2 -9 0.2 27
1 406 2 -9 0.26 29
1 198 1 -9 0.56 37
1 287 1 -9 0.83 43
1 16 1 -9 0.45 34
1 338 1 9 0.29 29
1 342 2 -9 0.25 28
1 366 1 14 0.39 31
1 390 1 -9 0.59 36
1 101 2 -9 0.23 28
1 439 1 10 0.35 29
1 335 1 -9 0.46 36
1 466 2 -9 0.17 25
1 166 1 -9 0.59 38
1 231 1 19 0.56 37
1 131 2 -9 0.22 28
1 153 2 -9 0.21 28
1 497 2 9 0.3 31
1 87 2 -9 0.24 29
1 184 2 -9 0.38 32
1 926 1 -9 0.48 33
1 311 2 -9 0.32 31
1 966 1 -9 0.18 25
1 974 1 -9 0.46 33
1 714 2 -9 0.25 29
1 319 1 -9 0.39 32
1 313 1 -9 0.52 35
1 772 2 -9 0.51 36
1 225 2 -9 0.2 25
1 387 2 9 0.25 28
1 608 1 -9 0.54 36
1 811 2 -9 0.38 30
1 511 2 -9 0.32 33
1 280 1 -9 0.36 32
1 320 1 -9 0.22 28
1 428 1 19 0.66 38
1 92 1 -9 0.23 38
1 133 1 -9 0.54 37
1 146 1 -9 0.59 37
1 937 1 -9 0.54 35
1 604 1 -9 0.58 38
1 632 1 -9 0.22 28
1 737 1 10 0.36 32
1 744 2 -9 0.3 29
1 681 1 -9 0.46 44
1 687 1 -9 0.47 33
1 900 1 11 0.52 35
1 16 1 -9 0.43 33
1 37 1 16 0.64 38
1 800 1 -9 0.33 33
1 1062 1 -9 0.16 25
1 63 1 -9 0.51 35
1 1151 2 -9 0.38 32
1 955 1 -9 0.7 38
1 1117 2 -9 0.18 24
1 1118 2 -9 0.12 23
1 1124 2 -9 0.65 35
1 1120 1 22 0.89 40
1 631 1 -9 0.4 32
1 51 1 -9 0.56 35
1 473 1 -9 0.44 44
1 484 2 9 0.25 29
1 490 2 -9 0.17 26
1 351 2 -9 0.18 25
1 366 2 -9 0.35 32
1 402 1 10 0.36 32
1 405 2 -9 0.16 25
1 934 1 -9 0.26 29
1 186 1 -9 0.65 38
1 899 2 -9 0.17 25
1 310 1 -9 0.64 37
1 147 2 -9 0.2 27
1 149 1 -9 0.36 32
1 619 2 15 0.3 29
1 4 1 14 0.59 37
1 141 2 -9 0.33 31
1 163 1 -9 0.55 36
1 43 2 -9 0.25 29
1 92 2 -9 0.29 30
1 93 1 -9 0.45 35
1 122 2 -9 0.26 29
1 122 2 -9 0.26 29
1 123 1 -9 0.59 38
1 86 2 -9 0.31 29
1 89 1 16 0.74 38
1 128 1 19 0.52 35
1 129 1 7 0.17 27
1 129 1 -9 0.59 38
1 133 1 -9 0.5 36
1 96 2 -9 0.27 29
1 97 1 -9 0.18 27
1 98 2 -9 0.22 30
1 100 2 -9 0.17 25
1 102 1 -9 0.53 35
1 249 1 -9 0.65 39
1 40 1 -9 0.31 32
1 154 2 -9 0.48 31
1 154 2 11 0.26 29
1 162 2 8 0.19 27
1 53 1 10 0.39 32
1 389 1 -9 0.38 31
1 448 1 -9 0.44 34
1 259 1 -9 0.18 26
1 166 2 -9 0.23 29
1 374 1 -9 0.3 30
1 382 2 -9 0.25 29
1 354 2 -9 0.26 29
1 355 2 -9 0.2 27
1 384 1 21 0.65 37
1 387 1 -9 0.64 36
1 389 2 -9 0.31 31
1 71 2 -9 0.24 29
1 360 2 -9 0.23 28
1 362 2 -9 0.22 28
1 363 1 8 0.25 29
1 364 1 -9 0.24 29
1 367 1 11 0.49 34
1 396 1 -9 0.26 29
1 396 1 -9 0.26 30
1 396 1 9 0.31 31
1 397 1 -9 0.16 26
1 400 1 -9 0.52 34
1 401 1 19 0.69 40
1 345 2 -9 0.28 30
1 347 2 -9 0.27 29
1 372 1 -9 0.34 33
1 113 1 -9 0.81 31
1 114 1 19 0.4 33
1 376 1 -9 0.26 30
1 376 1 15 0.76 39
1 377 2 -9 0.18 25
1 352 1 -9 0.33 32
1 314 1 -9 0.68 37
1 505 1 -9 0.56 37
1 57 2 -9 0.18 25
1 63 1 -9 0.74 41
1 401 2 -9 0.07 21
1 66 1 -9 0.53 37
1 408 1 15 0.43 33
1 471 1 -9 0.56 38
1 69 1 -9 0.68 39
1 333 2 -9 0.22 26
1 439 2 -9 0.24 28
1 442 1 11 0.34 30
1 512 1 -9 0.62 38
1 561 1 -9 0.33 32
1 176 1 -9 0.5 36
1 12 2 -9 0.24 29
1 10 2 6 0.2 23
1 10 2 -9 0.22 28
1 13 1 -9 0.27 29
1 184 2 -9 0.16 24
1 78 2 10 0.3 31
1 202 2 -9 0.34 32
1 11 2 -9 0.21 29
1 425 2 -9 0.3 31
1 433 1 -9 0.39 33
1 437 1 -9 0.54 36
1 179 1 -9 0.61 38
1 182 1 -9 0.49 35
1 183 2 9 0.26 28
1 186 2 9 0.26 29
1 187 1 -9 0.43 38
1 298 2 -9 0.28 31
1 298 2 -9 0.3 30
1 190 2 7 0.2 27
1 194 1 -9 0.44 35
1 198 1 -9 0.47 34
1 301 1 -9 0.71 38
1 444 1 -9 0.35 33
1 205 2 16 0.47 35
1 287 1 11 0.41 33
1 290 1 10 0.37 32
1 290 2 -9 0.4 32
1 293 1 -9 0.63 38
1 214 1 -9 0.86 41
1 576 2 -9 0.39 34
1 219 1 -9 0.63 36
1 584 1 -9 0.81 41
1 227 1 13 0.54 36
1 228 1 -9 0.51 34
1 229 1 7 0.18 25
1 237 2 -9 0.26 29
1 238 1 -9 1.25 42
1 272 2 -9 0.23 27
1 273 2 8 0.16 26
1 544 1 -9 0.78 41
1 593 1 -9 0.62 39
1 683 1 -9 0.29 40
1 684 1 -9 0.49 44
1 625 2 8 0.24 28
1 632 1 9 0.45 34
1 664 1 -9 0.72 37
1 536 1 -9 0.28 32
1 895 1 -9 0.48 37
1 748 2 -9 0.2 27
1 748 2 -9 0.32 31
1 519 1 -9 0.3 31
1 702 1 21 0.61 37
1 807 2 -9 0.29 29
1 721 2 29 0.52 37
1 711 1 8 0.58 36
1 854 2 -9 0.28 29
1 547 1 -9 0.49 37
1 822 2 -9 0.24 28
1 633 1 -9 0.64 38
1 1077 1 -9 0.49 36
1 1058 1 10 0.54 37
1 1062 2 -9 0.98 31
1 1073 1 -9 1.02 43
1 1095 1 -9 0.55 35
1 1099 2 -9 0.3 29
1 833 1 -9 0.83 39
1 834 1 -9 0.61 37
1 1133 1 -9 0.26 28
1 928 1 -9 0.8 40
1 835 1 -9 0.68 38
1 983 1 -9 0.25 28
1 971 1 -9 0.61 36
1 989 1 23 0.82 39
1 976 2 7 0.12 23
1 997 1 -9 0.77 38
1 764 1 -9 0.58 35
1 776 1 -9 0.32 31
1 1030 1 8 0.6 38
1 788 2 12 0.27 30
1 790 2 -9 0.26 29
1 798 1 -9 0.1 21
1 845 1 10 0.34 31
1 772 2 7 0.14 23
1 999 1 14 0.54 34
1 964 2 7 0.3 31
1 850 2 -9 0.32 32
1 945 1 -9 0.35 32
1 162 1 -9 0.64 38
1 34 1 9 0.29 30
1 220 1 -9 0.59 37
1 227 2 -9 0.24 29
1 229 1 -9 0.62 36
1 329 1 8 0.44 35
1 134 1 -9 0.18 27
1 172 1 -9 0.96 43
1 208 2 -9 0.42 34
1 223 2 -9 0.29 31
1 237 2 -9 0.32 31
1 1003 1 13 0.46 36
1 1061 2 -9 0.28 29
1 879 2 -9 0.17 25
1 611 1 -9 0.52 34
1 548 2 -9 0.27 30
1 864 1 11 0.75 40
1 871 1 -9 0.51 35
1 198 1 -9 0.85 41
1 589 1 -9 0.45 35
1 786 2 -9 0.25 28
1 299 2 -9 0.2 28
1 986 1 -9 0.34 32
1 489 1 -9 0.56 37
1 129 2 -9 0.24 29
1 161 1 -9 0.1 22
1 246 1 -9 0.45 36
1 281 2 -9 0.26 30
1 306 2 -9 0.46 34
1 357 1 8 0.24 28
1 369 2 -9 0.3 30
1 350 1 -9 0.18 26
1 70 1 -9 0.61 37
1 89 2 -9 0.22 27
1 90 1 12 0.48 34
1 530 1 -9 0.22 28
1 143 2 -9 0.59 37
1 548 1 12 0.46 35
1 903 2 -9 0.24 28
1 299 1 11 0.32 31
1 7 1 -9 0.61 35
1 486 2 -9 0.09 20
1 67 2 15 0.37 33
1 78 1 -9 0.52 36
1 317 1 13 0.5 35
1 682 1 -9 0.59 47
1 422 2 -9 0.2 28
1 133 1 -9 0.42 33
1 197 2 -9 0.25 30
1 616 1 -9 0.4 31
1 936 1 7 0.4 31
1 285 2 -9 0.26 30
1 50 2 -9 0.08 21
1 1019 1 -9 0.23 27
1 546 1 -9 0.26 29
1 587 1 10 0.45 34
1 281 2 -9 0.22 28
1 287 1 -9 0.45 34
1 2 2 -9 0.27 29
1 315 1 13 0.46 34
1 40 1 -9 0.52 38
1 345 2 -9 0.31 31
1 665 1 12 0.4 33
1 432 1 -9 0.41 33
1 334 2 -9 0.18 25
1 398 1 13 0.5 35
1 783 2 7 0.2 26
1 132 1 -9 0.76 40
1 155 1 -9 0.25 29
1 155 1 -9 0.53 36
1 162 1 -9 0.29 29
1 164 1 -9 0.5 38
1 525 2 11 0.32 33
1 370 1 -9 0.47 33
1 499 1 -9 0.87 41
1 176 1 13 0.55 37
1 292 1 -9 0.48 35
1 261 1 -9 0.17 27
1 264 2 -9 0.28 31
1 720 1 -9 0.57 38
1 393 1 -9 0.53 34
1 423 1 15 0.62 36
1 440 2 -9 0.24 28
1 747 1 8 0.23 28
1 219 1 -9 0.59 36
1 340 2 -9 0.22 28
1 408 2 -9 0.22 27
1 892 2 6 0.13 23
1 571 1 19 0.56 38
1 514 2 -9 0.36 31
1 600 1 -9 0.2 27
1 975 2 -9 0.27 29
1 105 1 -9 0.45 35
1 100 2 -9 0.33 32
1 44 1 -9 0.55 38
1 951 2 -9 0.18 25
1 1121 1 -9 0.42 34
1 808 1 -9 0.48 38
1 27 1 -9 0.19 26
1 49 2 -9 0.28 29
1 869 1 -9 0.75 37
1 894 1 -9 0.2 26
1 68 2 14 0.3 29
1 87 1 -9 0.58 36
1 102 1 19 0.87 40
1 1052 2 -9 0.18 25
1 394 1 -9 0.62 37
1 973 2 -9 0.1 22
1 189 1 -9 0.52 36
1 236 1 11 0.32 30
1 302 1 -9 0.45 36
1 1064 2 -9 0.25 30
1 428 1 -9 0.48 34
1 598 1 21 0.56 36
1 709 1 -9 0.66 38
1 715 2 -9 0.3 30
1 575 2 22 0.37 32
1 145 1 -9 0.47 37
1 147 1 -9 0.56 36
1 148 1 -9 0.54 35
1 148 2 10 0.17 26
1 17 1 -9 0.4 33
1 18 1 -9 0.57 38
1 638 1 22 0.6 38
1 818 2 -9 0.1 22
1 5 1 11 0.61 35
1 41 2 -9 0.3 31
1 41 1 -9 0.42 34
1 41 1 -9 0.29 31
1 42 1 15 0.54 38
1 44 2 -9 0.25 28
1 21 2 -9 0.22 27
1 22 1 -9 0.44 34
1 6 1 -9 0.58 35
1 126 2 7 0.1 25
1 26 1 9 0.34 32
1 131 1 -9 1 43
1 133 1 8 0.2 26
1 36 1 -9 0.63 38
1 102 1 -9 0.55 35
1 103 1 -9 0.36 33
1 252 1 -9 0.51 36
1 489 2 -9 0.44 36
1 158 1 14 0.46 35
1 159 1 -9 0.69 39
1 160 1 -9 0.27 28
1 53 1 -9 0.61 36
1 325 2 22 0.48 35
1 169 1 19 0.78 41
1 374 2 10 0.31 31
1 381 1 -9 0.28 30
1 386 1 13 0.36 34
1 73 2 11 0.26 30
1 360 1 15 0.57 36
1 362 1 9 0.38 32
1 391 1 -9 0.29 30
1 393 2 9 0.23 27
1 394 1 -9 0.51 34
1 339 2 -9 0.26 28
1 341 2 -9 0.19 26
1 362 2 -9 0.27 29
1 366 2 -9 0.24 29
1 368 2 -9 0.17 25
1 395 2 -9 0.27 29
1 346 2 -9 0.17 25
1 348 1 -9 1.05 43
1 349 2 -9 0.28 30
1 373 1 9 0.42 33
1 376 2 -9 0.22 28
1 379 1 -9 0.5 34
1 307 1 -9 0.34 31
1 308 1 -9 0.45 33
1 308 1 -9 0.35 32
1 312 2 -9 0.26 29
1 316 2 -9 0.2 27
1 318 1 -9 0.26 29
1 320 1 -9 0.39 34
1 171 1 -9 0.48 35
1 505 1 7 0.19 27
1 61 1 -9 0.57 38
1 62 1 -9 0.73 39
1 459 1 -9 0.38 33
1 462 1 -9 0.2 26
1 465 1 -9 0.48 36
1 67 1 -9 0.45 35
1 403 2 -9 0.29 30
1 405 2 9 0.18 26
1 467 2 -9 0.1 22
1 468 1 -9 0.62 38
1 54 2 -9 0.4 34
1 54 2 -9 0.24 28
1 473 2 -9 0.39 42
1 335 1 -9 0.65 37
1 336 1 -9 0.37 32
1 337 2 -9 0.25 27
1 510 1 -9 0.25 29
1 517 2 8 0.24 29
1 439 1 -9 0.36 32
1 498 2 -9 0.26 30
1 498 1 -9 1.02 36
1 501 2 7 -9 27
1 502 2 -9 0.24 28
1 611 1 -9 0.57 38
1 175 2 -9 0.42 33
1 175 1 -9 0.42 32
1 175 1 13 0.58 37
1 563 1 23 0.51 37
1 81 1 -9 1.02 43
1 201 2 -9 0.31 30
1 203 2 -9 0.34 33
1 566 1 -9 0.36 30
1 415 1 -9 0.38 33
1 424 1 -9 0.58 36
1 426 1 -9 0.95 42
1 429 1 -9 0.35 31
1 433 1 -9 0.53 35
1 177 2 13 0.28 29
1 178 1 -9 0.56 35
1 180 2 9 0.26 29
1 182 1 -9 0.68 37
1 183 1 -9 0.71 39
1 187 2 -9 0.26 28
1 299 1 -9 0.4 34
1 196 2 -9 0.28 30
1 302 1 8 0.26 30
1 303 1 15 0.36 34
1 289 1 7 0.19 25
1 290 1 -9 0.71 39
1 244 1 -9 0.17 25
1 295 1 12 0.52 35
1 296 1 12 0.26 29
1 213 2 6 0.18 27
1 216 1 -9 0.68 39
1 217 1 -9 0.48 35
1 218 1 -9 0.38 34
1 582 1 -9 0.21 27
1 223 1 11 0.42 33
1 228 1 18 0.42 33
1 585 1 -9 0.42 34
1 237 1 -9 0.5 35
1 238 1 8 0.31 31
1 239 1 -9 0.66 37
1 240 1 -9 0.6 37
1 241 1 9 0.23 27
1 419 1 -9 0.7 39
1 419 1 -9 0.68 38
1 540 2 -9 0.18 26
1 599 1 -9 0.38 31
1 694 1 10 0.63 36
1 647 1 -9 0.48 35
1 650 2 -9 0.55 36
1 601 1 12 0.85 41
1 680 1 -9 0.45 35
1 682 1 -9 0.58 48
1 683 1 -9 0.66 46
1 686 2 -9 0.21 27
1 687 1 -9 0.63 37
1 677 2 6 0.13 24
1 624 2 15 0.39 32
1 522 1 -9 0.64 38
1 662 2 -9 0.45 34
1 748 2 18 0.3 31
1 749 2 -9 0.18 26
1 1024 1 10 0.55 36
1 747 2 -9 0.27 30
1 1046 2 -9 0.28 30
1 1047 1 -9 0.4 32
1 1053 2 -9 0.3 31
1 724 1 -9 0.46 34
1 857 2 15 0.32 32
1 725 2 12 0.31 30
1 726 2 -9 0.3 31
1 821 2 -9 0.16 25
1 607 2 -9 0.25 29
1 634 1 9 0.3 32
1 1075 1 15 0.66 36
1 1079 2 9 0.24 27
1 1057 2 -9 0.17 25
1 1082 2 -9 0.38 32
1 1060 1 -9 0.33 30
1 841 1 -9 0.16 24
1 1000 2 -9 0.38 32
1 931 1 -9 0.63 36
1 932 2 -9 0.26 28
1 933 1 9 0.3 29
1 935 2 -9 0.1 21
1 908 1 21 0.56 36
1 1029 2 -9 0.39 31
1 1143 2 -9 0.25 27
1 980 2 5 0.11 22
1 1104 2 7 0.29 30
1 984 1 -9 0.28 30
1 987 1 -9 0.41 34
1 993 1 8 0.2 36
1 844 2 -9 0.18 25
1 773 1 -9 0.64 37
1 1015 2 -9 0.3 31
1 965 1 -9 0.57 36
1 870 2 -9 0.28 28
1 877 2 -9 0.26 30
1 848 1 -9 0.42 32
1 851 1 -9 0.7 40
1 881 2 -9 0.26 30
1 939 1 -9 0.49 34
1 171 2 -9 0.28 30
1 552 1 -9 0.23 28
1 655 1 18 0.39 34
1 35 2 8 0.28 28
1 37 1 -9 0.32 31
1 351 1 -9 0.21 26
1 381 2 -9 0.37 33
1 279 1 -9 0.34 33
1 723 2 -9 0.19 27
1 121 1 9 0.3 30
1 147 1 9 0.29 33
1 651 2 22 0.82 42
1 488 2 9 0.28 30
1 607 1 13 0.39 33
1 518 1 -9 0.74 37
1 322 2 -9 0.32 31
1 750 2 -9 0.26 29
1 73 2 -9 0.2 28
1 73 1 -9 0.46 34
1 75 1 -9 0.46 34
1 617 1 -9 0.37 34
1 88 2 9 0.31 29
1 645 1 -9 0.57 38
1 204 2 -9 0.38 32
1 679 2 13 0.28 41
1 367 2 -9 0.25 30
1 573 2 -9 0.15 25
1 781 2 -9 0.22 27
1 255 1 -9 0.46 36
1 470 1 -9 0.05 17
1 194 1 16 0.56 38
1 1137 1 9 0.62 36
1 173 2 8 0.2 27
1 187 2 10 0.32 30
1 959 2 -9 0.14 24
1 412 2 -9 0.22 28
1 768 1 -9 0.72 37
1 943 2 -9 0.25 29
1 150 2 -9 0.29 29
1 940 1 -9 0.35 33
1 264 2 7 0.1 21
1 285 1 -9 0.5 35
1 217 2 -9 0.29 32
1 685 1 -9 0.65 47
1 457 2 -9 0.12 23
1 502 1 -9 0.23 26
1 447 1 13 0.54 35
1 112 2 -9 0.25 29
1 458 1 -9 0.22 27
1 42 1 -9 0.71 39
1 45 1 -9 0.52 36
1 392 2 14 0.31 30
1 196 1 17 0.69 39
1 198 1 23 0.66 38
1 215 1 -9 0.35 32
1 319 1 -9 0.61 37
1 76 2 -9 0.3 30
1 442 2 -9 0.21 27
1 342 1 -9 0.42 34
1 695 1 -9 0.49 34
1 84 2 -9 0.28 30
1 151 1 19 0.52 36
1 163 2 11 0.36 32
1 258 1 -9 0.22 28
1 349 2 5 0.16 24
1 766 1 10 0.3 30
1 501 2 -9 -9 28
1 1060 2 7 0.4 32
1 101 2 10 0.22 27
1 102 2 -9 0.19 27
1 121 1 -9 0.32 31
1 259 1 18 0.64 37
1 731 2 -9 0.24 28
1 319 1 14 0.62 38
1 321 1 -9 0.19 26
1 412 1 10 0.44 34
1 224 2 -9 0.28 29
1 248 1 -9 0.35 31
1 259 2 -9 0.46 35
1 280 1 8 0.19 27
1 763 1 -9 0.07 20
1 176 2 -9 0.33 31
1 998 1 -9 0.48 33
1 103 1 -9 0.47 36
1 748 1 -9 0.24 28
1 685 1 -9 0.7 48
1 809 2 7 0.16 24
1 82 2 14 0.27 30
1 1119 2 -9 0.19 26
1 860 2 -9 0.22 27
1 313 2 -9 0.34 31
1 30 1 17 0.5 36
1 1045 2 20 0.36 33
1 92 2 9 0.28 29
1 1114 2 -9 0.28 28
1 1036 1 -9 0.16 25
1 397 2 -9 0.22 28
1 159 1 13 0.9 40
1 217 2 9 0.26 29
1 237 1 21 0.37 32
1 304 1 -9 0.75 39
1 1059 2 -9 0.37 30
1 608 1 8 0.25 26
1 653 2 9 0.52 37
1 310 1 17 0.43 34
1 315 1 -9 0.4 33
1 1008 2 -9 0.28 28
1 142 1 15 0.65 38
1 146 1 -9 0.32 30
1 146 1 -9 0.53 35
1 15 2 -9 0.15 26
1 17 2 -9 0.29 30
1 18 1 19 0.57 38
1 717 1 6 0.22 26
1 322 2 -9 0.4 33
1 206 1 -9 0.46 36
1 3 1 -9 0.56 36
1 141 1 22 0.52 36
1 163 2 -9 0.36 31
1 106 1 -9 0.2 26
1 19 1 16 0.53 36
1 21 1 -9 0.59 37
1 22 1 26 0.66 38
1 94 2 9 0.26 30
1 121 1 -9 0.5 35
1 6 1 -9 0.4 33
1 88 2 -9 0.35 29
1 126 2 -9 0.55 36
1 132 1 -9 0.29 30
1 134 1 -9 0.16 25
1 97 1 -9 0.58 35
1 99 2 19 0.24 28
1 103 2 6 0.15 24
1 104 2 -9 0.16 25
1 250 2 -9 0.38 32
1 138 1 -9 0.55 36
1 489 1 -9 0.41 35
1 149 2 11 0.27 30
1 154 1 -9 0.33 32
1 160 1 -9 0.27 29
1 161 1 -9 0.62 37
1 47 2 -9 0.31 30
1 48 1 -9 0.55 35
1 48 1 8 0.32 30
1 49 1 -9 0.43 33
1 110 1 -9 0.3 30
1 52 1 6 0.22 27
1 389 2 14 0.28 29
1 323 1 -9 0.87 42
1 262 1 -9 0.38 38
1 267 1 -9 0.2 28
1 162 1 -9 0.18 27
1 454 1 -9 0.3 30
1 375 2 -9 0.23 28
1 354 2 -9 0.13 24
1 354 1 9 0.35 33
1 355 2 -9 0.16 25
1 355 1 9 0.18 27
1 356 1 -9 0.38 33
1 358 1 -9 0.69 38
1 361 2 -9 0.26 30
1 390 1 19 0.57 36
1 74 1 -9 0.64 37
1 341 1 -9 0.7 38
1 364 1 7 0.16 25
1 365 2 -9 0.19 26
1 368 1 -9 0.34 32
1 343 2 -9 0.28 29
1 345 2 8 0.22 27
1 347 1 9 0.21 27
1 348 1 -9 0.67 37
1 349 1 -9 0.23 27
1 379 2 -9 0.2 29
1 351 2 -9 0.25 29
1 351 1 8 0.24 27
1 353 1 -9 0.35 31
1 309 1 -9 0.32 30
1 312 1 16 0.46 34
1 318 2 6 0.2 26
1 171 2 8 0.22 29
1 410 1 8 0.28 30
1 480 1 -9 0.55 38
1 482 2 -9 0.27 30
1 58 2 -9 0.33 32
1 62 1 -9 0.61 35
1 404 2 6 0.18 26
1 407 2 -9 0.33 32
1 408 2 -9 0.26 29
1 473 1 -9 0.49 45
1 71 1 -9 0.4 33
1 333 2 -9 0.24 29
1 335 1 11 0.48 33
1 336 1 -9 0.27 30
1 337 1 9 0.27 30
1 508 2 -9 0.26 29
1 510 1 -9 0.29 30
1 736 1 -9 0.52 35
1 432 2 -9 0.27 31
1 441 1 14 0.42 32
1 493 1 -9 0.55 36
1 499 1 19 0.61 37
1 500 1 -9 -9 31
1 569 1 -9 0.57 39
1 502 2 7 0.18 27
1 504 2 -9 0.35 35
1 210 1 19 0.63 38
1 211 2 -9 0.3 31
1 211 1 -9 0.51 36
1 612 1 -9 0.6 37
1 613 1 10 0.54 35
1 559 1 23 0.8 43
1 13 1 -9 0.46 34
1 14 1 -9 0.48 34
1 184 2 7 0.18 26
1 79 2 -9 0.38 33
1 80 1 -9 0.52 36
1 203 1 10 0.79 38
1 412 2 -9 0.14 25
1 413 2 7 0.08 22
1 428 1 -9 0.64 38
1 434 1 -9 0.52 37
1 438 1 -9 0.32 31
1 177 2 -9 0.3 31
1 178 2 16 0.46 35
1 181 1 -9 0.45 34
1 181 1 -9 0.75 39
1 182 1 -9 0.5 34
1 185 2 8 0.28 30
1 185 1 -9 0.71 38
1 189 2 -9 0.16 25
1 189 2 -9 0.23 29
1 191 1 -9 0.65 37
1 197 1 -9 0.61 40
1 199 1 -9 0.68 37
1 302 1 -9 0.43 35
1 291 1 -9 0.44 34
1 213 1 -9 0.42 34
1 213 1 -9 0.8 40
1 214 1 -9 0.54 35
1 216 1 -9 0.41 33
1 244 1 9 0.36 32
1 245 1 -9 0.89 43
1 221 2 -9 0.22 29
1 224 1 -9 0.47 34
1 588 1 -9 0.66 37
1 234 1 -9 0.43 33
1 243 1 23 0.6 36
1 419 2 -9 0.18 27
1 421 1 16 0.75 40
1 541 1 -9 -9 37
1 543 1 6 0.11 22
1 545 1 -9 0.44 36
1 278 1 -9 0.22 30
1 281 1 -9 0.42 33
1 282 1 -9 0.56 38
1 283 1 7 0.18 27
1 597 1 -9 0.58 37
1 599 1 -9 0.44 35
1 689 1 -9 0.67 38
1 697 1 -9 0.74 40
1 653 2 -9 0.62 39
1 644 1 -9 0.48 36
1 655 1 -9 0.66 39
1 649 1 -9 0.6 38
1 595 2 8 0.31 31
1 623 1 17 0.54 37
1 623 2 -9 0.2 27
1 629 2 19 0.7 39
1 631 2 16 0.42 33
1 532 2 -9 0.29 31
1 621 2 -9 0.34 31
1 669 2 18 0.45 34
1 670 2 -9 0.31 30
1 663 1 -9 0.49 34
1 667 2 -9 0.64 37
1 527 1 -9 0.32 31
1 747 1 -9 0.24 28
1 537 1 -9 0.42 41
1 743 1 -9 0.67 41
1 1051 2 -9 0.26 30
1 709 1 -9 0.32 31
1 710 2 -9 0.36 31
1 1037 2 6 0.26 29
1 813 2 9 0.38 31
1 814 1 -9 0.54 35
1 814 1 -9 0.38 32
1 1032 2 -9 0.32 30
1 547 1 -9 0.23 28
1 549 1 -9 0.6 39
1 550 1 5 0.07 19
1 553 1 -9 0.25 30
1 607 2 -9 0.17 25
1 636 1 -9 1.06 45
1 608 1 -9 0.27 28
1 1068 2 -9 0.23 28
1 1127 2 -9 0.34 30
1 1074 1 -9 0.18 25
1 1060 2 -9 0.19 25
1 1089 2 -9 0.36 32
1 914 2 -9 0.4 32
1 917 2 17 0.35 31
1 1131 1 -9 0.45 32
1 756 1 -9 0.16 24
1 752 1 -9 0.47 33
1 911 1 -9 0.12 23
1 1143 2 -9 0.33 31
1 982 2 -9 0.15 25
1 983 1 -9 0.69 39
1 985 2 19 0.37 32
1 994 1 -9 0.89 41
1 996 1 -9 0.57 34
1 761 1 -9 0.35 31
1 778 2 -9 0.27 30
1 1030 1 -9 0.34 31
1 800 2 -9 0.47 33
1 800 1 -9 0.5 34
1 802 1 -9 0.7 36
1 772 1 -9 0.61 37
1 883 1 -9 0.57 36
1 887 2 -9 0.41 32
1 868 1 9 0.32 30
1 873 1 -9 0.38 31
1 1020 2 -9 0.33 29
1 853 1 14 0.54 35
1 942 2 7 0.12 24
1 620 1 -9 0.91 43
1 103 2 -9 0.33 33
1 359 1 -9 0.62 38
1 379 2 9 0.24 29
1 2 1 -9 0.7 40
1 296 1 -9 0.39 32
1 192 1 -9 0.63 36
1 263 1 8 0.29 31
1 786 1 8 0.25 28
1 491 2 -9 0.31 31
1 613 1 -9 0.54 35
1 963 2 -9 0.2 27
1 1088 2 -9 0.5 33
1 245 2 -9 0.3 28
1 843 2 -9 0.2 27
1 174 2 9 0.3 31
1 865 1 -9 0.64 36
1 212 2 -9 0.26 29
1 265 2 -9 0.19 27
1 54 1 -9 0.55 36
1 160 1 15 0.72 38
1 228 2 -9 0.26 28
1 311 2 -9 0.28 29
1 395 2 -9 0.24 28
1 36 1 -9 0.54 35
1 357 2 -9 0.26 29
1 61 1 -9 0.31 31
1 63 2 8 0.16 26
1 643 2 -9 0.37 34
1 681 1 -9 0.53 46
1 106 1 -9 0.44 33
1 254 1 -9 0.13 24
1 990 2 -9 0.4 28
1 222 1 -9 0.59 36
1 67 2 -9 0.28 30
1 19 1 -9 0.35 33
1 315 2 -9 0.26 28
1 603 2 10 0.26 29
1 635 2 9 0.22 27
