Writing to results/Est_2011.dat
Nstrata : 3
 364670 82764.3 180231
143054
data/age2011.dat
data/len2011.dat
143054
Sampling levels: 
1
1
1
Number of age records:  2592
Reading age data...
Number of age tows: 941
Number of rows from ldata 143054
Number of rows from adata 2592
Reading length data...
Nlfrq: 143054
Nfshl: 172023
Number of Length tows: 8801
Number of age tows: 941
N sample tows 16 Nltows 8801
143054
l_recnum final: 143054
Number of age-tows 941
1 1 1 1
1 1 2 2
1 1 3 3
1 1 4 4
1 1 5 5
1 1 6 6
1 1 7 7
1 1 8 8
1 1 9 9
1 1 10 10
1 1 11 11
1 1 12 12
1 1 13 13
1 1 14 14
1 1 15 15
1 1 16 16
1 1 17 17
1 1 18 18
1 1 19 19
1 1 20 20
1 1 21 21
1 1 22 22
1 1 23 23
1 1 24 24
1 1 25 25
1 1 26 26
1 1 27 27
1 1 28 28
1 1 29 29
1 1 30 30
1 1 31 31
1 1 32 32
1 1 33 33
1 1 34 34
1 1 35 35
1 1 36 36
1 1 37 37
1 1 38 38
1 1 39 39
1 1 40 40
1 1 41 41
1 1 42 42
1 1 43 43
1 1 44 44
1 1 45 45
1 1 46 46
1 1 47 47
1 1 48 48
1 1 49 49
1 1 50 50
1 1 51 51
1 1 52 52
1 1 53 53
1 1 54 54
1 1 55 55
1 1 56 56
1 1 57 57
1 1 58 58
1 1 59 59
1 1 60 60
1 1 61 61
1 1 62 62
1 1 63 63
1 1 64 64
1 1 65 65
1 1 66 66
1 1 67 67
1 1 68 68
1 1 69 69
1 1 70 70
1 1 71 71
1 1 72 72
1 1 73 73
1 1 74 74
1 1 75 75
1 1 76 76
1 1 77 77
1 1 78 78
1 1 79 79
1 1 80 80
1 1 81 81
1 1 82 82
1 1 83 83
1 1 84 84
1 1 85 85
1 1 86 86
1 1 87 87
1 1 88 88
1 1 89 89
1 1 90 90
1 1 91 91
1 1 92 92
1 1 93 93
1 1 94 94
1 1 95 95
1 1 96 96
1 1 97 97
1 1 98 98
1 1 99 99
1 1 100 100
1 1 101 101
1 1 102 102
1 1 103 103
1 1 104 104
1 1 105 105
1 1 106 106
1 1 107 107
1 1 108 108
1 1 109 109
1 1 110 110
1 1 111 111
1 1 112 112
1 1 113 113
1 1 114 114
1 1 115 115
1 1 116 116
1 1 117 117
1 1 118 118
1 1 119 119
1 1 120 120
1 1 121 121
1 1 122 122
1 1 123 123
1 1 124 124
1 1 125 125
1 1 126 126
1 1 127 127
1 1 128 128
1 1 129 129
1 1 130 130
1 1 131 131
1 1 132 132
1 1 133 133
1 1 134 134
1 1 135 135
1 1 136 136
1 1 137 137
1 1 138 138
1 1 139 139
1 1 140 140
1 1 141 141
1 1 142 142
1 1 143 143
1 1 144 144
1 1 145 145
1 1 146 146
1 1 147 147
1 1 148 148
1 1 149 149
1 1 150 150
1 1 151 151
1 1 152 152
1 1 153 153
1 1 154 154
1 1 155 155
1 1 156 156
1 1 157 157
1 1 158 158
1 1 159 159
1 1 160 160
1 1 161 161
1 1 162 162
1 1 163 163
1 1 164 164
1 1 165 165
1 1 166 166
1 1 167 167
1 1 168 168
1 1 169 169
1 1 170 170
1 1 171 171
1 1 172 172
1 1 173 173
1 1 174 174
1 1 175 175
1 1 176 176
1 1 177 177
1 1 178 178
1 1 179 179
1 1 180 180
1 1 181 181
1 1 182 182
1 1 183 183
1 1 184 184
1 1 185 185
1 1 186 186
1 1 187 187
1 1 188 188
1 1 189 189
1 1 190 190
1 1 191 191
1 1 192 192
1 1 193 193
1 1 194 194
1 1 195 195
1 1 196 196
1 1 197 197
1 1 198 198
1 1 199 199
1 1 200 200
1 1 201 201
1 1 202 202
1 1 203 203
1 1 204 204
1 1 205 205
1 1 206 206
1 1 207 207
1 1 208 208
1 1 209 209
1 1 210 210
1 1 211 211
1 1 212 212
1 1 213 213
1 1 214 214
1 1 215 215
1 1 216 216
1 1 217 217
1 1 218 218
1 1 219 219
1 1 220 220
1 1 221 221
1 1 222 222
1 1 223 223
1 1 224 224
1 1 225 225
1 1 226 226
1 1 227 227
1 1 228 228
1 1 229 229
1 1 230 230
1 1 231 231
1 1 232 232
1 1 233 233
1 1 234 234
1 1 235 235
1 1 236 236
1 1 237 237
1 1 238 238
1 1 239 239
1 1 240 240
1 1 241 241
1 1 242 242
1 1 243 243
1 1 244 244
1 1 245 245
1 1 246 246
1 1 247 247
1 1 248 248
1 1 249 249
1 1 250 250
1 1 251 251
1 1 252 252
1 1 253 253
1 1 254 254
1 1 255 255
1 1 256 256
1 1 257 257
1 1 258 258
1 1 259 259
1 1 260 260
1 1 261 261
1 1 262 262
1 1 263 263
1 1 264 264
1 1 265 265
1 1 266 266
1 1 267 267
1 1 268 268
1 1 269 269
1 1 270 270
1 1 271 271
1 1 272 272
1 1 273 273
1 1 274 274
1 1 275 275
1 1 276 276
1 1 277 277
1 1 278 278
1 1 279 279
1 1 280 280
1 1 281 281
1 1 282 282
1 1 283 283
1 1 284 284
1 1 285 285
1 1 286 286
1 1 287 287
1 1 288 288
1 1 289 289
1 1 290 290
1 1 291 291
1 1 292 292
1 1 293 293
1 1 294 294
1 1 295 295
1 1 296 296
1 1 297 297
1 1 298 298
1 1 299 299
1 1 300 300
1 1 301 301
1 1 302 302
1 1 303 303
1 1 304 304
1 1 305 305
1 1 306 306
1 1 307 307
1 1 308 308
1 1 309 309
1 1 310 310
1 1 311 311
1 1 312 312
1 1 313 313
1 1 314 314
1 1 315 315
1 1 316 316
1 1 317 317
1 1 318 318
1 1 319 319
1 1 320 320
1 1 321 321
1 1 322 322
1 1 323 323
1 1 324 324
1 1 325 325
1 1 326 326
1 1 327 327
1 1 328 328
1 1 329 329
1 1 330 330
1 1 331 331
1 1 332 332
1 1 333 333
1 1 334 334
1 1 335 335
1 1 336 336
1 1 337 337
1 1 338 338
1 1 339 339
1 1 340 340
1 1 341 341
1 1 342 342
1 1 343 343
1 1 344 344
1 1 345 345
1 1 346 346
1 1 347 347
1 1 348 348
1 1 349 349
1 1 350 350
1 1 351 351
1 1 352 352
1 1 353 353
1 1 354 354
1 1 355 355
1 1 356 356
1 1 357 357
1 1 358 358
1 1 359 359
1 1 360 360
1 1 361 361
1 1 362 362
1 1 363 363
1 1 364 364
1 1 365 365
1 1 366 366
1 1 367 367
1 1 368 368
1 1 369 369
1 1 370 370
1 1 371 371
1 1 372 372
1 1 373 373
1 1 374 374
1 1 375 375
1 1 376 376
1 1 377 377
1 1 378 378
1 1 379 379
1 1 380 380
1 1 381 381
1 1 382 382
1 1 383 383
1 1 384 384
1 1 385 385
1 1 386 386
1 1 387 387
1 1 388 388
1 1 389 389
1 1 390 390
1 1 391 391
1 1 392 392
1 1 393 393
1 1 394 394
1 1 395 395
1 1 396 396
1 1 397 397
1 1 398 398
1 1 399 399
1 1 400 400
1 1 401 401
1 1 402 402
1 1 403 403
1 1 404 404
1 1 405 405
1 1 406 406
1 1 407 407
1 1 408 408
1 1 409 409
1 1 410 410
1 1 411 411
1 1 412 412
1 1 413 413
1 1 414 414
1 1 415 415
1 1 416 416
1 1 417 417
1 1 418 418
1 1 419 419
1 1 420 420
1 1 421 421
1 1 422 422
1 1 423 423
1 1 424 424
1 1 425 425
1 1 426 426
1 1 427 427
1 1 428 428
1 1 429 429
1 1 430 430
1 1 431 431
1 1 432 432
1 1 433 433
1 1 434 434
1 1 435 435
1 1 436 436
1 1 437 437
1 1 438 438
1 1 439 439
1 1 440 440
1 1 441 441
1 1 442 442
1 1 443 443
1 1 444 444
1 1 445 445
1 1 446 446
1 1 447 447
1 1 448 448
1 1 449 449
1 1 450 450
1 1 451 451
1 1 452 452
1 1 453 453
1 1 454 454
1 1 455 455
1 1 456 456
1 1 457 457
1 1 458 458
1 1 459 459
1 1 460 460
1 1 461 461
1 1 462 462
1 1 463 463
1 1 464 464
1 1 465 465
1 1 466 466
1 1 467 467
1 1 468 468
1 1 469 469
1 1 470 470
1 1 471 471
1 1 472 472
1 1 473 473
1 1 474 474
1 1 475 475
1 1 476 476
1 1 477 477
1 1 478 478
1 1 479 479
1 1 480 480
1 1 481 481
1 1 482 482
1 1 483 483
1 1 484 484
1 1 485 485
1 1 486 486
1 1 487 487
1 1 488 488
1 1 489 489
1 1 490 490
1 1 491 491
1 1 492 492
1 1 493 493
1 1 494 494
1 1 495 495
1 1 496 496
1 1 497 497
1 1 498 498
1 1 499 499
1 1 500 500
1 1 501 501
1 1 502 502
1 1 503 503
1 1 504 504
1 1 505 505
1 1 506 506
1 1 507 507
1 1 508 508
1 1 509 509
1 1 510 510
1 1 511 511
1 1 512 512
1 1 513 513
1 1 514 514
1 1 515 515
1 1 516 516
1 1 517 517
1 1 518 518
1 1 519 519
1 1 520 520
1 1 521 521
1 1 522 522
1 1 523 523
1 1 524 524
1 1 525 525
1 1 526 526
1 1 527 527
1 1 528 528
1 1 529 529
1 1 530 530
1 1 531 531
1 1 532 532
1 1 533 533
1 1 534 534
1 1 535 535
1 1 536 536
1 1 537 537
1 1 538 538
1 1 539 539
1 1 540 540
1 1 541 541
1 1 542 542
1 1 543 543
1 1 544 544
1 1 545 545
1 1 546 546
1 1 547 547
1 1 548 548
1 1 549 549
1 1 550 550
1 1 551 551
1 1 552 552
1 1 553 553
1 1 554 554
1 1 555 555
1 1 556 556
1 1 557 557
1 1 558 558
1 1 559 559
1 1 560 560
1 1 561 561
1 1 562 562
1 1 563 563
1 1 564 564
1 1 565 565
1 1 566 566
1 1 567 567
1 1 568 568
1 1 569 569
1 1 570 570
1 1 571 571
1 1 572 572
1 1 573 573
1 1 574 574
1 1 575 575
1 1 576 576
1 1 577 577
1 1 578 578
1 1 579 579
1 1 580 580
1 1 581 581
1 1 582 582
1 1 583 583
1 1 584 584
1 1 585 585
1 1 586 586
1 1 587 587
1 1 588 588
1 1 589 589
1 1 590 590
1 1 591 591
1 1 592 592
1 1 593 593
1 1 594 594
1 1 595 595
1 1 596 596
1 1 597 597
1 1 598 598
1 1 599 599
1 1 600 600
1 1 601 601
1 1 602 602
1 1 603 603
2 2 1 604
2 2 2 605
3 3 1 606
3 3 2 607
4 4 1 608
4 4 2 609
5 5 1 610
5 5 2 611
6 6 1 612
6 6 2 613
7 7 1 614
7 7 2 615
8 8 1 616
8 8 2 617
9 9 1 618
9 9 2 619
10 10 1 620
10 10 2 621
11 11 1 622
11 11 2 623
12 12 1 624
12 12 2 625
13 13 1 626
13 13 2 627
14 14 1 628
14 14 2 629
15 15 1 630
15 15 2 631
16 16 1 632
16 16 2 633
17 17 1 634
17 17 2 635
18 18 1 636
18 18 2 637
19 19 1 638
19 19 2 639
20 20 1 640
20 20 2 641
21 21 1 642
21 21 2 643
22 22 1 644
22 22 2 645
23 23 1 646
23 23 2 647
24 24 1 648
24 24 2 649
25 25 1 650
25 25 2 651
26 26 1 652
26 26 2 653
27 27 1 654
27 27 2 655
28 28 1 656
28 28 2 657
29 29 1 658
29 29 2 659
30 30 1 660
31 31 1 661
31 31 2 662
32 32 1 663
32 32 2 664
33 33 1 665
33 33 2 666
34 34 1 667
34 34 2 668
35 35 1 669
35 35 2 670
36 36 1 671
36 36 2 672
37 37 1 673
37 37 2 674
38 38 1 675
38 38 2 676
39 39 1 677
39 39 2 678
40 40 1 679
40 40 2 680
41 41 1 681
41 41 2 682
42 42 1 683
42 42 2 684
43 43 1 685
43 43 2 686
44 44 1 687
44 44 2 688
45 45 1 689
46 46 1 690
46 46 2 691
47 47 1 692
47 47 2 693
48 48 1 694
48 48 2 695
49 49 1 696
49 49 2 697
50 50 1 698
50 50 2 699
51 51 1 700
51 51 2 701
52 52 1 702
52 52 2 703
53 53 1 704
53 53 2 705
54 54 1 706
54 54 2 707
55 55 1 708
55 55 2 709
56 56 1 710
56 56 2 711
57 57 1 712
57 57 2 713
58 58 1 714
59 59 1 715
59 59 2 716
60 60 1 717
60 60 2 718
61 61 1 719
61 61 2 720
62 62 1 721
62 62 2 722
63 63 1 723
63 63 2 724
64 64 1 725
64 64 2 726
65 65 1 727
65 65 2 728
66 66 1 729
66 66 2 730
67 67 1 731
67 67 2 732
68 68 1 733
68 68 2 734
69 69 1 735
69 69 2 736
70 70 1 737
70 70 2 738
71 71 1 739
71 71 2 740
72 72 1 741
72 72 2 742
73 73 1 743
73 73 2 744
74 74 1 745
74 74 2 746
75 75 1 747
75 75 2 748
76 76 1 749
76 76 2 750
77 77 1 751
77 77 2 752
78 78 1 753
78 78 2 754
79 79 1 755
79 79 2 756
80 80 1 757
80 80 2 758
81 81 1 759
81 81 2 760
82 82 1 761
82 82 2 762
83 83 1 763
83 83 2 764
84 84 1 765
84 84 2 766
85 85 1 767
85 85 2 768
86 86 1 769
86 86 2 770
87 87 1 771
87 87 2 772
88 88 1 773
88 88 2 774
89 89 1 775
89 89 2 776
90 90 1 777
90 90 2 778
91 91 1 779
91 91 2 780
92 92 1 781
92 92 2 782
93 93 1 783
93 93 2 784
94 94 1 785
94 94 2 786
95 95 1 787
95 95 2 788
96 96 1 789
96 96 2 790
97 97 1 791
97 97 2 792
98 98 1 793
98 98 2 794
98 98 3 795
98 98 4 796
98 98 5 797
99 99 1 798
99 99 2 799
100 100 1 800
101 101 1 801
101 101 2 802
102 102 1 803
102 102 2 804
103 103 1 805
103 103 2 806
104 104 1 807
104 104 2 808
105 105 1 809
105 105 2 810
106 106 1 811
106 106 2 812
107 107 1 813
107 107 2 814
108 108 1 815
109 109 1 816
109 109 2 817
110 110 1 818
110 110 2 819
111 111 1 820
111 111 2 821
112 112 1 822
112 112 2 823
113 113 1 824
113 113 2 825
114 114 1 826
114 114 2 827
115 115 1 828
115 115 2 829
116 116 1 830
116 116 2 831
117 117 1 832
117 117 2 833
118 118 1 834
118 118 2 835
119 119 1 836
119 119 2 837
120 120 1 838
121 121 1 839
121 121 2 840
122 122 1 841
122 122 2 842
123 123 1 843
123 123 2 844
124 124 1 845
124 124 2 846
125 125 1 847
125 125 2 848
126 126 1 849
126 126 2 850
127 127 1 851
127 127 2 852
128 128 1 853
128 128 2 854
129 129 1 855
129 129 2 856
130 130 1 857
130 130 2 858
131 131 1 859
131 131 2 860
132 132 1 861
132 132 2 862
133 133 1 863
133 133 2 864
134 134 1 865
134 134 2 866
135 135 1 867
135 135 2 868
136 136 1 869
136 136 2 870
137 137 1 871
137 137 2 872
138 138 1 873
138 138 2 874
139 139 1 875
139 139 2 876
140 140 1 877
140 140 2 878
140 140 3 879
141 141 1 880
141 141 2 881
142 142 1 882
142 142 2 883
142 142 3 884
142 142 4 885
142 142 5 886
143 143 1 887
143 143 2 888
143 143 3 889
143 143 4 890
143 143 5 891
144 144 1 892
144 144 2 893
144 144 3 894
144 144 4 895
144 144 5 896
145 145 1 897
145 145 2 898
145 145 3 899
145 145 4 900
145 145 5 901
146 146 1 902
147 147 1 903
147 147 2 904
148 148 1 905
148 148 2 906
149 149 1 907
149 149 2 908
150 150 1 909
150 150 2 910
151 151 1 911
151 151 2 912
152 152 1 913
152 152 2 914
153 153 1 915
153 153 2 916
154 154 1 917
154 154 2 918
155 155 1 919
155 155 2 920
156 156 1 921
156 156 2 922
157 157 1 923
157 157 2 924
158 158 1 925
158 158 2 926
159 159 1 927
159 159 2 928
160 160 1 929
160 160 2 930
161 161 1 931
161 161 2 932
162 162 1 933
162 162 2 934
163 163 1 935
164 164 1 936
165 165 1 937
165 165 2 938
166 166 1 939
167 167 1 940
167 167 2 941
168 168 1 942
168 168 2 943
169 169 1 944
169 169 2 945
170 170 1 946
170 170 2 947
171 171 1 948
171 171 2 949
172 172 1 950
172 172 2 951
173 173 1 952
173 173 2 953
174 174 1 954
174 174 2 955
175 175 1 956
175 175 2 957
176 176 1 958
176 176 2 959
177 177 1 960
177 177 2 961
178 178 1 962
178 178 2 963
179 179 1 964
179 179 2 965
180 180 1 966
180 180 2 967
181 181 1 968
181 181 2 969
182 182 1 970
182 182 2 971
183 183 1 972
183 183 2 973
183 183 3 974
183 183 4 975
183 183 5 976
183 183 6 977
184 184 1 978
184 184 2 979
184 184 3 980
184 184 4 981
184 184 5 982
184 184 6 983
184 184 7 984
184 184 8 985
184 184 9 986
185 185 1 987
185 185 2 988
185 185 3 989
185 185 4 990
185 185 5 991
185 185 6 992
185 185 7 993
186 186 1 994
186 186 2 995
187 187 1 996
187 187 2 997
188 188 1 998
188 188 2 999
189 189 1 1000
189 189 2 1001
190 190 1 1002
190 190 2 1003
191 191 1 1004
191 191 2 1005
192 192 1 1006
192 192 2 1007
193 193 1 1008
193 193 2 1009
194 194 1 1010
194 194 2 1011
195 195 1 1012
195 195 2 1013
196 196 1 1014
196 196 2 1015
197 197 1 1016
197 197 2 1017
198 198 1 1018
198 198 2 1019
199 199 1 1020
199 199 2 1021
200 200 1 1022
200 200 2 1023
201 201 1 1024
201 201 2 1025
202 202 1 1026
202 202 2 1027
203 203 1 1028
203 203 2 1029
204 204 1 1030
204 204 2 1031
205 205 1 1032
205 205 2 1033
206 206 1 1034
206 206 2 1035
207 207 1 1036
207 207 2 1037
208 208 1 1038
208 208 2 1039
209 209 1 1040
209 209 2 1041
210 210 1 1042
210 210 2 1043
211 211 1 1044
211 211 2 1045
211 211 3 1046
212 212 1 1047
212 212 2 1048
212 212 3 1049
212 212 4 1050
212 212 5 1051
213 213 1 1052
213 213 2 1053
213 213 3 1054
213 213 4 1055
213 213 5 1056
214 214 1 1057
214 214 2 1058
214 214 3 1059
214 214 4 1060
214 214 5 1061
215 215 1 1062
215 215 2 1063
215 215 3 1064
215 215 4 1065
215 215 5 1066
216 216 1 1067
216 216 2 1068
216 216 3 1069
216 216 4 1070
217 217 1 1071
217 217 2 1072
217 217 3 1073
217 217 4 1074
217 217 5 1075
218 218 1 1076
218 218 2 1077
218 218 3 1078
218 218 4 1079
218 218 5 1080
219 219 1 1081
219 219 2 1082
219 219 3 1083
219 219 4 1084
219 219 5 1085
220 220 1 1086
220 220 2 1087
220 220 3 1088
220 220 4 1089
220 220 5 1090
221 221 1 1091
221 221 2 1092
221 221 3 1093
221 221 4 1094
221 221 5 1095
222 222 1 1096
222 222 2 1097
222 222 3 1098
222 222 4 1099
222 222 5 1100
223 223 1 1101
223 223 2 1102
223 223 3 1103
223 223 4 1104
223 223 5 1105
224 224 1 1106
224 224 2 1107
225 225 1 1108
225 225 2 1109
226 226 1 1110
226 226 2 1111
227 227 1 1112
227 227 2 1113
228 228 1 1114
228 228 2 1115
229 229 1 1116
229 229 2 1117
230 230 1 1118
230 230 2 1119
231 231 1 1120
231 231 2 1121
232 232 1 1122
232 232 2 1123
233 233 1 1124
233 233 2 1125
234 234 1 1126
234 234 2 1127
235 235 1 1128
235 235 2 1129
236 236 1 1130
236 236 2 1131
237 237 1 1132
237 237 2 1133
238 238 1 1134
238 238 2 1135
239 239 1 1136
239 239 2 1137
240 240 1 1138
240 240 2 1139
241 241 1 1140
241 241 2 1141
242 242 1 1142
242 242 2 1143
243 243 1 1144
243 243 2 1145
244 244 1 1146
244 244 2 1147
245 245 1 1148
245 245 2 1149
246 246 1 1150
246 246 2 1151
247 247 1 1152
247 247 2 1153
248 248 1 1154
248 248 2 1155
248 248 3 1156
248 248 4 1157
249 249 1 1158
249 249 2 1159
250 250 1 1160
250 250 2 1161
251 251 1 1162
251 251 2 1163
252 252 1 1164
252 252 2 1165
253 253 1 1166
253 253 2 1167
254 254 1 1168
254 254 2 1169
255 255 1 1170
255 255 2 1171
256 256 1 1172
256 256 2 1173
257 257 1 1174
257 257 2 1175
258 258 1 1176
258 258 2 1177
259 259 1 1178
259 259 2 1179
260 260 1 1180
260 260 2 1181
261 261 1 1182
261 261 2 1183
262 262 1 1184
262 262 2 1185
263 263 1 1186
263 263 2 1187
264 264 1 1188
264 264 2 1189
265 265 1 1190
265 265 2 1191
266 266 1 1192
266 266 2 1193
267 267 1 1194
267 267 2 1195
268 268 1 1196
268 268 2 1197
269 269 1 1198
269 269 2 1199
270 270 1 1200
270 270 2 1201
271 271 1 1202
271 271 2 1203
272 272 1 1204
272 272 2 1205
273 273 1 1206
273 273 2 1207
274 274 1 1208
274 274 2 1209
275 275 1 1210
275 275 2 1211
276 276 1 1212
276 276 2 1213
277 277 1 1214
277 277 2 1215
278 278 1 1216
278 278 2 1217
279 279 1 1218
279 279 2 1219
280 280 1 1220
280 280 2 1221
281 281 1 1222
282 282 1 1223
282 282 2 1224
283 283 1 1225
283 283 2 1226
284 284 1 1227
284 284 2 1228
285 285 1 1229
286 286 1 1230
287 287 1 1231
287 287 2 1232
288 288 1 1233
288 288 2 1234
289 289 1 1235
289 289 2 1236
290 290 1 1237
290 290 2 1238
291 291 1 1239
291 291 2 1240
292 292 1 1241
292 292 2 1242
293 293 1 1243
293 293 2 1244
294 294 1 1245
294 294 2 1246
295 295 1 1247
295 295 2 1248
296 296 1 1249
296 296 2 1250
297 297 1 1251
297 297 2 1252
298 298 1 1253
298 298 2 1254
299 299 1 1255
299 299 2 1256
300 300 1 1257
300 300 2 1258
301 301 1 1259
301 301 2 1260
302 302 1 1261
302 302 2 1262
303 303 1 1263
303 303 2 1264
304 304 1 1265
304 304 2 1266
305 305 1 1267
305 305 2 1268
306 306 1 1269
306 306 2 1270
307 307 1 1271
307 307 2 1272
308 308 1 1273
308 308 2 1274
309 309 1 1275
309 309 2 1276
310 310 1 1277
310 310 2 1278
311 311 1 1279
311 311 2 1280
312 312 1 1281
312 312 2 1282
313 313 1 1283
313 313 2 1284
314 314 1 1285
314 314 2 1286
315 315 1 1287
316 316 1 1288
316 316 2 1289
317 317 1 1290
317 317 2 1291
318 318 1 1292
318 318 2 1293
319 319 1 1294
319 319 2 1295
320 320 1 1296
320 320 2 1297
321 321 1 1298
321 321 2 1299
322 322 1 1300
322 322 2 1301
323 323 1 1302
323 323 2 1303
324 324 1 1304
324 324 2 1305
325 325 1 1306
325 325 2 1307
326 326 1 1308
326 326 2 1309
327 327 1 1310
327 327 2 1311
328 328 1 1312
328 328 2 1313
329 329 1 1314
329 329 2 1315
330 330 1 1316
330 330 2 1317
331 331 1 1318
331 331 2 1319
332 332 1 1320
332 332 2 1321
333 333 1 1322
333 333 2 1323
334 334 1 1324
334 334 2 1325
335 335 1 1326
335 335 2 1327
336 336 1 1328
336 336 2 1329
337 337 1 1330
337 337 2 1331
338 338 1 1332
338 338 2 1333
339 339 1 1334
339 339 2 1335
340 340 1 1336
340 340 2 1337
341 341 1 1338
341 341 2 1339
342 342 1 1340
342 342 2 1341
343 343 1 1342
344 344 1 1343
344 344 2 1344
345 345 1 1345
345 345 2 1346
346 346 1 1347
346 346 2 1348
346 346 3 1349
346 346 4 1350
346 346 5 1351
347 347 1 1352
347 347 2 1353
348 348 1 1354
348 348 2 1355
349 349 1 1356
349 349 2 1357
350 350 1 1358
350 350 2 1359
351 351 1 1360
351 351 2 1361
352 352 1 1362
352 352 2 1363
353 353 1 1364
353 353 2 1365
354 354 1 1366
354 354 2 1367
355 355 1 1368
355 355 2 1369
356 356 1 1370
356 356 2 1371
357 357 1 1372
357 357 2 1373
358 358 1 1374
358 358 2 1375
359 359 1 1376
359 359 2 1377
360 360 1 1378
360 360 2 1379
361 361 1 1380
361 361 2 1381
362 362 1 1382
362 362 2 1383
363 363 1 1384
363 363 2 1385
364 364 1 1386
364 364 2 1387
365 365 1 1388
365 365 2 1389
366 366 1 1390
366 366 2 1391
367 367 1 1392
367 367 2 1393
368 368 1 1394
368 368 2 1395
369 369 1 1396
369 369 2 1397
370 370 1 1398
370 370 2 1399
371 371 1 1400
372 372 1 1401
372 372 2 1402
373 373 1 1403
373 373 2 1404
374 374 1 1405
374 374 2 1406
375 375 1 1407
375 375 2 1408
376 376 1 1409
376 376 2 1410
377 377 1 1411
377 377 2 1412
378 378 1 1413
378 378 2 1414
379 379 1 1415
379 379 2 1416
380 380 1 1417
380 380 2 1418
381 381 1 1419
381 381 2 1420
382 382 1 1421
382 382 2 1422
383 383 1 1423
383 383 2 1424
384 384 1 1425
384 384 2 1426
385 385 1 1427
385 385 2 1428
386 386 1 1429
386 386 2 1430
387 387 1 1431
387 387 2 1432
388 388 1 1433
388 388 2 1434
389 389 1 1435
389 389 2 1436
390 390 1 1437
390 390 2 1438
391 391 1 1439
391 391 2 1440
392 392 1 1441
392 392 2 1442
393 393 1 1443
393 393 2 1444
394 394 1 1445
394 394 2 1446
395 395 1 1447
395 395 2 1448
396 396 1 1449
396 396 2 1450
397 397 1 1451
397 397 2 1452
398 398 1 1453
398 398 2 1454
399 399 1 1455
399 399 2 1456
400 400 1 1457
400 400 2 1458
401 401 1 1459
401 401 2 1460
402 402 1 1461
402 402 2 1462
403 403 1 1463
403 403 2 1464
404 404 1 1465
405 405 1 1466
405 405 2 1467
406 406 1 1468
406 406 2 1469
407 407 1 1470
407 407 2 1471
408 408 1 1472
408 408 2 1473
409 409 1 1474
409 409 2 1475
410 410 1 1476
410 410 2 1477
411 411 1 1478
411 411 2 1479
412 412 1 1480
412 412 2 1481
413 413 1 1482
413 413 2 1483
414 414 1 1484
414 414 2 1485
415 415 1 1486
416 416 1 1487
416 416 2 1488
417 417 1 1489
417 417 2 1490
418 418 1 1491
418 418 2 1492
419 419 1 1493
419 419 2 1494
420 420 1 1495
420 420 2 1496
421 421 1 1497
421 421 2 1498
422 422 1 1499
422 422 2 1500
423 423 1 1501
423 423 2 1502
424 424 1 1503
424 424 2 1504
425 425 1 1505
425 425 2 1506
426 426 1 1507
426 426 2 1508
427 427 1 1509
428 428 1 1510
428 428 2 1511
429 429 1 1512
429 429 2 1513
430 430 1 1514
430 430 2 1515
431 431 1 1516
431 431 2 1517
432 432 1 1518
432 432 2 1519
433 433 1 1520
433 433 2 1521
434 434 1 1522
434 434 2 1523
435 435 1 1524
435 435 2 1525
436 436 1 1526
436 436 2 1527
437 437 1 1528
438 438 1 1529
438 438 2 1530
439 439 1 1531
439 439 2 1532
440 440 1 1533
440 440 2 1534
441 441 1 1535
441 441 2 1536
442 442 1 1537
442 442 2 1538
443 443 1 1539
443 443 2 1540
444 444 1 1541
444 444 2 1542
445 445 1 1543
445 445 2 1544
446 446 1 1545
446 446 2 1546
447 447 1 1547
447 447 2 1548
448 448 1 1549
448 448 2 1550
449 449 1 1551
449 449 2 1552
450 450 1 1553
450 450 2 1554
451 451 1 1555
451 451 2 1556
452 452 1 1557
452 452 2 1558
453 453 1 1559
453 453 2 1560
454 454 1 1561
454 454 2 1562
455 455 1 1563
455 455 2 1564
456 456 1 1565
456 456 2 1566
457 457 1 1567
457 457 2 1568
458 458 1 1569
458 458 2 1570
459 459 1 1571
459 459 2 1572
460 460 1 1573
460 460 2 1574
461 461 1 1575
461 461 2 1576
462 462 1 1577
462 462 2 1578
463 463 1 1579
463 463 2 1580
464 464 1 1581
464 464 2 1582
465 465 1 1583
465 465 2 1584
466 466 1 1585
466 466 2 1586
467 467 1 1587
467 467 2 1588
468 468 1 1589
468 468 2 1590
469 469 1 1591
469 469 2 1592
470 470 1 1593
470 470 2 1594
471 471 1 1595
471 471 2 1596
472 472 1 1597
472 472 2 1598
473 473 1 1599
473 473 2 1600
474 474 1 1601
474 474 2 1602
475 475 1 1603
475 475 2 1604
476 476 1 1605
476 476 2 1606
477 477 1 1607
477 477 2 1608
478 478 1 1609
478 478 2 1610
479 479 1 1611
479 479 2 1612
480 480 1 1613
480 480 2 1614
481 481 1 1615
481 481 2 1616
482 482 1 1617
482 482 2 1618
483 483 1 1619
483 483 2 1620
484 484 1 1621
484 484 2 1622
485 485 1 1623
485 485 2 1624
486 486 1 1625
486 486 2 1626
487 487 1 1627
487 487 2 1628
488 488 1 1629
488 488 2 1630
489 489 1 1631
489 489 2 1632
490 490 1 1633
490 490 2 1634
491 491 1 1635
491 491 2 1636
492 492 1 1637
492 492 2 1638
493 493 1 1639
493 493 2 1640
494 494 1 1641
494 494 2 1642
495 495 1 1643
495 495 2 1644
496 496 1 1645
496 496 2 1646
497 497 1 1647
497 497 2 1648
498 498 1 1649
498 498 2 1650
499 499 1 1651
499 499 2 1652
500 500 1 1653
500 500 2 1654
501 501 1 1655
501 501 2 1656
502 502 1 1657
502 502 2 1658
503 503 1 1659
503 503 2 1660
504 504 1 1661
504 504 2 1662
505 505 1 1663
505 505 2 1664
506 506 1 1665
506 506 2 1666
507 507 1 1667
507 507 2 1668
508 508 1 1669
508 508 2 1670
509 509 1 1671
509 509 2 1672
510 510 1 1673
510 510 2 1674
511 511 1 1675
511 511 2 1676
512 512 1 1677
512 512 2 1678
513 513 1 1679
513 513 2 1680
514 514 1 1681
514 514 2 1682
515 515 1 1683
515 515 2 1684
516 516 1 1685
516 516 2 1686
517 517 1 1687
518 518 1 1688
518 518 2 1689
519 519 1 1690
519 519 2 1691
520 520 1 1692
520 520 2 1693
521 521 1 1694
521 521 2 1695
522 522 1 1696
522 522 2 1697
523 523 1 1698
523 523 2 1699
524 524 1 1700
524 524 2 1701
525 525 1 1702
525 525 2 1703
526 526 1 1704
526 526 2 1705
527 527 1 1706
528 528 1 1707
528 528 2 1708
529 529 1 1709
529 529 2 1710
530 530 1 1711
530 530 2 1712
531 531 1 1713
531 531 2 1714
532 532 1 1715
532 532 2 1716
533 533 1 1717
533 533 2 1718
534 534 1 1719
534 534 2 1720
535 535 1 1721
535 535 2 1722
536 536 1 1723
536 536 2 1724
537 537 1 1725
537 537 2 1726
538 538 1 1727
538 538 2 1728
539 539 1 1729
539 539 2 1730
540 540 1 1731
540 540 2 1732
541 541 1 1733
541 541 2 1734
542 542 1 1735
542 542 2 1736
543 543 1 1737
543 543 2 1738
544 544 1 1739
544 544 2 1740
545 545 1 1741
545 545 2 1742
546 546 1 1743
546 546 2 1744
547 547 1 1745
547 547 2 1746
548 548 1 1747
548 548 2 1748
549 549 1 1749
549 549 2 1750
550 550 1 1751
550 550 2 1752
551 551 1 1753
551 551 2 1754
552 552 1 1755
552 552 2 1756
553 553 1 1757
553 553 2 1758
554 554 1 1759
554 554 2 1760
555 555 1 1761
555 555 2 1762
556 556 1 1763
556 556 2 1764
557 557 1 1765
557 557 2 1766
558 558 1 1767
558 558 2 1768
559 559 1 1769
560 560 1 1770
560 560 2 1771
561 561 1 1772
561 561 2 1773
562 562 1 1774
562 562 2 1775
563 563 1 1776
563 563 2 1777
564 564 1 1778
564 564 2 1779
565 565 1 1780
565 565 2 1781
566 566 1 1782
567 567 1 1783
567 567 2 1784
568 568 1 1785
569 569 1 1786
569 569 2 1787
570 570 1 1788
570 570 2 1789
571 571 1 1790
571 571 2 1791
572 572 1 1792
572 572 2 1793
573 573 1 1794
573 573 2 1795
574 574 1 1796
574 574 2 1797
575 575 1 1798
575 575 2 1799
576 576 1 1800
576 576 2 1801
577 577 1 1802
577 577 2 1803
578 578 1 1804
578 578 2 1805
579 579 1 1806
579 579 2 1807
580 580 1 1808
580 580 2 1809
581 581 1 1810
581 581 2 1811
582 582 1 1812
582 582 2 1813
583 583 1 1814
583 583 2 1815
584 584 1 1816
584 584 2 1817
585 585 1 1818
586 586 1 1819
586 586 2 1820
587 587 1 1821
587 587 2 1822
588 588 1 1823
588 588 2 1824
589 589 1 1825
589 589 2 1826
590 590 1 1827
590 590 2 1828
591 591 1 1829
591 591 2 1830
592 592 1 1831
592 592 2 1832
593 593 1 1833
593 593 2 1834
594 594 1 1835
594 594 2 1836
595 595 1 1837
595 595 2 1838
596 596 1 1839
596 596 2 1840
597 597 1 1841
597 597 2 1842
598 598 1 1843
598 598 2 1844
599 599 1 1845
599 599 2 1846
600 600 1 1847
601 601 1 1848
601 601 2 1849
602 602 1 1850
603 603 1 1851
603 603 2 1852
604 604 1 1853
604 604 2 1854
605 605 1 1855
605 605 2 1856
606 606 1 1857
606 606 2 1858
607 607 1 1859
607 607 2 1860
608 608 1 1861
608 608 2 1862
609 609 1 1863
609 609 2 1864
610 610 1 1865
610 610 2 1866
611 611 1 1867
611 611 2 1868
612 612 1 1869
612 612 2 1870
613 613 1 1871
613 613 2 1872
614 614 1 1873
614 614 2 1874
615 615 1 1875
615 615 2 1876
616 616 1 1877
617 617 1 1878
617 617 2 1879
618 618 1 1880
618 618 2 1881
619 619 1 1882
619 619 2 1883
620 620 1 1884
620 620 2 1885
621 621 1 1886
621 621 2 1887
622 622 1 1888
622 622 2 1889
623 623 1 1890
623 623 2 1891
624 624 1 1892
624 624 2 1893
625 625 1 1894
625 625 2 1895
626 626 1 1896
627 627 1 1897
628 628 1 1898
628 628 2 1899
628 628 3 1900
629 629 1 1901
629 629 2 1902
629 629 3 1903
630 630 1 1904
630 630 2 1905
630 630 3 1906
630 630 4 1907
631 631 1 1908
631 631 2 1909
631 631 3 1910
631 631 4 1911
631 631 5 1912
632 632 1 1913
632 632 2 1914
632 632 3 1915
632 632 4 1916
633 633 1 1917
633 633 2 1918
633 633 3 1919
633 633 4 1920
634 634 1 1921
635 635 1 1922
636 636 1 1923
636 636 2 1924
636 636 3 1925
637 637 1 1926
637 637 2 1927
638 638 1 1928
639 639 1 1929
640 640 1 1930
640 640 2 1931
641 641 1 1932
641 641 2 1933
642 642 1 1934
642 642 2 1935
643 643 1 1936
643 643 2 1937
644 644 1 1938
644 644 2 1939
645 645 1 1940
645 645 2 1941
646 646 1 1942
646 646 2 1943
647 647 1 1944
647 647 2 1945
648 648 1 1946
648 648 2 1947
649 649 1 1948
649 649 2 1949
650 650 1 1950
650 650 2 1951
651 651 1 1952
651 651 2 1953
652 652 1 1954
652 652 2 1955
653 653 1 1956
653 653 2 1957
654 654 1 1958
654 654 2 1959
655 655 1 1960
655 655 2 1961
656 656 1 1962
656 656 2 1963
657 657 1 1964
657 657 2 1965
658 658 1 1966
658 658 2 1967
659 659 1 1968
659 659 2 1969
660 660 1 1970
660 660 2 1971
661 661 1 1972
661 661 2 1973
662 662 1 1974
662 662 2 1975
663 663 1 1976
663 663 2 1977
664 664 1 1978
664 664 2 1979
665 665 1 1980
666 666 1 1981
666 666 2 1982
667 667 1 1983
667 667 2 1984
668 668 1 1985
668 668 2 1986
669 669 1 1987
669 669 2 1988
670 670 1 1989
670 670 2 1990
670 670 3 1991
670 670 4 1992
670 670 5 1993
671 671 1 1994
671 671 2 1995
671 671 3 1996
672 672 1 1997
672 672 2 1998
673 673 1 1999
673 673 2 2000
673 673 3 2001
673 673 4 2002
674 674 1 2003
674 674 2 2004
674 674 3 2005
674 674 4 2006
674 674 5 2007
675 675 1 2008
675 675 2 2009
676 676 1 2010
677 677 1 2011
677 677 2 2012
677 677 3 2013
677 677 4 2014
677 677 5 2015
678 678 1 2016
678 678 2 2017
678 678 3 2018
678 678 4 2019
679 679 1 2020
679 679 2 2021
679 679 3 2022
679 679 4 2023
679 679 5 2024
679 679 6 2025
679 679 7 2026
680 680 1 2027
680 680 2 2028
680 680 3 2029
681 681 1 2030
681 681 2 2031
682 682 1 2032
683 683 1 2033
683 683 2 2034
684 684 1 2035
684 684 2 2036
685 685 1 2037
685 685 2 2038
686 686 1 2039
686 686 2 2040
687 687 1 2041
687 687 2 2042
688 688 1 2043
688 688 2 2044
689 689 1 2045
689 689 2 2046
690 690 1 2047
690 690 2 2048
691 691 1 2049
691 691 2 2050
692 692 1 2051
693 693 1 2052
693 693 2 2053
694 694 1 2054
694 694 2 2055
695 695 1 2056
695 695 2 2057
696 696 1 2058
696 696 2 2059
697 697 1 2060
697 697 2 2061
698 698 1 2062
698 698 2 2063
699 699 1 2064
699 699 2 2065
700 700 1 2066
700 700 2 2067
701 701 1 2068
701 701 2 2069
702 702 1 2070
703 703 1 2071
703 703 2 2072
704 704 1 2073
704 704 2 2074
705 705 1 2075
705 705 2 2076
706 706 1 2077
706 706 2 2078
707 707 1 2079
707 707 2 2080
708 708 1 2081
708 708 2 2082
709 709 1 2083
709 709 2 2084
710 710 1 2085
710 710 2 2086
711 711 1 2087
712 712 1 2088
712 712 2 2089
713 713 1 2090
713 713 2 2091
714 714 1 2092
714 714 2 2093
715 715 1 2094
715 715 2 2095
716 716 1 2096
716 716 2 2097
717 717 1 2098
717 717 2 2099
718 718 1 2100
718 718 2 2101
719 719 1 2102
719 719 2 2103
720 720 1 2104
720 720 2 2105
721 721 1 2106
721 721 2 2107
722 722 1 2108
722 722 2 2109
722 722 3 2110
723 723 1 2111
723 723 2 2112
723 723 3 2113
724 724 1 2114
724 724 2 2115
724 724 3 2116
725 725 1 2117
725 725 2 2118
725 725 3 2119
726 726 1 2120
726 726 2 2121
726 726 3 2122
727 727 1 2123
727 727 2 2124
727 727 3 2125
728 728 1 2126
728 728 2 2127
728 728 3 2128
729 729 1 2129
729 729 2 2130
730 730 1 2131
730 730 2 2132
731 731 1 2133
731 731 2 2134
732 732 1 2135
732 732 2 2136
733 733 1 2137
733 733 2 2138
734 734 1 2139
734 734 2 2140
735 735 1 2141
735 735 2 2142
735 735 3 2143
735 735 4 2144
736 736 1 2145
737 737 1 2146
737 737 2 2147
738 738 1 2148
738 738 2 2149
739 739 1 2150
739 739 2 2151
740 740 1 2152
740 740 2 2153
741 741 1 2154
741 741 2 2155
742 742 1 2156
742 742 2 2157
743 743 1 2158
743 743 2 2159
744 744 1 2160
744 744 2 2161
745 745 1 2162
745 745 2 2163
746 746 1 2164
746 746 2 2165
747 747 1 2166
747 747 2 2167
748 748 1 2168
748 748 2 2169
749 749 1 2170
749 749 2 2171
750 750 1 2172
750 750 2 2173
751 751 1 2174
751 751 2 2175
752 752 1 2176
752 752 2 2177
753 753 1 2178
753 753 2 2179
754 754 1 2180
754 754 2 2181
755 755 1 2182
755 755 2 2183
756 756 1 2184
756 756 2 2185
757 757 1 2186
757 757 2 2187
758 758 1 2188
758 758 2 2189
759 759 1 2190
759 759 2 2191
760 760 1 2192
760 760 2 2193
761 761 1 2194
761 761 2 2195
762 762 1 2196
762 762 2 2197
763 763 1 2198
763 763 2 2199
764 764 1 2200
764 764 2 2201
765 765 1 2202
765 765 2 2203
766 766 1 2204
766 766 2 2205
767 767 1 2206
767 767 2 2207
768 768 1 2208
768 768 2 2209
769 769 1 2210
769 769 2 2211
770 770 1 2212
771 771 1 2213
771 771 2 2214
772 772 1 2215
773 773 1 2216
774 774 1 2217
775 775 1 2218
775 775 2 2219
776 776 1 2220
776 776 2 2221
777 777 1 2222
777 777 2 2223
777 777 3 2224
778 778 1 2225
778 778 2 2226
779 779 1 2227
779 779 2 2228
780 780 1 2229
781 781 1 2230
782 782 1 2231
782 782 2 2232
783 783 1 2233
783 783 2 2234
784 784 1 2235
784 784 2 2236
785 785 1 2237
785 785 2 2238
786 786 1 2239
786 786 2 2240
787 787 1 2241
787 787 2 2242
788 788 1 2243
788 788 2 2244
789 789 1 2245
789 789 2 2246
790 790 1 2247
790 790 2 2248
791 791 1 2249
791 791 2 2250
792 792 1 2251
792 792 2 2252
793 793 1 2253
793 793 2 2254
794 794 1 2255
794 794 2 2256
795 795 1 2257
795 795 2 2258
796 796 1 2259
796 796 2 2260
797 797 1 2261
797 797 2 2262
798 798 1 2263
798 798 2 2264
799 799 1 2265
799 799 2 2266
800 800 1 2267
800 800 2 2268
801 801 1 2269
801 801 2 2270
802 802 1 2271
802 802 2 2272
803 803 1 2273
803 803 2 2274
804 804 1 2275
804 804 2 2276
805 805 1 2277
805 805 2 2278
806 806 1 2279
806 806 2 2280
807 807 1 2281
807 807 2 2282
808 808 1 2283
808 808 2 2284
809 809 1 2285
809 809 2 2286
810 810 1 2287
810 810 2 2288
811 811 1 2289
811 811 2 2290
812 812 1 2291
812 812 2 2292
812 812 3 2293
812 812 4 2294
812 812 5 2295
812 812 6 2296
813 813 1 2297
813 813 2 2298
814 814 1 2299
814 814 2 2300
815 815 1 2301
815 815 2 2302
816 816 1 2303
816 816 2 2304
817 817 1 2305
817 817 2 2306
818 818 1 2307
819 819 1 2308
819 819 2 2309
820 820 1 2310
820 820 2 2311
821 821 1 2312
821 821 2 2313
822 822 1 2314
822 822 2 2315
823 823 1 2316
823 823 2 2317
824 824 1 2318
824 824 2 2319
825 825 1 2320
825 825 2 2321
826 826 1 2322
826 826 2 2323
827 827 1 2324
827 827 2 2325
828 828 1 2326
828 828 2 2327
829 829 1 2328
829 829 2 2329
830 830 1 2330
830 830 2 2331
831 831 1 2332
831 831 2 2333
832 832 1 2334
832 832 2 2335
833 833 1 2336
833 833 2 2337
834 834 1 2338
834 834 2 2339
835 835 1 2340
835 835 2 2341
836 836 1 2342
836 836 2 2343
837 837 1 2344
837 837 2 2345
838 838 1 2346
838 838 2 2347
839 839 1 2348
839 839 2 2349
840 840 1 2350
840 840 2 2351
841 841 1 2352
841 841 2 2353
842 842 1 2354
842 842 2 2355
843 843 1 2356
843 843 2 2357
843 843 3 2358
843 843 4 2359
843 843 5 2360
844 844 1 2361
844 844 2 2362
844 844 3 2363
844 844 4 2364
844 844 5 2365
845 845 1 2366
845 845 2 2367
845 845 3 2368
845 845 4 2369
845 845 5 2370
846 846 1 2371
846 846 2 2372
846 846 3 2373
846 846 4 2374
846 846 5 2375
847 847 1 2376
847 847 2 2377
847 847 3 2378
847 847 4 2379
847 847 5 2380
848 848 1 2381
848 848 2 2382
848 848 3 2383
848 848 4 2384
848 848 5 2385
849 849 1 2386
849 849 2 2387
849 849 3 2388
849 849 4 2389
849 849 5 2390
850 850 1 2391
850 850 2 2392
850 850 3 2393
850 850 4 2394
850 850 5 2395
851 851 1 2396
851 851 2 2397
852 852 1 2398
853 853 1 2399
854 854 1 2400
854 854 2 2401
854 854 3 2402
855 855 1 2403
856 856 1 2404
856 856 2 2405
856 856 3 2406
856 856 4 2407
856 856 5 2408
856 856 6 2409
856 856 7 2410
857 857 1 2411
857 857 2 2412
857 857 3 2413
857 857 4 2414
857 857 5 2415
858 858 1 2416
858 858 2 2417
858 858 3 2418
858 858 4 2419
859 859 1 2420
860 860 1 2421
860 860 2 2422
860 860 3 2423
860 860 4 2424
861 861 1 2425
861 861 2 2426
862 862 1 2427
862 862 2 2428
863 863 1 2429
863 863 2 2430
864 864 1 2431
864 864 2 2432
865 865 1 2433
865 865 2 2434
866 866 1 2435
866 866 2 2436
867 867 1 2437
867 867 2 2438
868 868 1 2439
868 868 2 2440
869 869 1 2441
869 869 2 2442
870 870 1 2443
870 870 2 2444
871 871 1 2445
871 871 2 2446
872 872 1 2447
872 872 2 2448
873 873 1 2449
873 873 2 2450
874 874 1 2451
874 874 2 2452
875 875 1 2453
875 875 2 2454
876 876 1 2455
876 876 2 2456
877 877 1 2457
877 877 2 2458
878 878 1 2459
878 878 2 2460
879 879 1 2461
879 879 2 2462
880 880 1 2463
880 880 2 2464
881 881 1 2465
881 881 2 2466
882 882 1 2467
882 882 2 2468
883 883 1 2469
883 883 2 2470
884 884 1 2471
884 884 2 2472
885 885 1 2473
885 885 2 2474
886 886 1 2475
886 886 2 2476
887 887 1 2477
887 887 2 2478
888 888 1 2479
888 888 2 2480
889 889 1 2481
889 889 2 2482
890 890 1 2483
890 890 2 2484
891 891 1 2485
891 891 2 2486
892 892 1 2487
892 892 2 2488
893 893 1 2489
893 893 2 2490
894 894 1 2491
894 894 2 2492
895 895 1 2493
895 895 2 2494
896 896 1 2495
896 896 2 2496
897 897 1 2497
897 897 2 2498
898 898 1 2499
898 898 2 2500
899 899 1 2501
899 899 2 2502
900 900 1 2503
900 900 2 2504
901 901 1 2505
901 901 2 2506
902 902 1 2507
902 902 2 2508
903 903 1 2509
903 903 2 2510
904 904 1 2511
904 904 2 2512
905 905 1 2513
905 905 2 2514
906 906 1 2515
906 906 2 2516
907 907 1 2517
907 907 2 2518
908 908 1 2519
908 908 2 2520
909 909 1 2521
910 910 1 2522
911 911 1 2523
912 912 1 2524
912 912 2 2525
913 913 1 2526
913 913 2 2527
914 914 1 2528
914 914 2 2529
915 915 1 2530
915 915 2 2531
916 916 1 2532
916 916 2 2533
917 917 1 2534
917 917 2 2535
918 918 1 2536
918 918 2 2537
919 919 1 2538
919 919 2 2539
920 920 1 2540
920 920 2 2541
921 921 1 2542
921 921 2 2543
922 922 1 2544
922 922 2 2545
923 923 1 2546
923 923 2 2547
924 924 1 2548
924 924 2 2549
925 925 1 2550
925 925 2 2551
926 926 1 2552
926 926 2 2553
927 927 1 2554
927 927 2 2555
928 928 1 2556
928 928 2 2557
929 929 1 2558
929 929 2 2559
930 930 1 2560
930 930 2 2561
931 931 1 2562
931 931 2 2563
931 931 3 2564
932 932 1 2565
932 932 2 2566
932 932 3 2567
933 933 1 2568
933 933 2 2569
933 933 3 2570
934 934 1 2571
934 934 2 2572
934 934 3 2573
935 935 1 2574
935 935 2 2575
935 935 3 2576
936 936 1 2577
936 936 2 2578
936 936 3 2579
937 937 1 2580
937 937 2 2581
937 937 3 2582
938 938 1 2583
938 938 2 2584
938 938 3 2585
939 939 1 2586
939 939 2 2587
939 939 3 2588
940 940 1 2589
940 940 2 2590
940 940 3 2591
941 941 1 2592
Done age bootstrap part
Done next bootstrap part
Bootstrap length records: 172023 143054
